#            date       tau255        Tb[K]      pwv[mm] lwp[kg*m^-2] iwp[kg*m^-2]       o3[DU]
20260330_00:00:00   3.5613e-01   8.8092e+01   3.3650e+01   1.3365e-07   3.4884e-05   2.8611e+02
20260330_01:00:00   3.5867e-01   8.8596e+01   3.3724e+01   2.0025e-04   7.1140e-07   2.8562e+02
20260330_02:00:00   3.5657e-01   8.8188e+01   3.3442e+01   5.3050e-07   0.0000e+00   2.8612e+02
20260330_03:00:00   3.5986e-01   8.8796e+01   3.3913e+01   3.2540e-04   0.0000e+00   2.8642e+02
20260330_04:00:00   3.6818e-01   9.0347e+01   3.5099e+01   7.8850e-06   0.0000e+00   2.8700e+02
20260330_05:00:00   3.8031e-01   9.2590e+01   3.6720e+01   1.2307e-04   0.0000e+00   2.8790e+02
20260330_06:00:00   3.8690e-01   9.3789e+01   3.7515e+01   5.1172e-04   0.0000e+00   2.8783e+02
20260330_07:00:00   3.8659e-01   9.3676e+01   3.7709e+01   4.3146e-04   0.0000e+00   2.8835e+02
20260330_08:00:00   3.8640e-01   9.3626e+01   3.7718e+01   3.1670e-04   1.3366e-06   2.9033e+02
20260330_09:00:00   3.8626e-01   9.3606e+01   3.7707e+01   7.8250e-06   0.0000e+00   2.9085e+02
20260330_10:00:00   3.8837e-01   9.4024e+01   3.7799e+01   5.8850e-05   0.0000e+00   2.9199e+02
20260330_11:00:00   3.9085e-01   9.4522e+01   3.8000e+01   2.5843e-04   0.0000e+00   2.9186e+02
20260330_12:00:00   3.9624e-01   9.5550e+01   3.8597e+01   9.9520e-07   0.0000e+00   2.9203e+02
20260330_13:00:00   3.9733e-01   9.5804e+01   3.8687e+01   3.9930e-05   0.0000e+00   2.9265e+02
20260330_14:00:00   4.0178e-01   9.6674e+01   3.9212e+01   0.0000e+00   0.0000e+00   2.9169e+02
20260330_15:00:00   4.0062e-01   9.6476e+01   3.9179e+01   0.0000e+00   0.0000e+00   2.8989e+02
20260330_16:00:00   4.0704e-01   9.7658e+01   3.9919e+01   0.0000e+00   0.0000e+00   2.8951e+02
20260330_17:00:00   4.1008e-01   9.8229e+01   4.0244e+01   0.0000e+00   0.0000e+00   2.8900e+02
20260330_18:00:00   4.1222e-01   9.8610e+01   4.0523e+01   2.3098e-04   0.0000e+00   2.8758e+02
20260330_19:00:00   4.0327e-01   9.6947e+01   3.9706e+01   1.3263e-07   0.0000e+00   2.8421e+02
20260330_20:00:00   3.9634e-01   9.5685e+01   3.8975e+01   5.2160e-05   0.0000e+00   2.8440e+02
20260330_21:00:00   3.9750e-01   9.5911e+01   3.9006e+01   0.0000e+00   0.0000e+00   2.8332e+02
20260330_22:00:00   3.9258e-01   9.5004e+01   3.8457e+01   2.6522e-07   0.0000e+00   2.8193e+02
20260330_23:00:00   3.9037e-01   9.4626e+01   3.7973e+01   0.0000e+00   0.0000e+00   2.8259e+02
20260331_00:00:00   3.8842e-01   9.4320e+01   3.7445e+01   5.5090e-06   0.0000e+00   2.8404e+02
20260331_01:00:00   3.9279e-01   9.5127e+01   3.7713e+01   9.2840e-07   0.0000e+00   2.8437e+02
20260331_02:00:00   3.9483e-01   9.5491e+01   3.7819e+01   7.5580e-05   0.0000e+00   2.8395e+02
20260331_03:00:00   3.9452e-01   9.5438e+01   3.7542e+01   2.6892e-04   0.0000e+00   2.8351e+02
20260331_04:00:00   3.9298e-01   9.5147e+01   3.7179e+01   7.0590e-04   0.0000e+00   2.8117e+02
20260331_05:00:00   3.9390e-01   9.5306e+01   3.7169e+01   3.2860e-04   0.0000e+00   2.8013e+02
20260331_06:00:00   3.9986e-01   9.6381e+01   3.7949e+01   1.7144e-04   0.0000e+00   2.7874e+02
20260331_07:00:00   4.0801e-01   9.7785e+01   3.7441e+01   1.6150e-02   0.0000e+00   2.7804e+02
20260331_08:00:00   3.8211e-01   9.3038e+01   3.6064e+01   0.0000e+00   0.0000e+00   2.7723e+02
20260331_09:00:00   3.7494e-01   9.1715e+01   3.5043e+01   0.0000e+00   0.0000e+00   2.7740e+02
20260331_10:00:00   3.4677e-01   8.6177e+01   3.2175e+01   0.0000e+00   6.7380e-04   2.7970e+02
20260331_11:00:00   3.2511e-01   8.1859e+01   2.9473e+01   0.0000e+00   1.9940e-03   2.8133e+02
20260331_12:00:00   3.2012e-01   8.0955e+01   2.8295e+01   2.4765e-05   0.0000e+00   2.8356e+02
20260331_13:00:00   3.2687e-01   8.2400e+01   2.8711e+01   0.0000e+00   0.0000e+00   2.8491e+02
20260331_14:00:00   3.4799e-01   8.6677e+01   3.1009e+01   5.5584e-04   0.0000e+00   2.8627e+02
20260331_15:00:00   3.5774e-01   8.8595e+01   3.2228e+01   1.6088e-03   0.0000e+00   2.8607e+02
20260331_16:00:00   3.4423e-01   8.5935e+01   3.0997e+01   0.0000e+00   0.0000e+00   2.8574e+02
20260331_17:00:00   3.5741e-01   8.8576e+01   3.2397e+01   1.3263e-07   0.0000e+00   2.8543e+02
20260331_18:00:00   3.7108e-01   9.1178e+01   3.4342e+01   0.0000e+00   0.0000e+00   2.8444e+02
20260331_19:00:00   3.5023e-01   8.7021e+01   3.2628e+01   0.0000e+00   0.0000e+00   2.8311e+02
20260331_20:00:00   3.4635e-01   8.6250e+01   3.2130e+01   0.0000e+00   0.0000e+00   2.8308e+02
20260331_21:00:00   3.6911e-01   9.0695e+01   3.4658e+01   1.0731e-04   0.0000e+00   2.8332e+02
20260331_22:00:00   3.8438e-01   9.3550e+01   3.6699e+01   5.2790e-06   0.0000e+00   2.8263e+02
20260331_23:00:00   3.7957e-01   9.2541e+01   3.6747e+01   0.0000e+00   0.0000e+00   2.8206e+02
20260401_00:00:00   3.5548e-01   8.7786e+01   3.4660e+01   0.0000e+00   0.0000e+00   2.8261e+02
20260401_01:00:00   3.4138e-01   8.4965e+01   3.3132e+01   0.0000e+00   0.0000e+00   2.8365e+02
20260401_02:00:00   3.3908e-01   8.4479e+01   3.2781e+01   0.0000e+00   0.0000e+00   2.8312e+02
20260401_03:00:00   3.5326e-01   8.7397e+01   3.3812e+01   5.4870e-06   0.0000e+00   2.8249e+02
20260401_04:00:00   3.8866e-01   9.4292e+01   3.7101e+01   4.2630e-04   0.0000e+00   2.8260e+02
20260401_05:00:00   3.9386e-01   9.5214e+01   3.7848e+01   0.0000e+00   0.0000e+00   2.8151e+02
20260401_06:00:00   3.8717e-01   9.3969e+01   3.7146e+01   0.0000e+00   0.0000e+00   2.8117e+02
20260401_07:00:00   3.8200e-01   9.3021e+01   3.6379e+01   7.1070e-06   0.0000e+00   2.8114e+02
20260401_08:00:00   3.8020e-01   9.2662e+01   3.6192e+01   9.3560e-07   0.0000e+00   2.8111e+02
20260401_09:00:00   3.8165e-01   9.2897e+01   3.6616e+01   2.4958e-06   0.0000e+00   2.8038e+02
20260401_10:00:00   3.8824e-01   9.4203e+01   3.7182e+01   0.0000e+00   0.0000e+00   2.8023e+02
20260401_11:00:00   3.9135e-01   9.4831e+01   3.7422e+01   0.0000e+00   0.0000e+00   2.8068e+02
20260401_12:00:00   3.9436e-01   9.5404e+01   3.7804e+01   0.0000e+00   0.0000e+00   2.8149e+02
20260401_13:00:00   3.9778e-01   9.6036e+01   3.8161e+01   2.4958e-06   0.0000e+00   2.8258e+02
20260401_14:00:00   4.0304e-01   9.7042e+01   3.8640e+01   7.7110e-04   0.0000e+00   2.8334e+02
20260401_15:00:00   4.0078e-01   9.6664e+01   3.8389e+01   2.2963e-04   0.0000e+00   2.8524e+02
20260401_16:00:00   3.9552e-01   9.5733e+01   3.7794e+01   2.8696e-04   0.0000e+00   2.8560e+02
20260401_17:00:00   3.9193e-01   9.5074e+01   3.7458e+01   0.0000e+00   0.0000e+00   2.8534e+02
20260401_18:00:00   3.8981e-01   9.4700e+01   3.7128e+01   0.0000e+00   0.0000e+00   2.8428e+02
20260401_19:00:00   3.8786e-01   9.4338e+01   3.6909e+01   3.4940e-05   0.0000e+00   2.8348e+02
20260401_20:00:00   3.9045e-01   9.4825e+01   3.7182e+01   9.2340e-05   0.0000e+00   2.8291e+02
20260401_21:00:00   3.9448e-01   9.5545e+01   3.7741e+01   0.0000e+00   1.7820e-07   2.8257e+02
20260401_22:00:00   3.9904e-01   9.6352e+01   3.8262e+01   0.0000e+00   2.7580e-04   2.8268e+02
20260401_23:00:00   3.9809e-01   9.6187e+01   3.8078e+01   3.6320e-05   4.4540e-05   2.8204e+02
20260402_00:00:00   4.0284e-01   9.7029e+01   3.8601e+01   3.0120e-05   2.9320e-04   2.8191e+02
20260402_01:00:00   3.9924e-01   9.6369e+01   3.8284e+01   0.0000e+00   1.6224e-05   2.8087e+02
20260402_02:00:00   3.9541e-01   9.5648e+01   3.8025e+01   0.0000e+00   5.3180e-07   2.7962e+02
20260402_03:00:00   3.9435e-01   9.5440e+01   3.7933e+01   0.0000e+00   1.6678e-04   2.7825e+02
20260402_04:00:00   3.9751e-01   9.5996e+01   3.8292e+01   0.0000e+00   2.6740e-07   2.7792e+02
20260402_05:00:00   4.0133e-01   9.6643e+01   3.8821e+01   2.4958e-06   8.0180e-06   2.7744e+02
20260402_06:00:00   4.0259e-01   9.6817e+01   3.9058e+01   5.7390e-05   2.2600e-04   2.7829e+02
20260402_07:00:00   3.9996e-01   9.6320e+01   3.8836e+01   2.4958e-06   3.6820e-04   2.7868e+02
20260402_08:00:00   3.9841e-01   9.6011e+01   3.8734e+01   2.2424e-05   4.4260e-05   2.7914e+02
20260402_09:00:00   3.9562e-01   9.5491e+01   3.8578e+01   0.0000e+00   8.0065e-05   2.7873e+02
20260402_10:00:00   4.0160e-01   9.6592e+01   3.9205e+01   0.0000e+00   3.3900e-04   2.7983e+02
20260402_11:00:00   4.0145e-01   9.6595e+01   3.9152e+01   2.6730e-04   5.9100e-05   2.7940e+02
20260402_12:00:00   4.0546e-01   9.7367e+01   3.9519e+01   2.2457e-05   5.6620e-06   2.8030e+02
20260402_13:00:00   4.1642e-01   9.9362e+01   4.0657e+01   3.7680e-04   9.3880e-06   2.8134e+02
20260402_14:00:00   4.1285e-01   9.8811e+01   4.0033e+01   3.5100e-03   0.0000e+00   2.8168e+02
20260402_15:00:00   4.1713e-01   9.9563e+01   4.0836e+01   3.8290e-04   3.0180e-06   2.8097e+02
20260402_16:00:00   4.1807e-01   9.9745e+01   4.1122e+01   8.9840e-05   0.0000e+00   2.7980e+02
20260402_17:00:00   4.1249e-01   9.8754e+01   4.0663e+01   1.2228e-04   9.8300e-04   2.8033e+02
20260402_18:00:00   4.1250e-01   9.8777e+01   4.0564e+01   1.1289e-03   2.5600e-03   2.8075e+02
20260402_19:00:00   4.1586e-01   9.9426e+01   4.0760e+01   2.1248e-03   2.6340e-03   2.8015e+02
20260402_20:00:00   4.1111e-01   9.8591e+01   4.0289e+01   1.9215e-04   2.1260e-06   2.7983e+02
20260402_21:00:00   4.1220e-01   9.8813e+01   4.0253e+01   3.1950e-04   3.0251e-03   2.8024e+02
20260402_22:00:00   4.1064e-01   9.8546e+01   4.0086e+01   0.0000e+00   7.8356e-03   2.8101e+02
20260402_23:00:00   4.1100e-01   9.8640e+01   4.0006e+01   0.0000e+00   4.9595e-03   2.8099e+02
20260403_00:00:00   4.0917e-01   9.8297e+01   3.9787e+01   1.1479e-04   4.8358e-04   2.8004e+02
20260403_01:00:00   4.1065e-01   9.8580e+01   3.9889e+01   0.0000e+00   8.4600e-04   2.8027e+02
20260403_02:00:00   4.0864e-01   9.8213e+01   3.9625e+01   0.0000e+00   2.4818e-03   2.8040e+02
20260403_03:00:00   4.1066e-01   9.8575e+01   3.9768e+01   0.0000e+00   8.1756e-03   2.8073e+02
20260403_04:00:00   4.0623e-01   9.7746e+01   3.9447e+01   4.6460e-06   2.5760e-03   2.7968e+02
20260403_05:00:00   4.0587e-01   9.7661e+01   3.9389e+01   0.0000e+00   3.3742e-03   2.7880e+02
20260403_06:00:00   3.9917e-01   9.6392e+01   3.8942e+01   4.9700e-05   5.7306e-03   2.7718e+02
20260403_07:00:00   4.0499e-01   9.7455e+01   3.9373e+01   0.0000e+00   3.1289e-03   2.7550e+02
20260403_08:00:00   4.0085e-01   9.6690e+01   3.9042e+01   0.0000e+00   1.1092e-03   2.7513e+02
20260403_09:00:00   4.0298e-01   9.7090e+01   3.9213e+01   2.4958e-06   2.6378e-03   2.7571e+02
20260403_10:00:00   4.0347e-01   9.7193e+01   3.9285e+01   0.0000e+00   1.8162e-03   2.7631e+02
20260403_11:00:00   4.0718e-01   9.7864e+01   3.9706e+01   1.9812e-05   7.2570e-03   2.7672e+02
20260403_12:00:00   4.1153e-01   9.8718e+01   4.0161e+01   2.8740e-04   4.6746e-03   2.7758e+02
20260403_13:00:00   4.1143e-01   9.8737e+01   4.0201e+01   7.0600e-04   6.2558e-03   2.7761e+02
20260403_14:00:00   4.0970e-01   9.8468e+01   4.0162e+01   7.4370e-04   7.3417e-02   2.7885e+02
20260403_15:00:00   4.0845e-01   9.8251e+01   4.0226e+01   3.1690e-04   8.1005e-02   2.8043e+02
20260403_16:00:00   4.1077e-01   9.8708e+01   4.0494e+01   0.0000e+00   2.0337e-02   2.8029e+02
20260403_17:00:00   4.1314e-01   9.9196e+01   4.0664e+01   0.0000e+00   5.2112e-02   2.7927e+02
20260403_18:00:00   4.1444e-01   9.9458e+01   4.0847e+01   0.0000e+00   8.1897e-03   2.7774e+02
20260403_19:00:00   4.1871e-01   1.0023e+02   4.1269e+01   0.0000e+00   5.7305e-03   2.7605e+02
20260403_20:00:00   4.2470e-01   1.0134e+02   4.1998e+01   3.8180e-04   7.8205e-03   2.7468e+02
20260403_21:00:00   4.3405e-01   1.0302e+02   4.3127e+01   2.4958e-06   8.4399e-03   2.7389e+02
20260403_22:00:00   4.3019e-01   1.0235e+02   4.2842e+01   0.0000e+00   9.9737e-03   2.7438e+02
20260403_23:00:00   4.3512e-01   1.0327e+02   4.3197e+01   0.0000e+00   4.7005e-03   2.7423e+02
20260404_00:00:00   4.3991e-01   1.0415e+02   4.3590e+01   0.0000e+00   3.0134e-03   2.7454e+02
20260404_03:00:00   4.3642e-01   1.0356e+02   4.3274e+01   0.0000e+00   1.1686e-02   2.7665e+02
20260404_06:00:00   4.4484e-01   1.0492e+02   4.4312e+01   2.8139e-05   8.2826e-05   2.7626e+02
20260404_09:00:00   4.4266e-01   1.0447e+02   4.4245e+01   8.8420e-08   1.6729e-02   2.7396e+02
20260404_12:00:00   4.5666e-01   1.0699e+02   4.5830e+01   5.6140e-05   1.0167e-03   2.7404e+02
20260404_15:00:00   4.5974e-01   1.0766e+02   4.6109e+01   3.2190e-04   4.8895e-03   2.7466e+02
20260404_18:00:00   4.5635e-01   1.0713e+02   4.5738e+01   1.0648e-04   9.9060e-03   2.7699e+02
20260404_21:00:00   4.6127e-01   1.0799e+02   4.5889e+01   1.7374e-03   1.8303e-02   2.7456e+02
20260405_00:00:00   4.5464e-01   1.0687e+02   4.5263e+01   3.4318e-06   1.4277e-03   2.7625e+02
20260405_03:00:00   4.4217e-01   1.0461e+02   4.4007e+01   8.8420e-08   1.0902e-03   2.7758e+02
20260405_06:00:00   4.4559e-01   1.0523e+02   4.4029e+01   3.8086e-04   2.1277e-03   2.8041e+02
20260405_09:00:00   4.5149e-01   1.0623e+02   4.4665e+01   3.6123e-04   3.8275e-03   2.8109e+02
20260405_12:00:00   4.7070e-01   1.0969e+02   4.5749e+01   1.4777e-02   5.8340e-03   2.8200e+02
20260405_15:00:00   4.3974e-01   1.0410e+02   4.4541e+01   2.1420e-05   7.0711e-03   2.8327e+02
20260405_18:00:00   4.7233e-01   1.1003e+02   4.7018e+01   1.4033e-03   2.3079e-01   2.8025e+02
20260405_21:00:00   4.7985e-01   1.1141e+02   4.7712e+01   1.6392e-04   1.7370e-03   2.8133e+02
20260406_00:00:00   4.7184e-01   1.1012e+02   4.6442e+01   8.0620e-05   1.3298e-06   2.8381e+02
20260406_03:00:00   4.7149e-01   1.1000e+02   4.6405e+01   3.5268e-05   1.8869e-02   2.8400e+02
20260406_06:00:00   4.6759e-01   1.0917e+02   4.6396e+01   5.3886e-04   4.9520e-04   2.8544e+02
20260406_09:00:00   4.7058e-01   1.0968e+02   4.5720e+01   1.8829e-02   5.0985e-04   2.8720e+02
20260406_12:00:00   4.6824e-01   1.0932e+02   4.6506e+01   0.0000e+00   3.4331e-04   2.8872e+02
20260406_15:00:00   4.7973e-01   1.1149e+02   4.7258e+01   2.0676e-03   0.0000e+00   2.8550e+02
20260406_18:00:00   4.5412e-01   1.0680e+02   4.5502e+01   7.8930e-04   0.0000e+00   2.8681e+02
20260406_21:00:00   4.6664e-01   1.0917e+02   4.5923e+01   3.6390e-03   0.0000e+00   2.8775e+02
20260407_00:00:00   4.7013e-01   1.0986e+02   4.6480e+01   1.3430e-05   0.0000e+00   2.8484e+02
20260407_03:00:00   4.7072e-01   1.0990e+02   4.6357e+01   1.1115e-04   3.8056e-05   2.8282e+02
20260407_06:00:00   4.5862e-01   1.0747e+02   4.5758e+01   2.4330e-03   2.2926e-04   2.8236e+02
20260407_09:00:00   4.3749e-01   1.0358e+02   4.4697e+01   0.0000e+00   3.3595e-05   2.8206e+02
20260407_12:00:00   4.1619e-01   9.9671e+01   4.2514e+01   0.0000e+00   1.7820e-07   2.8238e+02
20260407_15:00:00   3.9384e-01   9.5507e+01   4.0400e+01   0.0000e+00   1.2446e-06   2.8464e+02
20260407_18:00:00   3.8302e-01   9.3461e+01   3.9355e+01   1.3365e-07   3.7340e-06   2.8518e+02
20260407_21:00:00   3.9955e-01   9.6775e+01   4.0419e+01   0.0000e+00   0.0000e+00   2.8266e+02
20260408_00:00:00   4.2345e-01   1.0140e+02   4.2059e+01   0.0000e+00   0.0000e+00   2.8487e+02
20260408_03:00:00   4.1815e-01   1.0039e+02   4.1320e+01   2.1328e-06   0.0000e+00   2.8774e+02
20260408_06:00:00   4.0516e-01   9.7875e+01   4.0261e+01   0.0000e+00   0.0000e+00   2.8776e+02
20260408_09:00:00   4.1509e-01   9.9753e+01   4.0956e+01   0.0000e+00   0.0000e+00   2.8837e+02
20260408_12:00:00   4.0640e-01   9.8114e+01   3.9899e+01   2.5208e-03   0.0000e+00   2.8837e+02
20260408_15:00:00   4.1090e-01   9.9107e+01   3.9485e+01   1.2006e-02   0.0000e+00   2.9004e+02
20260408_18:00:00   4.0662e-01   9.8376e+01   3.9507e+01   4.4692e-03   0.0000e+00   2.9205e+02
20260408_21:00:00   3.9498e-01   9.6055e+01   3.9330e+01   0.0000e+00   0.0000e+00   2.9116e+02
20260409_00:00:00   3.8500e-01   9.4023e+01   3.8902e+01   0.0000e+00   1.5738e-05   2.9443e+02
20260409_03:00:00   3.7911e-01   9.2803e+01   3.8449e+01   0.0000e+00   0.0000e+00   2.9308e+02
20260409_06:00:00   3.6627e-01   9.0250e+01   3.6965e+01   0.0000e+00   0.0000e+00   2.9403e+02
20260409_09:00:00   3.5423e-01   8.7870e+01   3.5460e+01   0.0000e+00   0.0000e+00   2.9378e+02
20260409_12:00:00   3.6190e-01   8.9516e+01   3.5865e+01   0.0000e+00   0.0000e+00   2.9189e+02
20260409_15:00:00   3.8535e-01   9.4350e+01   3.7664e+01   0.0000e+00   0.0000e+00   2.9239e+02
20260409_18:00:00   4.0121e-01   9.7519e+01   3.8959e+01   3.0690e-04   0.0000e+00   2.9171e+02
20260409_21:00:00   4.1225e-01   9.9650e+01   3.9834e+01   0.0000e+00   0.0000e+00   2.8729e+02
20260410_00:00:00   4.1935e-01   1.0095e+02   4.0632e+01   0.0000e+00   0.0000e+00   2.8429e+02
20260410_03:00:00   4.0747e-01   9.8670e+01   3.9812e+01   0.0000e+00   0.0000e+00   2.8123e+02
20260410_06:00:00   3.9706e-01   9.6608e+01   3.8507e+01   0.0000e+00   0.0000e+00   2.8185e+02
20260410_09:00:00   3.9492e-01   9.6229e+01   3.8167e+01   0.0000e+00   0.0000e+00   2.7983e+02
20260410_12:00:00   3.9148e-01   9.5728e+01   3.7358e+01   0.0000e+00   0.0000e+00   2.8015e+02
20260410_15:00:00   4.0588e-01   9.8570e+01   3.8933e+01   1.8466e-04   0.0000e+00   2.7880e+02
20260410_18:00:00   4.0717e-01   9.8906e+01   3.9009e+01   9.9820e-06   0.0000e+00   2.7735e+02
20260410_21:00:00   4.1690e-01   1.0078e+02   3.9640e+01   0.0000e+00   0.0000e+00   2.7715e+02
20260411_00:00:00   4.3312e-01   1.0382e+02   4.0991e+01   0.0000e+00   0.0000e+00   2.7848e+02
20260411_03:00:00   4.3703e-01   1.0447e+02   4.1490e+01   0.0000e+00   0.0000e+00   2.7909e+02
20260411_06:00:00   4.3115e-01   1.0328e+02   4.1027e+01   0.0000e+00   0.0000e+00   2.8027e+02
20260411_09:00:00   4.3415e-01   1.0378e+02   4.1243e+01   0.0000e+00   0.0000e+00   2.8101e+02
20260411_12:00:00   4.3182e-01   1.0333e+02   4.1647e+01   3.1120e-04   0.0000e+00   2.7941e+02
20260411_15:00:00   4.1593e-01   1.0051e+02   4.0137e+01   0.0000e+00   0.0000e+00   2.8296e+02
20260411_18:00:00   4.1842e-01   1.0106e+02   3.9954e+01   7.9520e-04   0.0000e+00   2.8245e+02
20260411_21:00:00   4.4010e-01   1.0515e+02   4.0818e+01   7.6970e-03   0.0000e+00   2.8203e+02
20260412_00:00:00   4.1193e-01   9.9828e+01   3.8986e+01   0.0000e+00   0.0000e+00   2.8108e+02
20260412_03:00:00   3.7932e-01   9.3500e+01   3.6007e+01   0.0000e+00   0.0000e+00   2.8064e+02
20260412_06:00:00   3.9330e-01   9.6243e+01   3.6692e+01   2.0520e-04   0.0000e+00   2.8167e+02
20260412_09:00:00   4.1751e-01   1.0083e+02   3.8759e+01   0.0000e+00   0.0000e+00   2.8204e+02
20260412_12:00:00   4.3120e-01   1.0332e+02   4.0356e+01   2.9780e-04   0.0000e+00   2.8221e+02
20260412_15:00:00   4.4419e-01   1.0576e+02   4.1540e+01   1.9815e-03   0.0000e+00   2.8175e+02
20260412_18:00:00   4.4860e-01   1.0651e+02   4.2148e+01   1.4569e-03   6.6540e-06   2.7976e+02
20260412_21:00:00   4.4814e-01   1.0648e+02   4.1898e+01   3.0332e-03   0.0000e+00   2.7719e+02
20260413_00:00:00   4.1000e-01   9.9268e+01   3.8703e+01   1.5592e-05   0.0000e+00   2.7965e+02
20260413_03:00:00   3.6252e-01   8.9960e+01   3.4331e+01   0.0000e+00   0.0000e+00   2.8057e+02
20260413_06:00:00   3.6983e-01   9.1371e+01   3.4369e+01   8.5340e-04   0.0000e+00   2.8140e+02
20260413_09:00:00   4.0411e-01   9.8061e+01   3.6943e+01   4.2196e-03   0.0000e+00   2.8148e+02
20260413_12:00:00   4.1798e-01   1.0065e+02   3.8336e+01   3.8620e-03   0.0000e+00   2.8268e+02
20260413_15:00:00   3.9613e-01   9.6621e+01   3.5466e+01   8.0673e-03   0.0000e+00   2.8394e+02
20260413_18:00:00   2.8982e-01   7.4890e+01   2.6964e+01   0.0000e+00   0.0000e+00   2.8373e+02
20260413_21:00:00   3.6707e-01   9.0983e+01   3.3079e+01   3.5880e-03   0.0000e+00   2.7953e+02
20260414_00:00:00   3.8075e-01   9.3637e+01   3.5086e+01   0.0000e+00   0.0000e+00   2.7975e+02
20260414_03:00:00   4.0558e-01   9.8328e+01   3.7646e+01   3.5960e-06   0.0000e+00   2.8176e+02
20260414_06:00:00   4.1181e-01   9.9419e+01   3.8451e+01   1.6730e-04   0.0000e+00   2.8268e+02
20260414_09:00:00   4.1858e-01   1.0055e+02   3.9567e+01   1.6546e-04   0.0000e+00   2.8336e+02
20260414_12:00:00   4.3010e-01   1.0265e+02   4.0862e+01   4.9040e-04   6.7800e-06   2.8224e+02
20260414_15:00:00   4.1922e-01   1.0079e+02   3.9427e+01   2.1996e-03   0.0000e+00   2.8352e+02
20260414_18:00:00   4.2278e-01   1.0146e+02   4.0087e+01   2.8805e-03   5.8500e-04   2.8026e+02
20260414_21:00:00   3.9951e-01   9.6932e+01   3.8631e+01   0.0000e+00   1.7684e-07   2.7651e+02
20260415_00:00:00   3.8559e-01   9.4238e+01   3.7415e+01   0.0000e+00   0.0000e+00   2.7451e+02
