#            date       tau255        Tb[K]      pwv[mm] lwp[kg*m^-2] iwp[kg*m^-2]       o3[DU]
20260311_06:00:00   3.7136e-01   9.0856e+01   3.5710e+01   0.0000e+00   0.0000e+00   2.7626e+02
20260311_07:00:00   3.7659e-01   9.1883e+01   3.5862e+01   0.0000e+00   1.6218e-03   2.7731e+02
20260311_08:00:00   3.7535e-01   9.1655e+01   3.5419e+01   0.0000e+00   0.0000e+00   2.7751e+02
20260311_09:00:00   3.6509e-01   8.9666e+01   3.4293e+01   0.0000e+00   0.0000e+00   2.7705e+02
20260311_10:00:00   3.4949e-01   8.6595e+01   3.2846e+01   0.0000e+00   3.6560e-05   2.7677e+02
20260311_11:00:00   3.4522e-01   8.5813e+01   3.2058e+01   0.0000e+00   0.0000e+00   2.7646e+02
20260311_12:00:00   3.4317e-01   8.5458e+01   3.1472e+01   0.0000e+00   0.0000e+00   2.7794e+02
20260311_13:00:00   3.2285e-01   8.1310e+01   2.9747e+01   0.0000e+00   0.0000e+00   2.7913e+02
20260311_14:00:00   3.2771e-01   8.2259e+01   3.0398e+01   0.0000e+00   0.0000e+00   2.7947e+02
20260311_15:00:00   3.5010e-01   8.6748e+01   3.2709e+01   6.6040e-06   0.0000e+00   2.8041e+02
20260311_16:00:00   3.7290e-01   9.1151e+01   3.5240e+01   2.6180e-04   4.6600e-04   2.7929e+02
20260311_17:00:00   3.8659e-01   9.3755e+01   3.5508e+01   1.4093e-02   0.0000e+00   2.7994e+02
20260311_18:00:00   3.7574e-01   9.1752e+01   3.5530e+01   2.0280e-04   1.2647e-04   2.7949e+02
20260311_19:00:00   3.7127e-01   9.0943e+01   3.4916e+01   0.0000e+00   2.4780e-06   2.7955e+02
20260311_20:00:00   3.7138e-01   9.0947e+01   3.4854e+01   0.0000e+00   0.0000e+00   2.7930e+02
20260311_21:00:00   3.6983e-01   9.0662e+01   3.4691e+01   0.0000e+00   0.0000e+00   2.7756e+02
20260311_22:00:00   3.5226e-01   8.7184e+01   3.3008e+01   0.0000e+00   0.0000e+00   2.7720e+02
20260311_23:00:00   3.3865e-01   8.4491e+01   3.1600e+01   1.1299e-06   0.0000e+00   2.7732e+02
20260312_00:00:00   3.5008e-01   8.6786e+01   3.2432e+01   0.0000e+00   0.0000e+00   2.7744e+02
20260312_01:00:00   3.4448e-01   8.5652e+01   3.2109e+01   0.0000e+00   0.0000e+00   2.7686e+02
20260312_02:00:00   3.2072e-01   8.0781e+01   2.9956e+01   0.0000e+00   0.0000e+00   2.7740e+02
20260312_03:00:00   3.3705e-01   8.4157e+01   3.1274e+01   0.0000e+00   4.4380e-04   2.7867e+02
20260312_04:00:00   3.6064e-01   8.8876e+01   3.3357e+01   0.0000e+00   0.0000e+00   2.7798e+02
20260312_05:00:00   3.6497e-01   8.9667e+01   3.4011e+01   0.0000e+00   0.0000e+00   2.7750e+02
20260312_06:00:00   3.4852e-01   8.6353e+01   3.2841e+01   0.0000e+00   1.1193e-03   2.7761e+02
20260312_07:00:00   3.3536e-01   8.3649e+01   3.1753e+01   0.0000e+00   0.0000e+00   2.7870e+02
20260312_08:00:00   3.3480e-01   8.3512e+01   3.1844e+01   6.0580e-06   1.6384e-05   2.7776e+02
20260312_09:00:00   3.6061e-01   8.8668e+01   3.4130e+01   8.6300e-05   0.0000e+00   2.7733e+02
20260312_10:00:00   3.8292e-01   9.2964e+01   3.6081e+01   3.6365e-03   0.0000e+00   2.7715e+02
20260312_11:00:00   3.8186e-01   9.2707e+01   3.6532e+01   8.5442e-04   0.0000e+00   2.7723e+02
20260312_12:00:00   3.7271e-01   9.0938e+01   3.5886e+01   1.7994e-05   0.0000e+00   2.7848e+02
20260312_13:00:00   3.8545e-01   9.3500e+01   3.6852e+01   0.0000e+00   0.0000e+00   2.8011e+02
20260312_14:00:00   4.1228e-01   9.8545e+01   3.9105e+01   2.6620e-03   6.6140e-05   2.8258e+02
20260312_15:00:00   4.1877e-01   9.9692e+01   4.0155e+01   1.4166e-03   1.3208e-05   2.8198e+02
20260312_16:00:00   4.1110e-01   9.8328e+01   3.9569e+01   0.0000e+00   0.0000e+00   2.8109e+02
20260312_17:00:00   4.0745e-01   9.7706e+01   3.9015e+01   2.4660e-03   0.0000e+00   2.8013e+02
20260312_18:00:00   4.0307e-01   9.6877e+01   3.8864e+01   4.4260e-04   1.8809e-03   2.7901e+02
20260312_19:00:00   4.0135e-01   9.6547e+01   3.8734e+01   0.0000e+00   4.7035e-04   2.7853e+02
20260312_20:00:00   3.9191e-01   9.4781e+01   3.7826e+01   1.4041e-03   0.0000e+00   2.7791e+02
20260312_21:00:00   3.9480e-01   9.5300e+01   3.8199e+01   0.0000e+00   0.0000e+00   2.7659e+02
20260312_22:00:00   4.0105e-01   9.6551e+01   3.8470e+01   0.0000e+00   0.0000e+00   2.7721e+02
20260312_23:00:00   4.0789e-01   9.7850e+01   3.8847e+01   0.0000e+00   0.0000e+00   2.7909e+02
20260313_00:00:00   4.0922e-01   9.8058e+01   3.9114e+01   6.6320e-07   0.0000e+00   2.7837e+02
20260313_01:00:00   4.1141e-01   9.8529e+01   3.9176e+01   3.8480e-05   0.0000e+00   2.7874e+02
20260313_02:00:00   4.0989e-01   9.8229e+01   3.9008e+01   2.1313e-05   0.0000e+00   2.7840e+02
20260313_03:00:00   3.9885e-01   9.6165e+01   3.7883e+01   2.0072e-04   0.0000e+00   2.7795e+02
20260313_04:00:00   4.0262e-01   9.6937e+01   3.7471e+01   8.5180e-03   0.0000e+00   2.7675e+02
20260313_05:00:00   3.9648e-01   9.5756e+01   3.7274e+01   2.5997e-03   6.6500e-05   2.7543e+02
20260313_06:00:00   3.8674e-01   9.3925e+01   3.6557e+01   0.0000e+00   0.0000e+00   2.7422e+02
20260313_07:00:00   3.8888e-01   9.4289e+01   3.6957e+01   1.5905e-05   0.0000e+00   2.7236e+02
20260313_08:00:00   3.9871e-01   9.6145e+01   3.7761e+01   0.0000e+00   3.3280e-06   2.7186e+02
20260313_09:00:00   3.9869e-01   9.6111e+01   3.7735e+01   1.6915e-04   4.2440e-07   2.7252e+02
20260313_10:00:00   3.9515e-01   9.5470e+01   3.7308e+01   6.3660e-06   2.1580e-04   2.7097e+02
20260313_11:00:00   4.1461e-01   9.9034e+01   3.9423e+01   1.0848e-03   1.3005e-04   2.6957e+02
20260313_12:00:00   4.3779e-01   1.0320e+02   4.2129e+01   1.6429e-04   1.2102e-04   2.6976e+02
20260313_13:00:00   4.5485e-01   1.0628e+02   4.3810e+01   1.1002e-04   0.0000e+00   2.7116e+02
20260313_14:00:00   4.5749e-01   1.0684e+02   4.3892e+01   5.0910e-04   1.3208e-05   2.7246e+02
20260313_15:00:00   4.5475e-01   1.0643e+02   4.3404e+01   5.5277e-04   0.0000e+00   2.7305e+02
20260313_16:00:00   4.5034e-01   1.0574e+02   4.2871e+01   1.5106e-03   0.0000e+00   2.7369e+02
20260313_17:00:00   4.5329e-01   1.0632e+02   4.3027e+01   1.6696e-03   0.0000e+00   2.7369e+02
20260313_18:00:00   4.5937e-01   1.0737e+02   4.2673e+01   1.2303e-02   0.0000e+00   2.7393e+02
20260313_19:00:00   4.4274e-01   1.0446e+02   4.2016e+01   1.7597e-03   0.0000e+00   2.7439e+02
20260313_20:00:00   4.4403e-01   1.0467e+02   4.2187e+01   9.9537e-04   0.0000e+00   2.7418e+02
20260313_21:00:00   4.3774e-01   1.0361e+02   4.1495e+01   2.0614e-04   0.0000e+00   2.7375e+02
20260313_22:00:00   4.3347e-01   1.0288e+02   4.1020e+01   2.3191e-05   0.0000e+00   2.7357e+02
20260313_23:00:00   4.2933e-01   1.0217e+02   4.0426e+01   3.6604e-06   0.0000e+00   2.7363e+02
20260314_00:00:00   4.2419e-01   1.0127e+02   3.9692e+01   2.4320e-04   0.0000e+00   2.7392e+02
20260314_01:00:00   4.1816e-01   1.0014e+02   3.9165e+01   2.7453e-04   0.0000e+00   2.7369e+02
20260314_02:00:00   3.8604e-01   9.4061e+01   3.6296e+01   9.0200e-05   0.0000e+00   2.7284e+02
20260314_03:00:00   3.5511e-01   8.7934e+01   3.3467e+01   0.0000e+00   0.0000e+00   2.7137e+02
20260314_04:00:00   3.4218e-01   8.5309e+01   3.2142e+01   0.0000e+00   0.0000e+00   2.7102e+02
20260314_05:00:00   3.4383e-01   8.5677e+01   3.2000e+01   3.8130e-04   0.0000e+00   2.6924e+02
20260314_06:00:00   3.6425e-01   8.9755e+01   3.3532e+01   2.4165e-03   0.0000e+00   2.6810e+02
20260314_07:00:00   3.8229e-01   9.3204e+01   3.5337e+01   2.8168e-03   0.0000e+00   2.6749e+02
20260314_08:00:00   3.8123e-01   9.2972e+01   3.5437e+01   1.6880e-04   0.0000e+00   2.6801e+02
20260314_09:00:00   3.8172e-01   9.3071e+01   3.5408e+01   0.0000e+00   0.0000e+00   2.6884e+02
20260314_10:00:00   3.7141e-01   9.1116e+01   3.4423e+01   0.0000e+00   0.0000e+00   2.7052e+02
20260314_11:00:00   3.5888e-01   8.8618e+01   3.3340e+01   1.3263e-07   0.0000e+00   2.7147e+02
20260314_12:00:00   3.3011e-01   8.2779e+01   3.0931e+01   0.0000e+00   0.0000e+00   2.7137e+02
20260314_13:00:00   3.1671e-01   8.0025e+01   2.9771e+01   0.0000e+00   5.9900e-05   2.7105e+02
20260314_14:00:00   3.3171e-01   8.3247e+01   3.0863e+01   0.0000e+00   6.1220e-05   2.7162e+02
20260314_15:00:00   3.5529e-01   8.8117e+01   3.2800e+01   0.0000e+00   2.6420e-05   2.7138e+02
20260314_16:00:00   3.5377e-01   8.7848e+01   3.2657e+01   4.6580e-05   0.0000e+00   2.7093e+02
20260314_17:00:00   3.5552e-01   8.8171e+01   3.2874e+01   0.0000e+00   1.1138e-05   2.7021e+02
20260314_18:00:00   3.6387e-01   8.9826e+01   3.3561e+01   0.0000e+00   1.5250e-04   2.6895e+02
20260314_19:00:00   3.5958e-01   8.9004e+01   3.3135e+01   1.4840e-03   4.6520e-04   2.6809e+02
20260314_20:00:00   3.5204e-01   8.7525e+01   3.2449e+01   0.0000e+00   0.0000e+00   2.6769e+02
20260314_21:00:00   3.6251e-01   8.9634e+01   3.3061e+01   2.6878e-04   6.6040e-05   2.6770e+02
20260314_22:00:00   3.4282e-01   8.5621e+01   3.1351e+01   2.7257e-05   0.0000e+00   2.6773e+02
20260314_23:00:00   3.1690e-01   8.0251e+01   2.9206e+01   0.0000e+00   0.0000e+00   2.6857e+02
20260315_00:00:00   3.2557e-01   8.2155e+01   2.9518e+01   0.0000e+00   0.0000e+00   2.6985e+02
20260315_01:00:00   3.5118e-01   8.7419e+01   3.1576e+01   6.6830e-08   0.0000e+00   2.6981e+02
20260315_02:00:00   3.4721e-01   8.6605e+01   3.1193e+01   0.0000e+00   0.0000e+00   2.7015e+02
20260315_03:00:00   3.3507e-01   8.4119e+01   3.0109e+01   0.0000e+00   0.0000e+00   2.7250e+02
20260315_04:00:00   3.5488e-01   8.8100e+01   3.1954e+01   1.0182e-05   0.0000e+00   2.7265e+02
20260315_05:00:00   3.4182e-01   8.5450e+01   3.0794e+01   2.7240e-04   7.0460e-04   2.7192e+02
20260315_06:00:00   3.5974e-01   8.9000e+01   3.2543e+01   6.4580e-05   7.9440e-06   2.7094e+02
20260315_07:00:00   3.7700e-01   9.2319e+01   3.4352e+01   5.1480e-04   5.3840e-05   2.6981e+02
20260315_08:00:00   3.5541e-01   8.8053e+01   3.2608e+01   5.0010e-05   4.1720e-04   2.6980e+02
20260315_09:00:00   3.1781e-01   8.0395e+01   2.9118e+01   0.0000e+00   2.1340e-05   2.7014e+02
20260315_10:00:00   3.3221e-01   8.3406e+01   3.0313e+01   0.0000e+00   1.5608e-04   2.7077e+02
20260315_11:00:00   3.4215e-01   8.5476e+01   3.1117e+01   2.7854e-06   7.2259e-05   2.7106e+02
20260315_12:00:00   3.5358e-01   8.7812e+01   3.2123e+01   0.0000e+00   2.5478e-04   2.7143e+02
20260315_13:00:00   3.6201e-01   8.9537e+01   3.2952e+01   9.9060e-06   3.5253e-03   2.7351e+02
20260315_14:00:00   3.7994e-01   9.3000e+01   3.5030e+01   6.1140e-04   3.8580e-03   2.7467e+02
20260315_15:00:00   3.8478e-01   9.3932e+01   3.5643e+01   1.6723e-04   1.5058e-02   2.7554e+02
20260315_16:00:00   3.8908e-01   9.4769e+01   3.6160e+01   1.8962e-04   1.1522e-02   2.7543e+02
20260315_17:00:00   3.9058e-01   9.5064e+01   3.6422e+01   2.5202e-04   1.0162e-02   2.7378e+02
20260315_18:00:00   3.9788e-01   9.6467e+01   3.7090e+01   2.6701e-04   3.1260e-03   2.7276e+02
20260315_19:00:00   4.0095e-01   9.7049e+01   3.7430e+01   3.1950e-04   2.2760e-03   2.7253e+02
20260315_20:00:00   3.9987e-01   9.6874e+01   3.7379e+01   2.7450e-04   2.8780e-03   2.7102e+02
20260315_21:00:00   3.9745e-01   9.6414e+01   3.7193e+01   0.0000e+00   3.8040e-03   2.7056e+02
20260315_22:00:00   4.0073e-01   9.7051e+01   3.7417e+01   0.0000e+00   3.0620e-03   2.7149e+02
20260315_23:00:00   4.1265e-01   9.9223e+01   3.8782e+01   0.0000e+00   5.9303e-03   2.7206e+02
20260316_00:00:00   4.0747e-01   9.8254e+01   3.8408e+01   0.0000e+00   1.7530e-03   2.7236e+02
20260316_01:00:00   4.0677e-01   9.8110e+01   3.8341e+01   0.0000e+00   1.0566e-05   2.7338e+02
20260316_02:00:00   3.7474e-01   9.1827e+01   3.5928e+01   0.0000e+00   0.0000e+00   2.7362e+02
20260316_03:00:00   3.6602e-01   9.0139e+01   3.4947e+01   0.0000e+00   9.0640e-05   2.7317e+02
20260316_04:00:00   4.0624e-01   9.7981e+01   3.8026e+01   2.0955e-04   2.9240e-05   2.7361e+02
20260316_05:00:00   4.1204e-01   9.8990e+01   3.8779e+01   1.3263e-07   0.0000e+00   2.7432e+02
20260316_06:00:00   3.8654e-01   9.4087e+01   3.6492e+01   4.9910e-06   0.0000e+00   2.7497e+02
20260316_09:00:00   3.5271e-01   8.7355e+01   3.3616e+01   7.0290e-06   0.0000e+00   2.7480e+02
20260316_12:00:00   3.5304e-01   8.7513e+01   3.3385e+01   0.0000e+00   0.0000e+00   2.7642e+02
20260316_15:00:00   3.9525e-01   9.5808e+01   3.7156e+01   0.0000e+00   1.2446e-06   2.7722e+02
20260316_18:00:00   3.8054e-01   9.2983e+01   3.5909e+01   5.3460e-07   2.6420e-05   2.7495e+02
20260316_21:00:00   3.2581e-01   8.2010e+01   3.1059e+01   1.0611e-06   1.3310e-05   2.7223e+02
20260317_00:00:00   3.4586e-01   8.6226e+01   3.2226e+01   0.0000e+00   8.2780e-05   2.7246e+02
20260317_03:00:00   3.6582e-01   9.0146e+01   3.4259e+01   0.0000e+00   2.9400e-03   2.7070e+02
20260317_06:00:00   3.6618e-01   9.0255e+01   3.3542e+01   0.0000e+00   8.5100e-04   2.7278e+02
20260317_09:00:00   3.5441e-01   8.7911e+01   3.2494e+01   0.0000e+00   3.0059e-04   2.7135e+02
20260317_12:00:00   3.7972e-01   9.2822e+01   3.5136e+01   0.0000e+00   0.0000e+00   2.7280e+02
20260317_15:00:00   3.2953e-01   8.2918e+01   3.0458e+01   0.0000e+00   0.0000e+00   2.7442e+02
20260317_18:00:00   3.8140e-01   9.3228e+01   3.5349e+01   0.0000e+00   0.0000e+00   2.7063e+02
20260317_21:00:00   4.0290e-01   9.7245e+01   3.7738e+01   6.5390e-06   0.0000e+00   2.7261e+02
20260318_00:00:00   3.7555e-01   9.2034e+01   3.5053e+01   0.0000e+00   0.0000e+00   2.7404e+02
20260318_03:00:00   3.4336e-01   8.5722e+01   3.1562e+01   0.0000e+00   0.0000e+00   2.7137e+02
20260318_06:00:00   3.5557e-01   8.8176e+01   3.1965e+01   5.3050e-07   0.0000e+00   2.7040e+02
20260318_09:00:00   3.5306e-01   8.7602e+01   3.1408e+01   1.5959e-03   0.0000e+00   2.7079e+02
20260318_12:00:00   3.3520e-01   8.4065e+01   2.9769e+01   0.0000e+00   0.0000e+00   2.7310e+02
20260318_15:00:00   3.3738e-01   8.4580e+01   3.0326e+01   2.8262e-04   0.0000e+00   2.7469e+02
20260318_18:00:00   3.6627e-01   9.0223e+01   3.3709e+01   2.3520e-04   0.0000e+00   2.7294e+02
20260318_21:00:00   3.7463e-01   9.1912e+01   3.4603e+01   0.0000e+00   9.8020e-07   2.7244e+02
20260319_00:00:00   3.6814e-01   9.0745e+01   3.3722e+01   5.9430e-05   0.0000e+00   2.7205e+02
20260319_03:00:00   3.2348e-01   8.1859e+01   2.8536e+01   0.0000e+00   0.0000e+00   2.7041e+02
20260319_06:00:00   3.5042e-01   8.7217e+01   3.1753e+01   0.0000e+00   0.0000e+00   2.7155e+02
20260319_09:00:00   4.4168e-01   1.0417e+02   3.5853e+01   6.3491e-02   0.0000e+00   2.6912e+02
20260319_12:00:00   3.8238e-01   9.3385e+01   3.5381e+01   2.6026e-04   2.0160e-05   2.7002e+02
20260319_15:00:00   3.7660e-01   9.2359e+01   3.5001e+01   1.3975e-03   3.5360e-07   2.7212e+02
20260319_18:00:00   3.5573e-01   8.8255e+01   3.3489e+01   0.0000e+00   8.5420e-04   2.6840e+02
20260319_21:00:00   3.9441e-01   9.5797e+01   3.7086e+01   0.0000e+00   1.0158e-03   2.6676e+02
20260320_00:00:00   3.8649e-01   9.4372e+01   3.6191e+01   0.0000e+00   0.0000e+00   2.7324e+02
20260320_03:00:00   3.6972e-01   9.1061e+01   3.4694e+01   5.6130e-06   0.0000e+00   2.7222e+02
20260320_06:00:00   3.4891e-01   8.6938e+01   3.2294e+01   0.0000e+00   0.0000e+00   2.7271e+02
20260320_09:00:00   3.6484e-01   9.0060e+01   3.4117e+01   0.0000e+00   0.0000e+00   2.7417e+02
20260320_12:00:00   4.0810e-01   9.8267e+01   3.8900e+01   2.6180e-05   0.0000e+00   2.7372e+02
20260320_15:00:00   3.9520e-01   9.5780e+01   3.8304e+01   6.7220e-04   0.0000e+00   2.7290e+02
20260320_18:00:00   3.9354e-01   9.5646e+01   3.7821e+01   0.0000e+00   0.0000e+00   2.7387e+02
20260320_21:00:00   3.7672e-01   9.2431e+01   3.6094e+01   0.0000e+00   4.0800e-05   2.7660e+02
20260321_00:00:00   3.7178e-01   9.1505e+01   3.5255e+01   0.0000e+00   0.0000e+00   2.7630e+02
20260321_03:00:00   3.8078e-01   9.3254e+01   3.6030e+01   0.0000e+00   0.0000e+00   2.7926e+02
20260321_06:00:00   3.6432e-01   8.9951e+01   3.4378e+01   0.0000e+00   1.0626e-06   2.7879e+02
20260321_09:00:00   3.5613e-01   8.8242e+01   3.3660e+01   0.0000e+00   1.2610e-04   2.7476e+02
20260321_12:00:00   3.8736e-01   9.4421e+01   3.6522e+01   0.0000e+00   2.2740e-04   2.7566e+02
20260321_15:00:00   3.9714e-01   9.6313e+01   3.7930e+01   3.1446e-04   1.2154e-04   2.7392e+02
20260321_18:00:00   3.6551e-01   9.0245e+01   3.4812e+01   0.0000e+00   1.9292e-04   2.7187e+02
20260321_21:00:00   3.5856e-01   8.8876e+01   3.4011e+01   0.0000e+00   1.0398e-03   2.7250e+02
20260322_00:00:00   3.5126e-01   8.7409e+01   3.3304e+01   0.0000e+00   5.2840e-06   2.7510e+02
20260322_03:00:00   3.6830e-01   9.0766e+01   3.4717e+01   9.0860e-06   0.0000e+00   2.7729e+02
20260322_06:00:00   3.5602e-01   8.8189e+01   3.3901e+01   0.0000e+00   3.3280e-06   2.7547e+02
20260322_09:00:00   3.8569e-01   9.3923e+01   3.6904e+01   0.0000e+00   6.6040e-06   2.7321e+02
20260322_12:00:00   3.6172e-01   8.9194e+01   3.5212e+01   0.0000e+00   1.3208e-05   2.7497e+02
20260322_15:00:00   3.6245e-01   8.9380e+01   3.5600e+01   0.0000e+00   0.0000e+00   2.7298e+02
20260322_18:00:00   3.9507e-01   9.5749e+01   3.8841e+01   7.4870e-05   4.0723e-05   2.7168e+02
20260322_21:00:00   3.8533e-01   9.3769e+01   3.8436e+01   3.4940e-05   3.0602e-05   2.7259e+02
20260323_00:00:00   3.8378e-01   9.3413e+01   3.8460e+01   0.0000e+00   5.9780e-04   2.7149e+02
20260323_03:00:00   3.9795e-01   9.6142e+01   3.9608e+01   7.0760e-06   5.1906e-05   2.7379e+02
20260323_06:00:00   4.1351e-01   9.9030e+01   4.1036e+01   1.9006e-05   1.4442e-04   2.7317e+02
20260323_09:00:00   4.4359e-01   1.0450e+02   4.4083e+01   0.0000e+00   3.2764e-05   2.7319e+02
20260323_12:00:00   4.4274e-01   1.0439e+02   4.3832e+01   0.0000e+00   0.0000e+00   2.7388e+02
20260323_15:00:00   4.4972e-01   1.0575e+02   4.4159e+01   1.8724e-03   0.0000e+00   2.7661e+02
20260323_18:00:00   4.5854e-01   1.0732e+02   4.5200e+01   3.4940e-04   0.0000e+00   2.7357e+02
20260323_21:00:00   4.4196e-01   1.0432e+02   4.3320e+01   2.7254e-03   0.0000e+00   2.7669e+02
20260324_00:00:00   3.6778e-01   9.0193e+01   3.6624e+01   0.0000e+00   6.0280e-06   2.8174e+02
20260324_03:00:00   3.8901e-01   9.4429e+01   3.7625e+01   6.9370e-04   0.0000e+00   2.8372e+02
20260324_06:00:00   3.6111e-01   8.8959e+01   3.4497e+01   8.5360e-05   0.0000e+00   2.8097e+02
20260324_09:00:00   3.2437e-01   8.1612e+01   3.0146e+01   2.6730e-07   0.0000e+00   2.8205e+02
20260324_12:00:00   3.3050e-01   8.3113e+01   2.8957e+01   1.1065e-02   0.0000e+00   2.8382e+02
20260324_15:00:00   3.3657e-01   8.4442e+01   3.0559e+01   4.9660e-04   0.0000e+00   2.8630e+02
20260324_18:00:00   2.9403e-01   7.5577e+01   2.6359e+01   0.0000e+00   0.0000e+00   2.8645e+02
20260324_21:00:00   3.6365e-01   9.0054e+01   3.2426e+01   6.4890e-04   0.0000e+00   2.8693e+02
20260325_00:00:00   3.7736e-01   9.2643e+01   3.4005e+01   1.4025e-05   0.0000e+00   2.8780e+02
20260325_03:00:00   3.5732e-01   8.8654e+01   3.2014e+01   3.3220e-04   0.0000e+00   2.8338e+02
20260325_06:00:00   3.4789e-01   8.6724e+01   2.9649e+01   2.5650e-02   1.8512e-05   2.8430e+02
20260325_09:00:00   3.2038e-01   8.1058e+01   2.8902e+01   0.0000e+00   2.8940e-05   2.8548e+02
20260325_12:00:00   3.6125e-01   8.9405e+01   3.2733e+01   0.0000e+00   1.2208e-04   2.8481e+02
20260325_15:00:00   3.6921e-01   9.0973e+01   3.3656e+01   9.3160e-04   3.1882e-04   2.8306e+02
20260325_18:00:00   3.6906e-01   9.1076e+01   3.3351e+01   4.6580e-05   1.6421e-04   2.8027e+02
20260325_21:00:00   3.8000e-01   9.3206e+01   3.4400e+01   5.4900e-05   1.4148e-06   2.7953e+02
20260326_00:00:00   3.6608e-01   9.0458e+01   3.3140e+01   0.0000e+00   0.0000e+00   2.8185e+02
20260326_03:00:00   3.5977e-01   8.9155e+01   3.2658e+01   6.6830e-08   0.0000e+00   2.8246e+02
20260326_06:00:00   2.7930e-01   7.2448e+01   2.4173e+01   0.0000e+00   0.0000e+00   2.8056e+02
20260326_09:00:00   3.1460e-01   7.9873e+01   2.8207e+01   0.0000e+00   0.0000e+00   2.8206e+02
20260326_12:00:00   4.0022e-01   9.6717e+01   3.7982e+01   0.0000e+00   2.0760e-05   2.8165e+02
20260326_15:00:00   3.1147e-01   7.9223e+01   2.9008e+01   0.0000e+00   2.3220e-03   2.8348e+02
20260326_18:00:00   3.0852e-01   7.8717e+01   2.8047e+01   0.0000e+00   0.0000e+00   2.8283e+02
20260326_21:00:00   3.3307e-01   8.3803e+01   3.0895e+01   0.0000e+00   3.5360e-07   2.8058e+02
20260327_00:00:00   3.8666e-01   9.4423e+01   3.6209e+01   7.4870e-06   0.0000e+00   2.7900e+02
20260327_03:00:00   3.5681e-01   8.8381e+01   3.4143e+01   7.1280e-07   1.1218e-04   2.8165e+02
20260327_06:00:00   3.6228e-01   8.9609e+01   3.3127e+01   8.9100e-08   0.0000e+00   2.8218e+02
