#            date       tau255        Tb[K]      pwv[mm] lwp[kg*m^-2] iwp[kg*m^-2]       o3[DU]
20260624_18:00:00   4.4914e-01   1.0703e+02   4.3470e+01   1.0408e-03   1.3188e-02   2.9664e+02
20260624_19:00:00   4.6245e-01   1.0948e+02   4.4165e+01   6.8620e-03   1.4722e-02   2.9805e+02
20260624_20:00:00   4.6660e-01   1.1025e+02   4.4728e+01   1.6214e-03   2.7799e-02   2.9733e+02
20260624_21:00:00   4.6491e-01   1.0993e+02   4.4600e+01   0.0000e+00   2.3612e-02   2.9674e+02
20260624_22:00:00   4.5926e-01   1.0889e+02   4.4170e+01   0.0000e+00   1.8054e-02   2.9416e+02
20260624_23:00:00   4.4828e-01   1.0687e+02   4.3268e+01   0.0000e+00   3.3849e-02   2.9546e+02
20260625_00:00:00   4.3905e-01   1.0511e+02   4.2740e+01   0.0000e+00   3.2842e-02   2.9177e+02
20260625_01:00:00   4.3889e-01   1.0502e+02   4.2842e+01   0.0000e+00   1.9080e-02   2.9265e+02
20260625_02:00:00   4.2237e-01   1.0193e+02   4.1373e+01   5.4900e-04   1.1909e-02   2.9133e+02
20260625_03:00:00   4.0667e-01   9.8919e+01   4.0043e+01   2.2880e-04   1.2882e-02   2.8980e+02
20260625_04:00:00   4.0942e-01   9.9436e+01   4.0071e+01   0.0000e+00   4.1735e-02   2.9099e+02
20260625_05:00:00   4.2112e-01   1.0166e+02   4.0368e+01   7.1540e-03   6.4472e-02   2.9440e+02
20260625_06:00:00   3.9609e-01   9.6823e+01   3.8866e+01   0.0000e+00   6.2573e-02   2.9516e+02
20260625_07:00:00   3.9159e-01   9.5939e+01   3.8376e+01   0.0000e+00   2.4569e-02   2.9321e+02
20260625_08:00:00   3.9118e-01   9.5830e+01   3.8225e+01   0.0000e+00   2.1014e-02   2.9306e+02
20260625_09:00:00   4.0301e-01   9.8144e+01   3.8936e+01   5.2500e-04   8.7334e-03   2.9257e+02
20260625_10:00:00   4.1200e-01   9.9907e+01   3.8664e+01   1.9813e-02   1.2787e-02   2.9166e+02
20260625_11:00:00   3.9481e-01   9.6525e+01   3.8259e+01   6.8220e-03   1.2776e-02   2.9188e+02
20260625_12:00:00   3.9514e-01   9.6581e+01   3.8270e+01   7.0340e-03   9.6185e-03   2.9308e+02
20260625_13:00:00   4.0028e-01   9.7570e+01   3.8253e+01   1.2862e-02   1.0377e-02   2.9606e+02
20260625_14:00:00   4.0025e-01   9.7595e+01   3.8142e+01   1.3573e-02   7.2090e-03   2.9626e+02
20260625_15:00:00   4.1397e-01   1.0029e+02   3.8179e+01   3.1620e-02   2.2538e-02   2.9424e+02
20260625_16:00:00   3.8653e-01   9.4934e+01   3.7609e+01   4.1130e-03   2.8266e-02   2.9275e+02
20260625_17:00:00   3.8946e-01   9.5534e+01   3.7477e+01   1.0212e-02   1.4193e-02   2.9137e+02
20260625_18:00:00   3.9584e-01   9.6783e+01   3.7362e+01   2.1287e-02   1.0318e-02   2.9269e+02
20260625_19:00:00   3.9766e-01   9.7162e+01   3.7384e+01   2.2532e-02   6.9978e-03   2.9517e+02
20260625_20:00:00   3.8825e-01   9.5332e+01   3.7421e+01   1.0349e-02   3.5120e-03   2.9584e+02
20260625_21:00:00   3.7297e-01   9.2253e+01   3.6876e+01   0.0000e+00   2.4764e-02   2.9352e+02
20260625_22:00:00   3.8286e-01   9.4224e+01   3.7625e+01   0.0000e+00   6.9522e-02   2.9427e+02
20260625_23:00:00   3.8392e-01   9.4456e+01   3.7763e+01   2.2412e-05   6.4687e-02   2.9581e+02
20260626_00:00:00   3.8084e-01   9.3854e+01   3.7505e+01   2.0926e-04   8.1615e-02   2.9513e+02
20260626_01:00:00   3.9178e-01   9.6028e+01   3.8305e+01   2.4644e-04   3.5395e-02   2.9312e+02
20260626_02:00:00   4.0084e-01   9.7803e+01   3.8946e+01   2.1330e-03   3.0532e-02   2.9411e+02
20260626_03:00:00   4.0654e-01   9.8860e+01   3.9496e+01   1.2225e-03   9.4327e-03   2.9648e+02
20260626_04:00:00   4.1201e-01   9.9867e+01   3.9990e+01   1.3908e-04   2.4025e-02   2.9423e+02
20260626_05:00:00   4.3783e-01   1.0471e+02   4.1330e+01   1.0688e-02   2.9929e-02   2.9376e+02
20260626_06:00:00   4.0591e-01   9.8585e+01   3.9203e+01   1.0808e-02   1.5294e-02   2.9470e+02
20260626_07:00:00   3.9399e-01   9.6221e+01   3.8927e+01   1.3748e-04   7.3467e-03   2.9451e+02
20260626_08:00:00   4.4683e-01   1.0621e+02   4.1288e+01   2.6820e-02   3.7280e-03   2.9616e+02
20260626_09:00:00   5.5985e-01   1.2604e+02   4.2009e+01   1.6062e-01   2.3438e-03   2.9580e+02
20260626_10:00:00   4.7410e-01   1.1124e+02   4.0760e+01   6.8260e-02   1.7430e-03   2.9685e+02
20260626_11:00:00   3.9684e-01   9.6777e+01   3.8645e+01   1.4906e-03   3.2740e-04   2.9701e+02
20260626_12:00:00   3.7544e-01   9.2633e+01   3.6853e+01   1.0173e-04   7.1480e-05   2.9822e+02
20260626_13:00:00   3.7384e-01   9.2353e+01   3.6669e+01   6.5815e-05   7.8720e-04   2.9859e+02
20260626_14:00:00   3.8190e-01   9.3960e+01   3.7321e+01   9.8960e-05   1.2618e-03   2.9847e+02
20260626_15:00:00   3.8201e-01   9.4005e+01   3.7195e+01   2.0960e-04   5.2940e-04   2.9828e+02
20260626_16:00:00   3.7752e-01   9.3150e+01   3.6684e+01   2.8280e-04   2.2800e-04   2.9783e+02
20260626_17:00:00   3.7144e-01   9.1983e+01   3.6104e+01   0.0000e+00   1.0672e-03   2.9816e+02
20260626_18:00:00   3.6673e-01   9.1046e+01   3.5585e+01   0.0000e+00   7.4980e-04   2.9771e+02
20260626_19:00:00   3.6627e-01   9.0996e+01   3.5244e+01   0.0000e+00   3.3900e-05   2.9650e+02
20260626_20:00:00   3.6494e-01   9.0793e+01   3.4715e+01   0.0000e+00   2.7240e-05   2.9677e+02
20260626_21:00:00   3.6303e-01   9.0455e+01   3.3987e+01   0.0000e+00   1.2558e-05   2.9817e+02
20260626_22:00:00   3.6056e-01   9.0031e+01   3.3132e+01   0.0000e+00   5.1300e-06   2.9667e+02
20260626_23:00:00   3.5977e-01   8.9884e+01   3.2578e+01   0.0000e+00   0.0000e+00   2.9636e+02
20260627_00:00:00   3.6956e-01   9.1789e+01   3.3451e+01   0.0000e+00   0.0000e+00   2.9537e+02
20260627_01:00:00   3.7546e-01   9.2937e+01   3.3802e+01   0.0000e+00   0.0000e+00   2.9371e+02
20260627_02:00:00   3.8992e-01   9.5736e+01   3.5061e+01   0.0000e+00   0.0000e+00   2.9756e+02
20260627_03:00:00   4.1036e-01   9.9577e+01   3.7538e+01   0.0000e+00   0.0000e+00   2.9778e+02
20260627_04:00:00   4.2693e-01   1.0252e+02   3.9924e+01   0.0000e+00   0.0000e+00   2.9886e+02
20260627_05:00:00   4.3891e-01   1.0461e+02   4.1674e+01   1.1760e-03   0.0000e+00   2.9954e+02
20260627_06:00:00   4.2050e-01   1.0130e+02   3.9551e+01   0.0000e+00   0.0000e+00   2.9887e+02
20260627_07:00:00   4.1536e-01   1.0037e+02   3.8714e+01   0.0000e+00   0.0000e+00   2.9642e+02
20260627_08:00:00   4.2674e-01   1.0240e+02   4.0367e+01   0.0000e+00   0.0000e+00   2.9637e+02
20260627_09:00:00   4.4783e-01   1.0616e+02   4.3032e+01   7.4870e-05   0.0000e+00   2.9409e+02
20260627_10:00:00   4.6020e-01   1.0831e+02   4.4598e+01   0.0000e+00   0.0000e+00   2.9585e+02
20260627_11:00:00   4.7116e-01   1.1025e+02   4.5621e+01   0.0000e+00   0.0000e+00   2.9763e+02
20260627_12:00:00   4.7530e-01   1.1099e+02   4.6191e+01   0.0000e+00   0.0000e+00   2.9678e+02
20260627_13:00:00   4.7001e-01   1.1011e+02   4.5740e+01   0.0000e+00   0.0000e+00   2.9667e+02
20260627_14:00:00   4.7895e-01   1.1170e+02   4.6496e+01   1.3476e-03   0.0000e+00   2.9710e+02
20260627_15:00:00   4.7239e-01   1.1058e+02   4.6023e+01   0.0000e+00   0.0000e+00   2.9658e+02
20260627_16:00:00   4.4713e-01   1.0618e+02   4.3508e+01   0.0000e+00   0.0000e+00   2.9692e+02
20260627_17:00:00   4.4646e-01   1.0610e+02   4.3384e+01   0.0000e+00   0.0000e+00   2.9748e+02
20260627_18:00:00   4.5256e-01   1.0718e+02   4.4223e+01   0.0000e+00   0.0000e+00   2.9472e+02
20260627_19:00:00   4.2137e-01   1.0146e+02   4.1309e+01   0.0000e+00   0.0000e+00   2.9457e+02
20260627_20:00:00   3.7838e-01   9.3312e+01   3.6703e+01   0.0000e+00   0.0000e+00   2.9812e+02
20260627_21:00:00   3.5205e-01   8.8158e+01   3.3109e+01   0.0000e+00   0.0000e+00   2.9937e+02
20260627_22:00:00   3.3840e-01   8.5472e+01   3.0662e+01   0.0000e+00   0.0000e+00   2.9960e+02
20260627_23:00:00   3.4337e-01   8.6497e+01   3.0561e+01   4.3120e-04   0.0000e+00   2.9836e+02
20260628_00:00:00   3.5773e-01   8.9408e+01   3.1700e+01   9.7680e-04   0.0000e+00   2.9677e+02
20260628_01:00:00   3.6984e-01   9.1834e+01   3.2992e+01   2.9933e-05   0.0000e+00   2.9626e+02
20260628_02:00:00   3.9037e-01   9.5905e+01   3.4897e+01   1.3612e-05   1.3208e-05   2.9559e+02
20260628_03:00:00   4.0932e-01   9.9524e+01   3.6531e+01   8.7240e-05   1.3208e-05   2.9791e+02
20260628_04:00:00   4.2212e-01   1.0193e+02   3.7113e+01   5.8790e-03   0.0000e+00   2.9753e+02
20260628_05:00:00   4.0911e-01   9.9449e+01   3.6246e+01   1.1464e-03   0.0000e+00   2.9638e+02
20260628_06:00:00   3.8711e-01   9.5196e+01   3.4153e+01   4.4447e-03   0.0000e+00   2.9691e+02
20260628_07:00:00   3.6733e-01   9.1259e+01   3.2334e+01   6.0956e-03   0.0000e+00   2.9663e+02
20260628_08:00:00   3.4454e-01   8.6638e+01   3.0836e+01   3.0730e-04   0.0000e+00   2.9656e+02
20260628_09:00:00   3.3105e-01   8.3864e+01   2.9651e+01   4.0080e-06   0.0000e+00   2.9631e+02
20260628_10:00:00   3.3893e-01   8.5531e+01   3.0223e+01   1.5812e-04   0.0000e+00   2.9566e+02
20260628_11:00:00   3.4561e-01   8.6960e+01   3.0980e+01   0.0000e+00   0.0000e+00   2.9469e+02
20260628_12:00:00   4.3431e-01   1.0426e+02   3.3024e+01   8.8780e-02   0.0000e+00   2.9362e+02
20260628_13:00:00   3.7158e-01   9.2205e+01   3.3263e+01   8.1220e-03   0.0000e+00   2.9353e+02
20260628_14:00:00   3.6045e-01   9.0025e+01   3.3166e+01   1.6922e-04   0.0000e+00   2.9453e+02
20260628_15:00:00   3.8326e-01   9.4598e+01   3.4566e+01   7.6040e-03   0.0000e+00   2.9416e+02
20260628_16:00:00   3.8599e-01   9.5180e+01   3.5066e+01   1.0282e-03   0.0000e+00   2.9473e+02
20260628_17:00:00   3.7798e-01   9.3612e+01   3.4547e+01   0.0000e+00   0.0000e+00   2.9434e+02
20260628_18:00:00   3.9019e-01   9.6007e+01   3.5583e+01   5.4440e-05   0.0000e+00   2.9312e+02
20260628_19:00:00   4.0076e-01   9.8089e+01   3.6487e+01   4.8715e-04   6.8320e-06   2.9309e+02
20260628_20:00:00   4.1278e-01   1.0040e+02   3.7567e+01   8.0960e-04   8.9100e-08   2.9302e+02
20260628_21:00:00   4.3003e-01   1.0367e+02   3.9018e+01   5.9370e-04   0.0000e+00   2.9234e+02
20260628_22:00:00   4.4333e-01   1.0616e+02   4.0155e+01   8.3272e-04   0.0000e+00   2.8988e+02
20260628_23:00:00   4.4683e-01   1.0680e+02   4.0683e+01   1.4646e-05   0.0000e+00   2.8821e+02
20260629_00:00:00   4.5315e-01   1.0795e+02   4.1397e+01   1.7928e-05   0.0000e+00   2.8943e+02
20260629_01:00:00   4.5977e-01   1.0913e+02   4.2113e+01   2.4140e-04   1.7820e-07   2.9170e+02
20260629_02:00:00   4.6582e-01   1.1019e+02   4.2782e+01   5.3631e-04   2.2039e-04   2.9343e+02
20260629_03:00:00   4.7109e-01   1.1112e+02   4.3377e+01   9.8603e-04   2.8424e-05   2.9323e+02
20260629_04:00:00   4.7524e-01   1.1182e+02   4.3790e+01   1.8550e-03   9.7021e-05   2.9300e+02
20260629_05:00:00   4.7651e-01   1.1200e+02   4.4225e+01   2.2651e-04   2.6418e-05   2.9193e+02
20260629_06:00:00   4.8518e-01   1.1345e+02   4.5273e+01   2.6740e-07   1.0590e-03   2.9160e+02
20260629_07:00:00   4.9146e-01   1.1452e+02   4.6043e+01   7.4040e-04   2.3529e-03   2.9004e+02
20260629_08:00:00   4.9614e-01   1.1531e+02   4.6640e+01   6.9740e-04   2.5525e-03   2.9078e+02
20260629_09:00:00   4.9326e-01   1.1481e+02   4.6671e+01   9.6895e-05   3.7556e-04   2.9142e+02
20260629_10:00:00   4.9943e-01   1.1583e+02   4.7482e+01   8.3180e-06   7.8661e-04   2.9296e+02
20260629_11:00:00   5.0504e-01   1.1682e+02   4.8180e+01   4.3260e-05   1.3208e-05   2.9423e+02
20260629_12:00:00   5.0271e-01   1.1646e+02   4.8126e+01   5.3100e-04   1.7738e-06   2.9419e+02
20260629_13:00:00   4.9672e-01   1.1542e+02   4.7829e+01   2.3286e-04   1.7738e-06   2.9663e+02
20260629_14:00:00   4.9995e-01   1.1601e+02   4.7842e+01   2.3606e-03   3.0694e-05   2.9612e+02
20260629_15:00:00   5.1363e-01   1.1843e+02   4.8500e+01   7.7144e-03   3.3880e-05   2.9415e+02
20260629_16:00:00   5.0845e-01   1.1755e+02   4.8363e+01   2.5650e-03   8.5921e-05   2.9542e+02
20260629_17:00:00   5.0605e-01   1.1714e+02   4.8309e+01   1.7058e-03   4.1030e-04   2.9465e+02
20260629_18:00:00   5.1149e-01   1.1805e+02   4.8870e+01   2.7531e-03   7.8940e-04   2.9341e+02
20260629_21:00:00   5.1978e-01   1.1944e+02   5.0126e+01   2.4958e-06   2.1563e-04   2.9391e+02
20260630_00:00:00   5.1284e-01   1.1824e+02   4.9612e+01   0.0000e+00   8.1440e-05   2.9635e+02
20260630_03:00:00   5.2960e-01   1.2098e+02   5.1019e+01   9.1780e-05   1.2716e-03   2.9490e+02
20260630_06:00:00   5.2741e-01   1.2048e+02   5.0870e+01   2.0940e-03   1.0664e-06   2.9428e+02
20260630_09:00:00   5.3173e-01   1.2123e+02   4.9633e+01   3.3468e-02   2.3320e-05   2.9025e+02
20260630_12:00:00   5.4584e-01   1.2361e+02   4.8625e+01   6.9900e-02   3.6362e-04   2.9698e+02
20260630_15:00:00   4.7248e-01   1.1076e+02   4.7150e+01   1.7189e-04   3.0380e-04   2.9639e+02
20260630_18:00:00   4.7103e-01   1.1042e+02   4.7326e+01   1.9970e-03   0.0000e+00   2.9543e+02
20260630_21:00:00   4.4494e-01   1.0572e+02   4.4969e+01   0.0000e+00   0.0000e+00   2.9667e+02
20260701_00:00:00   4.4091e-01   1.0504e+02   4.4394e+01   6.3660e-04   0.0000e+00   3.0057e+02
20260701_03:00:00   4.4683e-01   1.0616e+02   4.4543e+01   6.3840e-04   0.0000e+00   2.9481e+02
20260701_06:00:00   4.6876e-01   1.1008e+02   4.5461e+01   8.1840e-03   0.0000e+00   2.9297e+02
20260701_09:00:00   4.5984e-01   1.0848e+02   4.4989e+01   5.0280e-03   0.0000e+00   2.9630e+02
20260701_12:00:00   4.5032e-01   1.0682e+02   4.4131e+01   6.9620e-04   0.0000e+00   2.9674e+02
20260701_15:00:00   4.3636e-01   1.0427e+02   4.3169e+01   8.7840e-04   0.0000e+00   2.9563e+02
20260701_18:00:00   4.3869e-01   1.0479e+02   4.3383e+01   9.3160e-04   0.0000e+00   2.9172e+02
20260701_21:00:00   4.2590e-01   1.0230e+02   4.2582e+01   0.0000e+00   0.0000e+00   2.9135e+02
20260702_00:00:00   4.3518e-01   1.0407e+02   4.3125e+01   2.6730e-07   3.5360e-07   2.9672e+02
20260702_03:00:00   4.3552e-01   1.0416e+02   4.3024e+01   3.3420e-07   2.6938e-05   2.9758e+02
20260702_06:00:00   4.3939e-01   1.0475e+02   4.3167e+01   4.0490e-06   7.1888e-06   2.9910e+02
20260702_09:00:00   4.2581e-01   1.0217e+02   4.1956e+01   8.9690e-05   1.0144e-04   2.9496e+02
20260702_12:00:00   4.1891e-01   1.0094e+02   4.1160e+01   1.0992e-03   0.0000e+00   2.9409e+02
20260702_15:00:00   4.0631e-01   9.8580e+01   4.0345e+01   2.9716e-05   4.3820e-05   2.9914e+02
20260702_18:00:00   3.9924e-01   9.7227e+01   4.0084e+01   0.0000e+00   8.9503e-04   2.9515e+02
20260702_21:00:00   3.9833e-01   9.7060e+01   3.9750e+01   0.0000e+00   3.1103e-03   2.9400e+02
20260703_00:00:00   3.9895e-01   9.7205e+01   3.9605e+01   0.0000e+00   1.2104e-03   2.9391e+02
20260703_03:00:00   3.9675e-01   9.6798e+01   3.9460e+01   0.0000e+00   0.0000e+00   2.9639e+02
20260703_06:00:00   3.9153e-01   9.5779e+01   3.8675e+01   0.0000e+00   0.0000e+00   2.9614e+02
20260703_09:00:00   3.8787e-01   9.5049e+01   3.8103e+01   0.0000e+00   0.0000e+00   2.9040e+02
20260703_12:00:00   3.8373e-01   9.4278e+01   3.7566e+01   0.0000e+00   0.0000e+00   2.9353e+02
20260703_15:00:00   3.8414e-01   9.4445e+01   3.7456e+01   3.8800e-05   0.0000e+00   2.9238e+02
20260703_18:00:00   3.8029e-01   9.3790e+01   3.7081e+01   0.0000e+00   1.3034e-05   2.9338e+02
20260703_21:00:00   3.7882e-01   9.3479e+01   3.6847e+01   2.9940e-05   2.1140e-04   2.9217e+02
20260704_00:00:00   4.1581e-01   1.0061e+02   3.7026e+01   4.3980e-02   3.1481e-03   2.9316e+02
20260704_03:00:00   4.3821e-01   1.0486e+02   3.6779e+01   7.3580e-02   1.7534e-02   2.9120e+02
20260704_06:00:00   4.6633e-01   1.0994e+02   3.7790e+01   9.8180e-02   2.8509e-02   2.9112e+02
20260704_09:00:00   3.7764e-01   9.3206e+01   3.6871e+01   2.2720e-04   3.7759e-03   2.8879e+02
20260704_12:00:00   3.4313e-01   8.6293e+01   3.3362e+01   0.0000e+00   8.6557e-05   2.9199e+02
20260704_15:00:00   3.5630e-01   8.9066e+01   3.4413e+01   0.0000e+00   2.7940e-03   2.9161e+02
20260704_18:00:00   3.5675e-01   8.9110e+01   3.4867e+01   0.0000e+00   8.5360e-03   2.8886e+02
20260704_21:00:00   3.8459e-01   9.4658e+01   3.7478e+01   0.0000e+00   1.7992e-02   2.8642e+02
20260705_00:00:00   3.9637e-01   9.6995e+01   3.8666e+01   0.0000e+00   8.7068e-03   2.8594e+02
20260705_03:00:00   4.0239e-01   9.8111e+01   3.9377e+01   2.2220e-04   2.4395e-03   2.8437e+02
20260705_06:00:00   4.0558e-01   9.8616e+01   3.9796e+01   1.1070e-04   5.0639e-02   2.8634e+02
20260705_09:00:00   4.2044e-01   1.0133e+02   4.0071e+01   2.3920e-02   3.6385e-02   2.8654e+02
20260705_12:00:00   4.9538e-01   1.1515e+02   3.9533e+01   1.2326e-01   2.5236e-03   2.8839e+02
20260705_15:00:00   4.2554e-01   1.0248e+02   3.9550e+01   2.8160e-02   1.4140e-03   2.8818e+02
20260705_18:00:00   4.0854e-01   9.9347e+01   3.9575e+01   1.8882e-03   4.2380e-03   2.8747e+02
20260705_21:00:00   4.0502e-01   9.8670e+01   3.9272e+01   3.2680e-04   9.7750e-03   2.8654e+02
20260706_00:00:00   3.8437e-01   9.4707e+01   3.7639e+01   0.0000e+00   1.8845e-03   2.8935e+02
20260706_03:00:00   4.0735e-01   9.9049e+01   3.9448e+01   9.5680e-04   3.3755e-03   2.9153e+02
20260706_06:00:00   3.9830e-01   9.7189e+01   3.9086e+01   6.6540e-06   2.0821e-02   2.8902e+02
20260706_09:00:00   3.9946e-01   9.7401e+01   3.8802e+01   3.6720e-03   8.2394e-03   2.9160e+02
20260706_12:00:00   4.8256e-01   1.1293e+02   3.8431e+01   1.1522e-01   4.8324e-03   2.9545e+02
20260706_15:00:00   3.9516e-01   9.6770e+01   3.8252e+01   0.0000e+00   1.3100e-02   2.9624e+02
20260706_18:00:00   4.0215e-01   9.8098e+01   3.8641e+01   0.0000e+00   4.5985e-02   2.9705e+02
20260706_21:00:00   3.8059e-01   9.3889e+01   3.6569e+01   0.0000e+00   3.9388e-02   2.9697e+02
20260707_00:00:00   3.8226e-01   9.4171e+01   3.6336e+01   4.3980e-05   8.4241e-02   2.9192e+02
20260707_03:00:00   3.9501e-01   9.6787e+01   3.6466e+01   1.4900e-03   2.4174e-02   2.9089e+02
20260707_06:00:00   3.8872e-01   9.5555e+01   3.5991e+01   6.1900e-07   2.0661e-02   2.8932e+02
20260707_09:00:00   4.6839e-01   1.1048e+02   4.0945e+01   3.1701e-02   8.4986e-03   2.8732e+02
20260707_12:00:00   5.3320e-01   1.2189e+02   4.3046e+01   8.0589e-02   2.9119e-03   2.8906e+02
20260707_15:00:00   5.5673e-01   1.2589e+02   4.4661e+01   8.6395e-02   2.8475e-03   2.9030e+02
20260707_18:00:00   3.8689e-01   9.5257e+01   3.6423e+01   2.5104e-03   8.1629e-03   2.8778e+02
20260707_21:00:00   3.9653e-01   9.7150e+01   3.7315e+01   0.0000e+00   8.7663e-03   2.8515e+02
20260708_00:00:00   4.3933e-01   1.0524e+02   4.0885e+01   6.1480e-03   5.9761e-03   2.8869e+02
20260708_03:00:00   4.2778e-01   1.0310e+02   4.0604e+01   0.0000e+00   5.3860e-03   2.8913e+02
20260708_06:00:00   4.6384e-01   1.0974e+02   4.0045e+01   5.6320e-02   1.8404e-03   2.8786e+02
20260708_09:00:00   3.9030e-01   9.5799e+01   3.7510e+01   0.0000e+00   1.3382e-03   2.8762e+02
20260708_12:00:00   3.7506e-01   9.2776e+01   3.6313e+01   0.0000e+00   3.1361e-04   2.8837e+02
20260708_15:00:00   3.6759e-01   9.1453e+01   3.5671e+01   0.0000e+00   5.9014e-04   2.9124e+02
20260708_18:00:00   3.8087e-01   9.4087e+01   3.7001e+01   0.0000e+00   1.2822e-03   2.8878e+02
20260708_21:00:00   3.9306e-01   9.6462e+01   3.8138e+01   0.0000e+00   0.0000e+00   2.9004e+02
20260709_00:00:00   3.8877e-01   9.5589e+01   3.7894e+01   4.7960e-04   0.0000e+00   2.9124e+02
20260709_03:00:00   3.7498e-01   9.2898e+01   3.6288e+01   0.0000e+00   3.5360e-07   2.8983e+02
20260709_06:00:00   3.8005e-01   9.3904e+01   3.5821e+01   0.0000e+00   0.0000e+00   2.8933e+02
20260709_09:00:00   4.2369e-01   1.0231e+02   3.5372e+01   5.8860e-02   0.0000e+00   2.9224e+02
20260709_12:00:00   3.7705e-01   9.3251e+01   3.5339e+01   0.0000e+00   0.0000e+00   2.9413e+02
20260709_15:00:00   4.0825e-01   9.9372e+01   3.8149e+01   2.6420e-05   0.0000e+00   2.9684e+02
20260709_18:00:00   4.4977e-01   1.0712e+02   4.1832e+01   8.5837e-03   0.0000e+00   2.9398e+02
20260709_21:00:00   4.7015e-01   1.1068e+02   4.4709e+01   0.0000e+00   0.0000e+00   2.9481e+02
20260710_00:00:00   4.9016e-01   1.1427e+02   4.6729e+01   8.5520e-05   0.0000e+00   2.9437e+02
20260710_03:00:00   4.8843e-01   1.1400e+02   4.6086e+01   9.9140e-04   4.0100e-05   2.9480e+02
20260710_06:00:00   4.7602e-01   1.1186e+02   4.4473e+01   3.9975e-03   0.0000e+00   2.9109e+02
20260710_09:00:00   4.9556e-01   1.1518e+02   4.6935e+01   4.3614e-03   3.7520e-05   2.9256e+02
20260710_12:00:00   5.0217e-01   1.1633e+02   4.8191e+01   2.0361e-04   4.2006e-04   2.9198e+02
20260710_15:00:00   5.2569e-01   1.2027e+02   5.1655e+01   1.9410e-05   2.6575e-03   2.9411e+02
20260710_18:00:00   5.1387e-01   1.1826e+02   5.0998e+01   1.1584e-06   2.9515e-03   2.9390e+02
