#            date       tau255        Tb[K]      pwv[mm] lwp[kg*m^-2] iwp[kg*m^-2]       o3[DU]
20260714_00:00:00   4.1287e-01   1.0028e+02   4.0120e+01   4.1340e-04   5.3380e-04   2.9437e+02
20260714_01:00:00   4.0712e-01   9.9162e+01   3.9658e+01   1.4112e-03   3.8240e-04   2.9481e+02
20260714_02:00:00   3.9176e-01   9.6154e+01   3.8409e+01   1.3056e-03   1.1700e-03   2.9597e+02
20260714_03:00:00   3.8834e-01   9.5444e+01   3.8146e+01   1.4304e-03   4.2537e-03   2.9237e+02
20260714_04:00:00   3.9049e-01   9.5829e+01   3.8179e+01   2.1440e-03   1.0410e-02   2.9362e+02
20260714_05:00:00   3.8905e-01   9.5518e+01   3.8006e+01   1.0614e-03   1.4770e-02   2.9595e+02
20260714_06:00:00   3.9917e-01   9.7441e+01   3.8583e+01   1.5254e-03   4.1871e-03   2.9407e+02
20260714_07:00:00   3.9939e-01   9.7463e+01   3.8624e+01   1.1682e-03   2.5737e-03   2.9020e+02
20260714_08:00:00   3.7791e-01   9.3268e+01   3.7125e+01   0.0000e+00   6.5484e-04   2.9045e+02
20260714_09:00:00   3.6380e-01   9.0417e+01   3.6069e+01   5.3240e-05   1.7436e-05   2.9259e+02
20260714_10:00:00   3.4740e-01   8.7086e+01   3.4595e+01   0.0000e+00   2.7035e-04   2.9063e+02
20260714_11:00:00   3.4709e-01   8.7024e+01   3.4399e+01   0.0000e+00   7.5053e-05   2.9295e+02
20260714_12:00:00   3.4604e-01   8.6811e+01   3.4239e+01   0.0000e+00   4.3978e-04   2.9453e+02
20260714_13:00:00   3.6022e-01   8.9734e+01   3.5312e+01   0.0000e+00   9.2778e-04   2.9953e+02
20260714_14:00:00   3.6541e-01   9.0780e+01   3.5701e+01   0.0000e+00   1.5888e-03   3.0014e+02
20260714_15:00:00   3.6622e-01   9.0949e+01   3.5757e+01   0.0000e+00   3.1718e-03   2.9825e+02
20260714_16:00:00   3.6510e-01   9.0710e+01   3.5685e+01   0.0000e+00   3.5624e-03   2.9744e+02
20260714_17:00:00   3.5816e-01   8.9306e+01   3.5124e+01   0.0000e+00   4.4648e-03   2.9598e+02
20260714_18:00:00   3.5994e-01   8.9671e+01   3.5187e+01   0.0000e+00   4.4881e-03   2.9541e+02
20260714_19:00:00   3.6762e-01   9.1258e+01   3.5629e+01   0.0000e+00   3.1759e-03   2.9577e+02
20260714_20:00:00   3.7382e-01   9.2516e+01   3.6097e+01   2.5455e-04   1.8228e-03   2.9865e+02
20260714_21:00:00   3.6596e-01   9.0946e+01   3.5485e+01   1.6736e-03   1.4976e-05   2.9936e+02
20260714_22:00:00   3.4941e-01   8.7593e+01   3.4231e+01   5.8560e-04   0.0000e+00   3.0046e+02
20260714_23:00:00   3.6122e-01   9.0010e+01   3.5075e+01   4.6580e-05   1.9452e-06   3.0019e+02
20260715_00:00:00   3.6355e-01   9.0509e+01   3.5122e+01   9.1840e-04   5.2496e-05   3.0283e+02
20260715_01:00:00   4.6314e-01   1.0954e+02   3.7165e+01   9.8880e-02   5.8500e-04   3.0453e+02
20260715_02:00:00   5.4999e-01   1.2472e+02   3.7478e+01   2.0460e-01   2.9420e-03   3.0392e+02
20260715_03:00:00   5.8160e-01   1.2987e+02   3.7273e+01   2.4800e-01   2.5335e-03   3.0200e+02
20260715_04:00:00   4.3444e-01   1.0420e+02   3.4936e+01   9.3340e-02   2.7761e-03   3.0149e+02
20260715_05:00:00   3.2710e-01   8.3001e+01   3.1608e+01   0.0000e+00   8.4684e-04   3.0106e+02
20260715_06:00:00   3.2937e-01   8.3435e+01   3.1769e+01   0.0000e+00   3.2620e-04   3.0137e+02
20260715_07:00:00   3.4393e-01   8.6371e+01   3.2991e+01   0.0000e+00   3.2140e-04   3.0301e+02
20260715_08:00:00   3.4473e-01   8.6519e+01   3.2970e+01   3.3960e-05   3.0700e-04   3.0304e+02
20260715_09:00:00   3.4027e-01   8.5609e+01   3.2644e+01   1.8464e-04   8.0040e-05   3.0485e+02
20260715_10:00:00   3.6028e-01   8.9686e+01   3.3901e+01   8.2934e-03   0.0000e+00   3.0424e+02
20260715_11:00:00   3.7283e-01   9.2190e+01   3.4695e+01   1.4261e-02   0.0000e+00   3.0465e+02
20260715_12:00:00   5.1460e-01   1.1837e+02   3.6387e+01   1.7362e-01   0.0000e+00   3.0536e+02
20260715_13:00:00   5.1788e-01   1.1895e+02   3.7047e+01   1.6940e-01   0.0000e+00   3.0595e+02
20260715_14:00:00   4.4681e-01   1.0632e+02   3.6958e+01   7.8780e-02   0.0000e+00   3.0408e+02
20260715_15:00:00   3.6952e-01   9.1555e+01   3.5686e+01   7.5140e-04   0.0000e+00   3.0255e+02
20260715_16:00:00   3.6263e-01   9.0221e+01   3.5197e+01   3.5040e-06   0.0000e+00   3.0502e+02
20260715_17:00:00   3.6908e-01   9.1474e+01   3.5698e+01   8.8560e-05   0.0000e+00   3.0447e+02
20260715_18:00:00   3.7271e-01   9.2206e+01   3.5867e+01   2.7820e-03   7.0740e-07   3.0578e+02
20260715_19:00:00   3.7141e-01   9.1920e+01   3.5923e+01   1.2112e-03   1.0678e-04   3.0537e+02
20260715_20:00:00   3.7645e-01   9.2918e+01   3.6345e+01   5.7180e-04   1.2818e-04   3.0658e+02
20260715_21:00:00   3.7462e-01   9.2562e+01   3.6178e+01   7.8500e-04   1.1412e-04   3.0587e+02
20260715_22:00:00   3.7467e-01   9.2580e+01   3.5448e+01   1.0288e-02   2.6420e-05   3.0775e+02
20260715_23:00:00   3.5722e-01   8.9128e+01   3.4378e+01   2.3120e-04   0.0000e+00   3.1110e+02
20260716_00:00:00   3.5171e-01   8.8049e+01   3.3679e+01   0.0000e+00   0.0000e+00   3.1266e+02
20260716_01:00:00   3.3816e-01   8.5318e+01   3.2266e+01   0.0000e+00   6.7800e-06   3.1392e+02
20260716_02:00:00   3.3386e-01   8.4434e+01   3.1593e+01   0.0000e+00   1.3562e-05   3.1209e+02
20260716_03:00:00   3.4454e-01   8.6664e+01   3.1885e+01   0.0000e+00   2.6420e-05   3.1007e+02
20260716_04:00:00   3.4016e-01   8.5807e+01   3.0940e+01   0.0000e+00   3.5360e-07   3.1016e+02
20260716_05:00:00   3.3644e-01   8.5027e+01   3.0283e+01   3.7440e-05   1.3542e-04   3.0992e+02
20260716_06:00:00   3.5573e-01   8.8918e+01   3.0817e+01   1.4400e-02   3.8155e-03   3.1104e+02
20260716_07:00:00   3.6695e-01   9.1156e+01   3.2115e+01   1.0052e-02   7.8320e-03   3.1191e+02
20260716_08:00:00   3.9709e-01   9.7054e+01   3.4752e+01   1.2319e-02   6.3661e-03   3.1188e+02
20260716_09:00:00   4.2628e-01   1.0260e+02   3.7749e+01   7.5189e-03   3.6296e-03   3.0976e+02
20260716_10:00:00   4.4788e-01   1.0657e+02   4.0335e+01   3.1285e-03   4.8887e-03   3.0712e+02
20260716_11:00:00   4.6728e-01   1.0999e+02   4.3550e+01   3.2520e-04   3.2007e-04   3.0752e+02
20260716_12:00:00   4.9024e-01   1.1396e+02   4.6718e+01   1.1616e-03   7.2800e-05   3.0814e+02
20260716_13:00:00   4.8409e-01   1.1289e+02   4.6193e+01   4.0940e-03   2.7703e-05   3.0875e+02
20260716_14:00:00   4.6958e-01   1.1035e+02   4.5090e+01   8.5280e-04   1.3243e-04   3.0898e+02
20260716_15:00:00   4.6898e-01   1.1027e+02   4.4979e+01   2.0566e-03   0.0000e+00   3.0850e+02
20260716_16:00:00   4.6102e-01   1.0886e+02   4.4239e+01   1.5220e-03   0.0000e+00   3.0905e+02
20260716_17:00:00   4.2416e-01   1.0219e+02   4.0396e+01   5.0910e-04   0.0000e+00   3.0851e+02
20260716_18:00:00   3.8307e-01   9.4390e+01   3.6220e+01   0.0000e+00   0.0000e+00   3.1098e+02
20260716_19:00:00   3.7928e-01   9.3698e+01   3.5518e+01   0.0000e+00   0.0000e+00   3.1133e+02
20260716_20:00:00   3.9982e-01   9.7690e+01   3.7184e+01   2.3206e-04   0.0000e+00   3.1428e+02
20260716_21:00:00   4.1563e-01   1.0069e+02   3.8591e+01   1.7684e-07   0.0000e+00   3.1318e+02
20260716_22:00:00   4.3641e-01   1.0457e+02   4.0334e+01   9.2620e-06   0.0000e+00   3.1128e+02
20260716_23:00:00   4.4164e-01   1.0550e+02   4.0910e+01   5.3460e-07   2.5338e-03   3.0925e+02
20260717_00:00:00   4.4379e-01   1.0588e+02   4.1135e+01   0.0000e+00   2.7101e-03   3.1138e+02
20260717_01:00:00   4.3445e-01   1.0413e+02   4.0634e+01   5.1620e-06   4.9141e-03   3.0960e+02
20260717_02:00:00   3.8789e-01   9.5170e+01   3.7175e+01   0.0000e+00   2.5898e-02   3.0445e+02
20260717_03:00:00   3.6272e-01   9.0132e+01   3.4712e+01   0.0000e+00   1.3752e-02   3.0508e+02
20260717_04:00:00   3.6447e-01   9.0511e+01   3.4390e+01   2.0230e-04   6.4974e-04   3.0600e+02
20260717_05:00:00   3.8645e-01   9.4849e+01   3.6334e+01   6.4966e-04   5.3392e-04   3.0706e+02
20260717_06:00:00   3.9881e-01   9.7239e+01   3.7493e+01   4.5443e-04   1.9872e-05   3.0770e+02
20260717_07:00:00   4.2202e-01   1.0162e+02   4.0050e+01   8.7300e-04   2.6740e-07   3.0812e+02
20260717_08:00:00   4.4463e-01   1.0577e+02   4.1988e+01   3.5254e-03   0.0000e+00   3.0754e+02
20260717_09:00:00   4.8446e-01   1.1294e+02   4.2747e+01   4.1521e-02   0.0000e+00   3.0800e+02
20260717_10:00:00   4.5854e-01   1.0834e+02   4.2389e+01   1.3104e-02   0.0000e+00   3.0809e+02
20260717_11:00:00   4.2708e-01   1.0253e+02   4.0871e+01   4.3199e-04   0.0000e+00   3.0755e+02
20260717_12:00:00   4.1851e-01   1.0090e+02   4.0307e+01   1.8869e-03   2.9060e-04   3.0672e+02
20260717_13:00:00   4.0333e-01   9.8018e+01   3.9329e+01   0.0000e+00   5.2580e-04   3.0599e+02
20260717_14:00:00   3.9342e-01   9.6145e+01   3.8422e+01   5.3060e-07   1.3001e-02   3.0711e+02
20260717_15:00:00   4.0151e-01   9.7767e+01   3.8875e+01   1.4458e-05   2.4196e-02   3.0740e+02
20260717_16:00:00   4.0588e-01   9.8670e+01   3.8963e+01   6.4565e-04   1.5031e-02   3.0617e+02
20260717_17:00:00   3.9221e-01   9.6049e+01   3.7766e+01   1.8667e-03   1.9308e-02   3.0518e+02
20260717_18:00:00   3.6174e-01   9.0051e+01   3.5437e+01   0.0000e+00   2.9909e-02   3.0447e+02
20260717_19:00:00   3.6325e-01   9.0389e+01   3.5368e+01   0.0000e+00   3.4267e-02   3.0515e+02
20260717_20:00:00   3.7834e-01   9.3402e+01   3.6335e+01   0.0000e+00   2.1095e-02   3.0580e+02
20260717_21:00:00   3.8738e-01   9.5254e+01   3.6576e+01   0.0000e+00   2.5000e-02   3.0619e+02
20260717_22:00:00   3.8690e-01   9.5241e+01   3.5700e+01   0.0000e+00   1.8238e-02   3.0612e+02
20260717_23:00:00   3.8624e-01   9.5144e+01   3.5268e+01   0.0000e+00   1.6829e-02   3.0434e+02
20260718_00:00:00   3.9436e-01   9.6696e+01   3.6563e+01   7.6940e-05   3.0423e-02   3.0377e+02
20260718_01:00:00   4.1446e-01   1.0049e+02   3.8789e+01   2.3840e-03   2.6194e-02   3.0121e+02
20260718_02:00:00   4.2054e-01   1.0162e+02   3.9849e+01   0.0000e+00   3.6818e-03   3.0203e+02
20260718_03:00:00   4.2290e-01   1.0208e+02   4.0077e+01   0.0000e+00   8.7640e-04   3.0288e+02
20260718_04:00:00   4.3485e-01   1.0432e+02   4.0645e+01   1.4496e-03   1.1921e-03   3.0158e+02
20260718_05:00:00   4.5191e-01   1.0753e+02   4.1174e+01   1.2470e-02   8.8719e-04   3.0164e+02
20260718_06:00:00   4.9950e-01   1.1601e+02   4.1949e+01   5.7527e-02   4.2714e-04   3.0228e+02
20260718_07:00:00   5.0270e-01   1.1658e+02   4.1875e+01   5.6886e-02   2.2719e-04   3.0171e+02
20260718_08:00:00   5.0033e-01   1.1617e+02   4.1888e+01   5.0587e-02   8.1060e-05   2.9988e+02
20260718_09:00:00   4.6756e-01   1.1041e+02   4.1294e+01   1.7530e-02   6.7800e-06   2.9882e+02
20260718_10:00:00   4.4077e-01   1.0551e+02   4.0175e+01   2.9448e-04   1.2280e-04   2.9926e+02
20260718_11:00:00   4.1555e-01   1.0079e+02   3.7953e+01   7.3587e-04   1.6667e-04   2.9923e+02
20260718_12:00:00   4.1952e-01   1.0159e+02   3.6870e+01   2.0515e-02   1.7820e-07   3.0115e+02
20260718_13:00:00   4.2695e-01   1.0300e+02   3.6213e+01   3.7047e-02   1.4046e-04   3.0054e+02
20260718_14:00:00   4.0299e-01   9.8450e+01   3.5089e+01   2.1814e-02   8.1384e-04   2.9968e+02
20260718_15:00:00   3.7217e-01   9.2414e+01   3.3789e+01   2.2491e-03   1.2307e-03   3.0013e+02
20260718_16:00:00   3.7143e-01   9.2276e+01   3.3626e+01   1.3628e-03   7.7900e-04   2.9869e+02
20260718_17:00:00   3.7244e-01   9.2509e+01   3.3680e+01   1.2101e-03   1.6171e-03   2.9716e+02
20260718_18:00:00   3.7074e-01   9.2128e+01   3.3596e+01   9.4400e-04   1.3124e-03   2.9705e+02
20260718_19:00:00   3.5738e-01   8.9436e+01   3.2665e+01   2.3540e-04   6.0320e-05   2.9753e+02
20260718_20:00:00   3.4237e-01   8.6380e+01   3.1470e+01   4.0100e-06   4.5178e-06   2.9741e+02
20260718_21:00:00   3.3731e-01   8.5338e+01   3.1006e+01   0.0000e+00   5.3052e-07   2.9680e+02
20260718_22:00:00   3.3386e-01   8.4634e+01   3.0598e+01   0.0000e+00   0.0000e+00   2.9690e+02
20260718_23:00:00   3.2445e-01   8.2679e+01   2.9713e+01   0.0000e+00   0.0000e+00   2.9622e+02
20260719_00:00:00   3.2416e-01   8.2605e+01   2.9536e+01   0.0000e+00   2.6620e-05   2.9800e+02
20260719_03:00:00   3.8464e-01   9.4878e+01   3.3917e+01   2.5160e-05   9.6595e-05   2.9351e+02
20260719_06:00:00   3.6371e-01   9.0732e+01   3.2139e+01   1.2477e-04   1.4292e-04   2.9491e+02
20260719_09:00:00   3.9001e-01   9.5868e+01   3.4161e+01   6.4650e-05   1.6676e-05   2.9722e+02
20260719_12:00:00   3.4479e-01   8.6867e+01   3.0352e+01   0.0000e+00   0.0000e+00   2.9851e+02
20260719_15:00:00   3.7847e-01   9.3760e+01   3.1028e+01   3.5980e-02   0.0000e+00   2.9845e+02
20260719_18:00:00   4.0912e-01   9.9518e+01   3.7004e+01   5.1112e-03   0.0000e+00   2.9865e+02
20260719_21:00:00   4.5950e-01   1.0897e+02   4.1385e+01   3.7790e-03   0.0000e+00   2.9813e+02
20260720_00:00:00   4.2894e-01   1.0344e+02   3.8980e+01   6.1903e-04   0.0000e+00   2.9840e+02
20260720_03:00:00   3.9269e-01   9.6317e+01   3.6855e+01   0.0000e+00   0.0000e+00   2.9423e+02
20260720_06:00:00   3.4797e-01   8.7245e+01   3.3092e+01   0.0000e+00   0.0000e+00   2.9508e+02
20260720_09:00:00   3.4824e-01   8.7257e+01   3.3121e+01   6.2477e-04   0.0000e+00   2.9649e+02
20260720_12:00:00   3.6282e-01   9.0263e+01   3.3965e+01   4.2518e-03   0.0000e+00   2.9613e+02
20260720_15:00:00   3.4997e-01   8.7800e+01   3.3011e+01   0.0000e+00   0.0000e+00   2.9796e+02
20260720_18:00:00   3.5062e-01   8.7891e+01   3.3330e+01   0.0000e+00   0.0000e+00   2.9808e+02
20260720_21:00:00   3.4407e-01   8.6531e+01   3.2419e+01   1.0481e-04   0.0000e+00   2.9725e+02
20260721_00:00:00   3.4194e-01   8.6017e+01   3.2317e+01   0.0000e+00   0.0000e+00   3.0050e+02
20260721_03:00:00   3.4301e-01   8.6150e+01   3.2527e+01   2.6522e-07   0.0000e+00   2.9864e+02
20260721_06:00:00   3.7089e-01   9.1759e+01   3.4501e+01   3.1236e-03   0.0000e+00   3.0012e+02
20260721_09:00:00   4.2248e-01   1.0172e+02   3.9188e+01   2.3235e-03   0.0000e+00   2.9924e+02
20260721_12:00:00   4.1344e-01   1.0003e+02   3.8851e+01   1.3955e-03   0.0000e+00   2.9954e+02
20260721_15:00:00   3.8257e-01   9.4216e+01   3.5981e+01   3.2855e-04   0.0000e+00   3.0144e+02
20260721_18:00:00   4.1094e-01   9.9765e+01   3.8657e+01   3.6340e-06   0.0000e+00   3.0290e+02
20260721_21:00:00   4.0712e-01   9.9042e+01   3.8085e+01   1.3716e-06   0.0000e+00   3.0570e+02
20260722_00:00:00   4.0368e-01   9.8397e+01   3.7479e+01   0.0000e+00   0.0000e+00   3.0514e+02
20260722_03:00:00   4.2294e-01   1.0203e+02   3.9078e+01   2.2940e-04   0.0000e+00   3.0535e+02
20260722_06:00:00   3.5381e-01   8.8361e+01   3.3273e+01   0.0000e+00   0.0000e+00   3.0096e+02
20260722_09:00:00   3.6222e-01   9.0099e+01   3.3118e+01   5.6790e-03   0.0000e+00   2.9780e+02
20260722_12:00:00   3.6181e-01   9.0081e+01   3.3236e+01   0.0000e+00   0.0000e+00   2.9762e+02
20260722_15:00:00   3.5523e-01   8.8913e+01   3.2603e+01   0.0000e+00   0.0000e+00   2.9821e+02
20260722_18:00:00   3.5613e-01   8.9124e+01   3.2740e+01   0.0000e+00   0.0000e+00   2.9630e+02
20260722_21:00:00   3.3220e-01   8.4224e+01   3.0659e+01   4.9170e-05   0.0000e+00   2.9564e+02
20260723_00:00:00   3.2347e-01   8.2375e+01   2.9606e+01   2.6520e-07   0.0000e+00   2.9861e+02
20260723_03:00:00   3.4458e-01   8.6716e+01   3.1315e+01   0.0000e+00   0.0000e+00   2.9601e+02
20260723_06:00:00   4.2759e-01   1.0298e+02   3.3010e+01   7.9830e-02   0.0000e+00   2.9538e+02
20260723_09:00:00   3.6687e-01   9.1219e+01   3.2972e+01   1.1652e-05   0.0000e+00   2.9324e+02
20260723_12:00:00   3.8611e-01   9.4971e+01   3.5473e+01   5.7938e-03   0.0000e+00   2.9221e+02
20260723_15:00:00   4.2044e-01   1.0161e+02   3.9170e+01   5.1778e-03   0.0000e+00   2.9773e+02
20260723_18:00:00   4.6062e-01   1.0890e+02   4.4163e+01   4.8923e-03   5.2840e-06   2.9637e+02
20260723_21:00:00   4.7880e-01   1.1194e+02   4.6904e+01   0.0000e+00   6.7115e-02   2.9503e+02
20260724_00:00:00   5.4268e-01   1.2280e+02   5.3693e+01   2.1820e-05   4.5780e-03   2.9132e+02
20260724_03:00:00   4.9446e-01   1.1467e+02   4.8926e+01   3.7000e-03   2.6348e-02   2.9122e+02
20260724_06:00:00   4.7109e-01   1.1059e+02   4.6247e+01   1.6236e-03   4.1927e-03   2.9103e+02
20260724_09:00:00   4.6824e-01   1.1008e+02   4.5649e+01   8.7880e-04   6.6400e-05   2.9290e+02
20260724_12:00:00   4.3184e-01   1.0360e+02   4.1499e+01   4.8240e-03   1.9962e-03   2.9264e+02
20260724_15:00:00   4.7104e-01   1.1098e+02   4.4072e+01   7.1230e-03   1.7522e-02   2.9140e+02
20260724_18:00:00   3.8601e-01   9.4965e+01   3.7492e+01   1.2474e-06   1.4711e-04   2.9193e+02
20260724_21:00:00   3.6977e-01   9.1721e+01   3.5836e+01   0.0000e+00   9.0654e-05   2.9192e+02
20260725_00:00:00   3.6410e-01   9.0569e+01   3.4985e+01   0.0000e+00   1.7415e-03   2.9626e+02
20260725_03:00:00   3.5418e-01   8.8549e+01   3.4043e+01   0.0000e+00   6.8460e-03   2.9323e+02
20260725_06:00:00   3.8517e-01   9.4586e+01   3.6565e+01   3.9060e-04   4.6200e-04   2.8901e+02
20260725_09:00:00   4.0089e-01   9.7674e+01   3.7935e+01   1.2402e-05   3.7518e-04   2.8762e+02
20260725_12:00:00   4.1776e-01   1.0095e+02   3.9779e+01   2.5592e-04   4.1997e-03   2.9177e+02
20260725_15:00:00   4.5992e-01   1.0888e+02   4.3545e+01   6.0584e-04   6.0955e-03   2.9446e+02
20260725_18:00:00   4.7626e-01   1.1175e+02   4.5992e+01   6.0360e-04   5.3600e-03   2.9092e+02
20260725_21:00:00   4.6471e-01   1.0964e+02   4.5045e+01   1.1180e-03   5.7978e-03   2.9157e+02
20260726_00:00:00   4.3327e-01   1.0373e+02   4.2826e+01   0.0000e+00   5.6262e-03   2.9444e+02
20260726_03:00:00   4.4253e-01   1.0560e+02   4.2114e+01   8.0680e-05   4.3243e-03   2.9529e+02
20260726_06:00:00   4.0008e-01   9.7521e+01   3.8069e+01   1.7548e-04   3.6926e-03   2.9475e+02
20260726_09:00:00   4.1578e-01   1.0062e+02   3.9016e+01   8.8420e-08   5.7803e-03   2.9364e+02
20260726_12:00:00   4.3118e-01   1.0354e+02   4.0514e+01   1.1015e-04   2.1559e-03   2.9311e+02
20260726_15:00:00   4.8442e-01   1.1325e+02   4.5545e+01   2.0862e-03   1.4832e-03   2.9344e+02
20260726_18:00:00   5.0790e-01   1.1710e+02   4.9047e+01   3.5417e-03   1.2297e-02   2.9200e+02
20260726_21:00:00   4.0573e-01   9.8822e+01   3.8801e+01   2.1388e-06   1.5260e-03   2.9226e+02
20260727_00:00:00   4.2969e-01   1.0339e+02   4.0195e+01   0.0000e+00   2.4126e-03   2.9423e+02
20260727_03:00:00   4.4685e-01   1.0647e+02   4.2125e+01   0.0000e+00   6.4551e-03   2.9476e+02
20260727_06:00:00   4.3034e-01   1.0333e+02   4.0790e+01   2.7833e-03   1.4028e-02   2.9552e+02
20260727_09:00:00   4.4089e-01   1.0527e+02   4.1739e+01   3.6100e-06   3.4619e-03   2.9395e+02
20260727_12:00:00   4.4715e-01   1.0644e+02   4.2222e+01   1.0157e-03   1.9352e-04   2.9515e+02
20260727_15:00:00   3.9005e-01   9.5892e+01   3.6285e+01   0.0000e+00   3.9978e-04   2.9873e+02
20260727_18:00:00   4.1829e-01   1.0142e+02   3.8432e+01   4.3532e-04   8.8180e-05   2.9515e+02
20260727_21:00:00   4.2700e-01   1.0309e+02   3.8989e+01   3.1033e-04   0.0000e+00   2.9556e+02
20260728_00:00:00   4.1327e-01   1.0042e+02   3.8095e+01   0.0000e+00   0.0000e+00   2.9680e+02
20260728_03:00:00   3.8723e-01   9.5323e+01   3.6432e+01   0.0000e+00   2.5103e-03   2.9704e+02
20260728_06:00:00   3.8074e-01   9.3960e+01   3.6127e+01   6.1280e-05   1.6826e-03   2.9712e+02
20260728_09:00:00   4.1434e-01   1.0050e+02   3.9313e+01   1.3808e-04   1.8767e-02   2.9524e+02
20260728_12:00:00   3.8366e-01   9.4385e+01   3.7579e+01   4.5923e-05   1.0622e-02   2.9673e+02
20260728_15:00:00   3.4357e-01   8.6344e+01   3.4549e+01   3.2520e-06   1.0186e-02   2.9821e+02
20260728_18:00:00   3.8312e-01   9.4326e+01   3.7801e+01   0.0000e+00   9.6677e-02   2.9712e+02
20260728_21:00:00   3.9772e-01   9.7265e+01   3.8288e+01   2.1567e-03   6.4158e-02   2.9756e+02
20260729_00:00:00   3.6844e-01   9.1458e+01   3.5981e+01   0.0000e+00   1.5254e-02   2.9869e+02
20260729_03:00:00   3.8642e-01   9.5140e+01   3.6825e+01   6.2280e-04   1.4707e-02   2.9703e+02
20260729_06:00:00   4.6356e-01   1.0956e+02   4.3904e+01   1.0512e-04   1.6302e-02   2.9162e+02
20260729_09:00:00   4.3985e-01   1.0510e+02   4.2332e+01   1.6447e-04   4.3912e-03   2.9059e+02
20260729_12:00:00   3.9422e-01   9.6451e+01   3.7875e+01   0.0000e+00   1.5477e-04   2.9427e+02
20260729_15:00:00   4.0688e-01   9.9195e+01   3.8254e+01   7.6520e-04   3.2690e-03   2.9503e+02
20260729_18:00:00   4.5267e-01   1.0772e+02   4.2495e+01   1.0174e-03   6.4610e-03   2.9188e+02
20260729_21:00:00   4.2370e-01   1.0221e+02   4.0565e+01   0.0000e+00   8.7884e-03   2.9203e+02
20260730_00:00:00   4.1304e-01   1.0019e+02   3.9459e+01   3.4940e-05   1.0461e-03   2.8821e+02
