#            date       tau255        Tb[K]      pwv[mm] lwp[kg*m^-2] iwp[kg*m^-2]       o3[DU]
20260509_18:00:00   3.5887e-01   8.9499e+01   3.1933e+01   0.0000e+00   0.0000e+00   3.0138e+02
20260509_19:00:00   3.5035e-01   8.7789e+01   3.1531e+01   0.0000e+00   0.0000e+00   3.0118e+02
20260509_20:00:00   3.6858e-01   9.1360e+01   3.3873e+01   5.0940e-05   0.0000e+00   3.0138e+02
20260509_21:00:00   3.9333e-01   9.6183e+01   3.6173e+01   3.5760e-05   0.0000e+00   3.0253e+02
20260509_22:00:00   4.0373e-01   9.8153e+01   3.6912e+01   1.9898e-03   6.2100e-07   3.0301e+02
20260509_23:00:00   3.9117e-01   9.5771e+01   3.5723e+01   0.0000e+00   2.6620e-06   3.0239e+02
20260510_00:00:00   3.8346e-01   9.4289e+01   3.5097e+01   5.5568e-05   0.0000e+00   3.0200e+02
20260510_01:00:00   3.5594e-01   8.8839e+01   3.2604e+01   0.0000e+00   0.0000e+00   3.0208e+02
20260510_02:00:00   3.3101e-01   8.3772e+01   2.9958e+01   0.0000e+00   0.0000e+00   3.0293e+02
20260510_03:00:00   3.2704e-01   8.3016e+01   2.9266e+01   0.0000e+00   0.0000e+00   3.0324e+02
20260510_04:00:00   3.4775e-01   8.7262e+01   3.0953e+01   0.0000e+00   0.0000e+00   3.0186e+02
20260510_05:00:00   3.5593e-01   8.8850e+01   3.1894e+01   4.9530e-06   0.0000e+00   3.0048e+02
20260510_06:00:00   3.4795e-01   8.7226e+01   3.1343e+01   0.0000e+00   0.0000e+00   2.9895e+02
20260510_07:00:00   3.6429e-01   9.0425e+01   3.2742e+01   1.0155e-03   0.0000e+00   2.9673e+02
20260510_08:00:00   3.5891e-01   8.9305e+01   3.2699e+01   4.3440e-06   0.0000e+00   2.9594e+02
20260510_09:00:00   3.6909e-01   9.1314e+01   3.3792e+01   0.0000e+00   0.0000e+00   2.9633e+02
20260510_10:00:00   3.8359e-01   9.4202e+01   3.5221e+01   0.0000e+00   0.0000e+00   2.9647e+02
20260510_11:00:00   3.6168e-01   8.9863e+01   3.3652e+01   0.0000e+00   0.0000e+00   2.9666e+02
20260510_12:00:00   3.5383e-01   8.8276e+01   3.3002e+01   0.0000e+00   0.0000e+00   2.9534e+02
20260510_13:00:00   3.6440e-01   9.0447e+01   3.3681e+01   7.3960e-04   0.0000e+00   2.9368e+02
20260510_14:00:00   3.7253e-01   9.2075e+01   3.4252e+01   1.4108e-03   0.0000e+00   2.9106e+02
20260510_15:00:00   3.6726e-01   9.1035e+01   3.3806e+01   2.4089e-03   0.0000e+00   2.9212e+02
20260510_16:00:00   3.5388e-01   8.8385e+01   3.2818e+01   9.9160e-04   0.0000e+00   2.9349e+02
20260510_17:00:00   3.4762e-01   8.7147e+01   3.2408e+01   0.0000e+00   0.0000e+00   2.9369e+02
20260510_18:00:00   3.3682e-01   8.4966e+01   3.1528e+01   0.0000e+00   7.1280e-08   2.9201e+02
20260510_19:00:00   3.4116e-01   8.5852e+01   3.1798e+01   0.0000e+00   5.4240e-06   2.8880e+02
20260510_20:00:00   3.4727e-01   8.7104e+01   3.2246e+01   0.0000e+00   0.0000e+00   2.8710e+02
20260510_21:00:00   3.5294e-01   8.8263e+01   3.2673e+01   0.0000e+00   0.0000e+00   2.8643e+02
20260510_22:00:00   3.5714e-01   8.9135e+01   3.2834e+01   0.0000e+00   0.0000e+00   2.8477e+02
20260510_23:00:00   3.5156e-01   8.8042e+01   3.2293e+01   0.0000e+00   0.0000e+00   2.8833e+02
20260511_00:00:00   3.4767e-01   8.7279e+01   3.1811e+01   0.0000e+00   0.0000e+00   2.8776e+02
20260511_01:00:00   3.3544e-01   8.4799e+01   3.0628e+01   0.0000e+00   0.0000e+00   2.8628e+02
20260511_02:00:00   3.0922e-01   7.9273e+01   2.8355e+01   0.0000e+00   0.0000e+00   2.8721e+02
20260511_03:00:00   3.2833e-01   8.3272e+01   2.9708e+01   0.0000e+00   0.0000e+00   2.8641e+02
20260511_04:00:00   3.3940e-01   8.5581e+01   3.0335e+01   2.2784e-03   0.0000e+00   2.8588e+02
20260511_05:00:00   3.5030e-01   8.7796e+01   3.1489e+01   4.4120e-05   0.0000e+00   2.8693e+02
20260511_06:00:00   3.7622e-01   9.2925e+01   3.3907e+01   4.8750e-04   0.0000e+00   2.8444e+02
20260511_07:00:00   3.9816e-01   9.7136e+01   3.6252e+01   1.6591e-03   1.4148e-07   2.8361e+02
20260511_08:00:00   4.0876e-01   9.9090e+01   3.7957e+01   4.5260e-05   0.0000e+00   2.8261e+02
20260511_09:00:00   4.2717e-01   1.0248e+02   4.0128e+01   1.1904e-03   0.0000e+00   2.8195e+02
20260511_10:00:00   4.2445e-01   1.0200e+02   3.9965e+01   2.0026e-06   0.0000e+00   2.8250e+02
20260511_11:00:00   4.1560e-01   1.0040e+02   3.8809e+01   1.8373e-04   0.0000e+00   2.8319e+02
20260511_12:00:00   4.0381e-01   9.8220e+01   3.7506e+01   5.3690e-04   0.0000e+00   2.8493e+02
20260511_13:00:00   3.9819e-01   9.7189e+01   3.6812e+01   2.2185e-05   0.0000e+00   2.8567e+02
20260511_14:00:00   4.1182e-01   9.9784e+01   3.8315e+01   1.0879e-05   0.0000e+00   2.8748e+02
20260511_15:00:00   4.1492e-01   1.0033e+02   3.9102e+01   3.7530e-05   2.6620e-06   2.8956e+02
20260511_16:00:00   4.1939e-01   1.0118e+02   3.9871e+01   0.0000e+00   0.0000e+00   2.8977e+02
20260511_17:00:00   4.1593e-01   1.0042e+02   4.0190e+01   2.0340e-03   0.0000e+00   2.8927e+02
20260511_18:00:00   4.0838e-01   9.8848e+01   4.0337e+01   0.0000e+00   0.0000e+00   2.8953e+02
20260511_19:00:00   4.0371e-01   9.7941e+01   4.0139e+01   0.0000e+00   0.0000e+00   2.8960e+02
20260511_20:00:00   3.8637e-01   9.4625e+01   3.8608e+01   1.3263e-07   0.0000e+00   2.8959e+02
20260511_21:00:00   3.7090e-01   9.1643e+01   3.6732e+01   0.0000e+00   0.0000e+00   2.9103e+02
20260511_22:00:00   3.6278e-01   9.0054e+01   3.5562e+01   0.0000e+00   0.0000e+00   2.9162e+02
20260511_23:00:00   3.8685e-01   9.4818e+01   3.7450e+01   3.1850e-03   0.0000e+00   2.8922e+02
20260512_00:00:00   4.6233e-01   1.0906e+02   4.0269e+01   6.7450e-02   0.0000e+00   2.8798e+02
20260512_01:00:00   4.4938e-01   1.0662e+02   4.1317e+01   4.1110e-02   0.0000e+00   2.8779e+02
20260512_02:00:00   4.3318e-01   1.0364e+02   4.2461e+01   6.3725e-04   0.0000e+00   2.8782e+02
20260512_03:00:00   4.4207e-01   1.0537e+02   4.2769e+01   0.0000e+00   0.0000e+00   2.8769e+02
20260512_04:00:00   4.0852e-01   9.9106e+01   3.9273e+01   6.1900e-07   0.0000e+00   2.8822e+02
20260512_05:00:00   3.8197e-01   9.3988e+01   3.6488e+01   3.0658e-05   0.0000e+00   2.8832e+02
20260512_06:00:00   3.7872e-01   9.3334e+01   3.5962e+01   1.3328e-03   0.0000e+00   2.9012e+02
20260512_07:00:00   3.8337e-01   9.4200e+01   3.6406e+01   2.2577e-04   0.0000e+00   2.9302e+02
20260512_08:00:00   3.9444e-01   9.6384e+01   3.7343e+01   6.9248e-05   0.0000e+00   2.9474e+02
20260512_09:00:00   4.1183e-01   9.9684e+01   3.9047e+01   7.7164e-06   0.0000e+00   2.9194e+02
20260512_10:00:00   4.2223e-01   1.0161e+02   4.0093e+01   2.6910e-05   0.0000e+00   2.8992e+02
20260512_11:00:00   3.9397e-01   9.6161e+01   3.7986e+01   9.7470e-06   0.0000e+00   2.9068e+02
20260512_12:00:00   3.7761e-01   9.3010e+01   3.6408e+01   9.9060e-06   5.3460e-07   2.9057e+02
20260512_13:00:00   3.9336e-01   9.6201e+01   3.7130e+01   1.6907e-03   1.3335e-05   2.9024e+02
20260512_14:00:00   4.1202e-01   9.9837e+01   3.8721e+01   8.0360e-04   5.3974e-04   2.9087e+02
20260512_15:00:00   4.0773e-01   9.9059e+01   3.8362e+01   1.3824e-03   3.1716e-03   2.9059e+02
20260512_16:00:00   3.6413e-01   9.0541e+01   3.4716e+01   8.9840e-05   2.1346e-03   2.8856e+02
20260512_17:00:00   3.3833e-01   8.5246e+01   3.2712e+01   0.0000e+00   3.9620e-05   2.9095e+02
20260512_18:00:00   3.4476e-01   8.6597e+01   3.3164e+01   0.0000e+00   0.0000e+00   2.9390e+02
20260512_19:00:00   3.7178e-01   9.2094e+01   3.5254e+01   7.5930e-04   0.0000e+00   2.9336e+02
20260512_20:00:00   3.9355e-01   9.6361e+01   3.7311e+01   0.0000e+00   0.0000e+00   2.8940e+02
20260512_21:00:00   4.0791e-01   9.9134e+01   3.8618e+01   4.0430e-04   0.0000e+00   2.8948e+02
20260512_22:00:00   4.1339e-01   1.0018e+02   3.9173e+01   0.0000e+00   0.0000e+00   2.8919e+02
20260512_23:00:00   4.1798e-01   1.0108e+02   3.9448e+01   0.0000e+00   0.0000e+00   2.8780e+02
20260513_00:00:00   4.2233e-01   1.0192e+02   3.9659e+01   0.0000e+00   0.0000e+00   2.8854e+02
20260513_01:00:00   4.3657e-01   1.0455e+02   4.1044e+01   1.3365e-07   0.0000e+00   2.8786e+02
20260513_02:00:00   4.3805e-01   1.0479e+02   4.1289e+01   0.0000e+00   0.0000e+00   2.8742e+02
20260513_03:00:00   4.4573e-01   1.0615e+02   4.2195e+01   1.4059e-05   0.0000e+00   2.8674e+02
20260513_04:00:00   4.6245e-01   1.0904e+02   4.4333e+01   3.1880e-06   0.0000e+00   2.8726e+02
20260513_05:00:00   4.7157e-01   1.1056e+02   4.5598e+01   1.0919e-04   0.0000e+00   2.8773e+02
20260513_06:00:00   4.7067e-01   1.1034e+02   4.5695e+01   8.8109e-05   0.0000e+00   2.8755e+02
20260513_07:00:00   4.5812e-01   1.0809e+02   4.4566e+01   7.2810e-06   0.0000e+00   2.8653e+02
20260513_08:00:00   4.4624e-01   1.0596e+02   4.3233e+01   6.9500e-06   0.0000e+00   2.8621e+02
20260513_09:00:00   4.4380e-01   1.0551e+02   4.2900e+01   0.0000e+00   0.0000e+00   2.8519e+02
20260513_10:00:00   4.4234e-01   1.0526e+02   4.2696e+01   0.0000e+00   0.0000e+00   2.8469e+02
20260513_11:00:00   4.3427e-01   1.0383e+02   4.1893e+01   0.0000e+00   0.0000e+00   2.8371e+02
20260513_12:00:00   4.2886e-01   1.0291e+02   4.1181e+01   0.0000e+00   0.0000e+00   2.8343e+02
20260513_13:00:00   4.2434e-01   1.0213e+02   4.0647e+01   0.0000e+00   0.0000e+00   2.8531e+02
20260513_14:00:00   4.0748e-01   9.8985e+01   3.9123e+01   0.0000e+00   0.0000e+00   2.8636e+02
20260513_15:00:00   4.0232e-01   9.7977e+01   3.8492e+01   1.0339e-03   0.0000e+00   2.8688e+02
20260513_16:00:00   4.1698e-01   1.0086e+02   3.9640e+01   0.0000e+00   0.0000e+00   2.8637e+02
20260513_17:00:00   4.3276e-01   1.0382e+02   4.1099e+01   1.1005e-03   0.0000e+00   2.8650e+02
20260513_18:00:00   4.3395e-01   1.0403e+02   4.1360e+01   3.9180e-04   0.0000e+00   2.8555e+02
20260513_19:00:00   4.1778e-01   1.0098e+02   3.9975e+01   2.0957e-04   0.0000e+00   2.8394e+02
20260513_20:00:00   3.9900e-01   9.7431e+01   3.8192e+01   6.2390e-05   0.0000e+00   2.8301e+02
20260513_21:00:00   3.9584e-01   9.6898e+01   3.7656e+01   0.0000e+00   0.0000e+00   2.8120e+02
20260513_22:00:00   4.0279e-01   9.8232e+01   3.8150e+01   6.4390e-05   0.0000e+00   2.7958e+02
20260513_23:00:00   3.9362e-01   9.6470e+01   3.7221e+01   0.0000e+00   0.0000e+00   2.8031e+02
20260514_00:00:00   3.9767e-01   9.7274e+01   3.7367e+01   0.0000e+00   0.0000e+00   2.8049e+02
20260514_01:00:00   3.9945e-01   9.7656e+01   3.7308e+01   0.0000e+00   0.0000e+00   2.8182e+02
20260514_02:00:00   4.0002e-01   9.7772e+01   3.7265e+01   0.0000e+00   7.7137e-06   2.8255e+02
20260514_03:00:00   4.0117e-01   9.7971e+01   3.7294e+01   0.0000e+00   4.5168e-04   2.8354e+02
20260514_04:00:00   4.0387e-01   9.8468e+01   3.7418e+01   1.1426e-04   5.0733e-03   2.8402e+02
20260514_05:00:00   4.0629e-01   9.8913e+01   3.7531e+01   0.0000e+00   4.9100e-03   2.8490e+02
20260514_06:00:00   4.0717e-01   9.9062e+01   3.7688e+01   2.9980e-05   3.5420e-04   2.8548e+02
20260514_07:00:00   4.1597e-01   1.0063e+02   3.8817e+01   2.2700e-04   3.9860e-05   2.8539e+02
20260514_08:00:00   4.2094e-01   1.0155e+02   3.9401e+01   1.4858e-04   1.7684e-07   2.8548e+02
20260514_09:00:00   4.2420e-01   1.0212e+02   4.0107e+01   1.0866e-05   0.0000e+00   2.8516e+02
20260514_10:00:00   4.3913e-01   1.0480e+02   4.1748e+01   9.5180e-04   0.0000e+00   2.8405e+02
20260514_11:00:00   4.4939e-01   1.0665e+02   4.3051e+01   1.5402e-04   0.0000e+00   2.8384e+02
20260514_12:00:00   4.5818e-01   1.0822e+02   4.4275e+01   1.5750e-04   0.0000e+00   2.8423e+02
20260514_13:00:00   4.6920e-01   1.1020e+02   4.5605e+01   1.2285e-03   0.0000e+00   2.8397e+02
20260514_14:00:00   4.7794e-01   1.1180e+02   4.6630e+01   1.3863e-03   2.6760e-05   2.8295e+02
20260514_15:00:00   4.6419e-01   1.0933e+02   4.5759e+01   1.5753e-03   3.0240e-06   2.8390e+02
20260514_16:00:00   4.2649e-01   1.0235e+02   4.2951e+01   0.0000e+00   1.0210e-05   2.8360e+02
20260514_17:00:00   4.2423e-01   1.0198e+02   4.2602e+01   2.6522e-06   2.3040e-06   2.8310e+02
20260514_18:00:00   4.3622e-01   1.0428e+02   4.3443e+01   1.6243e-04   6.7260e-06   2.8190e+02
20260514_21:00:00   4.4063e-01   1.0511e+02   4.3708e+01   1.3310e-05   8.0060e-07   2.8121e+02
20260515_00:00:00   4.3510e-01   1.0429e+02   4.1928e+01   1.7866e-05   4.4560e-07   2.8086e+02
20260515_03:00:00   4.5121e-01   1.0726e+02   4.2805e+01   1.0006e-03   3.8380e-06   2.8314e+02
20260515_06:00:00   4.0572e-01   9.8511e+01   3.9669e+01   3.4816e-04   8.0566e-06   2.7815e+02
20260515_09:00:00   3.6371e-01   9.0195e+01   3.5951e+01   0.0000e+00   8.9100e-08   2.7879e+02
20260515_12:00:00   3.8286e-01   9.4153e+01   3.6914e+01   8.3520e-04   4.2440e-07   2.7960e+02
20260515_15:00:00   4.0998e-01   9.9678e+01   3.8802e+01   4.6800e-05   1.4234e-05   2.8239e+02
20260515_18:00:00   3.7586e-01   9.2937e+01   3.6730e+01   0.0000e+00   2.3564e-04   2.8231e+02
20260515_21:00:00   3.5599e-01   8.8921e+01   3.5009e+01   0.0000e+00   2.8013e-03   2.8238e+02
20260516_00:00:00   3.8641e-01   9.4997e+01   3.7506e+01   7.7040e-04   3.0805e-03   2.7956e+02
20260516_03:00:00   3.9919e-01   9.7491e+01   3.8255e+01   1.6004e-03   1.6632e-03   2.8167e+02
20260516_06:00:00   4.1978e-01   1.0135e+02   4.0157e+01   0.0000e+00   2.1401e-03   2.8117e+02
20260516_09:00:00   4.4751e-01   1.0647e+02   4.2776e+01   0.0000e+00   5.2029e-05   2.8381e+02
20260516_12:00:00   4.5712e-01   1.0830e+02   4.3575e+01   9.4020e-04   1.3364e-03   2.8360e+02
20260516_15:00:00   4.4055e-01   1.0535e+02   4.1339e+01   1.8551e-02   1.3283e-04   2.8499e+02
20260516_18:00:00   4.6742e-01   1.1021e+02   4.0928e+01   5.9662e-02   4.6652e-05   2.8633e+02
20260516_21:00:00   5.7280e-01   1.2841e+02   4.1016e+01   2.0514e-01   6.7794e-03   2.8911e+02
20260517_00:00:00   4.2485e-01   1.0225e+02   3.9844e+01   2.3205e-02   4.8672e-02   2.9241e+02
20260517_03:00:00   4.0405e-01   9.8185e+01   3.9628e+01   1.4034e-06   1.5601e-02   2.9467e+02
20260517_06:00:00   4.6547e-01   1.0956e+02   4.4642e+01   1.6724e-04   1.8691e-02   2.9314e+02
20260517_09:00:00   3.8471e-01   9.4196e+01   3.8462e+01   0.0000e+00   2.1678e-03   2.9406e+02
20260517_12:00:00   3.7905e-01   9.3073e+01   3.7420e+01   5.2500e-04   1.7093e-03   2.9563e+02
20260517_15:00:00   4.1474e-01   1.0010e+02   4.1200e+01   4.6410e-04   5.2112e-03   2.9503e+02
20260517_18:00:00   4.8112e-01   1.1224e+02   4.7382e+01   3.7220e-06   9.4794e-03   2.9222e+02
20260517_21:00:00   4.5685e-01   1.0784e+02   4.5416e+01   5.7196e-03   3.3254e-03   2.9194e+02
20260518_00:00:00   4.0777e-01   9.8648e+01   4.1062e+01   0.0000e+00   1.0645e-02   2.9400e+02
20260518_03:00:00   4.5907e-01   1.0822e+02   4.5804e+01   1.0693e-05   1.0894e-02   2.9256e+02
20260518_06:00:00   4.7919e-01   1.1176e+02   4.7750e+01   0.0000e+00   1.2984e-02   2.9396e+02
20260518_09:00:00   4.8862e-01   1.1333e+02   4.8683e+01   3.1640e-06   1.2359e-03   2.9198e+02
20260518_12:00:00   4.6827e-01   1.0986e+02   4.6577e+01   1.7790e-04   1.4952e-03   2.9039e+02
20260518_15:00:00   4.4894e-01   1.0641e+02   4.5112e+01   0.0000e+00   3.7413e-04   2.8994e+02
20260518_18:00:00   4.6899e-01   1.1007e+02   4.6998e+01   6.8567e-04   2.0448e-03   2.8787e+02
20260518_21:00:00   4.9894e-01   1.1533e+02   4.9621e+01   0.0000e+00   1.1814e-04   2.8760e+02
20260519_00:00:00   4.9920e-01   1.1546e+02   4.9503e+01   3.0940e-06   6.8276e-02   2.8986e+02
20260519_03:00:00   5.2452e-01   1.1959e+02   5.2210e+01   5.7840e-05   4.5329e-02   2.9351e+02
20260519_06:00:00   5.0578e-01   1.1640e+02   5.0447e+01   4.7633e-04   2.9417e-02   2.9078e+02
20260519_09:00:00   4.9084e-01   1.1384e+02   4.8824e+01   6.8315e-04   3.3304e-02   2.9172e+02
20260519_12:00:00   4.8148e-01   1.1224e+02   4.8001e+01   5.0840e-06   1.3442e-02   2.9210e+02
20260519_15:00:00   4.8638e-01   1.1318e+02   4.8317e+01   9.1797e-04   7.1475e-02   2.9216e+02
20260519_18:00:00   4.8647e-01   1.1301e+02   4.9089e+01   3.7343e-03   6.2734e-03   2.9094e+02
20260519_21:00:00   4.3715e-01   1.0400e+02   4.5332e+01   0.0000e+00   8.1518e-03   2.8911e+02
20260520_00:00:00   4.5089e-01   1.0679e+02   4.5075e+01   4.0460e-05   5.7051e-03   2.9106e+02
20260520_03:00:00   4.7213e-01   1.1059e+02   4.6671e+01   1.6774e-04   1.7625e-02   2.9364e+02
20260520_06:00:00   4.4023e-01   1.0468e+02   4.4176e+01   5.2900e-06   1.4638e-02   2.9329e+02
20260520_09:00:00   4.5628e-01   1.0772e+02   4.4875e+01   1.3366e-07   1.2972e-02   2.9062e+02
20260520_12:00:00   4.7559e-01   1.1114e+02   4.7232e+01   0.0000e+00   5.6231e-02   2.8919e+02
20260520_15:00:00   4.5943e-01   1.0828e+02   4.6243e+01   4.7910e-04   1.4546e-01   2.9353e+02
20260520_18:00:00   4.6680e-01   1.0951e+02   4.7228e+01   2.8200e-04   1.3685e-01   2.9283e+02
20260520_21:00:00   4.5275e-01   1.0705e+02   4.5463e+01   6.6040e-06   7.8031e-02   2.9353e+02
20260521_00:00:00   4.7415e-01   1.1086e+02   4.7680e+01   2.6500e-05   4.5297e-02   2.9223e+02
20260521_03:00:00   5.0191e-01   1.1562e+02   5.0340e+01   8.3080e-05   3.8591e-02   2.9306e+02
20260521_06:00:00   4.8299e-01   1.1239e+02   4.8336e+01   0.0000e+00   1.3712e-02   2.9233e+02
20260521_09:00:00   4.8049e-01   1.1196e+02   4.8561e+01   0.0000e+00   1.9754e-04   2.9120e+02
20260521_12:00:00   4.8736e-01   1.1314e+02   4.9338e+01   1.0980e-04   3.0259e-04   2.9048e+02
20260521_15:00:00   5.0177e-01   1.1559e+02   5.1104e+01   3.6320e-05   2.1278e-07   2.9027e+02
20260521_18:00:00   4.7257e-01   1.1042e+02   4.8771e+01   0.0000e+00   1.8514e-04   2.8688e+02
20260521_21:00:00   5.1282e-01   1.1698e+02   5.0940e+01   2.6909e-02   1.1900e-02   2.8624e+02
20260522_00:00:00   5.1113e-01   1.1672e+02   5.2669e+01   1.0917e-02   4.6916e-02   2.8904e+02
20260522_03:00:00   5.3683e-01   1.2116e+02   5.4105e+01   1.2218e-02   4.7322e-02   2.9065e+02
20260522_06:00:00   5.1185e-01   1.1705e+02   5.2945e+01   3.6130e-05   6.1945e-02   2.9103e+02
20260522_09:00:00   5.0010e-01   1.1512e+02   5.1951e+01   5.3250e-06   7.9211e-02   2.9082e+02
20260522_12:00:00   5.6247e-01   1.2589e+02   5.3346e+01   5.8660e-02   2.5333e-02   2.9157e+02
20260522_15:00:00   5.1406e-01   1.1775e+02   5.2911e+01   5.5979e-05   7.4925e-04   2.9258e+02
20260522_18:00:00   5.4249e-01   1.2238e+02   5.6031e+01   9.3360e-07   1.5299e-02   2.8868e+02
20260522_21:00:00   5.6042e-01   1.2528e+02   5.7520e+01   8.9100e-08   1.6116e-03   2.8706e+02
20260523_00:00:00   5.7275e-01   1.2709e+02   5.8844e+01   3.8800e-06   4.9833e-01   2.8609e+02
20260523_03:00:00   6.0589e-01   1.3218e+02   6.0143e+01   2.1271e-02   1.8485e-01   2.8976e+02
20260523_06:00:00   6.2169e-01   1.3486e+02   6.1278e+01   2.2985e-02   3.6420e-02   2.9026e+02
20260523_09:00:00   6.3458e-01   1.3643e+02   6.0348e+01   4.8063e-02   4.0337e-02   2.9071e+02
20260523_12:00:00   5.8555e-01   1.2927e+02   5.9488e+01   2.7750e-03   1.0739e-01   2.9074e+02
20260523_15:00:00   5.6343e-01   1.2596e+02   5.7235e+01   3.5176e-04   4.1764e-02   2.9082e+02
20260523_18:00:00   5.2476e-01   1.1962e+02   5.3966e+01   0.0000e+00   2.2687e-02   2.8946e+02
20260523_21:00:00   5.4714e-01   1.2341e+02   5.5641e+01   1.4702e-06   2.3718e-02   2.8775e+02
20260524_00:00:00   5.3601e-01   1.2148e+02   5.5486e+01   1.4403e-04   6.8181e-02   2.8505e+02
20260524_03:00:00   5.4075e-01   1.2226e+02   5.5930e+01   0.0000e+00   9.6725e-04   2.8684e+02
20260524_06:00:00   5.4100e-01   1.2232e+02   5.5497e+01   6.8892e-04   4.0181e-03   2.8757e+02
20260524_09:00:00   5.3580e-01   1.2148e+02   5.4282e+01   7.9248e-03   3.7209e-03   2.8982e+02
20260524_12:00:00   5.3684e-01   1.2177e+02   5.4913e+01   0.0000e+00   5.6280e-03   2.8706e+02
20260524_15:00:00   5.4455e-01   1.2323e+02   5.5346e+01   0.0000e+00   1.0779e-02   2.8616e+02
20260524_18:00:00   5.5071e-01   1.2426e+02   5.5982e+01   0.0000e+00   6.4569e-03   2.8395e+02
20260524_21:00:00   5.4781e-01   1.2375e+02   5.5913e+01   0.0000e+00   7.4623e-03   2.8321e+02
20260525_00:00:00   5.5249e-01   1.2455e+02   5.6285e+01   0.0000e+00   5.7182e-02   2.8535e+02
20260525_03:00:00   5.6294e-01   1.2622e+02   5.6989e+01   0.0000e+00   1.1349e-02   2.8791e+02
20260525_06:00:00   5.6501e-01   1.2649e+02   5.7287e+01   0.0000e+00   3.2327e-03   2.8642e+02
20260525_09:00:00   5.5940e-01   1.2560e+02   5.6922e+01   3.2400e-04   4.5475e-03   2.8482e+02
20260525_12:00:00   5.7823e-01   1.2875e+02   5.7605e+01   1.1219e-02   2.4969e-02   2.8696e+02
20260525_15:00:00   5.6916e-01   1.2729e+02   5.7665e+01   2.8190e-03   4.7356e-03   2.8927e+02
20260525_18:00:00   5.7271e-01   1.2777e+02   5.8330e+01   7.8610e-04   4.9638e-03   2.8805e+02
