#            date       tau255        Tb[K]      pwv[mm] lwp[kg*m^-2] iwp[kg*m^-2]       o3[DU]
20260709_12:00:00   4.8919e-01   1.1413e+02   4.8478e+01   0.0000e+00   4.0069e-04   2.9428e+02
20260709_13:00:00   4.7367e-01   1.1141e+02   4.7176e+01   0.0000e+00   1.8894e-04   2.9628e+02
20260709_14:00:00   4.5932e-01   1.0888e+02   4.5908e+01   0.0000e+00   2.3252e-04   2.9827e+02
20260709_15:00:00   4.5331e-01   1.0782e+02   4.5346e+01   0.0000e+00   1.0640e-04   2.9869e+02
20260709_16:00:00   4.4061e-01   1.0549e+02   4.4204e+01   0.0000e+00   9.1220e-05   2.9726e+02
20260709_17:00:00   4.2581e-01   1.0272e+02   4.2694e+01   0.0000e+00   3.3600e-05   2.9613e+02
20260709_18:00:00   4.1063e-01   9.9805e+01   4.1083e+01   0.0000e+00   3.3280e-06   2.9715e+02
20260709_19:00:00   3.9875e-01   9.7500e+01   3.9639e+01   0.0000e+00   2.7918e-05   2.9764e+02
20260709_20:00:00   3.9322e-01   9.6397e+01   3.8766e+01   1.4973e-04   8.2780e-05   2.9613e+02
20260709_21:00:00   3.8741e-01   9.5204e+01   3.7969e+01   0.0000e+00   9.2998e-05   2.9570e+02
20260709_22:00:00   3.8832e-01   9.5396e+01   3.7732e+01   1.0980e-04   1.2616e-04   2.9655e+02
20260709_23:00:00   3.8654e-01   9.5048e+01   3.7366e+01   3.9276e-04   1.0614e-04   2.9923e+02
20260710_00:00:00   3.7955e-01   9.3693e+01   3.6190e+01   6.7015e-03   1.7391e-04   3.0029e+02
20260710_01:00:00   3.8290e-01   9.4387e+01   3.5786e+01   1.4275e-02   3.0746e-04   3.0211e+02
20260710_02:00:00   3.9925e-01   9.7610e+01   3.5599e+01   3.8149e-02   8.5538e-04   3.0148e+02
20260710_03:00:00   4.5299e-01   1.0784e+02   3.6840e+01   8.8030e-02   1.6190e-03   2.9897e+02
20260710_04:00:00   5.3411e-01   1.2230e+02   3.7115e+01   1.9646e-01   2.3638e-03   3.0105e+02
20260710_05:00:00   5.3861e-01   1.2301e+02   3.6907e+01   2.0955e-01   2.0020e-03   3.0215e+02
20260710_06:00:00   4.2186e-01   1.0177e+02   3.6269e+01   6.4030e-02   6.4587e-04   3.0290e+02
20260710_07:00:00   4.1563e-01   1.0059e+02   3.6767e+01   4.5611e-02   1.3666e-03   3.0256e+02
20260710_08:00:00   4.2987e-01   1.0334e+02   3.6454e+01   7.0560e-02   1.6800e-03   3.0185e+02
20260710_09:00:00   4.1263e-01   9.9972e+01   3.6319e+01   5.2890e-02   1.2062e-03   3.0420e+02
20260710_10:00:00   3.6110e-01   8.9686e+01   3.5369e+01   1.7417e-03   8.2497e-04   3.0789e+02
20260710_11:00:00   3.8596e-01   9.4694e+01   3.6417e+01   1.4341e-02   1.9274e-04   3.0891e+02
20260710_12:00:00   4.1463e-01   1.0036e+02   3.6398e+01   5.4943e-02   1.4626e-04   3.0867e+02
20260710_13:00:00   3.9048e-01   9.5720e+01   3.5963e+01   3.0231e-02   1.4627e-04   3.0785e+02
20260710_14:00:00   3.6131e-01   8.9972e+01   3.5278e+01   1.3975e-03   6.9774e-05   3.0747e+02
20260710_15:00:00   3.5929e-01   8.9606e+01   3.5048e+01   2.1808e-04   6.9620e-05   3.0631e+02
20260710_16:00:00   3.5234e-01   8.8217e+01   3.4474e+01   5.3460e-07   9.9820e-06   3.0671e+02
20260710_17:00:00   3.4980e-01   8.7724e+01   3.4219e+01   0.0000e+00   0.0000e+00   3.0551e+02
20260710_18:00:00   3.5544e-01   8.8899e+01   3.4661e+01   4.0290e-05   1.3386e-05   3.0687e+02
20260710_19:00:00   3.6272e-01   9.0363e+01   3.5289e+01   1.2975e-04   0.0000e+00   3.0529e+02
20260710_20:00:00   3.5576e-01   8.8931e+01   3.4728e+01   1.7308e-04   1.3310e-05   3.0382e+02
20260710_21:00:00   3.5130e-01   8.8004e+01   3.4301e+01   2.0833e-05   3.3280e-06   3.0626e+02
20260710_22:00:00   3.5436e-01   8.8644e+01   3.4366e+01   1.0518e-04   0.0000e+00   3.0855e+02
20260710_23:00:00   3.6492e-01   9.0778e+01   3.5115e+01   1.9963e-04   0.0000e+00   3.0911e+02
20260711_00:00:00   3.6713e-01   9.1224e+01   3.5176e+01   2.0267e-05   7.1280e-08   3.1050e+02
20260711_01:00:00   3.6766e-01   9.1297e+01   3.5199e+01   2.5262e-04   0.0000e+00   3.0963e+02
20260711_02:00:00   4.0805e-01   9.9309e+01   3.5260e+01   4.9520e-02   2.7340e-06   3.1005e+02
20260711_03:00:00   3.7656e-01   9.3130e+01   3.4189e+01   2.4361e-02   7.9440e-06   3.0642e+02
20260711_04:00:00   3.6302e-01   9.0356e+01   3.3584e+01   1.3857e-02   0.0000e+00   3.0626e+02
20260711_05:00:00   3.8497e-01   9.4662e+01   3.5485e+01   9.3911e-03   0.0000e+00   3.0568e+02
20260711_06:00:00   4.3009e-01   1.0331e+02   3.5831e+01   6.2049e-02   0.0000e+00   3.0582e+02
20260711_07:00:00   5.3868e-01   1.2263e+02   3.6470e+01   1.9360e-01   0.0000e+00   3.0832e+02
20260711_08:00:00   5.5251e-01   1.2494e+02   3.7022e+01   2.0280e-01   0.0000e+00   3.0805e+02
20260711_09:00:00   5.7943e-01   1.2933e+02   3.6816e+01   2.4360e-01   0.0000e+00   3.0871e+02
20260711_10:00:00   5.6537e-01   1.2700e+02   3.7117e+01   2.2080e-01   0.0000e+00   3.0811e+02
20260711_11:00:00   5.0539e-01   1.1685e+02   3.6865e+01   1.4724e-01   0.0000e+00   3.0795e+02
20260711_12:00:00   4.7104e-01   1.1080e+02   3.6193e+01   1.1678e-01   0.0000e+00   3.0942e+02
20260711_13:00:00   5.0286e-01   1.1652e+02   3.6421e+01   1.5536e-01   0.0000e+00   3.0731e+02
20260711_14:00:00   5.0613e-01   1.1714e+02   3.6368e+01   1.6044e-01   0.0000e+00   3.0470e+02
20260711_15:00:00   5.2512e-01   1.2042e+02   3.6371e+01   1.8550e-01   0.0000e+00   3.0620e+02
20260711_16:00:00   4.4295e-01   1.0580e+02   3.5648e+01   9.1540e-02   0.0000e+00   3.0790e+02
20260711_17:00:00   3.9786e-01   9.7265e+01   3.5752e+01   3.3120e-02   0.0000e+00   3.0526e+02
20260711_18:00:00   4.0350e-01   9.8329e+01   3.5913e+01   3.9820e-02   0.0000e+00   3.0627e+02
20260711_19:00:00   3.7748e-01   9.3262e+01   3.5766e+01   6.7100e-03   0.0000e+00   3.0620e+02
20260711_20:00:00   4.3139e-01   1.0365e+02   3.6421e+01   6.4940e-02   0.0000e+00   3.0537e+02
20260711_21:00:00   5.0495e-01   1.1693e+02   3.6980e+01   1.5086e-01   0.0000e+00   3.0385e+02
20260711_22:00:00   5.2790e-01   1.2086e+02   3.6943e+01   1.8310e-01   0.0000e+00   3.0446e+02
20260711_23:00:00   4.6956e-01   1.1062e+02   3.6247e+01   1.2042e-01   0.0000e+00   3.0677e+02
20260712_00:00:00   5.0122e-01   1.1626e+02   3.6219e+01   1.6400e-01   0.0000e+00   3.0984e+02
20260712_01:00:00   4.7546e-01   1.1166e+02   3.6422e+01   1.2920e-01   0.0000e+00   3.0819e+02
20260712_02:00:00   5.7303e-01   1.2830e+02   3.7473e+01   2.3960e-01   6.1220e-06   3.0723e+02
20260712_03:00:00   6.1948e-01   1.3562e+02   3.7856e+01   2.9460e-01   3.2597e-05   3.1038e+02
20260712_04:00:00   5.2948e-01   1.2095e+02   3.7898e+01   1.7542e-01   1.3388e-03   3.0931e+02
20260712_05:00:00   4.9994e-01   1.1587e+02   3.7743e+01   1.3956e-01   1.8220e-03   3.0618e+02
20260712_06:00:00   3.8764e-01   9.5101e+01   3.7119e+01   2.1100e-03   1.2995e-03   3.0601e+02
20260712_07:00:00   3.9506e-01   9.6518e+01   3.7478e+01   2.0840e-03   5.1163e-03   3.0336e+02
20260712_08:00:00   3.8013e-01   9.3581e+01   3.6477e+01   2.4360e-05   6.4679e-03   3.0142e+02
20260712_09:00:00   3.6547e-01   9.0658e+01   3.5304e+01   0.0000e+00   1.2611e-02   3.0077e+02
20260712_10:00:00   3.6975e-01   9.1498e+01   3.5728e+01   0.0000e+00   3.7654e-03   3.0146e+02
20260712_11:00:00   3.8456e-01   9.4447e+01   3.7077e+01   3.3020e-05   9.0937e-03   3.0381e+02
20260712_12:00:00   3.9377e-01   9.6240e+01   3.8162e+01   0.0000e+00   7.4227e-03   3.0408e+02
20260712_13:00:00   4.1372e-01   1.0011e+02   3.9824e+01   0.0000e+00   3.1267e-03   3.0516e+02
20260712_14:00:00   4.1913e-01   1.0119e+02   4.0266e+01   3.1260e-03   1.2020e-04   3.0559e+02
20260712_15:00:00   4.1289e-01   1.0001e+02   4.0068e+01   9.4500e-04   0.0000e+00   3.0416e+02
20260712_16:00:00   4.1852e-01   1.0109e+02   4.0754e+01   7.7860e-04   0.0000e+00   3.0610e+02
20260712_17:00:00   4.3088e-01   1.0340e+02   4.1631e+01   4.6060e-03   0.0000e+00   3.0634e+02
20260712_18:00:00   4.3116e-01   1.0345e+02   4.1937e+01   9.6740e-04   3.6520e-05   3.0513e+02
20260712_19:00:00   4.2800e-01   1.0288e+02   4.1600e+01   1.3116e-03   3.5360e-07   3.0436e+02
20260712_20:00:00   4.3187e-01   1.0361e+02   4.2012e+01   8.0520e-04   3.5360e-07   3.0476e+02
20260712_21:00:00   4.3868e-01   1.0484e+02   4.2791e+01   0.0000e+00   5.9040e-06   3.0583e+02
20260712_22:00:00   4.4568e-01   1.0608e+02   4.3553e+01   7.1640e-05   3.3880e-05   3.0632e+02
20260712_23:00:00   4.5341e-01   1.0752e+02   4.4223e+01   3.8900e-05   6.6540e-06   3.0734e+02
20260713_00:00:00   4.6654e-01   1.0987e+02   4.5339e+01   6.6640e-05   0.0000e+00   3.0629e+02
20260713_01:00:00   4.7253e-01   1.1092e+02   4.5882e+01   4.8497e-04   0.0000e+00   3.0405e+02
20260713_02:00:00   4.8892e-01   1.1377e+02   4.6242e+01   1.6844e-02   0.0000e+00   3.0385e+02
20260713_03:00:00   4.6435e-01   1.0937e+02   4.5373e+01   0.0000e+00   0.0000e+00   3.0437e+02
20260713_04:00:00   4.5285e-01   1.0726e+02   4.4421e+01   0.0000e+00   0.0000e+00   3.0303e+02
20260713_05:00:00   4.4199e-01   1.0528e+02   4.3315e+01   0.0000e+00   0.0000e+00   3.0423e+02
20260713_06:00:00   4.4097e-01   1.0508e+02   4.3125e+01   0.0000e+00   1.3576e-05   3.0233e+02
20260713_07:00:00   4.4062e-01   1.0504e+02   4.2900e+01   0.0000e+00   1.3310e-05   3.0180e+02
20260713_08:00:00   4.4238e-01   1.0535e+02   4.2979e+01   0.0000e+00   0.0000e+00   3.0088e+02
20260713_09:00:00   4.4249e-01   1.0535e+02   4.3086e+01   0.0000e+00   0.0000e+00   3.0024e+02
20260713_10:00:00   4.4955e-01   1.0660e+02   4.4032e+01   0.0000e+00   0.0000e+00   2.9828e+02
20260713_11:00:00   4.4831e-01   1.0635e+02   4.4238e+01   0.0000e+00   0.0000e+00   2.9974e+02
20260713_12:00:00   4.5321e-01   1.0722e+02   4.4813e+01   0.0000e+00   0.0000e+00   3.0024e+02
20260713_13:00:00   4.4537e-01   1.0576e+02   4.4539e+01   0.0000e+00   2.8020e-04   3.0120e+02
20260713_14:00:00   4.3185e-01   1.0332e+02   4.3535e+01   0.0000e+00   6.4420e-06   2.9766e+02
20260713_15:00:00   4.4375e-01   1.0554e+02   4.4325e+01   0.0000e+00   1.5572e-04   2.9909e+02
20260713_16:00:00   4.4099e-01   1.0510e+02   4.3672e+01   0.0000e+00   1.1738e-05   2.9691e+02
20260713_17:00:00   4.3191e-01   1.0353e+02   4.2537e+01   0.0000e+00   1.9111e-04   2.9656e+02
20260713_18:00:00   4.3815e-01   1.0471e+02   4.2941e+01   5.8560e-05   2.1485e-03   2.9558e+02
20260713_19:00:00   4.5730e-01   1.0822e+02   4.4256e+01   3.4146e-03   4.2230e-03   2.9574e+02
20260713_20:00:00   4.6494e-01   1.0960e+02   4.5137e+01   1.0706e-03   1.0120e-03   2.9734e+02
20260713_21:00:00   4.9919e-01   1.1564e+02   4.6639e+01   2.0212e-02   3.8575e-03   2.9672e+02
20260713_22:00:00   4.5668e-01   1.0813e+02   4.4124e+01   6.2811e-04   1.6102e-03   2.9618e+02
20260713_23:00:00   4.2664e-01   1.0257e+02   4.1651e+01   0.0000e+00   5.5514e-05   2.9733e+02
20260714_00:00:00   4.1285e-01   9.9947e+01   4.0554e+01   0.0000e+00   2.7469e-05   2.9841e+02
20260714_01:00:00   4.0780e-01   9.8957e+01   4.0086e+01   7.1240e-04   3.3280e-06   3.0062e+02
20260714_02:00:00   4.2537e-01   1.0233e+02   4.0434e+01   1.6944e-02   1.5286e-04   2.9957e+02
20260714_03:00:00   4.4037e-01   1.0514e+02   4.0555e+01   3.4240e-02   5.7253e-04   2.9909e+02
20260714_04:00:00   4.4188e-01   1.0535e+02   4.0660e+01   3.8960e-02   1.8789e-04   3.0128e+02
20260714_05:00:00   4.2053e-01   1.0128e+02   4.0759e+01   1.1002e-02   1.2056e-05   2.9947e+02
20260714_06:00:00   4.0855e-01   9.8950e+01   4.0242e+01   1.5718e-03   3.5640e-07   2.9933e+02
20260714_07:00:00   4.0179e-01   9.7714e+01   3.9398e+01   0.0000e+00   9.4675e-05   2.9807e+02
20260714_08:00:00   4.1689e-01   1.0070e+02   4.0125e+01   2.2780e-03   5.9621e-04   2.9830e+02
20260714_09:00:00   4.0005e-01   9.7462e+01   3.8842e+01   3.3540e-03   1.2316e-03   2.9854e+02
20260714_10:00:00   3.9483e-01   9.6430e+01   3.8621e+01   1.7762e-03   4.7703e-04   2.9810e+02
20260714_11:00:00   4.0533e-01   9.8475e+01   3.9177e+01   6.3920e-03   1.3150e-04   2.9743e+02
20260714_12:00:00   4.0585e-01   9.8641e+01   3.8805e+01   1.1930e-02   1.2029e-04   2.9696e+02
20260714_15:00:00   3.5943e-01   8.9641e+01   3.5033e+01   0.0000e+00   2.4240e-04   2.9864e+02
20260714_18:00:00   3.7983e-01   9.3788e+01   3.5928e+01   4.8580e-04   2.8460e-05   2.9821e+02
20260714_21:00:00   3.8697e-01   9.4910e+01   3.7422e+01   0.0000e+00   1.9487e-01   2.9473e+02
20260715_00:00:00   3.8250e-01   9.4095e+01   3.6656e+01   0.0000e+00   1.1111e-02   2.9861e+02
20260715_03:00:00   3.8407e-01   9.4409e+01   3.6683e+01   0.0000e+00   3.3869e-02   2.9948e+02
20260715_06:00:00   3.7704e-01   9.3060e+01   3.5432e+01   0.0000e+00   4.1867e-03   3.0366e+02
20260715_09:00:00   4.7607e-01   1.1159e+02   3.6119e+01   1.2474e-01   2.6239e-02   3.0241e+02
20260715_12:00:00   3.7516e-01   9.2687e+01   3.5706e+01   1.0688e-03   6.1034e-03   3.0300e+02
20260715_15:00:00   3.6704e-01   9.1175e+01   3.4459e+01   2.0620e-04   5.7796e-04   2.9939e+02
20260715_18:00:00   3.4712e-01   8.7281e+01   3.1816e+01   1.9964e-04   7.0740e-07   2.9767e+02
20260715_21:00:00   3.4771e-01   8.7376e+01   3.1087e+01   6.2404e-04   1.9115e-04   2.9869e+02
20260716_00:00:00   3.6057e-01   8.9960e+01   3.1886e+01   9.8100e-04   1.3916e-05   3.0053e+02
20260716_03:00:00   3.5415e-01   8.8706e+01   3.1288e+01   0.0000e+00   9.3179e-04   3.0060e+02
20260716_06:00:00   3.4372e-01   8.6513e+01   3.0226e+01   6.2600e-05   7.6199e-04   2.9908e+02
20260716_09:00:00   4.4894e-01   1.0693e+02   3.0628e+01   1.3514e-01   3.4219e-05   2.9914e+02
20260716_12:00:00   4.4452e-01   1.0620e+02   3.2514e+01   9.9547e-02   0.0000e+00   2.9733e+02
20260716_15:00:00   3.9195e-01   9.6327e+01   3.3988e+01   5.4470e-03   0.0000e+00   2.9594e+02
20260716_18:00:00   3.7836e-01   9.3750e+01   3.3243e+01   1.9280e-03   0.0000e+00   2.9464e+02
20260716_21:00:00   3.0861e-01   7.9425e+01   2.7180e+01   0.0000e+00   0.0000e+00   2.9080e+02
20260717_00:00:00   3.6386e-01   9.0831e+01   3.0699e+01   1.1618e-02   0.0000e+00   2.9438e+02
20260717_03:00:00   3.8772e-01   9.5555e+01   3.3370e+01   4.1448e-03   0.0000e+00   2.9503e+02
20260717_06:00:00   4.1380e-01   1.0042e+02   3.6302e+01   4.9480e-04   0.0000e+00   2.9265e+02
20260717_09:00:00   3.8700e-01   9.5295e+01   3.3683e+01   1.9094e-03   0.0000e+00   2.9253e+02
20260717_12:00:00   3.9132e-01   9.6133e+01   3.1463e+01   4.4613e-02   1.0744e-04   2.9752e+02
20260717_15:00:00   3.2593e-01   8.3001e+01   2.8873e+01   1.4589e-05   5.2577e-03   2.9863e+02
20260717_18:00:00   3.6800e-01   9.1755e+01   3.1961e+01   7.2480e-04   9.7527e-03   2.9573e+02
20260717_21:00:00   3.4943e-01   8.7932e+01   3.0554e+01   3.5580e-03   7.8399e-04   2.9627e+02
20260718_00:00:00   3.5583e-01   8.9271e+01   3.0415e+01   2.6760e-03   8.6140e-06   2.9772e+02
20260718_03:00:00   2.8600e-01   7.4482e+01   2.4906e+01   0.0000e+00   0.0000e+00   2.9703e+02
20260718_06:00:00   3.1224e-01   8.0029e+01   2.7367e+01   1.9918e-06   1.4016e-05   2.9664e+02
20260718_09:00:00   3.9157e-01   9.6197e+01   3.4455e+01   1.5705e-03   0.0000e+00   2.9509e+02
20260718_12:00:00   3.8018e-01   9.3914e+01   3.4463e+01   7.1581e-04   0.0000e+00   2.9431e+02
20260718_15:00:00   4.0846e-01   9.9482e+01   3.6796e+01   4.7435e-03   0.0000e+00   2.9538e+02
20260718_18:00:00   3.8656e-01   9.5165e+01   3.5244e+01   9.6020e-03   0.0000e+00   2.9124e+02
20260718_21:00:00   4.5464e-01   1.0797e+02   3.6705e+01   8.5580e-02   0.0000e+00   2.9130e+02
20260719_00:00:00   4.4965e-01   1.0710e+02   3.8937e+01   4.8260e-02   0.0000e+00   2.9152e+02
20260719_03:00:00   4.0065e-01   9.7688e+01   3.8228e+01   3.8860e-03   0.0000e+00   2.9082e+02
20260719_06:00:00   4.1401e-01   1.0014e+02   3.8024e+01   2.5940e-02   0.0000e+00   2.8858e+02
20260719_09:00:00   4.8531e-01   1.1327e+02   3.7963e+01   1.1726e-01   0.0000e+00   2.9149e+02
20260719_12:00:00   4.9861e-01   1.1573e+02   3.8033e+01   1.3054e-01   0.0000e+00   2.9290e+02
20260719_15:00:00   3.8051e-01   9.3880e+01   3.6579e+01   9.3640e-04   0.0000e+00   2.9505e+02
20260719_18:00:00   3.7628e-01   9.3114e+01   3.6322e+01   0.0000e+00   0.0000e+00   2.9412e+02
20260719_21:00:00   4.1027e-01   9.9696e+01   3.8877e+01   0.0000e+00   0.0000e+00   2.9370e+02
20260720_00:00:00   4.8890e-01   1.1419e+02   4.5017e+01   7.1660e-05   0.0000e+00   2.9494e+02
20260720_03:00:00   4.5772e-01   1.0861e+02   4.2553e+01   2.2796e-04   0.0000e+00   2.9461e+02
20260720_06:00:00   4.4548e-01   1.0626e+02   4.1246e+01   5.4264e-03   0.0000e+00   2.9563e+02
20260720_09:00:00   4.0027e-01   9.7597e+01   3.7048e+01   9.1214e-03   0.0000e+00   2.9623e+02
20260720_12:00:00   3.9717e-01   9.6993e+01   3.6914e+01   8.2920e-03   0.0000e+00   2.9704e+02
20260720_15:00:00   3.9339e-01   9.6271e+01   3.7705e+01   3.5060e-04   0.0000e+00   2.9703e+02
20260720_18:00:00   4.1226e-01   9.9969e+01   3.9498e+01   0.0000e+00   0.0000e+00   2.9414e+02
20260720_21:00:00   4.6196e-01   1.0919e+02   4.3581e+01   9.4368e-04   0.0000e+00   2.8956e+02
20260721_00:00:00   4.1595e-01   1.0055e+02   4.0268e+01   0.0000e+00   0.0000e+00   2.9039e+02
20260721_03:00:00   3.6550e-01   9.0576e+01   3.5981e+01   0.0000e+00   0.0000e+00   2.9233e+02
20260721_06:00:00   3.9898e-01   9.7090e+01   3.8869e+01   1.6180e-04   0.0000e+00   2.9260e+02
20260721_09:00:00   3.9706e-01   9.6745e+01   3.8391e+01   1.4475e-04   0.0000e+00   2.9223e+02
20260721_12:00:00   3.9470e-01   9.6184e+01   3.8492e+01   6.7910e-05   0.0000e+00   2.9313e+02
20260721_15:00:00   3.8971e-01   9.5276e+01   3.8530e+01   0.0000e+00   0.0000e+00   2.9430e+02
20260721_18:00:00   4.0472e-01   9.8220e+01   3.9956e+01   0.0000e+00   0.0000e+00   2.9169e+02
20260721_21:00:00   4.2509e-01   1.0216e+02   4.1352e+01   0.0000e+00   1.4148e-06   2.9025e+02
20260722_00:00:00   4.3010e-01   1.0310e+02   4.1736e+01   0.0000e+00   0.0000e+00   2.8930e+02
20260722_03:00:00   4.5212e-01   1.0716e+02   4.3416e+01   0.0000e+00   0.0000e+00   2.8963e+02
20260722_06:00:00   4.5104e-01   1.0695e+02   4.2490e+01   1.0154e-03   0.0000e+00   2.9027e+02
20260722_09:00:00   4.5450e-01   1.0761e+02   4.2678e+01   3.1680e-05   0.0000e+00   2.8911e+02
20260722_12:00:00   4.9300e-01   1.1435e+02   4.7072e+01   2.0668e-03   0.0000e+00   2.8947e+02
20260722_15:00:00   4.9440e-01   1.1471e+02   4.7518e+01   2.6265e-03   0.0000e+00   2.9041e+02
20260722_18:00:00   4.9591e-01   1.1495e+02   4.8223e+01   2.5961e-03   0.0000e+00   2.8811e+02
20260722_21:00:00   4.9421e-01   1.1470e+02   4.8162e+01   8.4818e-04   0.0000e+00   2.8927e+02
20260723_00:00:00   4.9269e-01   1.1441e+02   4.8201e+01   4.6320e-05   0.0000e+00   2.8940e+02
20260723_03:00:00   4.9459e-01   1.1474e+02   4.8491e+01   2.3560e-04   0.0000e+00   2.8855e+02
20260723_06:00:00   5.0970e-01   1.1716e+02   5.0287e+01   5.3760e-04   3.6636e-03   2.8696e+02
20260723_09:00:00   5.1447e-01   1.1795e+02   5.0835e+01   2.1180e-04   5.5215e-03   2.8679e+02
20260723_12:00:00   5.2121e-01   1.1908e+02   5.1565e+01   4.0580e-04   2.1561e-02   2.8624e+02
20260723_15:00:00   5.3323e-01   1.2118e+02   5.2523e+01   1.3814e-03   3.4438e-02   2.8693e+02
20260723_18:00:00   5.2250e-01   1.1951e+02   5.1404e+01   2.0118e-03   1.6256e-02   2.8574e+02
20260723_21:00:00   5.2213e-01   1.1953e+02   5.1122e+01   2.2031e-03   4.8363e-03   2.8493e+02
20260724_00:00:00   5.1092e-01   1.1766e+02   4.9999e+01   3.7435e-03   2.6486e-03   2.8565e+02
20260724_03:00:00   4.2425e-01   1.0187e+02   4.3030e+01   0.0000e+00   1.6890e-05   2.8578e+02
20260724_06:00:00   4.8542e-01   1.1325e+02   4.1929e+01   7.9240e-02   0.0000e+00   2.8487e+02
20260724_09:00:00   4.6261e-01   1.0915e+02   3.8938e+01   8.7862e-02   0.0000e+00   2.8453e+02
20260724_12:00:00   4.3272e-01   1.0374e+02   3.6564e+01   6.8150e-02   0.0000e+00   2.8778e+02
20260724_15:00:00   3.8751e-01   9.5210e+01   3.7199e+01   7.7520e-06   0.0000e+00   2.8638e+02
20260724_18:00:00   4.2867e-01   1.0327e+02   4.0268e+01   1.7236e-03   0.0000e+00   2.8944e+02
20260724_21:00:00   4.5501e-01   1.0819e+02   4.2307e+01   4.4910e-04   0.0000e+00   2.8898e+02
20260725_00:00:00   4.6220e-01   1.0952e+02   4.2774e+01   3.2640e-04   0.0000e+00   2.9095e+02
20260725_03:00:00   4.8029e-01   1.1274e+02   4.3982e+01   8.1425e-03   0.0000e+00   2.9128e+02
20260725_06:00:00   4.4689e-01   1.0657e+02   4.1985e+01   1.2586e-04   0.0000e+00   2.8828e+02
20260725_09:00:00   4.7424e-01   1.1147e+02   4.3953e+01   0.0000e+00   5.6640e-06   2.8854e+02
20260725_12:00:00   4.7491e-01   1.1160e+02   4.4231e+01   1.2777e-03   1.3562e-05   2.9093e+02
