#            date       tau255        Tb[K]      pwv[mm] lwp[kg*m^-2] iwp[kg*m^-2]       o3[DU]
20260329_00:00:00   4.3621e-01   1.0281e+02   4.3790e+01   0.0000e+00   0.0000e+00   2.8129e+02
20260329_01:00:00   4.3825e-01   1.0324e+02   4.3699e+01   0.0000e+00   0.0000e+00   2.8377e+02
20260329_02:00:00   4.3510e-01   1.0269e+02   4.3218e+01   0.0000e+00   0.0000e+00   2.8320e+02
20260329_03:00:00   4.3017e-01   1.0180e+02   4.2670e+01   0.0000e+00   0.0000e+00   2.8147e+02
20260329_04:00:00   4.2848e-01   1.0146e+02   4.2391e+01   0.0000e+00   2.1280e-07   2.8237e+02
20260329_05:00:00   4.2528e-01   1.0087e+02   4.2022e+01   0.0000e+00   0.0000e+00   2.8480e+02
20260329_06:00:00   4.1912e-01   9.9727e+01   4.1516e+01   0.0000e+00   0.0000e+00   2.8612e+02
20260329_07:00:00   4.1068e-01   9.8161e+01   4.0713e+01   0.0000e+00   0.0000e+00   2.8612e+02
20260329_08:00:00   4.0823e-01   9.7730e+01   4.0273e+01   0.0000e+00   0.0000e+00   2.8519e+02
20260329_09:00:00   4.0683e-01   9.7459e+01   4.0085e+01   1.5480e-06   0.0000e+00   2.8490e+02
20260329_10:00:00   4.0577e-01   9.7299e+01   3.9615e+01   1.8570e-05   0.0000e+00   2.8443e+02
20260329_11:00:00   3.9280e-01   9.4912e+01   3.8276e+01   3.3730e-04   0.0000e+00   2.8408e+02
20260329_12:00:00   3.8764e-01   9.3962e+01   3.7591e+01   1.5916e-03   0.0000e+00   2.8403e+02
20260329_13:00:00   3.8380e-01   9.3255e+01   3.7066e+01   1.6472e-03   0.0000e+00   2.8459e+02
20260329_14:00:00   3.7541e-01   9.1688e+01   3.6305e+01   5.5240e-04   0.0000e+00   2.8676e+02
20260329_15:00:00   3.8078e-01   9.2761e+01   3.6321e+01   4.4300e-03   0.0000e+00   2.8713e+02
20260329_16:00:00   3.8066e-01   9.2783e+01   3.6088e+01   6.4140e-03   0.0000e+00   2.8767e+02
20260329_17:00:00   3.7355e-01   9.1387e+01   3.5725e+01   2.1018e-03   8.9100e-08   2.8669e+02
20260329_18:00:00   3.7150e-01   9.1001e+01   3.5438e+01   3.6156e-03   6.2240e-07   2.8507e+02
20260329_19:00:00   3.7427e-01   9.1568e+01   3.5806e+01   8.7140e-05   0.0000e+00   2.8617e+02
20260329_20:00:00   3.7961e-01   9.2576e+01   3.6303e+01   5.5220e-04   1.6096e-04   2.8457e+02
20260329_21:00:00   3.6680e-01   8.9975e+01   3.5473e+01   1.0980e-04   1.9046e-03   2.8343e+02
20260329_22:00:00   3.5717e-01   8.8058e+01   3.4663e+01   0.0000e+00   3.0440e-03   2.8477e+02
20260329_23:00:00   3.5569e-01   8.7812e+01   3.4335e+01   0.0000e+00   1.8782e-03   2.8625e+02
20260330_00:00:00   3.6226e-01   8.9130e+01   3.4685e+01   0.0000e+00   2.4944e-03   2.8686e+02
20260330_01:00:00   3.5828e-01   8.8365e+01   3.4068e+01   2.2457e-05   3.7780e-03   2.8694e+02
20260330_02:00:00   3.4022e-01   8.4758e+01   3.2038e+01   0.0000e+00   2.4100e-04   2.8663e+02
20260330_03:00:00   3.3869e-01   8.4437e+01   3.1759e+01   0.0000e+00   4.4640e-04   2.8708e+02
20260330_04:00:00   3.3704e-01   8.4094e+01   3.1527e+01   0.0000e+00   5.4220e-04   2.8760e+02
20260330_05:00:00   3.4499e-01   8.5673e+01   3.2352e+01   6.2340e-06   1.4780e-04   2.8839e+02
20260330_06:00:00   3.5038e-01   8.6713e+01   3.2999e+01   0.0000e+00   2.1434e-05   2.8767e+02
20260330_07:00:00   3.4993e-01   8.6608e+01   3.3020e+01   0.0000e+00   2.6600e-07   2.8882e+02
20260330_08:00:00   3.5059e-01   8.6733e+01   3.3093e+01   4.7410e-05   0.0000e+00   2.9083e+02
20260330_09:00:00   3.4415e-01   8.5450e+01   3.2600e+01   0.0000e+00   3.5440e-06   2.9262e+02
20260330_10:00:00   3.4401e-01   8.5384e+01   3.2772e+01   0.0000e+00   4.6477e-05   2.9402e+02
20260330_11:00:00   3.4284e-01   8.5144e+01   3.2755e+01   0.0000e+00   6.7860e-04   2.9479e+02
20260330_12:00:00   3.5902e-01   8.8395e+01   3.4427e+01   0.0000e+00   2.4440e-04   2.9504e+02
20260330_13:00:00   3.5799e-01   8.8210e+01   3.4449e+01   0.0000e+00   0.0000e+00   2.9475e+02
20260330_14:00:00   3.4784e-01   8.6186e+01   3.3615e+01   0.0000e+00   4.8680e-04   2.9423e+02
20260330_15:00:00   3.5398e-01   8.7430e+01   3.4177e+01   1.3263e-07   6.6245e-05   2.9284e+02
20260330_16:00:00   3.5816e-01   8.8293e+01   3.4598e+01   4.7450e-06   0.0000e+00   2.9150e+02
20260330_17:00:00   3.6199e-01   8.9041e+01   3.5049e+01   0.0000e+00   0.0000e+00   2.8749e+02
20260330_18:00:00   3.5805e-01   8.8325e+01   3.4628e+01   0.0000e+00   0.0000e+00   2.8536e+02
20260330_19:00:00   3.6750e-01   9.0184e+01   3.5418e+01   9.0190e-06   0.0000e+00   2.8368e+02
20260330_20:00:00   3.7339e-01   9.1311e+01   3.6194e+01   0.0000e+00   0.0000e+00   2.8350e+02
20260330_21:00:00   3.7725e-01   9.2058e+01   3.6577e+01   2.5155e-05   0.0000e+00   2.8454e+02
20260330_22:00:00   3.8270e-01   9.3118e+01   3.7036e+01   0.0000e+00   0.0000e+00   2.8389e+02
20260330_23:00:00   3.8936e-01   9.4426e+01   3.7432e+01   1.7372e-06   0.0000e+00   2.8492e+02
20260331_00:00:00   3.9678e-01   9.5810e+01   3.8211e+01   5.0180e-05   0.0000e+00   2.8416e+02
20260331_01:00:00   4.0454e-01   9.7247e+01   3.8898e+01   7.9240e-04   0.0000e+00   2.8359e+02
20260331_02:00:00   4.1868e-01   9.9863e+01   4.0238e+01   0.0000e+00   3.3080e-05   2.8226e+02
20260331_03:00:00   4.2491e-01   1.0102e+02   4.0739e+01   4.9080e-06   4.5979e-04   2.8087e+02
20260331_04:00:00   4.0333e-01   9.7061e+01   3.8440e+01   3.0460e-04   6.0445e-04   2.8029e+02
20260331_05:00:00   3.7833e-01   9.2345e+01   3.5775e+01   2.3878e-06   1.3328e-03   2.8045e+02
20260331_06:00:00   3.5851e-01   8.8499e+01   3.3543e+01   1.8329e-04   4.6736e-03   2.7941e+02
20260331_07:00:00   3.4965e-01   8.6739e+01   3.2432e+01   0.0000e+00   2.3400e-03   2.7999e+02
20260331_08:00:00   3.3975e-01   8.4769e+01   3.1244e+01   5.2020e-05   2.4004e-03   2.8055e+02
20260331_09:00:00   3.3049e-01   8.2892e+01   3.0222e+01   1.7338e-04   1.0382e-03   2.8119e+02
20260331_10:00:00   3.1080e-01   7.8851e+01   2.8312e+01   0.0000e+00   1.2017e-02   2.8137e+02
20260331_11:00:00   2.9387e-01   7.5338e+01   2.6543e+01   0.0000e+00   1.6798e-02   2.8181e+02
20260331_12:00:00   2.8803e-01   7.4135e+01   2.5853e+01   0.0000e+00   5.6799e-03   2.8245e+02
20260331_13:00:00   2.9214e-01   7.5032e+01   2.6225e+01   6.9340e-05   8.4680e-04   2.8272e+02
20260331_14:00:00   2.9883e-01   7.6471e+01   2.6808e+01   1.4364e-04   0.0000e+00   2.8403e+02
20260331_15:00:00   3.0992e-01   7.8846e+01   2.7856e+01   0.0000e+00   0.0000e+00   2.8556e+02
20260331_16:00:00   3.1558e-01   8.0051e+01   2.8364e+01   4.9530e-06   0.0000e+00   2.8579e+02
20260331_17:00:00   3.1596e-01   8.0109e+01   2.8405e+01   6.4390e-05   0.0000e+00   2.8501e+02
20260331_18:00:00   3.0451e-01   7.7682e+01   2.7474e+01   2.6522e-07   0.0000e+00   2.8509e+02
20260331_19:00:00   3.0003e-01   7.6739e+01   2.7355e+01   0.0000e+00   0.0000e+00   2.8410e+02
20260331_20:00:00   3.0796e-01   7.8392e+01   2.8419e+01   0.0000e+00   0.0000e+00   2.8301e+02
20260331_21:00:00   3.2145e-01   8.1167e+01   2.9926e+01   3.3420e-06   0.0000e+00   2.8365e+02
20260331_22:00:00   3.2460e-01   8.1750e+01   3.0509e+01   0.0000e+00   0.0000e+00   2.8352e+02
20260331_23:00:00   3.3633e-01   8.4118e+01   3.1803e+01   1.0620e-06   0.0000e+00   2.8313e+02
20260401_00:00:00   3.6989e-01   9.0849e+01   3.4901e+01   7.3883e-05   0.0000e+00   2.8298e+02
20260401_01:00:00   3.9461e-01   9.5542e+01   3.7661e+01   2.2876e-04   0.0000e+00   2.8272e+02
20260401_02:00:00   4.0117e-01   9.6747e+01   3.8522e+01   1.4895e-04   0.0000e+00   2.8203e+02
20260401_03:00:00   4.0617e-01   9.7648e+01   3.9158e+01   0.0000e+00   0.0000e+00   2.8165e+02
20260401_04:00:00   4.0976e-01   9.8287e+01   3.9643e+01   0.0000e+00   0.0000e+00   2.8193e+02
20260401_05:00:00   4.1471e-01   9.9139e+01   4.0222e+01   7.0514e-05   0.0000e+00   2.8189e+02
20260401_06:00:00   4.1810e-01   9.9711e+01   4.0591e+01   4.7111e-05   0.0000e+00   2.8136e+02
20260401_07:00:00   4.1972e-01   9.9922e+01   4.0974e+01   2.1501e-05   0.0000e+00   2.8095e+02
20260401_08:00:00   4.1882e-01   9.9742e+01   4.0947e+01   0.0000e+00   0.0000e+00   2.8107e+02
20260401_09:00:00   4.1856e-01   9.9694e+01   4.0889e+01   1.2920e-06   0.0000e+00   2.8051e+02
20260401_10:00:00   4.1968e-01   9.9897e+01   4.0936e+01   1.7473e-05   0.0000e+00   2.7967e+02
20260401_11:00:00   4.1917e-01   9.9833e+01   4.0858e+01   7.7360e-05   0.0000e+00   2.7907e+02
20260401_12:00:00   4.1880e-01   9.9774e+01   4.0893e+01   0.0000e+00   0.0000e+00   2.8000e+02
20260401_13:00:00   4.1899e-01   9.9873e+01   4.0866e+01   0.0000e+00   0.0000e+00   2.8182e+02
20260401_14:00:00   4.2181e-01   1.0040e+02   4.1145e+01   1.9154e-04   0.0000e+00   2.8289e+02
20260401_15:00:00   4.1994e-01   1.0009e+02   4.0952e+01   0.0000e+00   0.0000e+00   2.8405e+02
20260401_16:00:00   4.1969e-01   1.0009e+02   4.0895e+01   0.0000e+00   0.0000e+00   2.8472e+02
20260401_17:00:00   4.1943e-01   1.0004e+02   4.0869e+01   0.0000e+00   0.0000e+00   2.8350e+02
20260401_18:00:00   4.1666e-01   9.9566e+01   4.0535e+01   0.0000e+00   0.0000e+00   2.8261e+02
20260401_19:00:00   4.1435e-01   9.9186e+01   4.0218e+01   9.9820e-05   0.0000e+00   2.8246e+02
20260401_20:00:00   4.0795e-01   9.8056e+01   3.9438e+01   8.5560e-06   0.0000e+00   2.8180e+02
20260401_21:00:00   4.1015e-01   9.8483e+01   3.9383e+01   3.9180e-04   0.0000e+00   2.8228e+02
20260401_22:00:00   4.0826e-01   9.8159e+01   3.9104e+01   0.0000e+00   0.0000e+00   2.8199e+02
20260401_23:00:00   4.1138e-01   9.8704e+01   3.9513e+01   0.0000e+00   0.0000e+00   2.8146e+02
20260402_00:00:00   4.1541e-01   9.9427e+01   3.9834e+01   1.2477e-05   0.0000e+00   2.8082e+02
20260402_01:00:00   4.1744e-01   9.9776e+01   4.0140e+01   3.5680e-06   0.0000e+00   2.8049e+02
20260402_02:00:00   4.1638e-01   9.9584e+01   3.9999e+01   0.0000e+00   0.0000e+00   2.7965e+02
20260402_03:00:00   4.1736e-01   9.9714e+01   4.0179e+01   2.2020e-04   2.1660e-04   2.7971e+02
20260402_04:00:00   4.1937e-01   1.0001e+02   4.0369e+01   2.3720e-04   0.0000e+00   2.8071e+02
20260402_05:00:00   4.2052e-01   1.0018e+02   4.0632e+01   2.8480e-05   0.0000e+00   2.8091e+02
20260402_06:00:00   4.1398e-01   9.8969e+01   4.0014e+01   1.0247e-05   0.0000e+00   2.8147e+02
20260402_07:00:00   4.0874e-01   9.7973e+01   3.9654e+01   2.4958e-06   0.0000e+00   2.8161e+02
20260402_08:00:00   4.0440e-01   9.7189e+01   3.9239e+01   1.5721e-04   0.0000e+00   2.8073e+02
20260402_09:00:00   4.0053e-01   9.6477e+01   3.8957e+01   2.1958e-05   2.6600e-07   2.8073e+02
20260402_10:00:00   4.0393e-01   9.7129e+01   3.9246e+01   1.2799e-05   0.0000e+00   2.7947e+02
20260402_11:00:00   4.0402e-01   9.7176e+01   3.9219e+01   1.3556e-04   0.0000e+00   2.7909e+02
20260402_12:00:00   4.0637e-01   9.7654e+01   3.9388e+01   8.8577e-05   0.0000e+00   2.7832e+02
20260402_13:00:00   4.1027e-01   9.8402e+01   3.9645e+01   3.3510e-04   6.6540e-06   2.8016e+02
20260402_14:00:00   4.0368e-01   9.7241e+01   3.8969e+01   1.2846e-04   0.0000e+00   2.8180e+02
20260402_15:00:00   4.0185e-01   9.6936e+01   3.8707e+01   1.0248e-03   0.0000e+00   2.8177e+02
20260402_16:00:00   4.1010e-01   9.8418e+01   3.9711e+01   1.0580e-03   0.0000e+00   2.8169e+02
20260402_17:00:00   4.1336e-01   9.9001e+01   4.0183e+01   1.0141e-03   9.3948e-04   2.8041e+02
20260402_18:00:00   4.0564e-01   9.7562e+01   3.9639e+01   6.7380e-05   2.8764e-04   2.7949e+02
20260402_19:00:00   4.0221e-01   9.6951e+01   3.9132e+01   1.0048e-03   0.0000e+00   2.7954e+02
20260402_20:00:00   3.9817e-01   9.6221e+01   3.8738e+01   0.0000e+00   5.1440e-06   2.7806e+02
20260402_21:00:00   3.9976e-01   9.6545e+01   3.8831e+01   0.0000e+00   5.6460e-05   2.7799e+02
20260402_22:00:00   4.0394e-01   9.7331e+01   3.9055e+01   0.0000e+00   8.4361e-06   2.7822e+02
20260402_23:00:00   4.0509e-01   9.7524e+01   3.9145e+01   2.4958e-06   6.3914e-03   2.7836e+02
20260403_00:00:00   4.0338e-01   9.7230e+01   3.8920e+01   0.0000e+00   3.3494e-03   2.7893e+02
20260403_03:00:00   4.0614e-01   9.7805e+01   3.8968e+01   1.2865e-05   5.9800e-03   2.8072e+02
20260403_06:00:00   3.9545e-01   9.5659e+01   3.8330e+01   1.1316e-03   1.4870e-02   2.8146e+02
20260403_09:00:00   3.8649e-01   9.3962e+01   3.7724e+01   1.3404e-04   1.9706e-02   2.8145e+02
20260403_12:00:00   4.1402e-01   9.9146e+01   4.0654e+01   0.0000e+00   8.4152e-02   2.8187e+02
20260403_15:00:00   4.2260e-01   1.0078e+02   4.1897e+01   5.4150e-04   7.7082e-03   2.8177e+02
20260403_18:00:00   4.2780e-01   1.0177e+02   4.2658e+01   0.0000e+00   7.4205e-02   2.8171e+02
20260403_21:00:00   4.2551e-01   1.0146e+02   4.2219e+01   0.0000e+00   3.3523e-02   2.8040e+02
20260404_00:00:00   4.3831e-01   1.0380e+02   4.3334e+01   1.3728e-06   1.9205e-02   2.7915e+02
20260404_03:00:00   4.3722e-01   1.0359e+02   4.3370e+01   2.2100e-06   1.6016e-03   2.7864e+02
20260404_06:00:00   4.3702e-01   1.0344e+02   4.3734e+01   3.7140e-06   4.3710e-03   2.7654e+02
20260404_09:00:00   4.4409e-01   1.0471e+02   4.4407e+01   1.0529e-04   3.9127e-03   2.7415e+02
20260404_12:00:00   4.5180e-01   1.0611e+02   4.5246e+01   3.7740e-04   7.6291e-03   2.7468e+02
20260404_15:00:00   4.5729e-01   1.0717e+02   4.5882e+01   6.2140e-04   1.4412e-03   2.7830e+02
20260404_18:00:00   4.5971e-01   1.0763e+02   4.6110e+01   1.0797e-03   1.1904e-03   2.7641e+02
20260404_21:00:00   4.7110e-01   1.0958e+02   4.7180e+01   1.6880e-03   2.2601e-03   2.7368e+02
20260405_00:00:00   4.6925e-01   1.0930e+02   4.6913e+01   1.6636e-06   2.7756e-03   2.7569e+02
20260405_03:00:00   4.6082e-01   1.0784e+02   4.6153e+01   0.0000e+00   3.2058e-03   2.7645e+02
20260405_06:00:00   4.5685e-01   1.0706e+02   4.5613e+01   2.7620e-05   1.7184e-03   2.7413e+02
20260405_09:00:00   4.6021e-01   1.0757e+02   4.6010e+01   0.0000e+00   1.6712e-05   2.7294e+02
20260405_12:00:00   4.6062e-01   1.0780e+02   4.5919e+01   0.0000e+00   2.9360e-05   2.7746e+02
20260405_15:00:00   4.6159e-01   1.0809e+02   4.5949e+01   3.0450e-04   2.9884e-05   2.8261e+02
20260405_18:00:00   4.7280e-01   1.1007e+02   4.7019e+01   7.9310e-04   1.7206e-04   2.8032e+02
20260405_21:00:00   4.7289e-01   1.1012e+02   4.6966e+01   6.4630e-04   6.8320e-06   2.7844e+02
20260406_00:00:00   4.7617e-01   1.1065e+02   4.7386e+01   3.7620e-06   2.1100e-05   2.7605e+02
20260406_03:00:00   4.7661e-01   1.1067e+02   4.7403e+01   1.0264e-04   1.9700e-05   2.7912e+02
20260406_06:00:00   4.7272e-01   1.0990e+02   4.7006e+01   8.7255e-04   3.1261e-05   2.8208e+02
20260406_09:00:00   4.6599e-01   1.0878e+02   4.6165e+01   3.5580e-04   4.4244e-05   2.8324e+02
20260406_12:00:00   4.7397e-01   1.1032e+02   4.6675e+01   5.9070e-04   1.3844e-05   2.8737e+02
20260406_15:00:00   4.9041e-01   1.1320e+02   4.8381e+01   2.4504e-04   7.2711e-03   2.8582e+02
20260406_18:00:00   5.0339e-01   1.1533e+02   4.9802e+01   1.6349e-03   4.1620e-04   2.8220e+02
20260406_21:00:00   5.0550e-01   1.1567e+02   5.0207e+01   2.8638e-04   0.0000e+00   2.8406e+02
20260407_00:00:00   5.1490e-01   1.1723e+02   5.1241e+01   4.0792e-04   1.4148e-06   2.8593e+02
20260407_03:00:00   5.1990e-01   1.1805e+02   5.1918e+01   2.7542e-04   1.0068e-02   2.8707e+02
20260407_06:00:00   5.1928e-01   1.1791e+02   5.1632e+01   3.7615e-04   2.7220e-05   2.8816e+02
20260407_09:00:00   5.1388e-01   1.1709e+02   5.0494e+01   6.3932e-03   2.0500e-05   2.8920e+02
20260407_12:00:00   5.2386e-01   1.1880e+02   5.1424e+01   3.7447e-03   1.0639e-03   2.8952e+02
20260407_15:00:00   5.1457e-01   1.1721e+02   5.1339e+01   1.7280e-03   5.8874e-03   2.9097e+02
20260407_18:00:00   4.9922e-01   1.1459e+02   4.9862e+01   6.4556e-03   2.0198e-04   2.9222e+02
20260407_21:00:00   4.9153e-01   1.1336e+02   4.9249e+01   1.9712e-04   2.5511e-05   2.9199e+02
20260408_00:00:00   4.9608e-01   1.1419e+02   4.9628e+01   6.0580e-04   2.2222e-05   2.9307e+02
20260408_03:00:00   4.9523e-01   1.1410e+02   4.9232e+01   2.5381e-03   4.4358e-06   2.8946e+02
20260408_06:00:00   4.8091e-01   1.1152e+02   4.8036e+01   0.0000e+00   1.3746e-05   2.8740e+02
20260408_09:00:00   4.5574e-01   1.0681e+02   4.6596e+01   1.5474e-05   1.3005e-04   2.8709e+02
20260408_12:00:00   4.4700e-01   1.0533e+02   4.5604e+01   1.3366e-07   0.0000e+00   2.8881e+02
20260408_15:00:00   4.8426e-01   1.1233e+02   4.7686e+01   6.2577e-03   0.0000e+00   2.8800e+02
20260408_18:00:00   4.9037e-01   1.1351e+02   4.8299e+01   2.6558e-03   0.0000e+00   2.8674e+02
20260408_21:00:00   4.7109e-01   1.1008e+02   4.7086e+01   2.0461e-04   5.1688e-07   2.8708e+02
20260409_00:00:00   4.7272e-01   1.1038e+02   4.7210e+01   0.0000e+00   3.5640e-07   2.8692e+02
20260409_03:00:00   4.8322e-01   1.1225e+02   4.7751e+01   0.0000e+00   2.6683e-05   2.8622e+02
20260409_06:00:00   4.8432e-01   1.1238e+02   4.7652e+01   1.3208e-05   3.4877e-05   2.8471e+02
20260409_09:00:00   4.7336e-01   1.1048e+02   4.6347e+01   0.0000e+00   0.0000e+00   2.8610e+02
20260409_12:00:00   4.7959e-01   1.1158e+02   4.7177e+01   1.1280e-03   6.6040e-06   2.8365e+02
20260409_15:00:00   4.7149e-01   1.1039e+02   4.5904e+01   3.7852e-04   0.0000e+00   2.8402e+02
20260409_18:00:00   4.7563e-01   1.1111e+02   4.6548e+01   4.6774e-03   1.7134e-05   2.7917e+02
20260409_21:00:00   4.8518e-01   1.1269e+02   4.8149e+01   7.9610e-04   1.8600e-03   2.7783e+02
20260410_00:00:00   4.9266e-01   1.1398e+02   4.8649e+01   0.0000e+00   0.0000e+00   2.8112e+02
20260410_03:00:00   4.9663e-01   1.1459e+02   4.9181e+01   0.0000e+00   2.6600e-07   2.7983e+02
20260410_06:00:00   4.8586e-01   1.1269e+02   4.8135e+01   0.0000e+00   0.0000e+00   2.7996e+02
20260410_09:00:00   4.8086e-01   1.1176e+02   4.7509e+01   0.0000e+00   1.7798e-05   2.8061e+02
20260410_12:00:00   4.8832e-01   1.1302e+02   4.8204e+01   0.0000e+00   2.9453e-04   2.8251e+02
20260410_15:00:00   4.7453e-01   1.1091e+02   4.6428e+01   6.4890e-05   2.9976e-03   2.7999e+02
20260410_18:00:00   4.6612e-01   1.0954e+02   4.5510e+01   9.7320e-05   4.6580e-05   2.7932e+02
20260410_21:00:00   4.7388e-01   1.1093e+02   4.6004e+01   0.0000e+00   4.7880e-06   2.7759e+02
20260411_00:00:00   4.6349e-01   1.0907e+02   4.4828e+01   0.0000e+00   2.6420e-05   2.7875e+02
20260411_03:00:00   4.6205e-01   1.0867e+02   4.5192e+01   0.0000e+00   9.3300e-05   2.7853e+02
20260411_06:00:00   4.3948e-01   1.0457e+02   4.2961e+01   0.0000e+00   4.4240e-03   2.7867e+02
20260411_09:00:00   4.4101e-01   1.0486e+02   4.2827e+01   0.0000e+00   3.3306e-03   2.8006e+02
20260411_12:00:00   4.5089e-01   1.0676e+02   4.3564e+01   0.0000e+00   2.4122e-03   2.8006e+02
20260411_15:00:00   4.7239e-01   1.1066e+02   4.5632e+01   7.9860e-04   1.8770e-03   2.7870e+02
20260411_18:00:00   4.9464e-01   1.1433e+02   4.8748e+01   3.0020e-03   1.0849e-02   2.8083e+02
20260411_21:00:00   4.8977e-01   1.1350e+02   4.8508e+01   0.0000e+00   1.7314e-02   2.8243e+02
20260412_00:00:00   4.9015e-01   1.1354e+02   4.8680e+01   0.0000e+00   1.1900e-03   2.8369e+02
20260412_03:00:00   4.8971e-01   1.1323e+02   4.9358e+01   0.0000e+00   3.0249e-03   2.8175e+02
20260412_06:00:00   4.7014e-01   1.0998e+02   4.5959e+01   0.0000e+00   1.9114e-03   2.8136e+02
20260412_09:00:00   4.6716e-01   1.0938e+02   4.5552e+01   0.0000e+00   2.8088e-03   2.8289e+02
20260412_12:00:00   4.5900e-01   1.0812e+02   4.4191e+01   0.0000e+00   2.1180e-05   2.8478e+02
20260412_15:00:00   4.5851e-01   1.0812e+02   4.4005e+01   8.2350e-04   0.0000e+00   2.8749e+02
20260412_18:00:00   4.4835e-01   1.0628e+02   4.3012e+01   1.1729e-04   0.0000e+00   2.8617e+02
20260412_21:00:00   4.4965e-01   1.0645e+02   4.3553e+01   0.0000e+00   0.0000e+00   2.8199e+02
20260413_00:00:00   4.5728e-01   1.0789e+02   4.3839e+01   0.0000e+00   0.0000e+00   2.8038e+02
20260413_03:00:00   4.5684e-01   1.0777e+02   4.3822e+01   0.0000e+00   0.0000e+00   2.8076e+02
20260413_06:00:00   4.5376e-01   1.0714e+02   4.3393e+01   0.0000e+00   3.5044e-06   2.7955e+02
20260413_09:00:00   4.5269e-01   1.0679e+02   4.3844e+01   2.6620e-05   3.4800e-04   2.8059e+02
20260413_12:00:00   4.7553e-01   1.1070e+02   4.6504e+01   1.1630e-03   1.6320e-02   2.8138e+02
20260413_15:00:00   4.8582e-01   1.1252e+02   4.7270e+01   2.9481e-03   4.9616e-03   2.8348e+02
20260413_18:00:00   4.7672e-01   1.1093e+02   4.6490e+01   2.5799e-03   6.0081e-03   2.8284e+02
20260413_21:00:00   4.9477e-01   1.1382e+02   4.9513e+01   5.9062e-04   2.2882e-03   2.8111e+02
20260414_00:00:00   4.9352e-01   1.1360e+02   4.9080e+01   0.0000e+00   5.4819e-04   2.8222e+02
