#            date       tau255        Tb[K]      pwv[mm] lwp[kg*m^-2] iwp[kg*m^-2]       o3[DU]
20260203_00:00:00   5.0892e-01   1.1668e+02   4.8617e+01   4.7177e-03   1.2152e-02   2.5634e+02
20260203_01:00:00   5.1265e-01   1.1731e+02   4.8741e+01   6.2825e-03   4.1218e-03   2.5658e+02
20260203_02:00:00   5.2350e-01   1.1914e+02   4.8892e+01   1.8124e-02   3.2616e-04   2.5506e+02
20260203_03:00:00   5.5392e-01   1.2407e+02   4.9059e+01   5.1800e-02   6.2631e-04   2.5298e+02
20260203_04:00:00   5.7085e-01   1.2672e+02   4.9034e+01   7.1401e-02   7.6040e-03   2.5205e+02
20260203_05:00:00   5.5930e-01   1.2481e+02   5.0030e+01   4.5325e-02   7.4720e-03   2.5065e+02
20260203_06:00:00   6.2531e-01   1.3487e+02   5.1023e+01   1.0747e-01   5.8960e-04   2.5007e+02
20260203_07:00:00   6.6477e-01   1.4063e+02   5.1176e+01   1.4916e-01   4.2341e-04   2.5016e+02
20260203_08:00:00   6.7832e-01   1.4230e+02   5.1356e+01   1.5882e-01   4.4823e-04   2.5027e+02
20260203_09:00:00   5.6674e-01   1.2594e+02   5.1351e+01   3.6409e-02   1.2913e-04   2.4994e+02
20260203_10:00:00   6.1550e-01   1.3351e+02   5.1562e+01   9.6497e-02   1.2014e-03   2.5068e+02
20260203_11:00:00   7.6060e-01   1.5411e+02   5.1858e+01   2.6673e-01   1.2284e-03   2.5250e+02
20260203_12:00:00   7.9224e-01   1.5824e+02   5.2920e+01   2.9356e-01   3.3882e-04   2.5524e+02
20260203_13:00:00   9.0854e-01   1.7191e+02   5.4331e+01   4.1098e-01   1.6180e-04   2.5605e+02
20260203_14:00:00   9.8998e-01   1.8089e+02   5.4823e+01   5.0358e-01   5.2340e-06   2.5667e+02
20260203_15:00:00   1.0149e+00   1.8398e+02   5.4959e+01   5.4184e-01   0.0000e+00   2.5734e+02
20260203_16:00:00   9.4306e-01   1.7656e+02   5.3903e+01   4.6936e-01   2.8300e-07   2.5785e+02
20260203_17:00:00   1.1926e+00   2.0091e+02   5.3927e+01   7.6989e-01   1.9104e-05   2.5710e+02
20260203_18:00:00   1.3278e+00   2.1213e+02   5.4488e+01   9.3871e-01   1.0566e-05   2.5707e+02
20260203_19:00:00   8.6364e-01   1.6716e+02   5.3886e+01   3.7338e-01   0.0000e+00   2.5707e+02
20260203_20:00:00   8.2414e-01   1.6201e+02   5.3173e+01   3.3150e-01   0.0000e+00   2.5633e+02
20260203_21:00:00   1.0769e+00   1.9041e+02   5.4033e+01   6.3653e-01   0.0000e+00   2.5522e+02
20260203_22:00:00   9.6607e-01   1.7946e+02   5.4905e+01   4.9348e-01   0.0000e+00   2.5444e+02
20260203_23:00:00   7.1685e-01   1.4830e+02   5.3667e+01   1.9669e-01   0.0000e+00   2.5434e+02
20260204_00:00:00   5.9357e-01   1.3013e+02   5.3127e+01   5.4653e-02   0.0000e+00   2.5504e+02
20260204_01:00:00   5.7025e-01   1.2629e+02   5.2957e+01   3.2064e-02   0.0000e+00   2.5473e+02
20260204_02:00:00   5.7764e-01   1.2742e+02   5.3020e+01   4.0676e-02   0.0000e+00   2.5387e+02
20260204_03:00:00   5.5628e-01   1.2405e+02   5.2212e+01   2.6103e-02   0.0000e+00   2.5435e+02
20260204_04:00:00   5.6313e-01   1.2501e+02   5.0997e+01   5.0872e-02   0.0000e+00   2.5437e+02
20260204_05:00:00   5.9864e-01   1.3043e+02   5.0080e+01   1.0549e-01   2.8300e-07   2.5304e+02
20260204_06:00:00   6.3545e-01   1.3586e+02   4.9733e+01   1.5221e-01   5.6780e-06   2.5379e+02
20260204_07:00:00   5.3963e-01   1.2112e+02   5.0065e+01   3.3507e-02   5.0800e-06   2.5365e+02
20260204_08:00:00   5.3385e-01   1.2029e+02   5.1127e+01   9.9180e-03   1.2030e-06   2.5358e+02
20260204_09:00:00   5.4011e-01   1.2141e+02   5.2398e+01   2.3654e-04   1.5920e-05   2.5451e+02
20260204_10:00:00   5.8822e-01   1.2904e+02   5.2868e+01   5.6178e-02   0.0000e+00   2.5470e+02
20260204_11:00:00   6.1451e-01   1.3281e+02   5.0976e+01   1.1997e-01   0.0000e+00   2.5537e+02
20260204_12:00:00   5.3353e-01   1.2001e+02   4.8209e+01   6.2028e-02   0.0000e+00   2.5634e+02
20260204_13:00:00   4.7786e-01   1.1078e+02   4.7010e+01   9.5728e-03   0.0000e+00   2.5785e+02
20260204_14:00:00   4.8125e-01   1.1155e+02   4.7812e+01   3.9980e-05   0.0000e+00   2.6069e+02
20260204_15:00:00   4.7161e-01   1.0986e+02   4.6912e+01   1.4437e-03   0.0000e+00   2.6193e+02
20260204_16:00:00   4.4122e-01   1.0435e+02   4.4447e+01   7.1016e-05   0.0000e+00   2.6273e+02
20260204_17:00:00   4.1598e-01   9.9648e+01   4.2204e+01   5.4820e-06   0.0000e+00   2.6242e+02
20260204_18:00:00   4.0614e-01   9.7785e+01   4.1188e+01   4.4703e-04   0.0000e+00   2.6253e+02
20260204_19:00:00   4.0116e-01   9.6845e+01   4.0744e+01   1.9825e-05   0.0000e+00   2.6220e+02
20260204_20:00:00   3.9715e-01   9.6098e+01   4.0388e+01   3.9560e-05   0.0000e+00   2.6133e+02
20260204_21:00:00   3.9694e-01   9.6071e+01   4.0328e+01   0.0000e+00   0.0000e+00   2.6199e+02
20260204_22:00:00   4.1231e-01   9.9084e+01   4.1410e+01   0.0000e+00   0.0000e+00   2.6181e+02
20260204_23:00:00   4.2410e-01   1.0137e+02   4.2194e+01   0.0000e+00   0.0000e+00   2.6121e+02
20260205_00:00:00   4.1824e-01   1.0028e+02   4.1601e+01   0.0000e+00   0.0000e+00   2.6134e+02
20260205_01:00:00   4.0252e-01   9.7257e+01   4.0228e+01   0.0000e+00   0.0000e+00   2.6203e+02
20260205_02:00:00   3.9101e-01   9.4987e+01   3.9340e+01   0.0000e+00   0.0000e+00   2.6256e+02
20260205_03:00:00   3.8213e-01   9.3203e+01   3.8580e+01   0.0000e+00   0.0000e+00   2.6183e+02
20260205_04:00:00   3.8638e-01   9.4047e+01   3.8898e+01   0.0000e+00   0.0000e+00   2.6109e+02
20260205_05:00:00   4.2528e-01   1.0155e+02   4.2038e+01   2.2680e-04   0.0000e+00   2.6069e+02
20260205_06:00:00   4.6271e-01   1.0842e+02   4.5165e+01   2.3880e-05   0.0000e+00   2.6033e+02
20260205_07:00:00   4.8358e-01   1.1212e+02   4.6769e+01   1.4556e-03   0.0000e+00   2.5921e+02
20260205_08:00:00   4.8463e-01   1.1226e+02   4.7000e+01   4.9840e-05   0.0000e+00   2.5913e+02
20260205_09:00:00   4.7847e-01   1.1114e+02   4.6640e+01   7.8495e-06   0.0000e+00   2.5937e+02
20260205_10:00:00   4.6669e-01   1.0898e+02   4.5781e+01   1.2262e-04   0.0000e+00   2.5972e+02
20260205_11:00:00   4.5132e-01   1.0617e+02   4.4576e+01   0.0000e+00   0.0000e+00   2.5979e+02
20260205_12:00:00   4.3659e-01   1.0347e+02   4.3427e+01   0.0000e+00   0.0000e+00   2.5929e+02
20260205_13:00:00   4.3122e-01   1.0252e+02   4.3014e+01   0.0000e+00   0.0000e+00   2.5901e+02
20260205_14:00:00   4.3776e-01   1.0379e+02   4.3443e+01   0.0000e+00   0.0000e+00   2.5833e+02
20260205_15:00:00   4.4163e-01   1.0456e+02   4.3513e+01   2.0264e-03   0.0000e+00   2.5760e+02
20260205_16:00:00   4.4358e-01   1.0492e+02   4.3239e+01   8.1310e-03   0.0000e+00   2.5790e+02
20260205_17:00:00   4.4717e-01   1.0562e+02   4.2516e+01   2.4284e-02   0.0000e+00   2.5829e+02
20260205_18:00:00   4.3747e-01   1.0386e+02   4.1986e+01   2.0821e-02   0.0000e+00   2.5738e+02
20260205_19:00:00   4.4193e-01   1.0469e+02   4.2087e+01   2.3852e-02   0.0000e+00   2.5703e+02
20260205_20:00:00   4.3424e-01   1.0328e+02   4.2130e+01   1.3413e-02   0.0000e+00   2.5718e+02
20260205_21:00:00   4.2042e-01   1.0066e+02   4.1844e+01   5.5170e-04   0.0000e+00   2.5783e+02
20260205_22:00:00   4.1385e-01   9.9405e+01   4.1357e+01   2.2229e-04   0.0000e+00   2.5711e+02
20260205_23:00:00   3.9982e-01   9.6727e+01   4.0195e+01   5.6900e-05   0.0000e+00   2.5592e+02
20260206_00:00:00   3.8949e-01   9.4759e+01   3.9300e+01   1.1947e-06   0.0000e+00   2.5607e+02
20260206_01:00:00   3.9285e-01   9.5439e+01   3.9342e+01   0.0000e+00   0.0000e+00   2.5745e+02
20260206_02:00:00   3.9541e-01   9.5950e+01   3.9355e+01   0.0000e+00   0.0000e+00   2.5820e+02
20260206_03:00:00   3.7793e-01   9.2543e+01   3.7796e+01   0.0000e+00   0.0000e+00   2.5801e+02
20260206_04:00:00   3.7334e-01   9.1639e+01   3.7243e+01   0.0000e+00   0.0000e+00   2.5713e+02
20260206_05:00:00   3.8507e-01   9.3989e+01   3.7888e+01   0.0000e+00   0.0000e+00   2.5746e+02
20260206_06:00:00   3.9038e-01   9.5052e+01   3.8032e+01   0.0000e+00   0.0000e+00   2.5862e+02
20260206_07:00:00   3.8282e-01   9.3606e+01   3.7293e+01   0.0000e+00   0.0000e+00   2.5929e+02
20260206_08:00:00   3.6793e-01   9.0657e+01   3.6041e+01   0.0000e+00   0.0000e+00   2.6098e+02
20260206_09:00:00   3.7051e-01   9.1157e+01   3.6210e+01   0.0000e+00   0.0000e+00   2.6247e+02
20260206_10:00:00   3.7862e-01   9.2771e+01   3.6862e+01   0.0000e+00   0.0000e+00   2.6353e+02
20260206_11:00:00   3.8349e-01   9.3755e+01   3.7200e+01   0.0000e+00   0.0000e+00   2.6370e+02
20260206_12:00:00   3.9558e-01   9.6162e+01   3.8008e+01   2.6520e-07   0.0000e+00   2.6230e+02
20260206_13:00:00   4.2027e-01   1.0088e+02   3.9779e+01   1.0428e-04   0.0000e+00   2.6086e+02
20260206_14:00:00   4.4915e-01   1.0623e+02   4.1265e+01   1.2700e-02   0.0000e+00   2.5994e+02
20260206_15:00:00   4.4709e-01   1.0594e+02   4.1187e+01   9.3862e-03   0.0000e+00   2.5946e+02
20260206_16:00:00   4.5018e-01   1.0652e+02   4.1329e+01   8.2825e-03   0.0000e+00   2.5730e+02
20260206_17:00:00   4.4911e-01   1.0628e+02   4.1149e+01   8.2286e-03   0.0000e+00   2.5437e+02
20260206_18:00:00   4.3864e-01   1.0436e+02   4.0204e+01   8.8312e-03   0.0000e+00   2.5361e+02
20260206_19:00:00   4.2409e-01   1.0166e+02   3.9192e+01   4.4314e-03   0.0000e+00   2.5447e+02
20260206_20:00:00   4.1223e-01   9.9423e+01   3.8462e+01   1.5574e-04   0.0000e+00   2.5320e+02
20260206_21:00:00   4.0284e-01   9.7656e+01   3.7665e+01   3.7643e-05   0.0000e+00   2.5318e+02
20260206_22:00:00   3.9817e-01   9.6778e+01   3.7257e+01   2.9647e-06   0.0000e+00   2.5333e+02
20260206_23:00:00   4.0037e-01   9.7178e+01   3.7382e+01   0.0000e+00   0.0000e+00   2.5166e+02
20260207_00:00:00   4.0103e-01   9.7314e+01   3.7492e+01   0.0000e+00   0.0000e+00   2.5115e+02
20260207_01:00:00   4.1072e-01   9.9110e+01   3.8129e+01   2.9400e-03   0.0000e+00   2.5239e+02
20260207_02:00:00   4.2369e-01   1.0149e+02   3.8308e+01   1.6438e-02   0.0000e+00   2.5373e+02
20260207_03:00:00   4.2335e-01   1.0139e+02   3.8334e+01   1.7064e-02   0.0000e+00   2.5456e+02
20260207_04:00:00   4.0461e-01   9.7874e+01   3.7834e+01   0.0000e+00   0.0000e+00   2.5432e+02
20260207_05:00:00   3.9881e-01   9.6740e+01   3.7321e+01   1.6270e-05   0.0000e+00   2.5410e+02
20260207_06:00:00   3.9151e-01   9.5307e+01   3.6802e+01   0.0000e+00   0.0000e+00   2.5413e+02
20260207_07:00:00   3.8661e-01   9.4351e+01   3.6552e+01   0.0000e+00   0.0000e+00   2.5521e+02
20260207_08:00:00   3.8375e-01   9.3745e+01   3.6492e+01   0.0000e+00   0.0000e+00   2.5714e+02
20260207_09:00:00   3.8091e-01   9.3177e+01   3.6635e+01   0.0000e+00   0.0000e+00   2.5616e+02
20260207_10:00:00   3.8478e-01   9.3902e+01   3.7268e+01   0.0000e+00   0.0000e+00   2.5531e+02
20260207_11:00:00   3.9079e-01   9.5025e+01   3.8107e+01   0.0000e+00   0.0000e+00   2.5531e+02
20260207_12:00:00   3.9578e-01   9.5962e+01   3.8829e+01   0.0000e+00   0.0000e+00   2.5402e+02
20260207_13:00:00   4.0019e-01   9.6807e+01   3.9485e+01   0.0000e+00   0.0000e+00   2.5321e+02
20260207_14:00:00   4.0936e-01   9.8559e+01   4.0527e+01   0.0000e+00   0.0000e+00   2.5245e+02
20260207_15:00:00   4.1674e-01   9.9938e+01   4.1310e+01   0.0000e+00   0.0000e+00   2.5291e+02
20260207_16:00:00   4.2249e-01   1.0102e+02   4.1861e+01   0.0000e+00   0.0000e+00   2.5279e+02
20260207_17:00:00   4.3505e-01   1.0339e+02   4.2346e+01   8.4880e-03   0.0000e+00   2.5292e+02
20260207_18:00:00   4.4065e-01   1.0441e+02   4.2746e+01   9.5460e-03   0.0000e+00   2.5224e+02
20260207_19:00:00   4.4604e-01   1.0539e+02   4.3382e+01   5.7490e-03   0.0000e+00   2.5002e+02
20260207_20:00:00   4.5026e-01   1.0614e+02   4.4171e+01   1.1804e-03   0.0000e+00   2.4920e+02
20260207_21:00:00   4.5797e-01   1.0751e+02   4.4947e+01   1.6819e-03   0.0000e+00   2.4949e+02
20260207_22:00:00   4.6829e-01   1.0932e+02   4.5851e+01   2.1661e-03   0.0000e+00   2.4896e+02
20260207_23:00:00   4.7263e-01   1.1002e+02   4.6506e+01   1.1013e-03   0.0000e+00   2.4932e+02
20260208_00:00:00   4.7993e-01   1.1126e+02   4.7410e+01   4.9910e-06   0.0000e+00   2.5073e+02
20260208_03:00:00   4.9641e-01   1.1398e+02   4.7825e+01   1.1723e-02   3.5420e-07   2.5120e+02
20260208_06:00:00   5.4678e-01   1.2231e+02   4.8607e+01   5.6439e-02   0.0000e+00   2.4722e+02
20260208_09:00:00   5.5016e-01   1.2297e+02   4.8946e+01   5.1411e-02   0.0000e+00   2.4707e+02
20260208_12:00:00   5.2314e-01   1.1855e+02   4.8130e+01   2.8106e-02   0.0000e+00   2.5002e+02
20260208_15:00:00   5.1222e-01   1.1676e+02   4.8473e+01   1.0262e-02   0.0000e+00   2.5475e+02
20260208_18:00:00   5.0281e-01   1.1514e+02   4.6657e+01   1.6652e-02   0.0000e+00   2.5040e+02
20260208_21:00:00   4.7503e-01   1.1038e+02   4.4510e+01   7.0118e-03   0.0000e+00   2.5130e+02
20260209_00:00:00   4.7262e-01   1.1004e+02   4.3847e+01   9.7412e-03   0.0000e+00   2.4914e+02
20260209_03:00:00   4.3685e-01   1.0375e+02   4.0244e+01   5.4752e-03   0.0000e+00   2.4875e+02
20260209_06:00:00   4.4114e-01   1.0471e+02   3.7729e+01   4.3003e-02   0.0000e+00   2.4796e+02
20260209_09:00:00   3.7631e-01   9.2431e+01   3.4212e+01   1.0532e-03   0.0000e+00   2.4875e+02
20260209_12:00:00   3.6664e-01   9.0591e+01   3.3323e+01   1.9216e-05   0.0000e+00   2.5210e+02
20260209_15:00:00   3.7738e-01   9.2609e+01   3.5129e+01   2.7422e-03   0.0000e+00   2.5750e+02
20260209_18:00:00   4.1293e-01   9.9418e+01   3.8669e+01   3.2440e-04   0.0000e+00   2.5556e+02
20260209_21:00:00   4.3252e-01   1.0316e+02   4.0394e+01   0.0000e+00   0.0000e+00   2.4953e+02
20260210_00:00:00   4.2935e-01   1.0248e+02   4.0664e+01   0.0000e+00   0.0000e+00   2.5096e+02
20260210_03:00:00   4.2361e-01   1.0129e+02   4.0995e+01   0.0000e+00   0.0000e+00   2.4947e+02
20260210_06:00:00   4.2443e-01   1.0122e+02   4.1371e+01   0.0000e+00   0.0000e+00   2.4912e+02
20260210_09:00:00   4.1429e-01   9.9449e+01   3.9037e+01   0.0000e+00   0.0000e+00   2.5100e+02
20260210_12:00:00   4.1206e-01   9.9115e+01   3.8030e+01   4.4560e-07   0.0000e+00   2.5742e+02
20260210_15:00:00   4.2967e-01   1.0236e+02   4.0022e+01   0.0000e+00   0.0000e+00   2.5597e+02
20260210_18:00:00   4.4239e-01   1.0450e+02   4.0930e+01   2.8520e-03   0.0000e+00   2.5348e+02
20260210_21:00:00   4.3249e-01   1.0269e+02   3.9531e+01   1.0632e-03   0.0000e+00   2.5342e+02
20260211_00:00:00   4.8104e-01   1.1176e+02   3.7425e+01   8.6175e-02   0.0000e+00   2.5244e+02
20260211_03:00:00   4.2982e-01   1.0242e+02   3.6527e+01   3.2235e-02   0.0000e+00   2.5300e+02
20260211_06:00:00   4.5167e-01   1.0648e+02   3.6892e+01   5.3980e-02   0.0000e+00   2.5296e+02
20260211_09:00:00   4.1830e-01   1.0027e+02   3.7361e+01   6.4316e-03   0.0000e+00   2.5869e+02
20260211_12:00:00   4.2332e-01   1.0115e+02   3.8268e+01   5.2123e-03   0.0000e+00   2.6116e+02
20260211_15:00:00   4.2390e-01   1.0130e+02   3.8869e+01   2.6888e-03   0.0000e+00   2.6044e+02
20260211_18:00:00   4.3992e-01   1.0418e+02   3.9223e+01   1.9646e-02   6.1680e-05   2.5765e+02
20260211_21:00:00   4.1944e-01   1.0049e+02   3.9105e+01   2.7429e-05   5.2621e-03   2.5656e+02
20260212_00:00:00   4.2463e-01   1.0148e+02   3.9553e+01   2.8506e-04   1.5915e-06   2.6020e+02
20260212_03:00:00   4.2914e-01   1.0216e+02   4.0771e+01   2.5540e-04   4.4600e-04   2.5810e+02
20260212_06:00:00   4.3385e-01   1.0291e+02   4.1321e+01   6.5440e-04   0.0000e+00   2.6052e+02
20260212_09:00:00   4.2681e-01   1.0166e+02   4.0321e+01   2.1720e-04   0.0000e+00   2.6100e+02
20260212_12:00:00   4.2311e-01   1.0102e+02   3.9540e+01   1.5631e-03   0.0000e+00   2.6028e+02
20260212_15:00:00   4.2083e-01   1.0073e+02   3.8750e+01   6.7471e-03   0.0000e+00   2.6060e+02
20260212_18:00:00   4.2143e-01   1.0076e+02   3.9428e+01   2.4312e-03   0.0000e+00   2.6321e+02
20260212_21:00:00   4.1568e-01   9.9724e+01   3.8846e+01   5.9820e-05   0.0000e+00   2.6409e+02
20260213_00:00:00   4.2433e-01   1.0128e+02   3.9356e+01   2.5506e-03   0.0000e+00   2.6601e+02
20260213_03:00:00   4.3381e-01   1.0295e+02   4.0027e+01   6.3050e-03   0.0000e+00   2.6779e+02
20260213_06:00:00   4.2689e-01   1.0162e+02   3.9741e+01   5.0972e-04   0.0000e+00   2.6796e+02
20260213_09:00:00   4.3380e-01   1.0282e+02   4.0468e+01   1.2378e-03   0.0000e+00   2.6763e+02
20260213_12:00:00   4.4909e-01   1.0560e+02   4.1350e+01   6.4902e-03   0.0000e+00   2.6769e+02
20260213_15:00:00   4.5281e-01   1.0629e+02   4.1992e+01   4.1386e-03   0.0000e+00   2.6919e+02
20260213_18:00:00   4.5823e-01   1.0713e+02   4.3043e+01   3.2657e-03   0.0000e+00   2.6788e+02
20260213_21:00:00   4.4942e-01   1.0555e+02   4.2294e+01   1.5257e-03   0.0000e+00   2.6574e+02
20260214_00:00:00   4.4013e-01   1.0401e+02   4.0155e+01   7.3117e-03   0.0000e+00   2.6329e+02
20260214_03:00:00   4.3500e-01   1.0312e+02   3.8251e+01   1.8242e-02   0.0000e+00   2.6460e+02
20260214_06:00:00   4.0319e-01   9.7169e+01   3.6581e+01   9.0380e-04   0.0000e+00   2.6075e+02
20260214_09:00:00   4.0107e-01   9.6646e+01   3.6981e+01   2.4831e-04   0.0000e+00   2.6274e+02
20260214_12:00:00   3.9615e-01   9.5736e+01   3.6624e+01   3.7900e-05   0.0000e+00   2.6348e+02
20260214_15:00:00   3.8320e-01   9.3384e+01   3.5069e+01   1.0364e-05   0.0000e+00   2.6225e+02
20260214_18:00:00   3.8619e-01   9.3869e+01   3.6221e+01   0.0000e+00   0.0000e+00   2.6163e+02
20260214_21:00:00   3.9112e-01   9.4837e+01   3.6518e+01   0.0000e+00   0.0000e+00   2.6333e+02
20260215_00:00:00   3.8847e-01   9.4407e+01   3.5411e+01   0.0000e+00   0.0000e+00   2.6175e+02
20260215_03:00:00   3.9736e-01   9.5941e+01   3.6846e+01   1.6218e-03   0.0000e+00   2.6393e+02
20260215_06:00:00   3.8116e-01   9.2949e+01   3.4906e+01   1.3966e-05   0.0000e+00   2.6185e+02
20260215_09:00:00   3.7411e-01   9.1550e+01   3.4120e+01   1.6636e-06   0.0000e+00   2.6058e+02
20260215_12:00:00   3.5544e-01   8.7847e+01   3.2492e+01   0.0000e+00   0.0000e+00   2.5863e+02
20260215_15:00:00   3.5191e-01   8.7175e+01   3.1957e+01   1.4299e-03   0.0000e+00   2.5898e+02
20260215_18:00:00   3.5019e-01   8.6827e+01   3.1713e+01   1.6805e-03   0.0000e+00   2.5893e+02
20260215_21:00:00   3.2382e-01   8.1509e+01   2.9399e+01   0.0000e+00   0.0000e+00   2.5953e+02
20260216_00:00:00   3.0945e-01   7.8528e+01   2.7910e+01   0.0000e+00   0.0000e+00   2.5822e+02
20260216_03:00:00   2.9510e-01   7.5465e+01   2.6615e+01   1.1093e-05   0.0000e+00   2.6009e+02
20260216_06:00:00   2.8640e-01   7.3574e+01   2.5692e+01   2.7855e-04   0.0000e+00   2.5991e+02
20260216_09:00:00   2.8697e-01   7.3709e+01   2.5567e+01   1.3139e-04   0.0000e+00   2.5715e+02
20260216_12:00:00   2.9262e-01   7.4912e+01   2.6161e+01   0.0000e+00   0.0000e+00   2.5790e+02
20260216_15:00:00   3.1451e-01   7.9564e+01   2.8303e+01   1.1739e-03   0.0000e+00   2.5981e+02
20260216_18:00:00   3.6456e-01   8.9728e+01   3.3240e+01   4.8370e-03   0.0000e+00   2.5806e+02
20260216_21:00:00   4.0093e-01   9.6715e+01   3.7330e+01   2.3705e-04   0.0000e+00   2.5464e+02
20260217_00:00:00   4.2670e-01   1.0151e+02   3.9933e+01   5.5465e-04   0.0000e+00   2.5400e+02
20260217_03:00:00   4.2989e-01   1.0199e+02   4.0749e+01   4.4595e-04   0.0000e+00   2.5468e+02
20260217_06:00:00   4.0911e-01   9.8085e+01   3.8891e+01   1.7960e-04   0.0000e+00   2.5602e+02
20260217_09:00:00   4.0820e-01   9.7847e+01   3.9131e+01   6.3920e-04   0.0000e+00   2.5467e+02
20260217_12:00:00   4.2087e-01   1.0030e+02   4.0279e+01   2.0200e-05   0.0000e+00   2.5626e+02
20260217_15:00:00   4.1600e-01   9.9555e+01   3.9685e+01   1.1584e-06   0.0000e+00   2.5938e+02
20260217_18:00:00   3.7790e-01   9.2180e+01   3.6762e+01   0.0000e+00   0.0000e+00   2.5819e+02
20260217_21:00:00   4.0659e-01   9.7762e+01   3.8884e+01   0.0000e+00   0.0000e+00   2.5868e+02
20260218_00:00:00   4.2234e-01   1.0074e+02   4.0266e+01   0.0000e+00   8.9100e-08   2.5568e+02
20260218_03:00:00   4.3003e-01   1.0209e+02   4.1210e+01   0.0000e+00   0.0000e+00   2.5919e+02
20260218_06:00:00   4.2895e-01   1.0179e+02   4.1269e+01   0.0000e+00   0.0000e+00   2.5450e+02
20260218_09:00:00   4.4099e-01   1.0402e+02   4.2215e+01   3.9516e-04   0.0000e+00   2.5309e+02
20260218_12:00:00   4.6161e-01   1.0786e+02   4.2949e+01   1.3914e-02   0.0000e+00   2.5538e+02
20260218_15:00:00   4.6391e-01   1.0838e+02   4.3597e+01   6.4373e-03   0.0000e+00   2.5879e+02
20260218_18:00:00   4.6810e-01   1.0901e+02   4.4695e+01   1.5359e-03   5.2840e-06   2.5607e+02
20260218_21:00:00   4.6269e-01   1.0807e+02   4.4393e+01   1.4735e-04   0.0000e+00   2.5448e+02
20260219_00:00:00   4.6008e-01   1.0757e+02   4.4570e+01   1.6636e-05   0.0000e+00   2.5507e+02
