#            date       tau255        Tb[K]      pwv[mm] lwp[kg*m^-2] iwp[kg*m^-2]       o3[DU]
20260330_18:00:00   3.9064e-01   9.4683e+01   3.7946e+01   0.0000e+00   0.0000e+00   2.8664e+02
20260330_19:00:00   3.8294e-01   9.3263e+01   3.7124e+01   0.0000e+00   0.0000e+00   2.8608e+02
20260330_20:00:00   3.8109e-01   9.2899e+01   3.6864e+01   0.0000e+00   0.0000e+00   2.8428e+02
20260330_21:00:00   3.7681e-01   9.2113e+01   3.6280e+01   0.0000e+00   0.0000e+00   2.8517e+02
20260330_22:00:00   3.7754e-01   9.2262e+01   3.6393e+01   0.0000e+00   0.0000e+00   2.8721e+02
20260330_23:00:00   3.7971e-01   9.2675e+01   3.6563e+01   0.0000e+00   0.0000e+00   2.8869e+02
20260331_00:00:00   3.8017e-01   9.2773e+01   3.6538e+01   2.5395e-06   0.0000e+00   2.9172e+02
20260331_01:00:00   3.9057e-01   9.4684e+01   3.7775e+01   2.4797e-05   0.0000e+00   2.9137e+02
20260331_02:00:00   4.0451e-01   9.7235e+01   3.9180e+01   5.3009e-04   0.0000e+00   2.8985e+02
20260331_03:00:00   4.0399e-01   9.7083e+01   3.9260e+01   9.2100e-05   0.0000e+00   2.8778e+02
20260331_04:00:00   3.9934e-01   9.6220e+01   3.8793e+01   2.1464e-04   0.0000e+00   2.8820e+02
20260331_05:00:00   3.9582e-01   9.5577e+01   3.8405e+01   5.1579e-05   7.1280e-08   2.8858e+02
20260331_06:00:00   3.8073e-01   9.2622e+01   3.7064e+01   7.9580e-07   0.0000e+00   2.8900e+02
20260331_07:00:00   3.7301e-01   9.1127e+01   3.6240e+01   5.3460e-07   0.0000e+00   2.8792e+02
20260331_08:00:00   3.8636e-01   9.3702e+01   3.7400e+01   0.0000e+00   0.0000e+00   2.8584e+02
20260331_09:00:00   3.9143e-01   9.4702e+01   3.7765e+01   0.0000e+00   0.0000e+00   2.8419e+02
20260331_10:00:00   3.8294e-01   9.3164e+01   3.6668e+01   0.0000e+00   0.0000e+00   2.8488e+02
20260331_11:00:00   3.6460e-01   8.9648e+01   3.4494e+01   0.0000e+00   0.0000e+00   2.8685e+02
20260331_12:00:00   3.3746e-01   8.4253e+01   3.1728e+01   0.0000e+00   0.0000e+00   2.8841e+02
20260331_13:00:00   3.1696e-01   8.0105e+01   2.9541e+01   0.0000e+00   0.0000e+00   2.8833e+02
20260331_14:00:00   3.0399e-01   7.7469e+01   2.8046e+01   0.0000e+00   0.0000e+00   2.8747e+02
20260331_15:00:00   2.9852e-01   7.6348e+01   2.7432e+01   0.0000e+00   0.0000e+00   2.8780e+02
20260331_16:00:00   2.9670e-01   7.6005e+01   2.7132e+01   0.0000e+00   0.0000e+00   2.8774e+02
20260331_17:00:00   3.0253e-01   7.7254e+01   2.7537e+01   0.0000e+00   0.0000e+00   2.8664e+02
20260331_18:00:00   3.0918e-01   7.8669e+01   2.8118e+01   0.0000e+00   0.0000e+00   2.8532e+02
20260331_19:00:00   3.1410e-01   7.9694e+01   2.8667e+01   0.0000e+00   0.0000e+00   2.8437e+02
20260331_20:00:00   3.0990e-01   7.8805e+01   2.8431e+01   0.0000e+00   0.0000e+00   2.8372e+02
20260331_21:00:00   2.9768e-01   7.6230e+01   2.7413e+01   0.0000e+00   0.0000e+00   2.8440e+02
20260331_22:00:00   3.1983e-01   8.0885e+01   2.9321e+01   0.0000e+00   0.0000e+00   2.8451e+02
20260331_23:00:00   3.7107e-01   9.1152e+01   3.4509e+01   0.0000e+00   0.0000e+00   2.8413e+02
20260401_00:00:00   3.9771e-01   9.6112e+01   3.7835e+01   0.0000e+00   0.0000e+00   2.8330e+02
20260401_01:00:00   3.9849e-01   9.6202e+01   3.8179e+01   1.8569e-06   0.0000e+00   2.8123e+02
20260401_02:00:00   3.8277e-01   9.3270e+01   3.6424e+01   1.1116e-05   0.0000e+00   2.8019e+02
20260401_03:00:00   3.7556e-01   9.1895e+01   3.5675e+01   1.4101e-05   0.0000e+00   2.8096e+02
20260401_04:00:00   3.7742e-01   9.2190e+01   3.6102e+01   6.5820e-06   0.0000e+00   2.8167e+02
20260401_05:00:00   3.8990e-01   9.4476e+01   3.7457e+01   5.7060e-05   0.0000e+00   2.8236e+02
20260401_06:00:00   3.9898e-01   9.6139e+01   3.8541e+01   1.6634e-04   0.0000e+00   2.8320e+02
20260401_07:00:00   3.9610e-01   9.5597e+01   3.8324e+01   3.4683e-06   0.0000e+00   2.8423e+02
20260401_08:00:00   3.9693e-01   9.5739e+01   3.8398e+01   0.0000e+00   0.0000e+00   2.8414e+02
20260401_09:00:00   3.7887e-01   9.2346e+01   3.6663e+01   0.0000e+00   0.0000e+00   2.8232e+02
20260401_10:00:00   3.6114e-01   8.8874e+01   3.5074e+01   0.0000e+00   0.0000e+00   2.8080e+02
20260401_11:00:00   3.6200e-01   8.9061e+01   3.5034e+01   0.0000e+00   0.0000e+00   2.8177e+02
20260401_12:00:00   3.6781e-01   9.0216e+01   3.5582e+01   0.0000e+00   0.0000e+00   2.8332e+02
20260401_13:00:00   3.8099e-01   9.2817e+01   3.6695e+01   0.0000e+00   0.0000e+00   2.8556e+02
20260401_14:00:00   3.9315e-01   9.5167e+01   3.7797e+01   4.5606e-04   0.0000e+00   2.8678e+02
20260401_15:00:00   3.7888e-01   9.2487e+01   3.6492e+01   3.5616e-04   0.0000e+00   2.8752e+02
20260401_16:00:00   3.5497e-01   8.7789e+01   3.4388e+01   0.0000e+00   0.0000e+00   2.8685e+02
20260401_17:00:00   3.5467e-01   8.7762e+01   3.4181e+01   0.0000e+00   0.0000e+00   2.8730e+02
20260401_18:00:00   3.6837e-01   9.0533e+01   3.5156e+01   0.0000e+00   0.0000e+00   2.8712e+02
20260401_19:00:00   3.7500e-01   9.1898e+01   3.5557e+01   2.9791e-05   0.0000e+00   2.8685e+02
20260401_20:00:00   3.7162e-01   9.1260e+01   3.5184e+01   0.0000e+00   0.0000e+00   2.8670e+02
20260401_21:00:00   3.7353e-01   9.1636e+01   3.5296e+01   3.4670e-04   0.0000e+00   2.8599e+02
20260401_22:00:00   3.7628e-01   9.2158e+01   3.5468e+01   0.0000e+00   0.0000e+00   2.8564e+02
20260401_23:00:00   3.7869e-01   9.2638e+01   3.5680e+01   2.4958e-06   2.6597e-07   2.8461e+02
20260402_00:00:00   3.8728e-01   9.4184e+01   3.6866e+01   2.5842e-06   8.9100e-08   2.8310e+02
20260402_01:00:00   3.8255e-01   9.3335e+01   3.6244e+01   2.9942e-05   0.0000e+00   2.8276e+02
20260402_02:00:00   3.7655e-01   9.2135e+01   3.5817e+01   1.2727e-04   1.1000e-05   2.8261e+02
20260402_03:00:00   3.7298e-01   9.1457e+01   3.5434e+01   0.0000e+00   1.7684e-07   2.8160e+02
20260402_04:00:00   3.7660e-01   9.2117e+01   3.5860e+01   0.0000e+00   2.3160e-05   2.8029e+02
20260402_05:00:00   3.8102e-01   9.2921e+01   3.6388e+01   0.0000e+00   1.3155e-03   2.7935e+02
20260402_06:00:00   3.8102e-01   9.2928e+01   3.6303e+01   0.0000e+00   1.2052e-03   2.7858e+02
20260402_07:00:00   3.8414e-01   9.3456e+01   3.6706e+01   1.8212e-04   2.7546e-03   2.7830e+02
20260402_08:00:00   3.8432e-01   9.3480e+01   3.6826e+01   4.4770e-06   4.8462e-04   2.7809e+02
20260402_09:00:00   3.8816e-01   9.4197e+01   3.7303e+01   7.4870e-06   3.2898e-03   2.7855e+02
20260402_10:00:00   3.8968e-01   9.4506e+01   3.7376e+01   6.6830e-08   2.5460e-05   2.8018e+02
20260402_11:00:00   3.9114e-01   9.4802e+01   3.7563e+01   0.0000e+00   9.6330e-04   2.8022e+02
20260402_12:00:00   3.9555e-01   9.5653e+01   3.8129e+01   0.0000e+00   9.1700e-05   2.8150e+02
20260402_13:00:00   4.0221e-01   9.6917e+01   3.8883e+01   2.4808e-05   2.5520e-04   2.8232e+02
20260402_14:00:00   4.0514e-01   9.7506e+01   3.9172e+01   5.8650e-04   1.3920e-05   2.8049e+02
20260402_15:00:00   4.0743e-01   9.7965e+01   3.9375e+01   1.5224e-04   3.6338e-05   2.7772e+02
20260402_16:00:00   4.1062e-01   9.8540e+01   3.9840e+01   3.5430e-04   1.8565e-04   2.7617e+02
20260402_17:00:00   4.0868e-01   9.8192e+01   3.9812e+01   8.2750e-05   4.6000e-06   2.7473e+02
20260402_18:00:00   4.1682e-01   9.9652e+01   4.0681e+01   5.2160e-04   0.0000e+00   2.7351e+02
20260402_19:00:00   4.2076e-01   1.0038e+02   4.1040e+01   5.9400e-04   0.0000e+00   2.7338e+02
20260402_20:00:00   4.1031e-01   9.8491e+01   4.0139e+01   2.2710e-04   1.7028e-04   2.7277e+02
20260402_21:00:00   4.0883e-01   9.8234e+01   3.9980e+01   0.0000e+00   1.7050e-03   2.7314e+02
20260402_22:00:00   4.1230e-01   9.8891e+01   4.0203e+01   6.0820e-04   2.9380e-04   2.7406e+02
20260402_23:00:00   4.0985e-01   9.8457e+01   4.0010e+01   0.0000e+00   0.0000e+00   2.7333e+02
20260403_00:00:00   4.1328e-01   9.9079e+01   4.0464e+01   0.0000e+00   6.4780e-04   2.7373e+02
20260403_01:00:00   4.1511e-01   9.9415e+01   4.0677e+01   0.0000e+00   4.5320e-04   2.7434e+02
20260403_02:00:00   4.1464e-01   9.9323e+01   4.0630e+01   5.1280e-06   2.4840e-03   2.7292e+02
20260403_03:00:00   4.1378e-01   9.9193e+01   4.0484e+01   0.0000e+00   9.6360e-05   2.7389e+02
20260403_04:00:00   4.1581e-01   9.9520e+01   4.0757e+01   2.4958e-06   3.6781e-03   2.7546e+02
20260403_05:00:00   4.1468e-01   9.9285e+01   4.0721e+01   0.0000e+00   3.4556e-04   2.7541e+02
20260403_06:00:00   4.1279e-01   9.8937e+01   4.0585e+01   0.0000e+00   6.8535e-04   2.7524e+02
20260403_07:00:00   4.1740e-01   9.9759e+01   4.1098e+01   7.9240e-06   1.3498e-03   2.7506e+02
20260403_08:00:00   4.2065e-01   1.0034e+02   4.1421e+01   9.9060e-06   3.2401e-03   2.7622e+02
20260403_09:00:00   4.2183e-01   1.0055e+02   4.1636e+01   0.0000e+00   5.3460e-03   2.7760e+02
20260403_10:00:00   4.2247e-01   1.0069e+02   4.1726e+01   4.7670e-04   3.9725e-03   2.7827e+02
20260403_11:00:00   4.2314e-01   1.0085e+02   4.1750e+01   0.0000e+00   4.2428e-03   2.7898e+02
20260403_12:00:00   4.3173e-01   1.0240e+02   4.2816e+01   0.0000e+00   1.3631e-02   2.7968e+02
20260403_13:00:00   4.3300e-01   1.0269e+02   4.2861e+01   6.2390e-05   1.9097e-03   2.7959e+02
20260403_14:00:00   4.3437e-01   1.0295e+02   4.3121e+01   8.4850e-05   1.2713e-03   2.8037e+02
20260403_15:00:00   4.3674e-01   1.0344e+02   4.3334e+01   3.8380e-04   3.9129e-03   2.8142e+02
20260403_16:00:00   4.3830e-01   1.0374e+02   4.3492e+01   5.4900e-05   3.2260e-03   2.8087e+02
20260403_17:00:00   4.3888e-01   1.0384e+02   4.3665e+01   0.0000e+00   2.6572e-03   2.8066e+02
20260403_18:00:00   4.3576e-01   1.0328e+02   4.3507e+01   9.7320e-05   8.2272e-03   2.8055e+02
20260403_19:00:00   4.3682e-01   1.0345e+02   4.3773e+01   0.0000e+00   8.4272e-03   2.8092e+02
20260403_20:00:00   4.3597e-01   1.0331e+02   4.3672e+01   1.2228e-04   3.8594e-02   2.8097e+02
20260403_21:00:00   4.3873e-01   1.0382e+02   4.3996e+01   0.0000e+00   1.6516e-02   2.7928e+02
20260403_22:00:00   4.3826e-01   1.0376e+02   4.3824e+01   0.0000e+00   1.3548e-02   2.7631e+02
20260403_23:00:00   4.3729e-01   1.0359e+02   4.3693e+01   0.0000e+00   2.1506e-02   2.7392e+02
20260404_00:00:00   4.3938e-01   1.0400e+02   4.3793e+01   0.0000e+00   2.9811e-02   2.7360e+02
20260404_01:00:00   4.4200e-01   1.0449e+02   4.4003e+01   8.8420e-08   1.1118e-02   2.7332e+02
20260404_02:00:00   4.4668e-01   1.0531e+02   4.4544e+01   4.8780e-05   1.8297e-02   2.7541e+02
20260404_03:00:00   4.4923e-01   1.0578e+02   4.4674e+01   0.0000e+00   4.7539e-03   2.7613e+02
20260404_04:00:00   4.4876e-01   1.0567e+02   4.4714e+01   0.0000e+00   4.3402e-02   2.7650e+02
20260404_05:00:00   4.4664e-01   1.0524e+02   4.4662e+01   1.9951e-03   5.2296e-02   2.7574e+02
20260404_06:00:00   4.4735e-01   1.0534e+02   4.4747e+01   1.7642e-03   8.7911e-03   2.7560e+02
20260404_07:00:00   4.4746e-01   1.0531e+02   4.4946e+01   9.9060e-06   5.4560e-03   2.7565e+02
20260404_08:00:00   4.4757e-01   1.0534e+02   4.4988e+01   1.8266e-06   1.0227e-02   2.7578e+02
20260404_09:00:00   4.5629e-01   1.0683e+02   4.5952e+01   2.6907e-05   1.4187e-02   2.7489e+02
20260404_10:00:00   4.5796e-01   1.0711e+02   4.6127e+01   7.1220e-07   1.9190e-01   2.7477e+02
20260404_11:00:00   4.5782e-01   1.0714e+02   4.6173e+01   1.3810e-06   3.4856e-02   2.7416e+02
20260404_12:00:00   4.6069e-01   1.0769e+02   4.6415e+01   0.0000e+00   2.3342e-03   2.7411e+02
20260404_13:00:00   4.6575e-01   1.0857e+02   4.6899e+01   1.2908e-04   7.2560e-03   2.7446e+02
20260404_14:00:00   4.6361e-01   1.0823e+02   4.6761e+01   1.0866e-05   1.3615e-02   2.7538e+02
20260404_15:00:00   4.6254e-01   1.0808e+02   4.6640e+01   3.4579e-04   1.7353e-02   2.7542e+02
20260404_16:00:00   4.5961e-01   1.0761e+02   4.6414e+01   7.0870e-04   8.4772e-02   2.7653e+02
20260404_17:00:00   4.6902e-01   1.0919e+02   4.7457e+01   2.4958e-06   1.4126e-02   2.7563e+02
20260404_18:00:00   4.7271e-01   1.0987e+02   4.7681e+01   9.6066e-04   1.5066e-01   2.7539e+02
20260404_21:00:00   4.6497e-01   1.0851e+02   4.7084e+01   1.4198e-04   1.0440e-02   2.7789e+02
20260405_00:00:00   4.7489e-01   1.1027e+02   4.7933e+01   4.9520e-05   2.6439e-02   2.7930e+02
20260405_03:00:00   4.8065e-01   1.1132e+02   4.8412e+01   1.2552e-04   6.4637e-02   2.7811e+02
20260405_06:00:00   4.7685e-01   1.1065e+02   4.7731e+01   8.8420e-08   6.6010e-03   2.7796e+02
20260405_09:00:00   4.7097e-01   1.0956e+02   4.7140e+01   2.6940e-04   1.8436e-03   2.7741e+02
20260405_12:00:00   4.6747e-01   1.0903e+02   4.6615e+01   4.4037e-04   2.0108e-03   2.8298e+02
20260405_15:00:00   4.8360e-01   1.1190e+02   4.8267e+01   9.2339e-04   1.1759e-03   2.8472e+02
20260405_18:00:00   4.9064e-01   1.1320e+02   4.8704e+01   1.0080e-03   4.6799e-04   2.8373e+02
20260405_21:00:00   4.9128e-01   1.1341e+02   4.8624e+01   7.6828e-04   7.7464e-04   2.8712e+02
20260406_00:00:00   4.8765e-01   1.1276e+02   4.8366e+01   5.8640e-05   3.1955e-04   2.8754e+02
20260406_03:00:00   4.9176e-01   1.1355e+02   4.8514e+01   1.1226e-04   2.5263e-04   2.8633e+02
20260406_06:00:00   4.9321e-01   1.1373e+02   4.8881e+01   4.2600e-05   1.3608e-03   2.8647e+02
20260406_09:00:00   4.9041e-01   1.1322e+02   4.8836e+01   1.0798e-05   4.5763e-04   2.8695e+02
20260406_12:00:00   4.9890e-01   1.1476e+02   4.9339e+01   3.5100e-04   1.3034e-03   2.8777e+02
20260406_15:00:00   5.0096e-01   1.1518e+02   4.9695e+01   8.6090e-06   1.8028e-03   2.8780e+02
20260406_18:00:00   5.0609e-01   1.1617e+02   4.9819e+01   2.1472e-03   2.9304e-03   2.8177e+02
20260406_21:00:00   5.1616e-01   1.1788e+02   5.0650e+01   2.3376e-03   5.6373e-03   2.8070e+02
20260407_00:00:00   5.2598e-01   1.1955e+02   5.1538e+01   1.6892e-03   1.4279e-03   2.8078e+02
20260407_03:00:00   5.3513e-01   1.2103e+02   5.2821e+01   9.7941e-04   3.0306e-03   2.8296e+02
20260407_06:00:00   5.2344e-01   1.1899e+02   5.1830e+01   1.3414e-04   3.7034e-04   2.8321e+02
20260407_09:00:00   5.2366e-01   1.1911e+02   5.0066e+01   2.5813e-02   8.2115e-05   2.8614e+02
20260407_12:00:00   5.1984e-01   1.1851e+02   4.9085e+01   3.5270e-02   4.7038e-04   2.8759e+02
20260407_15:00:00   4.9002e-01   1.1328e+02   4.8557e+01   7.0320e-03   1.3539e-03   2.8728e+02
20260407_18:00:00   4.8326e-01   1.1215e+02   4.8557e+01   1.8241e-03   4.7255e-02   2.8793e+02
20260407_21:00:00   4.8088e-01   1.1182e+02   4.8298e+01   0.0000e+00   5.0060e-02   2.8613e+02
20260408_00:00:00   4.6898e-01   1.0983e+02   4.6988e+01   0.0000e+00   1.6742e-02   2.8868e+02
20260408_03:00:00   4.7284e-01   1.1059e+02   4.6764e+01   0.0000e+00   9.4581e-04   2.8910e+02
20260408_06:00:00   4.9419e-01   1.1425e+02   4.8037e+01   4.2700e-03   4.0474e-04   2.8776e+02
20260408_09:00:00   4.8352e-01   1.1235e+02   4.7545e+01   1.6636e-06   0.0000e+00   2.8826e+02
20260408_12:00:00   4.9440e-01   1.1431e+02   4.8303e+01   1.4883e-03   0.0000e+00   2.8941e+02
20260408_15:00:00   5.0526e-01   1.1621e+02   4.9232e+01   4.9679e-03   3.2291e-05   2.8835e+02
20260408_18:00:00   4.9881e-01   1.1502e+02   4.8876e+01   8.1270e-03   4.3504e-03   2.8673e+02
20260408_21:00:00   4.7870e-01   1.1144e+02   4.7781e+01   3.2910e-03   3.0338e-02   2.8359e+02
20260409_00:00:00   4.6553e-01   1.0901e+02   4.7311e+01   0.0000e+00   1.4314e-01   2.8403e+02
20260409_03:00:00   4.4959e-01   1.0606e+02   4.5973e+01   1.6636e-06   6.7122e-02   2.8485e+02
20260409_06:00:00   4.4168e-01   1.0447e+02   4.5087e+01   2.0730e-03   1.1362e-01   2.8473e+02
20260409_09:00:00   5.6237e-01   1.2568e+02   4.6252e+01   1.4071e-01   6.2071e-02   2.8474e+02
20260409_12:00:00   4.5875e-01   1.0770e+02   4.6371e+01   6.6040e-06   1.8796e-02   2.8300e+02
20260409_15:00:00   4.6905e-01   1.0976e+02   4.7128e+01   8.2350e-05   3.5587e-03   2.8602e+02
20260409_18:00:00   4.8191e-01   1.1213e+02   4.8103e+01   4.2420e-05   2.5534e-04   2.8565e+02
20260409_21:00:00   4.7888e-01   1.1171e+02   4.7392e+01   8.3268e-04   4.0798e-04   2.8392e+02
20260410_00:00:00   4.7522e-01   1.1100e+02   4.7289e+01   0.0000e+00   1.6239e-04   2.8193e+02
20260410_03:00:00   4.8867e-01   1.1331e+02   4.8572e+01   0.0000e+00   7.7542e-03   2.8181e+02
20260410_06:00:00   5.0313e-01   1.1576e+02   4.9661e+01   0.0000e+00   3.2689e-02   2.8061e+02
20260410_09:00:00   5.2235e-01   1.1882e+02   5.2130e+01   0.0000e+00   1.2531e-01   2.8049e+02
20260410_12:00:00   5.1721e-01   1.1789e+02   5.2319e+01   2.6740e-07   2.7392e-02   2.7992e+02
20260410_15:00:00   5.3597e-01   1.2091e+02   5.4473e+01   5.5757e-06   1.6913e-01   2.8066e+02
20260410_18:00:00   5.3665e-01   1.2085e+02   5.4678e+01   1.8270e-04   1.6146e-01   2.7940e+02
20260410_21:00:00   5.1405e-01   1.1687e+02   5.3059e+01   1.3274e-05   2.3891e-01   2.7653e+02
20260411_00:00:00   4.9768e-01   1.1421e+02   5.1485e+01   3.3996e-03   7.5782e-02   2.8093e+02
20260411_03:00:00   5.1271e-01   1.1690e+02   5.2343e+01   0.0000e+00   1.7330e-02   2.8275e+02
20260411_06:00:00   5.1011e-01   1.1665e+02   5.1398e+01   0.0000e+00   1.1372e-02   2.8136e+02
20260411_09:00:00   5.0548e-01   1.1604e+02   5.0371e+01   0.0000e+00   2.2152e-03   2.8142e+02
20260411_12:00:00   5.1846e-01   1.1813e+02   5.2017e+01   0.0000e+00   8.3889e-03   2.8180e+02
20260411_15:00:00   5.3142e-01   1.2021e+02   5.3755e+01   1.3401e-03   2.1879e-03   2.8266e+02
20260411_18:00:00   5.0172e-01   1.1532e+02   5.0866e+01   0.0000e+00   7.4570e-04   2.8152e+02
20260411_21:00:00   5.1174e-01   1.1708e+02   5.1324e+01   0.0000e+00   9.3584e-03   2.8059e+02
20260412_00:00:00   5.0100e-01   1.1517e+02   5.0560e+01   0.0000e+00   2.8157e-02   2.8264e+02
20260412_03:00:00   5.0408e-01   1.1560e+02   5.1458e+01   2.6740e-07   1.2435e-02   2.8201e+02
20260412_06:00:00   5.1702e-01   1.1772e+02   5.1564e+01   7.8282e-03   1.0891e-02   2.8209e+02
20260412_09:00:00   5.2743e-01   1.1919e+02   5.3286e+01   7.0123e-03   1.7787e-01   2.8079e+02
20260412_12:00:00   1.2391e+00   2.0064e+02   5.6395e+01   7.7701e-01   3.9148e-01   2.7774e+02
20260412_15:00:00   9.2681e-01   1.7171e+02   5.4849e+01   4.4401e-01   9.8068e-02   2.7814e+02
20260412_18:00:00   6.1504e-01   1.3264e+02   5.5702e+01   7.4578e-02   2.4829e-01   2.7794e+02
20260412_21:00:00   5.2817e-01   1.1919e+02   5.4135e+01   2.3640e-03   1.8252e-01   2.7674e+02
20260413_00:00:00   5.5983e-01   1.2422e+02   5.3224e+01   4.6582e-02   3.5969e-01   2.7808e+02
20260413_03:00:00   5.2985e-01   1.1974e+02   5.2102e+01   1.1788e-02   2.3237e-02   2.7760e+02
20260413_06:00:00   7.3956e-01   1.4983e+02   5.2945e+01   2.4075e-01   5.9444e-02   2.7824e+02
20260413_09:00:00   8.1274e-01   1.5896e+02   5.3295e+01   3.0986e-01   1.2713e-01   2.7776e+02
20260413_12:00:00   6.6154e-01   1.3947e+02   5.2639e+01   1.4734e-01   6.3458e-03   2.7869e+02
20260413_15:00:00   6.3001e-01   1.3482e+02   5.3769e+01   1.0601e-01   1.4947e-02   2.8074e+02
20260413_18:00:00   6.3044e-01   1.3484e+02   5.3848e+01   1.0974e-01   3.1152e-01   2.7509e+02
20260413_21:00:00   5.5135e-01   1.2310e+02   5.3028e+01   2.4701e-02   7.5613e-03   2.7334e+02
20260414_00:00:00   5.3657e-01   1.2071e+02   5.2954e+01   9.9067e-03   1.9713e-02   2.7146e+02
20260414_03:00:00   8.1912e-01   1.5941e+02   5.3033e+01   3.2658e-01   6.6784e-02   2.6977e+02
20260414_06:00:00   7.3711e-01   1.4942e+02   5.2321e+01   2.3363e-01   2.5688e-03   2.7161e+02
20260414_09:00:00   5.2543e-01   1.1892e+02   5.1827e+01   5.3883e-04   8.1048e-03   2.7372e+02
20260414_12:00:00   5.1779e-01   1.1775e+02   5.0182e+01   2.5297e-03   9.6580e-03   2.7746e+02
20260414_15:00:00   5.1749e-01   1.1767e+02   5.0892e+01   1.5549e-03   3.0060e-03   2.7707e+02
20260414_18:00:00   5.1874e-01   1.1792e+02   5.0566e+01   4.0291e-03   1.0566e-02   2.7841e+02
20260414_21:00:00   5.0576e-01   1.1576e+02   4.9090e+01   1.1290e-03   5.0611e-03   2.7642e+02
20260415_00:00:00   4.8068e-01   1.1154e+02   4.5925e+01   1.6002e-03   6.4896e-05   2.8012e+02
20260415_03:00:00   4.6931e-01   1.0988e+02   4.1234e+01   3.9355e-02   5.6916e-04   2.8431e+02
20260415_06:00:00   4.4398e-01   1.0554e+02   3.5273e+01   6.1134e-02   0.0000e+00   2.8622e+02
20260415_09:00:00   4.0279e-01   9.7805e+01   3.3196e+01   2.5913e-02   7.3180e-05   2.9120e+02
20260415_12:00:00   4.1076e-01   9.9315e+01   3.2602e+01   3.7364e-02   0.0000e+00   2.9274e+02
20260415_15:00:00   3.7838e-01   9.3213e+01   3.2381e+01   1.2323e-03   0.0000e+00   2.9436e+02
20260415_18:00:00   3.7576e-01   9.2788e+01   3.2127e+01   2.8949e-04   0.0000e+00   2.9351e+02
