#            date       tau255        Tb[K]      pwv[mm] lwp[kg*m^-2] iwp[kg*m^-2]       o3[DU]
20260711_18:00:00   4.5953e-01   1.0916e+02   3.7474e+01   7.9040e-02   0.0000e+00   3.0415e+02
20260711_19:00:00   4.0890e-01   9.9685e+01   3.7717e+01   9.7840e-03   0.0000e+00   3.0402e+02
20260711_20:00:00   3.9792e-01   9.7580e+01   3.7397e+01   4.1440e-03   0.0000e+00   3.0325e+02
20260711_21:00:00   3.8276e-01   9.4559e+01   3.5618e+01   1.7580e-02   0.0000e+00   3.0248e+02
20260711_22:00:00   4.3229e-01   1.0404e+02   3.6291e+01   7.0600e-02   6.6040e-06   3.0224e+02
20260711_23:00:00   4.9953e-01   1.1624e+02   3.7028e+01   1.4546e-01   1.9862e-05   3.0076e+02
20260712_00:00:00   5.4972e-01   1.2483e+02   3.7400e+01   2.0400e-01   0.0000e+00   3.0373e+02
20260712_01:00:00   5.2021e-01   1.1984e+02   3.7212e+01   1.6694e-01   0.0000e+00   3.0438e+02
20260712_02:00:00   4.7790e-01   1.1241e+02   3.7349e+01   1.1002e-01   0.0000e+00   3.0420e+02
20260712_03:00:00   4.6047e-01   1.0923e+02   3.7730e+01   8.1780e-02   0.0000e+00   3.0642e+02
20260712_04:00:00   4.1864e-01   1.0138e+02   3.7637e+01   2.7380e-02   2.6620e-06   3.0325e+02
20260712_05:00:00   4.0259e-01   9.8239e+01   3.7741e+01   7.8260e-03   4.8558e-05   3.0025e+02
20260712_06:00:00   3.9136e-01   9.5991e+01   3.7444e+01   7.7720e-05   8.3827e-04   3.0074e+02
20260712_07:00:00   3.8849e-01   9.5410e+01   3.7315e+01   0.0000e+00   4.9140e-04   2.9882e+02
20260712_08:00:00   3.7653e-01   9.3090e+01   3.6396e+01   0.0000e+00   1.9640e-03   2.9925e+02
20260712_09:00:00   3.9645e-01   9.6962e+01   3.7747e+01   6.2600e-03   3.4520e-03   3.0057e+02
20260712_10:00:00   4.0265e-01   9.8157e+01   3.8220e+01   4.6800e-03   4.3361e-03   2.9887e+02
20260712_11:00:00   4.0460e-01   9.8546e+01   3.8524e+01   4.2920e-04   6.1920e-03   3.0003e+02
20260712_12:00:00   4.0969e-01   9.9547e+01   3.9013e+01   0.0000e+00   4.5774e-03   2.9910e+02
20260712_13:00:00   4.2391e-01   1.0229e+02   3.9874e+01   5.6940e-03   4.6859e-03   3.0199e+02
20260712_14:00:00   4.2831e-01   1.0313e+02   4.0577e+01   3.9760e-03   8.9817e-03   3.0335e+02
20260712_15:00:00   4.3107e-01   1.0364e+02   4.1334e+01   9.6740e-04   9.6070e-03   3.0533e+02
20260712_16:00:00   4.3397e-01   1.0421e+02   4.1648e+01   3.5200e-03   4.2720e-03   3.0827e+02
20260712_17:00:00   4.3873e-01   1.0509e+02   4.1870e+01   8.2460e-03   2.0140e-03   3.0914e+02
20260712_18:00:00   4.3399e-01   1.0421e+02   4.2058e+01   9.1160e-04   1.9738e-03   3.0792e+02
20260712_19:00:00   4.3878e-01   1.0509e+02   4.2576e+01   1.1014e-03   3.1938e-04   3.0737e+02
20260712_20:00:00   4.5310e-01   1.0768e+02   4.4006e+01   0.0000e+00   1.5509e-03   3.0621e+02
20260712_21:00:00   4.7258e-01   1.1111e+02   4.5725e+01   1.0200e-04   7.5326e-03   3.0473e+02
20260712_22:00:00   4.7471e-01   1.1141e+02   4.6224e+01   2.8020e-04   2.0890e-02   3.0220e+02
20260712_23:00:00   4.7295e-01   1.1104e+02   4.6450e+01   2.9920e-05   5.5643e-03   3.0307e+02
20260713_00:00:00   4.7178e-01   1.1079e+02   4.6647e+01   0.0000e+00   1.8439e-03   3.0162e+02
20260713_01:00:00   4.6903e-01   1.1026e+02   4.6561e+01   0.0000e+00   1.3515e-03   2.9934e+02
20260713_02:00:00   4.6543e-01   1.0959e+02   4.6444e+01   0.0000e+00   1.4182e-02   3.0222e+02
20260713_03:00:00   4.6453e-01   1.0939e+02   4.6448e+01   0.0000e+00   4.6428e-02   3.0400e+02
20260713_04:00:00   4.6488e-01   1.0943e+02   4.6456e+01   0.0000e+00   2.1178e-02   3.0144e+02
20260713_05:00:00   4.6074e-01   1.0870e+02   4.6071e+01   0.0000e+00   5.8992e-03   2.9915e+02
20260713_06:00:00   4.5068e-01   1.0684e+02   4.5322e+01   0.0000e+00   8.4207e-03   2.9540e+02
20260713_07:00:00   4.4857e-01   1.0645e+02   4.5098e+01   0.0000e+00   2.5608e-04   2.9501e+02
20260713_08:00:00   4.4755e-01   1.0630e+02   4.4837e+01   0.0000e+00   4.9960e-05   2.9616e+02
20260713_09:00:00   4.4866e-01   1.0655e+02   4.4691e+01   0.0000e+00   0.0000e+00   2.9543e+02
20260713_10:00:00   4.3664e-01   1.0436e+02   4.3583e+01   0.0000e+00   1.0420e-03   2.9737e+02
20260713_11:00:00   4.2214e-01   1.0167e+02   4.2162e+01   0.0000e+00   8.0880e-03   2.9806e+02
20260713_12:00:00   4.1488e-01   1.0034e+02   4.1157e+01   0.0000e+00   1.0486e-02   2.9922e+02
20260713_13:00:00   4.1719e-01   1.0079e+02   4.1145e+01   0.0000e+00   3.3122e-02   2.9929e+02
20260713_14:00:00   4.2480e-01   1.0224e+02   4.1665e+01   1.1978e-03   6.5092e-02   3.0085e+02
20260713_15:00:00   4.3197e-01   1.0360e+02   4.1818e+01   8.0060e-03   1.1957e-01   3.0045e+02
20260713_16:00:00   4.3704e-01   1.0452e+02   4.1972e+01   1.3170e-02   1.3775e-01   2.9527e+02
20260713_17:00:00   4.4213e-01   1.0546e+02   4.2098e+01   1.8284e-02   1.0572e-01   2.9633e+02
20260713_18:00:00   4.4894e-01   1.0670e+02   4.1745e+01   3.3900e-02   8.5237e-02   2.9967e+02
20260713_19:00:00   4.1395e-01   1.0011e+02   4.0882e+01   1.9032e-03   3.9000e-02   2.9964e+02
20260713_20:00:00   4.1094e-01   9.9562e+01   4.0573e+01   1.3010e-03   6.8261e-03   2.9948e+02
20260713_21:00:00   4.2091e-01   1.0149e+02   4.0580e+01   1.2314e-02   2.4442e-03   3.0016e+02
20260713_22:00:00   4.0383e-01   9.8202e+01   3.9453e+01   8.0020e-03   1.4389e-03   2.9778e+02
20260713_23:00:00   3.9755e-01   9.6967e+01   3.9224e+01   3.8380e-03   5.4816e-04   2.9521e+02
20260714_00:00:00   4.0095e-01   9.7611e+01   3.9451e+01   6.0400e-03   3.7974e-04   2.9406e+02
20260714_01:00:00   4.6732e-01   1.1006e+02   3.9892e+01   8.4260e-02   1.3166e-04   2.9488e+02
20260714_02:00:00   5.4777e-01   1.2416e+02   3.9961e+01   1.8628e-01   3.9122e-06   2.9631e+02
20260714_03:00:00   3.9898e-01   9.7281e+01   3.7401e+01   3.0880e-02   6.6040e-06   2.9595e+02
20260714_04:00:00   3.6766e-01   9.1075e+01   3.6637e+01   4.6220e-05   7.9240e-05   2.9654e+02
20260714_05:00:00   4.4605e-01   1.0616e+02   3.8535e+01   6.8060e-02   3.2360e-04   2.9708e+02
20260714_06:00:00   5.5009e-01   1.2449e+02   3.8681e+01   1.9880e-01   1.0617e-04   2.9718e+02
20260714_07:00:00   5.7373e-01   1.2838e+02   3.8562e+01   2.2900e-01   0.0000e+00   2.9860e+02
20260714_08:00:00   3.7613e-01   9.2742e+01   3.6049e+01   1.2384e-02   0.0000e+00   2.9723e+02
20260714_09:00:00   3.7449e-01   9.2415e+01   3.6488e+01   5.3100e-04   0.0000e+00   2.9421e+02
20260714_10:00:00   3.6280e-01   9.0108e+01   3.5502e+01   1.9334e-04   6.6040e-06   2.9647e+02
20260714_11:00:00   3.4198e-01   8.5884e+01   3.3869e+01   6.3660e-04   0.0000e+00   2.9728e+02
20260714_12:00:00   3.2869e-01   8.3117e+01   3.2936e+01   3.4380e-04   0.0000e+00   2.9897e+02
20260714_13:00:00   3.3055e-01   8.3528e+01   3.3082e+01   0.0000e+00   2.6568e-05   2.9864e+02
20260714_14:00:00   3.4436e-01   8.6445e+01   3.3970e+01   0.0000e+00   8.3653e-04   3.0091e+02
20260714_15:00:00   3.5563e-01   8.8822e+01   3.4709e+01   0.0000e+00   5.2326e-04   3.0356e+02
20260714_16:00:00   3.6950e-01   9.1674e+01   3.5642e+01   0.0000e+00   5.5780e-04   3.0269e+02
20260714_17:00:00   3.6700e-01   9.1175e+01   3.5541e+01   0.0000e+00   2.7920e-05   3.0274e+02
20260714_18:00:00   3.6608e-01   9.0934e+01   3.5489e+01   0.0000e+00   2.6974e-05   3.0364e+02
20260714_19:00:00   3.5420e-01   8.8527e+01   3.4503e+01   0.0000e+00   3.4880e-04   3.0345e+02
20260714_20:00:00   3.4566e-01   8.6781e+01   3.3817e+01   0.0000e+00   1.9954e-04   3.0466e+02
20260714_21:00:00   3.5578e-01   8.8832e+01   3.4529e+01   0.0000e+00   2.6620e-05   3.0423e+02
20260714_22:00:00   3.6926e-01   9.1608e+01   3.5401e+01   0.0000e+00   3.3280e-06   3.0372e+02
20260714_23:00:00   3.7880e-01   9.3513e+01   3.6129e+01   3.3280e-05   0.0000e+00   3.0502e+02
20260715_00:00:00   3.5278e-01   8.8207e+01   3.4442e+01   1.9965e-05   0.0000e+00   3.0491e+02
20260715_01:00:00   3.4544e-01   8.6639e+01   3.4061e+01   0.0000e+00   2.6960e-04   3.0386e+02
20260715_02:00:00   3.6282e-01   9.0180e+01   3.5498e+01   0.0000e+00   3.3280e-06   3.0561e+02
20260715_03:00:00   3.7332e-01   9.2325e+01   3.6406e+01   1.0314e-04   0.0000e+00   3.0474e+02
20260715_04:00:00   3.7133e-01   9.1897e+01   3.6316e+01   3.0980e-03   0.0000e+00   3.0394e+02
20260715_05:00:00   4.3729e-01   1.0462e+02   3.8873e+01   5.0800e-02   0.0000e+00   3.0364e+02
20260715_06:00:00   4.8778e-01   1.1380e+02   3.9463e+01   1.0552e-01   0.0000e+00   3.0249e+02
20260715_07:00:00   3.9633e-01   9.6711e+01   3.7696e+01   1.5654e-02   0.0000e+00   3.0216e+02
20260715_08:00:00   3.8206e-01   9.3891e+01   3.7092e+01   6.9080e-03   0.0000e+00   3.0321e+02
20260715_09:00:00   3.9635e-01   9.6720e+01   3.6966e+01   2.7040e-02   0.0000e+00   3.0382e+02
20260715_10:00:00   4.3019e-01   1.0323e+02   3.7446e+01   6.3720e-02   0.0000e+00   3.0596e+02
20260715_11:00:00   5.0624e-01   1.1701e+02   3.9821e+01   1.2092e-01   6.9400e-04   3.0473e+02
20260715_12:00:00   4.7566e-01   1.1164e+02   4.0611e+01   6.5580e-02   2.5160e-03   3.0331e+02
20260715_13:00:00   4.0030e-01   9.7579e+01   3.8484e+01   5.6820e-03   3.3360e-03   3.0325e+02
20260715_14:00:00   4.1062e-01   9.9574e+01   3.8025e+01   2.7480e-02   1.7510e-03   3.0487e+02
20260715_15:00:00   3.8122e-01   9.3833e+01   3.6953e+01   7.1320e-03   2.4080e-03   3.0562e+02
20260715_16:00:00   3.8026e-01   9.3605e+01   3.7238e+01   1.6370e-03   6.2877e-03   3.0382e+02
20260715_17:00:00   4.0980e-01   9.9374e+01   3.8526e+01   1.9428e-02   8.6462e-03   3.0221e+02
20260715_18:00:00   4.4946e-01   1.0684e+02   3.9220e+01   6.0260e-02   2.9741e-03   3.0051e+02
20260715_19:00:00   4.2721e-01   1.0267e+02   3.8368e+01   4.6180e-02   1.0442e-04   3.0106e+02
20260715_20:00:00   4.2807e-01   1.0281e+02   3.7800e+01   5.7380e-02   1.0586e-02   3.0147e+02
20260715_21:00:00   4.2019e-01   1.0138e+02   3.8520e+01   3.2040e-02   3.6099e-02   3.0047e+02
20260715_22:00:00   4.1413e-01   1.0029e+02   3.9828e+01   2.7940e-04   9.6617e-02   3.0026e+02
20260715_23:00:00   4.2661e-01   1.0264e+02   4.0860e+01   0.0000e+00   1.7349e-01   2.9904e+02
20260716_00:00:00   4.1705e-01   1.0082e+02   3.9983e+01   0.0000e+00   7.6984e-02   2.9893e+02
20260716_01:00:00   3.9038e-01   9.5682e+01   3.7557e+01   0.0000e+00   2.9784e-02   2.9915e+02
20260716_02:00:00   3.6950e-01   9.1578e+01   3.5489e+01   1.5224e-04   3.3714e-02   2.9845e+02
20260716_03:00:00   3.5364e-01   8.8392e+01   3.3829e+01   0.0000e+00   3.9754e-02   2.9837e+02
20260716_04:00:00   3.4906e-01   8.7484e+01   3.3047e+01   0.0000e+00   9.8402e-03   2.9655e+02
20260716_05:00:00   3.7274e-01   9.2306e+01   3.4272e+01   7.0500e-04   5.3764e-03   2.9649e+02
20260716_06:00:00   3.8333e-01   9.4479e+01   3.4558e+01   4.4692e-05   6.6575e-03   2.9682e+02
20260716_07:00:00   3.9558e-01   9.6943e+01   3.4689e+01   6.6772e-03   2.2299e-02   2.9722e+02
20260716_08:00:00   4.4895e-01   1.0715e+02   3.4105e+01   8.1416e-02   2.4448e-02   2.9771e+02
20260716_09:00:00   4.1692e-01   1.0107e+02   3.1425e+01   8.1545e-02   1.8298e-02   2.9891e+02
20260716_10:00:00   3.5441e-01   8.8722e+01   3.0463e+01   1.4534e-02   2.1977e-02   2.9961e+02
20260716_11:00:00   4.3191e-01   1.0391e+02   3.0953e+01   1.0524e-01   7.1380e-03   2.9995e+02
20260716_12:00:00   4.4896e-01   1.0711e+02   3.2178e+01   1.1230e-01   8.4591e-03   3.0056e+02
20260716_13:00:00   4.4958e-01   1.0710e+02   3.6834e+01   5.0782e-02   1.0987e-02   3.0124e+02
20260716_14:00:00   4.7398e-01   1.1137e+02   4.2956e+01   9.4345e-03   6.8579e-03   3.0094e+02
20260716_15:00:00   5.0408e-01   1.1653e+02   4.7445e+01   1.7151e-03   8.7044e-03   3.0142e+02
20260716_16:00:00   4.9130e-01   1.1431e+02   4.6855e+01   5.8932e-04   1.5832e-02   3.0279e+02
20260716_17:00:00   4.7269e-01   1.1110e+02   4.5207e+01   2.0479e-04   9.9453e-03   3.0002e+02
20260716_18:00:00   4.9370e-01   1.1475e+02   4.7487e+01   2.0455e-05   1.0592e-02   3.0004e+02
20260716_21:00:00   4.9885e-01   1.1571e+02   4.7955e+01   1.0298e-03   4.6420e-04   3.0165e+02
20260717_00:00:00   4.6617e-01   1.1005e+02   4.4327e+01   0.0000e+00   8.3256e-04   3.0353e+02
20260717_03:00:00   4.1329e-01   1.0039e+02   3.7582e+01   8.9505e-03   4.6320e-04   3.0392e+02
20260717_06:00:00   3.2193e-01   8.2016e+01   2.9156e+01   0.0000e+00   1.6590e-04   3.0102e+02
20260717_09:00:00   3.1588e-01   8.0704e+01   2.7951e+01   5.3050e-07   0.0000e+00   3.0231e+02
20260717_12:00:00   3.1796e-01   8.1215e+01   2.8121e+01   6.9220e-04   0.0000e+00   3.0309e+02
20260717_15:00:00   3.6679e-01   9.1396e+01   3.2310e+01   3.7420e-03   0.0000e+00   3.0059e+02
20260717_18:00:00   3.7375e-01   9.2798e+01   3.4226e+01   4.2640e-04   2.8540e-05   2.9737e+02
20260717_21:00:00   3.4981e-01   8.7904e+01   3.3009e+01   7.3240e-06   1.2474e-06   2.9507e+02
20260718_00:00:00   3.6903e-01   9.1744e+01   3.4547e+01   1.2477e-05   0.0000e+00   2.9453e+02
20260718_03:00:00   3.8489e-01   9.4945e+01   3.4389e+01   1.2855e-02   0.0000e+00   2.9505e+02
20260718_06:00:00   3.6152e-01   9.0149e+01   3.3379e+01   1.7334e-03   0.0000e+00   2.9362e+02
20260718_09:00:00   4.3835e-01   1.0515e+02   3.8969e+01   1.2738e-02   0.0000e+00   2.9374e+02
20260718_12:00:00   4.1942e-01   1.0163e+02   3.6378e+01   3.5140e-02   0.0000e+00   2.9599e+02
20260718_15:00:00   3.5465e-01   8.9039e+01   3.3171e+01   0.0000e+00   0.0000e+00   2.9831e+02
20260718_18:00:00   4.8407e-01   1.1368e+02   3.6682e+01   1.0373e-01   0.0000e+00   2.9435e+02
20260718_21:00:00   3.4034e-01   8.6040e+01   3.1544e+01   3.4560e-03   0.0000e+00   2.9483e+02
20260719_00:00:00   4.1286e-01   1.0048e+02   3.5746e+01   2.4560e-02   0.0000e+00   2.9554e+02
20260719_03:00:00   3.6576e-01   9.1121e+01   3.3664e+01   3.6980e-03   0.0000e+00   2.9132e+02
20260719_06:00:00   5.2046e-01   1.1977e+02   3.8124e+01   1.3676e-01   0.0000e+00   2.8891e+02
20260719_09:00:00   4.6390e-01   1.0973e+02   3.4492e+01   1.2200e-01   0.0000e+00   2.9141e+02
20260719_12:00:00   3.4530e-01   8.7061e+01   3.2593e+01   1.5668e-04   0.0000e+00   2.9395e+02
20260719_15:00:00   3.8105e-01   9.4265e+01   3.5759e+01   0.0000e+00   0.0000e+00   2.9928e+02
20260719_18:00:00   4.3546e-01   1.0479e+02   3.8568e+01   2.7640e-02   0.0000e+00   2.9691e+02
20260719_21:00:00   4.0773e-01   9.9494e+01   3.8015e+01   2.3360e-03   0.0000e+00   2.9548e+02
20260720_00:00:00   4.1828e-01   1.0153e+02   3.8779e+01   1.5908e-04   0.0000e+00   2.9885e+02
20260720_03:00:00   3.9916e-01   9.7719e+01   3.7799e+01   0.0000e+00   0.0000e+00   2.9695e+02
20260720_06:00:00   3.8960e-01   9.5765e+01   3.7020e+01   3.7560e-03   0.0000e+00   2.9054e+02
20260720_09:00:00   3.8601e-01   9.5029e+01   3.6688e+01   1.9076e-03   0.0000e+00   2.8934e+02
20260720_12:00:00   5.1483e-01   1.1886e+02   3.8360e+01   1.4316e-01   0.0000e+00   2.9303e+02
20260720_15:00:00   4.4841e-01   1.0719e+02   4.1250e+01   2.2623e-04   0.0000e+00   2.9558e+02
20260720_18:00:00   4.6974e-01   1.1107e+02   4.1713e+01   1.7655e-02   0.0000e+00   2.9508e+02
20260720_21:00:00   4.0131e-01   9.8166e+01   3.7814e+01   0.0000e+00   0.0000e+00   2.9775e+02
20260721_00:00:00   4.0274e-01   9.8419e+01   3.7893e+01   0.0000e+00   0.0000e+00   2.9523e+02
20260721_03:00:00   3.8061e-01   9.3991e+01   3.6530e+01   0.0000e+00   0.0000e+00   2.9393e+02
20260721_06:00:00   3.7999e-01   9.3626e+01   3.7185e+01   0.0000e+00   0.0000e+00   2.9116e+02
20260721_09:00:00   3.6852e-01   9.1276e+01   3.6190e+01   0.0000e+00   0.0000e+00   2.8987e+02
20260721_12:00:00   3.7176e-01   9.1849e+01   3.6537e+01   1.9679e-06   0.0000e+00   2.9233e+02
20260721_15:00:00   3.7610e-01   9.2705e+01   3.7162e+01   1.9102e-04   0.0000e+00   2.9687e+02
20260721_18:00:00   3.8452e-01   9.4344e+01   3.8252e+01   0.0000e+00   0.0000e+00   2.9508e+02
20260721_21:00:00   3.8145e-01   9.3743e+01   3.7930e+01   0.0000e+00   0.0000e+00   2.9512e+02
20260722_00:00:00   4.0450e-01   9.8153e+01   3.9994e+01   1.2697e-06   0.0000e+00   2.9639e+02
20260722_03:00:00   4.2942e-01   1.0284e+02   4.2396e+01   5.4040e-05   0.0000e+00   2.9520e+02
20260722_06:00:00   4.2837e-01   1.0250e+02   4.2427e+01   0.0000e+00   0.0000e+00   2.9707e+02
20260722_09:00:00   4.7165e-01   1.1029e+02   4.6826e+01   6.3331e-05   1.3208e-05   2.9612e+02
20260722_12:00:00   4.2697e-01   1.0220e+02   4.2667e+01   4.5090e-06   2.4760e-06   2.9727e+02
20260722_15:00:00   3.9385e-01   9.5932e+01   3.9967e+01   2.3640e-05   0.0000e+00   2.9783e+02
20260722_18:00:00   3.5893e-01   8.9098e+01   3.6809e+01   0.0000e+00   0.0000e+00   2.9990e+02
20260722_21:00:00   4.5925e-01   1.0836e+02   4.4961e+01   1.2977e-04   4.0500e-05   3.0069e+02
20260723_00:00:00   4.1566e-01   1.0022e+02   4.1198e+01   0.0000e+00   0.0000e+00   2.9996e+02
20260723_03:00:00   4.0181e-01   9.7612e+01   3.9165e+01   0.0000e+00   0.0000e+00   2.9729e+02
20260723_06:00:00   4.1436e-01   1.0017e+02   3.9324e+01   1.9949e-06   0.0000e+00   2.9468e+02
20260723_09:00:00   3.5688e-01   8.8927e+01   3.4329e+01   2.4958e-06   0.0000e+00   2.9340e+02
20260723_12:00:00   3.4498e-01   8.6456e+01   3.3062e+01   0.0000e+00   0.0000e+00   2.9188e+02
20260723_15:00:00   3.8541e-01   9.4713e+01   3.6407e+01   1.6213e-03   0.0000e+00   2.9522e+02
20260723_18:00:00   3.6723e-01   9.1025e+01   3.5704e+01   1.7684e-07   0.0000e+00   2.9492e+02
20260723_21:00:00   3.7967e-01   9.3494e+01   3.7340e+01   0.0000e+00   0.0000e+00   2.9370e+02
20260724_00:00:00   4.2456e-01   1.0230e+02   4.0539e+01   2.8093e-04   0.0000e+00   2.9843e+02
20260724_03:00:00   4.3362e-01   1.0393e+02   4.1379e+01   5.5461e-03   0.0000e+00   2.9586e+02
20260724_06:00:00   4.6661e-01   1.0963e+02   4.6055e+01   8.5760e-06   0.0000e+00   2.9141e+02
20260724_09:00:00   4.4736e-01   1.0611e+02   4.4827e+01   8.8420e-08   3.5417e-04   2.9104e+02
20260724_12:00:00   4.2690e-01   1.0215e+02   4.3989e+01   1.8568e-06   9.6200e-04   2.9229e+02
20260724_15:00:00   4.3394e-01   1.0400e+02   4.2237e+01   1.1551e-03   7.0740e-07   2.8995e+02
20260724_18:00:00   3.8965e-01   9.5620e+01   3.7407e+01   5.2750e-04   8.1480e-05   2.8999e+02
20260724_21:00:00   3.7710e-01   9.3047e+01   3.6670e+01   6.7550e-04   7.5130e-02   2.8953e+02
20260725_00:00:00   3.7657e-01   9.3049e+01   3.6212e+01   0.0000e+00   1.5885e-02   2.8927e+02
20260725_03:00:00   3.7415e-01   9.2694e+01   3.5854e+01   0.0000e+00   5.9601e-03   2.9068e+02
20260725_06:00:00   5.1500e-01   1.1873e+02   4.0199e+01   1.2486e-01   1.1200e-02   2.8923e+02
20260725_09:00:00   4.0680e-01   9.8982e+01   3.8903e+01   1.8304e-04   8.8797e-03   2.9169e+02
20260725_12:00:00   4.0454e-01   9.8494e+01   3.8391e+01   9.9440e-03   1.2219e-02   2.9079e+02
20260725_15:00:00   4.0659e-01   9.8961e+01   3.9407e+01   1.6970e-03   1.2402e-03   2.9154e+02
20260725_18:00:00   3.9061e-01   9.5874e+01   3.8172e+01   2.7660e-04   7.8147e-04   2.9023e+02
20260725_21:00:00   3.9351e-01   9.6539e+01   3.7751e+01   2.0140e-04   1.1048e-03   2.9031e+02
20260726_00:00:00   3.9565e-01   9.6996e+01   3.6841e+01   8.8900e-03   1.4730e-02   2.8924e+02
20260726_03:00:00   3.7982e-01   9.3871e+01   3.5739e+01   0.0000e+00   2.0321e-03   2.8856e+02
20260726_06:00:00   3.6788e-01   9.1477e+01   3.4237e+01   0.0000e+00   1.7822e-04   2.8970e+02
20260726_09:00:00   4.4295e-01   1.0594e+02   3.5692e+01   6.9932e-02   1.9914e-03   2.8873e+02
20260726_12:00:00   4.1850e-01   1.0134e+02   3.4312e+01   6.5088e-02   3.8161e-03   2.9133e+02
20260726_15:00:00   3.6763e-01   9.1477e+01   3.4125e+01   1.7488e-03   1.3208e-05   2.9075e+02
20260726_18:00:00   3.4994e-01   8.8037e+01   3.2534e+01   0.0000e+00   0.0000e+00   2.9147e+02
20260726_21:00:00   3.7374e-01   9.2746e+01   3.4428e+01   7.9960e-05   5.4580e-04   2.9271e+02
20260727_00:00:00   3.6270e-01   9.0541e+01   3.3601e+01   0.0000e+00   4.7780e-04   2.9280e+02
20260727_03:00:00   3.6810e-01   9.1586e+01   3.4315e+01   0.0000e+00   1.7794e-06   2.9316e+02
20260727_06:00:00   4.5085e-01   1.0741e+02   3.7562e+01   6.0745e-02   0.0000e+00   2.9207e+02
20260727_09:00:00   6.3973e-01   1.3915e+02   4.1062e+01   2.6671e-01   0.0000e+00   2.9274e+02
20260727_12:00:00   5.1138e-01   1.1775e+02   4.8386e+01   4.1770e-04   6.6040e-05   2.9411e+02
20260727_15:00:00   4.8460e-01   1.1317e+02   4.6611e+01   2.5638e-03   0.0000e+00   2.9339e+02
20260727_18:00:00   4.7633e-01   1.1174e+02   4.6198e+01   6.7420e-03   0.0000e+00   2.9433e+02
