#            date       tau255        Tb[K]      pwv[mm] lwp[kg*m^-2] iwp[kg*m^-2]       o3[DU]
20260121_18:00:00   3.2234e-01   8.1866e+01   2.8125e+01   0.0000e+00   0.0000e+00   2.6788e+02
20260121_19:00:00   3.5375e-01   8.8208e+01   3.1644e+01   4.9530e-06   0.0000e+00   2.6680e+02
20260121_20:00:00   3.6277e-01   8.9933e+01   3.3254e+01   0.0000e+00   0.0000e+00   2.6685e+02
20260121_21:00:00   3.7541e-01   9.2364e+01   3.4853e+01   0.0000e+00   0.0000e+00   2.6604e+02
20260121_22:00:00   3.8573e-01   9.4299e+01   3.5947e+01   0.0000e+00   0.0000e+00   2.6579e+02
20260121_23:00:00   3.9017e-01   9.5089e+01   3.6538e+01   1.2824e-05   0.0000e+00   2.6742e+02
20260122_00:00:00   3.9004e-01   9.5058e+01   3.6658e+01   0.0000e+00   0.0000e+00   2.6841e+02
20260122_01:00:00   3.9091e-01   9.5213e+01   3.6692e+01   0.0000e+00   0.0000e+00   2.6801e+02
20260122_02:00:00   3.8842e-01   9.4715e+01   3.6453e+01   0.0000e+00   0.0000e+00   2.6723e+02
20260122_03:00:00   3.8625e-01   9.4265e+01   3.6275e+01   0.0000e+00   0.0000e+00   2.6594e+02
20260122_04:00:00   3.9166e-01   9.5294e+01   3.6726e+01   0.0000e+00   0.0000e+00   2.6665e+02
20260122_05:00:00   3.9564e-01   9.6040e+01   3.7233e+01   1.7866e-05   0.0000e+00   2.6739e+02
20260122_06:00:00   3.9123e-01   9.5195e+01   3.6879e+01   0.0000e+00   0.0000e+00   2.6636e+02
20260122_07:00:00   3.9726e-01   9.6300e+01   3.7540e+01   3.1770e-04   0.0000e+00   2.6423e+02
20260122_08:00:00   4.0474e-01   9.7707e+01   3.8392e+01   6.1560e-06   0.0000e+00   2.6253e+02
20260122_09:00:00   4.1100e-01   9.8851e+01   3.9062e+01   2.1059e-04   0.0000e+00   2.6127e+02
20260122_10:00:00   4.1826e-01   1.0017e+02   3.9920e+01   5.7570e-04   0.0000e+00   2.6126e+02
20260122_11:00:00   4.2167e-01   1.0079e+02   4.0519e+01   1.4047e-04   0.0000e+00   2.6223e+02
20260122_12:00:00   4.2290e-01   1.0103e+02   4.0776e+01   0.0000e+00   0.0000e+00   2.6268e+02
20260122_13:00:00   4.3218e-01   1.0276e+02   4.1678e+01   0.0000e+00   0.0000e+00   2.6243e+02
20260122_14:00:00   4.3434e-01   1.0317e+02   4.2030e+01   0.0000e+00   0.0000e+00   2.6084e+02
20260122_15:00:00   4.4165e-01   1.0449e+02   4.2752e+01   9.4370e-05   0.0000e+00   2.5931e+02
20260122_16:00:00   4.5268e-01   1.0646e+02   4.3811e+01   4.0430e-04   0.0000e+00   2.5989e+02
20260122_17:00:00   4.5634e-01   1.0712e+02   4.4277e+01   5.8380e-04   0.0000e+00   2.6306e+02
20260122_18:00:00   4.4989e-01   1.0596e+02   4.3651e+01   2.2509e-04   0.0000e+00   2.6628e+02
20260122_19:00:00   4.4134e-01   1.0448e+02   4.2655e+01   7.8210e-06   0.0000e+00   2.6783e+02
20260122_20:00:00   4.4084e-01   1.0443e+02   4.2528e+01   4.7410e-04   0.0000e+00   2.6722e+02
20260122_21:00:00   4.4799e-01   1.0575e+02   4.3316e+01   4.3590e-05   0.0000e+00   2.6637e+02
20260122_22:00:00   4.5071e-01   1.0620e+02   4.3742e+01   0.0000e+00   0.0000e+00   2.6453e+02
20260122_23:00:00   4.4878e-01   1.0587e+02   4.3701e+01   0.0000e+00   0.0000e+00   2.6539e+02
20260123_00:00:00   4.5213e-01   1.0643e+02   4.4258e+01   0.0000e+00   0.0000e+00   2.6668e+02
20260123_01:00:00   4.5789e-01   1.0744e+02   4.4950e+01   0.0000e+00   0.0000e+00   2.6653e+02
20260123_02:00:00   4.6033e-01   1.0788e+02   4.5192e+01   0.0000e+00   0.0000e+00   2.6776e+02
20260123_03:00:00   4.6288e-01   1.0832e+02   4.5413e+01   2.0053e-07   0.0000e+00   2.6885e+02
20260123_04:00:00   4.6282e-01   1.0833e+02   4.5361e+01   9.4920e-06   0.0000e+00   2.6916e+02
20260123_05:00:00   4.6361e-01   1.0848e+02   4.5404e+01   0.0000e+00   0.0000e+00   2.6995e+02
20260123_06:00:00   4.6175e-01   1.0814e+02   4.5188e+01   2.9942e-05   0.0000e+00   2.6906e+02
20260123_07:00:00   4.5807e-01   1.0750e+02   4.4831e+01   0.0000e+00   0.0000e+00   2.6711e+02
20260123_08:00:00   4.6092e-01   1.0799e+02   4.5160e+01   0.0000e+00   0.0000e+00   2.6613e+02
20260123_09:00:00   4.6333e-01   1.0844e+02   4.5350e+01   0.0000e+00   0.0000e+00   2.6616e+02
20260123_10:00:00   4.6455e-01   1.0869e+02   4.5402e+01   0.0000e+00   0.0000e+00   2.6536e+02
20260123_11:00:00   4.6835e-01   1.0936e+02   4.5766e+01   2.1980e-06   0.0000e+00   2.6498e+02
20260123_12:00:00   4.7235e-01   1.1008e+02   4.6045e+01   1.2324e-04   0.0000e+00   2.6490e+02
20260123_13:00:00   4.7447e-01   1.1052e+02   4.6044e+01   1.3862e-04   0.0000e+00   2.6449e+02
20260123_14:00:00   4.7546e-01   1.1078e+02   4.5997e+01   4.1670e-04   0.0000e+00   2.6369e+02
20260123_15:00:00   4.7395e-01   1.1056e+02   4.5825e+01   3.6979e-04   0.0000e+00   2.6237e+02
20260123_16:00:00   4.7686e-01   1.1105e+02   4.6237e+01   6.5413e-04   0.0000e+00   2.5964e+02
20260123_17:00:00   4.7956e-01   1.1153e+02   4.6550e+01   3.3668e-04   0.0000e+00   2.5745e+02
20260123_18:00:00   4.8186e-01   1.1194e+02   4.6813e+01   2.0063e-04   0.0000e+00   2.5699e+02
20260123_19:00:00   4.8523e-01   1.1248e+02   4.7266e+01   2.4977e-04   0.0000e+00   2.5749e+02
20260123_20:00:00   4.7929e-01   1.1146e+02   4.6822e+01   2.9720e-05   0.0000e+00   2.5790e+02
20260123_21:00:00   4.8299e-01   1.1208e+02   4.7328e+01   1.8204e-06   0.0000e+00   2.5723e+02
20260123_22:00:00   4.8366e-01   1.1223e+02   4.7387e+01   1.7368e-05   0.0000e+00   2.5727e+02
20260123_23:00:00   4.8471e-01   1.1244e+02   4.7407e+01   0.0000e+00   0.0000e+00   2.5748e+02
20260124_00:00:00   4.9078e-01   1.1348e+02   4.8033e+01   1.3366e-07   0.0000e+00   2.5757e+02
20260124_01:00:00   4.8863e-01   1.1317e+02   4.7777e+01   1.9812e-05   0.0000e+00   2.5841e+02
20260124_02:00:00   4.9000e-01   1.1338e+02   4.7870e+01   1.2920e-06   0.0000e+00   2.5831e+02
20260124_03:00:00   4.8425e-01   1.1239e+02   4.7340e+01   3.6380e-05   0.0000e+00   2.5917e+02
20260124_04:00:00   4.8183e-01   1.1197e+02   4.7058e+01   2.9880e-04   0.0000e+00   2.6005e+02
20260124_05:00:00   4.7692e-01   1.1112e+02   4.6621e+01   2.9700e-05   0.0000e+00   2.6059e+02
20260124_06:00:00   4.7307e-01   1.1043e+02   4.6328e+01   1.4682e-06   0.0000e+00   2.5992e+02
20260124_07:00:00   4.7544e-01   1.1079e+02   4.6670e+01   9.9480e-06   0.0000e+00   2.5936e+02
20260124_08:00:00   4.7349e-01   1.1042e+02   4.6571e+01   1.2460e-06   0.0000e+00   2.5859e+02
20260124_09:00:00   4.7129e-01   1.1005e+02   4.6360e+01   2.6420e-05   0.0000e+00   2.5801e+02
20260124_10:00:00   4.7344e-01   1.1038e+02   4.6656e+01   2.2340e-05   0.0000e+00   2.5813e+02
20260124_11:00:00   4.7325e-01   1.1034e+02   4.6686e+01   5.9420e-05   0.0000e+00   2.5858e+02
20260124_12:00:00   4.7331e-01   1.1036e+02   4.6658e+01   1.7830e-04   0.0000e+00   2.6031e+02
20260124_13:00:00   4.7611e-01   1.1086e+02   4.6896e+01   2.6340e-04   0.0000e+00   2.6195e+02
20260124_14:00:00   4.7647e-01   1.1091e+02   4.6965e+01   2.0760e-04   0.0000e+00   2.6232e+02
20260124_15:00:00   4.7666e-01   1.1092e+02   4.7061e+01   1.7270e-04   0.0000e+00   2.6159e+02
20260124_16:00:00   4.7251e-01   1.1022e+02   4.6654e+01   9.0272e-04   0.0000e+00   2.6182e+02
20260124_17:00:00   4.7210e-01   1.1012e+02   4.6784e+01   8.3517e-05   0.0000e+00   2.6319e+02
20260124_18:00:00   4.7234e-01   1.1013e+02   4.6969e+01   0.0000e+00   0.0000e+00   2.6503e+02
20260124_19:00:00   4.7149e-01   1.0996e+02   4.6980e+01   1.3958e-04   0.0000e+00   2.6458e+02
20260124_20:00:00   4.6561e-01   1.0893e+02   4.6519e+01   0.0000e+00   0.0000e+00   2.6417e+02
20260124_21:00:00   4.6134e-01   1.0820e+02   4.6145e+01   0.0000e+00   6.6540e-06   2.6414e+02
20260124_22:00:00   4.6036e-01   1.0803e+02   4.6084e+01   0.0000e+00   0.0000e+00   2.6435e+02
20260124_23:00:00   4.6100e-01   1.0811e+02   4.6200e+01   6.6820e-07   0.0000e+00   2.6490e+02
20260125_00:00:00   4.6298e-01   1.0848e+02   4.6335e+01   0.0000e+00   3.3280e-06   2.6701e+02
20260125_01:00:00   4.6142e-01   1.0824e+02   4.6106e+01   0.0000e+00   1.5188e-04   2.6848e+02
20260125_02:00:00   4.6103e-01   1.0817e+02   4.5954e+01   0.0000e+00   0.0000e+00   2.7024e+02
20260125_03:00:00   4.6809e-01   1.0933e+02   4.6686e+01   9.1960e-07   0.0000e+00   2.7079e+02
20260125_04:00:00   4.7297e-01   1.1014e+02   4.7167e+01   2.6989e-04   0.0000e+00   2.7033e+02
20260125_05:00:00   4.4539e-01   1.0501e+02   4.5192e+01   4.2662e-05   0.0000e+00   2.6916e+02
20260125_06:00:00   3.7856e-01   9.2241e+01   3.9675e+01   0.0000e+00   2.5960e-05   2.6846e+02
20260125_07:00:00   3.5323e-01   8.7238e+01   3.6567e+01   5.8350e-06   1.6182e-04   2.6848e+02
20260125_08:00:00   3.5532e-01   8.7741e+01   3.6089e+01   1.1818e-05   2.2820e-04   2.6914e+02
20260125_09:00:00   3.2639e-01   8.1796e+01   3.3628e+01   0.0000e+00   2.1501e-03   2.6996e+02
20260125_10:00:00   3.7420e-01   9.1641e+01   3.6832e+01   3.8520e-03   7.9280e-04   2.6984e+02
20260125_11:00:00   4.1835e-01   1.0031e+02   4.0438e+01   3.4357e-05   0.0000e+00   2.6940e+02
20260125_12:00:00   3.9751e-01   9.6401e+01   3.8419e+01   0.0000e+00   0.0000e+00   2.6988e+02
20260125_13:00:00   3.7330e-01   9.1695e+01   3.6133e+01   0.0000e+00   0.0000e+00   2.7017e+02
20260125_14:00:00   3.3747e-01   8.4650e+01   3.2102e+01   0.0000e+00   0.0000e+00   2.7198e+02
20260125_15:00:00   3.1728e-01   8.0616e+01   2.8918e+01   0.0000e+00   0.0000e+00   2.7307e+02
20260125_16:00:00   3.1798e-01   8.0825e+01   2.8674e+01   4.7760e-05   0.0000e+00   2.7308e+02
20260125_17:00:00   2.7906e-01   7.2504e+01   2.5091e+01   2.2185e-05   0.0000e+00   2.7398e+02
20260125_18:00:00   2.5370e-01   6.6884e+01   2.2675e+01   0.0000e+00   0.0000e+00   2.7506e+02
20260125_19:00:00   2.8585e-01   7.3996e+01   2.5507e+01   0.0000e+00   0.0000e+00   2.7619e+02
20260125_20:00:00   3.1326e-01   7.9889e+01   2.7794e+01   0.0000e+00   0.0000e+00   2.7748e+02
20260125_21:00:00   3.4357e-01   8.6232e+01   3.0584e+01   0.0000e+00   0.0000e+00   2.7830e+02
20260125_22:00:00   3.9660e-01   9.6700e+01   3.5564e+01   1.9918e-06   0.0000e+00   2.7771e+02
20260125_23:00:00   3.9398e-01   9.6158e+01   3.5591e+01   6.6830e-08   0.0000e+00   2.7830e+02
20260126_00:00:00   3.4631e-01   8.6725e+01   3.1723e+01   0.0000e+00   0.0000e+00   2.7872e+02
20260126_01:00:00   3.2521e-01   8.2437e+01   2.9477e+01   0.0000e+00   0.0000e+00   2.7849e+02
20260126_02:00:00   3.4402e-01   8.6406e+01   3.0383e+01   0.0000e+00   0.0000e+00   2.7791e+02
20260126_03:00:00   3.6028e-01   8.9716e+01   3.1532e+01   0.0000e+00   0.0000e+00   2.7831e+02
20260126_04:00:00   3.8452e-01   9.4427e+01   3.4437e+01   0.0000e+00   0.0000e+00   2.7779e+02
20260126_05:00:00   3.9910e-01   9.7178e+01   3.6488e+01   0.0000e+00   0.0000e+00   2.7708e+02
20260126_06:00:00   4.1157e-01   9.9498e+01   3.7896e+01   0.0000e+00   0.0000e+00   2.7695e+02
20260126_07:00:00   4.0873e-01   9.8963e+01   3.7643e+01   2.4958e-06   0.0000e+00   2.7698e+02
20260126_08:00:00   4.0335e-01   9.7910e+01   3.7234e+01   1.1433e-04   0.0000e+00   2.7452e+02
20260126_09:00:00   3.8295e-01   9.4005e+01   3.5336e+01   0.0000e+00   0.0000e+00   2.7382e+02
20260126_10:00:00   3.8387e-01   9.4195e+01   3.5303e+01   0.0000e+00   0.0000e+00   2.7368e+02
20260126_11:00:00   4.0205e-01   9.7733e+01   3.6726e+01   0.0000e+00   0.0000e+00   2.7335e+02
20260126_12:00:00   3.9983e-01   9.7336e+01   3.6454e+01   0.0000e+00   0.0000e+00   2.7259e+02
20260126_13:00:00   3.9294e-01   9.6086e+01   3.5653e+01   0.0000e+00   0.0000e+00   2.7255e+02
20260126_14:00:00   3.8904e-01   9.5374e+01   3.5224e+01   0.0000e+00   0.0000e+00   2.7154e+02
20260126_15:00:00   3.9376e-01   9.6309e+01   3.5488e+01   4.9660e-04   0.0000e+00   2.7015e+02
20260126_16:00:00   3.8334e-01   9.4310e+01   3.4486e+01   0.0000e+00   0.0000e+00   2.6994e+02
20260126_17:00:00   3.7746e-01   9.3155e+01   3.4000e+01   0.0000e+00   0.0000e+00   2.7001e+02
20260126_18:00:00   3.7622e-01   9.2882e+01   3.4032e+01   0.0000e+00   0.0000e+00   2.6969e+02
20260126_21:00:00   3.1937e-01   8.1421e+01   2.8511e+01   0.0000e+00   0.0000e+00   2.6872e+02
20260127_00:00:00   3.7832e-01   9.3337e+01   3.4118e+01   1.6636e-06   0.0000e+00   2.6739e+02
20260127_03:00:00   3.6092e-01   8.9825e+01   3.2887e+01   0.0000e+00   0.0000e+00   2.6718e+02
20260127_06:00:00   3.8806e-01   9.4973e+01   3.5885e+01   1.7907e-04   0.0000e+00   2.6635e+02
20260127_09:00:00   3.1746e-01   8.0725e+01   2.9240e+01   0.0000e+00   0.0000e+00   2.6710e+02
20260127_12:00:00   3.5762e-01   8.9064e+01   3.2270e+01   0.0000e+00   0.0000e+00   2.6897e+02
20260127_15:00:00   3.4714e-01   8.6999e+01   3.1948e+01   7.5870e-04   0.0000e+00   2.7148e+02
20260127_18:00:00   3.0890e-01   7.9102e+01   2.8067e+01   0.0000e+00   0.0000e+00   2.6870e+02
20260127_21:00:00   3.4071e-01   8.5773e+01   3.0342e+01   2.6429e-03   0.0000e+00   2.6513e+02
20260128_00:00:00   3.6256e-01   9.0179e+01   3.2083e+01   1.2904e-03   0.0000e+00   2.5665e+02
20260128_03:00:00   2.8584e-01   7.4065e+01   2.6147e+01   0.0000e+00   0.0000e+00   2.5347e+02
20260128_06:00:00   3.4080e-01   8.5653e+01   3.1222e+01   5.3050e-07   0.0000e+00   2.5421e+02
20260128_09:00:00   3.1820e-01   8.0926e+01   2.9039e+01   0.0000e+00   1.2712e-05   2.5578e+02
20260128_12:00:00   2.8659e-01   7.4237e+01   2.5235e+01   0.0000e+00   1.9694e-05   2.5941e+02
20260128_15:00:00   2.6555e-01   6.9706e+01   2.3105e+01   0.0000e+00   1.5037e-05   2.5982e+02
20260128_18:00:00   4.0903e-01   9.8896e+01   3.7833e+01   1.3342e-02   0.0000e+00   2.6001e+02
20260128_21:00:00   3.6458e-01   9.0340e+01   3.4116e+01   0.0000e+00   5.7020e-08   2.5953e+02
20260129_00:00:00   3.3188e-01   8.3917e+01   2.9810e+01   1.2015e-04   0.0000e+00   2.6093e+02
20260129_03:00:00   3.8990e-01   9.5541e+01   3.3381e+01   5.2643e-03   0.0000e+00   2.6456e+02
20260129_06:00:00   3.0908e-01   7.9105e+01   2.6595e+01   2.1224e-06   0.0000e+00   2.6348e+02
20260129_09:00:00   4.2947e-01   1.0262e+02   3.9019e+01   1.3438e-04   0.0000e+00   2.6506e+02
20260129_12:00:00   3.6053e-01   8.9617e+01   3.2136e+01   0.0000e+00   0.0000e+00   2.6630e+02
20260129_15:00:00   3.4972e-01   8.7646e+01   3.0604e+01   0.0000e+00   0.0000e+00   2.6743e+02
20260129_18:00:00   3.4938e-01   8.7559e+01   3.0640e+01   7.0040e-05   0.0000e+00   2.6479e+02
20260129_21:00:00   3.6505e-01   9.0691e+01   3.2962e+01   0.0000e+00   0.0000e+00   2.6405e+02
20260130_00:00:00   3.7213e-01   9.2060e+01   3.4062e+01   0.0000e+00   0.0000e+00   2.6302e+02
20260130_03:00:00   4.0194e-01   9.7870e+01   3.6126e+01   1.3208e-05   0.0000e+00   2.6256e+02
20260130_06:00:00   3.9362e-01   9.6261e+01   3.5750e+01   0.0000e+00   0.0000e+00   2.6238e+02
20260130_09:00:00   3.9153e-01   9.5835e+01   3.5557e+01   0.0000e+00   0.0000e+00   2.6272e+02
20260130_12:00:00   3.9503e-01   9.6573e+01   3.5794e+01   0.0000e+00   0.0000e+00   2.6474e+02
20260130_15:00:00   4.0167e-01   9.7964e+01   3.6392e+01   0.0000e+00   0.0000e+00   2.6497e+02
20260130_18:00:00   3.9722e-01   9.7122e+01   3.6332e+01   0.0000e+00   0.0000e+00   2.6377e+02
20260130_21:00:00   4.2014e-01   1.0143e+02   3.8716e+01   0.0000e+00   0.0000e+00   2.6081e+02
20260131_00:00:00   3.9873e-01   9.7445e+01   3.6703e+01   0.0000e+00   0.0000e+00   2.5989e+02
20260131_03:00:00   4.0965e-01   9.9506e+01   3.7673e+01   1.4148e-06   0.0000e+00   2.5927e+02
20260131_06:00:00   4.2623e-01   1.0247e+02   3.9750e+01   0.0000e+00   1.3310e-05   2.5997e+02
20260131_09:00:00   4.2837e-01   1.0275e+02   4.0482e+01   0.0000e+00   2.2620e-04   2.6336e+02
20260131_12:00:00   4.4594e-01   1.0593e+02   4.2404e+01   0.0000e+00   1.3202e-04   2.6356e+02
20260131_15:00:00   4.4658e-01   1.0611e+02   4.2699e+01   7.4111e-04   8.3400e-05   2.6278e+02
20260131_18:00:00   4.4901e-01   1.0659e+02   4.2887e+01   1.9812e-05   2.9700e-04   2.6248e+02
20260131_21:00:00   4.5935e-01   1.0844e+02   4.3871e+01   8.4840e-05   6.2980e-04   2.5808e+02
20260201_00:00:00   4.4269e-01   1.0552e+02   4.2277e+01   0.0000e+00   2.7080e-03   2.5746e+02
20260201_03:00:00   4.3931e-01   1.0493e+02   4.1678e+01   0.0000e+00   7.4300e-03   2.6020e+02
20260201_06:00:00   4.4752e-01   1.0645e+02   4.2210e+01   0.0000e+00   2.0380e-03   2.5956e+02
20260201_09:00:00   4.2527e-01   1.0216e+02   4.0824e+01   0.0000e+00   2.4436e-04   2.5767e+02
20260201_12:00:00   4.3865e-01   1.0458e+02   4.2332e+01   0.0000e+00   5.0918e-03   2.5838e+02
20260201_15:00:00   4.3340e-01   1.0368e+02   4.1544e+01   7.9860e-05   3.6409e-02   2.5882e+02
20260201_18:00:00   4.2750e-01   1.0231e+02   4.1978e+01   3.9080e-03   1.5467e-01   2.5315e+02
20260201_21:00:00   3.6053e-01   8.9370e+01   3.5745e+01   0.0000e+00   6.5681e-02   2.4989e+02
20260202_00:00:00   4.1944e-01   1.0096e+02   4.0521e+01   0.0000e+00   1.1071e-01   2.4824e+02
20260202_03:00:00   4.4142e-01   1.0493e+02   4.2745e+01   1.4986e-05   5.5420e-02   2.5102e+02
20260202_06:00:00   3.7869e-01   9.2939e+01   3.6816e+01   0.0000e+00   1.7619e-01   2.5295e+02
20260202_09:00:00   3.8587e-01   9.4387e+01   3.6961e+01   0.0000e+00   1.8461e-01   2.5432e+02
20260202_12:00:00   3.9248e-01   9.5731e+01   3.7128e+01   4.4900e-04   3.5177e-03   2.5500e+02
20260202_15:00:00   3.8260e-01   9.3881e+01   3.5804e+01   7.2120e-04   8.3717e-03   2.5817e+02
20260202_18:00:00   3.2573e-01   8.2443e+01   3.0140e+01   0.0000e+00   4.0646e-03   2.5924e+02
20260202_21:00:00   3.6979e-01   9.1389e+01   3.4818e+01   0.0000e+00   4.2031e-02   2.5730e+02
20260203_00:00:00   3.4907e-01   8.7190e+01   3.3097e+01   0.0000e+00   6.7285e-03   2.5567e+02
20260203_03:00:00   4.0812e-01   9.8742e+01   3.7882e+01   1.0692e-06   1.5706e-02   2.5539e+02
20260203_06:00:00   3.1153e-01   7.9251e+01   2.9047e+01   0.0000e+00   1.9802e-03   2.5584e+02
20260203_09:00:00   2.9637e-01   7.5953e+01   2.7730e+01   0.0000e+00   5.8650e-03   2.5640e+02
20260203_12:00:00   4.0505e-01   9.8022e+01   3.7592e+01   2.0340e-06   2.2200e-04   2.5800e+02
20260203_15:00:00   3.3860e-01   8.4997e+01   3.1721e+01   0.0000e+00   1.2744e-03   2.5855e+02
20260203_18:00:00   3.3562e-01   8.4394e+01   3.1579e+01   8.6520e-04   1.7820e-07   2.5729e+02
20260203_21:00:00   4.0164e-01   9.7430e+01   3.8246e+01   0.0000e+00   4.7560e-04   2.5635e+02
20260204_00:00:00   3.4782e-01   8.6900e+01   3.2616e+01   0.0000e+00   3.4320e-04   2.5634e+02
20260204_03:00:00   4.1353e-01   9.9552e+01   3.9548e+01   0.0000e+00   1.9214e-03   2.5900e+02
20260204_06:00:00   4.3970e-01   1.0431e+02   4.2408e+01   0.0000e+00   5.3460e-07   2.6082e+02
20260204_09:00:00   4.1844e-01   1.0024e+02   4.0812e+01   0.0000e+00   0.0000e+00   2.6090e+02
20260204_12:00:00   3.8473e-01   9.3785e+01   3.8063e+01   0.0000e+00   3.1600e-05   2.6356e+02
20260204_15:00:00   3.3104e-01   8.3136e+01   3.2187e+01   0.0000e+00   6.2580e-04   2.6316e+02
20260204_18:00:00   3.4808e-01   8.6673e+01   3.4056e+01   8.8420e-08   0.0000e+00   2.6392e+02
20260204_21:00:00   4.4496e-01   1.0531e+02   4.2020e+01   1.0472e-02   0.0000e+00   2.6584e+02
20260205_00:00:00   4.1583e-01   1.0002e+02   3.9641e+01   0.0000e+00   2.6697e-03   2.6522e+02
20260205_03:00:00   3.9748e-01   9.6355e+01   3.8647e+01   0.0000e+00   9.8222e-03   2.6731e+02
20260205_06:00:00   3.9102e-01   9.4968e+01   3.8627e+01   0.0000e+00   0.0000e+00   2.6666e+02
20260205_09:00:00   3.7591e-01   9.2034e+01   3.6914e+01   0.0000e+00   0.0000e+00   2.6670e+02
20260205_12:00:00   3.9531e-01   9.5842e+01   3.8166e+01   2.2980e-06   1.0194e-03   2.6823e+02
20260205_15:00:00   4.1512e-01   9.9660e+01   3.9934e+01   0.0000e+00   1.2334e-03   2.6853e+02
20260205_18:00:00   4.1347e-01   9.9396e+01   4.0006e+01   0.0000e+00   1.7078e-03   2.6616e+02
20260205_21:00:00   4.2776e-01   1.0206e+02   4.1183e+01   3.4940e-05   3.4097e-04   2.6486e+02
20260206_00:00:00   4.4883e-01   1.0581e+02   4.3583e+01   9.0880e-06   7.2315e-03   2.6326e+02
20260206_03:00:00   4.6027e-01   1.0774e+02   4.4732e+01   1.0376e-04   1.7554e-04   2.6132e+02
20260206_06:00:00   4.4871e-01   1.0564e+02   4.3328e+01   0.0000e+00   6.0161e-03   2.6136e+02
20260206_09:00:00   4.2901e-01   1.0196e+02   4.1828e+01   0.0000e+00   4.0541e-03   2.6224e+02
20260206_12:00:00   4.5227e-01   1.0634e+02   4.3282e+01   0.0000e+00   4.8203e-03   2.6490e+02
20260206_15:00:00   4.5994e-01   1.0773e+02   4.3561e+01   8.6940e-03   7.1460e-03   2.6320e+02
20260206_18:00:00   4.5467e-01   1.0686e+02   4.3848e+01   9.6500e-04   4.2912e-03   2.6206e+02
