#            date       tau255        Tb[K]      pwv[mm] lwp[kg*m^-2] iwp[kg*m^-2]       o3[DU]
20260225_00:00:00   3.4334e-01   8.5972e+01   3.1111e+01   0.0000e+00   3.5620e-06   2.6140e+02
20260225_01:00:00   3.4987e-01   8.7305e+01   3.1565e+01   0.0000e+00   5.8378e-06   2.6146e+02
20260225_02:00:00   3.3293e-01   8.3860e+01   2.9833e+01   0.0000e+00   0.0000e+00   2.6223e+02
20260225_03:00:00   3.0518e-01   7.8096e+01   2.7196e+01   0.0000e+00   6.7977e-04   2.6323e+02
20260225_04:00:00   2.9764e-01   7.6497e+01   2.6128e+01   0.0000e+00   5.3240e-06   2.6478e+02
20260225_05:00:00   3.0606e-01   7.8277e+01   2.6553e+01   0.0000e+00   6.2560e-05   2.6427e+02
20260225_06:00:00   3.0849e-01   7.8811e+01   2.6576e+01   0.0000e+00   7.0740e-07   2.6247e+02
20260225_07:00:00   3.0103e-01   7.7204e+01   2.6191e+01   0.0000e+00   0.0000e+00   2.6040e+02
20260225_08:00:00   3.1038e-01   7.9189e+01   2.7082e+01   0.0000e+00   0.0000e+00   2.5990e+02
20260225_09:00:00   3.1944e-01   8.1093e+01   2.7794e+01   0.0000e+00   0.0000e+00   2.6083e+02
20260225_10:00:00   3.2661e-01   8.2561e+01   2.8514e+01   2.2321e-04   0.0000e+00   2.6090e+02
20260225_11:00:00   3.5380e-01   8.8026e+01   3.1369e+01   0.0000e+00   1.3038e-03   2.6042e+02
20260225_12:00:00   3.8358e-01   9.3805e+01   3.4692e+01   9.9060e-06   2.0079e-03   2.5939e+02
20260225_13:00:00   4.0057e-01   9.7048e+01   3.6490e+01   9.5330e-04   7.6501e-05   2.5869e+02
20260225_14:00:00   3.8528e-01   9.4152e+01   3.5097e+01   3.1690e-04   4.0820e-05   2.5863e+02
20260225_15:00:00   3.3961e-01   8.5179e+01   3.0606e+01   0.0000e+00   1.4140e-03   2.6075e+02
20260225_16:00:00   2.9696e-01   7.6402e+01   2.5761e+01   0.0000e+00   2.1320e-03   2.6174e+02
20260225_17:00:00   2.9251e-01   7.5462e+01   2.5040e+01   0.0000e+00   4.8920e-04   2.6200e+02
20260225_18:00:00   2.9958e-01   7.6925e+01   2.5860e+01   0.0000e+00   1.3208e-05   2.6285e+02
20260225_19:00:00   2.8764e-01   7.4389e+01   2.4745e+01   0.0000e+00   1.1442e-03   2.6347e+02
20260225_20:00:00   3.2835e-01   8.2951e+01   2.8777e+01   1.9452e-06   4.7282e-03   2.6280e+02
20260225_21:00:00   3.7085e-01   9.1442e+01   3.2772e+01   0.0000e+00   4.0886e-03   2.6169e+02
20260225_22:00:00   3.4927e-01   8.7147e+01   3.1062e+01   0.0000e+00   1.6558e-03   2.6093e+02
20260225_23:00:00   3.1750e-01   8.0654e+01   2.8156e+01   0.0000e+00   7.2843e-03   2.6111e+02
20260226_00:00:00   2.6985e-01   7.0498e+01   2.3391e+01   0.0000e+00   9.4280e-03   2.6124e+02
20260226_01:00:00   2.7659e-01   7.1953e+01   2.3818e+01   0.0000e+00   7.1075e-03   2.6125e+02
20260226_02:00:00   3.0887e-01   7.8885e+01   2.6851e+01   0.0000e+00   8.8822e-03   2.6157e+02
20260226_03:00:00   3.3021e-01   8.3332e+01   2.8706e+01   0.0000e+00   9.4261e-03   2.6123e+02
20260226_04:00:00   3.3231e-01   8.3781e+01   2.8828e+01   0.0000e+00   3.8421e-03   2.6048e+02
20260226_05:00:00   3.2482e-01   8.2217e+01   2.8309e+01   0.0000e+00   4.4538e-03   2.5895e+02
20260226_06:00:00   3.5882e-01   8.9022e+01   3.1440e+01   3.4260e-03   3.4432e-03   2.5779e+02
20260226_07:00:00   3.8090e-01   9.3304e+01   3.3623e+01   2.1960e-03   3.7668e-03   2.5696e+02
20260226_08:00:00   3.6799e-01   9.0801e+01   3.2764e+01   0.0000e+00   1.5370e-03   2.5678e+02
20260226_09:00:00   3.7243e-01   9.1639e+01   3.3152e+01   0.0000e+00   0.0000e+00   2.5640e+02
20260226_10:00:00   3.2131e-01   8.1391e+01   2.8574e+01   0.0000e+00   4.8060e-05   2.5754e+02
20260226_11:00:00   3.3161e-01   8.3557e+01   2.9001e+01   6.0840e-05   2.6760e-05   2.5809e+02
20260226_12:00:00   3.6265e-01   8.9791e+01   3.2019e+01   5.8360e-05   3.8620e-05   2.5891e+02
20260226_13:00:00   4.0048e-01   9.7026e+01   3.5096e+01   1.1422e-02   2.2980e-03   2.6042e+02
20260226_14:00:00   5.0851e-01   1.1612e+02   3.8436e+01   1.0119e-01   1.6878e-03   2.6103e+02
20260226_15:00:00   4.2762e-01   1.0200e+02   3.8914e+01   1.7228e-05   0.0000e+00   2.6176e+02
20260226_16:00:00   4.1043e-01   9.8823e+01   3.7321e+01   1.3254e-03   0.0000e+00   2.6294e+02
20260226_17:00:00   3.7020e-01   9.1201e+01   3.3701e+01   0.0000e+00   0.0000e+00   2.6352e+02
20260226_18:00:00   3.6377e-01   9.0024e+01   3.2558e+01   2.7280e-04   0.0000e+00   2.6247e+02
20260226_19:00:00   4.3209e-01   1.0276e+02   3.6048e+01   4.4920e-02   0.0000e+00   2.6163e+02
20260226_20:00:00   3.7651e-01   9.2450e+01   3.4292e+01   1.8962e-04   0.0000e+00   2.6146e+02
20260226_21:00:00   3.3761e-01   8.4906e+01   2.9657e+01   0.0000e+00   6.4480e-05   2.6194e+02
20260226_22:00:00   3.3621e-01   8.4628e+01   2.9286e+01   0.0000e+00   0.0000e+00   2.6204e+02
20260226_23:00:00   3.3199e-01   8.3682e+01   2.9613e+01   7.0481e-05   6.7740e-04   2.6180e+02
20260227_00:00:00   3.5133e-01   8.7476e+01   3.2039e+01   2.1134e-04   2.1660e-04   2.6155e+02
20260227_01:00:00   3.5133e-01   8.7384e+01   3.2458e+01   0.0000e+00   2.9280e-03   2.6169e+02
20260227_02:00:00   3.4541e-01   8.6260e+01   3.1671e+01   1.9892e-06   6.9160e-04   2.6172e+02
20260227_03:00:00   3.4137e-01   8.5498e+01   3.0791e+01   1.6782e-04   7.1000e-07   2.6149e+02
20260227_04:00:00   3.4007e-01   8.5277e+01   2.9855e+01   4.6411e-05   1.6562e-03   2.6019e+02
20260227_05:00:00   3.2105e-01   8.1399e+01   2.7572e+01   0.0000e+00   1.1904e-04   2.6029e+02
20260227_06:00:00   3.1579e-01   8.0304e+01   2.7002e+01   0.0000e+00   6.7440e-06   2.6048e+02
20260227_07:00:00   3.1198e-01   7.9532e+01   2.6575e+01   9.4170e-06   8.5019e-04   2.6079e+02
20260227_08:00:00   3.2853e-01   8.2901e+01   2.8665e+01   0.0000e+00   1.3722e-03   2.6149e+02
20260227_09:00:00   3.6552e-01   9.0240e+01   3.2905e+01   0.0000e+00   3.4243e-03   2.6085e+02
20260227_10:00:00   4.3059e-01   1.0244e+02   3.8246e+01   1.7441e-02   5.4410e-04   2.6059e+02
20260227_11:00:00   4.9110e-01   1.1298e+02   4.1801e+01   4.6983e-02   9.7400e-04   2.5945e+02
20260227_12:00:00   4.4744e-01   1.0550e+02   4.1695e+01   1.8012e-04   2.9521e-03   2.5899e+02
20260227_13:00:00   4.4356e-01   1.0480e+02   4.1276e+01   8.4840e-04   2.4749e-03   2.5927e+02
20260227_14:00:00   4.3733e-01   1.0373e+02   4.0779e+01   3.1170e-06   3.6780e-03   2.5879e+02
20260227_15:00:00   4.3344e-01   1.0302e+02   4.0418e+01   1.1399e-03   2.6502e-03   2.5851e+02
20260227_16:00:00   4.8109e-01   1.1122e+02   4.0200e+01   6.0040e-02   1.2092e-03   2.5913e+02
20260227_17:00:00   5.4746e-01   1.2214e+02   4.0711e+01   1.3188e-01   3.8736e-03   2.5866e+02
20260227_18:00:00   4.4493e-01   1.0496e+02   4.0264e+01   1.9270e-02   1.8734e-04   2.5971e+02
20260227_19:00:00   4.1084e-01   9.8830e+01   3.8525e+01   0.0000e+00   2.8681e-03   2.6046e+02
20260227_20:00:00   3.9603e-01   9.6117e+01   3.6958e+01   0.0000e+00   1.3761e-03   2.6198e+02
20260227_21:00:00   3.7323e-01   9.1775e+01   3.4636e+01   0.0000e+00   4.1640e-05   2.6363e+02
20260227_22:00:00   3.4526e-01   8.6220e+01   3.1968e+01   0.0000e+00   5.2319e-04   2.6530e+02
20260227_23:00:00   3.3526e-01   8.4257e+01   3.0623e+01   0.0000e+00   4.0269e-03   2.6552e+02
20260228_00:00:00   3.4927e-01   8.7216e+01   3.1181e+01   0.0000e+00   6.5605e-04   2.6586e+02
20260228_01:00:00   3.2735e-01   8.2759e+01   2.8909e+01   0.0000e+00   1.3572e-03   2.6622e+02
20260228_02:00:00   3.1129e-01   7.9426e+01   2.7036e+01   1.1947e-06   4.7965e-03   2.6607e+02
20260228_03:00:00   3.1142e-01   7.9394e+01   2.7165e+01   1.1227e-05   6.7069e-03   2.6631e+02
20260228_04:00:00   2.9053e-01   7.4860e+01   2.5498e+01   0.0000e+00   1.9290e-03   2.6598e+02
20260228_05:00:00   2.6118e-01   6.8465e+01   2.2469e+01   0.0000e+00   3.6941e-05   2.6604e+02
20260228_06:00:00   2.4912e-01   6.5793e+01   2.1025e+01   0.0000e+00   1.3474e-05   2.6535e+02
20260228_07:00:00   2.5176e-01   6.6380e+01   2.1115e+01   0.0000e+00   0.0000e+00   2.6541e+02
20260228_08:00:00   2.6746e-01   6.9849e+01   2.2538e+01   6.6040e-06   1.0434e-04   2.6458e+02
20260228_09:00:00   2.6689e-01   6.9739e+01   2.2616e+01   0.0000e+00   2.8712e-03   2.6516e+02
20260228_10:00:00   2.5409e-01   6.6903e+01   2.1533e+01   0.0000e+00   1.0538e-02   2.6542e+02
20260228_11:00:00   2.5881e-01   6.7954e+01   2.1960e+01   0.0000e+00   1.9410e-02   2.6644e+02
20260228_12:00:00   2.4843e-01   6.5600e+01   2.1355e+01   0.0000e+00   1.3399e-01   2.6714e+02
20260228_13:00:00   2.3272e-01   6.2073e+01   2.0104e+01   0.0000e+00   7.7079e-03   2.6547e+02
20260228_14:00:00   2.4014e-01   6.3820e+01   2.0793e+01   0.0000e+00   5.6873e-03   2.6445e+02
20260228_15:00:00   2.4291e-01   6.4483e+01   2.1119e+01   0.0000e+00   6.6446e-05   2.6390e+02
20260228_16:00:00   2.4522e-01   6.5007e+01   2.1151e+01   0.0000e+00   4.6424e-05   2.6327e+02
20260228_17:00:00   2.7125e-01   7.0768e+01   2.3773e+01   0.0000e+00   5.2334e-05   2.6305e+02
20260228_18:00:00   3.0048e-01   7.7097e+01   2.6426e+01   0.0000e+00   5.4822e-03   2.6299e+02
20260228_19:00:00   3.4200e-01   8.5733e+01   3.0434e+01   0.0000e+00   4.7250e-03   2.6210e+02
20260228_20:00:00   3.6790e-01   9.0933e+01   3.2747e+01   3.5790e-04   5.3601e-03   2.6217e+02
20260228_21:00:00   3.6998e-01   9.1324e+01   3.3020e+01   2.4958e-06   0.0000e+00   2.6182e+02
20260228_22:00:00   3.7075e-01   9.1440e+01   3.3212e+01   1.8345e-04   5.3460e-07   2.6177e+02
20260228_23:00:00   3.5962e-01   8.9307e+01   3.2055e+01   0.0000e+00   6.8277e-04   2.6093e+02
20260301_00:00:00   3.8296e-01   9.3868e+01   3.4163e+01   0.0000e+00   5.8999e-04   2.6052e+02
20260301_01:00:00   3.9772e-01   9.6669e+01   3.5578e+01   8.3550e-06   2.8976e-02   2.6107e+02
20260301_02:00:00   3.8650e-01   9.4443e+01   3.5079e+01   3.1760e-04   7.2790e-03   2.6157e+02
20260301_03:00:00   3.4958e-01   8.7206e+01   3.1573e+01   0.0000e+00   1.8771e-02   2.5994e+02
20260301_04:00:00   3.4842e-01   8.7093e+01   3.0765e+01   1.4600e-06   5.8320e-03   2.5967e+02
20260301_05:00:00   3.9565e-01   9.6249e+01   3.5267e+01   4.6620e-04   2.8217e-03   2.5860e+02
20260301_06:00:00   3.5565e-01   8.8369e+01   3.1736e+01   2.8520e-06   8.3560e-03   2.5793e+02
20260301_07:00:00   3.3692e-01   8.4559e+01   2.9926e+01   1.8707e-06   5.0351e-03   2.5765e+02
20260301_08:00:00   3.0998e-01   7.8985e+01   2.7292e+01   0.0000e+00   5.6392e-03   2.5734e+02
20260301_09:00:00   2.9794e-01   7.6486e+01   2.5950e+01   0.0000e+00   3.2098e-03   2.5697e+02
20260301_10:00:00   3.4095e-01   8.5387e+01   2.9809e+01   6.4390e-05   2.2863e-02   2.5678e+02
20260301_11:00:00   4.3419e-01   1.0315e+02   3.4078e+01   6.5343e-02   7.0624e-03   2.5714e+02
20260301_12:00:00   3.4557e-01   8.6286e+01   3.0634e+01   1.3942e-03   9.7381e-03   2.5695e+02
20260301_13:00:00   3.0391e-01   7.7721e+01   2.6874e+01   0.0000e+00   1.9287e-02   2.5815e+02
20260301_14:00:00   2.6983e-01   7.0403e+01   2.3898e+01   0.0000e+00   3.2065e-03   2.5870e+02
20260301_15:00:00   2.6308e-01   6.8910e+01   2.3160e+01   0.0000e+00   2.4843e-03   2.5614e+02
20260301_16:00:00   2.6500e-01   6.9377e+01   2.3031e+01   0.0000e+00   1.8776e-03   2.5539e+02
20260301_17:00:00   2.7018e-01   7.0587e+01   2.3328e+01   0.0000e+00   3.3457e-03   2.5427e+02
20260301_18:00:00   2.5550e-01   6.7345e+01   2.2120e+01   0.0000e+00   5.3180e-05   2.5329e+02
20260301_19:00:00   2.6249e-01   6.8865e+01   2.2880e+01   0.0000e+00   0.0000e+00   2.5256e+02
20260301_20:00:00   2.9405e-01   7.5752e+01   2.5838e+01   0.0000e+00   2.1382e-06   2.5267e+02
20260301_21:00:00   2.8675e-01   7.4164e+01   2.5663e+01   0.0000e+00   5.2296e-04   2.5398e+02
20260301_22:00:00   2.8126e-01   7.3041e+01   2.4611e+01   0.0000e+00   4.7705e-03   2.5436e+02
20260301_23:00:00   2.8831e-01   7.4563e+01   2.4770e+01   0.0000e+00   1.5355e-02   2.5434e+02
20260302_00:00:00   2.8332e-01   7.3518e+01   2.4065e+01   0.0000e+00   1.9693e-03   2.5533e+02
20260302_03:00:00   3.0253e-01   7.7550e+01   2.6421e+01   0.0000e+00   7.8924e-05   2.5650e+02
20260302_06:00:00   3.6499e-01   9.0230e+01   3.2722e+01   0.0000e+00   3.0339e-03   2.5370e+02
20260302_09:00:00   3.9971e-01   9.6709e+01   3.7554e+01   3.1480e-04   1.4516e-04   2.5339e+02
20260302_12:00:00   4.0849e-01   9.8397e+01   3.8687e+01   2.3680e-04   1.7700e-06   2.5460e+02
20260302_15:00:00   3.8598e-01   9.4326e+01   3.5514e+01   6.9490e-04   0.0000e+00   2.5669e+02
20260302_18:00:00   3.7241e-01   9.1623e+01   3.4576e+01   2.3760e-03   0.0000e+00   2.5764e+02
20260302_21:00:00   3.8611e-01   9.4290e+01   3.5728e+01   5.9720e-04   0.0000e+00   2.5655e+02
20260303_00:00:00   3.8973e-01   9.4970e+01   3.6250e+01   3.2440e-05   0.0000e+00   2.5563e+02
20260303_03:00:00   3.2081e-01   8.1354e+01   2.7978e+01   0.0000e+00   0.0000e+00   2.6060e+02
20260303_06:00:00   3.2590e-01   8.2198e+01   3.0053e+01   7.0290e-06   0.0000e+00   2.6028e+02
20260303_09:00:00   2.7731e-01   7.1894e+01   2.5013e+01   1.2378e-06   0.0000e+00   2.6086e+02
20260303_12:00:00   3.1879e-01   8.0779e+01   2.7798e+01   6.7630e-03   0.0000e+00   2.6226e+02
20260303_15:00:00   2.9233e-01   7.5216e+01   2.6376e+01   0.0000e+00   0.0000e+00   2.6358e+02
20260303_18:00:00   2.7357e-01   7.1172e+01   2.4167e+01   0.0000e+00   0.0000e+00   2.6356e+02
20260303_21:00:00   3.3167e-01   8.3525e+01   2.9516e+01   0.0000e+00   0.0000e+00   2.6078e+02
20260304_00:00:00   3.9759e-01   9.6323e+01   3.7379e+01   7.9580e-07   0.0000e+00   2.6104e+02
20260304_03:00:00   4.2081e-01   1.0052e+02   4.0525e+01   2.1388e-06   0.0000e+00   2.6179e+02
20260304_06:00:00   3.8260e-01   9.3327e+01   3.6488e+01   1.6438e-04   0.0000e+00   2.6374e+02
20260304_09:00:00   3.3075e-01   8.3051e+01   3.0298e+01   6.5750e-05   0.0000e+00   2.6384e+02
20260304_12:00:00   2.9495e-01   7.5374e+01   2.8109e+01   0.0000e+00   0.0000e+00   2.6504e+02
20260304_15:00:00   3.0673e-01   7.8109e+01   2.8436e+01   0.0000e+00   0.0000e+00   2.6630e+02
20260304_18:00:00   3.5971e-01   8.9062e+01   3.3311e+01   2.1569e-05   0.0000e+00   2.6652e+02
20260304_21:00:00   3.9423e-01   9.5713e+01   3.6843e+01   1.4474e-04   0.0000e+00   2.6574e+02
20260305_00:00:00   4.0199e-01   9.7125e+01   3.7989e+01   1.4973e-05   0.0000e+00   2.6470e+02
20260305_03:00:00   3.9730e-01   9.6146e+01   3.8070e+01   2.2381e-05   0.0000e+00   2.6329e+02
20260305_06:00:00   3.7630e-01   9.2144e+01   3.5516e+01   0.0000e+00   0.0000e+00   2.6102e+02
20260305_09:00:00   3.7663e-01   9.2204e+01   3.5352e+01   0.0000e+00   0.0000e+00   2.6203e+02
20260305_12:00:00   3.8491e-01   9.3784e+01   3.6309e+01   8.8470e-05   0.0000e+00   2.6350e+02
20260305_15:00:00   3.8534e-01   9.3935e+01   3.6380e+01   0.0000e+00   0.0000e+00   2.6301e+02
20260305_18:00:00   3.7218e-01   9.1502e+01   3.4398e+01   2.3702e-04   0.0000e+00   2.6570e+02
20260305_21:00:00   3.6547e-01   9.0175e+01   3.4059e+01   0.0000e+00   0.0000e+00   2.6715e+02
20260306_00:00:00   3.7681e-01   9.2403e+01   3.4987e+01   0.0000e+00   0.0000e+00   2.6906e+02
20260306_03:00:00   3.8123e-01   9.3207e+01   3.5469e+01   0.0000e+00   0.0000e+00   2.7107e+02
20260306_06:00:00   3.8332e-01   9.3527e+01   3.5919e+01   4.9910e-06   0.0000e+00   2.7120e+02
20260306_09:00:00   3.7296e-01   9.1520e+01   3.4640e+01   4.9910e-06   0.0000e+00   2.6944e+02
20260306_12:00:00   3.7682e-01   9.2212e+01   3.5128e+01   2.8500e-04   0.0000e+00   2.7059e+02
20260306_15:00:00   3.8139e-01   9.3191e+01   3.5483e+01   1.4224e-04   0.0000e+00   2.7071e+02
20260306_18:00:00   3.8314e-01   9.3436e+01   3.5988e+01   2.5875e-04   0.0000e+00   2.6921e+02
20260306_21:00:00   3.8177e-01   9.3246e+01   3.5657e+01   1.9918e-06   0.0000e+00   2.6858e+02
20260307_00:00:00   3.7989e-01   9.2888e+01   3.5390e+01   1.1361e-06   0.0000e+00   2.7045e+02
20260307_03:00:00   3.7381e-01   9.1607e+01   3.5119e+01   6.6830e-08   0.0000e+00   2.7159e+02
20260307_06:00:00   3.1071e-01   7.8626e+01   2.9822e+01   0.0000e+00   0.0000e+00   2.7312e+02
20260307_09:00:00   3.5044e-01   8.7004e+01   3.2021e+01   5.9660e-04   0.0000e+00   2.7389e+02
20260307_12:00:00   3.8868e-01   9.4351e+01   3.6441e+01   6.0530e-04   0.0000e+00   2.7590e+02
20260307_15:00:00   3.5370e-01   8.7717e+01   3.2722e+01   4.9530e-06   0.0000e+00   2.7818e+02
20260307_18:00:00   3.6564e-01   9.0116e+01   3.3843e+01   0.0000e+00   0.0000e+00   2.7804e+02
20260307_21:00:00   3.5791e-01   8.8592e+01   3.3009e+01   0.0000e+00   0.0000e+00   2.7334e+02
20260308_00:00:00   4.0502e-01   9.7521e+01   3.8463e+01   1.2636e-04   0.0000e+00   2.7585e+02
20260308_03:00:00   3.9947e-01   9.6491e+01   3.7870e+01   0.0000e+00   0.0000e+00   2.7470e+02
20260308_06:00:00   3.9833e-01   9.6198e+01   3.7750e+01   0.0000e+00   0.0000e+00   2.7235e+02
20260308_09:00:00   3.8093e-01   9.2834e+01   3.6238e+01   0.0000e+00   0.0000e+00   2.7253e+02
20260308_12:00:00   3.8205e-01   9.3137e+01   3.5981e+01   0.0000e+00   0.0000e+00   2.7566e+02
20260308_15:00:00   3.8274e-01   9.3258e+01   3.6221e+01   9.0640e-06   0.0000e+00   2.7504e+02
20260308_18:00:00   3.8400e-01   9.3590e+01   3.6051e+01   0.0000e+00   0.0000e+00   2.7302e+02
20260308_21:00:00   3.7323e-01   9.1592e+01   3.4748e+01   0.0000e+00   0.0000e+00   2.7187e+02
20260309_00:00:00   3.6681e-01   9.0369e+01   3.3886e+01   0.0000e+00   0.0000e+00   2.7210e+02
20260309_03:00:00   3.7096e-01   9.1132e+01   3.4236e+01   0.0000e+00   0.0000e+00   2.7013e+02
20260309_06:00:00   3.6294e-01   8.9478e+01   3.3710e+01   2.9354e-06   0.0000e+00   2.6736e+02
20260309_09:00:00   3.7192e-01   9.1096e+01   3.4990e+01   2.0053e-07   0.0000e+00   2.6455e+02
20260309_12:00:00   3.7813e-01   9.2300e+01   3.5847e+01   0.0000e+00   0.0000e+00   2.6461e+02
20260309_15:00:00   3.8336e-01   9.3364e+01   3.6392e+01   0.0000e+00   0.0000e+00   2.6571e+02
20260309_18:00:00   3.8435e-01   9.3491e+01   3.6992e+01   0.0000e+00   0.0000e+00   2.6596e+02
20260309_21:00:00   3.9039e-01   9.4667e+01   3.7615e+01   0.0000e+00   2.3880e-04   2.6675e+02
20260310_00:00:00   3.8605e-01   9.3850e+01   3.7137e+01   6.7380e-05   1.0610e-06   2.6852e+02
20260310_03:00:00   3.9782e-01   9.6013e+01   3.8519e+01   7.4870e-06   0.0000e+00   2.6992e+02
20260310_06:00:00   4.0738e-01   9.7705e+01   3.9595e+01   0.0000e+00   0.0000e+00   2.6981e+02
20260310_09:00:00   4.0378e-01   9.6960e+01   3.9392e+01   7.5090e-06   1.0610e-06   2.6921e+02
20260310_12:00:00   4.0529e-01   9.7241e+01   3.9724e+01   1.1634e-05   9.1636e-06   2.7042e+02
20260310_15:00:00   4.1553e-01   9.9278e+01   4.0776e+01   2.4280e-04   0.0000e+00   2.7139e+02
20260310_18:00:00   4.2047e-01   1.0024e+02   4.1389e+01   0.0000e+00   0.0000e+00   2.6951e+02
20260310_21:00:00   4.0890e-01   9.8171e+01   4.0141e+01   0.0000e+00   0.0000e+00   2.7060e+02
20260311_00:00:00   4.1341e-01   9.9104e+01   4.0163e+01   0.0000e+00   0.0000e+00   2.7035e+02
20260311_03:00:00   4.2168e-01   1.0054e+02   4.1282e+01   0.0000e+00   0.0000e+00   2.6996e+02
20260311_06:00:00   4.2554e-01   1.0116e+02   4.1714e+01   0.0000e+00   0.0000e+00   2.6788e+02
20260311_09:00:00   4.3337e-01   1.0253e+02   4.2742e+01   2.4795e-04   7.4840e-07   2.6509e+02
20260311_12:00:00   4.4319e-01   1.0427e+02   4.3867e+01   1.0401e-04   4.4907e-05   2.6440e+02
20260311_15:00:00   4.6081e-01   1.0754e+02   4.5521e+01   0.0000e+00   2.1280e-07   2.6587e+02
20260311_18:00:00   4.6553e-01   1.0849e+02   4.5727e+01   4.5170e-04   1.4148e-07   2.6765e+02
20260311_21:00:00   4.5300e-01   1.0634e+02   4.4656e+01   0.0000e+00   0.0000e+00   2.6794e+02
20260312_00:00:00   4.6201e-01   1.0794e+02   4.5338e+01   1.9812e-04   0.0000e+00   2.6771e+02
20260312_03:00:00   4.6060e-01   1.0757e+02   4.5588e+01   0.0000e+00   0.0000e+00   2.6861e+02
20260312_06:00:00   4.5941e-01   1.0726e+02   4.5645e+01   6.1010e-06   0.0000e+00   2.6703e+02
20260312_09:00:00   4.6316e-01   1.0794e+02   4.5964e+01   3.1079e-04   1.8776e-05   2.6703e+02
20260312_12:00:00   4.7611e-01   1.1022e+02   4.7146e+01   1.5692e-03   2.9252e-05   2.6918e+02
20260312_15:00:00   4.6321e-01   1.0814e+02   4.6034e+01   9.1080e-04   7.9440e-06   2.6984e+02
20260312_18:00:00   4.3940e-01   1.0378e+02   4.4258e+01   0.0000e+00   0.0000e+00   2.6822e+02
20260312_21:00:00   4.3792e-01   1.0361e+02   4.3774e+01   3.3440e-04   0.0000e+00   2.6705e+02
20260313_00:00:00   4.5290e-01   1.0651e+02   4.4498e+01   2.6206e-05   8.9180e-05   2.6876e+02
