#            date       tau255        Tb[K]      pwv[mm] lwp[kg*m^-2] iwp[kg*m^-2]       o3[DU]
20260520_00:00:00   8.6563e-02   2.5057e+01   6.3692e+00   7.2880e-07   3.0134e-04   3.6794e+02
20260520_01:00:00   8.5333e-02   2.4755e+01   6.2096e+00   0.0000e+00   1.6741e-04   3.6816e+02
20260520_02:00:00   8.4615e-02   2.4588e+01   6.0954e+00   0.0000e+00   5.3701e-06   3.6918e+02
20260520_03:00:00   8.5390e-02   2.4775e+01   6.1987e+00   0.0000e+00   0.0000e+00   3.6877e+02
20260520_04:00:00   8.5123e-02   2.4698e+01   6.1404e+00   0.0000e+00   0.0000e+00   3.6764e+02
20260520_05:00:00   8.4506e-02   2.4526e+01   6.0392e+00   0.0000e+00   0.0000e+00   3.6412e+02
20260520_06:00:00   8.4209e-02   2.4436e+01   5.9851e+00   0.0000e+00   0.0000e+00   3.6272e+02
20260520_07:00:00   8.4553e-02   2.4513e+01   6.0164e+00   0.0000e+00   0.0000e+00   3.6030e+02
20260520_08:00:00   8.5078e-02   2.4631e+01   6.1036e+00   0.0000e+00   0.0000e+00   3.5711e+02
20260520_09:00:00   8.5266e-02   2.4663e+01   6.1388e+00   0.0000e+00   0.0000e+00   3.5649e+02
20260520_10:00:00   8.5455e-02   2.4693e+01   6.1507e+00   0.0000e+00   0.0000e+00   3.5867e+02
20260520_11:00:00   8.5395e-02   2.4664e+01   6.1459e+00   0.0000e+00   6.1020e-05   3.6043e+02
20260520_12:00:00   8.5440e-02   2.4664e+01   6.1514e+00   0.0000e+00   6.8590e-06   3.6196e+02
20260520_13:00:00   8.5595e-02   2.4695e+01   6.1678e+00   0.0000e+00   1.5582e-06   3.6002e+02
20260520_14:00:00   8.6535e-02   2.4940e+01   6.3147e+00   0.0000e+00   0.0000e+00   3.5725e+02
20260520_15:00:00   8.6646e-02   2.4991e+01   6.3878e+00   0.0000e+00   0.0000e+00   3.5732e+02
20260520_16:00:00   8.6859e-02   2.5068e+01   6.4619e+00   0.0000e+00   0.0000e+00   3.5721e+02
20260520_17:00:00   8.6932e-02   2.5109e+01   6.5156e+00   0.0000e+00   1.0224e-06   3.5586e+02
20260520_18:00:00   8.7381e-02   2.5248e+01   6.6386e+00   0.0000e+00   2.5032e-05   3.5410e+02
20260520_19:00:00   8.7920e-02   2.5408e+01   6.7988e+00   0.0000e+00   3.6308e-04   3.5218e+02
20260520_20:00:00   8.8879e-02   2.5672e+01   7.0459e+00   0.0000e+00   1.8573e-03   3.5159e+02
20260520_21:00:00   9.1168e-02   2.6250e+01   7.5183e+00   0.0000e+00   5.4671e-03   3.5109e+02
20260520_22:00:00   9.4821e-02   2.7161e+01   8.1949e+00   0.0000e+00   1.2883e-02   3.5273e+02
20260520_23:00:00   9.8684e-02   2.8122e+01   8.8837e+00   2.0440e-05   2.1212e-02   3.5483e+02
20260521_00:00:00   1.0240e-01   2.9045e+01   9.5125e+00   3.8060e-06   2.2618e-02   3.5556e+02
20260521_01:00:00   1.0461e-01   2.9604e+01   9.8796e+00   2.0440e-06   2.1220e-02   3.5684e+02
20260521_02:00:00   1.0528e-01   2.9801e+01   9.9961e+00   0.0000e+00   2.4533e-02   3.5856e+02
20260521_03:00:00   1.0526e-01   2.9809e+01   1.0004e+01   0.0000e+00   7.9416e-03   3.5767e+02
20260521_04:00:00   1.0451e-01   2.9611e+01   9.8409e+00   0.0000e+00   1.0282e-04   3.5855e+02
20260521_05:00:00   1.0325e-01   2.9290e+01   9.5794e+00   0.0000e+00   0.0000e+00   3.6227e+02
20260521_06:00:00   1.0183e-01   2.8981e+01   9.2069e+00   0.0000e+00   0.0000e+00   3.6492e+02
20260521_07:00:00   9.9859e-02   2.8543e+01   8.7951e+00   0.0000e+00   2.5040e-05   3.6460e+02
20260521_08:00:00   9.8952e-02   2.8349e+01   8.5786e+00   0.0000e+00   5.7977e-05   3.6201e+02
20260521_09:00:00   9.8631e-02   2.8306e+01   8.4540e+00   0.0000e+00   5.4361e-04   3.5923e+02
20260521_10:00:00   9.9750e-02   2.8608e+01   8.5604e+00   0.0000e+00   3.3183e-04   3.5778e+02
20260521_11:00:00   1.0287e-01   2.9395e+01   8.9611e+00   0.0000e+00   2.2886e-04   3.5548e+02
20260521_12:00:00   1.0525e-01   2.9994e+01   9.2674e+00   0.0000e+00   2.1238e-03   3.5595e+02
20260521_13:00:00   1.0583e-01   3.0152e+01   9.3240e+00   0.0000e+00   3.8063e-03   3.5678e+02
20260521_14:00:00   1.0633e-01   3.0284e+01   9.4020e+00   0.0000e+00   3.6134e-03   3.5655e+02
20260521_15:00:00   1.0670e-01   3.0377e+01   9.5445e+00   0.0000e+00   3.4453e-03   3.5589e+02
20260521_16:00:00   1.0437e-01   2.9809e+01   9.3151e+00   0.0000e+00   1.9789e-03   3.5663e+02
20260521_17:00:00   1.0265e-01   2.9408e+01   9.1582e+00   0.0000e+00   3.1235e-04   3.5767e+02
20260521_18:00:00   1.0233e-01   2.9331e+01   9.2523e+00   0.0000e+00   1.6852e-05   3.5585e+02
20260521_19:00:00   1.0286e-01   2.9471e+01   9.4769e+00   0.0000e+00   0.0000e+00   3.5464e+02
20260521_20:00:00   1.0520e-01   3.0062e+01   9.9806e+00   3.2400e-07   2.1436e-05   3.5275e+02
20260521_21:00:00   1.0933e-01   3.1085e+01   1.0768e+01   3.3366e-05   1.3498e-03   3.4955e+02
20260521_22:00:00   1.1647e-01   3.2821e+01   1.2017e+01   1.2359e-04   5.3090e-03   3.4743e+02
20260521_23:00:00   1.2360e-01   3.4583e+01   1.3176e+01   1.2272e-04   4.6033e-03   3.4662e+02
20260522_00:00:00   1.3040e-01   3.6293e+01   1.4222e+01   1.8819e-05   3.9204e-03   3.4683e+02
20260522_01:00:00   1.4197e-01   3.9190e+01   1.5804e+01   0.0000e+00   2.2814e-02   3.4660e+02
20260522_02:00:00   1.6863e-01   4.5549e+01   1.8915e+01   0.0000e+00   2.5233e-02   3.4683e+02
20260522_03:00:00   1.7544e-01   4.7139e+01   1.9503e+01   7.1580e-06   5.4810e-03   3.4641e+02
20260522_04:00:00   1.8353e-01   4.8968e+01   2.0161e+01   0.0000e+00   5.2636e-03   3.4560e+02
20260522_05:00:00   1.7538e-01   4.7113e+01   1.9181e+01   0.0000e+00   7.8382e-04   3.4574e+02
20260522_06:00:00   1.6893e-01   4.5612e+01   1.8419e+01   0.0000e+00   3.5432e-04   3.4588e+02
20260522_07:00:00   1.6909e-01   4.5624e+01   1.8443e+01   0.0000e+00   3.3515e-04   3.4538e+02
20260522_08:00:00   1.7195e-01   4.6266e+01   1.8826e+01   0.0000e+00   2.6178e-05   3.4353e+02
20260522_09:00:00   1.7255e-01   4.6377e+01   1.8900e+01   0.0000e+00   2.6024e-05   3.4628e+02
20260522_10:00:00   1.7298e-01   4.6451e+01   1.8882e+01   0.0000e+00   0.0000e+00   3.4898e+02
20260522_11:00:00   1.7241e-01   4.6307e+01   1.8725e+01   0.0000e+00   1.8568e-05   3.5289e+02
20260522_12:00:00   1.7335e-01   4.6479e+01   1.8768e+01   0.0000e+00   1.2149e-04   3.5961e+02
20260522_13:00:00   1.7378e-01   4.6545e+01   1.8772e+01   0.0000e+00   3.5102e-04   3.6471e+02
20260522_14:00:00   1.7492e-01   4.6844e+01   1.8824e+01   0.0000e+00   1.8762e-04   3.6832e+02
20260522_15:00:00   1.7420e-01   4.6752e+01   1.8730e+01   0.0000e+00   7.1544e-05   3.6203e+02
20260522_16:00:00   1.7226e-01   4.6377e+01   1.8498e+01   0.0000e+00   2.4440e-06   3.5734e+02
20260522_17:00:00   1.6766e-01   4.5385e+01   1.7970e+01   0.0000e+00   2.4540e-06   3.5549e+02
20260522_18:00:00   1.6352e-01   4.4431e+01   1.7557e+01   3.9531e-04   2.9653e-04   3.5432e+02
20260522_19:00:00   1.6024e-01   4.3614e+01   1.7240e+01   2.0083e-03   6.5828e-03   3.5087e+02
20260522_20:00:00   1.5783e-01   4.3049e+01   1.7230e+01   1.2574e-03   1.2509e-02   3.5017e+02
20260522_21:00:00   1.7724e-01   4.7339e+01   1.7830e+01   1.9932e-02   4.3569e-02   3.4742e+02
20260522_22:00:00   2.5450e-01   6.3826e+01   1.9636e+01   9.1341e-02   3.1932e-01   3.4649e+02
20260522_23:00:00   2.6621e-01   6.6216e+01   2.0925e+01   9.1095e-02   5.3043e-01   3.4635e+02
20260523_00:00:00   1.8754e-01   4.9942e+01   2.0698e+01   2.4524e-03   9.2244e-02   3.4665e+02
20260523_01:00:00   1.8886e-01   5.0277e+01   2.0920e+01   4.5184e-04   2.8812e-02   3.4790e+02
20260523_02:00:00   1.8671e-01   4.9789e+01   2.0725e+01   0.0000e+00   3.0333e-02   3.4929e+02
20260523_03:00:00   1.8076e-01   4.8433e+01   2.0049e+01   3.6800e-05   2.0695e-03   3.4918e+02
20260523_04:00:00   1.7773e-01   4.7702e+01   1.9658e+01   1.0020e-04   1.0918e-02   3.4733e+02
20260523_05:00:00   1.7529e-01   4.7106e+01   1.9353e+01   0.0000e+00   1.2526e-02   3.4592e+02
20260523_06:00:00   1.7538e-01   4.7131e+01   1.9276e+01   0.0000e+00   1.1460e-04   3.4483e+02
20260523_07:00:00   1.7112e-01   4.6149e+01   1.8687e+01   0.0000e+00   2.4540e-06   3.4356e+02
20260523_08:00:00   1.6720e-01   4.5224e+01   1.8115e+01   0.0000e+00   8.1800e-07   3.4341e+02
20260523_09:00:00   1.6172e-01   4.3939e+01   1.7321e+01   0.0000e+00   0.0000e+00   3.4373e+02
20260523_10:00:00   1.5816e-01   4.3108e+01   1.6733e+01   0.0000e+00   0.0000e+00   3.4283e+02
20260523_11:00:00   1.5434e-01   4.2234e+01   1.6042e+01   0.0000e+00   0.0000e+00   3.4048e+02
20260523_12:00:00   1.5110e-01   4.1461e+01   1.5500e+01   0.0000e+00   0.0000e+00   3.3921e+02
20260523_13:00:00   1.4989e-01   4.1150e+01   1.5303e+01   0.0000e+00   0.0000e+00   3.4015e+02
20260523_14:00:00   1.4939e-01   4.1037e+01   1.5206e+01   0.0000e+00   0.0000e+00   3.4156e+02
20260523_15:00:00   1.4928e-01   4.1064e+01   1.5214e+01   0.0000e+00   0.0000e+00   3.4189e+02
20260523_16:00:00   1.4944e-01   4.1196e+01   1.5260e+01   0.0000e+00   0.0000e+00   3.4181e+02
20260523_17:00:00   1.4664e-01   4.0604e+01   1.4999e+01   0.0000e+00   0.0000e+00   3.3961e+02
20260523_18:00:00   1.4092e-01   3.9189e+01   1.4530e+01   0.0000e+00   1.0770e-05   3.3923e+02
20260523_19:00:00   1.3582e-01   3.7907e+01   1.4120e+01   8.6827e-05   2.0261e-04   3.3902e+02
20260523_20:00:00   1.3768e-01   3.8317e+01   1.4489e+01   1.0258e-03   7.2249e-03   3.3901e+02
20260523_21:00:00   1.4854e-01   4.0816e+01   1.5521e+01   6.3143e-03   2.6501e-02   3.3883e+02
20260523_22:00:00   1.6086e-01   4.3566e+01   1.5971e+01   1.7468e-02   6.9815e-02   3.3892e+02
20260523_23:00:00   1.5350e-01   4.1935e+01   1.6378e+01   6.6897e-03   1.0992e-01   3.4011e+02
20260524_00:00:00   1.5111e-01   4.1490e+01   1.6880e+01   1.0608e-04   3.0813e-02   3.4223e+02
20260524_01:00:00   1.5179e-01   4.1715e+01   1.6909e+01   1.5350e-05   9.0759e-03   3.4465e+02
20260524_02:00:00   1.5230e-01   4.1869e+01   1.6736e+01   8.7235e-04   1.1835e-02   3.4520e+02
20260524_03:00:00   1.5325e-01   4.2123e+01   1.6864e+01   0.0000e+00   4.6779e-03   3.4608e+02
20260524_04:00:00   1.5485e-01   4.2462e+01   1.7009e+01   0.0000e+00   2.4498e-04   3.4841e+02
20260524_05:00:00   1.5465e-01   4.2348e+01   1.6981e+01   0.0000e+00   2.0220e-05   3.4785e+02
20260524_06:00:00   1.5418e-01   4.2164e+01   1.6858e+01   0.0000e+00   3.3701e-05   3.4846e+02
20260524_07:00:00   1.4729e-01   4.0560e+01   1.5716e+01   0.0000e+00   4.4140e-06   3.4931e+02
20260524_08:00:00   1.4082e-01   3.9039e+01   1.4692e+01   0.0000e+00   1.4644e-04   3.4972e+02
20260524_09:00:00   1.3809e-01   3.8368e+01   1.4204e+01   0.0000e+00   2.9700e-04   3.4828e+02
20260524_10:00:00   1.3731e-01   3.8151e+01   1.3971e+01   0.0000e+00   2.0520e-04   3.4762e+02
20260524_11:00:00   1.3532e-01   3.7661e+01   1.3603e+01   0.0000e+00   6.4180e-05   3.4760e+02
20260524_12:00:00   1.3355e-01   3.7229e+01   1.3267e+01   0.0000e+00   2.3060e-05   3.4844e+02
20260524_13:00:00   1.3321e-01   3.7134e+01   1.3136e+01   0.0000e+00   9.9980e-05   3.4955e+02
20260524_14:00:00   1.3450e-01   3.7435e+01   1.3256e+01   0.0000e+00   2.4780e-04   3.4963e+02
20260524_15:00:00   1.3537e-01   3.7677e+01   1.3376e+01   0.0000e+00   4.8500e-05   3.5006e+02
20260524_16:00:00   1.3556e-01   3.7778e+01   1.3435e+01   0.0000e+00   2.0700e-04   3.5081e+02
20260524_17:00:00   1.3362e-01   3.7366e+01   1.3238e+01   0.0000e+00   2.1580e-04   3.5101e+02
20260524_18:00:00   1.2918e-01   3.6289e+01   1.2784e+01   0.0000e+00   3.0131e-04   3.5213e+02
20260524_19:00:00   1.2277e-01   3.4707e+01   1.2078e+01   1.8485e-05   1.8054e-04   3.5410e+02
20260524_20:00:00   1.2037e-01   3.4091e+01   1.1895e+01   2.1558e-04   2.4241e-03   3.5585e+02
20260524_21:00:00   1.2199e-01   3.4461e+01   1.2275e+01   5.8388e-04   8.1672e-03   3.5782e+02
20260524_22:00:00   1.2911e-01   3.6153e+01   1.3280e+01   1.9850e-03   2.2784e-02   3.5961e+02
20260524_23:00:00   1.3843e-01   3.8382e+01   1.4516e+01   3.2088e-03   3.3329e-02   3.6021e+02
20260525_00:00:00   1.4684e-01   4.0556e+01   1.5948e+01   8.1907e-05   4.1823e-02   3.5972e+02
20260525_03:00:00   1.6165e-01   4.4205e+01   1.7200e+01   0.0000e+00   3.7116e-04   3.6044e+02
20260525_06:00:00   1.4851e-01   4.1074e+01   1.5227e+01   0.0000e+00   1.5902e-03   3.6002e+02
20260525_09:00:00   1.3994e-01   3.8964e+01   1.3988e+01   0.0000e+00   1.3019e-04   3.6394e+02
20260525_12:00:00   1.3213e-01   3.6994e+01   1.2872e+01   0.0000e+00   3.1940e-04   3.6323e+02
20260525_15:00:00   1.2995e-01   3.6438e+01   1.2697e+01   0.0000e+00   4.2520e-06   3.6506e+02
20260525_18:00:00   1.1589e-01   3.2891e+01   1.1261e+01   0.0000e+00   0.0000e+00   3.6650e+02
20260525_21:00:00   1.1097e-01   3.1686e+01   1.0918e+01   1.0781e-04   2.1988e-03   3.6741e+02
20260526_00:00:00   1.2570e-01   3.5404e+01   1.3211e+01   1.0770e-05   1.0587e-03   3.6585e+02
20260526_03:00:00   1.5067e-01   4.1599e+01   1.6009e+01   0.0000e+00   3.9407e-04   3.5743e+02
20260526_06:00:00   1.4811e-01   4.0937e+01   1.5504e+01   0.0000e+00   2.3642e-03   3.5767e+02
20260526_09:00:00   1.4103e-01   3.9156e+01   1.4432e+01   0.0000e+00   4.5624e-03   3.6373e+02
20260526_12:00:00   1.3516e-01   3.7640e+01   1.3482e+01   0.0000e+00   0.0000e+00   3.5528e+02
20260526_15:00:00   1.1800e-01   3.3445e+01   1.1082e+01   0.0000e+00   6.6360e-05   3.5511e+02
20260526_18:00:00   9.6406e-02   2.8080e+01   8.5228e+00   0.0000e+00   3.7730e-04   3.6034e+02
20260526_21:00:00   9.9677e-02   2.8984e+01   9.5260e+00   0.0000e+00   2.5891e-04   3.6321e+02
20260527_00:00:00   9.2935e-02   2.7348e+01   8.3599e+00   0.0000e+00   0.0000e+00   3.6507e+02
20260527_03:00:00   9.8133e-02   2.8619e+01   8.7973e+00   0.0000e+00   0.0000e+00   3.6752e+02
20260527_06:00:00   1.0226e-01   2.9491e+01   9.2210e+00   0.0000e+00   0.0000e+00   3.7108e+02
20260527_09:00:00   9.6250e-02   2.7809e+01   8.1282e+00   0.0000e+00   0.0000e+00   3.7688e+02
20260527_12:00:00   9.1515e-02   2.6470e+01   7.1890e+00   0.0000e+00   0.0000e+00   3.6864e+02
20260527_15:00:00   9.1471e-02   2.6463e+01   6.9776e+00   0.0000e+00   0.0000e+00   3.6998e+02
20260527_18:00:00   9.1454e-02   2.6548e+01   7.2196e+00   0.0000e+00   0.0000e+00   3.7116e+02
20260527_21:00:00   9.4718e-02   2.7487e+01   8.2341e+00   0.0000e+00   0.0000e+00   3.6340e+02
20260528_00:00:00   1.0673e-01   3.0548e+01   1.0493e+01   0.0000e+00   0.0000e+00   3.5768e+02
20260528_03:00:00   1.1172e-01   3.1695e+01   1.1195e+01   0.0000e+00   0.0000e+00   3.5635e+02
20260528_06:00:00   1.0418e-01   2.9744e+01   9.8845e+00   0.0000e+00   0.0000e+00   3.5756e+02
20260528_09:00:00   9.8136e-02   2.8216e+01   8.6442e+00   0.0000e+00   0.0000e+00   3.5070e+02
20260528_12:00:00   1.0071e-01   2.8825e+01   8.8870e+00   0.0000e+00   0.0000e+00   3.4747e+02
20260528_15:00:00   1.0059e-01   2.8868e+01   8.8442e+00   0.0000e+00   0.0000e+00   3.4191e+02
20260528_18:00:00   9.8800e-02   2.8610e+01   8.6524e+00   0.0000e+00   0.0000e+00   3.3752e+02
20260528_21:00:00   9.8926e-02   2.8822e+01   9.0130e+00   0.0000e+00   0.0000e+00   3.3090e+02
20260529_00:00:00   1.0368e-01   3.0139e+01   9.9570e+00   0.0000e+00   0.0000e+00   3.2597e+02
20260529_03:00:00   1.0664e-01   3.0922e+01   1.0381e+01   0.0000e+00   0.0000e+00   3.2373e+02
20260529_06:00:00   1.0038e-01   2.9190e+01   9.3905e+00   0.0000e+00   0.0000e+00   3.2581e+02
20260529_09:00:00   1.0334e-01   2.9883e+01   9.7097e+00   0.0000e+00   0.0000e+00   3.2386e+02
20260529_12:00:00   1.0831e-01   3.1066e+01   1.0390e+01   0.0000e+00   0.0000e+00   3.2895e+02
20260529_15:00:00   1.0813e-01   3.1050e+01   1.0291e+01   0.0000e+00   0.0000e+00   3.4190e+02
20260529_18:00:00   1.0763e-01   3.1030e+01   1.0356e+01   0.0000e+00   0.0000e+00   3.4143e+02
20260529_21:00:00   1.1134e-01   3.2023e+01   1.1276e+01   1.8404e-05   2.8625e-05   3.2605e+02
20260530_00:00:00   1.2147e-01   3.4525e+01   1.3050e+01   3.0555e-04   2.2282e-03   3.2027e+02
20260530_03:00:00   1.2651e-01   3.5788e+01   1.3706e+01   0.0000e+00   1.4359e-04   3.1801e+02
20260530_06:00:00   1.2473e-01   3.5300e+01   1.3259e+01   0.0000e+00   9.2864e-03   3.1494e+02
20260530_09:00:00   1.1498e-01   3.2827e+01   1.1690e+01   0.0000e+00   1.1929e-02   3.1078e+02
20260530_12:00:00   1.1686e-01   3.3188e+01   1.1946e+01   0.0000e+00   6.2266e-03   3.1158e+02
20260530_15:00:00   1.1519e-01   3.2773e+01   1.1630e+01   0.0000e+00   1.3134e-02   3.1329e+02
20260530_18:00:00   1.1771e-01   3.3432e+01   1.2176e+01   0.0000e+00   2.7503e-04   3.1257e+02
20260530_21:00:00   1.3148e-01   3.6808e+01   1.4542e+01   3.1065e-04   1.2081e-02   3.1050e+02
20260531_00:00:00   1.8989e-01   5.0302e+01   1.9066e+01   2.7840e-02   1.5601e-01   3.1424e+02
20260531_03:00:00   1.8456e-01   4.9473e+01   2.0462e+01   0.0000e+00   3.2080e-03   3.2183e+02
20260531_06:00:00   1.8094e-01   4.8506e+01   1.9600e+01   0.0000e+00   6.2532e-04   3.3678e+02
20260531_09:00:00   1.7452e-01   4.6976e+01   1.8467e+01   6.9650e-06   1.3650e-03   3.4478e+02
20260531_12:00:00   1.7968e-01   4.7929e+01   1.9349e+01   0.0000e+00   3.3118e-02   3.5485e+02
20260531_15:00:00   1.9117e-01   5.0596e+01   2.0619e+01   0.0000e+00   4.1619e-02   3.5518e+02
20260531_18:00:00   1.7590e-01   4.7387e+01   1.9202e+01   0.0000e+00   3.6604e-06   3.4926e+02
20260531_21:00:00   1.5507e-01   4.2618e+01   1.7023e+01   1.6608e-03   4.4797e-03   3.2956e+02
20260601_00:00:00   1.4943e-01   4.1318e+01   1.6752e+01   1.3501e-03   3.7699e-03   3.2301e+02
20260601_03:00:00   1.6183e-01   4.4347e+01   1.8465e+01   0.0000e+00   5.5780e-03   3.2065e+02
20260601_06:00:00   1.7585e-01   4.7728e+01   1.9715e+01   0.0000e+00   1.2473e-03   3.2228e+02
20260601_09:00:00   1.6027e-01   4.3991e+01   1.7585e+01   0.0000e+00   0.0000e+00   3.2512e+02
20260601_12:00:00   1.5460e-01   4.2589e+01   1.6726e+01   0.0000e+00   0.0000e+00   3.2286e+02
20260601_15:00:00   1.5313e-01   4.2223e+01   1.6527e+01   0.0000e+00   0.0000e+00   3.2651e+02
20260601_18:00:00   1.4471e-01   4.0256e+01   1.5668e+01   0.0000e+00   0.0000e+00   3.2582e+02
20260601_21:00:00   1.3517e-01   3.7920e+01   1.4852e+01   5.1380e-05   3.4162e-04   3.2459e+02
20260602_00:00:00   1.2119e-01   3.4525e+01   1.3012e+01   2.6725e-06   4.6313e-04   3.2619e+02
20260602_03:00:00   1.1524e-01   3.3068e+01   1.2034e+01   0.0000e+00   4.0500e-07   3.2908e+02
20260602_06:00:00   1.5463e-01   4.2708e+01   1.7177e+01   0.0000e+00   4.5754e-02   3.2760e+02
20260602_09:00:00   1.6544e-01   4.5372e+01   1.8159e+01   0.0000e+00   0.0000e+00   3.2694e+02
20260602_12:00:00   1.6665e-01   4.5662e+01   1.8082e+01   0.0000e+00   0.0000e+00   3.2593e+02
20260602_15:00:00   1.6024e-01   4.4158e+01   1.7323e+01   0.0000e+00   0.0000e+00   3.2780e+02
20260602_18:00:00   1.4814e-01   4.1273e+01   1.6154e+01   0.0000e+00   2.1542e-06   3.2815e+02
20260602_21:00:00   1.3522e-01   3.7976e+01   1.5079e+01   2.6020e-04   2.5486e-03   3.2917e+02
20260603_00:00:00   1.2056e-01   3.4438e+01   1.3050e+01   6.9520e-05   3.5427e-04   3.3162e+02
20260603_03:00:00   1.1921e-01   3.4161e+01   1.2788e+01   0.0000e+00   5.2417e-04   3.2771e+02
20260603_06:00:00   1.7247e-01   4.7274e+01   1.9207e+01   0.0000e+00   0.0000e+00   3.2853e+02
20260603_09:00:00   1.6859e-01   4.6265e+01   1.8461e+01   0.0000e+00   0.0000e+00   3.2475e+02
20260603_12:00:00   1.5977e-01   4.4120e+01   1.7156e+01   0.0000e+00   0.0000e+00   3.2745e+02
20260603_15:00:00   1.5631e-01   4.3288e+01   1.6849e+01   0.0000e+00   0.0000e+00   3.2912e+02
20260603_18:00:00   1.4187e-01   3.9881e+01   1.5409e+01   8.1800e-06   2.0678e-05   3.3169e+02
20260603_21:00:00   1.3408e-01   3.7713e+01   1.5024e+01   9.6270e-04   8.8787e-03   3.3399e+02
20260604_00:00:00   1.3450e-01   3.7741e+01   1.5624e+01   1.1902e-04   3.7910e-02   3.3411e+02
20260604_03:00:00   1.7767e-01   4.8241e+01   2.0875e+01   0.0000e+00   2.0800e-02   3.3243e+02
20260604_06:00:00   1.6611e-01   4.5502e+01   1.9167e+01   0.0000e+00   1.2010e-03   3.3568e+02
20260604_09:00:00   1.6072e-01   4.4271e+01   1.7960e+01   0.0000e+00   8.4260e-06   3.3556e+02
20260604_12:00:00   1.5518e-01   4.2956e+01   1.6928e+01   0.0000e+00   0.0000e+00   3.3574e+02
20260604_15:00:00   1.5341e-01   4.2583e+01   1.6657e+01   0.0000e+00   1.4274e-06   3.3764e+02
20260604_18:00:00   1.4880e-01   4.1473e+01   1.6460e+01   5.7262e-05   6.5269e-05   3.3572e+02
20260604_21:00:00   1.4444e-01   4.0211e+01   1.6545e+01   1.3010e-03   6.4141e-03   3.3389e+02
20260605_00:00:00   1.6372e-01   4.4737e+01   1.8426e+01   9.6700e-03   1.0995e-01   3.3333e+02
