#            date       tau255        Tb[K]      pwv[mm] lwp[kg*m^-2] iwp[kg*m^-2]       o3[DU]
20260220_00:00:00   1.0821e-01   2.9254e+01   7.5607e+00   1.6196e-06   2.2949e-01   4.2148e+02
20260220_01:00:00   9.3634e-02   2.5794e+01   5.7876e+00   0.0000e+00   8.9599e-03   4.1661e+02
20260220_02:00:00   8.8152e-02   2.4352e+01   5.0230e+00   0.0000e+00   1.9960e-02   4.1679e+02
20260220_03:00:00   8.7545e-02   2.4173e+01   4.8845e+00   0.0000e+00   4.2884e-03   4.2059e+02
20260220_04:00:00   8.3299e-02   2.3156e+01   4.2955e+00   0.0000e+00   2.6681e-04   4.2081e+02
20260220_05:00:00   8.1674e-02   2.2757e+01   4.1077e+00   0.0000e+00   1.0605e-04   4.2139e+02
20260220_06:00:00   8.0801e-02   2.2541e+01   3.9770e+00   0.0000e+00   7.9311e-05   4.1066e+02
20260220_07:00:00   7.9967e-02   2.2344e+01   3.8571e+00   0.0000e+00   1.7646e-05   3.9948e+02
20260220_08:00:00   7.9363e-02   2.2205e+01   3.7641e+00   0.0000e+00   2.0080e-06   3.9752e+02
20260220_09:00:00   7.8294e-02   2.1966e+01   3.5997e+00   2.4300e-07   7.7740e-07   3.9708e+02
20260220_10:00:00   7.7329e-02   2.1755e+01   3.4562e+00   2.1060e-06   7.2060e-07   3.9604e+02
20260220_11:00:00   7.6820e-02   2.1642e+01   3.3685e+00   0.0000e+00   6.4780e-08   3.9897e+02
20260220_12:00:00   7.6083e-02   2.1478e+01   3.2621e+00   0.0000e+00   0.0000e+00   3.9279e+02
20260220_13:00:00   7.4897e-02   2.1209e+01   3.0999e+00   0.0000e+00   0.0000e+00   3.8251e+02
20260220_14:00:00   7.3840e-02   2.0961e+01   2.9538e+00   0.0000e+00   1.6196e-07   3.7655e+02
20260220_15:00:00   7.2931e-02   2.0752e+01   2.8321e+00   0.0000e+00   7.3745e-05   3.7430e+02
20260220_16:00:00   7.3840e-02   2.1013e+01   2.9807e+00   0.0000e+00   1.3622e-03   3.7311e+02
20260220_17:00:00   7.4717e-02   2.1262e+01   3.1171e+00   0.0000e+00   2.4364e-03   3.7128e+02
20260220_18:00:00   7.6067e-02   2.1625e+01   3.3060e+00   0.0000e+00   1.0933e-03   3.6859e+02
20260220_19:00:00   7.7997e-02   2.2127e+01   3.5639e+00   0.0000e+00   8.0933e-04   3.6904e+02
20260220_20:00:00   8.0078e-02   2.2661e+01   3.8531e+00   0.0000e+00   2.5616e-03   3.6983e+02
20260220_21:00:00   8.1825e-02   2.3110e+01   4.1167e+00   0.0000e+00   5.8681e-03   3.7040e+02
20260220_22:00:00   8.3587e-02   2.3553e+01   4.4070e+00   0.0000e+00   1.5381e-02   3.7107e+02
20260220_23:00:00   8.6033e-02   2.4152e+01   4.8235e+00   0.0000e+00   1.9233e-02   3.7063e+02
20260221_00:00:00   8.9053e-02   2.4876e+01   5.3109e+00   0.0000e+00   2.3417e-02   3.6992e+02
20260221_01:00:00   9.2997e-02   2.5801e+01   5.9018e+00   0.0000e+00   2.9405e-02   3.7242e+02
20260221_02:00:00   9.5747e-02   2.6418e+01   6.3343e+00   0.0000e+00   3.0563e-02   3.7288e+02
20260221_03:00:00   9.6671e-02   2.6615e+01   6.4970e+00   0.0000e+00   3.6176e-02   3.7219e+02
20260221_04:00:00   9.4588e-02   2.6111e+01   6.2352e+00   0.0000e+00   3.5357e-03   3.7375e+02
20260221_05:00:00   9.1995e-02   2.5477e+01   5.8759e+00   0.0000e+00   1.6578e-03   3.7426e+02
20260221_06:00:00   8.9207e-02   2.4817e+01   5.4718e+00   0.0000e+00   1.6360e-06   3.7781e+02
20260221_07:00:00   8.6924e-02   2.4287e+01   5.1432e+00   0.0000e+00   0.0000e+00   3.7207e+02
20260221_08:00:00   8.4462e-02   2.3734e+01   4.7820e+00   0.0000e+00   0.0000e+00   3.6665e+02
20260221_09:00:00   8.2924e-02   2.3382e+01   4.5656e+00   0.0000e+00   0.0000e+00   3.6220e+02
20260221_10:00:00   8.1688e-02   2.3103e+01   4.4089e+00   0.0000e+00   3.1200e-05   3.5427e+02
20260221_11:00:00   8.0609e-02   2.2853e+01   4.2797e+00   0.0000e+00   1.8061e-03   3.4673e+02
20260221_12:00:00   8.0206e-02   2.2772e+01   4.2573e+00   0.0000e+00   6.8523e-03   3.4147e+02
20260221_13:00:00   8.1547e-02   2.3109e+01   4.5053e+00   0.0000e+00   1.1142e-02   3.3393e+02
20260221_14:00:00   8.3203e-02   2.3520e+01   4.7551e+00   0.0000e+00   1.2680e-02   3.3030e+02
20260221_15:00:00   8.5834e-02   2.4153e+01   5.2316e+00   0.0000e+00   1.9315e-02   3.2699e+02
20260221_16:00:00   8.9093e-02   2.4973e+01   5.7833e+00   0.0000e+00   1.2059e-02   3.2363e+02
20260221_17:00:00   8.9377e-02   2.5108e+01   5.7793e+00   0.0000e+00   5.8889e-03   3.2312e+02
20260221_18:00:00   9.0746e-02   2.5481e+01   5.9635e+00   0.0000e+00   5.0274e-03   3.2040e+02
20260221_19:00:00   9.4501e-02   2.6417e+01   6.5388e+00   0.0000e+00   8.6295e-04   3.1882e+02
20260221_20:00:00   1.0011e-01   2.7796e+01   7.3713e+00   0.0000e+00   0.0000e+00   3.1889e+02
20260221_21:00:00   1.0756e-01   2.9605e+01   8.4937e+00   0.0000e+00   3.3700e-05   3.1766e+02
20260221_22:00:00   1.1242e-01   3.0800e+01   9.0320e+00   0.0000e+00   8.1800e-07   3.1953e+02
20260221_23:00:00   1.1602e-01   3.1659e+01   9.5393e+00   0.0000e+00   0.0000e+00   3.1823e+02
20260222_00:00:00   1.1666e-01   3.1837e+01   9.6198e+00   0.0000e+00   0.0000e+00   3.1882e+02
20260222_01:00:00   1.1556e-01   3.1572e+01   9.4936e+00   0.0000e+00   0.0000e+00   3.2136e+02
20260222_02:00:00   1.1136e-01   3.0544e+01   9.0224e+00   0.0000e+00   0.0000e+00   3.2153e+02
20260222_03:00:00   1.1008e-01   3.0200e+01   9.0190e+00   0.0000e+00   3.9204e-03   3.2547e+02
20260222_04:00:00   1.0973e-01   3.0100e+01   9.0646e+00   0.0000e+00   1.0353e-03   3.2249e+02
20260222_05:00:00   1.0953e-01   3.0051e+01   9.1458e+00   0.0000e+00   5.0849e-03   3.2137e+02
20260222_06:00:00   1.1087e-01   3.0356e+01   9.3830e+00   0.0000e+00   5.1376e-03   3.2241e+02
20260222_07:00:00   1.0986e-01   3.0121e+01   9.2056e+00   0.0000e+00   3.6759e-04   3.2215e+02
20260222_08:00:00   1.0812e-01   2.9724e+01   8.9807e+00   0.0000e+00   9.8034e-04   3.2067e+02
20260222_09:00:00   1.0676e-01   2.9439e+01   8.7067e+00   0.0000e+00   0.0000e+00   3.1832e+02
20260222_10:00:00   1.0326e-01   2.8652e+01   8.0672e+00   0.0000e+00   0.0000e+00   3.2031e+02
20260222_11:00:00   9.6873e-02   2.7161e+01   6.9498e+00   0.0000e+00   0.0000e+00   3.1966e+02
20260222_12:00:00   9.3279e-02   2.6300e+01   6.3484e+00   0.0000e+00   0.0000e+00   3.1859e+02
20260222_13:00:00   9.0982e-02   2.5740e+01   6.0423e+00   0.0000e+00   0.0000e+00   3.1985e+02
20260222_14:00:00   8.9072e-02   2.5275e+01   5.7405e+00   0.0000e+00   2.8460e-04   3.1976e+02
20260222_15:00:00   8.7660e-02   2.4929e+01   5.5362e+00   0.0000e+00   4.3160e-05   3.1925e+02
20260222_16:00:00   8.7857e-02   2.5025e+01   5.5363e+00   0.0000e+00   0.0000e+00   3.1908e+02
20260222_17:00:00   8.9534e-02   2.5508e+01   5.7433e+00   0.0000e+00   0.0000e+00   3.1773e+02
20260222_18:00:00   9.2446e-02   2.6287e+01   6.0916e+00   0.0000e+00   5.9040e-04   3.1592e+02
20260222_19:00:00   9.6332e-02   2.7296e+01   6.5593e+00   0.0000e+00   1.6627e-03   3.1341e+02
20260222_20:00:00   9.9522e-02   2.8108e+01   6.9638e+00   2.2760e-04   2.1364e-03   3.1167e+02
20260222_21:00:00   1.0208e-01   2.8771e+01   7.1767e+00   1.5420e-03   4.8933e-04   3.1115e+02
20260222_22:00:00   1.0418e-01   2.9320e+01   7.4801e+00   1.2374e-03   1.3704e-03   3.1138e+02
20260222_23:00:00   1.0505e-01   2.9559e+01   7.6824e+00   2.9377e-04   1.8350e-05   3.1299e+02
20260223_00:00:00   1.0477e-01   2.9497e+01   7.7538e+00   0.0000e+00   2.1477e-03   3.1308e+02
20260223_01:00:00   1.0110e-01   2.8597e+01   7.3003e+00   0.0000e+00   1.0794e-03   3.1218e+02
20260223_02:00:00   9.6921e-02   2.7522e+01   6.8730e+00   0.0000e+00   1.0804e-04   3.1089e+02
20260223_03:00:00   9.4070e-02   2.6791e+01   6.5659e+00   0.0000e+00   1.8580e-03   3.0969e+02
20260223_04:00:00   9.2245e-02   2.6321e+01   6.4001e+00   0.0000e+00   1.5562e-03   3.1004e+02
20260223_05:00:00   9.1119e-02   2.6030e+01   6.3290e+00   0.0000e+00   1.9257e-03   3.0965e+02
20260223_06:00:00   9.1883e-02   2.6177e+01   6.5921e+00   0.0000e+00   1.0076e-02   3.0699e+02
20260223_07:00:00   9.3648e-02   2.6573e+01   7.0193e+00   0.0000e+00   5.9443e-02   3.0555e+02
20260223_08:00:00   9.5277e-02   2.6957e+01   7.4086e+00   0.0000e+00   5.7973e-04   3.0557e+02
20260223_09:00:00   9.4009e-02   2.6651e+01   7.2289e+00   0.0000e+00   2.3220e-04   3.0666e+02
20260223_10:00:00   9.3768e-02   2.6585e+01   7.2098e+00   0.0000e+00   2.5500e-04   3.0698e+02
20260223_11:00:00   9.3673e-02   2.6545e+01   7.3264e+00   0.0000e+00   2.8104e-03   3.0760e+02
20260223_12:00:00   9.4109e-02   2.6656e+01   7.4355e+00   0.0000e+00   8.3063e-04   3.0788e+02
20260223_13:00:00   9.3780e-02   2.6576e+01   7.3538e+00   0.0000e+00   1.8356e-04   3.0877e+02
20260223_14:00:00   9.5102e-02   2.6877e+01   7.7189e+00   0.0000e+00   1.4483e-02   3.0852e+02
20260223_15:00:00   9.6939e-02   2.7334e+01   8.0928e+00   0.0000e+00   2.5242e-03   3.0693e+02
20260223_16:00:00   9.8151e-02   2.7674e+01   8.2899e+00   0.0000e+00   3.2609e-03   3.0836e+02
20260223_17:00:00   1.0052e-01   2.8321e+01   8.5855e+00   0.0000e+00   6.5516e-03   3.0800e+02
20260223_18:00:00   1.0443e-01   2.9343e+01   9.0005e+00   0.0000e+00   4.9780e-04   3.0520e+02
20260223_19:00:00   1.0826e-01   3.0336e+01   9.4280e+00   0.0000e+00   1.7702e-04   3.0491e+02
20260223_20:00:00   1.1279e-01   3.1477e+01   9.5589e+00   4.8140e-03   4.3958e-04   3.0123e+02
20260223_21:00:00   1.1044e-01   3.0901e+01   9.9251e+00   0.0000e+00   2.7158e-03   3.0135e+02
20260223_22:00:00   1.1513e-01   3.2043e+01   1.0822e+01   0.0000e+00   3.0833e-03   3.0252e+02
20260223_23:00:00   1.2108e-01   3.3487e+01   1.1768e+01   0.0000e+00   4.1924e-03   3.0379e+02
20260224_00:00:00   1.2490e-01   3.4392e+01   1.2433e+01   0.0000e+00   5.4270e-03   3.0621e+02
20260224_01:00:00   1.2611e-01   3.4672e+01   1.2685e+01   0.0000e+00   6.1084e-03   3.0754e+02
20260224_02:00:00   1.2865e-01   3.5224e+01   1.3211e+01   0.0000e+00   7.0785e-03   3.0725e+02
20260224_03:00:00   1.3290e-01   3.6197e+01   1.3880e+01   0.0000e+00   9.5037e-03   3.0475e+02
20260224_04:00:00   1.3883e-01   3.7579e+01   1.4797e+01   0.0000e+00   2.8352e-02   3.0061e+02
20260224_05:00:00   1.4533e-01   3.9082e+01   1.5691e+01   0.0000e+00   1.4965e-02   2.9816e+02
20260224_06:00:00   1.5162e-01   4.0555e+01   1.6476e+01   5.3655e-05   7.6243e-03   2.9690e+02
20260224_07:00:00   1.5695e-01   4.1803e+01   1.7058e+01   1.9604e-04   6.7043e-03   2.9794e+02
20260224_08:00:00   1.6063e-01   4.2693e+01   1.7310e+01   3.4695e-04   3.8804e-03   2.9753e+02
20260224_09:00:00   1.8122e-01   4.7412e+01   1.8275e+01   1.3305e-02   4.7809e-03   2.9596e+02
20260224_10:00:00   2.1348e-01   5.4625e+01   1.9727e+01   3.5377e-02   1.0423e-02   2.9520e+02
20260224_11:00:00   2.2396e-01   5.7005e+01   2.0250e+01   3.9533e-02   9.1603e-03   2.9555e+02
20260224_12:00:00   2.7994e-01   6.8732e+01   2.0809e+01   9.6273e-02   1.3298e-02   2.9369e+02
20260224_13:00:00   2.3601e-01   5.9620e+01   2.0669e+01   4.6929e-02   6.6408e-03   2.9295e+02
20260224_14:00:00   2.3477e-01   5.9308e+01   2.0551e+01   4.6522e-02   5.3243e-03   2.9251e+02
20260224_15:00:00   2.6284e-01   6.5215e+01   2.0526e+01   7.7200e-02   6.9233e-03   2.9324e+02
20260224_16:00:00   2.0484e-01   5.2912e+01   2.0588e+01   9.8902e-03   4.2872e-03   2.9276e+02
20260224_17:00:00   1.9874e-01   5.1635e+01   2.0674e+01   3.4255e-03   2.8101e-03   2.9278e+02
20260224_18:00:00   1.9915e-01   5.1799e+01   2.0978e+01   2.0041e-03   4.5149e-03   2.9298e+02
20260224_19:00:00   1.9866e-01   5.1750e+01   2.1052e+01   2.6465e-03   3.6904e-03   2.9195e+02
20260224_20:00:00   1.9807e-01   5.1683e+01   2.1016e+01   3.7994e-03   2.3915e-03   2.9028e+02
20260224_21:00:00   1.9360e-01   5.0673e+01   2.0989e+01   9.8313e-04   3.2431e-03   2.8888e+02
20260224_22:00:00   1.9022e-01   4.9907e+01   2.0772e+01   3.9961e-04   3.1035e-03   2.8824e+02
20260224_23:00:00   1.8478e-01   4.8689e+01   2.0158e+01   7.3519e-04   3.0153e-03   2.8790e+02
20260225_00:00:00   1.8250e-01   4.8142e+01   1.9761e+01   4.4929e-04   2.0290e-03   2.8895e+02
20260225_03:00:00   1.8401e-01   4.8318e+01   1.9574e+01   1.8434e-03   3.5520e-03   2.9080e+02
20260225_06:00:00   1.8832e-01   4.9205e+01   1.9800e+01   3.8066e-03   2.2203e-03   2.8692e+02
20260225_09:00:00   1.9152e-01   4.9897e+01   1.9803e+01   6.0701e-03   4.0079e-03   2.8614e+02
20260225_12:00:00   1.8131e-01   4.7600e+01   1.8697e+01   2.3934e-03   3.9600e-04   2.8175e+02
20260225_15:00:00   1.6996e-01   4.5069e+01   1.7197e+01   9.5379e-04   3.3024e-05   2.8207e+02
20260225_18:00:00   1.7433e-01   4.6214e+01   1.7003e+01   4.8106e-03   6.7537e-04   2.7841e+02
20260225_21:00:00   1.6758e-01   4.4854e+01   1.6695e+01   1.3441e-03   6.8139e-03   2.7522e+02
20260226_00:00:00   1.5450e-01   4.1837e+01   1.5414e+01   4.1002e-05   1.2527e-02   2.7458e+02
20260226_03:00:00   1.4148e-01   3.8691e+01   1.3717e+01   0.0000e+00   3.3035e-03   2.7567e+02
20260226_06:00:00   1.3428e-01   3.6831e+01   1.2889e+01   0.0000e+00   1.9263e-03   2.7446e+02
20260226_09:00:00   1.2444e-01   3.4433e+01   1.1578e+01   0.0000e+00   2.3680e-06   2.7348e+02
20260226_12:00:00   1.1771e-01   3.2739e+01   1.0796e+01   0.0000e+00   0.0000e+00   2.7321e+02
20260226_15:00:00   1.1682e-01   3.2482e+01   1.0730e+01   0.0000e+00   6.6160e-04   2.7181e+02
20260226_18:00:00   1.2473e-01   3.4493e+01   1.1931e+01   0.0000e+00   9.8190e-04   2.6921e+02
20260226_21:00:00   1.3374e-01   3.6764e+01   1.3321e+01   5.7407e-04   1.7634e-03   2.6668e+02
20260227_00:00:00   1.3649e-01   3.7496e+01   1.3902e+01   1.6994e-04   2.2260e-04   2.6660e+02
20260227_03:00:00   1.4417e-01   3.9357e+01   1.4873e+01   0.0000e+00   2.7987e-04   2.6628e+02
20260227_06:00:00   1.5160e-01   4.1135e+01   1.5723e+01   0.0000e+00   2.2690e-03   2.6541e+02
20260227_09:00:00   1.5205e-01   4.1152e+01   1.5934e+01   0.0000e+00   4.8746e-03   2.6642e+02
20260227_12:00:00   1.4320e-01   3.8955e+01   1.4978e+01   0.0000e+00   1.3833e-02   2.6883e+02
20260227_15:00:00   1.4123e-01   3.8440e+01   1.4753e+01   0.0000e+00   5.8858e-04   2.7018e+02
20260227_18:00:00   1.5054e-01   4.0731e+01   1.6017e+01   0.0000e+00   1.7366e-03   2.6808e+02
20260227_21:00:00   1.6260e-01   4.3698e+01   1.7607e+01   1.6450e-03   4.5609e-02   2.6886e+02
20260228_00:00:00   1.6826e-01   4.5085e+01   1.8576e+01   3.8384e-04   2.8303e-03   2.6647e+02
20260228_03:00:00   1.7428e-01   4.6414e+01   1.9233e+01   0.0000e+00   1.9538e-02   2.6753e+02
20260228_06:00:00   1.6699e-01   4.4717e+01   1.8130e+01   0.0000e+00   1.3839e-01   2.6854e+02
20260228_09:00:00   1.5369e-01   4.1648e+01   1.6177e+01   0.0000e+00   1.4442e-02   2.6800e+02
20260228_12:00:00   1.5748e-01   4.2391e+01   1.6769e+01   0.0000e+00   2.2230e-02   2.7127e+02
20260228_15:00:00   1.5611e-01   4.2004e+01   1.6542e+01   0.0000e+00   1.0637e-03   2.7431e+02
20260228_18:00:00   1.4870e-01   4.0565e+01   1.5307e+01   3.3740e-05   1.6196e-07   2.7648e+02
20260228_21:00:00   1.6043e-01   4.3360e+01   1.6969e+01   2.0040e-04   1.4094e-04   2.7660e+02
20260301_00:00:00   1.4670e-01   4.0169e+01   1.5367e+01   0.0000e+00   1.0786e-04   2.7828e+02
20260301_03:00:00   1.4658e-01   4.0137e+01   1.4815e+01   0.0000e+00   0.0000e+00   2.7930e+02
20260301_06:00:00   1.4370e-01   3.9313e+01   1.4152e+01   8.8280e-06   1.8006e-03   2.7888e+02
20260301_09:00:00   1.4694e-01   3.9855e+01   1.4762e+01   1.7824e-04   1.2991e-03   2.7947e+02
20260301_12:00:00   1.5537e-01   4.1564e+01   1.5681e+01   1.1359e-04   1.4477e-02   2.8237e+02
20260301_15:00:00   1.4237e-01   3.8564e+01   1.3219e+01   4.8766e-04   4.8816e-03   2.8956e+02
20260301_18:00:00   1.3094e-01   3.5822e+01   1.1514e+01   1.8038e-04   3.2524e-04   2.9499e+02
20260301_21:00:00   1.0269e-01   2.8906e+01   8.1988e+00   8.3919e-05   3.9600e-05   3.0269e+02
20260302_00:00:00   1.1423e-01   3.1699e+01   9.7244e+00   2.0161e-04   1.1483e-04   3.1223e+02
20260302_03:00:00   1.1360e-01   3.1629e+01   9.1934e+00   0.0000e+00   3.2400e-08   3.3069e+02
20260302_06:00:00   1.0220e-01   2.8896e+01   7.2548e+00   0.0000e+00   0.0000e+00   3.2661e+02
20260302_09:00:00   1.0313e-01   2.9056e+01   7.3442e+00   0.0000e+00   7.4440e-05   3.3045e+02
20260302_12:00:00   9.7749e-02   2.7693e+01   6.6377e+00   0.0000e+00   1.4086e-03   3.4007e+02
20260302_15:00:00   9.5050e-02   2.7009e+01   6.4449e+00   0.0000e+00   3.6781e-05   3.3554e+02
20260302_18:00:00   9.5149e-02   2.7082e+01   6.8224e+00   0.0000e+00   0.0000e+00   3.3171e+02
20260302_21:00:00   8.9325e-02   2.5756e+01   6.3833e+00   0.0000e+00   1.7382e-03   3.2593e+02
20260303_00:00:00   9.8156e-02   2.8102e+01   7.8312e+00   0.0000e+00   1.2390e-03   3.2362e+02
20260303_03:00:00   9.9343e-02   2.8345e+01   7.9129e+00   0.0000e+00   9.7065e-03   3.1449e+02
20260303_06:00:00   8.9424e-02   2.5767e+01   6.6078e+00   0.0000e+00   1.5227e-02   3.1351e+02
20260303_09:00:00   8.1598e-02   2.3762e+01   5.4339e+00   0.0000e+00   1.0547e-04   3.0552e+02
20260303_12:00:00   7.7478e-02   2.2608e+01   5.0404e+00   0.0000e+00   1.1588e-02   3.0180e+02
20260303_15:00:00   7.5947e-02   2.2189e+01   4.9675e+00   0.0000e+00   2.2751e-03   2.9759e+02
20260303_18:00:00   7.8557e-02   2.2853e+01   5.5758e+00   0.0000e+00   1.6743e-02   2.9436e+02
20260303_21:00:00   9.1520e-02   2.6073e+01   7.9685e+00   0.0000e+00   7.0750e-02   2.9419e+02
20260304_00:00:00   1.0543e-01   2.9568e+01   1.0224e+01   0.0000e+00   1.8086e-02   2.9361e+02
20260304_03:00:00   1.2362e-01   3.4102e+01   1.2831e+01   0.0000e+00   6.8584e-03   2.8956e+02
20260304_06:00:00   1.3546e-01   3.6933e+01   1.4663e+01   0.0000e+00   1.3741e-03   2.8713e+02
20260304_09:00:00   1.3520e-01   3.6915e+01   1.4647e+01   0.0000e+00   3.3032e-04   2.8201e+02
20260304_12:00:00   1.3809e-01   3.7664e+01   1.4971e+01   0.0000e+00   1.7311e-03   2.8264e+02
20260304_15:00:00   1.4215e-01   3.8682e+01   1.5262e+01   0.0000e+00   6.4740e-06   2.8151e+02
20260304_18:00:00   1.4802e-01   4.0225e+01   1.6129e+01   0.0000e+00   1.8226e-04   2.7936e+02
20260304_21:00:00   1.5929e-01   4.3088e+01   1.7794e+01   0.0000e+00   3.8998e-05   2.7675e+02
20260305_00:00:00   1.6899e-01   4.5545e+01   1.9224e+01   0.0000e+00   7.5103e-03   2.7655e+02
20260305_03:00:00   1.7520e-01   4.7038e+01   1.9903e+01   0.0000e+00   6.3710e-03   2.7606e+02
20260305_06:00:00   1.6034e-01   4.3632e+01   1.7534e+01   0.0000e+00   3.1335e-03   2.7166e+02
20260305_09:00:00   1.5780e-01   4.3009e+01   1.7257e+01   0.0000e+00   1.4334e-03   2.7135e+02
20260305_12:00:00   1.4552e-01   4.0103e+01   1.5664e+01   0.0000e+00   1.1972e-03   2.7175e+02
20260305_15:00:00   1.4237e-01   3.9247e+01   1.5354e+01   0.0000e+00   0.0000e+00   2.6963e+02
20260305_18:00:00   1.4128e-01   3.9117e+01   1.5096e+01   0.0000e+00   0.0000e+00   2.7066e+02
20260305_21:00:00   1.3550e-01   3.7956e+01   1.4304e+01   0.0000e+00   0.0000e+00   2.7047e+02
20260306_00:00:00   1.3793e-01   3.8646e+01   1.4719e+01   0.0000e+00   0.0000e+00   2.7275e+02
20260306_03:00:00   1.4422e-01   4.0187e+01   1.5251e+01   0.0000e+00   0.0000e+00   2.7687e+02
20260306_06:00:00   1.5156e-01   4.1866e+01   1.5765e+01   0.0000e+00   0.0000e+00   2.7668e+02
20260306_09:00:00   1.4606e-01   4.0484e+01   1.4796e+01   0.0000e+00   0.0000e+00   2.7413e+02
20260306_12:00:00   1.4521e-01   4.0219e+01   1.4480e+01   0.0000e+00   0.0000e+00   2.7553e+02
20260306_15:00:00   1.3966e-01   3.8803e+01   1.3813e+01   0.0000e+00   0.0000e+00   2.7835e+02
20260306_18:00:00   1.3701e-01   3.8192e+01   1.3929e+01   0.0000e+00   0.0000e+00   2.7934e+02
20260306_21:00:00   1.2835e-01   3.6040e+01   1.3179e+01   0.0000e+00   0.0000e+00   2.8226e+02
20260307_00:00:00   9.6171e-02   2.7864e+01   8.7935e+00   0.0000e+00   0.0000e+00   2.8710e+02
20260307_03:00:00   9.4090e-02   2.7264e+01   8.0812e+00   0.0000e+00   2.3077e-03   2.8561e+02
20260307_06:00:00   9.0223e-02   2.6196e+01   7.2180e+00   0.0000e+00   7.3760e-04   2.8798e+02
20260307_09:00:00   8.1399e-02   2.3897e+01   5.5586e+00   0.0000e+00   2.4840e-05   2.8853e+02
20260307_12:00:00   7.7350e-02   2.2767e+01   4.7680e+00   0.0000e+00   1.7623e-03   2.9250e+02
20260307_15:00:00   7.6583e-02   2.2483e+01   4.5936e+00   0.0000e+00   2.1697e-02   2.9000e+02
20260307_18:00:00   7.7824e-02   2.2758e+01   4.8970e+00   0.0000e+00   3.0256e-04   2.9137e+02
20260307_21:00:00   7.6377e-02   2.2454e+01   4.7753e+00   0.0000e+00   5.2660e-04   2.9635e+02
20260308_00:00:00   7.8252e-02   2.2983e+01   5.2132e+00   0.0000e+00   5.0560e-05   2.9864e+02
