#            date       tau255        Tb[K]      pwv[mm] lwp[kg*m^-2] iwp[kg*m^-2]       o3[DU]
20260223_06:00:00   9.7317e-02   2.7568e+01   7.2831e+00   0.0000e+00   1.2174e-03   3.1549e+02
20260223_07:00:00   9.5368e-02   2.7096e+01   6.9830e+00   0.0000e+00   4.9800e-04   3.1835e+02
20260223_08:00:00   9.4047e-02   2.6770e+01   6.7922e+00   0.0000e+00   1.5095e-04   3.1524e+02
20260223_09:00:00   9.2693e-02   2.6435e+01   6.6227e+00   0.0000e+00   1.4014e-03   3.1472e+02
20260223_10:00:00   9.1431e-02   2.6122e+01   6.4744e+00   0.0000e+00   8.0980e-08   3.1471e+02
20260223_11:00:00   9.0544e-02   2.5894e+01   6.4031e+00   0.0000e+00   1.3314e-05   3.1345e+02
20260223_12:00:00   9.0157e-02   2.5777e+01   6.4249e+00   0.0000e+00   5.3540e-05   3.1195e+02
20260223_13:00:00   8.9318e-02   2.5567e+01   6.3574e+00   0.0000e+00   4.6109e-04   3.1126e+02
20260223_14:00:00   8.8526e-02   2.5376e+01   6.2591e+00   0.0000e+00   1.9685e-03   3.1183e+02
20260223_15:00:00   8.9432e-02   2.5589e+01   6.4582e+00   0.0000e+00   3.9506e-03   3.1236e+02
20260223_16:00:00   9.1884e-02   2.6218e+01   6.8792e+00   0.0000e+00   3.4221e-03   3.1517e+02
20260223_17:00:00   9.7760e-02   2.7674e+01   7.8324e+00   0.0000e+00   3.2632e-02   3.1773e+02
20260223_18:00:00   1.0314e-01   2.9068e+01   8.5214e+00   0.0000e+00   2.8958e-03   3.1602e+02
20260223_19:00:00   1.0629e-01   2.9888e+01   8.9982e+00   0.0000e+00   4.2516e-03   3.1543e+02
20260223_20:00:00   1.1043e-01   3.0911e+01   9.7166e+00   0.0000e+00   6.2266e-03   3.1681e+02
20260223_21:00:00   1.1428e-01   3.1862e+01   1.0381e+01   0.0000e+00   5.4024e-03   3.1353e+02
20260223_22:00:00   1.1702e-01   3.2565e+01   1.0828e+01   0.0000e+00   2.2840e-04   3.1027e+02
20260223_23:00:00   1.2244e-01   3.3888e+01   1.1751e+01   0.0000e+00   2.7436e-03   3.0827e+02
20260224_00:00:00   1.2635e-01   3.4832e+01   1.2322e+01   0.0000e+00   5.1075e-03   3.0743e+02
20260224_01:00:00   1.2644e-01   3.4830e+01   1.2442e+01   0.0000e+00   2.9756e-03   3.0595e+02
20260224_02:00:00   1.2562e-01   3.4604e+01   1.2432e+01   0.0000e+00   3.1741e-03   3.0397e+02
20260224_03:00:00   1.2517e-01   3.4462e+01   1.2457e+01   0.0000e+00   3.6729e-03   3.0469e+02
20260224_04:00:00   1.2516e-01   3.4416e+01   1.2565e+01   0.0000e+00   7.2458e-03   3.0398e+02
20260224_05:00:00   1.2834e-01   3.5112e+01   1.3191e+01   0.0000e+00   5.8143e-03   3.0414e+02
20260224_06:00:00   1.3120e-01   3.5744e+01   1.3693e+01   0.0000e+00   5.8399e-03   3.0527e+02
20260224_07:00:00   1.3178e-01   3.5900e+01   1.3719e+01   0.0000e+00   3.6461e-04   3.0387e+02
20260224_08:00:00   1.3348e-01   3.6318e+01   1.3880e+01   1.4578e-06   3.2641e-04   3.0288e+02
20260224_09:00:00   1.3837e-01   3.7507e+01   1.4330e+01   8.6972e-04   1.6698e-04   3.0051e+02
20260224_10:00:00   1.4908e-01   4.0028e+01   1.5233e+01   4.0392e-03   8.3000e-04   2.9789e+02
20260224_11:00:00   1.6344e-01   4.3400e+01   1.6406e+01   9.2304e-03   6.8380e-04   2.9894e+02
20260224_12:00:00   2.0329e-01   5.2404e+01   1.7871e+01   3.9117e-02   1.2725e-03   2.9994e+02
20260224_13:00:00   2.1128e-01   5.4244e+01   1.8710e+01   3.8248e-02   3.0959e-03   2.9928e+02
20260224_14:00:00   3.7055e-01   8.6476e+01   1.9593e+01   2.0865e-01   3.7944e-03   2.9979e+02
20260224_15:00:00   4.1046e-01   9.3796e+01   2.0427e+01   2.4512e-01   8.8814e-03   2.9954e+02
20260224_16:00:00   3.2477e-01   7.7941e+01   2.0832e+01   1.4319e-01   4.6036e-03   2.9835e+02
20260224_17:00:00   2.5183e-01   6.3196e+01   2.1125e+01   5.6538e-02   4.5298e-03   2.9655e+02
20260224_18:00:00   2.6208e-01   6.5414e+01   2.1669e+01   6.2518e-02   1.0834e-02   2.9553e+02
20260224_19:00:00   2.3000e-01   5.8708e+01   2.1552e+01   2.6096e-02   5.2149e-03   2.9675e+02
20260224_20:00:00   2.0618e-01   5.3693e+01   2.1024e+01   6.3366e-03   1.7477e-04   2.9713e+02
20260224_21:00:00   2.0405e-01   5.3324e+01   2.0807e+01   8.1354e-03   5.1326e-04   2.9485e+02
20260224_22:00:00   2.3743e-01   6.0601e+01   2.1197e+01   4.1518e-02   1.4815e-03   2.9338e+02
20260224_23:00:00   2.6567e-01   6.6493e+01   2.1624e+01   6.8881e-02   5.7404e-03   2.9438e+02
20260225_00:00:00   3.3360e-01   8.0019e+01   2.1711e+01   1.4161e-01   1.4882e-02   2.9617e+02
20260225_01:00:00   2.1107e-01   5.4824e+01   2.0696e+01   1.3675e-02   1.8971e-03   2.9718e+02
20260225_02:00:00   2.4045e-01   6.1071e+01   2.1035e+01   4.2845e-02   1.6433e-03   2.9603e+02
20260225_03:00:00   2.0087e-01   5.2495e+01   1.9922e+01   1.0177e-02   4.1388e-04   2.9673e+02
20260225_04:00:00   2.9008e-01   7.1227e+01   2.0520e+01   1.0526e-01   4.1748e-03   2.9747e+02
20260225_05:00:00   2.3291e-01   5.9372e+01   2.0772e+01   3.7195e-02   3.9779e-03   2.9662e+02
20260225_06:00:00   2.1998e-01   5.6600e+01   2.0717e+01   2.3809e-02   8.7467e-04   2.9652e+02
20260225_07:00:00   2.6850e-01   6.6783e+01   2.1086e+01   7.5449e-02   3.1344e-03   2.9472e+02
20260225_08:00:00   2.3092e-01   5.8925e+01   2.0982e+01   3.4016e-02   1.5021e-03   2.9436e+02
20260225_09:00:00   2.5590e-01   6.4155e+01   2.1359e+01   5.8212e-02   7.0704e-03   2.9466e+02
20260225_10:00:00   3.1709e-01   7.6474e+01   2.1442e+01   1.2523e-01   7.9040e-03   2.9442e+02
20260225_11:00:00   2.4760e-01   6.2410e+01   2.0677e+01   5.3418e-02   6.8418e-04   2.9568e+02
20260225_12:00:00   2.0966e-01   5.4280e+01   2.0389e+01   1.3126e-02   7.2467e-04   2.9689e+02
20260225_13:00:00   2.0962e-01   5.4248e+01   2.0395e+01   1.2891e-02   4.1820e-04   2.9675e+02
20260225_14:00:00   1.9759e-01   5.1575e+01   1.9654e+01   5.8399e-03   1.3238e-04   2.9822e+02
20260225_15:00:00   1.9136e-01   5.0177e+01   1.9341e+01   1.9163e-03   2.7584e-04   2.9728e+02
20260225_16:00:00   1.8905e-01   4.9692e+01   1.9115e+01   1.7932e-03   1.4582e-04   2.9514e+02
20260225_17:00:00   1.8746e-01   4.9377e+01   1.9116e+01   1.3393e-03   3.7034e-06   2.9629e+02
20260225_18:00:00   1.8434e-01   4.8729e+01   1.8884e+01   8.8460e-04   1.1158e-03   2.9376e+02
20260225_19:00:00   1.8010e-01   4.7830e+01   1.8509e+01   6.0941e-04   5.8299e-04   2.9212e+02
20260225_20:00:00   1.7733e-01   4.7248e+01   1.8326e+01   3.3829e-04   5.7580e-04   2.9178e+02
20260225_21:00:00   1.7886e-01   4.7587e+01   1.8712e+01   3.0104e-04   1.1581e-03   2.9155e+02
20260225_22:00:00   1.8040e-01   4.7931e+01   1.9010e+01   7.1794e-04   3.3905e-03   2.9187e+02
20260225_23:00:00   1.7803e-01   4.7394e+01   1.8892e+01   8.4856e-04   3.0149e-03   2.9126e+02
20260226_00:00:00   1.7733e-01   4.7258e+01   1.8950e+01   2.3477e-04   1.5966e-03   2.9144e+02
20260226_01:00:00   1.7682e-01   4.7163e+01   1.8780e+01   2.5954e-04   2.5152e-03   2.9246e+02
20260226_02:00:00   1.7527e-01   4.6771e+01   1.8603e+01   1.3494e-04   2.9216e-03   2.9342e+02
20260226_03:00:00   1.7026e-01   4.5577e+01   1.8052e+01   4.6720e-06   3.0056e-03   2.9466e+02
20260226_04:00:00   1.6496e-01   4.4304e+01   1.7560e+01   0.0000e+00   4.6853e-03   2.9481e+02
20260226_05:00:00   1.6092e-01   4.3341e+01   1.7142e+01   0.0000e+00   3.8492e-03   2.9395e+02
20260226_06:00:00   1.5799e-01   4.2623e+01   1.6825e+01   0.0000e+00   1.6738e-03   2.9177e+02
20260226_07:00:00   1.5503e-01   4.1890e+01   1.6487e+01   0.0000e+00   2.5225e-03   2.9120e+02
20260226_08:00:00   1.5363e-01   4.1512e+01   1.6378e+01   0.0000e+00   2.8749e-03   2.9049e+02
20260226_09:00:00   1.5406e-01   4.1578e+01   1.6522e+01   0.0000e+00   5.8098e-04   2.8873e+02
20260226_10:00:00   1.5426e-01   4.1589e+01   1.6585e+01   0.0000e+00   1.0709e-03   2.8850e+02
20260226_11:00:00   1.5520e-01   4.1760e+01   1.6702e+01   0.0000e+00   1.4514e-03   2.8643e+02
20260226_12:00:00   1.5520e-01   4.1735e+01   1.6702e+01   0.0000e+00   2.0577e-03   2.8813e+02
20260226_13:00:00   1.5351e-01   4.1325e+01   1.6530e+01   0.0000e+00   1.6616e-03   2.8811e+02
20260226_14:00:00   1.5332e-01   4.1246e+01   1.6551e+01   0.0000e+00   2.4718e-04   2.8640e+02
20260226_15:00:00   1.5197e-01   4.0944e+01   1.6347e+01   0.0000e+00   4.6763e-04   2.8530e+02
20260226_16:00:00   1.5172e-01   4.0926e+01   1.6282e+01   0.0000e+00   6.2382e-04   2.8516e+02
20260226_17:00:00   1.5148e-01   4.0920e+01   1.6251e+01   0.0000e+00   3.2983e-03   2.8583e+02
20260226_18:00:00   1.5057e-01   4.0757e+01   1.6155e+01   0.0000e+00   3.6379e-03   2.8442e+02
20260226_19:00:00   1.5130e-01   4.0951e+01   1.6400e+01   0.0000e+00   3.4726e-03   2.8325e+02
20260226_20:00:00   1.5328e-01   4.1469e+01   1.6621e+01   2.6380e-04   2.1510e-03   2.8178e+02
20260226_21:00:00   1.5705e-01   4.2396e+01   1.7117e+01   8.7840e-04   1.8820e-03   2.8113e+02
20260226_22:00:00   1.6322e-01   4.3837e+01   1.8051e+01   3.3440e-04   5.2101e-03   2.8183e+02
20260226_23:00:00   1.6815e-01   4.4998e+01   1.8708e+01   5.3160e-05   4.2291e-03   2.8177e+02
20260227_00:00:00   1.7166e-01   4.5832e+01   1.9117e+01   7.3620e-05   2.9468e-03   2.8052e+02
20260227_01:00:00   1.7431e-01   4.6475e+01   1.9401e+01   1.5338e-05   2.2974e-03   2.8137e+02
20260227_02:00:00   1.7413e-01   4.6465e+01   1.9259e+01   0.0000e+00   1.4549e-03   2.8027e+02
20260227_03:00:00   1.7553e-01   4.6794e+01   1.9372e+01   0.0000e+00   2.1732e-04   2.7913e+02
20260227_04:00:00   1.7621e-01   4.6953e+01   1.9337e+01   0.0000e+00   1.5317e-03   2.7816e+02
20260227_05:00:00   1.7629e-01   4.6955e+01   1.9229e+01   0.0000e+00   1.4196e-03   2.7847e+02
20260227_06:00:00   1.7613e-01   4.6904e+01   1.9164e+01   0.0000e+00   3.2819e-04   2.7840e+02
20260227_07:00:00   1.7490e-01   4.6607e+01   1.8990e+01   0.0000e+00   1.4526e-05   2.7753e+02
20260227_08:00:00   1.7481e-01   4.6555e+01   1.9009e+01   0.0000e+00   5.4207e-05   2.7559e+02
20260227_09:00:00   1.7316e-01   4.6178e+01   1.8737e+01   0.0000e+00   8.2544e-04   2.7490e+02
20260227_10:00:00   1.7472e-01   4.6496e+01   1.8912e+01   0.0000e+00   2.5198e-04   2.7614e+02
20260227_11:00:00   1.7444e-01   4.6392e+01   1.8829e+01   0.0000e+00   8.5863e-05   2.7597e+02
20260227_12:00:00   1.7068e-01   4.5530e+01   1.8330e+01   0.0000e+00   2.2124e-04   2.7519e+02
20260227_13:00:00   1.6719e-01   4.4733e+01   1.7805e+01   0.0000e+00   3.0499e-04   2.7656e+02
20260227_14:00:00   1.6377e-01   4.3944e+01   1.7301e+01   0.0000e+00   3.6744e-05   2.7619e+02
20260227_15:00:00   1.6206e-01   4.3534e+01   1.7089e+01   0.0000e+00   1.2034e-04   2.7556e+02
20260227_16:00:00   1.6105e-01   4.3318e+01   1.6983e+01   0.0000e+00   5.3302e-04   2.7379e+02
20260227_17:00:00   1.6151e-01   4.3461e+01   1.7113e+01   0.0000e+00   3.5779e-04   2.7135e+02
20260227_18:00:00   1.6397e-01   4.4059e+01   1.7600e+01   0.0000e+00   1.3687e-03   2.7184e+02
20260227_19:00:00   1.6424e-01   4.4182e+01   1.7701e+01   0.0000e+00   2.9215e-03   2.7238e+02
20260227_20:00:00   1.6460e-01   4.4317e+01   1.7795e+01   0.0000e+00   3.0119e-03   2.7236e+02
20260227_21:00:00   1.6530e-01   4.4519e+01   1.8002e+01   0.0000e+00   3.0441e-03   2.7171e+02
20260227_22:00:00   1.6757e-01   4.5075e+01   1.8444e+01   0.0000e+00   1.2224e-03   2.7144e+02
20260227_23:00:00   1.6953e-01   4.5566e+01   1.8740e+01   0.0000e+00   3.3190e-03   2.6968e+02
20260228_00:00:00   1.6908e-01   4.5498e+01   1.8651e+01   0.0000e+00   4.2400e-03   2.6993e+02
20260228_01:00:00   1.6755e-01   4.5174e+01   1.8382e+01   0.0000e+00   2.6611e-03   2.6547e+02
20260228_02:00:00   1.6605e-01   4.4823e+01   1.8148e+01   0.0000e+00   7.5391e-04   2.6523e+02
20260228_03:00:00   1.6824e-01   4.5286e+01   1.8479e+01   0.0000e+00   4.2475e-03   2.6499e+02
20260228_04:00:00   1.6950e-01   4.5521e+01   1.8659e+01   0.0000e+00   1.2721e-02   2.6570e+02
20260228_05:00:00   1.6704e-01   4.4953e+01   1.8211e+01   0.0000e+00   6.2208e-03   2.6362e+02
20260228_06:00:00   1.6485e-01   4.4422e+01   1.7861e+01   0.0000e+00   1.1482e-02   2.6207e+02
20260228_09:00:00   1.5751e-01   4.2618e+01   1.6873e+01   0.0000e+00   4.9666e-03   2.6259e+02
20260228_12:00:00   1.5585e-01   4.2145e+01   1.6647e+01   0.0000e+00   7.0785e-02   2.6397e+02
20260228_15:00:00   1.4475e-01   3.9577e+01   1.4815e+01   0.0000e+00   2.5978e-02   2.6404e+02
20260228_18:00:00   1.4031e-01   3.8694e+01   1.3830e+01   0.0000e+00   0.0000e+00   2.6963e+02
20260228_21:00:00   1.4403e-01   3.9701e+01   1.4455e+01   0.0000e+00   0.0000e+00   2.6542e+02
20260301_00:00:00   1.4360e-01   3.9584e+01   1.4547e+01   0.0000e+00   0.0000e+00   2.6119e+02
20260301_03:00:00   1.3993e-01   3.8672e+01   1.3731e+01   0.0000e+00   0.0000e+00   2.6264e+02
20260301_06:00:00   1.2637e-01   3.5295e+01   1.1306e+01   4.3547e-04   1.2367e-05   2.6276e+02
20260301_09:00:00   1.1439e-01   3.2270e+01   9.5244e+00   2.3320e-05   4.4464e-06   2.6456e+02
20260301_12:00:00   1.0534e-01   2.9944e+01   8.3311e+00   5.6680e-07   2.1247e-05   2.6385e+02
20260301_15:00:00   9.9915e-02   2.8529e+01   7.5881e+00   0.0000e+00   2.5283e-03   2.6433e+02
20260301_18:00:00   8.7858e-02   2.5505e+01   6.2448e+00   0.0000e+00   1.2986e-03   2.6817e+02
20260301_21:00:00   9.5336e-02   2.7224e+01   8.0604e+00   0.0000e+00   5.6430e-03   2.6938e+02
20260302_00:00:00   1.0648e-01   2.9833e+01   9.9921e+00   0.0000e+00   6.6237e-03   2.6932e+02
20260302_03:00:00   1.1021e-01   3.0818e+01   1.0096e+01   0.0000e+00   3.5825e-03   2.7247e+02
20260302_06:00:00   1.1136e-01   3.1070e+01   9.9716e+00   0.0000e+00   4.1584e-03   2.7165e+02
20260302_09:00:00   1.3927e-01   3.7721e+01   1.2868e+01   8.9080e-07   5.4823e-03   2.7034e+02
20260302_12:00:00   1.4785e-01   3.9642e+01   1.3700e+01   0.0000e+00   1.2097e-02   2.7374e+02
20260302_15:00:00   1.3984e-01   3.7707e+01   1.2566e+01   0.0000e+00   9.0600e-03   2.7418e+02
20260302_18:00:00   1.3218e-01   3.6036e+01   1.1597e+01   0.0000e+00   1.8276e-03   2.7927e+02
20260302_21:00:00   1.3278e-01   3.6361e+01   1.1938e+01   1.7816e-06   2.8808e-04   2.7866e+02
20260303_00:00:00   1.3791e-01   3.7657e+01   1.2807e+01   2.1480e-05   1.0512e-05   2.8089e+02
20260303_03:00:00   1.4249e-01   3.8754e+01   1.3169e+01   0.0000e+00   0.0000e+00   2.8335e+02
20260303_06:00:00   1.3614e-01   3.7281e+01   1.2195e+01   0.0000e+00   9.2000e-04   2.8387e+02
20260303_09:00:00   1.3313e-01   3.6538e+01   1.1902e+01   0.0000e+00   5.9921e-03   2.8274e+02
20260303_12:00:00   1.3920e-01   3.7798e+01   1.3283e+01   0.0000e+00   4.8494e-02   2.7838e+02
20260303_15:00:00   1.3604e-01   3.7057e+01   1.2720e+01   0.0000e+00   8.3036e-03   2.7739e+02
20260303_18:00:00   1.3705e-01   3.7350e+01   1.3101e+01   0.0000e+00   8.8417e-03   2.7392e+02
20260303_21:00:00   1.4221e-01   3.8627e+01   1.4257e+01   1.9436e-06   3.8093e-03   2.7095e+02
20260304_00:00:00   1.4890e-01   4.0222e+01   1.5283e+01   7.1572e-06   2.8880e-02   2.7167e+02
20260304_03:00:00   1.5175e-01   4.1041e+01   1.5434e+01   0.0000e+00   1.4414e-04   2.7171e+02
20260304_06:00:00   1.3859e-01   3.7985e+01   1.3517e+01   0.0000e+00   1.5789e-03   2.7046e+02
20260304_09:00:00   1.3924e-01   3.8009e+01   1.3921e+01   0.0000e+00   2.0277e-03   2.7196e+02
20260304_12:00:00   1.3996e-01   3.8078e+01   1.4053e+01   0.0000e+00   4.6289e-02   2.7345e+02
20260304_15:00:00   1.3556e-01   3.7026e+01   1.3373e+01   0.0000e+00   3.3351e-02   2.7483e+02
20260304_18:00:00   1.3822e-01   3.7750e+01   1.3805e+01   0.0000e+00   4.5267e-04   2.7449e+02
20260304_21:00:00   1.3866e-01   3.7989e+01   1.4059e+01   3.7259e-06   4.3729e-03   2.7322e+02
20260305_00:00:00   1.4125e-01   3.8601e+01   1.4641e+01   4.9017e-04   2.6977e-02   2.7316e+02
20260305_03:00:00   1.6014e-01   4.2915e+01   1.6939e+01   0.0000e+00   2.8955e-01   2.7581e+02
20260305_06:00:00   1.6908e-01   4.4991e+01   1.7884e+01   0.0000e+00   3.4909e-02   2.8083e+02
20260305_09:00:00   1.7649e-01   4.6585e+01   1.8397e+01   2.2294e-04   1.4335e-01   2.8499e+02
20260305_12:00:00   2.2223e-01   5.6512e+01   2.0886e+01   1.7352e-02   7.3019e-01   2.8557e+02
20260305_15:00:00   2.3013e-01   5.8266e+01   2.0341e+01   3.0131e-02   2.3549e-01   2.9422e+02
20260305_18:00:00   2.6743e-01   6.6289e+01   1.8594e+01   8.4221e-02   1.7374e-02   3.0294e+02
20260305_21:00:00   2.4132e-01   6.0821e+01   1.7629e+01   6.7072e-02   1.0629e-01   3.1721e+02
20260306_00:00:00   1.9198e-01   4.9921e+01   1.7791e+01   1.2918e-02   1.8413e-01   3.1002e+02
20260306_03:00:00   1.9135e-01   4.9629e+01   1.8691e+01   1.8196e-03   4.6173e-02   3.1360e+02
20260306_06:00:00   1.7621e-01   4.6150e+01   1.7456e+01   1.1903e-03   1.8783e-01   3.1282e+02
20260306_09:00:00   1.4865e-01   3.9956e+01   1.3993e+01   2.6601e-04   7.1327e-04   3.1808e+02
20260306_12:00:00   1.2553e-01   3.4314e+01   1.0939e+01   6.9963e-04   3.4205e-04   3.4543e+02
20260306_15:00:00   1.1159e-01   3.0827e+01   8.6816e+00   1.0555e-04   1.7820e-03   3.7927e+02
20260306_18:00:00   9.8310e-02   2.7535e+01   7.0901e+00   4.3740e-06   9.3980e-04   3.9738e+02
20260306_21:00:00   9.2493e-02   2.5929e+01   6.5027e+00   1.0548e-05   1.2121e-02   4.1671e+02
20260307_00:00:00   1.1691e-01   3.1726e+01   9.3763e+00   2.7195e-03   3.3274e-02   4.1452e+02
20260307_03:00:00   1.1078e-01   3.0281e+01   8.6841e+00   1.1831e-03   3.1064e-03   4.1280e+02
20260307_06:00:00   1.1462e-01   3.1260e+01   8.9048e+00   1.0756e-03   7.1622e-04   3.9502e+02
20260307_09:00:00   1.0670e-01   2.9437e+01   7.9099e+00   7.1571e-04   4.6737e-05   3.7544e+02
20260307_12:00:00   1.0502e-01   2.9019e+01   7.7522e+00   0.0000e+00   1.8352e-05   3.7663e+02
20260307_15:00:00   1.0284e-01   2.8520e+01   7.4328e+00   0.0000e+00   0.0000e+00   3.7784e+02
20260307_18:00:00   9.9555e-02   2.7847e+01   7.1624e+00   0.0000e+00   0.0000e+00   4.0122e+02
20260307_21:00:00   1.0375e-01   2.8984e+01   8.1186e+00   0.0000e+00   0.0000e+00   3.8051e+02
20260308_00:00:00   1.0191e-01   2.8693e+01   8.0270e+00   0.0000e+00   0.0000e+00   3.6911e+02
20260308_03:00:00   1.0051e-01   2.8402e+01   7.6775e+00   0.0000e+00   0.0000e+00   3.6246e+02
20260308_06:00:00   1.0370e-01   2.9144e+01   8.0736e+00   0.0000e+00   0.0000e+00   3.5090e+02
20260308_09:00:00   1.0742e-01   2.9997e+01   8.7218e+00   0.0000e+00   0.0000e+00   3.4449e+02
20260308_12:00:00   1.1105e-01   3.0869e+01   9.3605e+00   0.0000e+00   6.1860e-05   3.3571e+02
20260308_15:00:00   1.1520e-01   3.1853e+01   1.0063e+01   0.0000e+00   8.6460e-05   3.3204e+02
20260308_18:00:00   1.1697e-01   3.2383e+01   1.0579e+01   0.0000e+00   6.2205e-02   3.3133e+02
20260308_21:00:00   1.0816e-01   3.0407e+01   9.4656e+00   0.0000e+00   1.6226e-03   3.3030e+02
20260309_00:00:00   1.0194e-01   2.8939e+01   8.6046e+00   1.4822e-04   3.8692e-03   3.3035e+02
20260309_03:00:00   1.1015e-01   3.0884e+01   9.8559e+00   0.0000e+00   4.0480e-02   3.2160e+02
20260309_06:00:00   1.0936e-01   3.0746e+01   9.3488e+00   0.0000e+00   0.0000e+00   3.1741e+02
20260309_09:00:00   1.0181e-01   2.8876e+01   8.2861e+00   0.0000e+00   0.0000e+00   3.1570e+02
20260309_12:00:00   9.7648e-02   2.7817e+01   7.7161e+00   0.0000e+00   4.5818e-04   3.1489e+02
20260309_15:00:00   1.0297e-01   2.9006e+01   8.6444e+00   0.0000e+00   1.2359e-03   3.0732e+02
20260309_18:00:00   1.0742e-01   3.0115e+01   9.3315e+00   0.0000e+00   1.1127e-03   3.0357e+02
20260309_21:00:00   1.0822e-01   3.0395e+01   9.6345e+00   0.0000e+00   2.5677e-03   3.0240e+02
20260310_00:00:00   1.1254e-01   3.1484e+01   1.0288e+01   1.1032e-04   1.5381e-03   3.0436e+02
20260310_03:00:00   1.1082e-01   3.1181e+01   9.5739e+00   0.0000e+00   0.0000e+00   3.0622e+02
20260310_06:00:00   1.0391e-01   2.9510e+01   8.2907e+00   0.0000e+00   0.0000e+00   3.0631e+02
20260310_09:00:00   9.9930e-02   2.8472e+01   7.8428e+00   0.0000e+00   0.0000e+00   3.0980e+02
20260310_12:00:00   9.8035e-02   2.7945e+01   7.6718e+00   0.0000e+00   0.0000e+00   3.0637e+02
20260310_15:00:00   1.0034e-01   2.8436e+01   8.0812e+00   0.0000e+00   9.7436e-04   3.0779e+02
20260310_18:00:00   1.0004e-01   2.8419e+01   8.2292e+00   0.0000e+00   7.4083e-04   3.0930e+02
20260310_21:00:00   1.0572e-01   2.9878e+01   9.4654e+00   0.0000e+00   1.9496e-03   2.9756e+02
20260311_00:00:00   1.2188e-01   3.3825e+01   1.1918e+01   0.0000e+00   9.6649e-03   2.9293e+02
20260311_03:00:00   1.3498e-01   3.7016e+01   1.3458e+01   0.0000e+00   4.3485e-03   2.9490e+02
20260311_06:00:00   1.2292e-01   3.4037e+01   1.1750e+01   0.0000e+00   2.2193e-03   2.9677e+02
