#            date       tau255        Tb[K]      pwv[mm] lwp[kg*m^-2] iwp[kg*m^-2]       o3[DU]
20260114_12:00:00   8.6948e-02   2.5069e+01   6.4468e+00   0.0000e+00   3.5394e-05   2.8433e+02
20260114_13:00:00   8.5098e-02   2.4613e+01   6.1345e+00   0.0000e+00   0.0000e+00   2.8421e+02
20260114_14:00:00   8.3470e-02   2.4210e+01   5.8598e+00   0.0000e+00   0.0000e+00   2.8393e+02
20260114_15:00:00   8.1599e-02   2.3747e+01   5.5396e+00   0.0000e+00   0.0000e+00   2.8504e+02
20260114_16:00:00   8.0309e-02   2.3442e+01   5.2924e+00   0.0000e+00   0.0000e+00   2.8630e+02
20260114_17:00:00   8.3116e-02   2.4186e+01   5.7375e+00   0.0000e+00   0.0000e+00   2.8760e+02
20260114_18:00:00   8.6648e-02   2.5143e+01   6.2400e+00   0.0000e+00   0.0000e+00   2.8906e+02
20260114_19:00:00   8.8192e-02   2.5580e+01   6.4708e+00   0.0000e+00   0.0000e+00   2.9182e+02
20260114_20:00:00   8.7494e-02   2.5426e+01   6.3792e+00   0.0000e+00   0.0000e+00   2.9273e+02
20260114_21:00:00   8.6694e-02   2.5241e+01   6.2783e+00   0.0000e+00   0.0000e+00   2.9291e+02
20260114_22:00:00   8.6890e-02   2.5297e+01   6.3257e+00   0.0000e+00   0.0000e+00   2.8969e+02
20260114_23:00:00   8.7562e-02   2.5477e+01   6.3921e+00   0.0000e+00   0.0000e+00   2.9015e+02
20260115_00:00:00   8.9073e-02   2.5853e+01   6.5238e+00   0.0000e+00   0.0000e+00   2.8917e+02
20260115_01:00:00   8.8867e-02   2.5777e+01   6.4279e+00   0.0000e+00   0.0000e+00   2.8946e+02
20260115_02:00:00   8.8009e-02   2.5554e+01   6.2531e+00   0.0000e+00   0.0000e+00   2.9071e+02
20260115_03:00:00   8.5704e-02   2.4966e+01   5.9234e+00   0.0000e+00   0.0000e+00   2.9233e+02
20260115_04:00:00   8.4146e-02   2.4565e+01   5.6925e+00   0.0000e+00   0.0000e+00   2.9240e+02
20260115_05:00:00   8.1648e-02   2.3922e+01   5.3550e+00   0.0000e+00   0.0000e+00   2.8944e+02
20260115_06:00:00   7.9663e-02   2.3410e+01   5.0670e+00   0.0000e+00   0.0000e+00   2.8844e+02
20260115_07:00:00   7.8532e-02   2.3111e+01   4.8845e+00   0.0000e+00   0.0000e+00   2.8759e+02
20260115_08:00:00   7.7650e-02   2.2877e+01   4.7664e+00   0.0000e+00   0.0000e+00   2.8751e+02
20260115_09:00:00   7.6793e-02   2.2659e+01   4.6445e+00   0.0000e+00   0.0000e+00   2.8941e+02
20260115_10:00:00   7.5957e-02   2.2453e+01   4.5269e+00   0.0000e+00   0.0000e+00   2.8883e+02
20260115_11:00:00   7.5562e-02   2.2349e+01   4.4615e+00   0.0000e+00   0.0000e+00   2.8937e+02
20260115_12:00:00   7.5263e-02   2.2266e+01   4.4077e+00   0.0000e+00   0.0000e+00   2.8963e+02
20260115_13:00:00   7.4847e-02   2.2153e+01   4.3350e+00   0.0000e+00   0.0000e+00   2.8927e+02
20260115_14:00:00   7.4482e-02   2.2058e+01   4.2873e+00   0.0000e+00   0.0000e+00   2.8975e+02
20260115_15:00:00   7.4220e-02   2.1988e+01   4.2620e+00   0.0000e+00   0.0000e+00   2.9016e+02
20260115_16:00:00   7.4684e-02   2.2100e+01   4.3409e+00   0.0000e+00   0.0000e+00   2.9161e+02
20260115_17:00:00   7.5639e-02   2.2345e+01   4.4972e+00   0.0000e+00   0.0000e+00   2.9325e+02
20260115_18:00:00   7.6988e-02   2.2708e+01   4.6979e+00   0.0000e+00   0.0000e+00   2.9140e+02
20260115_19:00:00   7.7539e-02   2.2870e+01   4.8094e+00   0.0000e+00   0.0000e+00   2.8990e+02
20260115_20:00:00   7.8319e-02   2.3086e+01   4.9712e+00   0.0000e+00   0.0000e+00   2.8976e+02
20260115_21:00:00   7.9519e-02   2.3401e+01   5.1703e+00   0.0000e+00   0.0000e+00   2.8945e+02
20260115_22:00:00   8.0733e-02   2.3711e+01   5.3613e+00   0.0000e+00   0.0000e+00   2.9013e+02
20260115_23:00:00   8.2387e-02   2.4132e+01   5.6149e+00   0.0000e+00   0.0000e+00   2.9046e+02
20260116_00:00:00   8.3237e-02   2.4349e+01   5.7039e+00   0.0000e+00   0.0000e+00   2.9190e+02
20260116_01:00:00   8.2351e-02   2.4114e+01   5.5622e+00   0.0000e+00   0.0000e+00   2.9499e+02
20260116_02:00:00   8.1773e-02   2.3960e+01   5.4384e+00   0.0000e+00   0.0000e+00   2.9741e+02
20260116_03:00:00   8.0899e-02   2.3733e+01   5.2322e+00   0.0000e+00   0.0000e+00   2.9882e+02
20260116_04:00:00   7.9236e-02   2.3306e+01   4.8982e+00   0.0000e+00   0.0000e+00   2.9970e+02
20260116_05:00:00   7.7047e-02   2.2732e+01   4.5086e+00   0.0000e+00   0.0000e+00   2.9930e+02
20260116_06:00:00   7.4515e-02   2.2069e+01   4.0716e+00   0.0000e+00   0.0000e+00   3.0037e+02
20260116_07:00:00   7.2257e-02   2.1475e+01   3.6541e+00   0.0000e+00   0.0000e+00   2.9994e+02
20260116_08:00:00   7.0553e-02   2.1029e+01   3.3401e+00   0.0000e+00   0.0000e+00   2.9849e+02
20260116_09:00:00   6.9285e-02   2.0703e+01   3.1065e+00   0.0000e+00   0.0000e+00   2.9615e+02
20260116_10:00:00   6.8451e-02   2.0489e+01   2.9552e+00   0.0000e+00   0.0000e+00   2.9402e+02
20260116_11:00:00   6.7534e-02   2.0248e+01   2.8039e+00   0.0000e+00   0.0000e+00   2.9324e+02
20260116_12:00:00   6.6739e-02   2.0036e+01   2.6850e+00   0.0000e+00   0.0000e+00   2.9354e+02
20260116_13:00:00   6.6267e-02   1.9903e+01   2.6102e+00   0.0000e+00   0.0000e+00   2.9325e+02
20260116_14:00:00   6.5958e-02   1.9815e+01   2.5578e+00   0.0000e+00   0.0000e+00   2.9254e+02
20260116_15:00:00   6.5769e-02   1.9763e+01   2.5097e+00   0.0000e+00   0.0000e+00   2.9442e+02
20260116_16:00:00   6.5452e-02   1.9686e+01   2.4451e+00   0.0000e+00   0.0000e+00   2.9388e+02
20260116_17:00:00   6.6043e-02   1.9855e+01   2.5188e+00   0.0000e+00   0.0000e+00   2.9472e+02
20260116_18:00:00   6.7011e-02   2.0128e+01   2.6705e+00   0.0000e+00   0.0000e+00   2.9412e+02
20260116_19:00:00   6.7172e-02   2.0184e+01   2.7353e+00   0.0000e+00   0.0000e+00   2.9588e+02
20260116_20:00:00   6.7987e-02   2.0408e+01   2.9002e+00   0.0000e+00   0.0000e+00   2.9819e+02
20260116_21:00:00   6.8838e-02   2.0645e+01   3.0703e+00   0.0000e+00   0.0000e+00   3.0013e+02
20260116_22:00:00   7.0093e-02   2.0984e+01   3.2705e+00   0.0000e+00   0.0000e+00   2.9980e+02
20260116_23:00:00   7.1202e-02   2.1275e+01   3.4352e+00   0.0000e+00   0.0000e+00   2.9966e+02
20260117_00:00:00   7.0927e-02   2.1205e+01   3.3953e+00   0.0000e+00   0.0000e+00   3.0060e+02
20260117_01:00:00   7.0147e-02   2.0989e+01   3.2785e+00   0.0000e+00   0.0000e+00   3.0232e+02
20260117_02:00:00   6.9874e-02   2.0906e+01   3.2145e+00   0.0000e+00   0.0000e+00   3.0432e+02
20260117_03:00:00   6.9878e-02   2.0906e+01   3.1830e+00   0.0000e+00   0.0000e+00   3.0526e+02
20260117_04:00:00   6.9788e-02   2.0881e+01   3.1545e+00   0.0000e+00   0.0000e+00   3.0612e+02
20260117_05:00:00   6.8739e-02   2.0601e+01   3.0123e+00   0.0000e+00   0.0000e+00   3.0537e+02
20260117_06:00:00   6.7402e-02   2.0245e+01   2.8386e+00   0.0000e+00   0.0000e+00   3.0588e+02
20260117_07:00:00   6.6482e-02   1.9997e+01   2.7318e+00   0.0000e+00   0.0000e+00   3.0790e+02
20260117_08:00:00   6.6257e-02   1.9929e+01   2.7223e+00   0.0000e+00   0.0000e+00   3.1066e+02
20260117_09:00:00   6.6133e-02   1.9886e+01   2.7254e+00   0.0000e+00   0.0000e+00   3.1041e+02
20260117_10:00:00   6.6252e-02   1.9904e+01   2.7738e+00   0.0000e+00   0.0000e+00   3.1317e+02
20260117_11:00:00   6.6282e-02   1.9904e+01   2.7806e+00   0.0000e+00   0.0000e+00   3.1619e+02
20260117_12:00:00   6.6253e-02   1.9891e+01   2.7764e+00   0.0000e+00   0.0000e+00   3.1574e+02
20260117_13:00:00   6.6083e-02   1.9846e+01   2.7583e+00   0.0000e+00   0.0000e+00   3.1871e+02
20260117_14:00:00   6.5853e-02   1.9788e+01   2.7260e+00   0.0000e+00   0.0000e+00   3.2238e+02
20260117_15:00:00   6.5829e-02   1.9780e+01   2.7166e+00   0.0000e+00   0.0000e+00   3.2153e+02
20260117_16:00:00   6.6193e-02   1.9871e+01   2.7705e+00   0.0000e+00   4.8600e-07   3.2250e+02
20260117_17:00:00   6.6978e-02   2.0087e+01   2.8976e+00   0.0000e+00   4.4980e-05   3.2274e+02
20260117_18:00:00   6.8004e-02   2.0366e+01   3.0658e+00   0.0000e+00   1.9352e-04   3.2387e+02
20260117_19:00:00   6.8913e-02   2.0613e+01   3.2316e+00   0.0000e+00   8.6600e-04   3.2469e+02
20260117_20:00:00   7.0071e-02   2.0925e+01   3.4432e+00   0.0000e+00   2.4020e-03   3.2451e+02
20260117_21:00:00   7.0817e-02   2.1131e+01   3.5747e+00   0.0000e+00   3.5201e-03   3.2441e+02
20260117_22:00:00   7.1728e-02   2.1376e+01   3.7175e+00   0.0000e+00   3.3398e-03   3.2273e+02
20260117_23:00:00   7.2749e-02   2.1647e+01   3.8746e+00   0.0000e+00   5.3984e-03   3.2033e+02
20260118_00:00:00   7.3208e-02   2.1757e+01   3.9369e+00   0.0000e+00   1.0548e-02   3.1886e+02
20260118_01:00:00   7.3266e-02   2.1763e+01   3.9469e+00   0.0000e+00   1.2950e-02   3.1796e+02
20260118_02:00:00   7.3138e-02   2.1727e+01   3.9294e+00   0.0000e+00   8.8505e-03   3.1567e+02
20260118_03:00:00   7.3254e-02   2.1743e+01   3.9637e+00   0.0000e+00   6.4070e-03   3.1497e+02
20260118_04:00:00   7.2864e-02   2.1648e+01   3.8844e+00   0.0000e+00   2.9416e-03   3.1487e+02
20260118_05:00:00   7.2539e-02   2.1564e+01   3.8190e+00   0.0000e+00   2.7800e-03   3.1242e+02
20260118_06:00:00   7.3021e-02   2.1672e+01   3.9105e+00   0.0000e+00   3.5962e-03   3.0987e+02
20260118_07:00:00   7.3224e-02   2.1709e+01   3.9633e+00   0.0000e+00   1.6647e-02   3.0909e+02
20260118_08:00:00   7.5649e-02   2.2269e+01   4.4292e+00   0.0000e+00   6.9623e-02   3.0785e+02
20260118_09:00:00   7.7119e-02   2.2618e+01   4.7400e+00   0.0000e+00   2.1945e-02   3.0607e+02
20260118_10:00:00   7.5449e-02   2.2221e+01   4.3910e+00   0.0000e+00   2.5253e-02   3.0299e+02
20260118_11:00:00   7.5971e-02   2.2308e+01   4.5402e+00   0.0000e+00   4.5163e-02   3.0115e+02
20260118_12:00:00   7.6733e-02   2.2455e+01   4.7575e+00   0.0000e+00   3.0977e-02   2.9971e+02
20260118_13:00:00   7.4937e-02   2.2011e+01   4.4532e+00   0.0000e+00   1.0896e-02   2.9973e+02
20260118_14:00:00   7.3198e-02   2.1578e+01   4.1240e+00   0.0000e+00   6.2319e-03   2.9914e+02
20260118_15:00:00   7.2493e-02   2.1399e+01   3.9858e+00   0.0000e+00   2.2676e-03   2.9823e+02
20260118_16:00:00   7.2180e-02   2.1312e+01   3.9212e+00   0.0000e+00   1.2660e-03   2.9697e+02
20260118_17:00:00   7.2470e-02   2.1385e+01   3.9628e+00   0.0000e+00   3.8482e-04   2.9592e+02
20260118_18:00:00   7.3261e-02   2.1609e+01   4.0700e+00   0.0000e+00   3.8871e-05   2.9549e+02
20260118_19:00:00   7.3525e-02   2.1697e+01   4.1391e+00   0.0000e+00   8.8280e-06   2.9611e+02
20260118_20:00:00   7.4230e-02   2.1895e+01   4.2968e+00   0.0000e+00   0.0000e+00   2.9613e+02
20260118_21:00:00   7.4953e-02   2.2092e+01   4.4580e+00   0.0000e+00   0.0000e+00   2.9396e+02
20260118_22:00:00   7.5462e-02   2.2238e+01   4.5701e+00   0.0000e+00   0.0000e+00   2.9200e+02
20260118_23:00:00   7.6520e-02   2.2525e+01   4.7532e+00   0.0000e+00   0.0000e+00   2.9054e+02
20260119_00:00:00   7.8168e-02   2.2945e+01   5.0232e+00   0.0000e+00   0.0000e+00   2.8965e+02
20260119_01:00:00   7.9967e-02   2.3386e+01   5.3521e+00   0.0000e+00   0.0000e+00   2.8936e+02
20260119_02:00:00   8.2509e-02   2.4013e+01   5.7806e+00   0.0000e+00   0.0000e+00   2.9038e+02
20260119_03:00:00   8.4605e-02   2.4528e+01   6.1179e+00   0.0000e+00   0.0000e+00   2.9106e+02
20260119_04:00:00   8.6000e-02   2.4874e+01   6.3203e+00   0.0000e+00   0.0000e+00   2.9024e+02
20260119_05:00:00   8.7809e-02   2.5323e+01   6.5861e+00   0.0000e+00   0.0000e+00   2.8780e+02
20260119_06:00:00   8.9273e-02   2.5682e+01   6.7938e+00   0.0000e+00   0.0000e+00   2.8769e+02
20260119_07:00:00   9.0259e-02   2.5925e+01   6.9196e+00   0.0000e+00   0.0000e+00   2.8843e+02
20260119_08:00:00   9.0557e-02   2.6001e+01   6.9471e+00   0.0000e+00   0.0000e+00   2.8582e+02
20260119_09:00:00   9.0374e-02   2.5955e+01   6.9093e+00   0.0000e+00   0.0000e+00   2.8431e+02
20260119_10:00:00   9.0469e-02   2.5969e+01   6.9255e+00   0.0000e+00   2.3960e-04   2.8458e+02
20260119_11:00:00   9.0919e-02   2.6068e+01   7.0092e+00   0.0000e+00   0.0000e+00   2.8592e+02
20260119_12:00:00   9.0994e-02   2.6091e+01   7.0257e+00   0.0000e+00   0.0000e+00   2.8738e+02
20260119_15:00:00   9.0045e-02   2.5850e+01   6.8113e+00   0.0000e+00   7.3220e-06   2.8654e+02
20260119_18:00:00   8.3146e-02   2.4193e+01   5.6041e+00   0.0000e+00   6.7520e-04   2.8916e+02
20260119_21:00:00   7.8501e-02   2.3056e+01   4.9184e+00   0.0000e+00   1.7272e-03   2.9141e+02
20260120_00:00:00   7.8835e-02   2.3157e+01   4.9179e+00   0.0000e+00   2.5486e-03   2.8977e+02
20260120_03:00:00   8.0263e-02   2.3475e+01   5.0663e+00   0.0000e+00   2.9338e-03   2.8804e+02
20260120_06:00:00   8.0875e-02   2.3602e+01   5.0414e+00   0.0000e+00   2.7284e-03   2.8908e+02
20260120_09:00:00   7.8003e-02   2.2854e+01   4.5903e+00   0.0000e+00   7.4880e-04   2.8713e+02
20260120_12:00:00   7.6831e-02   2.2520e+01   4.4449e+00   0.0000e+00   1.6174e-03   2.8115e+02
20260120_15:00:00   7.6408e-02   2.2391e+01   4.4205e+00   0.0000e+00   4.1010e-03   2.7949e+02
20260120_18:00:00   7.7787e-02   2.2760e+01   4.6652e+00   0.0000e+00   4.1079e-03   2.7828e+02
20260120_21:00:00   7.9849e-02   2.3328e+01   5.1326e+00   0.0000e+00   4.7735e-03   2.7839e+02
20260121_00:00:00   8.7383e-02   2.5220e+01   6.3460e+00   0.0000e+00   2.8421e-02   2.7557e+02
20260121_03:00:00   9.4017e-02   2.6789e+01   7.3377e+00   0.0000e+00   5.5924e-02   2.7309e+02
20260121_06:00:00   9.4462e-02   2.6853e+01   7.4383e+00   0.0000e+00   5.1782e-02   2.7184e+02
20260121_09:00:00   9.7115e-02   2.7467e+01   7.8844e+00   0.0000e+00   9.6464e-03   2.7327e+02
20260121_12:00:00   1.0481e-01   2.9232e+01   9.1455e+00   0.0000e+00   1.2767e-01   2.7607e+02
20260121_15:00:00   1.1224e-01   3.0930e+01   1.0321e+01   0.0000e+00   4.2099e-02   2.7924e+02
20260121_18:00:00   1.2486e-01   3.3880e+01   1.1963e+01   0.0000e+00   1.4717e-01   2.7753e+02
20260121_21:00:00   1.2482e-01   3.3920e+01   1.1947e+01   0.0000e+00   4.8273e-02   2.7546e+02
20260122_00:00:00   1.2774e-01   3.4681e+01   1.1923e+01   8.0980e-08   4.8606e-02   2.7508e+02
20260122_03:00:00   1.2922e-01   3.5078e+01   1.1630e+01   0.0000e+00   5.5628e-03   2.7846e+02
20260122_06:00:00   1.2999e-01   3.5139e+01   1.1724e+01   2.4300e-06   7.4293e-03   2.8167e+02
20260122_09:00:00   1.2827e-01   3.4749e+01   1.1202e+01   1.6196e-07   7.0169e-03   2.8277e+02
20260122_12:00:00   1.2360e-01   3.3693e+01   1.0424e+01   4.8599e-07   9.8680e-05   2.8652e+02
20260122_15:00:00   1.2820e-01   3.4720e+01   1.0945e+01   8.0180e-06   6.6017e-05   2.9168e+02
20260122_18:00:00   1.3227e-01   3.5669e+01   1.1595e+01   3.7251e-05   1.1796e-03   3.0023e+02
20260122_21:00:00   1.3864e-01   3.7175e+01   1.2436e+01   6.4824e-05   1.9031e-02   3.0481e+02
20260123_00:00:00   1.5864e-01   4.1687e+01   1.3713e+01   7.4147e-03   2.7033e-01   3.0844e+02
20260123_03:00:00   2.4619e-01   6.1120e+01   1.4402e+01   9.5247e-02   1.8889e-01   3.1359e+02
20260123_06:00:00   1.6689e-01   4.3568e+01   1.3526e+01   1.4790e-02   1.4166e-01   3.1463e+02
20260123_09:00:00   1.3899e-01   3.7191e+01   1.1771e+01   0.0000e+00   0.0000e+00   3.0215e+02
20260123_12:00:00   1.2568e-01   3.4131e+01   1.0153e+01   0.0000e+00   0.0000e+00   2.9593e+02
20260123_15:00:00   1.1156e-01   3.0846e+01   8.4739e+00   0.0000e+00   0.0000e+00   2.9535e+02
20260123_18:00:00   1.0557e-01   2.9498e+01   7.9254e+00   0.0000e+00   7.0699e-03   2.8577e+02
20260123_21:00:00   1.0951e-01   3.0482e+01   9.0836e+00   0.0000e+00   1.1645e-02   2.8552e+02
20260124_00:00:00   1.2657e-01   3.4555e+01   1.1680e+01   0.0000e+00   9.5396e-03   2.8702e+02
20260124_03:00:00   1.3412e-01   3.6201e+01   1.2778e+01   3.2400e-07   7.1683e-03   2.9065e+02
20260124_06:00:00   1.2043e-01   3.2979e+01   1.0796e+01   0.0000e+00   2.5906e-03   2.9409e+02
20260124_09:00:00   1.0340e-01   2.8970e+01   8.0242e+00   0.0000e+00   8.4706e-04   2.9357e+02
20260124_12:00:00   1.0458e-01   2.9210e+01   8.0676e+00   0.0000e+00   1.2215e-02   2.8962e+02
20260124_15:00:00   1.0513e-01   2.9317e+01   8.2310e+00   0.0000e+00   5.2412e-03   2.9067e+02
20260124_18:00:00   1.0979e-01   3.0444e+01   9.0611e+00   0.0000e+00   5.8193e-03   2.9017e+02
20260124_21:00:00   1.2100e-01   3.3100e+01   1.0887e+01   0.0000e+00   1.3069e-01   2.8835e+02
20260125_00:00:00   1.2108e-01   3.3240e+01   1.0645e+01   0.0000e+00   1.1455e-02   2.9137e+02
20260125_03:00:00   1.2346e-01   3.3732e+01   1.0751e+01   0.0000e+00   2.0451e-02   2.9590e+02
20260125_06:00:00   1.1913e-01   3.2671e+01   1.0078e+01   0.0000e+00   1.6574e-02   3.0285e+02
20260125_09:00:00   1.1465e-01   3.1482e+01   9.6150e+00   0.0000e+00   9.4221e-02   3.1550e+02
20260125_12:00:00   1.1296e-01   3.1027e+01   9.4222e+00   0.0000e+00   7.0043e-03   3.2258e+02
20260125_15:00:00   1.1918e-01   3.2415e+01   1.0102e+01   0.0000e+00   3.6366e-03   3.3013e+02
20260125_18:00:00   1.0683e-01   2.9695e+01   8.0015e+00   1.0346e-05   5.2881e-05   3.3265e+02
20260125_21:00:00   1.0545e-01   2.9441e+01   8.0986e+00   1.6197e-06   1.1492e-05   3.2348e+02
20260126_00:00:00   1.0501e-01   2.9282e+01   8.4322e+00   9.7180e-06   2.5717e-04   3.1728e+02
20260126_03:00:00   1.1470e-01   3.1525e+01   9.7895e+00   1.0528e-05   7.3204e-03   3.2093e+02
20260126_06:00:00   1.2085e-01   3.2906e+01   1.0518e+01   2.3480e-06   5.7776e-03   3.1623e+02
20260126_09:00:00   1.1503e-01   3.1548e+01   9.4703e+00   9.8800e-06   5.0780e-04   3.2025e+02
20260126_12:00:00   1.0748e-01   2.9702e+01   8.2866e+00   3.3360e-05   6.1650e-03   3.1352e+02
20260126_15:00:00   9.9487e-02   2.7764e+01   7.0406e+00   0.0000e+00   8.3139e-04   3.1425e+02
20260126_18:00:00   9.6785e-02   2.7177e+01   6.6610e+00   0.0000e+00   0.0000e+00   3.1368e+02
20260126_21:00:00   9.3335e-02   2.6418e+01   6.4174e+00   0.0000e+00   7.7740e-07   3.1244e+02
20260127_00:00:00   9.6784e-02   2.7277e+01   7.2095e+00   0.0000e+00   1.2080e-03   3.0906e+02
20260127_03:00:00   1.0497e-01   2.9292e+01   8.3284e+00   4.4060e-05   2.2073e-03   3.0301e+02
20260127_06:00:00   1.1964e-01   3.2756e+01   1.0447e+01   0.0000e+00   1.4748e-02   2.9603e+02
20260127_09:00:00   1.1489e-01   3.1676e+01   9.6882e+00   0.0000e+00   4.4187e-02   2.9554e+02
20260127_12:00:00   1.0800e-01   3.0067e+01   8.5643e+00   0.0000e+00   0.0000e+00   2.9589e+02
20260127_15:00:00   1.1029e-01   3.0582e+01   8.9617e+00   0.0000e+00   1.1118e-03   2.9807e+02
20260127_18:00:00   1.1363e-01   3.1423e+01   9.5165e+00   0.0000e+00   1.6980e-03   2.9954e+02
20260127_21:00:00   1.1193e-01   3.1017e+01   9.5468e+00   0.0000e+00   5.3420e-05   2.9618e+02
20260128_00:00:00   1.0482e-01   2.9425e+01   8.4176e+00   0.0000e+00   2.9260e-03   2.9652e+02
20260128_03:00:00   1.0091e-01   2.8478e+01   7.7299e+00   0.0000e+00   3.7335e-03   2.9606e+02
20260128_06:00:00   9.9437e-02   2.8107e+01   7.4708e+00   0.0000e+00   1.2305e-02   2.9818e+02
20260128_09:00:00   1.0017e-01   2.8262e+01   7.6026e+00   0.0000e+00   3.1135e-02   2.9885e+02
20260128_12:00:00   1.0301e-01   2.8945e+01   8.0900e+00   0.0000e+00   1.1150e-03   3.0159e+02
20260128_15:00:00   1.0397e-01   2.9163e+01   8.3769e+00   0.0000e+00   1.5274e-03   2.9692e+02
20260128_18:00:00   1.0723e-01   2.9976e+01   9.1546e+00   0.0000e+00   2.9013e-03   2.9608e+02
20260128_21:00:00   1.0471e-01   2.9452e+01   8.9896e+00   0.0000e+00   1.0220e-02   2.9081e+02
20260129_00:00:00   1.0971e-01   3.0684e+01   9.8042e+00   0.0000e+00   1.4301e-02   2.8797e+02
20260129_03:00:00   1.0835e-01   3.0361e+01   9.4314e+00   0.0000e+00   7.0457e-03   2.8442e+02
20260129_06:00:00   1.0184e-01   2.8809e+01   8.3671e+00   0.0000e+00   3.2864e-03   2.8056e+02
20260129_09:00:00   9.8432e-02   2.7922e+01   8.0720e+00   0.0000e+00   2.2692e-02   2.7939e+02
20260129_12:00:00   9.8620e-02   2.7896e+01   8.2474e+00   0.0000e+00   1.1845e-01   2.7783e+02
20260129_15:00:00   9.0861e-02   2.6044e+01   6.8828e+00   0.0000e+00   8.4521e-02   2.7974e+02
20260129_18:00:00   9.1695e-02   2.6231e+01   7.2158e+00   0.0000e+00   3.6034e-02   2.7937e+02
20260129_21:00:00   9.1486e-02   2.6230e+01   7.2472e+00   0.0000e+00   4.3044e-02   2.7933e+02
20260130_00:00:00   9.9279e-02   2.8187e+01   8.3969e+00   0.0000e+00   3.1868e-02   2.7858e+02
20260130_03:00:00   1.0249e-01   2.8949e+01   8.7025e+00   0.0000e+00   2.9877e-03   2.8067e+02
20260130_06:00:00   9.9149e-02   2.8118e+01   8.1431e+00   0.0000e+00   3.9343e-03   2.8267e+02
20260130_09:00:00   9.8994e-02   2.8010e+01   8.1865e+00   0.0000e+00   1.6610e-02   2.8521e+02
20260130_12:00:00   1.0286e-01   2.8798e+01   8.9600e+00   0.0000e+00   9.5094e-03   2.8619e+02
