#            date       tau255        Tb[K]      pwv[mm] lwp[kg*m^-2] iwp[kg*m^-2]       o3[DU]
20260114_18:00:00   8.6366e-02   2.5068e+01   6.1528e+00   0.0000e+00   0.0000e+00   2.9034e+02
20260114_19:00:00   8.7642e-02   2.5435e+01   6.3346e+00   0.0000e+00   0.0000e+00   2.9305e+02
20260114_20:00:00   8.7099e-02   2.5313e+01   6.2672e+00   0.0000e+00   0.0000e+00   2.9477e+02
20260114_21:00:00   8.6851e-02   2.5266e+01   6.2755e+00   0.0000e+00   0.0000e+00   2.9148e+02
20260114_22:00:00   8.7820e-02   2.5518e+01   6.4473e+00   0.0000e+00   0.0000e+00   2.8752e+02
20260114_23:00:00   8.8677e-02   2.5746e+01   6.5498e+00   0.0000e+00   0.0000e+00   2.8848e+02
20260115_00:00:00   9.0112e-02   2.6104e+01   6.6645e+00   0.0000e+00   0.0000e+00   2.8841e+02
20260115_01:00:00   8.9608e-02   2.5948e+01   6.5446e+00   0.0000e+00   0.0000e+00   2.8638e+02
20260115_02:00:00   8.7988e-02   2.5538e+01   6.2562e+00   0.0000e+00   0.0000e+00   2.8555e+02
20260115_03:00:00   8.6021e-02   2.5037e+01   5.9539e+00   0.0000e+00   0.0000e+00   2.8865e+02
20260115_04:00:00   8.4379e-02   2.4613e+01   5.7178e+00   0.0000e+00   0.0000e+00   2.8857e+02
20260115_05:00:00   8.2892e-02   2.4225e+01   5.5236e+00   0.0000e+00   0.0000e+00   2.8626e+02
20260115_06:00:00   8.1338e-02   2.3820e+01   5.3051e+00   0.0000e+00   0.0000e+00   2.8528e+02
20260115_07:00:00   7.9983e-02   2.3468e+01   5.1140e+00   0.0000e+00   0.0000e+00   2.8517e+02
20260115_08:00:00   7.8783e-02   2.3161e+01   4.9367e+00   0.0000e+00   0.0000e+00   2.8490e+02
20260115_09:00:00   7.7944e-02   2.2953e+01   4.8050e+00   0.0000e+00   0.0000e+00   2.8478e+02
20260115_10:00:00   7.7377e-02   2.2814e+01   4.7248e+00   0.0000e+00   0.0000e+00   2.8553e+02
20260115_11:00:00   7.6891e-02   2.2684e+01   4.6508e+00   0.0000e+00   0.0000e+00   2.8674e+02
20260115_12:00:00   7.6523e-02   2.2584e+01   4.5889e+00   0.0000e+00   0.0000e+00   2.8771e+02
20260115_13:00:00   7.6093e-02   2.2471e+01   4.5215e+00   0.0000e+00   0.0000e+00   2.8908e+02
20260115_14:00:00   7.5472e-02   2.2316e+01   4.4374e+00   0.0000e+00   0.0000e+00   2.9017e+02
20260115_15:00:00   7.5025e-02   2.2205e+01   4.3895e+00   0.0000e+00   0.0000e+00   2.9069e+02
20260115_16:00:00   7.5961e-02   2.2429e+01   4.5427e+00   0.0000e+00   0.0000e+00   2.9091e+02
20260115_17:00:00   7.7228e-02   2.2750e+01   4.7531e+00   0.0000e+00   0.0000e+00   2.9069e+02
20260115_18:00:00   7.8754e-02   2.3154e+01   4.9663e+00   0.0000e+00   0.0000e+00   2.9106e+02
20260115_19:00:00   7.8987e-02   2.3241e+01   5.0380e+00   0.0000e+00   0.0000e+00   2.9108e+02
20260115_20:00:00   7.9745e-02   2.3449e+01   5.1918e+00   0.0000e+00   0.0000e+00   2.8967e+02
20260115_21:00:00   8.0832e-02   2.3735e+01   5.3769e+00   0.0000e+00   0.0000e+00   2.8850e+02
20260115_22:00:00   8.2081e-02   2.4053e+01   5.5723e+00   0.0000e+00   0.0000e+00   2.8934e+02
20260115_23:00:00   8.3055e-02   2.4306e+01   5.6933e+00   0.0000e+00   0.0000e+00   2.9124e+02
20260116_00:00:00   8.3512e-02   2.4422e+01   5.7339e+00   0.0000e+00   0.0000e+00   2.9073e+02
20260116_01:00:00   8.2897e-02   2.4257e+01   5.6224e+00   0.0000e+00   0.0000e+00   2.9449e+02
20260116_02:00:00   8.2652e-02   2.4191e+01   5.5381e+00   0.0000e+00   0.0000e+00   2.9538e+02
20260116_03:00:00   8.1925e-02   2.4008e+01   5.3441e+00   0.0000e+00   0.0000e+00   2.9683e+02
20260116_04:00:00   8.0534e-02   2.3640e+01   5.0518e+00   0.0000e+00   0.0000e+00   2.9824e+02
20260116_05:00:00   7.8095e-02   2.2999e+01   4.6477e+00   0.0000e+00   0.0000e+00   2.9852e+02
20260116_06:00:00   7.5926e-02   2.2419e+01   4.2612e+00   0.0000e+00   0.0000e+00   2.9898e+02
20260116_07:00:00   7.4177e-02   2.1955e+01   3.9287e+00   0.0000e+00   0.0000e+00   2.9753e+02
20260116_08:00:00   7.1863e-02   2.1367e+01   3.5227e+00   0.0000e+00   0.0000e+00   2.9739e+02
20260116_09:00:00   7.0890e-02   2.1116e+01   3.3284e+00   0.0000e+00   0.0000e+00   2.9794e+02
20260116_10:00:00   7.0330e-02   2.0967e+01   3.2192e+00   0.0000e+00   0.0000e+00   2.9678e+02
20260116_11:00:00   6.9654e-02   2.0788e+01   3.1289e+00   0.0000e+00   0.0000e+00   2.9746e+02
20260116_12:00:00   6.9240e-02   2.0672e+01   3.0566e+00   0.0000e+00   0.0000e+00   2.9557e+02
20260116_13:00:00   6.9030e-02   2.0608e+01   2.9975e+00   0.0000e+00   0.0000e+00   2.9356e+02
20260116_14:00:00   6.8495e-02   2.0466e+01   2.8972e+00   0.0000e+00   0.0000e+00   2.9324e+02
20260116_15:00:00   6.8001e-02   2.0334e+01   2.8079e+00   0.0000e+00   0.0000e+00   2.9181e+02
20260116_16:00:00   6.7597e-02   2.0232e+01   2.7426e+00   0.0000e+00   0.0000e+00   2.9179e+02
20260116_17:00:00   6.8273e-02   2.0420e+01   2.8336e+00   0.0000e+00   0.0000e+00   2.9372e+02
20260116_18:00:00   6.8703e-02   2.0555e+01   2.9144e+00   0.0000e+00   0.0000e+00   2.9216e+02
20260116_19:00:00   6.8518e-02   2.0526e+01   2.9202e+00   0.0000e+00   0.0000e+00   2.9346e+02
20260116_20:00:00   6.9396e-02   2.0768e+01   3.0648e+00   0.0000e+00   0.0000e+00   2.9689e+02
20260116_21:00:00   6.9830e-02   2.0896e+01   3.1467e+00   0.0000e+00   0.0000e+00   2.9801e+02
20260116_22:00:00   7.0552e-02   2.1096e+01   3.2532e+00   0.0000e+00   0.0000e+00   2.9708e+02
20260116_23:00:00   7.1692e-02   2.1396e+01   3.4160e+00   0.0000e+00   0.0000e+00   2.9670e+02
20260117_00:00:00   7.2107e-02   2.1502e+01   3.4669e+00   0.0000e+00   0.0000e+00   2.9910e+02
20260117_01:00:00   7.1319e-02   2.1287e+01   3.3478e+00   0.0000e+00   0.0000e+00   3.0117e+02
20260117_02:00:00   7.0712e-02   2.1124e+01   3.2712e+00   0.0000e+00   0.0000e+00   3.0471e+02
20260117_03:00:00   7.0675e-02   2.1103e+01   3.2727e+00   0.0000e+00   0.0000e+00   3.0545e+02
20260117_04:00:00   7.0080e-02   2.0935e+01   3.2075e+00   0.0000e+00   0.0000e+00   3.0697e+02
20260117_05:00:00   6.9097e-02   2.0671e+01   3.0884e+00   0.0000e+00   0.0000e+00   3.0602e+02
20260117_06:00:00   6.8159e-02   2.0416e+01   2.9687e+00   0.0000e+00   0.0000e+00   3.0805e+02
20260117_07:00:00   6.7479e-02   2.0231e+01   2.8961e+00   0.0000e+00   0.0000e+00   3.0923e+02
20260117_08:00:00   6.7427e-02   2.0201e+01   2.9093e+00   0.0000e+00   0.0000e+00   3.1031e+02
20260117_09:00:00   6.7248e-02   2.0145e+01   2.9268e+00   0.0000e+00   0.0000e+00   3.1019e+02
20260117_10:00:00   6.7385e-02   2.0179e+01   2.9509e+00   0.0000e+00   0.0000e+00   3.1152e+02
20260117_11:00:00   6.7538e-02   2.0211e+01   2.9818e+00   0.0000e+00   0.0000e+00   3.1350e+02
20260117_12:00:00   6.7377e-02   2.0170e+01   2.9654e+00   0.0000e+00   0.0000e+00   3.1490e+02
20260117_13:00:00   6.7341e-02   2.0164e+01   2.9694e+00   0.0000e+00   0.0000e+00   3.1942e+02
20260117_14:00:00   6.7624e-02   2.0235e+01   3.0043e+00   0.0000e+00   0.0000e+00   3.2463e+02
20260117_15:00:00   6.7919e-02   2.0304e+01   3.0288e+00   0.0000e+00   0.0000e+00   3.2526e+02
20260117_16:00:00   6.8208e-02   2.0378e+01   3.0814e+00   0.0000e+00   0.0000e+00   3.2599e+02
20260117_17:00:00   6.8860e-02   2.0558e+01   3.1860e+00   0.0000e+00   0.0000e+00   3.2781e+02
20260117_18:00:00   6.9780e-02   2.0818e+01   3.3456e+00   0.0000e+00   0.0000e+00   3.2862e+02
20260117_19:00:00   7.0531e-02   2.1031e+01   3.4862e+00   0.0000e+00   0.0000e+00   3.2759e+02
20260117_20:00:00   7.1744e-02   2.1358e+01   3.6827e+00   0.0000e+00   0.0000e+00   3.2664e+02
20260117_21:00:00   7.2582e-02   2.1591e+01   3.8216e+00   0.0000e+00   4.7360e-06   3.2609e+02
20260117_22:00:00   7.3315e-02   2.1795e+01   3.9406e+00   0.0000e+00   1.0034e-04   3.2483e+02
20260117_23:00:00   7.4512e-02   2.2114e+01   4.1193e+00   0.0000e+00   1.6122e-03   3.2355e+02
20260118_00:00:00   7.5004e-02   2.2243e+01   4.1770e+00   0.0000e+00   4.5306e-03   3.2303e+02
20260118_01:00:00   7.4792e-02   2.2181e+01   4.1355e+00   0.0000e+00   3.3115e-03   3.2263e+02
20260118_02:00:00   7.4670e-02   2.2139e+01   4.1035e+00   0.0000e+00   2.9904e-03   3.2158e+02
20260118_03:00:00   7.4815e-02   2.2162e+01   4.1452e+00   0.0000e+00   1.4986e-02   3.2026e+02
20260118_04:00:00   7.5022e-02   2.2204e+01   4.1846e+00   0.0000e+00   1.4168e-02   3.1987e+02
20260118_05:00:00   7.5651e-02   2.2343e+01   4.3383e+00   0.0000e+00   7.0416e-03   3.1954e+02
20260118_06:00:00   7.5664e-02   2.2341e+01   4.3515e+00   0.0000e+00   4.6562e-03   3.1782e+02
20260118_07:00:00   7.5597e-02   2.2332e+01   4.3062e+00   0.0000e+00   5.0144e-03   3.1545e+02
20260118_08:00:00   7.5880e-02   2.2385e+01   4.3885e+00   0.0000e+00   4.9542e-03   3.1141e+02
20260118_09:00:00   7.5654e-02   2.2319e+01   4.3400e+00   0.0000e+00   1.3006e-02   3.0974e+02
20260118_10:00:00   7.5927e-02   2.2365e+01   4.4137e+00   0.0000e+00   2.3148e-02   3.0986e+02
20260118_11:00:00   7.7685e-02   2.2736e+01   4.8012e+00   0.0000e+00   6.7837e-02   3.0858e+02
20260118_12:00:00   7.6395e-02   2.2408e+01   4.6195e+00   0.0000e+00   1.1504e-02   3.0632e+02
20260118_13:00:00   7.5218e-02   2.2101e+01   4.4076e+00   0.0000e+00   1.8880e-02   3.0576e+02
20260118_14:00:00   7.4970e-02   2.2012e+01   4.3812e+00   0.0000e+00   3.2146e-02   3.0439e+02
20260118_15:00:00   7.5531e-02   2.2123e+01   4.5339e+00   0.0000e+00   9.0448e-03   3.0519e+02
20260118_16:00:00   7.6438e-02   2.2318e+01   4.7205e+00   0.0000e+00   4.1928e-03   3.0461e+02
20260118_17:00:00   7.6189e-02   2.2264e+01   4.6583e+00   0.0000e+00   1.7537e-03   3.0144e+02
20260118_18:00:00   7.5465e-02   2.2126e+01   4.4840e+00   0.0000e+00   1.8434e-03   3.0013e+02
20260118_19:00:00   7.4258e-02   2.1868e+01   4.2526e+00   0.0000e+00   7.1621e-04   3.0052e+02
20260118_20:00:00   7.4129e-02   2.1861e+01   4.2412e+00   0.0000e+00   3.0449e-05   3.0045e+02
20260118_21:00:00   7.4662e-02   2.2016e+01   4.3501e+00   0.0000e+00   8.9060e-06   2.9795e+02
20260118_22:00:00   7.5602e-02   2.2270e+01   4.5238e+00   0.0000e+00   0.0000e+00   2.9456e+02
20260118_23:00:00   7.7911e-02   2.2853e+01   4.9481e+00   0.0000e+00   0.0000e+00   2.9265e+02
20260119_00:00:00   7.9750e-02   2.3324e+01   5.2578e+00   0.0000e+00   0.0000e+00   2.9173e+02
20260119_01:00:00   8.0001e-02   2.3390e+01   5.2985e+00   0.0000e+00   0.0000e+00   2.8952e+02
20260119_02:00:00   8.0669e-02   2.3554e+01   5.4083e+00   0.0000e+00   0.0000e+00   2.8975e+02
20260119_03:00:00   8.1813e-02   2.3839e+01   5.5951e+00   0.0000e+00   0.0000e+00   2.8880e+02
20260119_04:00:00   8.2337e-02   2.3973e+01   5.6690e+00   0.0000e+00   2.5300e-06   2.8836e+02
20260119_05:00:00   8.2215e-02   2.3936e+01   5.6300e+00   0.0000e+00   4.1360e-05   2.8887e+02
20260119_06:00:00   8.1746e-02   2.3811e+01   5.5308e+00   0.0000e+00   0.0000e+00   2.8899e+02
20260119_07:00:00   8.1496e-02   2.3742e+01   5.4700e+00   0.0000e+00   0.0000e+00   2.8591e+02
20260119_08:00:00   8.1375e-02   2.3704e+01   5.4553e+00   0.0000e+00   0.0000e+00   2.8763e+02
20260119_09:00:00   8.1411e-02   2.3692e+01   5.4785e+00   0.0000e+00   0.0000e+00   2.8793e+02
20260119_10:00:00   8.1438e-02   2.3683e+01   5.4916e+00   0.0000e+00   0.0000e+00   2.8621e+02
20260119_11:00:00   8.0907e-02   2.3544e+01   5.4058e+00   0.0000e+00   0.0000e+00   2.8479e+02
20260119_12:00:00   8.0644e-02   2.3474e+01   5.3251e+00   0.0000e+00   0.0000e+00   2.8523e+02
20260119_13:00:00   8.0099e-02   2.3347e+01   5.1877e+00   0.0000e+00   0.0000e+00   2.8833e+02
20260119_14:00:00   8.0224e-02   2.3388e+01   5.1682e+00   0.0000e+00   0.0000e+00   2.8786e+02
20260119_15:00:00   8.0371e-02   2.3436e+01   5.1753e+00   0.0000e+00   0.0000e+00   2.8842e+02
20260119_16:00:00   8.0454e-02   2.3469e+01   5.1707e+00   0.0000e+00   0.0000e+00   2.8902e+02
20260119_17:00:00   8.1937e-02   2.3850e+01   5.3839e+00   0.0000e+00   0.0000e+00   2.9069e+02
20260119_18:00:00   8.3517e-02   2.4264e+01   5.6518e+00   0.0000e+00   0.0000e+00   2.9019e+02
20260119_21:00:00   8.5626e-02   2.4840e+01   6.0576e+00   0.0000e+00   0.0000e+00   2.9504e+02
20260120_00:00:00   8.8764e-02   2.5660e+01   6.4847e+00   0.0000e+00   0.0000e+00   2.9372e+02
20260120_03:00:00   9.0597e-02   2.6078e+01   6.6612e+00   0.0000e+00   0.0000e+00   2.9428e+02
20260120_06:00:00   9.1229e-02   2.6211e+01   6.6551e+00   0.0000e+00   2.0840e-06   2.9603e+02
20260120_09:00:00   9.0324e-02   2.5961e+01   6.4946e+00   0.0000e+00   0.0000e+00   2.9103e+02
20260120_12:00:00   8.8175e-02   2.5388e+01   6.1915e+00   0.0000e+00   0.0000e+00   2.8418e+02
20260120_15:00:00   8.7309e-02   2.5156e+01   6.0552e+00   0.0000e+00   0.0000e+00   2.8457e+02
20260120_18:00:00   8.6985e-02   2.5115e+01   5.9938e+00   0.0000e+00   1.3348e-06   2.8748e+02
20260120_21:00:00   8.7068e-02   2.5217e+01   6.0885e+00   0.0000e+00   9.5284e-06   2.8599e+02
20260121_00:00:00   9.0997e-02   2.6237e+01   6.7022e+00   0.0000e+00   8.5836e-04   2.8068e+02
20260121_03:00:00   9.2651e-02   2.6614e+01   6.8748e+00   0.0000e+00   2.6077e-03   2.7736e+02
20260121_06:00:00   9.2153e-02   2.6456e+01   6.8145e+00   0.0000e+00   1.6200e-03   2.7549e+02
20260121_09:00:00   8.9843e-02   2.5867e+01   6.4283e+00   0.0000e+00   6.1327e-04   2.7612e+02
20260121_12:00:00   8.9549e-02   2.5773e+01   6.3319e+00   0.0000e+00   1.0498e-03   2.7795e+02
20260121_15:00:00   8.8743e-02   2.5545e+01   6.1919e+00   0.0000e+00   1.1590e-04   2.8101e+02
20260121_18:00:00   8.8721e-02   2.5548e+01   6.1982e+00   0.0000e+00   4.3331e-03   2.7977e+02
20260121_21:00:00   9.0824e-02   2.6097e+01   6.6383e+00   0.0000e+00   1.5226e-02   2.7977e+02
20260122_00:00:00   9.5552e-02   2.7264e+01   7.4423e+00   0.0000e+00   1.2962e-02   2.7687e+02
20260122_03:00:00   1.0404e-01   2.9235e+01   8.7341e+00   0.0000e+00   1.3840e-02   2.7668e+02
20260122_06:00:00   1.0555e-01   2.9493e+01   9.0661e+00   0.0000e+00   2.9661e-02   2.7997e+02
20260122_09:00:00   1.1117e-01   3.0715e+01   9.9953e+00   0.0000e+00   2.4583e-02   2.8120e+02
20260122_12:00:00   1.1476e-01   3.1508e+01   1.0425e+01   0.0000e+00   5.2247e-02   2.8557e+02
20260122_15:00:00   1.2162e-01   3.3135e+01   1.1270e+01   0.0000e+00   1.6658e-02   2.9147e+02
20260122_18:00:00   1.2072e-01   3.3059e+01   1.0824e+01   4.8600e-07   1.7957e-03   2.9671e+02
20260122_21:00:00   1.1824e-01   3.2610e+01   1.0397e+01   1.3686e-05   7.7432e-04   2.9987e+02
20260123_00:00:00   1.2898e-01   3.5105e+01   1.2034e+01   4.2544e-05   5.5853e-03   3.0394e+02
20260123_03:00:00   1.2373e-01   3.3876e+01   1.0441e+01   2.7530e-06   8.1342e-04   3.0666e+02
20260123_06:00:00   1.1075e-01   3.0659e+01   8.6040e+00   1.2654e-06   4.5935e-05   3.1782e+02
20260123_09:00:00   1.0257e-01   2.8581e+01   7.5138e+00   5.6680e-07   2.3590e-04   3.1593e+02
20260123_12:00:00   1.0136e-01   2.8228e+01   7.3370e+00   1.2958e-06   1.5914e-04   3.2173e+02
20260123_15:00:00   1.0907e-01   2.9924e+01   8.4920e+00   2.5100e-06   4.3702e-04   3.1983e+02
20260123_18:00:00   1.0200e-01   2.8358e+01   7.4234e+00   7.2880e-06   1.6382e-05   3.1305e+02
20260123_21:00:00   9.2991e-02   2.6253e+01   6.4319e+00   1.2148e-06   1.9598e-06   3.1305e+02
20260124_00:00:00   9.4266e-02   2.6560e+01   6.8791e+00   9.7180e-07   3.4690e-05   3.0512e+02
20260124_03:00:00   9.4954e-02   2.6773e+01   6.9422e+00   0.0000e+00   4.9842e-05   3.0335e+02
20260124_06:00:00   9.3154e-02   2.6332e+01   6.7453e+00   0.0000e+00   2.0164e-04   3.0292e+02
20260124_09:00:00   9.4060e-02   2.6525e+01   7.1119e+00   0.0000e+00   2.2894e-03   3.0512e+02
20260124_12:00:00   9.8336e-02   2.7529e+01   7.8120e+00   0.0000e+00   1.6379e-03   3.0121e+02
20260124_15:00:00   1.0191e-01   2.8416e+01   8.4014e+00   0.0000e+00   0.0000e+00   2.9934e+02
20260124_18:00:00   1.0867e-01   3.0139e+01   9.4813e+00   0.0000e+00   0.0000e+00   2.9224e+02
20260124_21:00:00   1.2015e-01   3.2959e+01   1.1435e+01   0.0000e+00   1.7099e-03   2.8692e+02
20260125_00:00:00   1.3521e-01   3.6645e+01   1.3659e+01   0.0000e+00   2.4974e-04   2.8442e+02
20260125_03:00:00   1.4433e-01   3.8759e+01   1.4736e+01   0.0000e+00   1.0732e-05   2.8041e+02
20260125_06:00:00   1.3943e-01   3.7631e+01   1.4011e+01   0.0000e+00   5.2419e-04   2.7912e+02
20260125_09:00:00   1.2620e-01   3.4568e+01   1.2001e+01   0.0000e+00   1.1572e-03   2.8078e+02
20260125_12:00:00   1.1892e-01   3.2815e+01   1.1023e+01   0.0000e+00   1.7856e-02   2.8078e+02
20260125_15:00:00   1.0859e-01   3.0387e+01   9.4293e+00   0.0000e+00   1.6190e-03   2.8359e+02
20260125_18:00:00   1.0603e-01   2.9894e+01   8.8941e+00   0.0000e+00   2.1552e-03   2.8636e+02
20260125_21:00:00   1.0609e-01   3.0017e+01   9.0173e+00   0.0000e+00   7.3084e-03   2.7955e+02
20260126_00:00:00   1.1587e-01   3.2373e+01   1.0734e+01   0.0000e+00   1.6113e-03   2.7867e+02
20260126_03:00:00   1.1349e-01   3.1771e+01   1.0213e+01   0.0000e+00   7.0780e-03   2.8611e+02
20260126_06:00:00   1.0739e-01   3.0287e+01   9.2219e+00   0.0000e+00   1.0618e-02   2.9251e+02
20260126_09:00:00   1.0378e-01   2.9387e+01   8.8018e+00   0.0000e+00   6.8459e-03   2.8202e+02
20260126_12:00:00   9.9443e-02   2.8312e+01   8.1663e+00   0.0000e+00   6.1490e-03   2.8117e+02
20260126_15:00:00   9.6023e-02   2.7496e+01   7.5464e+00   0.0000e+00   1.1930e-02   2.7520e+02
20260126_18:00:00   9.5477e-02   2.7421e+01   7.3889e+00   0.0000e+00   4.7140e-03   2.7530e+02
20260126_21:00:00   1.0073e-01   2.8730e+01   8.4774e+00   0.0000e+00   1.2295e-02   2.7426e+02
20260127_00:00:00   1.0923e-01   3.0869e+01   9.6823e+00   0.0000e+00   2.1980e-02   2.7223e+02
20260127_03:00:00   1.1257e-01   3.1637e+01   1.0051e+01   0.0000e+00   2.1470e-02   2.7487e+02
20260127_06:00:00   1.1179e-01   3.1393e+01   1.0137e+01   0.0000e+00   2.1846e-02   2.7827e+02
20260127_09:00:00   1.0849e-01   3.0554e+01   9.7571e+00   0.0000e+00   3.0038e-03   2.7678e+02
20260127_12:00:00   1.0747e-01   3.0221e+01   9.7194e+00   0.0000e+00   8.6043e-04   2.7188e+02
20260127_15:00:00   1.0817e-01   3.0338e+01   9.8859e+00   0.0000e+00   3.8540e-05   2.7380e+02
20260127_18:00:00   1.1275e-01   3.1461e+01   1.0634e+01   0.0000e+00   8.6409e-04   2.7333e+02
20260127_21:00:00   1.1581e-01   3.2251e+01   1.1259e+01   0.0000e+00   3.3858e-04   2.7161e+02
20260128_00:00:00   1.1906e-01   3.3177e+01   1.1507e+01   0.0000e+00   9.9592e-04   2.7184e+02
20260128_03:00:00   1.2021e-01   3.3438e+01   1.1496e+01   0.0000e+00   3.9582e-03   2.7545e+02
20260128_06:00:00   1.1413e-01   3.1915e+01   1.0607e+01   0.0000e+00   4.3576e-03   2.7733e+02
20260128_09:00:00   1.1253e-01   3.1505e+01   1.0301e+01   0.0000e+00   8.9407e-04   2.7649e+02
20260128_12:00:00   1.1101e-01   3.1092e+01   1.0126e+01   0.0000e+00   4.2554e-03   2.7610e+02
20260128_15:00:00   1.0606e-01   2.9842e+01   9.2658e+00   0.0000e+00   7.3362e-03   2.7557e+02
20260128_18:00:00   1.0701e-01   3.0088e+01   9.4521e+00   0.0000e+00   4.4274e-03   2.7358e+02
20260128_21:00:00   1.1057e-01   3.0995e+01   1.0176e+01   0.0000e+00   3.5071e-03   2.7068e+02
20260129_00:00:00   1.2221e-01   3.3696e+01   1.2006e+01   0.0000e+00   6.1882e-03   2.7550e+02
20260129_03:00:00   1.3255e-01   3.6019e+01   1.3018e+01   3.7820e-05   2.7972e-02   2.8072e+02
20260129_06:00:00   1.4229e-01   3.8142e+01   1.3883e+01   0.0000e+00   4.6484e-02   2.8356e+02
20260129_09:00:00   1.2591e-01   3.4389e+01   1.0953e+01   3.6520e-05   3.3303e-03   2.9068e+02
20260129_12:00:00   1.1201e-01   3.1066e+01   8.5362e+00   1.0528e-05   1.6553e-03   3.0261e+02
20260129_15:00:00   9.8832e-02   2.7756e+01   6.5234e+00   4.6980e-06   7.7740e-07   3.1277e+02
20260129_18:00:00   9.7720e-02   2.7485e+01   6.3716e+00   0.0000e+00   0.0000e+00   3.2321e+02
20260129_21:00:00   9.4804e-02   2.6726e+01   6.2677e+00   0.0000e+00   0.0000e+00   3.2718e+02
20260130_00:00:00   9.6755e-02   2.7149e+01   6.5088e+00   9.0700e-06   1.7622e-05   3.3830e+02
20260130_03:00:00   9.0732e-02   2.5610e+01   5.4436e+00   2.1700e-05   3.7740e-06   3.4736e+02
20260130_06:00:00   8.6275e-02   2.4448e+01   4.6771e+00   0.0000e+00   0.0000e+00   3.4454e+02
20260130_09:00:00   8.1048e-02   2.3129e+01   3.9637e+00   0.0000e+00   0.0000e+00   3.4574e+02
20260130_12:00:00   7.8410e-02   2.2441e+01   3.6434e+00   0.0000e+00   0.0000e+00   3.5214e+02
20260130_15:00:00   7.7354e-02   2.2146e+01   3.4934e+00   0.0000e+00   3.4267e-03   3.6537e+02
20260130_18:00:00   7.3790e-02   2.1303e+01   3.0696e+00   0.0000e+00   4.2734e-04   3.7120e+02
