#            date       tau255        Tb[K]      pwv[mm] lwp[kg*m^-2] iwp[kg*m^-2]       o3[DU]
20260606_12:00:00   9.6323e-02   2.8171e+01   8.3818e+00   0.0000e+00   0.0000e+00   3.3548e+02
20260606_13:00:00   9.5926e-02   2.8029e+01   8.3462e+00   0.0000e+00   0.0000e+00   3.3258e+02
20260606_14:00:00   9.8167e-02   2.8600e+01   8.7252e+00   0.0000e+00   0.0000e+00   3.3200e+02
20260606_15:00:00   9.8481e-02   2.8665e+01   8.9427e+00   0.0000e+00   0.0000e+00   3.3090e+02
20260606_16:00:00   9.7797e-02   2.8486e+01   8.9701e+00   0.0000e+00   0.0000e+00   3.2920e+02
20260606_17:00:00   9.7895e-02   2.8523e+01   9.0798e+00   0.0000e+00   0.0000e+00   3.2868e+02
20260606_18:00:00   1.0035e-01   2.9140e+01   9.6142e+00   0.0000e+00   0.0000e+00   3.2905e+02
20260606_19:00:00   1.0731e-01   3.0895e+01   1.0817e+01   0.0000e+00   0.0000e+00   3.3385e+02
20260606_20:00:00   1.1370e-01   3.2546e+01   1.1837e+01   0.0000e+00   0.0000e+00   3.3406e+02
20260606_21:00:00   1.1811e-01   3.3664e+01   1.2629e+01   0.0000e+00   0.0000e+00   3.3170e+02
20260606_22:00:00   1.1632e-01   3.3281e+01   1.2306e+01   0.0000e+00   0.0000e+00   3.3016e+02
20260606_23:00:00   1.1566e-01   3.3125e+01   1.2080e+01   0.0000e+00   0.0000e+00   3.3390e+02
20260607_00:00:00   1.1488e-01   3.2960e+01   1.1802e+01   0.0000e+00   0.0000e+00   3.3661e+02
20260607_01:00:00   1.1431e-01   3.2822e+01   1.1563e+01   0.0000e+00   0.0000e+00   3.3266e+02
20260607_02:00:00   1.1126e-01   3.2036e+01   1.0983e+01   0.0000e+00   0.0000e+00   3.3416e+02
20260607_03:00:00   1.0862e-01   3.1342e+01   1.0432e+01   0.0000e+00   0.0000e+00   3.4224e+02
20260607_04:00:00   1.1006e-01   3.1598e+01   1.0712e+01   0.0000e+00   0.0000e+00   3.3942e+02
20260607_05:00:00   1.1469e-01   3.2595e+01   1.1542e+01   0.0000e+00   0.0000e+00   3.3696e+02
20260607_06:00:00   1.1591e-01   3.2823e+01   1.1705e+01   0.0000e+00   0.0000e+00   3.3980e+02
20260607_07:00:00   1.1050e-01   3.1471e+01   1.0735e+01   0.0000e+00   0.0000e+00   3.4128e+02
20260607_08:00:00   1.0649e-01   3.0419e+01   1.0036e+01   0.0000e+00   0.0000e+00   3.4349e+02
20260607_09:00:00   1.0364e-01   2.9716e+01   9.3930e+00   0.0000e+00   0.0000e+00   3.4258e+02
20260607_10:00:00   1.0226e-01   2.9349e+01   9.0909e+00   0.0000e+00   0.0000e+00   3.4897e+02
20260607_11:00:00   1.0126e-01   2.9089e+01   8.8987e+00   0.0000e+00   0.0000e+00   3.5490e+02
20260607_12:00:00   1.0098e-01   2.9019e+01   8.8055e+00   0.0000e+00   0.0000e+00   3.6059e+02
20260607_13:00:00   9.8050e-02   2.8307e+01   8.2741e+00   0.0000e+00   0.0000e+00   3.6638e+02
20260607_14:00:00   9.6206e-02   2.7860e+01   7.9611e+00   0.0000e+00   0.0000e+00   3.6369e+02
20260607_15:00:00   9.2620e-02   2.6986e+01   7.4153e+00   0.0000e+00   0.0000e+00   3.5846e+02
20260607_16:00:00   9.1674e-02   2.6790e+01   7.2569e+00   0.0000e+00   0.0000e+00   3.6138e+02
20260607_17:00:00   8.9144e-02   2.6194e+01   6.8999e+00   0.0000e+00   0.0000e+00   3.6180e+02
20260607_18:00:00   8.7855e-02   2.5896e+01   6.8095e+00   0.0000e+00   0.0000e+00   3.5609e+02
20260607_19:00:00   8.7755e-02   2.5884e+01   6.9594e+00   0.0000e+00   0.0000e+00   3.4919e+02
20260607_20:00:00   9.0226e-02   2.6519e+01   7.5650e+00   0.0000e+00   0.0000e+00   3.4565e+02
20260607_21:00:00   9.5442e-02   2.7826e+01   8.6412e+00   0.0000e+00   0.0000e+00   3.4419e+02
20260607_22:00:00   1.0009e-01   2.9005e+01   9.5416e+00   0.0000e+00   0.0000e+00   3.4591e+02
20260607_23:00:00   1.0583e-01   3.0433e+01   1.0581e+01   0.0000e+00   1.0140e-05   3.4427e+02
20260608_00:00:00   1.0947e-01   3.1367e+01   1.1258e+01   0.0000e+00   6.6138e-04   3.4511e+02
20260608_01:00:00   1.1302e-01   3.2246e+01   1.1932e+01   0.0000e+00   5.0461e-03   3.4615e+02
20260608_02:00:00   1.1476e-01   3.2690e+01   1.2203e+01   0.0000e+00   9.8202e-04   3.4376e+02
20260608_03:00:00   1.1710e-01   3.3295e+01   1.2467e+01   0.0000e+00   5.3010e-04   3.4275e+02
20260608_04:00:00   1.1783e-01   3.3487e+01   1.2391e+01   0.0000e+00   4.7695e-05   3.4044e+02
20260608_05:00:00   1.1939e-01   3.3839e+01   1.2557e+01   0.0000e+00   0.0000e+00   3.3877e+02
20260608_06:00:00   1.1824e-01   3.3502e+01   1.2325e+01   0.0000e+00   1.4990e-03   3.3950e+02
20260608_07:00:00   1.1485e-01   3.2604e+01   1.1813e+01   0.0000e+00   7.0360e-04   3.4237e+02
20260608_08:00:00   1.1044e-01   3.1452e+01   1.1140e+01   0.0000e+00   6.9552e-03   3.4287e+02
20260608_09:00:00   1.0796e-01   3.0805e+01   1.0774e+01   0.0000e+00   1.6366e-03   3.4530e+02
20260608_10:00:00   1.0540e-01   3.0135e+01   1.0401e+01   0.0000e+00   3.8731e-03   3.4111e+02
20260608_11:00:00   1.0237e-01   2.9362e+01   9.9545e+00   0.0000e+00   4.0823e-03   3.3791e+02
20260608_12:00:00   9.9260e-02   2.8570e+01   9.4725e+00   0.0000e+00   1.1426e-03   3.3760e+02
20260608_13:00:00   9.7672e-02   2.8144e+01   9.2427e+00   0.0000e+00   2.3595e-03   3.3475e+02
20260608_14:00:00   9.8267e-02   2.8279e+01   9.3574e+00   0.0000e+00   5.0930e-04   3.3659e+02
20260608_15:00:00   9.8585e-02   2.8358e+01   9.5006e+00   0.0000e+00   3.8740e-05   3.3955e+02
20260608_16:00:00   1.0010e-01   2.8757e+01   9.8383e+00   0.0000e+00   2.0200e-04   3.4162e+02
20260608_17:00:00   1.0204e-01   2.9266e+01   1.0270e+01   0.0000e+00   6.1340e-06   3.4351e+02
20260608_18:00:00   1.0415e-01   2.9738e+01   1.0819e+01   0.0000e+00   1.1362e-03   3.4508e+02
20260608_19:00:00   1.0867e-01   3.0808e+01   1.1682e+01   0.0000e+00   6.8299e-03   3.4177e+02
20260608_20:00:00   1.1261e-01   3.1833e+01   1.2391e+01   0.0000e+00   3.9363e-02   3.4153e+02
20260608_21:00:00   1.1903e-01   3.3463e+01   1.3479e+01   0.0000e+00   3.5995e-02   3.3915e+02
20260608_22:00:00   1.2654e-01   3.5311e+01   1.4653e+01   0.0000e+00   5.4662e-02   3.3871e+02
20260608_23:00:00   1.3217e-01   3.6732e+01   1.5454e+01   0.0000e+00   2.1700e-02   3.3740e+02
20260609_00:00:00   1.3845e-01   3.8283e+01   1.6240e+01   0.0000e+00   1.9876e-02   3.3501e+02
20260609_01:00:00   1.4149e-01   3.9072e+01   1.6477e+01   0.0000e+00   7.4497e-04   3.3360e+02
20260609_02:00:00   1.4428e-01   3.9781e+01   1.6664e+01   0.0000e+00   9.0728e-05   3.3260e+02
20260609_03:00:00   1.4724e-01   4.0512e+01   1.6854e+01   0.0000e+00   4.4482e-04   3.3323e+02
20260609_04:00:00   1.4962e-01   4.1067e+01   1.6999e+01   0.0000e+00   2.0840e-04   3.2936e+02
20260609_05:00:00   1.5122e-01   4.1446e+01   1.7007e+01   0.0000e+00   1.2680e-05   3.3043e+02
20260609_06:00:00   1.5354e-01   4.2006e+01   1.7207e+01   0.0000e+00   0.0000e+00   3.3248e+02
20260609_07:00:00   1.5521e-01   4.2429e+01   1.7338e+01   0.0000e+00   1.3348e-06   3.3183e+02
20260609_08:00:00   1.5526e-01   4.2497e+01   1.7178e+01   0.0000e+00   0.0000e+00   3.2973e+02
20260609_09:00:00   1.5579e-01   4.2673e+01   1.7118e+01   0.0000e+00   0.0000e+00   3.2842e+02
20260609_10:00:00   1.5598e-01   4.2747e+01   1.7049e+01   0.0000e+00   0.0000e+00   3.2949e+02
20260609_11:00:00   1.5644e-01   4.2865e+01   1.7065e+01   0.0000e+00   0.0000e+00   3.3128e+02
20260609_12:00:00   1.5709e-01   4.3020e+01   1.7060e+01   0.0000e+00   0.0000e+00   3.3127e+02
20260609_13:00:00   1.5738e-01   4.3087e+01   1.6953e+01   0.0000e+00   0.0000e+00   3.3285e+02
20260609_14:00:00   1.5270e-01   4.2056e+01   1.6000e+01   0.0000e+00   0.0000e+00   3.3360e+02
20260609_15:00:00   1.4113e-01   3.9443e+01   1.4152e+01   0.0000e+00   0.0000e+00   3.3660e+02
20260609_16:00:00   1.3751e-01   3.8648e+01   1.3612e+01   0.0000e+00   0.0000e+00   3.3569e+02
20260609_17:00:00   1.3733e-01   3.8672e+01   1.3707e+01   0.0000e+00   0.0000e+00   3.3549e+02
20260609_18:00:00   1.3740e-01   3.8764e+01   1.3863e+01   0.0000e+00   0.0000e+00   3.3530e+02
20260609_19:00:00   1.3847e-01   3.9102e+01   1.4250e+01   0.0000e+00   0.0000e+00   3.3389e+02
20260609_20:00:00   1.4091e-01   3.9767e+01   1.4938e+01   0.0000e+00   0.0000e+00   3.3127e+02
20260609_21:00:00   1.4284e-01   4.0292e+01   1.5483e+01   0.0000e+00   0.0000e+00   3.2886e+02
20260609_22:00:00   1.4134e-01   3.9983e+01   1.5498e+01   0.0000e+00   0.0000e+00   3.2649e+02
20260609_23:00:00   1.3679e-01   3.8892e+01   1.5043e+01   0.0000e+00   0.0000e+00   3.2721e+02
20260610_00:00:00   1.3265e-01   3.7884e+01   1.4611e+01   0.0000e+00   0.0000e+00   3.2822e+02
20260610_01:00:00   1.2937e-01   3.7078e+01   1.4208e+01   0.0000e+00   0.0000e+00   3.2789e+02
20260610_02:00:00   1.2660e-01   3.6404e+01   1.3776e+01   0.0000e+00   0.0000e+00   3.2699e+02
20260610_03:00:00   1.2792e-01   3.6762e+01   1.3819e+01   0.0000e+00   0.0000e+00   3.2687e+02
20260610_04:00:00   1.3313e-01   3.8085e+01   1.4325e+01   0.0000e+00   0.0000e+00   3.2800e+02
20260610_05:00:00   1.3820e-01   3.9342e+01   1.4833e+01   0.0000e+00   0.0000e+00   3.2738e+02
20260610_06:00:00   1.4024e-01   3.9821e+01   1.5008e+01   0.0000e+00   0.0000e+00   3.2745e+02
20260610_07:00:00   1.3903e-01   3.9481e+01   1.4877e+01   0.0000e+00   0.0000e+00   3.2783e+02
20260610_08:00:00   1.3653e-01   3.8834e+01   1.4549e+01   0.0000e+00   0.0000e+00   3.2668e+02
20260610_09:00:00   1.3243e-01   3.7778e+01   1.4017e+01   0.0000e+00   0.0000e+00   3.2558e+02
20260610_10:00:00   1.2810e-01   3.6646e+01   1.3449e+01   0.0000e+00   0.0000e+00   3.2632e+02
20260610_11:00:00   1.2431e-01   3.5641e+01   1.2907e+01   0.0000e+00   0.0000e+00   3.2532e+02
20260610_12:00:00   1.2156e-01   3.4904e+01   1.2487e+01   0.0000e+00   0.0000e+00   3.2539e+02
20260610_13:00:00   1.2043e-01   3.4565e+01   1.2351e+01   0.0000e+00   0.0000e+00   3.2552e+02
20260610_14:00:00   1.2073e-01   3.4628e+01   1.2430e+01   0.0000e+00   0.0000e+00   3.2500e+02
20260610_15:00:00   1.2145e-01   3.4835e+01   1.2555e+01   0.0000e+00   0.0000e+00   3.2633e+02
20260610_16:00:00   1.2219e-01   3.5075e+01   1.2717e+01   0.0000e+00   0.0000e+00   3.2854e+02
20260610_17:00:00   1.2385e-01   3.5564e+01   1.2998e+01   0.0000e+00   0.0000e+00   3.2668e+02
20260610_18:00:00   1.2532e-01   3.6014e+01   1.3305e+01   0.0000e+00   0.0000e+00   3.2675e+02
20260610_19:00:00   1.2552e-01   3.6122e+01   1.3503e+01   0.0000e+00   0.0000e+00   3.2562e+02
20260610_20:00:00   1.2777e-01   3.6738e+01   1.3983e+01   0.0000e+00   0.0000e+00   3.2372e+02
20260610_21:00:00   1.3160e-01   3.7740e+01   1.4686e+01   0.0000e+00   0.0000e+00   3.2296e+02
20260610_22:00:00   1.3701e-01   3.9115e+01   1.5602e+01   0.0000e+00   0.0000e+00   3.2334e+02
20260610_23:00:00   1.4181e-01   4.0337e+01   1.6363e+01   0.0000e+00   0.0000e+00   3.2277e+02
20260611_00:00:00   1.4727e-01   4.1693e+01   1.7220e+01   0.0000e+00   0.0000e+00   3.2275e+02
20260611_01:00:00   1.5081e-01   4.2588e+01   1.7707e+01   0.0000e+00   0.0000e+00   3.2413e+02
20260611_02:00:00   1.5254e-01   4.3051e+01   1.7782e+01   0.0000e+00   0.0000e+00   3.2452e+02
20260611_03:00:00   1.5421e-01   4.3459e+01   1.7845e+01   0.0000e+00   0.0000e+00   3.2359e+02
20260611_04:00:00   1.5639e-01   4.3980e+01   1.7993e+01   0.0000e+00   0.0000e+00   3.2271e+02
20260611_05:00:00   1.6029e-01   4.4907e+01   1.8313e+01   0.0000e+00   0.0000e+00   3.2327e+02
20260611_06:00:00   1.6043e-01   4.4911e+01   1.8131e+01   0.0000e+00   0.0000e+00   3.2208e+02
20260611_07:00:00   1.5736e-01   4.4157e+01   1.7542e+01   0.0000e+00   0.0000e+00   3.2117e+02
20260611_08:00:00   1.5239e-01   4.2933e+01   1.6751e+01   0.0000e+00   0.0000e+00   3.2151e+02
20260611_09:00:00   1.4885e-01   4.2023e+01   1.6175e+01   0.0000e+00   0.0000e+00   3.2116e+02
20260611_10:00:00   1.4560e-01   4.1154e+01   1.5652e+01   0.0000e+00   0.0000e+00   3.2077e+02
20260611_11:00:00   1.3985e-01   3.9639e+01   1.4788e+01   0.0000e+00   0.0000e+00   3.2009e+02
20260611_12:00:00   1.3464e-01   3.8243e+01   1.4016e+01   0.0000e+00   0.0000e+00   3.1878e+02
20260611_15:00:00   1.1898e-01   3.4162e+01   1.1817e+01   0.0000e+00   0.0000e+00   3.2300e+02
20260611_18:00:00   1.1652e-01   3.3653e+01   1.1714e+01   0.0000e+00   0.0000e+00   3.1803e+02
20260611_21:00:00   1.3203e-01   3.7621e+01   1.4711e+01   0.0000e+00   0.0000e+00   3.1641e+02
20260612_00:00:00   1.4239e-01   4.0241e+01   1.6496e+01   0.0000e+00   0.0000e+00   3.1950e+02
20260612_03:00:00   1.4342e-01   4.0469e+01   1.6501e+01   0.0000e+00   0.0000e+00   3.1766e+02
20260612_06:00:00   1.3738e-01   3.8992e+01   1.5172e+01   0.0000e+00   0.0000e+00   3.1534e+02
20260612_09:00:00   1.2895e-01   3.6769e+01   1.3603e+01   0.0000e+00   0.0000e+00   3.1887e+02
20260612_12:00:00   1.2737e-01   3.6326e+01   1.3239e+01   0.0000e+00   0.0000e+00   3.1723e+02
20260612_15:00:00   1.2852e-01   3.6623e+01   1.3313e+01   0.0000e+00   0.0000e+00   3.1709e+02
20260612_18:00:00   1.3078e-01   3.7372e+01   1.3881e+01   0.0000e+00   0.0000e+00   3.1534e+02
20260612_21:00:00   1.4929e-01   4.1995e+01   1.7383e+01   0.0000e+00   0.0000e+00   3.1305e+02
20260613_00:00:00   1.5159e-01   4.2547e+01   1.8133e+01   4.0900e-06   7.8189e-05   3.1369e+02
20260613_03:00:00   1.5472e-01   4.3132e+01   1.8172e+01   3.4858e-03   2.4661e-02   3.1251e+02
20260613_06:00:00   1.4054e-01   3.9703e+01   1.6090e+01   0.0000e+00   0.0000e+00   3.1359e+02
20260613_09:00:00   1.2776e-01   3.6433e+01   1.3936e+01   0.0000e+00   0.0000e+00   3.0890e+02
20260613_12:00:00   1.2459e-01   3.5508e+01   1.3404e+01   0.0000e+00   0.0000e+00   3.0497e+02
20260613_15:00:00   1.2276e-01   3.5084e+01   1.3090e+01   0.0000e+00   0.0000e+00   3.0672e+02
20260613_18:00:00   1.1698e-01   3.3802e+01   1.2291e+01   0.0000e+00   0.0000e+00   3.0638e+02
20260613_21:00:00   1.1940e-01   3.4428e+01   1.3103e+01   1.6764e-05   1.0389e-03   3.0487e+02
20260614_00:00:00   1.4746e-01   4.1293e+01   1.7926e+01   1.4048e-04   6.1269e-02   3.0129e+02
20260614_03:00:00   1.5564e-01   4.3350e+01   1.8932e+01   0.0000e+00   1.7286e-04   2.9874e+02
20260614_06:00:00   1.4552e-01   4.1028e+01   1.6902e+01   0.0000e+00   0.0000e+00   3.0260e+02
20260614_09:00:00   1.3017e-01   3.7134e+01   1.4499e+01   0.0000e+00   0.0000e+00   3.0377e+02
20260614_12:00:00   1.2282e-01   3.5184e+01   1.3312e+01   0.0000e+00   0.0000e+00   3.0590e+02
20260614_15:00:00   1.2261e-01   3.5104e+01   1.3299e+01   0.0000e+00   0.0000e+00   3.0674e+02
20260614_18:00:00   1.2317e-01   3.5280e+01   1.3641e+01   0.0000e+00   2.4300e-07   3.0797e+02
20260614_21:00:00   1.2851e-01   3.6693e+01   1.4547e+01   2.1038e-03   1.4151e-02   3.0833e+02
20260615_00:00:00   1.7656e-01   4.8284e+01   2.1967e+01   4.1618e-05   6.2007e-02   3.0638e+02
20260615_03:00:00   1.6877e-01   4.6634e+01   2.0548e+01   0.0000e+00   7.0620e-03   3.0724e+02
20260615_06:00:00   1.6653e-01   4.6016e+01   2.0108e+01   2.0440e-06   1.1681e-03   3.0596e+02
20260615_09:00:00   1.6039e-01   4.4464e+01   1.8985e+01   0.0000e+00   2.4798e-03   3.0272e+02
20260615_12:00:00   1.5253e-01   4.2478e+01   1.7776e+01   1.3348e-06   8.9606e-04   3.0390e+02
20260615_15:00:00   1.5118e-01   4.2147e+01   1.7545e+01   0.0000e+00   1.6713e-04   3.0556e+02
20260615_18:00:00   1.4311e-01   4.0316e+01   1.6613e+01   2.7620e-04   7.5120e-04   3.1632e+02
20260615_21:00:00   1.5983e-01   4.4185e+01   1.9424e+01   2.1384e-03   1.0925e-01   3.2546e+02
20260616_00:00:00   1.9263e-01   5.1899e+01   2.3484e+01   4.1047e-03   8.1334e-02   3.2664e+02
20260616_03:00:00   1.7273e-01   4.7278e+01   2.1061e+01   0.0000e+00   2.3852e-03   3.2834e+02
20260616_06:00:00   1.8090e-01   4.9072e+01   2.1783e+01   1.3348e-06   3.9653e-02   3.2719e+02
20260616_09:00:00   1.9293e-01   5.1766e+01   2.2345e+01   3.2280e-03   7.8179e-03   3.3095e+02
20260616_12:00:00   1.8080e-01   4.8994e+01   2.1177e+01   0.0000e+00   1.5826e-03   3.3581e+02
20260616_15:00:00   1.8857e-01   5.0839e+01   2.2340e+01   0.0000e+00   4.9840e-03   3.3954e+02
20260616_18:00:00   1.9283e-01   5.1943e+01   2.3221e+01   1.2958e-06   1.6210e-04   3.4138e+02
20260616_21:00:00   1.8231e-01   4.9754e+01   2.2072e+01   3.3580e-05   1.2690e-04   3.4693e+02
20260617_00:00:00   1.9238e-01   5.1888e+01   2.1261e+01   2.0186e-02   3.8429e-02   3.4315e+02
20260617_03:00:00   1.6751e-01   4.6490e+01   2.0282e+01   1.1880e-04   7.2004e-03   3.3668e+02
20260617_06:00:00   1.5041e-01   4.2279e+01   1.7568e+01   0.0000e+00   0.0000e+00   3.3039e+02
20260617_09:00:00   1.4455e-01   4.0715e+01   1.6596e+01   0.0000e+00   0.0000e+00   3.2447e+02
20260617_12:00:00   1.3389e-01   3.8071e+01   1.4927e+01   0.0000e+00   0.0000e+00   3.2114e+02
20260617_15:00:00   1.2978e-01   3.7129e+01   1.4282e+01   0.0000e+00   0.0000e+00   3.2263e+02
20260617_18:00:00   1.2736e-01   3.6656e+01   1.4195e+01   0.0000e+00   0.0000e+00   3.2115e+02
20260617_21:00:00   1.3759e-01   3.9277e+01   1.6212e+01   1.8140e-04   7.9696e-05   3.2083e+02
20260618_00:00:00   1.4803e-01   4.1889e+01   1.8123e+01   8.9200e-05   7.7292e-04   3.2226e+02
20260618_03:00:00   1.6979e-01   4.7236e+01   2.1174e+01   0.0000e+00   4.7954e-03   3.1971e+02
20260618_06:00:00   1.8022e-01   4.9596e+01   2.1600e+01   0.0000e+00   0.0000e+00   3.1819e+02
20260618_09:00:00   1.7166e-01   4.7486e+01   2.0433e+01   0.0000e+00   0.0000e+00   3.1744e+02
20260618_12:00:00   1.7913e-01   4.9139e+01   2.1093e+01   0.0000e+00   0.0000e+00   3.1937e+02
20260618_15:00:00   1.6984e-01   4.6958e+01   1.9854e+01   0.0000e+00   0.0000e+00   3.2755e+02
20260618_18:00:00   1.6307e-01   4.5457e+01   1.9293e+01   0.0000e+00   0.0000e+00   3.3325e+02
20260618_21:00:00   1.9420e-01   5.2624e+01   2.2754e+01   1.2033e-02   2.2692e-02   3.3346e+02
20260619_00:00:00   1.9011e-01   5.1958e+01   2.3688e+01   1.5664e-03   2.3409e-03   3.2434e+02
20260619_03:00:00   2.2315e-01   5.9046e+01   2.4031e+01   3.2424e-02   4.4353e-02   3.2077e+02
20260619_06:00:00   1.8863e-01   5.1443e+01   2.2375e+01   0.0000e+00   0.0000e+00   3.1505e+02
20260619_09:00:00   1.7666e-01   4.8560e+01   2.0242e+01   0.0000e+00   0.0000e+00   3.1288e+02
20260619_12:00:00   1.7045e-01   4.7028e+01   1.9116e+01   0.0000e+00   0.0000e+00   3.1274e+02
20260619_15:00:00   1.6140e-01   4.4849e+01   1.7824e+01   0.0000e+00   0.0000e+00   3.1022e+02
20260619_18:00:00   1.5378e-01   4.3172e+01   1.7168e+01   0.0000e+00   0.0000e+00   3.0622e+02
20260619_21:00:00   1.6543e-01   4.6059e+01   1.9605e+01   0.0000e+00   0.0000e+00   3.0070e+02
20260620_00:00:00   1.6485e-01   4.5909e+01   2.0177e+01   0.0000e+00   7.8080e-06   3.0321e+02
20260620_03:00:00   1.6887e-01   4.6750e+01   2.0624e+01   0.0000e+00   1.4912e-02   3.0344e+02
20260620_06:00:00   1.6480e-01   4.5653e+01   1.9482e+01   0.0000e+00   0.0000e+00   3.0145e+02
20260620_09:00:00   1.4915e-01   4.1786e+01   1.6889e+01   0.0000e+00   0.0000e+00   3.0165e+02
20260620_12:00:00   1.4455e-01   4.0536e+01   1.6194e+01   0.0000e+00   0.0000e+00   3.0111e+02
20260620_15:00:00   1.3753e-01   3.8776e+01   1.5313e+01   0.0000e+00   0.0000e+00   3.0134e+02
20260620_18:00:00   1.3148e-01   3.7369e+01   1.4680e+01   0.0000e+00   0.0000e+00   3.0059e+02
20260620_21:00:00   1.4377e-01   4.0461e+01   1.6886e+01   6.6764e-04   2.5291e-04   2.9805e+02
20260621_00:00:00   1.5537e-01   4.3293e+01   1.8942e+01   1.4177e-03   3.0638e-03   2.9705e+02
20260621_03:00:00   1.5320e-01   4.2772e+01   1.8807e+01   2.1900e-04   4.9093e-03   2.9995e+02
20260621_06:00:00   1.5086e-01   4.2347e+01   1.7643e+01   0.0000e+00   0.0000e+00   2.9864e+02
20260621_09:00:00   1.2968e-01   3.6949e+01   1.4412e+01   0.0000e+00   0.0000e+00   2.9791e+02
20260621_12:00:00   1.1991e-01   3.4395e+01   1.2838e+01   0.0000e+00   0.0000e+00   2.9844e+02
20260621_15:00:00   1.1499e-01   3.3201e+01   1.2001e+01   0.0000e+00   0.0000e+00   2.9976e+02
20260621_18:00:00   1.1512e-01   3.3363e+01   1.2180e+01   0.0000e+00   0.0000e+00   3.0147e+02
20260621_21:00:00   1.1654e-01   3.3756e+01   1.2841e+01   0.0000e+00   6.8020e-06   2.9979e+02
20260622_00:00:00   1.2906e-01   3.6926e+01   1.4942e+01   7.1779e-04   5.3188e-03   2.9926e+02
20260622_03:00:00   1.3383e-01   3.8154e+01   1.5627e+01   0.0000e+00   0.0000e+00   3.0074e+02
20260622_06:00:00   1.4463e-01   4.0982e+01   1.6395e+01   0.0000e+00   0.0000e+00   3.0141e+02
20260622_09:00:00   1.4335e-01   4.0618e+01   1.5914e+01   0.0000e+00   0.0000e+00   2.9982e+02
20260622_12:00:00   1.4026e-01   3.9783e+01   1.5208e+01   0.0000e+00   0.0000e+00   3.0080e+02
