#            date       tau255        Tb[K]      pwv[mm] lwp[kg*m^-2] iwp[kg*m^-2]       o3[DU]
20260323_00:00:00   1.3077e-01   3.6745e+01   1.3828e+01   0.0000e+00   2.8420e-04   2.9730e+02
20260323_01:00:00   1.3261e-01   3.7230e+01   1.4110e+01   0.0000e+00   9.4480e-06   2.9665e+02
20260323_02:00:00   1.3221e-01   3.7138e+01   1.4050e+01   0.0000e+00   0.0000e+00   2.9448e+02
20260323_03:00:00   1.3572e-01   3.7967e+01   1.4482e+01   0.0000e+00   0.0000e+00   2.9159e+02
20260323_04:00:00   1.3614e-01   3.8073e+01   1.4463e+01   0.0000e+00   4.7434e-04   2.8963e+02
20260323_05:00:00   1.3471e-01   3.7704e+01   1.4214e+01   0.0000e+00   1.4017e-03   2.8908e+02
20260323_06:00:00   1.3197e-01   3.6963e+01   1.3890e+01   0.0000e+00   3.0463e-04   2.8827e+02
20260323_07:00:00   1.2686e-01   3.5661e+01   1.3195e+01   0.0000e+00   0.0000e+00   2.8552e+02
20260323_08:00:00   1.2334e-01   3.4726e+01   1.2785e+01   0.0000e+00   4.4960e-04   2.8342e+02
20260323_09:00:00   1.1972e-01   3.3775e+01   1.2363e+01   0.0000e+00   0.0000e+00   2.8283e+02
20260323_10:00:00   1.1626e-01   3.2880e+01   1.1922e+01   0.0000e+00   3.9521e-04   2.8221e+02
20260323_11:00:00   1.1625e-01   3.2796e+01   1.1921e+01   0.0000e+00   8.5080e-05   2.8244e+02
20260323_12:00:00   1.1554e-01   3.2620e+01   1.1889e+01   0.0000e+00   2.7551e-03   2.8235e+02
20260323_13:00:00   1.1756e-01   3.3076e+01   1.2297e+01   0.0000e+00   4.0308e-03   2.8331e+02
20260323_14:00:00   1.2026e-01   3.3709e+01   1.2723e+01   0.0000e+00   6.7112e-04   2.8386e+02
20260323_15:00:00   1.2176e-01   3.4107e+01   1.2879e+01   0.0000e+00   2.1576e-03   2.8546e+02
20260323_16:00:00   1.2487e-01   3.4892e+01   1.3412e+01   0.0000e+00   7.6505e-03   2.8496e+02
20260323_17:00:00   1.2638e-01   3.5275e+01   1.3734e+01   0.0000e+00   4.1295e-03   2.8452e+02
20260323_18:00:00   1.2669e-01   3.5398e+01   1.3785e+01   0.0000e+00   1.8240e-03   2.8322e+02
20260323_19:00:00   1.2931e-01   3.6067e+01   1.4297e+01   0.0000e+00   1.1322e-03   2.8119e+02
20260323_20:00:00   1.3165e-01   3.6704e+01   1.4703e+01   0.0000e+00   2.8381e-03   2.7775e+02
20260323_21:00:00   1.3549e-01   3.7715e+01   1.5277e+01   0.0000e+00   3.4800e-06   2.7505e+02
20260323_22:00:00   1.4006e-01   3.8905e+01   1.5950e+01   0.0000e+00   1.7754e-04   2.7318e+02
20260323_23:00:00   1.4295e-01   3.9680e+01   1.6359e+01   0.0000e+00   1.3184e-03   2.7155e+02
20260324_00:00:00   1.4633e-01   4.0512e+01   1.6921e+01   0.0000e+00   3.3423e-03   2.6952e+02
20260324_01:00:00   1.5040e-01   4.1512e+01   1.7498e+01   0.0000e+00   8.6237e-03   2.7026e+02
20260324_02:00:00   1.5186e-01   4.1890e+01   1.7614e+01   0.0000e+00   1.8260e-02   2.7010e+02
20260324_03:00:00   1.5433e-01   4.2509e+01   1.7777e+01   0.0000e+00   4.1009e-03   2.7021e+02
20260324_04:00:00   1.5655e-01   4.3050e+01   1.7999e+01   0.0000e+00   1.3476e-04   2.6985e+02
20260324_05:00:00   1.5697e-01   4.3139e+01   1.7887e+01   0.0000e+00   1.1572e-05   2.6930e+02
20260324_06:00:00   1.5541e-01   4.2753e+01   1.7616e+01   0.0000e+00   5.5680e-05   2.6871e+02
20260324_07:00:00   1.5273e-01   4.2105e+01   1.7266e+01   0.0000e+00   1.7274e-04   2.6750e+02
20260324_08:00:00   1.4918e-01   4.1278e+01   1.6693e+01   0.0000e+00   3.6160e-04   2.6740e+02
20260324_09:00:00   1.4771e-01   4.0920e+01   1.6323e+01   0.0000e+00   1.1864e-04   2.6751e+02
20260324_10:00:00   1.4480e-01   4.0216e+01   1.5835e+01   0.0000e+00   0.0000e+00   2.6820e+02
20260324_11:00:00   1.4189e-01   3.9509e+01   1.5353e+01   0.0000e+00   0.0000e+00   2.6637e+02
20260324_12:00:00   1.3828e-01   3.8640e+01   1.4746e+01   0.0000e+00   0.0000e+00   2.6482e+02
20260324_13:00:00   1.3479e-01   3.7790e+01   1.4160e+01   0.0000e+00   0.0000e+00   2.6513e+02
20260324_14:00:00   1.3128e-01   3.6947e+01   1.3541e+01   0.0000e+00   0.0000e+00   2.6581e+02
20260324_15:00:00   1.2805e-01   3.6173e+01   1.2989e+01   0.0000e+00   0.0000e+00   2.6655e+02
20260324_16:00:00   1.2664e-01   3.5879e+01   1.2686e+01   0.0000e+00   0.0000e+00   2.6743e+02
20260324_17:00:00   1.2593e-01   3.5770e+01   1.2563e+01   0.0000e+00   0.0000e+00   2.6731e+02
20260324_18:00:00   1.2491e-01   3.5578e+01   1.2432e+01   0.0000e+00   0.0000e+00   2.6766e+02
20260324_19:00:00   1.2369e-01   3.5323e+01   1.2328e+01   0.0000e+00   0.0000e+00   2.6786e+02
20260324_20:00:00   1.2423e-01   3.5485e+01   1.2549e+01   0.0000e+00   0.0000e+00   2.6752e+02
20260324_21:00:00   1.2668e-01   3.6100e+01   1.3142e+01   0.0000e+00   0.0000e+00   2.6779e+02
20260324_22:00:00   1.3059e-01   3.7056e+01   1.3887e+01   0.0000e+00   0.0000e+00   2.6811e+02
20260324_23:00:00   1.3269e-01   3.7578e+01   1.4257e+01   0.0000e+00   0.0000e+00   2.6884e+02
20260325_00:00:00   1.3462e-01   3.8054e+01   1.4574e+01   0.0000e+00   0.0000e+00   2.6917e+02
20260325_01:00:00   1.3786e-01   3.8857e+01   1.5026e+01   0.0000e+00   0.0000e+00   2.7092e+02
20260325_02:00:00   1.4140e-01   3.9725e+01   1.5433e+01   0.0000e+00   4.4900e-04   2.7202e+02
20260325_03:00:00   1.4368e-01   4.0262e+01   1.5613e+01   0.0000e+00   3.5040e-05   2.7158e+02
20260325_04:00:00   1.4505e-01   4.0572e+01   1.5697e+01   0.0000e+00   1.7374e-04   2.7212e+02
20260325_05:00:00   1.4656e-01   4.0901e+01   1.5800e+01   0.0000e+00   6.6940e-04   2.7205e+02
20260325_06:00:00   1.4411e-01   4.0278e+01   1.5383e+01   0.0000e+00   7.2360e-04   2.7209e+02
20260325_07:00:00   1.3777e-01   3.8703e+01   1.4421e+01   0.0000e+00   2.2820e-04   2.7182e+02
20260325_08:00:00   1.3192e-01   3.7245e+01   1.3478e+01   0.0000e+00   1.1522e-04   2.7137e+02
20260325_09:00:00   1.2668e-01   3.5928e+01   1.2667e+01   0.0000e+00   1.6079e-04   2.7116e+02
20260325_10:00:00   1.2291e-01   3.4966e+01   1.2082e+01   0.0000e+00   0.0000e+00   2.7351e+02
20260325_11:00:00   1.1991e-01   3.4199e+01   1.1610e+01   0.0000e+00   0.0000e+00   2.7582e+02
20260325_12:00:00   1.1702e-01   3.3447e+01   1.1172e+01   0.0000e+00   0.0000e+00   2.7622e+02
20260325_13:00:00   1.1389e-01   3.2643e+01   1.0664e+01   0.0000e+00   0.0000e+00   2.7760e+02
20260325_14:00:00   1.1121e-01   3.1954e+01   1.0204e+01   0.0000e+00   0.0000e+00   2.7845e+02
20260325_15:00:00   1.0956e-01   3.1521e+01   9.9384e+00   0.0000e+00   0.0000e+00   2.7934e+02
20260325_16:00:00   1.0989e-01   3.1625e+01   9.9552e+00   0.0000e+00   0.0000e+00   2.7977e+02
20260325_17:00:00   1.1078e-01   3.1900e+01   1.0085e+01   0.0000e+00   0.0000e+00   2.8034e+02
20260325_18:00:00   1.1077e-01   3.1959e+01   1.0114e+01   0.0000e+00   0.0000e+00   2.8040e+02
20260325_19:00:00   1.1022e-01   3.1839e+01   1.0195e+01   0.0000e+00   0.0000e+00   2.7989e+02
20260325_20:00:00   1.0787e-01   3.1248e+01   1.0038e+01   0.0000e+00   0.0000e+00   2.7991e+02
20260325_21:00:00   1.0962e-01   3.1659e+01   1.0504e+01   0.0000e+00   0.0000e+00   2.7956e+02
20260325_22:00:00   1.1332e-01   3.2573e+01   1.1156e+01   0.0000e+00   0.0000e+00   2.7822e+02
20260325_23:00:00   1.1735e-01   3.3563e+01   1.1815e+01   0.0000e+00   0.0000e+00   2.7834e+02
20260326_00:00:00   1.2076e-01   3.4384e+01   1.2377e+01   0.0000e+00   0.0000e+00   2.7805e+02
20260326_01:00:00   1.2351e-01   3.5048e+01   1.2807e+01   0.0000e+00   0.0000e+00   2.7740e+02
20260326_02:00:00   1.2429e-01   3.5229e+01   1.2851e+01   0.0000e+00   0.0000e+00   2.7843e+02
20260326_03:00:00   1.2331e-01   3.4951e+01   1.2626e+01   0.0000e+00   0.0000e+00   2.7967e+02
20260326_04:00:00   1.2686e-01   3.5831e+01   1.2971e+01   0.0000e+00   0.0000e+00   2.8115e+02
20260326_05:00:00   1.3502e-01   3.7771e+01   1.4038e+01   0.0000e+00   0.0000e+00   2.8152e+02
20260326_06:00:00   1.3686e-01   3.8159e+01   1.4181e+01   0.0000e+00   0.0000e+00   2.8034e+02
20260326_07:00:00   1.3231e-01   3.6988e+01   1.3566e+01   0.0000e+00   0.0000e+00   2.7910e+02
20260326_08:00:00   1.2523e-01   3.5236e+01   1.2498e+01   0.0000e+00   0.0000e+00   2.7907e+02
20260326_09:00:00   1.1661e-01   3.3114e+01   1.1148e+01   0.0000e+00   0.0000e+00   2.7855e+02
20260326_10:00:00   1.0944e-01   3.1301e+01   1.0055e+01   0.0000e+00   0.0000e+00   2.7872e+02
20260326_11:00:00   1.0416e-01   2.9935e+01   9.2763e+00   0.0000e+00   0.0000e+00   2.7866e+02
20260326_12:00:00   9.9365e-02   2.8685e+01   8.5612e+00   0.0000e+00   0.0000e+00   2.7726e+02
20260326_13:00:00   9.4871e-02   2.7517e+01   7.8789e+00   0.0000e+00   0.0000e+00   2.7791e+02
20260326_14:00:00   9.2007e-02   2.6773e+01   7.4412e+00   0.0000e+00   0.0000e+00   2.7750e+02
20260326_15:00:00   9.1843e-02   2.6729e+01   7.4188e+00   0.0000e+00   0.0000e+00   2.7742e+02
20260326_16:00:00   9.2845e-02   2.7003e+01   7.5734e+00   0.0000e+00   3.7133e-05   2.7789e+02
20260326_17:00:00   9.2312e-02   2.6900e+01   7.5176e+00   0.0000e+00   1.5272e-04   2.7856e+02
20260326_18:00:00   9.0407e-02   2.6424e+01   7.3083e+00   0.0000e+00   5.6637e-04   2.7960e+02
20260326_19:00:00   8.9590e-02   2.6206e+01   7.3024e+00   0.0000e+00   3.5436e-03   2.8124e+02
20260326_20:00:00   9.1048e-02   2.6568e+01   7.6342e+00   0.0000e+00   6.1284e-03   2.8271e+02
20260326_21:00:00   9.3370e-02   2.7154e+01   8.0819e+00   0.0000e+00   2.6559e-03   2.8277e+02
20260326_22:00:00   9.6475e-02   2.7961e+01   8.5800e+00   0.0000e+00   2.4042e-04   2.8308e+02
20260326_23:00:00   1.0077e-01   2.9051e+01   9.2821e+00   0.0000e+00   1.8975e-04   2.8397e+02
20260327_00:00:00   1.0569e-01   3.0284e+01   1.0059e+01   0.0000e+00   0.0000e+00   2.8437e+02
20260327_01:00:00   1.1019e-01   3.1414e+01   1.0665e+01   0.0000e+00   0.0000e+00   2.8554e+02
20260327_02:00:00   1.1569e-01   3.2756e+01   1.1304e+01   0.0000e+00   2.6700e-06   2.8779e+02
20260327_03:00:00   1.2003e-01   3.3751e+01   1.1614e+01   0.0000e+00   9.9220e-04   2.8844e+02
20260327_04:00:00   1.2016e-01   3.3709e+01   1.1432e+01   0.0000e+00   2.0300e-03   2.8850e+02
20260327_05:00:00   1.1930e-01   3.3451e+01   1.1238e+01   0.0000e+00   2.3740e-03   2.8894e+02
20260327_06:00:00   1.1932e-01   3.3417e+01   1.1209e+01   0.0000e+00   1.4541e-03   2.8884e+02
20260327_07:00:00   1.1787e-01   3.3036e+01   1.0976e+01   0.0000e+00   1.5336e-03   2.8950e+02
20260327_08:00:00   1.1767e-01   3.2949e+01   1.0975e+01   0.0000e+00   3.0687e-03   2.8899e+02
20260327_09:00:00   1.1606e-01   3.2541e+01   1.0742e+01   0.0000e+00   4.7563e-03   2.8841e+02
20260327_10:00:00   1.1390e-01   3.2010e+01   1.0423e+01   0.0000e+00   3.9211e-03   2.8823e+02
20260327_11:00:00   1.1191e-01   3.1517e+01   1.0104e+01   0.0000e+00   4.1910e-03   2.8832e+02
20260327_12:00:00   1.1106e-01   3.1294e+01   9.9863e+00   0.0000e+00   4.1535e-03   2.8939e+02
20260327_13:00:00   1.1059e-01   3.1161e+01   9.9329e+00   0.0000e+00   3.7238e-03   2.9049e+02
20260327_14:00:00   1.0934e-01   3.0849e+01   9.7762e+00   0.0000e+00   1.9895e-03   2.9012e+02
20260327_15:00:00   1.0872e-01   3.0704e+01   9.6858e+00   0.0000e+00   4.4013e-03   2.9051e+02
20260327_16:00:00   1.0820e-01   3.0587e+01   9.6389e+00   0.0000e+00   7.3479e-03   2.8986e+02
20260327_17:00:00   1.0787e-01   3.0524e+01   9.6588e+00   0.0000e+00   1.3452e-02   2.8887e+02
20260327_18:00:00   1.0690e-01   3.0319e+01   9.6109e+00   0.0000e+00   1.0167e-02   2.8781e+02
20260327_19:00:00   1.0764e-01   3.0533e+01   9.8211e+00   0.0000e+00   2.0924e-02   2.8745e+02
20260327_20:00:00   1.0985e-01   3.1100e+01   1.0318e+01   0.0000e+00   3.4278e-02   2.8727e+02
20260327_21:00:00   1.1538e-01   3.2439e+01   1.1341e+01   0.0000e+00   4.3365e-02   2.8722e+02
20260327_22:00:00   1.1988e-01   3.3507e+01   1.2098e+01   0.0000e+00   3.4689e-02   2.8717e+02
20260327_23:00:00   1.2362e-01   3.4399e+01   1.2626e+01   0.0000e+00   6.0950e-02   2.8730e+02
20260328_00:00:00   1.2806e-01   3.5451e+01   1.3265e+01   0.0000e+00   3.9657e-02   2.8838e+02
20260328_03:00:00   1.3870e-01   3.7903e+01   1.4684e+01   0.0000e+00   2.0476e-01   2.9222e+02
20260328_06:00:00   1.2887e-01   3.5644e+01   1.3138e+01   0.0000e+00   8.6569e-03   2.9812e+02
20260328_09:00:00   1.2170e-01   3.3976e+01   1.1809e+01   0.0000e+00   4.9552e-03   2.9648e+02
20260328_12:00:00   1.1663e-01   3.2655e+01   1.1119e+01   0.0000e+00   3.9761e-03   2.9986e+02
20260328_15:00:00   1.0586e-01   3.0054e+01   9.3240e+00   0.0000e+00   1.0888e-04   3.0036e+02
20260328_18:00:00   9.5788e-02   2.7531e+01   8.0738e+00   0.0000e+00   1.8794e-02   3.0308e+02
20260328_21:00:00   9.4796e-02   2.7177e+01   8.2907e+00   0.0000e+00   5.5948e-02   3.0502e+02
20260329_00:00:00   1.0221e-01   2.8890e+01   9.5474e+00   0.0000e+00   1.1304e-01   3.0288e+02
20260329_03:00:00   9.5835e-02   2.7381e+01   8.3491e+00   9.1970e-05   9.7784e-02   3.0576e+02
20260329_06:00:00   9.5862e-02   2.7353e+01   8.1670e+00   0.0000e+00   4.6252e-02   3.0746e+02
20260329_09:00:00   9.6326e-02   2.7445e+01   8.1958e+00   0.0000e+00   4.5214e-03   3.0491e+02
20260329_12:00:00   9.2732e-02   2.6557e+01   7.5354e+00   0.0000e+00   0.0000e+00   3.1156e+02
20260329_15:00:00   9.2309e-02   2.6456e+01   7.3990e+00   0.0000e+00   0.0000e+00   3.2045e+02
20260329_18:00:00   9.0119e-02   2.5979e+01   7.0964e+00   0.0000e+00   0.0000e+00   3.2191e+02
20260329_21:00:00   9.1947e-02   2.6492e+01   7.5271e+00   0.0000e+00   4.9987e-04   3.2139e+02
20260330_00:00:00   9.9957e-02   2.8488e+01   8.8629e+00   0.0000e+00   1.1748e-02   3.1869e+02
20260330_03:00:00   1.1004e-01   3.1104e+01   1.0171e+01   0.0000e+00   0.0000e+00   3.1675e+02
20260330_06:00:00   1.1080e-01   3.1208e+01   1.0075e+01   0.0000e+00   2.5700e-06   3.1944e+02
20260330_09:00:00   1.0732e-01   3.0175e+01   9.5694e+00   0.0000e+00   1.8988e-03   3.2320e+02
20260330_12:00:00   1.0359e-01   2.9143e+01   8.9383e+00   0.0000e+00   2.8134e-03   3.3580e+02
20260330_15:00:00   1.0352e-01   2.9133e+01   8.7038e+00   0.0000e+00   4.7180e-05   3.3787e+02
20260330_18:00:00   1.0225e-01   2.8901e+01   8.5164e+00   0.0000e+00   4.0477e-06   3.4402e+02
20260330_21:00:00   1.1119e-01   3.1011e+01   1.0126e+01   4.1143e-05   5.3832e-02   3.5347e+02
20260331_00:00:00   1.0536e-01   2.9624e+01   9.3791e+00   0.0000e+00   7.9082e-04   3.5887e+02
20260331_03:00:00   1.1245e-01   3.1425e+01   1.0039e+01   8.4460e-05   2.9157e-06   3.6247e+02
20260331_06:00:00   1.2774e-01   3.5104e+01   1.1834e+01   0.0000e+00   4.7245e-05   3.4702e+02
20260331_09:00:00   1.2639e-01   3.4793e+01   1.1428e+01   0.0000e+00   0.0000e+00   3.4107e+02
20260331_12:00:00   1.2063e-01   3.3379e+01   1.0750e+01   0.0000e+00   9.4480e-06   3.3827e+02
20260331_15:00:00   1.1931e-01   3.3021e+01   1.0824e+01   0.0000e+00   0.0000e+00   3.3691e+02
20260331_18:00:00   1.1424e-01   3.1910e+01   1.0407e+01   0.0000e+00   0.0000e+00   3.3100e+02
20260331_21:00:00   1.1380e-01   3.1884e+01   1.0641e+01   0.0000e+00   0.0000e+00   3.2879e+02
20260401_00:00:00   1.1580e-01   3.2408e+01   1.1016e+01   0.0000e+00   0.0000e+00   3.3118e+02
20260401_03:00:00   1.1517e-01   3.2265e+01   1.0432e+01   0.0000e+00   0.0000e+00   3.3425e+02
20260401_06:00:00   1.1487e-01   3.2054e+01   1.0229e+01   5.5060e-06   3.4850e-05   3.3754e+02
20260401_09:00:00   1.0633e-01   2.9811e+01   8.9637e+00   0.0000e+00   1.6196e-07   3.4066e+02
20260401_12:00:00   1.1574e-01   3.1916e+01   1.0278e+01   0.0000e+00   3.1253e-03   3.4483e+02
20260401_15:00:00   1.1729e-01   3.2247e+01   1.0029e+01   1.1956e-05   9.6914e-04   3.6031e+02
20260401_18:00:00   1.1728e-01   3.2156e+01   1.0279e+01   8.0378e-06   8.1632e-03   3.8222e+02
20260401_21:00:00   1.3159e-01   3.5631e+01   1.1916e+01   2.5754e-04   9.4931e-02   3.8069e+02
20260402_00:00:00   1.2656e-01   3.4306e+01   1.0877e+01   7.6899e-04   8.3962e-02   3.9194e+02
20260402_03:00:00   1.1478e-01   3.1385e+01   9.2332e+00   1.1418e-05   1.4862e-02   3.9692e+02
20260402_06:00:00   1.0890e-01   2.9908e+01   8.3918e+00   8.0980e-08   3.1769e-02   4.1011e+02
20260402_09:00:00   9.9423e-02   2.7472e+01   6.9240e+00   0.0000e+00   1.6327e-02   4.2121e+02
20260402_12:00:00   1.0219e-01   2.7990e+01   7.2651e+00   0.0000e+00   7.0678e-02   4.1946e+02
20260402_15:00:00   1.0438e-01   2.8495e+01   7.3251e+00   0.0000e+00   2.2948e-02   4.1808e+02
20260402_18:00:00   8.4969e-02   2.3889e+01   4.9751e+00   1.1338e-06   2.0437e-05   4.0621e+02
20260402_21:00:00   8.6186e-02   2.4211e+01   5.3927e+00   6.4780e-07   1.0447e-03   4.1443e+02
20260403_00:00:00   9.2721e-02   2.5791e+01   6.3655e+00   8.0980e-08   1.2015e-01   4.2267e+02
20260403_03:00:00   9.1834e-02   2.5605e+01   6.1358e+00   1.1419e-05   1.3835e-02   4.2217e+02
20260403_06:00:00   9.5810e-02   2.6495e+01   6.5757e+00   1.1338e-05   1.2199e-02   4.2029e+02
20260403_09:00:00   9.9894e-02   2.7400e+01   7.0235e+00   0.0000e+00   1.1122e-02   4.1598e+02
20260403_12:00:00   9.7751e-02   2.6866e+01   6.6966e+00   0.0000e+00   4.4366e-02   4.1224e+02
20260403_15:00:00   9.7723e-02   2.6888e+01   6.6949e+00   0.0000e+00   6.0376e-02   4.1435e+02
20260403_18:00:00   9.7322e-02   2.6940e+01   6.6799e+00   0.0000e+00   5.9989e-04   4.0783e+02
20260403_21:00:00   9.0623e-02   2.5410e+01   5.9803e+00   5.3490e-06   4.1746e-04   3.7442e+02
20260404_00:00:00   8.6312e-02   2.4351e+01   5.5513e+00   6.8840e-06   4.2115e-02   3.6664e+02
20260404_03:00:00   9.5340e-02   2.6617e+01   6.6828e+00   0.0000e+00   6.7088e-03   3.7229e+02
20260404_06:00:00   9.8767e-02   2.7400e+01   7.1048e+00   0.0000e+00   5.6851e-04   3.7024e+02
20260404_09:00:00   9.4862e-02   2.6486e+01   6.4470e+00   0.0000e+00   0.0000e+00   3.7068e+02
20260404_12:00:00   9.3663e-02   2.6214e+01   6.1735e+00   0.0000e+00   0.0000e+00   3.6929e+02
20260404_15:00:00   8.9547e-02   2.5286e+01   5.5480e+00   0.0000e+00   2.0440e-06   3.6782e+02
20260404_18:00:00   8.4834e-02   2.4230e+01   5.0819e+00   7.4500e-06   1.4724e-05   3.5788e+02
20260404_21:00:00   8.5960e-02   2.4527e+01   5.6793e+00   1.5712e-05   6.4246e-05   3.5503e+02
20260405_00:00:00   8.9360e-02   2.5377e+01   6.3961e+00   0.0000e+00   1.4493e-05   3.5496e+02
20260405_03:00:00   9.6929e-02   2.7222e+01   7.5287e+00   0.0000e+00   4.0844e-04   3.5409e+02
20260405_06:00:00   1.0365e-01   2.8814e+01   8.4015e+00   0.0000e+00   2.9768e-03   3.6236e+02
20260405_09:00:00   1.0518e-01   2.9147e+01   8.5393e+00   0.0000e+00   4.3220e-04   3.6335e+02
20260405_12:00:00   1.0177e-01   2.8301e+01   7.9580e+00   0.0000e+00   7.9814e-04   3.6205e+02
20260405_15:00:00   1.0211e-01   2.8402e+01   7.8947e+00   0.0000e+00   2.2386e-03   3.6606e+02
20260405_18:00:00   9.9199e-02   2.7672e+01   7.7956e+00   0.0000e+00   1.0339e-02   3.5456e+02
20260405_21:00:00   1.0377e-01   2.8801e+01   8.6338e+00   5.1656e-05   4.5725e-02   3.5077e+02
20260406_00:00:00   1.0823e-01   2.9906e+01   9.3068e+00   0.0000e+00   4.2102e-02   3.5171e+02
20260406_03:00:00   1.2631e-01   3.4270e+01   1.1400e+01   0.0000e+00   1.4274e-01   3.5398e+02
20260406_06:00:00   1.2695e-01   3.4430e+01   1.1280e+01   0.0000e+00   1.4459e-01   3.5555e+02
20260406_09:00:00   1.2732e-01   3.4467e+01   1.1193e+01   0.0000e+00   6.0797e-02   3.6265e+02
20260406_12:00:00   1.2616e-01   3.4169e+01   1.1059e+01   0.0000e+00   2.0295e-02   3.7015e+02
20260406_15:00:00   1.2847e-01   3.4717e+01   1.1283e+01   0.0000e+00   7.9832e-03   3.7744e+02
20260406_18:00:00   1.2008e-01   3.2797e+01   1.0491e+01   1.0678e-05   1.1059e-03   3.8059e+02
20260406_21:00:00   1.1235e-01   3.0998e+01   9.7397e+00   5.3156e-05   1.1622e-02   3.8408e+02
20260407_00:00:00   1.0335e-01   2.8876e+01   8.6380e+00   1.2090e-04   1.4172e-02   3.7890e+02
20260407_03:00:00   1.1049e-01   3.0677e+01   9.5821e+00   0.0000e+00   6.4920e-03   3.6555e+02
20260407_06:00:00   1.1040e-01   3.0739e+01   9.3893e+00   0.0000e+00   1.0678e-06   3.5762e+02
20260407_09:00:00   1.0518e-01   2.9452e+01   8.5400e+00   0.0000e+00   0.0000e+00   3.5808e+02
20260407_12:00:00   1.0004e-01   2.8175e+01   7.7386e+00   0.0000e+00   0.0000e+00   3.4541e+02
20260407_15:00:00   9.8888e-02   2.7902e+01   7.6255e+00   0.0000e+00   0.0000e+00   3.3768e+02
20260407_18:00:00   9.6927e-02   2.7491e+01   7.6214e+00   0.0000e+00   0.0000e+00   3.3812e+02
20260407_21:00:00   9.3156e-02   2.6603e+01   7.4211e+00   0.0000e+00   2.5917e-07   3.3782e+02
20260408_00:00:00   1.0099e-01   2.8563e+01   8.8841e+00   0.0000e+00   5.0556e-05   3.3762e+02
