#            date       tau255        Tb[K]      pwv[mm] lwp[kg*m^-2] iwp[kg*m^-2]       o3[DU]
20260219_18:00:00   1.1147e-01   2.9986e+01   7.7943e+00   3.5390e-05   1.8687e-01   4.0153e+02
20260219_19:00:00   1.1325e-01   3.0423e+01   8.0447e+00   6.0633e-04   1.2287e-01   4.0121e+02
20260219_20:00:00   1.1788e-01   3.1494e+01   8.5102e+00   8.2897e-04   4.2716e-01   4.0232e+02
20260219_21:00:00   1.1604e-01   3.1110e+01   8.4002e+00   6.2154e-04   1.8947e-01   4.0939e+02
20260219_22:00:00   1.1499e-01   3.0865e+01   8.3372e+00   1.2476e-05   2.7968e-01   4.1195e+02
20260219_23:00:00   1.1199e-01   3.0179e+01   8.0793e+00   2.5544e-04   9.8718e-02   4.1949e+02
20260220_00:00:00   1.1293e-01   3.0360e+01   8.0679e+00   3.0778e-06   3.4749e-01   4.2383e+02
20260220_01:00:00   9.8174e-02   2.6893e+01   6.3422e+00   9.7180e-07   1.0569e-02   4.1784e+02
20260220_02:00:00   9.2405e-02   2.5395e+01   5.5762e+00   1.2148e-06   9.7837e-03   4.1781e+02
20260220_03:00:00   8.8501e-02   2.4427e+01   5.0391e+00   2.1060e-06   3.0776e-03   4.2314e+02
20260220_04:00:00   8.3732e-02   2.3282e+01   4.3701e+00   0.0000e+00   5.0005e-04   4.2381e+02
20260220_05:00:00   8.1125e-02   2.2657e+01   4.0046e+00   0.0000e+00   2.9321e-05   4.2495e+02
20260220_06:00:00   8.0383e-02   2.2469e+01   3.9316e+00   0.0000e+00   6.0748e-05   4.1568e+02
20260220_07:00:00   7.9972e-02   2.2365e+01   3.8542e+00   0.0000e+00   1.8747e-05   4.0242e+02
20260220_08:00:00   7.9062e-02   2.2155e+01   3.7197e+00   0.0000e+00   2.6560e-06   3.9675e+02
20260220_09:00:00   7.7892e-02   2.1889e+01   3.5442e+00   1.0528e-06   1.6844e-06   3.9525e+02
20260220_10:00:00   7.6736e-02   2.1624e+01   3.3785e+00   2.4300e-06   8.4220e-07   3.9604e+02
20260220_11:00:00   7.5894e-02   2.1439e+01   3.2527e+00   4.0500e-07   1.2958e-07   3.9919e+02
20260220_12:00:00   7.5245e-02   2.1290e+01   3.1556e+00   0.0000e+00   0.0000e+00   3.9331e+02
20260220_13:00:00   7.4416e-02   2.1102e+01   3.0485e+00   0.0000e+00   0.0000e+00   3.8091e+02
20260220_14:00:00   7.3786e-02   2.0953e+01   2.9614e+00   0.0000e+00   0.0000e+00   3.7716e+02
20260220_15:00:00   7.3040e-02   2.0782e+01   2.8633e+00   0.0000e+00   2.2618e-05   3.7638e+02
20260220_16:00:00   7.4043e-02   2.1065e+01   3.0302e+00   0.0000e+00   1.6410e-03   3.7440e+02
20260220_17:00:00   7.5052e-02   2.1342e+01   3.1763e+00   0.0000e+00   1.3552e-03   3.7252e+02
20260220_18:00:00   7.6877e-02   2.1820e+01   3.4177e+00   0.0000e+00   4.4987e-04   3.7164e+02
20260220_19:00:00   7.9104e-02   2.2391e+01   3.7093e+00   0.0000e+00   3.9723e-04   3.7172e+02
20260220_20:00:00   8.1071e-02   2.2902e+01   3.9739e+00   0.0000e+00   2.4028e-03   3.7201e+02
20260220_21:00:00   8.2880e-02   2.3371e+01   4.2412e+00   0.0000e+00   5.8120e-03   3.7343e+02
20260220_22:00:00   8.5091e-02   2.3925e+01   4.5850e+00   0.0000e+00   9.5795e-03   3.7544e+02
20260220_23:00:00   8.7475e-02   2.4509e+01   4.9828e+00   0.0000e+00   1.1946e-02   3.7271e+02
20260221_00:00:00   8.9703e-02   2.5050e+01   5.3415e+00   0.0000e+00   1.4278e-02   3.7012e+02
20260221_01:00:00   9.1751e-02   2.5539e+01   5.6063e+00   0.0000e+00   1.3540e-02   3.7018e+02
20260221_02:00:00   9.1298e-02   2.5396e+01   5.5438e+00   0.0000e+00   7.8033e-03   3.7180e+02
20260221_03:00:00   9.0424e-02   2.5162e+01   5.4624e+00   0.0000e+00   6.0252e-03   3.7266e+02
20260221_04:00:00   8.9077e-02   2.4818e+01   5.3224e+00   0.0000e+00   5.8355e-03   3.7383e+02
20260221_05:00:00   8.7509e-02   2.4435e+01   5.1423e+00   0.0000e+00   2.7300e-03   3.7454e+02
20260221_06:00:00   8.6424e-02   2.4166e+01   5.0392e+00   0.0000e+00   7.2481e-04   3.7357e+02
20260221_07:00:00   8.4390e-02   2.3707e+01   4.7225e+00   0.0000e+00   0.0000e+00   3.6984e+02
20260221_08:00:00   8.2872e-02   2.3362e+01   4.5093e+00   0.0000e+00   0.0000e+00   3.6237e+02
20260221_09:00:00   8.2133e-02   2.3198e+01   4.4477e+00   0.0000e+00   0.0000e+00   3.5439e+02
20260221_10:00:00   8.1462e-02   2.3048e+01   4.3697e+00   0.0000e+00   2.8595e-05   3.4799e+02
20260221_11:00:00   8.0119e-02   2.2743e+01   4.1843e+00   0.0000e+00   1.4668e-03   3.4202e+02
20260221_12:00:00   8.0485e-02   2.2834e+01   4.2712e+00   0.0000e+00   2.2827e-03   3.3565e+02
20260221_13:00:00   8.1670e-02   2.3118e+01   4.4877e+00   0.0000e+00   5.5573e-03   3.2979e+02
20260221_14:00:00   8.3125e-02   2.3491e+01   4.7423e+00   0.0000e+00   6.4820e-03   3.2827e+02
20260221_15:00:00   8.5373e-02   2.4036e+01   5.1586e+00   0.0000e+00   6.1555e-03   3.2601e+02
20260221_16:00:00   8.8981e-02   2.4933e+01   5.7548e+00   0.0000e+00   9.9614e-03   3.2390e+02
20260221_17:00:00   9.0123e-02   2.5263e+01   5.9093e+00   0.0000e+00   6.7542e-03   3.2329e+02
20260221_18:00:00   9.1251e-02   2.5585e+01   6.0529e+00   0.0000e+00   3.1969e-03   3.2205e+02
20260221_19:00:00   9.5334e-02   2.6591e+01   6.7181e+00   0.0000e+00   1.1274e-03   3.1941e+02
20260221_20:00:00   9.8861e-02   2.7486e+01   7.1542e+00   0.0000e+00   0.0000e+00   3.1965e+02
20260221_21:00:00   1.0335e-01   2.8604e+01   7.7214e+00   0.0000e+00   0.0000e+00   3.2007e+02
20260221_22:00:00   1.0931e-01   3.0046e+01   8.5708e+00   0.0000e+00   0.0000e+00   3.2150e+02
20260221_23:00:00   1.1264e-01   3.0861e+01   9.0512e+00   0.0000e+00   4.0900e-07   3.2173e+02
20260222_00:00:00   1.1540e-01   3.1531e+01   9.4767e+00   0.0000e+00   0.0000e+00   3.2220e+02
20260222_01:00:00   1.1550e-01   3.1561e+01   9.4736e+00   0.0000e+00   0.0000e+00   3.2175e+02
20260222_02:00:00   1.1228e-01   3.0765e+01   9.0371e+00   0.0000e+00   2.2320e-04   3.2185e+02
20260222_03:00:00   1.1019e-01   3.0249e+01   8.7474e+00   0.0000e+00   8.0980e-08   3.2268e+02
20260222_04:00:00   1.0907e-01   2.9975e+01   8.6753e+00   0.0000e+00   1.1520e-04   3.2024e+02
20260222_05:00:00   1.0860e-01   2.9854e+01   8.7370e+00   0.0000e+00   8.9135e-04   3.1915e+02
20260222_06:00:00   1.0783e-01   2.9670e+01   8.6961e+00   0.0000e+00   2.6392e-03   3.1855e+02
20260222_07:00:00   1.0660e-01   2.9385e+01   8.5378e+00   0.0000e+00   3.3474e-04   3.2037e+02
20260222_08:00:00   1.0480e-01   2.8959e+01   8.3085e+00   0.0000e+00   1.9804e-03   3.2116e+02
20260222_09:00:00   1.0258e-01   2.8463e+01   7.8893e+00   0.0000e+00   0.0000e+00   3.1870e+02
20260222_10:00:00   1.0080e-01   2.8081e+01   7.5228e+00   0.0000e+00   0.0000e+00   3.2241e+02
20260222_11:00:00   9.9802e-02   2.7861e+01   7.2978e+00   0.0000e+00   0.0000e+00   3.2130e+02
20260222_12:00:00   9.8865e-02   2.7635e+01   7.1519e+00   0.0000e+00   0.0000e+00   3.2107e+02
20260222_13:00:00   9.7347e-02   2.7270e+01   6.9377e+00   0.0000e+00   0.0000e+00   3.2231e+02
20260222_14:00:00   9.4884e-02   2.6681e+01   6.5175e+00   0.0000e+00   0.0000e+00   3.2159e+02
20260222_15:00:00   9.2327e-02   2.6080e+01   6.0973e+00   0.0000e+00   0.0000e+00   3.2068e+02
20260222_16:00:00   9.1753e-02   2.6000e+01   5.9820e+00   0.0000e+00   0.0000e+00   3.1823e+02
20260222_17:00:00   9.2644e-02   2.6292e+01   6.0923e+00   0.0000e+00   0.0000e+00   3.1620e+02
20260222_18:00:00   9.5817e-02   2.7128e+01   6.4814e+00   0.0000e+00   2.2720e-04   3.1537e+02
20260222_19:00:00   9.9936e-02   2.8193e+01   6.9897e+00   0.0000e+00   8.5560e-05   3.1322e+02
20260222_20:00:00   1.0340e-01   2.9068e+01   7.3826e+00   7.5840e-04   7.0601e-04   3.1091e+02
20260222_21:00:00   1.0654e-01   2.9870e+01   7.4953e+00   3.4640e-03   1.9802e-03   3.1144e+02
20260222_22:00:00   1.0778e-01   3.0189e+01   7.7386e+00   2.8396e-03   1.9464e-03   3.1306e+02
20260222_23:00:00   1.0776e-01   3.0188e+01   7.9647e+00   1.1110e-03   1.3744e-03   3.1198e+02
20260223_00:00:00   1.0620e-01   2.9830e+01   7.8388e+00   0.0000e+00   2.8540e-03   3.1194e+02
20260223_01:00:00   1.0257e-01   2.8919e+01   7.5014e+00   0.0000e+00   7.7570e-03   3.1351e+02
20260223_02:00:00   9.7362e-02   2.7613e+01   6.8744e+00   0.0000e+00   9.8440e-05   3.1364e+02
20260223_03:00:00   9.4418e-02   2.6846e+01   6.5849e+00   0.0000e+00   1.6869e-03   3.1266e+02
20260223_04:00:00   9.2159e-02   2.6283e+01   6.2992e+00   0.0000e+00   6.0130e-04   3.1294e+02
20260223_05:00:00   9.0798e-02   2.5940e+01   6.1582e+00   0.0000e+00   1.0596e-03   3.0950e+02
20260223_06:00:00   9.0834e-02   2.5923e+01   6.3513e+00   0.0000e+00   5.8842e-03   3.0626e+02
20260223_07:00:00   9.2104e-02   2.6206e+01   6.6671e+00   0.0000e+00   7.2700e-03   3.0450e+02
20260223_08:00:00   9.3062e-02   2.6447e+01   6.8626e+00   0.0000e+00   2.0464e-04   3.0544e+02
20260223_09:00:00   9.2975e-02   2.6405e+01   6.9820e+00   0.0000e+00   1.8182e-03   3.0617e+02
20260223_10:00:00   9.4897e-02   2.6848e+01   7.3886e+00   0.0000e+00   7.2769e-04   3.0583e+02
20260223_11:00:00   9.5681e-02   2.7021e+01   7.5439e+00   0.0000e+00   1.8412e-03   3.0368e+02
20260223_12:00:00   9.6032e-02   2.7099e+01   7.6817e+00   0.0000e+00   3.3273e-03   3.0398e+02
20260223_13:00:00   9.7014e-02   2.7332e+01   7.9323e+00   0.0000e+00   2.8169e-03   3.0553e+02
20260223_14:00:00   9.7907e-02   2.7553e+01   8.0984e+00   0.0000e+00   6.7262e-04   3.0689e+02
20260223_15:00:00   9.8703e-02   2.7761e+01   8.2438e+00   0.0000e+00   1.2320e-03   3.0585e+02
20260223_16:00:00   1.0123e-01   2.8427e+01   8.6345e+00   0.0000e+00   2.2448e-03   3.0694e+02
20260223_17:00:00   1.0576e-01   2.9586e+01   9.2926e+00   0.0000e+00   2.3610e-03   3.0796e+02
20260223_18:00:00   1.1109e-01   3.0936e+01   1.0082e+01   0.0000e+00   4.3918e-03   3.0708e+02
20260223_19:00:00   1.1551e-01   3.2086e+01   1.0677e+01   0.0000e+00   1.3239e-03   3.0643e+02
20260223_20:00:00   1.1957e-01   3.3090e+01   1.1303e+01   0.0000e+00   4.3461e-04   3.0338e+02
20260223_21:00:00   1.2363e-01   3.4089e+01   1.1922e+01   8.4260e-06   2.6106e-03   3.0038e+02
20260223_22:00:00   1.3111e-01   3.5873e+01   1.3121e+01   1.2640e-04   1.3454e-04   2.9942e+02
20260223_23:00:00   1.4092e-01   3.8212e+01   1.4584e+01   2.2402e-04   2.0400e-04   2.9842e+02
20260224_00:00:00   1.4717e-01   3.9684e+01   1.5494e+01   0.0000e+00   3.0531e-04   2.9927e+02
20260224_01:00:00   1.5073e-01   4.0529e+01   1.5926e+01   4.8517e-05   1.8255e-03   2.9925e+02
20260224_02:00:00   1.5674e-01   4.1862e+01   1.6765e+01   3.0405e-04   2.1610e-03   3.0208e+02
20260224_03:00:00   1.6451e-01   4.3663e+01   1.7571e+01   1.5120e-03   7.3447e-03   3.0316e+02
20260224_04:00:00   1.7414e-01   4.5899e+01   1.8512e+01   3.0108e-03   7.4870e-03   3.0326e+02
20260224_05:00:00   1.9419e-01   5.0448e+01   1.9474e+01   1.6402e-02   4.5378e-02   3.0241e+02
20260224_06:00:00   1.9598e-01   5.0852e+01   2.0321e+01   9.2851e-03   6.5399e-02   3.0089e+02
20260224_07:00:00   2.0175e-01   5.2095e+01   2.0977e+01   9.0927e-03   1.2847e-01   2.9988e+02
20260224_08:00:00   2.0693e-01   5.3318e+01   2.1097e+01   1.2669e-02   2.0420e-02   2.9792e+02
20260224_09:00:00   2.1064e-01   5.4152e+01   2.1462e+01   1.2713e-02   1.5887e-02   2.9502e+02
20260224_10:00:00   2.1483e-01   5.5093e+01   2.1726e+01   1.3760e-02   1.1433e-02   2.9314e+02
20260224_11:00:00   2.2700e-01   5.7741e+01   2.1753e+01   2.5001e-02   9.6882e-03   2.8993e+02
20260224_12:00:00   2.4391e-01   6.1340e+01   2.1740e+01   4.2027e-02   2.3271e-02   2.8993e+02
20260224_13:00:00   2.2339e-01   5.6970e+01   2.1914e+01   1.6080e-02   2.1063e-02   2.8962e+02
20260224_14:00:00   2.1806e-01   5.5805e+01   2.1772e+01   9.7829e-03   1.0629e-02   2.9015e+02
20260224_15:00:00   2.1088e-01   5.4213e+01   2.1547e+01   5.0964e-03   6.0114e-03   2.8847e+02
20260224_16:00:00   2.0290e-01   5.2486e+01   2.1141e+01   1.8578e-03   3.9551e-03   2.8768e+02
20260224_17:00:00   2.0012e-01   5.1890e+01   2.1179e+01   6.7653e-04   1.6588e-02   2.8551e+02
20260224_18:00:00   1.9445e-01   5.0687e+01   2.0667e+01   2.0027e-04   2.5955e-03   2.8494e+02
20260224_21:00:00   1.8232e-01   4.8048e+01   1.9473e+01   7.3176e-04   1.5899e-03   2.8724e+02
20260225_00:00:00   1.7164e-01   4.5554e+01   1.8446e+01   3.6684e-04   8.9447e-04   2.8506e+02
20260225_03:00:00   1.7183e-01   4.5385e+01   1.8182e+01   5.1114e-04   2.1756e-03   2.8576e+02
20260225_06:00:00   1.6929e-01   4.4809e+01   1.7779e+01   5.6220e-04   7.5524e-04   2.8257e+02
20260225_09:00:00   1.6523e-01   4.3915e+01   1.7131e+01   9.9662e-04   7.6694e-04   2.7805e+02
20260225_12:00:00   1.7182e-01   4.5413e+01   1.7662e+01   2.1056e-03   4.2284e-03   2.7673e+02
20260225_15:00:00   1.7416e-01   4.5983e+01   1.7418e+01   3.8297e-03   1.5484e-03   2.8048e+02
20260225_18:00:00   1.6601e-01   4.4279e+01   1.6585e+01   2.2052e-03   2.0542e-02   2.7960e+02
20260225_21:00:00   1.5340e-01   4.1432e+01   1.5570e+01   5.7602e-04   1.0159e-02   2.7831e+02
20260226_00:00:00   1.3826e-01   3.7816e+01   1.3867e+01   5.0463e-05   2.6072e-02   2.7695e+02
20260226_03:00:00   1.3021e-01   3.5731e+01   1.2679e+01   1.2148e-05   8.0268e-04   2.7524e+02
20260226_06:00:00   1.2337e-01   3.3942e+01   1.1842e+01   0.0000e+00   1.5011e-02   2.7076e+02
20260226_09:00:00   1.1758e-01   3.2453e+01   1.1214e+01   0.0000e+00   1.5123e-02   2.7217e+02
20260226_12:00:00   1.1215e-01   3.1153e+01   1.0342e+01   0.0000e+00   1.1878e-03   2.7041e+02
20260226_15:00:00   1.0452e-01   2.9317e+01   9.2090e+00   0.0000e+00   6.1564e-04   2.7097e+02
20260226_18:00:00   1.0173e-01   2.8758e+01   8.6823e+00   0.0000e+00   4.0818e-04   2.7239e+02
20260226_21:00:00   9.7347e-02   2.7810e+01   8.0035e+00   4.3682e-05   1.2863e-03   2.6855e+02
20260227_00:00:00   8.8523e-02   2.5712e+01   6.5289e+00   8.2938e-07   8.2370e-04   2.7350e+02
20260227_03:00:00   8.4738e-02   2.4748e+01   5.7680e+00   0.0000e+00   2.8218e-04   2.7504e+02
20260227_06:00:00   7.5835e-02   2.2417e+01   4.3383e+00   0.0000e+00   3.2958e-04   2.7661e+02
20260227_09:00:00   7.0198e-02   2.0914e+01   3.4583e+00   0.0000e+00   1.0268e-03   2.7931e+02
20260227_12:00:00   6.9977e-02   2.0830e+01   3.3508e+00   0.0000e+00   1.6588e-06   2.8408e+02
20260227_15:00:00   7.0357e-02   2.0928e+01   3.4685e+00   0.0000e+00   4.3800e-04   2.8664e+02
20260227_18:00:00   7.2852e-02   2.1626e+01   3.9057e+00   0.0000e+00   7.3024e-04   2.8702e+02
20260227_21:00:00   7.8414e-02   2.3128e+01   4.8386e+00   0.0000e+00   3.7551e-05   2.8428e+02
20260228_00:00:00   7.9402e-02   2.3429e+01   5.1058e+00   0.0000e+00   4.8818e-04   2.8418e+02
20260228_03:00:00   8.2444e-02   2.4145e+01   5.4239e+00   0.0000e+00   4.1520e-05   2.8618e+02
20260228_06:00:00   8.7899e-02   2.5412e+01   6.2736e+00   0.0000e+00   2.9240e-03   2.8661e+02
20260228_09:00:00   8.9532e-02   2.5716e+01   6.6235e+00   0.0000e+00   1.2320e-02   2.8867e+02
20260228_12:00:00   8.9328e-02   2.5617e+01   6.5687e+00   0.0000e+00   7.7125e-03   2.8671e+02
20260228_15:00:00   8.9398e-02   2.5593e+01   6.5617e+00   0.0000e+00   6.7400e-03   2.8698e+02
20260228_18:00:00   8.9778e-02   2.5729e+01   6.7507e+00   0.0000e+00   7.5436e-03   2.8511e+02
20260228_21:00:00   9.2696e-02   2.6511e+01   7.3866e+00   1.0678e-05   6.2696e-03   2.9090e+02
20260301_00:00:00   9.3525e-02   2.6713e+01   7.6556e+00   0.0000e+00   1.9391e-02   2.8937e+02
20260301_03:00:00   9.7705e-02   2.7746e+01   7.9933e+00   0.0000e+00   6.7210e-03   2.9110e+02
20260301_06:00:00   9.6447e-02   2.7359e+01   7.6419e+00   0.0000e+00   7.1739e-03   2.9036e+02
20260301_09:00:00   9.2695e-02   2.6355e+01   7.0762e+00   0.0000e+00   3.2152e-03   2.8744e+02
20260301_12:00:00   9.4431e-02   2.6704e+01   7.3563e+00   0.0000e+00   3.6793e-02   2.8723e+02
20260301_15:00:00   9.9278e-02   2.7830e+01   8.1547e+00   0.0000e+00   4.9302e-02   2.8791e+02
20260301_18:00:00   1.0626e-01   2.9527e+01   9.1960e+00   0.0000e+00   1.4670e-01   2.8704e+02
20260301_21:00:00   1.0823e-01   3.0037e+01   9.5900e+00   0.0000e+00   1.3308e-01   2.8693e+02
20260302_00:00:00   1.0893e-01   3.0289e+01   9.8463e+00   0.0000e+00   3.8568e-02   2.8780e+02
20260302_03:00:00   9.9992e-02   2.8185e+01   8.4176e+00   0.0000e+00   1.9158e-03   2.9256e+02
20260302_06:00:00   9.4769e-02   2.6899e+01   7.6090e+00   0.0000e+00   9.6159e-03   2.9124e+02
20260302_09:00:00   9.4122e-02   2.6666e+01   7.6264e+00   0.0000e+00   2.9147e-02   2.8995e+02
20260302_12:00:00   9.1195e-02   2.5870e+01   7.2869e+00   0.0000e+00   1.5931e-02   2.9110e+02
20260302_15:00:00   8.6071e-02   2.4600e+01   6.5103e+00   0.0000e+00   1.6273e-02   2.9077e+02
20260302_18:00:00   7.9725e-02   2.3149e+01   5.3636e+00   0.0000e+00   1.9548e-02   2.9504e+02
20260302_21:00:00   7.5691e-02   2.2253e+01   4.7147e+00   3.1900e-04   1.5040e-03   2.9408e+02
20260303_00:00:00   8.8294e-02   2.5360e+01   7.1186e+00   0.0000e+00   2.9962e-03   2.9265e+02
20260303_03:00:00   1.0134e-01   2.8533e+01   9.1052e+00   0.0000e+00   1.0349e-02   2.9294e+02
20260303_06:00:00   1.1469e-01   3.1677e+01   1.1073e+01   0.0000e+00   6.5906e-02   2.9227e+02
20260303_09:00:00   1.3413e-01   3.6314e+01   1.3689e+01   0.0000e+00   1.5539e-01   2.9198e+02
20260303_12:00:00   1.3641e-01   3.6837e+01   1.3904e+01   0.0000e+00   2.2222e-01   2.9390e+02
20260303_15:00:00   1.3406e-01   3.6305e+01   1.3528e+01   0.0000e+00   3.3704e-02   2.9834e+02
20260303_18:00:00   1.3552e-01   3.6600e+01   1.3568e+01   0.0000e+00   2.3082e-01   3.0714e+02
20260303_21:00:00   1.3175e-01   3.5815e+01   1.3017e+01   1.4929e-03   2.7989e-02   3.1122e+02
20260304_00:00:00   1.5092e-01   4.0405e+01   1.5316e+01   1.0224e-06   1.5806e-01   3.1783e+02
20260304_03:00:00   1.6566e-01   4.3810e+01   1.6645e+01   3.3380e-06   1.1687e-01   3.2631e+02
20260304_06:00:00   1.6010e-01   4.2490e+01   1.5792e+01   2.4780e-05   1.8104e-02   3.1981e+02
20260304_09:00:00   1.4351e-01   3.8575e+01   1.3763e+01   4.6980e-06   9.3451e-05   3.0768e+02
20260304_12:00:00   1.3067e-01   3.5514e+01   1.1976e+01   8.0980e-07   1.2958e-07   3.1443e+02
20260304_15:00:00   1.2936e-01   3.5146e+01   1.1748e+01   0.0000e+00   2.4981e-04   3.1804e+02
20260304_18:00:00   1.2569e-01   3.4454e+01   1.1263e+01   0.0000e+00   0.0000e+00   3.1735e+02
20260304_21:00:00   1.2132e-01   3.3601e+01   1.0726e+01   2.3462e-05   1.8715e-05   3.1229e+02
20260305_00:00:00   1.2575e-01   3.4783e+01   1.1371e+01   2.8400e-04   1.1564e-05   3.0695e+02
20260305_03:00:00   1.2845e-01   3.5494e+01   1.1530e+01   1.5436e-04   1.1071e-03   3.0947e+02
20260305_06:00:00   1.2393e-01   3.4304e+01   1.0679e+01   5.6680e-06   1.4004e-03   3.1391e+02
20260305_09:00:00   1.1275e-01   3.1477e+01   9.2712e+00   1.8626e-06   5.1114e-03   3.1426e+02
20260305_12:00:00   1.0334e-01   2.9082e+01   8.1495e+00   9.9620e-06   1.2410e-03   3.2114e+02
20260305_15:00:00   9.9308e-02   2.8029e+01   7.6843e+00   1.2958e-06   6.3573e-04   3.2437e+02
20260305_18:00:00   1.0392e-01   2.9187e+01   8.6420e+00   0.0000e+00   1.7947e-03   3.3212e+02
20260305_21:00:00   1.1460e-01   3.1778e+01   1.0550e+01   1.3160e-05   2.0547e-03   3.4084e+02
20260306_00:00:00   1.1673e-01   3.2258e+01   1.0709e+01   1.7832e-04   4.1750e-05   3.4408e+02
20260306_03:00:00   1.2091e-01   3.3163e+01   1.0754e+01   4.8299e-04   3.8840e-04   3.5669e+02
20260306_06:00:00   1.0904e-01   3.0326e+01   8.4814e+00   4.9125e-04   1.2748e-03   3.7430e+02
20260306_09:00:00   1.0364e-01   2.8902e+01   7.7557e+00   2.1340e-05   7.6426e-04   3.6223e+02
20260306_12:00:00   9.8538e-02   2.7560e+01   7.0391e+00   0.0000e+00   2.8663e-04   3.4903e+02
20260306_15:00:00   9.5680e-02   2.6787e+01   6.3802e+00   3.0667e-06   1.8577e-05   3.5836e+02
20260306_18:00:00   8.4761e-02   2.4107e+01   5.0721e+00   0.0000e+00   3.6036e-06   3.5654e+02
20260306_21:00:00   8.7661e-02   2.4759e+01   5.7371e+00   1.9475e-05   6.9482e-04   3.5434e+02
20260307_00:00:00   9.1791e-02   2.5798e+01   6.3382e+00   1.4578e-05   8.9001e-03   3.6090e+02
20260307_03:00:00   8.1189e-02   2.3247e+01   4.5197e+00   0.0000e+00   0.0000e+00   3.5931e+02
20260307_06:00:00   8.2904e-02   2.3671e+01   4.6332e+00   0.0000e+00   0.0000e+00   3.4335e+02
20260307_09:00:00   7.8064e-02   2.2504e+01   3.8669e+00   0.0000e+00   0.0000e+00   3.3074e+02
20260307_12:00:00   7.4725e-02   2.1691e+01   3.4695e+00   0.0000e+00   0.0000e+00   3.1375e+02
20260307_15:00:00   7.4854e-02   2.1699e+01   3.7506e+00   0.0000e+00   5.9221e-04   3.0798e+02
20260307_18:00:00   7.3732e-02   2.1460e+01   3.8938e+00   0.0000e+00   1.6736e-04   3.0497e+02
