#            date       tau255        Tb[K]      pwv[mm] lwp[kg*m^-2] iwp[kg*m^-2]       o3[DU]
20260403_00:00:00   8.1324e-02   2.3778e+01   5.4729e+00   0.0000e+00   0.0000e+00   3.3657e+02
20260403_01:00:00   7.9754e-02   2.3360e+01   5.2474e+00   0.0000e+00   0.0000e+00   3.3773e+02
20260403_02:00:00   8.1751e-02   2.3847e+01   5.5013e+00   0.0000e+00   0.0000e+00   3.3564e+02
20260403_03:00:00   8.3612e-02   2.4260e+01   5.6560e+00   0.0000e+00   0.0000e+00   3.3718e+02
20260403_04:00:00   8.4230e-02   2.4361e+01   5.5456e+00   0.0000e+00   0.0000e+00   3.4002e+02
20260403_05:00:00   8.3857e-02   2.4224e+01   5.3445e+00   0.0000e+00   0.0000e+00   3.4065e+02
20260403_06:00:00   8.4135e-02   2.4230e+01   5.2714e+00   0.0000e+00   0.0000e+00   3.3833e+02
20260403_07:00:00   8.4066e-02   2.4169e+01   5.1577e+00   0.0000e+00   0.0000e+00   3.3699e+02
20260403_08:00:00   8.3088e-02   2.3894e+01   4.9467e+00   0.0000e+00   0.0000e+00   3.3674e+02
20260403_09:00:00   8.2076e-02   2.3617e+01   4.7757e+00   0.0000e+00   0.0000e+00   3.3566e+02
20260403_10:00:00   8.0925e-02   2.3313e+01   4.5773e+00   0.0000e+00   0.0000e+00   3.3546e+02
20260403_11:00:00   8.0111e-02   2.3097e+01   4.4350e+00   0.0000e+00   0.0000e+00   3.3426e+02
20260403_12:00:00   7.9616e-02   2.2964e+01   4.3139e+00   0.0000e+00   0.0000e+00   3.3229e+02
20260403_13:00:00   7.9307e-02   2.2882e+01   4.2308e+00   0.0000e+00   0.0000e+00   3.3141e+02
20260403_14:00:00   7.9188e-02   2.2847e+01   4.1806e+00   0.0000e+00   0.0000e+00   3.2935e+02
20260403_15:00:00   7.8491e-02   2.2687e+01   4.1009e+00   0.0000e+00   0.0000e+00   3.3029e+02
20260403_16:00:00   7.7058e-02   2.2353e+01   3.9308e+00   0.0000e+00   0.0000e+00   3.3209e+02
20260403_17:00:00   7.5702e-02   2.2041e+01   3.7677e+00   0.0000e+00   0.0000e+00   3.3462e+02
20260403_18:00:00   7.3841e-02   2.1608e+01   3.5470e+00   0.0000e+00   0.0000e+00   3.3664e+02
20260403_19:00:00   7.2523e-02   2.1309e+01   3.4173e+00   0.0000e+00   0.0000e+00   3.3867e+02
20260403_20:00:00   7.1790e-02   2.1154e+01   3.3716e+00   0.0000e+00   0.0000e+00   3.3972e+02
20260403_21:00:00   7.1062e-02   2.1002e+01   3.3203e+00   0.0000e+00   0.0000e+00   3.3892e+02
20260403_22:00:00   7.0224e-02   2.0814e+01   3.2472e+00   0.0000e+00   0.0000e+00   3.3406e+02
20260403_23:00:00   6.9539e-02   2.0656e+01   3.1841e+00   0.0000e+00   0.0000e+00   3.2807e+02
20260404_00:00:00   6.8846e-02   2.0486e+01   3.0998e+00   0.0000e+00   0.0000e+00   3.2284e+02
20260404_01:00:00   6.8609e-02   2.0427e+01   3.0669e+00   0.0000e+00   0.0000e+00   3.1930e+02
20260404_02:00:00   6.9094e-02   2.0551e+01   3.1213e+00   0.0000e+00   0.0000e+00   3.1632e+02
20260404_03:00:00   6.9206e-02   2.0574e+01   3.1205e+00   0.0000e+00   0.0000e+00   3.1818e+02
20260404_04:00:00   6.9469e-02   2.0636e+01   3.1395e+00   0.0000e+00   0.0000e+00   3.2106e+02
20260404_05:00:00   6.9355e-02   2.0600e+01   3.1070e+00   0.0000e+00   0.0000e+00   3.2314e+02
20260404_06:00:00   6.9062e-02   2.0519e+01   3.0588e+00   0.0000e+00   0.0000e+00   3.2576e+02
20260404_07:00:00   6.8661e-02   2.0408e+01   2.9992e+00   0.0000e+00   0.0000e+00   3.2801e+02
20260404_08:00:00   6.8578e-02   2.0383e+01   2.9915e+00   0.0000e+00   0.0000e+00   3.3107e+02
20260404_09:00:00   6.8892e-02   2.0454e+01   3.0372e+00   0.0000e+00   0.0000e+00   3.3371e+02
20260404_10:00:00   6.8991e-02   2.0477e+01   3.0488e+00   0.0000e+00   8.0980e-08   3.3588e+02
20260404_11:00:00   6.9397e-02   2.0575e+01   3.1046e+00   0.0000e+00   2.8940e-06   3.3116e+02
20260404_12:00:00   6.9528e-02   2.0603e+01   3.1147e+00   0.0000e+00   3.3658e-05   3.2674e+02
20260404_13:00:00   6.9647e-02   2.0631e+01   3.1260e+00   0.0000e+00   1.1087e-05   3.2479e+02
20260404_14:00:00   7.0085e-02   2.0735e+01   3.1741e+00   0.0000e+00   9.3044e-06   3.2681e+02
20260404_15:00:00   7.0919e-02   2.0955e+01   3.2897e+00   0.0000e+00   5.9484e-06   3.2710e+02
20260404_16:00:00   7.0932e-02   2.0977e+01   3.3104e+00   0.0000e+00   2.4860e-05   3.2557e+02
20260404_17:00:00   7.1230e-02   2.1076e+01   3.3702e+00   0.0000e+00   5.1862e-05   3.2549e+02
20260404_18:00:00   7.1604e-02   2.1198e+01   3.4572e+00   0.0000e+00   1.2629e-04   3.2787e+02
20260404_19:00:00   7.1774e-02   2.1267e+01   3.5401e+00   0.0000e+00   2.9422e-04   3.2914e+02
20260404_20:00:00   7.1073e-02   2.1109e+01   3.4893e+00   0.0000e+00   7.9465e-04   3.3192e+02
20260404_21:00:00   7.1009e-02   2.1103e+01   3.5489e+00   0.0000e+00   2.5649e-03   3.3189e+02
20260404_22:00:00   7.0737e-02   2.1047e+01   3.5697e+00   0.0000e+00   5.6385e-03   3.3092e+02
20260404_23:00:00   7.0642e-02   2.1027e+01   3.6096e+00   0.0000e+00   9.0800e-03   3.2985e+02
20260405_00:00:00   7.0662e-02   2.1032e+01   3.6385e+00   0.0000e+00   7.8680e-03   3.2833e+02
20260405_01:00:00   7.0801e-02   2.1066e+01   3.6617e+00   0.0000e+00   5.1193e-03   3.2783e+02
20260405_02:00:00   7.1130e-02   2.1146e+01   3.6925e+00   0.0000e+00   1.9390e-03   3.2733e+02
20260405_03:00:00   7.1030e-02   2.1114e+01   3.6484e+00   0.0000e+00   3.5097e-04   3.3037e+02
20260405_04:00:00   7.1270e-02   2.1173e+01   3.6667e+00   0.0000e+00   1.4598e-04   3.3282e+02
20260405_05:00:00   7.1471e-02   2.1218e+01   3.6885e+00   0.0000e+00   5.3477e-04   3.3535e+02
20260405_06:00:00   7.1787e-02   2.1289e+01   3.7282e+00   0.0000e+00   7.2784e-04   3.4000e+02
20260405_07:00:00   7.1745e-02   2.1270e+01   3.7103e+00   0.0000e+00   1.2235e-03   3.3724e+02
20260405_08:00:00   7.1476e-02   2.1190e+01   3.6636e+00   0.0000e+00   3.1209e-03   3.3474e+02
20260405_09:00:00   7.1493e-02   2.1180e+01   3.6590e+00   0.0000e+00   7.5178e-03   3.3294e+02
20260405_10:00:00   7.1206e-02   2.1097e+01   3.6105e+00   0.0000e+00   1.1871e-02   3.3491e+02
20260405_11:00:00   7.1115e-02   2.1063e+01   3.6182e+00   0.0000e+00   7.5840e-03   3.3502e+02
20260405_12:00:00   7.1737e-02   2.1197e+01   3.7693e+00   0.0000e+00   5.7724e-03   3.3289e+02
20260405_13:00:00   7.2551e-02   2.1382e+01   3.9306e+00   0.0000e+00   5.4281e-03   3.3215e+02
20260405_14:00:00   7.3101e-02   2.1514e+01   4.0137e+00   0.0000e+00   4.2799e-03   3.3105e+02
20260405_15:00:00   7.4903e-02   2.1947e+01   4.3556e+00   0.0000e+00   4.3121e-03   3.3105e+02
20260405_16:00:00   7.7063e-02   2.2470e+01   4.7866e+00   0.0000e+00   5.6461e-03   3.2876e+02
20260405_17:00:00   7.8552e-02   2.2838e+01   5.0836e+00   0.0000e+00   5.8960e-03   3.2718e+02
20260405_18:00:00   8.0342e-02   2.3296e+01   5.4218e+00   0.0000e+00   3.3706e-03   3.2441e+02
20260405_19:00:00   8.2171e-02   2.3747e+01   5.8041e+00   0.0000e+00   5.2029e-03   3.2191e+02
20260405_20:00:00   8.3851e-02   2.4167e+01   6.1604e+00   0.0000e+00   3.6511e-03   3.1850e+02
20260405_21:00:00   8.3836e-02   2.4197e+01   6.1999e+00   0.0000e+00   9.3247e-04   3.2022e+02
20260405_22:00:00   8.2926e-02   2.4010e+01   6.0736e+00   0.0000e+00   8.4096e-04   3.2034e+02
20260405_23:00:00   8.3063e-02   2.4084e+01   6.1115e+00   0.0000e+00   7.4703e-04   3.1667e+02
20260406_00:00:00   8.4962e-02   2.4585e+01   6.4268e+00   0.0000e+00   1.3673e-04   3.1755e+02
20260406_01:00:00   8.7432e-02   2.5210e+01   6.7990e+00   0.0000e+00   2.8911e-04   3.1443e+02
20260406_02:00:00   8.9693e-02   2.5799e+01   7.0915e+00   0.0000e+00   1.2270e-04   3.1287e+02
20260406_03:00:00   9.1286e-02   2.6210e+01   7.2686e+00   0.0000e+00   0.0000e+00   3.1040e+02
20260406_04:00:00   9.3838e-02   2.6851e+01   7.6139e+00   0.0000e+00   0.0000e+00   3.1243e+02
20260406_05:00:00   9.4645e-02   2.7067e+01   7.7049e+00   0.0000e+00   0.0000e+00   3.1139e+02
20260406_06:00:00   9.4701e-02   2.7086e+01   7.6651e+00   0.0000e+00   0.0000e+00   3.1044e+02
20260406_07:00:00   9.5557e-02   2.7309e+01   7.7473e+00   0.0000e+00   1.3006e-04   3.1406e+02
20260406_08:00:00   9.5868e-02   2.7394e+01   7.7393e+00   0.0000e+00   8.0919e-04   3.1611e+02
20260406_09:00:00   9.6838e-02   2.7623e+01   7.8594e+00   0.0000e+00   1.0051e-03   3.1780e+02
20260406_10:00:00   9.7970e-02   2.7880e+01   8.0526e+00   0.0000e+00   1.8954e-03   3.2026e+02
20260406_11:00:00   9.9695e-02   2.8273e+01   8.3361e+00   0.0000e+00   2.1247e-03   3.1601e+02
20260406_12:00:00   9.8958e-02   2.8101e+01   8.1829e+00   0.0000e+00   9.7222e-04   3.2024e+02
20260406_13:00:00   9.9147e-02   2.8160e+01   8.1355e+00   0.0000e+00   0.0000e+00   3.2116e+02
20260406_14:00:00   9.9974e-02   2.8362e+01   8.2123e+00   0.0000e+00   0.0000e+00   3.2156e+02
20260406_15:00:00   1.0097e-01   2.8628e+01   8.3288e+00   0.0000e+00   4.8600e-07   3.2124e+02
20260406_16:00:00   1.0172e-01   2.8838e+01   8.4964e+00   0.0000e+00   4.8764e-06   3.1974e+02
20260406_17:00:00   1.0212e-01   2.8956e+01   8.6237e+00   0.0000e+00   0.0000e+00   3.1653e+02
20260406_18:00:00   1.0136e-01   2.8781e+01   8.6172e+00   0.0000e+00   0.0000e+00   3.2202e+02
20260406_19:00:00   1.0056e-01   2.8606e+01   8.5764e+00   0.0000e+00   0.0000e+00   3.2514e+02
20260406_20:00:00   1.0150e-01   2.8864e+01   8.7481e+00   0.0000e+00   0.0000e+00   3.2417e+02
20260406_21:00:00   1.0402e-01   2.9525e+01   9.1613e+00   0.0000e+00   1.4102e-05   3.2323e+02
20260406_22:00:00   1.0738e-01   3.0382e+01   9.7304e+00   0.0000e+00   1.8192e-05   3.2395e+02
20260406_23:00:00   1.0853e-01   3.0688e+01   9.9602e+00   0.0000e+00   2.4540e-06   3.2193e+02
20260407_00:00:00   1.0919e-01   3.0860e+01   1.0106e+01   0.0000e+00   1.6360e-06   3.1724e+02
20260407_01:00:00   1.0822e-01   3.0644e+01   9.9577e+00   0.0000e+00   0.0000e+00   3.2350e+02
20260407_02:00:00   1.0787e-01   3.0609e+01   9.8219e+00   0.0000e+00   0.0000e+00   3.2469e+02
20260407_03:00:00   1.0755e-01   3.0554e+01   9.6481e+00   0.0000e+00   0.0000e+00   3.2115e+02
20260407_04:00:00   1.0979e-01   3.1110e+01   9.8393e+00   0.0000e+00   0.0000e+00   3.1902e+02
20260407_05:00:00   1.0926e-01   3.0965e+01   9.6970e+00   0.0000e+00   0.0000e+00   3.1654e+02
20260407_06:00:00   1.0897e-01   3.0867e+01   9.6556e+00   0.0000e+00   0.0000e+00   3.1503e+02
20260407_07:00:00   1.0842e-01   3.0708e+01   9.5595e+00   0.0000e+00   0.0000e+00   3.1306e+02
20260407_08:00:00   1.0772e-01   3.0526e+01   9.4208e+00   0.0000e+00   0.0000e+00   3.1250e+02
20260407_09:00:00   1.0719e-01   3.0379e+01   9.3098e+00   0.0000e+00   0.0000e+00   3.1362e+02
20260407_10:00:00   1.0566e-01   2.9996e+01   9.0546e+00   0.0000e+00   0.0000e+00   3.1355e+02
20260407_11:00:00   1.0290e-01   2.9315e+01   8.6030e+00   0.0000e+00   0.0000e+00   3.1501e+02
20260407_12:00:00   1.0016e-01   2.8636e+01   8.1521e+00   0.0000e+00   0.0000e+00   3.1322e+02
20260407_13:00:00   9.7987e-02   2.8094e+01   7.8128e+00   0.0000e+00   0.0000e+00   3.0934e+02
20260407_14:00:00   9.6782e-02   2.7789e+01   7.6004e+00   0.0000e+00   0.0000e+00   3.0836e+02
20260407_15:00:00   9.7617e-02   2.7997e+01   7.7645e+00   0.0000e+00   1.6852e-05   3.0735e+02
20260407_16:00:00   9.6878e-02   2.7849e+01   7.6748e+00   0.0000e+00   0.0000e+00   3.0651e+02
20260407_17:00:00   9.5178e-02   2.7466e+01   7.4468e+00   0.0000e+00   0.0000e+00   3.0594e+02
20260407_18:00:00   9.3733e-02   2.7131e+01   7.2986e+00   0.0000e+00   0.0000e+00   3.0543e+02
20260407_19:00:00   9.1477e-02   2.6582e+01   7.0639e+00   0.0000e+00   0.0000e+00   3.0332e+02
20260407_20:00:00   9.0593e-02   2.6352e+01   7.0846e+00   0.0000e+00   0.0000e+00   3.0275e+02
20260407_21:00:00   9.2414e-02   2.6801e+01   7.5204e+00   0.0000e+00   0.0000e+00   3.0125e+02
20260407_22:00:00   9.5234e-02   2.7512e+01   8.0810e+00   0.0000e+00   0.0000e+00   3.0065e+02
20260407_23:00:00   9.8738e-02   2.8396e+01   8.6958e+00   0.0000e+00   1.3348e-06   3.0019e+02
20260408_00:00:00   1.0146e-01   2.9086e+01   9.1538e+00   0.0000e+00   3.1640e-05   2.9851e+02
20260408_03:00:00   1.0792e-01   3.0713e+01   1.0093e+01   0.0000e+00   9.2120e-04   3.0205e+02
20260408_06:00:00   1.2460e-01   3.4791e+01   1.2061e+01   0.0000e+00   4.0040e-06   3.0183e+02
20260408_09:00:00   1.1959e-01   3.3473e+01   1.1153e+01   0.0000e+00   1.0224e-06   3.0835e+02
20260408_12:00:00   1.1396e-01   3.2015e+01   1.0211e+01   0.0000e+00   0.0000e+00   3.1234e+02
20260408_15:00:00   1.1307e-01   3.1701e+01   1.0175e+01   0.0000e+00   0.0000e+00   3.1689e+02
20260408_18:00:00   1.1430e-01   3.1989e+01   1.0700e+01   0.0000e+00   1.8513e-03   3.1345e+02
20260408_21:00:00   1.2242e-01   3.3870e+01   1.2219e+01   1.6794e-04   5.5569e-02   3.1489e+02
20260409_00:00:00   1.3622e-01   3.7306e+01   1.4151e+01   0.0000e+00   3.6684e-02   3.1828e+02
20260409_03:00:00   1.3976e-01   3.8113e+01   1.4477e+01   0.0000e+00   2.0854e-02   3.1976e+02
20260409_06:00:00   1.4096e-01   3.8379e+01   1.4157e+01   0.0000e+00   2.0755e-02   3.2101e+02
20260409_09:00:00   1.3375e-01   3.6574e+01   1.2990e+01   6.3160e-05   9.1064e-03   3.2195e+02
20260409_12:00:00   1.3007e-01   3.5609e+01   1.2198e+01   1.9598e-05   1.8836e-02   3.2714e+02
20260409_15:00:00   1.4397e-01   3.8728e+01   1.3973e+01   3.2400e-07   2.2760e-01   3.3421e+02
20260409_18:00:00   1.5255e-01   4.0692e+01   1.4989e+01   9.9093e-04   2.9043e-01   3.4196e+02
20260409_21:00:00   1.5624e-01   4.1636e+01   1.4572e+01   9.6794e-03   1.1032e-01   3.4095e+02
20260410_00:00:00   1.5703e-01   4.1893e+01   1.5094e+01   8.0069e-04   4.8797e-03   3.5180e+02
20260410_03:00:00   2.0922e-01   5.3171e+01   1.6150e+01   4.7104e-02   1.5565e-01   3.6519e+02
20260410_06:00:00   1.8323e-01   4.7281e+01   1.5036e+01   2.2510e-02   3.8917e-01   3.7244e+02
20260410_09:00:00   1.6839e-01   4.3891e+01   1.4170e+01   1.2361e-02   1.2742e-01   3.7795e+02
20260410_12:00:00   1.8351e-01   4.7279e+01   1.3958e+01   3.0874e-02   1.9869e-01   3.6720e+02
20260410_15:00:00   1.5665e-01   4.1113e+01   1.3629e+01   4.5517e-03   2.7537e-01   3.6048e+02
20260410_18:00:00   1.5944e-01   4.1820e+01   1.3913e+01   7.3726e-03   2.0061e-01   3.5811e+02
20260410_21:00:00   1.9279e-01   4.9410e+01   1.5043e+01   3.4486e-02   3.5282e-01   3.5906e+02
20260411_00:00:00   3.4408e-01   8.0739e+01   1.6136e+01   1.9132e-01   5.7719e-01   3.5827e+02
20260411_03:00:00   3.2542e-01   7.7409e+01   1.5379e+01   1.7910e-01   1.2819e-01   3.5852e+02
20260411_06:00:00   2.0728e-01   5.2683e+01   1.4624e+01   5.2781e-02   9.6736e-03   3.6714e+02
20260411_09:00:00   1.5193e-01   4.0179e+01   1.3489e+01   2.2936e-03   2.2881e-04   3.6387e+02
20260411_12:00:00   1.3753e-01   3.6842e+01   1.1972e+01   0.0000e+00   0.0000e+00   3.6587e+02
20260411_15:00:00   1.2671e-01   3.4405e+01   1.0550e+01   0.0000e+00   0.0000e+00   3.6434e+02
20260411_18:00:00   1.1849e-01   3.2624e+01   9.6740e+00   5.9641e-05   2.8661e-05   3.6708e+02
20260411_21:00:00   1.2602e-01   3.4576e+01   1.0883e+01   1.2793e-03   1.1937e-03   3.6227e+02
20260412_00:00:00   1.2768e-01   3.5069e+01   1.1509e+01   5.9833e-04   1.9313e-03   3.6513e+02
20260412_03:00:00   1.2559e-01   3.4478e+01   1.1327e+01   1.2050e-04   8.3181e-04   3.7168e+02
20260412_06:00:00   1.1607e-01   3.2020e+01   1.0135e+01   7.9360e-06   7.8053e-03   3.8584e+02
20260412_09:00:00   1.1408e-01   3.1450e+01   9.9971e+00   2.6480e-05   6.6363e-02   3.9146e+02
20260412_12:00:00   1.1403e-01   3.1400e+01   9.8440e+00   3.7260e-06   2.3541e-03   3.9228e+02
20260412_15:00:00   1.0755e-01   2.9840e+01   8.6170e+00   0.0000e+00   3.2400e-08   3.9743e+02
20260412_18:00:00   1.0056e-01   2.8202e+01   7.6813e+00   0.0000e+00   0.0000e+00   3.9062e+02
20260412_21:00:00   9.7736e-02   2.7604e+01   7.4844e+00   6.7860e-05   4.9947e-05   3.8386e+02
20260413_00:00:00   1.0557e-01   2.9525e+01   8.8582e+00   6.7937e-04   4.8759e-04   3.8251e+02
20260413_03:00:00   1.1342e-01   3.1432e+01   1.0062e+01   1.6196e-07   4.6073e-06   3.7673e+02
20260413_06:00:00   1.2047e-01   3.3162e+01   1.0622e+01   0.0000e+00   1.7684e-05   3.7513e+02
20260413_09:00:00   1.1647e-01   3.2165e+01   1.0038e+01   0.0000e+00   5.3400e-07   3.5858e+02
20260413_12:00:00   1.1132e-01   3.0900e+01   9.4692e+00   0.0000e+00   9.5300e-06   3.5057e+02
20260413_15:00:00   1.1363e-01   3.1449e+01   1.0025e+01   0.0000e+00   1.8768e-04   3.4688e+02
20260413_18:00:00   1.2385e-01   3.4005e+01   1.1760e+01   0.0000e+00   1.7007e-04   3.4458e+02
20260413_21:00:00   1.3632e-01   3.7111e+01   1.3943e+01   0.0000e+00   7.5827e-03   3.4717e+02
20260414_00:00:00   1.5592e-01   4.1741e+01   1.6731e+01   4.0204e-05   3.0573e-02   3.4242e+02
20260414_03:00:00   1.6395e-01   4.3577e+01   1.7560e+01   3.0860e-05   2.3325e-02   3.4249e+02
20260414_06:00:00   1.5650e-01   4.1819e+01   1.6492e+01   0.0000e+00   1.2769e-03   3.4381e+02
20260414_09:00:00   1.5367e-01   4.1156e+01   1.5844e+01   0.0000e+00   2.1348e-03   3.4431e+02
20260414_12:00:00   1.3907e-01   3.7786e+01   1.3631e+01   0.0000e+00   1.2582e-04   3.4192e+02
20260414_15:00:00   1.2903e-01   3.5448e+01   1.2120e+01   0.0000e+00   9.7071e-04   3.4395e+02
20260414_18:00:00   1.2359e-01   3.4279e+01   1.1467e+01   0.0000e+00   1.2515e-03   3.4319e+02
20260414_21:00:00   1.2567e-01   3.4987e+01   1.1936e+01   0.0000e+00   6.8001e-04   3.4155e+02
20260415_00:00:00   1.4248e-01   3.9064e+01   1.4659e+01   4.8599e-05   1.0749e-03   3.4046e+02
20260415_03:00:00   1.4569e-01   3.9757e+01   1.5217e+01   0.0000e+00   2.2178e-02   3.4081e+02
20260415_06:00:00   1.4444e-01   3.9365e+01   1.5064e+01   0.0000e+00   1.0013e-02   3.4547e+02
20260415_09:00:00   1.3888e-01   3.8031e+01   1.4155e+01   0.0000e+00   1.3348e-06   3.4491e+02
20260415_12:00:00   1.3325e-01   3.6736e+01   1.3199e+01   0.0000e+00   1.3962e-06   3.4112e+02
20260415_15:00:00   1.3027e-01   3.6046e+01   1.2787e+01   0.0000e+00   5.1125e-03   3.2901e+02
20260415_18:00:00   1.3094e-01   3.6238e+01   1.3555e+01   0.0000e+00   3.0307e-03   3.2400e+02
20260415_21:00:00   1.4285e-01   3.9072e+01   1.5908e+01   0.0000e+00   4.8301e-04   3.1487e+02
20260416_00:00:00   1.5157e-01   4.1157e+01   1.7359e+01   0.0000e+00   4.5415e-02   3.0810e+02
20260416_03:00:00   1.5004e-01   4.0916e+01   1.6968e+01   0.0000e+00   8.1702e-02   3.0646e+02
20260416_06:00:00   1.5290e-01   4.1564e+01   1.7186e+01   0.0000e+00   1.0724e-01   3.0019e+02
20260416_09:00:00   1.4754e-01   4.0251e+01   1.6359e+01   0.0000e+00   1.6210e-03   3.0069e+02
20260416_12:00:00   1.4820e-01   4.0237e+01   1.6586e+01   0.0000e+00   2.8563e-02   2.9900e+02
20260416_15:00:00   1.5321e-01   4.1361e+01   1.7253e+01   0.0000e+00   7.0005e-02   2.9690e+02
20260416_18:00:00   1.5468e-01   4.1780e+01   1.7557e+01   0.0000e+00   8.4012e-02   2.9553e+02
20260416_21:00:00   1.6461e-01   4.3954e+01   1.8956e+01   0.0000e+00   4.9821e-01   2.9507e+02
20260417_00:00:00   1.8728e-01   4.9186e+01   2.1553e+01   0.0000e+00   4.6361e-01   2.9333e+02
20260417_03:00:00   2.0188e-01   5.2364e+01   2.3013e+01   1.0054e-04   3.2099e-01   2.9526e+02
20260417_06:00:00   2.2249e-01   5.6829e+01   2.4394e+01   4.4659e-03   5.0911e-01   2.9544e+02
20260417_09:00:00   3.2229e-01   7.7537e+01   2.4684e+01   1.1107e-01   1.4670e-01   2.9666e+02
20260417_12:00:00   2.0831e-01   5.3765e+01   2.2238e+01   3.3355e-04   1.1151e-02   2.9706e+02
20260417_15:00:00   1.8338e-01   4.8275e+01   1.8700e+01   1.3362e-05   2.7220e-05   3.0002e+02
20260417_18:00:00   1.6780e-01   4.4880e+01   1.6743e+01   2.0241e-03   3.1221e-05   3.0876e+02
20260417_21:00:00   1.5460e-01   4.2102e+01   1.5110e+01   1.5432e-03   3.3759e-05   3.0744e+02
20260418_00:00:00   1.4907e-01   4.0971e+01   1.4730e+01   9.3494e-05   2.9082e-06   3.0787e+02
20260418_03:00:00   1.4473e-01   3.9994e+01   1.4034e+01   8.2040e-05   0.0000e+00   3.1434e+02
20260418_06:00:00   1.4475e-01   3.9943e+01   1.3634e+01   5.4660e-05   0.0000e+00   3.1348e+02
20260418_09:00:00   1.3035e-01   3.6419e+01   1.1656e+01   0.0000e+00   0.0000e+00   3.1887e+02
20260418_12:00:00   1.1070e-01   3.1497e+01   9.0026e+00   0.0000e+00   0.0000e+00   3.3101e+02
20260418_15:00:00   9.9217e-02   2.8543e+01   7.6431e+00   0.0000e+00   0.0000e+00   3.3103e+02
20260418_18:00:00   9.2355e-02   2.6802e+01   7.1241e+00   0.0000e+00   4.8760e-05   3.2924e+02
20260418_21:00:00   9.7695e-02   2.8110e+01   8.5230e+00   0.0000e+00   0.0000e+00   3.3471e+02
20260419_00:00:00   1.1213e-01   3.1801e+01   1.0897e+01   0.0000e+00   1.3969e-04   3.3378e+02
