#            date       tau255        Tb[K]      pwv[mm] lwp[kg*m^-2] iwp[kg*m^-2]       o3[DU]
20260111_00:00:00   8.5604e-02   2.4547e+01   4.9958e+00   0.0000e+00   1.1733e-02   2.7614e+02
20260111_01:00:00   8.4000e-02   2.4132e+01   4.8164e+00   0.0000e+00   5.5483e-03   2.7667e+02
20260111_02:00:00   8.2287e-02   2.3696e+01   4.6009e+00   0.0000e+00   1.8975e-04   2.7736e+02
20260111_03:00:00   8.1030e-02   2.3378e+01   4.4430e+00   0.0000e+00   1.4116e-04   2.7594e+02
20260111_04:00:00   7.9967e-02   2.3106e+01   4.3069e+00   0.0000e+00   5.4963e-04   2.7635e+02
20260111_05:00:00   7.9311e-02   2.2943e+01   4.2324e+00   0.0000e+00   7.5718e-04   2.7765e+02
20260111_06:00:00   7.8760e-02   2.2801e+01   4.1572e+00   0.0000e+00   1.2353e-03   2.7999e+02
20260111_07:00:00   7.7944e-02   2.2601e+01   4.0387e+00   0.0000e+00   1.5301e-03   2.8296e+02
20260111_08:00:00   7.7729e-02   2.2539e+01   4.0180e+00   0.0000e+00   8.5001e-04   2.8641e+02
20260111_09:00:00   7.7613e-02   2.2490e+01   4.0571e+00   0.0000e+00   4.0252e-03   2.8763e+02
20260111_10:00:00   7.8246e-02   2.2640e+01   4.1901e+00   0.0000e+00   1.6301e-02   2.8899e+02
20260111_11:00:00   7.8962e-02   2.2807e+01   4.3448e+00   0.0000e+00   2.8194e-02   2.9087e+02
20260111_12:00:00   7.9421e-02   2.2910e+01   4.4581e+00   0.0000e+00   2.7128e-02   2.9686e+02
20260111_13:00:00   8.0053e-02   2.3054e+01   4.6212e+00   0.0000e+00   1.1276e-02   3.0234e+02
20260111_14:00:00   8.0226e-02   2.3086e+01   4.7035e+00   0.0000e+00   9.9085e-04   3.0606e+02
20260111_15:00:00   7.9163e-02   2.2825e+01   4.5332e+00   0.0000e+00   1.7399e-03   3.0411e+02
20260111_16:00:00   7.9154e-02   2.2836e+01   4.5316e+00   0.0000e+00   2.9288e-04   3.0134e+02
20260111_17:00:00   8.0722e-02   2.3260e+01   4.7571e+00   0.0000e+00   5.4420e-05   2.9736e+02
20260111_18:00:00   8.2367e-02   2.3707e+01   4.9754e+00   0.0000e+00   1.0278e-05   2.9808e+02
20260111_19:00:00   8.3984e-02   2.4139e+01   5.1834e+00   0.0000e+00   1.6852e-05   2.9682e+02
20260111_20:00:00   8.5240e-02   2.4486e+01   5.3460e+00   0.0000e+00   6.6360e-05   2.9930e+02
20260111_21:00:00   8.6097e-02   2.4717e+01   5.4538e+00   0.0000e+00   3.9773e-04   2.9842e+02
20260111_22:00:00   8.6871e-02   2.4921e+01   5.5817e+00   0.0000e+00   6.0838e-04   2.9917e+02
20260111_23:00:00   8.7701e-02   2.5122e+01   5.7392e+00   0.0000e+00   1.1939e-03   2.9909e+02
20260112_00:00:00   8.9339e-02   2.5480e+01   6.0942e+00   0.0000e+00   4.0071e-04   2.9985e+02
20260112_01:00:00   8.9115e-02   2.5352e+01   6.2367e+00   0.0000e+00   6.2841e-04   2.9852e+02
20260112_02:00:00   8.9130e-02   2.5318e+01   6.3176e+00   0.0000e+00   3.7307e-04   2.9929e+02
20260112_03:00:00   8.9691e-02   2.5438e+01   6.4308e+00   0.0000e+00   5.0939e-04   2.9659e+02
20260112_04:00:00   9.1076e-02   2.5760e+01   6.6408e+00   0.0000e+00   1.3030e-03   2.9509e+02
20260112_05:00:00   9.3158e-02   2.6258e+01   6.9687e+00   0.0000e+00   2.3796e-03   2.9315e+02
20260112_06:00:00   9.4798e-02   2.6656e+01   7.2381e+00   0.0000e+00   3.1497e-03   2.9060e+02
20260112_07:00:00   9.5186e-02   2.6752e+01   7.2918e+00   0.0000e+00   2.4771e-04   2.9104e+02
20260112_08:00:00   9.4631e-02   2.6614e+01   7.2011e+00   0.0000e+00   4.4624e-06   2.9014e+02
20260112_09:00:00   9.3302e-02   2.6295e+01   7.0047e+00   0.0000e+00   4.3146e-05   2.9066e+02
20260112_10:00:00   9.1744e-02   2.5922e+01   6.7560e+00   0.0000e+00   7.2722e-05   2.9163e+02
20260112_11:00:00   9.0465e-02   2.5616e+01   6.5314e+00   0.0000e+00   5.1260e-05   2.9225e+02
20260112_12:00:00   8.8645e-02   2.5184e+01   6.1844e+00   0.0000e+00   1.2081e-05   2.9387e+02
20260112_13:00:00   8.6667e-02   2.4720e+01   5.7995e+00   0.0000e+00   0.0000e+00   2.9418e+02
20260112_14:00:00   8.4267e-02   2.4156e+01   5.3572e+00   0.0000e+00   0.0000e+00   2.9466e+02
20260112_15:00:00   8.1630e-02   2.3528e+01   4.9021e+00   0.0000e+00   0.0000e+00   2.9428e+02
20260112_16:00:00   7.9660e-02   2.3071e+01   4.5484e+00   0.0000e+00   0.0000e+00   2.9225e+02
20260112_17:00:00   7.9136e-02   2.2980e+01   4.4133e+00   0.0000e+00   0.0000e+00   2.9225e+02
20260112_18:00:00   7.9514e-02   2.3118e+01   4.4146e+00   0.0000e+00   0.0000e+00   2.9232e+02
20260112_19:00:00   8.0464e-02   2.3381e+01   4.5430e+00   0.0000e+00   0.0000e+00   2.9145e+02
20260112_20:00:00   8.1274e-02   2.3607e+01   4.6730e+00   0.0000e+00   0.0000e+00   2.9104e+02
20260112_21:00:00   8.1668e-02   2.3736e+01   4.7338e+00   0.0000e+00   0.0000e+00   2.9423e+02
20260112_22:00:00   8.2055e-02   2.3866e+01   4.7899e+00   0.0000e+00   0.0000e+00   2.9463e+02
20260112_23:00:00   8.2570e-02   2.4015e+01   4.8654e+00   0.0000e+00   0.0000e+00   2.9392e+02
20260113_00:00:00   8.3207e-02   2.4169e+01   4.9348e+00   0.0000e+00   0.0000e+00   2.9396e+02
20260113_01:00:00   8.1383e-02   2.3689e+01   4.6761e+00   0.0000e+00   0.0000e+00   2.9396e+02
20260113_02:00:00   8.0548e-02   2.3468e+01   4.5646e+00   0.0000e+00   0.0000e+00   2.9565e+02
20260113_03:00:00   8.0116e-02   2.3365e+01   4.5172e+00   0.0000e+00   0.0000e+00   2.9553e+02
20260113_04:00:00   8.0514e-02   2.3456e+01   4.5786e+00   0.0000e+00   0.0000e+00   2.9473e+02
20260113_05:00:00   7.9242e-02   2.3135e+01   4.4068e+00   0.0000e+00   0.0000e+00   2.9444e+02
20260113_06:00:00   7.7367e-02   2.2668e+01   4.1535e+00   0.0000e+00   0.0000e+00   2.9532e+02
20260113_07:00:00   7.6089e-02   2.2352e+01   3.9769e+00   0.0000e+00   0.0000e+00   2.9545e+02
20260113_08:00:00   7.5156e-02   2.2122e+01   3.8469e+00   0.0000e+00   0.0000e+00   2.9539e+02
20260113_09:00:00   7.4422e-02   2.1943e+01   3.7508e+00   0.0000e+00   0.0000e+00   2.9339e+02
20260113_10:00:00   7.4673e-02   2.1995e+01   3.7924e+00   0.0000e+00   0.0000e+00   2.9472e+02
20260113_11:00:00   7.4800e-02   2.2015e+01   3.8174e+00   0.0000e+00   0.0000e+00   2.9506e+02
20260113_12:00:00   7.5071e-02   2.2065e+01   3.8525e+00   0.0000e+00   0.0000e+00   2.9305e+02
20260113_13:00:00   7.5399e-02   2.2140e+01   3.9048e+00   0.0000e+00   0.0000e+00   2.9320e+02
20260113_14:00:00   7.5686e-02   2.2215e+01   3.9619e+00   0.0000e+00   0.0000e+00   2.9517e+02
20260113_15:00:00   7.4363e-02   2.1903e+01   3.7973e+00   0.0000e+00   0.0000e+00   2.9553e+02
20260113_16:00:00   7.4814e-02   2.2015e+01   3.8438e+00   0.0000e+00   0.0000e+00   2.9589e+02
20260113_17:00:00   7.6048e-02   2.2354e+01   4.0163e+00   0.0000e+00   0.0000e+00   2.9850e+02
20260113_18:00:00   7.6533e-02   2.2526e+01   4.1320e+00   0.0000e+00   0.0000e+00   3.0020e+02
20260113_19:00:00   7.7946e-02   2.2916e+01   4.3588e+00   0.0000e+00   0.0000e+00   2.9932e+02
20260113_20:00:00   7.8121e-02   2.2984e+01   4.3946e+00   0.0000e+00   0.0000e+00   2.9927e+02
20260113_21:00:00   7.9197e-02   2.3283e+01   4.5628e+00   0.0000e+00   0.0000e+00   2.9701e+02
20260113_22:00:00   8.0282e-02   2.3570e+01   4.7559e+00   0.0000e+00   0.0000e+00   2.9657e+02
20260113_23:00:00   8.1502e-02   2.3891e+01   4.9720e+00   0.0000e+00   0.0000e+00   2.9397e+02
20260114_00:00:00   8.1259e-02   2.3825e+01   4.9600e+00   0.0000e+00   0.0000e+00   2.9391e+02
20260114_01:00:00   8.0472e-02   2.3586e+01   4.8869e+00   0.0000e+00   0.0000e+00   2.9420e+02
20260114_02:00:00   8.0433e-02   2.3563e+01   4.9413e+00   0.0000e+00   0.0000e+00   2.9341e+02
20260114_03:00:00   8.2052e-02   2.3968e+01   5.2739e+00   0.0000e+00   0.0000e+00   2.9387e+02
20260114_04:00:00   8.4428e-02   2.4546e+01   5.7012e+00   0.0000e+00   0.0000e+00   2.9389e+02
20260114_05:00:00   8.5206e-02   2.4721e+01   5.8740e+00   0.0000e+00   0.0000e+00   2.9294e+02
20260114_06:00:00   8.4718e-02   2.4593e+01   5.8834e+00   0.0000e+00   0.0000e+00   2.9291e+02
20260114_07:00:00   8.5199e-02   2.4696e+01   6.0426e+00   0.0000e+00   0.0000e+00   2.9382e+02
20260114_08:00:00   8.6463e-02   2.4987e+01   6.3510e+00   0.0000e+00   0.0000e+00   2.9285e+02
20260114_09:00:00   8.6612e-02   2.5030e+01   6.3983e+00   0.0000e+00   0.0000e+00   2.9335e+02
20260114_10:00:00   8.6703e-02   2.5057e+01   6.4387e+00   0.0000e+00   0.0000e+00   2.9362e+02
20260114_11:00:00   8.7145e-02   2.5166e+01   6.5482e+00   0.0000e+00   0.0000e+00   2.9275e+02
20260114_12:00:00   8.8361e-02   2.5465e+01   6.7883e+00   0.0000e+00   0.0000e+00   2.9320e+02
20260114_13:00:00   9.0169e-02   2.5923e+01   7.1100e+00   0.0000e+00   0.0000e+00   2.9405e+02
20260114_14:00:00   9.1999e-02   2.6375e+01   7.4202e+00   0.0000e+00   0.0000e+00   2.9431e+02
20260114_15:00:00   9.3491e-02   2.6744e+01   7.6718e+00   0.0000e+00   0.0000e+00   2.9472e+02
20260114_16:00:00   9.5781e-02   2.7325e+01   8.0495e+00   0.0000e+00   0.0000e+00   2.9512e+02
20260114_17:00:00   9.8722e-02   2.8092e+01   8.4931e+00   0.0000e+00   0.0000e+00   2.9562e+02
20260114_18:00:00   1.0241e-01   2.9064e+01   9.0437e+00   0.0000e+00   0.0000e+00   2.9674e+02
20260114_19:00:00   1.0507e-01   2.9762e+01   9.4729e+00   0.0000e+00   0.0000e+00   2.9505e+02
20260114_20:00:00   1.0627e-01   3.0085e+01   9.6946e+00   0.0000e+00   0.0000e+00   2.9280e+02
20260114_21:00:00   1.0628e-01   3.0123e+01   9.6766e+00   0.0000e+00   0.0000e+00   2.9124e+02
20260114_22:00:00   1.0586e-01   3.0059e+01   9.5240e+00   0.0000e+00   0.0000e+00   2.9116e+02
20260114_23:00:00   1.0370e-01   2.9545e+01   9.0960e+00   0.0000e+00   0.0000e+00   2.9103e+02
20260115_00:00:00   1.0080e-01   2.8829e+01   8.5674e+00   0.0000e+00   0.0000e+00   2.9045e+02
20260115_01:00:00   9.7964e-02   2.8115e+01   8.0571e+00   0.0000e+00   0.0000e+00   2.8961e+02
20260115_02:00:00   9.7181e-02   2.7917e+01   7.8591e+00   0.0000e+00   0.0000e+00   2.8991e+02
20260115_03:00:00   9.6729e-02   2.7799e+01   7.7711e+00   0.0000e+00   0.0000e+00   2.9171e+02
20260115_04:00:00   9.5805e-02   2.7556e+01   7.6483e+00   0.0000e+00   0.0000e+00   2.9184e+02
20260115_05:00:00   9.4334e-02   2.7174e+01   7.4468e+00   0.0000e+00   0.0000e+00   2.9133e+02
20260115_06:00:00   9.2831e-02   2.6773e+01   7.2142e+00   0.0000e+00   0.0000e+00   2.9020e+02
20260115_07:00:00   9.0830e-02   2.6248e+01   6.9296e+00   0.0000e+00   0.0000e+00   2.8923e+02
20260115_08:00:00   8.9169e-02   2.5811e+01   6.7242e+00   0.0000e+00   0.0000e+00   2.8870e+02
20260115_09:00:00   8.8232e-02   2.5558e+01   6.6025e+00   0.0000e+00   0.0000e+00   2.9030e+02
20260115_10:00:00   8.7890e-02   2.5456e+01   6.5270e+00   0.0000e+00   0.0000e+00   2.9198e+02
20260115_11:00:00   8.7696e-02   2.5394e+01   6.4909e+00   0.0000e+00   0.0000e+00   2.9157e+02
20260115_12:00:00   8.7486e-02   2.5315e+01   6.4252e+00   0.0000e+00   0.0000e+00   2.9096e+02
20260115_13:00:00   8.6156e-02   2.4955e+01   6.1903e+00   0.0000e+00   0.0000e+00   2.9172e+02
20260115_14:00:00   8.3522e-02   2.4290e+01   5.7494e+00   0.0000e+00   0.0000e+00   2.9494e+02
20260115_15:00:00   8.1430e-02   2.3755e+01   5.4091e+00   0.0000e+00   0.0000e+00   2.9679e+02
20260115_16:00:00   8.0937e-02   2.3619e+01   5.3329e+00   0.0000e+00   0.0000e+00   2.9672e+02
20260115_17:00:00   8.2881e-02   2.4114e+01   5.6215e+00   0.0000e+00   0.0000e+00   2.9695e+02
20260115_18:00:00   8.3598e-02   2.4328e+01   5.7276e+00   0.0000e+00   0.0000e+00   2.9631e+02
20260115_19:00:00   8.1757e-02   2.3902e+01   5.4041e+00   0.0000e+00   0.0000e+00   2.9572e+02
20260115_20:00:00   8.0283e-02   2.3558e+01   5.0888e+00   0.0000e+00   0.0000e+00   2.9565e+02
20260115_21:00:00   7.8484e-02   2.3133e+01   4.7313e+00   0.0000e+00   0.0000e+00   2.9583e+02
20260115_22:00:00   7.7257e-02   2.2852e+01   4.4441e+00   0.0000e+00   0.0000e+00   2.9629e+02
20260115_23:00:00   7.8732e-02   2.3256e+01   4.5418e+00   0.0000e+00   0.0000e+00   2.9749e+02
20260116_00:00:00   8.0402e-02   2.3674e+01   4.7319e+00   0.0000e+00   0.0000e+00   2.9982e+02
20260116_03:00:00   7.9952e-02   2.3458e+01   4.6270e+00   0.0000e+00   0.0000e+00   3.0122e+02
20260116_06:00:00   7.1496e-02   2.1204e+01   3.3888e+00   0.0000e+00   0.0000e+00   3.0459e+02
20260116_09:00:00   6.8661e-02   2.0412e+01   2.8993e+00   0.0000e+00   0.0000e+00   3.0353e+02
20260116_12:00:00   6.7174e-02   1.9994e+01   2.5937e+00   0.0000e+00   0.0000e+00   3.0738e+02
20260116_15:00:00   6.6410e-02   1.9761e+01   2.4609e+00   0.0000e+00   0.0000e+00   3.1074e+02
20260116_18:00:00   6.6858e-02   1.9894e+01   2.5312e+00   0.0000e+00   0.0000e+00   3.2001e+02
20260116_21:00:00   6.8240e-02   2.0254e+01   2.7838e+00   0.0000e+00   0.0000e+00   3.2307e+02
20260117_00:00:00   7.3944e-02   2.1695e+01   3.6617e+00   0.0000e+00   0.0000e+00   3.3024e+02
20260117_03:00:00   7.4062e-02   2.1643e+01   3.6682e+00   0.0000e+00   0.0000e+00   3.4015e+02
20260117_06:00:00   7.2140e-02   2.1111e+01   3.3729e+00   0.0000e+00   0.0000e+00   3.4928e+02
20260117_09:00:00   6.9897e-02   2.0539e+01   3.0067e+00   0.0000e+00   0.0000e+00   3.4765e+02
20260117_12:00:00   7.0238e-02   2.0615e+01   3.1196e+00   0.0000e+00   0.0000e+00   3.4434e+02
20260117_15:00:00   7.0891e-02   2.0800e+01   3.3088e+00   0.0000e+00   0.0000e+00   3.4850e+02
20260117_18:00:00   7.2329e-02   2.1196e+01   3.5982e+00   0.0000e+00   0.0000e+00   3.5213e+02
20260117_21:00:00   7.3570e-02   2.1582e+01   3.8943e+00   0.0000e+00   0.0000e+00   3.4562e+02
20260118_00:00:00   7.5425e-02   2.2108e+01   4.1132e+00   0.0000e+00   0.0000e+00   3.4270e+02
20260118_03:00:00   7.3002e-02   2.1517e+01   3.6802e+00   0.0000e+00   0.0000e+00   3.4319e+02
20260118_06:00:00   7.2256e-02   2.1347e+01   3.4721e+00   0.0000e+00   0.0000e+00   3.4392e+02
20260118_09:00:00   7.0963e-02   2.1007e+01   3.2565e+00   0.0000e+00   0.0000e+00   3.4375e+02
20260118_12:00:00   6.9069e-02   2.0507e+01   2.9838e+00   0.0000e+00   0.0000e+00   3.4385e+02
20260118_15:00:00   6.8649e-02   2.0398e+01   2.9165e+00   0.0000e+00   0.0000e+00   3.4192e+02
20260118_18:00:00   7.0758e-02   2.0960e+01   3.3062e+00   0.0000e+00   0.0000e+00   3.3918e+02
20260118_21:00:00   7.2468e-02   2.1441e+01   3.6394e+00   0.0000e+00   0.0000e+00   3.3189e+02
20260119_00:00:00   7.7150e-02   2.2665e+01   4.2929e+00   0.0000e+00   0.0000e+00   3.2915e+02
20260119_03:00:00   7.9545e-02   2.3246e+01   4.6150e+00   0.0000e+00   0.0000e+00   3.2438e+02
20260119_06:00:00   7.8886e-02   2.3053e+01   4.4909e+00   0.0000e+00   0.0000e+00   3.1784e+02
20260119_09:00:00   7.5856e-02   2.2265e+01   4.0610e+00   0.0000e+00   0.0000e+00   3.0620e+02
20260119_12:00:00   7.4115e-02   2.1806e+01   3.8364e+00   0.0000e+00   0.0000e+00   2.9527e+02
20260119_15:00:00   7.2985e-02   2.1515e+01   3.7066e+00   0.0000e+00   0.0000e+00   2.9299e+02
20260119_18:00:00   7.3374e-02   2.1633e+01   3.7942e+00   0.0000e+00   0.0000e+00   2.8682e+02
20260119_21:00:00   7.4863e-02   2.2046e+01   4.1793e+00   0.0000e+00   0.0000e+00   2.8429e+02
20260120_00:00:00   7.9771e-02   2.3344e+01   4.9459e+00   0.0000e+00   0.0000e+00   2.8465e+02
20260120_03:00:00   8.4522e-02   2.4529e+01   5.5657e+00   0.0000e+00   0.0000e+00   2.8561e+02
20260120_06:00:00   8.1407e-02   2.3713e+01   5.0839e+00   0.0000e+00   0.0000e+00   2.9014e+02
20260120_09:00:00   7.6693e-02   2.2488e+01   4.3799e+00   0.0000e+00   2.4857e-05   2.9410e+02
20260120_12:00:00   7.3840e-02   2.1719e+01   3.9530e+00   0.0000e+00   2.2431e-03   2.9148e+02
20260120_15:00:00   7.2158e-02   2.1254e+01   3.7165e+00   0.0000e+00   7.4129e-03   2.9877e+02
20260120_18:00:00   7.5064e-02   2.1921e+01   4.3140e+00   0.0000e+00   1.3213e-02   3.0017e+02
20260120_21:00:00   8.1067e-02   2.3375e+01   5.5240e+00   0.0000e+00   1.1886e-02   3.0016e+02
20260121_00:00:00   8.2221e-02   2.3712e+01   5.6810e+00   0.0000e+00   1.5322e-04   3.0255e+02
20260121_03:00:00   8.0063e-02   2.3202e+01   4.9540e+00   0.0000e+00   0.0000e+00   3.1046e+02
20260121_06:00:00   7.3340e-02   2.1483e+01   3.5990e+00   0.0000e+00   1.6196e-07   3.1394e+02
20260121_09:00:00   7.0132e-02   2.0584e+01   3.2133e+00   0.0000e+00   0.0000e+00   3.1697e+02
20260121_12:00:00   7.2692e-02   2.1125e+01   3.7475e+00   0.0000e+00   0.0000e+00   3.2397e+02
20260121_15:00:00   7.3471e-02   2.1277e+01   4.0465e+00   0.0000e+00   2.2053e-03   3.3470e+02
20260121_18:00:00   7.1791e-02   2.0924e+01   3.7270e+00   0.0000e+00   8.4260e-06   3.5265e+02
20260121_21:00:00   7.4550e-02   2.1670e+01   4.4143e+00   0.0000e+00   0.0000e+00   3.5588e+02
20260122_00:00:00   8.0000e-02   2.3011e+01   5.3616e+00   0.0000e+00   2.5280e-05   3.5736e+02
20260122_03:00:00   8.6861e-02   2.4658e+01   6.0984e+00   0.0000e+00   0.0000e+00   3.5756e+02
20260122_06:00:00   9.2473e-02   2.5948e+01   6.8150e+00   0.0000e+00   3.5964e-06   3.5211e+02
20260122_09:00:00   8.9451e-02   2.5241e+01   6.2158e+00   5.6680e-07   1.8048e-04   3.5009e+02
20260122_12:00:00   8.3923e-02   2.3887e+01   5.1261e+00   6.4780e-07   5.4376e-04   3.4790e+02
20260122_15:00:00   8.0215e-02   2.2972e+01   4.5760e+00   1.4578e-06   5.8430e-04   3.6193e+02
20260122_18:00:00   7.5896e-02   2.1996e+01   4.1738e+00   9.7180e-07   5.3859e-04   3.7604e+02
20260122_21:00:00   7.4558e-02   2.1639e+01   4.1737e+00   0.0000e+00   2.8183e-04   3.7370e+02
20260123_00:00:00   7.6275e-02   2.2010e+01   4.2865e+00   6.3974e-06   2.0618e-04   3.7212e+02
20260123_03:00:00   7.9117e-02   2.2648e+01   4.4812e+00   6.2360e-06   1.2066e-05   3.7427e+02
20260123_06:00:00   7.7311e-02   2.2114e+01   4.1861e+00   0.0000e+00   0.0000e+00   3.6947e+02
20260123_09:00:00   7.2950e-02   2.1011e+01   3.5841e+00   0.0000e+00   0.0000e+00   3.6506e+02
20260123_12:00:00   6.8996e-02   2.0040e+01   2.8773e+00   0.0000e+00   0.0000e+00   3.5725e+02
20260123_15:00:00   6.6599e-02   1.9438e+01   2.4725e+00   0.0000e+00   0.0000e+00   3.5595e+02
20260123_18:00:00   6.5407e-02   1.9158e+01   2.3500e+00   0.0000e+00   0.0000e+00   3.5709e+02
20260123_21:00:00   7.2520e-02   2.0930e+01   3.6377e+00   0.0000e+00   1.3002e-04   3.5430e+02
20260124_00:00:00   9.1435e-02   2.5549e+01   6.4566e+00   0.0000e+00   6.5329e-05   3.4036e+02
20260124_03:00:00   9.9028e-02   2.7301e+01   7.3691e+00   0.0000e+00   3.5358e-04   3.2702e+02
20260124_06:00:00   9.8872e-02   2.7254e+01   7.2731e+00   0.0000e+00   2.7703e-04   3.1837e+02
20260124_09:00:00   9.7875e-02   2.7025e+01   7.0196e+00   0.0000e+00   1.3252e-04   3.1508e+02
20260124_12:00:00   9.5383e-02   2.6442e+01   6.4977e+00   0.0000e+00   0.0000e+00   3.1476e+02
20260124_15:00:00   9.5913e-02   2.6536e+01   6.6003e+00   0.0000e+00   1.0224e-06   3.1650e+02
20260124_18:00:00   9.3120e-02   2.5888e+01   6.3388e+00   0.0000e+00   4.2319e-05   3.1412e+02
20260124_21:00:00   9.3523e-02   2.6033e+01   6.3363e+00   0.0000e+00   8.3465e-04   3.1432e+02
20260125_00:00:00   9.8473e-02   2.7155e+01   7.0060e+00   8.0980e-07   1.5956e-02   3.2117e+02
20260125_03:00:00   9.8105e-02   2.7030e+01   6.7527e+00   0.0000e+00   8.5934e-03   3.3441e+02
20260125_06:00:00   9.6564e-02   2.6643e+01   6.2960e+00   0.0000e+00   3.7797e-03   3.4642e+02
20260125_09:00:00   9.7268e-02   2.6745e+01   6.4287e+00   6.2360e-06   9.5883e-03   3.5554e+02
20260125_12:00:00   9.8986e-02   2.7104e+01   6.6627e+00   0.0000e+00   4.3543e-02   3.5175e+02
20260125_15:00:00   1.0243e-01   2.7956e+01   7.1407e+00   1.6196e-07   4.6397e-03   3.4509e+02
20260125_18:00:00   1.1461e-01   3.0835e+01   8.7029e+00   1.2148e-06   1.3331e-01   3.4032e+02
20260125_21:00:00   1.2852e-01   3.4158e+01   1.0257e+01   3.6416e-04   3.4769e-01   3.3577e+02
20260126_00:00:00   1.3853e-01   3.6500e+01   1.1177e+01   1.7059e-03   4.3328e-01   3.4233e+02
20260126_03:00:00   1.4111e-01   3.7090e+01   1.1441e+01   1.1986e-03   5.5343e-01   3.4401e+02
20260126_06:00:00   1.4488e-01   3.8004e+01   1.1460e+01   5.3307e-03   4.8009e-01   3.4287e+02
20260126_09:00:00   1.5979e-01   4.1446e+01   1.1241e+01   2.4259e-02   4.1536e-01   3.4993e+02
20260126_12:00:00   1.3632e-01   3.5992e+01   1.0256e+01   6.7318e-03   2.5957e-01   3.6417e+02
20260126_15:00:00   1.2992e-01   3.4396e+01   1.0045e+01   0.0000e+00   4.9308e-01   3.7842e+02
20260126_18:00:00   8.7930e-02   2.4293e+01   4.9926e+00   4.0984e-05   1.8967e-02   3.9111e+02
20260126_21:00:00   8.2052e-02   2.2817e+01   4.1795e+00   1.6200e-07   1.1914e-02   3.8536e+02
20260127_00:00:00   8.3703e-02   2.3184e+01   4.2874e+00   2.4300e-07   8.5292e-03   3.7248e+02
