#            date       tau255        Tb[K]      pwv[mm] lwp[kg*m^-2] iwp[kg*m^-2]       o3[DU]
20260531_06:00:00   1.4335e-01   3.9517e+01   1.4270e+01   6.2360e-04   8.7796e-04   3.3753e+02
20260531_07:00:00   1.4763e-01   4.0467e+01   1.4145e+01   5.7140e-03   5.0989e-04   3.3390e+02
20260531_08:00:00   1.4011e-01   3.8670e+01   1.3698e+01   0.0000e+00   4.3640e-05   3.3145e+02
20260531_09:00:00   1.3535e-01   3.7495e+01   1.2954e+01   0.0000e+00   0.0000e+00   3.2814e+02
20260531_10:00:00   1.3142e-01   3.6535e+01   1.2334e+01   0.0000e+00   0.0000e+00   3.2626e+02
20260531_11:00:00   1.2910e-01   3.5950e+01   1.1960e+01   0.0000e+00   0.0000e+00   3.2445e+02
20260531_12:00:00   1.2727e-01   3.5483e+01   1.1694e+01   0.0000e+00   0.0000e+00   3.2708e+02
20260531_13:00:00   1.2643e-01   3.5259e+01   1.1580e+01   0.0000e+00   0.0000e+00   3.2877e+02
20260531_14:00:00   1.2695e-01   3.5391e+01   1.1640e+01   0.0000e+00   2.9220e-04   3.2845e+02
20260531_15:00:00   1.2544e-01   3.5054e+01   1.1480e+01   0.0000e+00   4.4100e-05   3.2566e+02
20260531_16:00:00   1.2362e-01   3.4667e+01   1.1283e+01   0.0000e+00   0.0000e+00   3.2430e+02
20260531_17:00:00   1.2151e-01   3.4218e+01   1.1075e+01   0.0000e+00   0.0000e+00   3.2613e+02
20260531_18:00:00   1.2098e-01   3.4148e+01   1.1151e+01   0.0000e+00   0.0000e+00   3.2508e+02
20260531_19:00:00   1.2094e-01   3.4168e+01   1.1462e+01   0.0000e+00   0.0000e+00   3.2476e+02
20260531_20:00:00   1.2436e-01   3.4988e+01   1.2290e+01   0.0000e+00   0.0000e+00   3.2534e+02
20260531_21:00:00   1.2558e-01   3.5295e+01   1.2674e+01   0.0000e+00   0.0000e+00   3.2554e+02
20260531_22:00:00   1.2608e-01   3.5415e+01   1.2888e+01   0.0000e+00   5.4997e-05   3.2886e+02
20260531_23:00:00   1.2421e-01   3.4948e+01   1.2750e+01   0.0000e+00   1.1620e-04   3.2997e+02
20260601_00:00:00   1.2011e-01   3.3963e+01   1.2220e+01   0.0000e+00   6.0660e-05   3.2852e+02
20260601_01:00:00   1.1877e-01   3.3648e+01   1.2027e+01   0.0000e+00   2.8317e-04   3.2582e+02
20260601_02:00:00   1.2171e-01   3.4443e+01   1.2299e+01   0.0000e+00   1.0381e-03   3.2455e+02
20260601_03:00:00   1.2477e-01   3.5239e+01   1.2560e+01   0.0000e+00   5.7025e-03   3.2540e+02
20260601_04:00:00   1.2345e-01   3.4925e+01   1.2229e+01   0.0000e+00   0.0000e+00   3.2517e+02
20260601_05:00:00   1.2095e-01   3.4297e+01   1.1744e+01   0.0000e+00   0.0000e+00   3.2399e+02
20260601_06:00:00   1.1995e-01   3.3976e+01   1.1572e+01   0.0000e+00   0.0000e+00   3.2178e+02
20260601_07:00:00   1.1826e-01   3.3514e+01   1.1285e+01   0.0000e+00   0.0000e+00   3.2140e+02
20260601_08:00:00   1.1630e-01   3.3029e+01   1.0952e+01   0.0000e+00   0.0000e+00   3.2303e+02
20260601_09:00:00   1.1614e-01   3.3007e+01   1.0822e+01   0.0000e+00   0.0000e+00   3.2684e+02
20260601_10:00:00   1.1776e-01   3.3408e+01   1.0937e+01   0.0000e+00   0.0000e+00   3.2958e+02
20260601_11:00:00   1.1774e-01   3.3414e+01   1.0863e+01   0.0000e+00   0.0000e+00   3.3397e+02
20260601_12:00:00   1.1769e-01   3.3397e+01   1.0809e+01   0.0000e+00   1.2654e-06   3.3775e+02
20260601_13:00:00   1.1837e-01   3.3561e+01   1.0865e+01   0.0000e+00   1.3348e-06   3.3815e+02
20260601_14:00:00   1.1968e-01   3.3893e+01   1.1019e+01   0.0000e+00   0.0000e+00   3.3851e+02
20260601_15:00:00   1.2041e-01   3.4115e+01   1.1140e+01   0.0000e+00   0.0000e+00   3.3910e+02
20260601_16:00:00   1.1964e-01   3.3966e+01   1.1085e+01   0.0000e+00   0.0000e+00   3.3882e+02
20260601_17:00:00   1.1784e-01   3.3579e+01   1.0919e+01   0.0000e+00   0.0000e+00   3.3831e+02
20260601_18:00:00   1.1429e-01   3.2729e+01   1.0576e+01   0.0000e+00   0.0000e+00   3.3741e+02
20260601_19:00:00   1.0783e-01   3.1099e+01   9.8756e+00   0.0000e+00   0.0000e+00   3.3579e+02
20260601_20:00:00   1.0221e-01   2.9667e+01   9.2161e+00   0.0000e+00   0.0000e+00   3.3664e+02
20260601_21:00:00   1.0193e-01   2.9578e+01   9.3720e+00   0.0000e+00   1.2622e-06   3.3378e+02
20260601_22:00:00   1.0708e-01   3.0833e+01   1.0329e+01   1.4520e-04   3.4769e-04   3.3300e+02
20260601_23:00:00   1.1242e-01   3.2155e+01   1.1240e+01   4.1424e-04   4.5816e-03   3.3249e+02
20260602_00:00:00   1.1598e-01   3.3034e+01   1.1918e+01   9.6381e-05   7.1838e-03   3.3421e+02
20260602_01:00:00   1.1929e-01   3.3821e+01   1.2494e+01   3.9500e-05   4.4853e-03   3.3424e+02
20260602_02:00:00   1.1891e-01   3.3783e+01   1.2407e+01   0.0000e+00   3.1751e-03   3.3461e+02
20260602_03:00:00   1.1921e-01   3.3932e+01   1.2329e+01   0.0000e+00   2.9117e-03   3.3326e+02
20260602_04:00:00   1.2300e-01   3.4910e+01   1.2746e+01   0.0000e+00   1.7277e-03   3.3233e+02
20260602_05:00:00   1.2813e-01   3.6175e+01   1.3334e+01   0.0000e+00   1.7364e-03   3.3191e+02
20260602_06:00:00   1.3196e-01   3.7091e+01   1.3775e+01   0.0000e+00   3.1181e-03   3.3441e+02
20260602_07:00:00   1.3363e-01   3.7458e+01   1.4013e+01   0.0000e+00   1.9714e-03   3.3497e+02
20260602_08:00:00   1.3247e-01   3.7130e+01   1.3851e+01   0.0000e+00   1.1770e-03   3.3440e+02
20260602_09:00:00   1.2959e-01   3.6372e+01   1.3453e+01   0.0000e+00   3.8976e-03   3.3432e+02
20260602_10:00:00   1.2620e-01   3.5498e+01   1.2976e+01   0.0000e+00   4.0995e-03   3.3233e+02
20260602_11:00:00   1.2294e-01   3.4678e+01   1.2477e+01   0.0000e+00   3.7052e-03   3.3288e+02
20260602_12:00:00   1.1975e-01   3.3896e+01   1.1954e+01   0.0000e+00   3.9448e-03   3.3617e+02
20260602_13:00:00   1.2018e-01   3.3982e+01   1.1955e+01   0.0000e+00   3.7590e-03   3.3715e+02
20260602_14:00:00   1.2068e-01   3.4106e+01   1.1964e+01   0.0000e+00   3.0780e-03   3.3783e+02
20260602_15:00:00   1.1947e-01   3.3822e+01   1.1813e+01   0.0000e+00   2.8376e-03   3.3982e+02
20260602_16:00:00   1.1803e-01   3.3499e+01   1.1640e+01   0.0000e+00   2.9632e-03   3.4023e+02
20260602_17:00:00   1.1623e-01   3.3091e+01   1.1438e+01   0.0000e+00   3.3380e-03   3.3986e+02
20260602_18:00:00   1.1584e-01   3.3025e+01   1.1463e+01   0.0000e+00   2.2974e-03   3.3907e+02
20260602_19:00:00   1.1693e-01   3.3307e+01   1.1777e+01   0.0000e+00   1.0964e-03   3.3910e+02
20260602_20:00:00   1.1763e-01   3.3497e+01   1.2016e+01   0.0000e+00   9.2934e-04   3.3749e+02
20260602_21:00:00   1.1783e-01   3.3570e+01   1.2148e+01   3.9564e-05   1.0406e-03   3.3924e+02
20260602_22:00:00   1.1634e-01   3.3223e+01   1.1943e+01   5.6600e-04   4.3028e-03   3.3966e+02
20260602_23:00:00   1.1525e-01   3.2963e+01   1.1918e+01   1.2573e-05   2.9794e-03   3.3820e+02
20260603_00:00:00   1.1706e-01   3.3397e+01   1.2222e+01   1.9711e-04   8.5561e-04   3.3986e+02
20260603_01:00:00   1.1696e-01   3.3371e+01   1.2247e+01   0.0000e+00   2.3722e-05   3.3977e+02
20260603_02:00:00   1.1671e-01   3.3361e+01   1.2154e+01   0.0000e+00   1.7979e-04   3.3852e+02
20260603_03:00:00   1.2013e-01   3.4273e+01   1.2541e+01   0.0000e+00   1.1355e-03   3.3638e+02
20260603_04:00:00   1.2459e-01   3.5419e+01   1.3031e+01   0.0000e+00   8.8955e-04   3.3582e+02
20260603_05:00:00   1.3030e-01   3.6846e+01   1.3700e+01   0.0000e+00   2.8269e-04   3.3384e+02
20260603_06:00:00   1.3657e-01   3.8417e+01   1.4382e+01   0.0000e+00   3.4377e-05   3.3121e+02
20260603_07:00:00   1.3694e-01   3.8528e+01   1.4303e+01   0.0000e+00   1.2658e-04   3.2797e+02
20260603_08:00:00   1.3583e-01   3.8247e+01   1.4101e+01   0.0000e+00   3.3377e-03   3.2194e+02
20260603_09:00:00   1.3311e-01   3.7575e+01   1.3632e+01   0.0000e+00   6.8165e-03   3.1895e+02
20260603_10:00:00   1.2910e-01   3.6571e+01   1.3019e+01   0.0000e+00   7.2801e-02   3.1764e+02
20260603_11:00:00   1.3126e-01   3.7048e+01   1.3478e+01   0.0000e+00   1.6314e-02   3.2168e+02
20260603_12:00:00   1.3041e-01   3.6821e+01   1.3395e+01   0.0000e+00   2.0015e-02   3.2409e+02
20260603_13:00:00   1.3054e-01   3.6850e+01   1.3365e+01   0.0000e+00   1.4352e-03   3.3152e+02
20260603_14:00:00   1.2890e-01   3.6466e+01   1.3064e+01   0.0000e+00   1.5890e-05   3.2879e+02
20260603_15:00:00   1.2545e-01   3.5655e+01   1.2635e+01   0.0000e+00   0.0000e+00   3.2705e+02
20260603_16:00:00   1.2327e-01   3.5152e+01   1.2393e+01   0.0000e+00   0.0000e+00   3.2957e+02
20260603_17:00:00   1.1687e-01   3.3493e+01   1.1748e+01   0.0000e+00   2.3680e-06   3.2778e+02
20260603_18:00:00   1.0988e-01   3.1656e+01   1.0980e+01   0.0000e+00   4.1557e-05   3.2697e+02
20260603_19:00:00   1.0884e-01   3.1375e+01   1.1014e+01   0.0000e+00   3.5120e-05   3.2479e+02
20260603_20:00:00   1.1342e-01   3.2526e+01   1.1871e+01   0.0000e+00   0.0000e+00   3.2458e+02
20260603_21:00:00   1.1995e-01   3.4157e+01   1.2981e+01   0.0000e+00   7.3620e-06   3.2451e+02
20260603_22:00:00   1.2419e-01   3.5240e+01   1.3679e+01   0.0000e+00   2.0740e-06   3.2616e+02
20260603_23:00:00   1.2667e-01   3.5891e+01   1.4072e+01   0.0000e+00   4.4079e-04   3.2618e+02
20260604_00:00:00   1.2994e-01   3.6733e+01   1.4580e+01   0.0000e+00   6.7900e-04   3.2337e+02
20260604_01:00:00   1.3393e-01   3.7778e+01   1.5093e+01   0.0000e+00   1.8874e-04   3.2151e+02
20260604_02:00:00   1.3699e-01   3.8602e+01   1.5362e+01   0.0000e+00   0.0000e+00   3.2110e+02
20260604_03:00:00   1.3882e-01   3.9092e+01   1.5436e+01   0.0000e+00   0.0000e+00   3.1904e+02
20260604_04:00:00   1.3725e-01   3.8702e+01   1.4997e+01   0.0000e+00   0.0000e+00   3.1802e+02
20260604_05:00:00   1.3659e-01   3.8496e+01   1.4744e+01   0.0000e+00   0.0000e+00   3.1631e+02
20260604_06:00:00   1.3286e-01   3.7553e+01   1.4133e+01   0.0000e+00   0.0000e+00   3.1553e+02
20260604_07:00:00   1.2945e-01   3.6665e+01   1.3645e+01   0.0000e+00   0.0000e+00   3.1563e+02
20260604_08:00:00   1.2889e-01   3.6450e+01   1.3574e+01   0.0000e+00   0.0000e+00   3.1435e+02
20260604_09:00:00   1.2712e-01   3.5930e+01   1.3343e+01   0.0000e+00   1.6066e-03   3.1390e+02
20260604_10:00:00   1.2255e-01   3.4740e+01   1.2672e+01   0.0000e+00   0.0000e+00   3.1431e+02
20260604_11:00:00   1.1819e-01   3.3604e+01   1.2049e+01   0.0000e+00   1.5118e-04   3.1773e+02
20260604_12:00:00   1.1620e-01   3.3053e+01   1.1710e+01   0.0000e+00   4.0040e-05   3.1938e+02
20260604_13:00:00   1.1410e-01   3.2513e+01   1.1335e+01   0.0000e+00   0.0000e+00   3.2340e+02
20260604_14:00:00   1.1290e-01   3.2230e+01   1.1062e+01   0.0000e+00   0.0000e+00   3.2653e+02
20260604_15:00:00   1.1324e-01   3.2311e+01   1.1147e+01   0.0000e+00   0.0000e+00   3.3222e+02
20260604_16:00:00   1.1545e-01   3.2835e+01   1.1600e+01   0.0000e+00   0.0000e+00   3.3915e+02
20260604_17:00:00   1.1536e-01   3.2850e+01   1.1665e+01   0.0000e+00   0.0000e+00   3.3769e+02
20260604_18:00:00   1.1718e-01   3.3365e+01   1.2037e+01   0.0000e+00   0.0000e+00   3.2891e+02
20260604_19:00:00   1.2047e-01   3.4278e+01   1.2602e+01   0.0000e+00   0.0000e+00   3.2653e+02
20260604_20:00:00   1.2658e-01   3.5902e+01   1.3605e+01   0.0000e+00   0.0000e+00   3.2846e+02
20260604_21:00:00   1.3230e-01   3.7399e+01   1.4536e+01   0.0000e+00   0.0000e+00   3.2795e+02
20260604_22:00:00   1.3666e-01   3.8483e+01   1.5271e+01   0.0000e+00   0.0000e+00   3.2622e+02
20260604_23:00:00   1.3836e-01   3.8899e+01   1.5615e+01   0.0000e+00   0.0000e+00   3.2637e+02
20260605_00:00:00   1.3718e-01   3.8601e+01   1.5489e+01   0.0000e+00   0.0000e+00   3.3341e+02
20260605_01:00:00   1.3361e-01   3.7708e+01   1.4965e+01   0.0000e+00   0.0000e+00   3.3761e+02
20260605_02:00:00   1.2918e-01   3.6636e+01   1.4200e+01   0.0000e+00   0.0000e+00   3.3849e+02
20260605_03:00:00   1.2366e-01   3.5309e+01   1.3220e+01   0.0000e+00   0.0000e+00   3.3694e+02
20260605_04:00:00   1.2453e-01   3.5531e+01   1.3153e+01   0.0000e+00   0.0000e+00   3.3797e+02
20260605_05:00:00   1.2776e-01   3.6336e+01   1.3421e+01   0.0000e+00   0.0000e+00   3.3668e+02
20260605_06:00:00   1.2857e-01   3.6537e+01   1.3350e+01   0.0000e+00   0.0000e+00   3.3471e+02
20260605_09:00:00   1.2550e-01   3.5749e+01   1.2666e+01   0.0000e+00   0.0000e+00   3.3611e+02
20260605_12:00:00   1.2254e-01   3.4963e+01   1.2049e+01   0.0000e+00   0.0000e+00   3.2897e+02
20260605_15:00:00   1.1708e-01   3.3593e+01   1.1298e+01   0.0000e+00   0.0000e+00   3.3267e+02
20260605_18:00:00   1.1213e-01   3.2378e+01   1.0971e+01   0.0000e+00   0.0000e+00   3.3532e+02
20260605_21:00:00   1.2338e-01   3.5298e+01   1.3150e+01   0.0000e+00   0.0000e+00   3.3280e+02
20260606_00:00:00   1.2639e-01   3.6147e+01   1.3730e+01   0.0000e+00   0.0000e+00   3.3792e+02
20260606_03:00:00   1.3050e-01   3.7184e+01   1.4012e+01   0.0000e+00   1.3700e-05   3.3959e+02
20260606_06:00:00   1.2661e-01   3.6063e+01   1.3016e+01   0.0000e+00   1.4906e-04   3.3979e+02
20260606_09:00:00   1.2190e-01   3.4758e+01   1.2320e+01   0.0000e+00   5.4007e-03   3.4320e+02
20260606_12:00:00   1.1377e-01   3.2613e+01   1.1025e+01   0.0000e+00   6.7375e-03   3.4824e+02
20260606_15:00:00   1.1063e-01   3.1701e+01   1.0906e+01   0.0000e+00   8.2390e-06   3.4243e+02
20260606_18:00:00   1.1465e-01   3.2648e+01   1.2229e+01   0.0000e+00   0.0000e+00   3.4212e+02
20260606_21:00:00   1.2408e-01   3.5052e+01   1.3991e+01   0.0000e+00   9.7180e-07   3.3780e+02
20260607_00:00:00   1.2698e-01   3.5796e+01   1.4391e+01   0.0000e+00   1.0636e-03   3.3897e+02
20260607_03:00:00   1.1368e-01   3.2492e+01   1.1952e+01   0.0000e+00   6.7840e-05   3.4306e+02
20260607_06:00:00   1.0480e-01   3.0198e+01   1.0132e+01   0.0000e+00   8.7160e-04   3.4092e+02
20260607_09:00:00   9.4435e-02   2.7532e+01   8.1519e+00   0.0000e+00   3.9732e-03   3.4565e+02
20260607_12:00:00   9.6173e-02   2.7785e+01   8.5458e+00   4.5220e-05   4.5308e-02   3.4528e+02
20260607_15:00:00   8.8576e-02   2.5946e+01   7.1019e+00   0.0000e+00   4.0327e-03   3.4682e+02
20260607_18:00:00   8.9390e-02   2.6157e+01   7.5752e+00   0.0000e+00   9.3440e-06   3.5241e+02
20260607_21:00:00   9.6792e-02   2.8048e+01   9.1302e+00   0.0000e+00   2.4625e-02   3.4985e+02
20260608_00:00:00   1.1117e-01   3.1690e+01   1.1660e+01   0.0000e+00   4.7963e-03   3.5074e+02
20260608_03:00:00   1.1791e-01   3.3465e+01   1.2362e+01   0.0000e+00   0.0000e+00   3.5162e+02
20260608_06:00:00   1.2561e-01   3.5222e+01   1.3330e+01   0.0000e+00   1.6943e-03   3.5062e+02
20260608_09:00:00   1.1858e-01   3.3197e+01   1.2425e+01   0.0000e+00   3.2587e-02   3.4777e+02
20260608_12:00:00   1.1734e-01   3.2732e+01   1.2239e+01   0.0000e+00   1.4262e-01   3.5038e+02
20260608_15:00:00   1.1677e-01   3.2578e+01   1.2123e+01   0.0000e+00   6.7287e-02   3.5536e+02
20260608_18:00:00   1.2691e-01   3.5237e+01   1.3665e+01   7.0560e-06   1.3487e-02   3.6469e+02
20260608_21:00:00   1.3366e-01   3.7032e+01   1.4613e+01   1.9824e-04   8.2084e-03   3.6648e+02
20260609_00:00:00   1.3720e-01   3.8100e+01   1.5064e+01   1.3136e-04   2.6288e-03   3.6658e+02
20260609_03:00:00   1.3293e-01   3.7071e+01   1.4409e+01   0.0000e+00   2.4540e-06   3.5836e+02
20260609_06:00:00   1.3297e-01   3.6947e+01   1.4470e+01   0.0000e+00   0.0000e+00   3.4757e+02
20260609_09:00:00   1.3072e-01   3.6409e+01   1.4089e+01   0.0000e+00   0.0000e+00   3.4241e+02
20260609_12:00:00   1.2918e-01   3.6023e+01   1.3735e+01   0.0000e+00   0.0000e+00   3.2971e+02
20260609_15:00:00   1.2712e-01   3.5585e+01   1.3384e+01   0.0000e+00   0.0000e+00   3.2632e+02
20260609_18:00:00   1.2075e-01   3.4265e+01   1.2498e+01   0.0000e+00   0.0000e+00   3.2273e+02
20260609_21:00:00   1.2228e-01   3.4847e+01   1.2981e+01   0.0000e+00   0.0000e+00   3.2187e+02
20260610_00:00:00   1.2338e-01   3.5291e+01   1.3253e+01   0.0000e+00   0.0000e+00   3.1959e+02
20260610_03:00:00   1.2382e-01   3.5425e+01   1.3251e+01   0.0000e+00   0.0000e+00   3.1993e+02
20260610_06:00:00   1.2381e-01   3.5395e+01   1.2864e+01   0.0000e+00   0.0000e+00   3.1981e+02
20260610_09:00:00   1.1945e-01   3.4330e+01   1.2017e+01   0.0000e+00   0.0000e+00   3.1808e+02
20260610_12:00:00   1.2602e-01   3.5926e+01   1.2646e+01   0.0000e+00   0.0000e+00   3.1702e+02
20260610_15:00:00   1.2771e-01   3.6383e+01   1.2745e+01   0.0000e+00   0.0000e+00   3.1827e+02
20260610_18:00:00   1.2085e-01   3.4817e+01   1.2209e+01   0.0000e+00   0.0000e+00   3.1722e+02
20260610_21:00:00   1.1889e-01   3.4409e+01   1.2624e+01   0.0000e+00   0.0000e+00   3.1476e+02
20260611_00:00:00   1.2228e-01   3.5258e+01   1.3577e+01   0.0000e+00   1.6360e-06   3.1314e+02
20260611_03:00:00   1.1976e-01   3.4684e+01   1.3110e+01   0.0000e+00   0.0000e+00   3.1752e+02
20260611_06:00:00   1.1985e-01   3.4652e+01   1.2877e+01   0.0000e+00   0.0000e+00   3.1760e+02
20260611_09:00:00   1.1372e-01   3.3035e+01   1.1705e+01   0.0000e+00   0.0000e+00   3.1593e+02
20260611_12:00:00   1.1467e-01   3.3184e+01   1.1781e+01   0.0000e+00   0.0000e+00   3.1491e+02
20260611_15:00:00   1.1776e-01   3.3969e+01   1.2320e+01   0.0000e+00   0.0000e+00   3.1588e+02
20260611_18:00:00   1.1822e-01   3.4187e+01   1.2707e+01   0.0000e+00   0.0000e+00   3.1878e+02
20260611_21:00:00   1.2889e-01   3.6919e+01   1.4792e+01   2.0440e-06   2.2598e-05   3.1913e+02
20260612_00:00:00   1.4500e-01   4.0846e+01   1.7574e+01   7.9367e-05   2.7832e-03   3.1227e+02
20260612_03:00:00   1.5802e-01   4.4125e+01   1.9114e+01   1.4998e-03   1.3832e-02   3.0940e+02
20260612_06:00:00   1.5366e-01   4.3094e+01   1.7999e+01   0.0000e+00   0.0000e+00   3.0656e+02
20260612_09:00:00   1.4361e-01   4.0547e+01   1.6498e+01   0.0000e+00   0.0000e+00   3.0379e+02
20260612_12:00:00   1.3821e-01   3.9191e+01   1.5546e+01   0.0000e+00   0.0000e+00   3.0525e+02
20260612_15:00:00   1.3570e-01   3.8627e+01   1.5067e+01   0.0000e+00   0.0000e+00   3.0423e+02
20260612_18:00:00   1.2870e-01   3.7039e+01   1.4259e+01   0.0000e+00   0.0000e+00   3.0394e+02
20260612_21:00:00   1.2976e-01   3.7127e+01   1.5071e+01   3.2605e-04   8.5749e-04   3.0762e+02
20260613_00:00:00   1.4461e-01   4.0649e+01   1.7718e+01   3.0962e-04   2.8375e-02   3.0588e+02
20260613_03:00:00   1.5891e-01   4.4438e+01   1.9273e+01   0.0000e+00   0.0000e+00   3.0729e+02
20260613_06:00:00   1.4816e-01   4.1749e+01   1.7124e+01   0.0000e+00   0.0000e+00   3.0876e+02
20260613_09:00:00   1.3978e-01   3.9623e+01   1.5662e+01   0.0000e+00   0.0000e+00   3.0626e+02
20260613_12:00:00   1.3858e-01   3.9272e+01   1.5230e+01   0.0000e+00   0.0000e+00   3.0663e+02
20260613_15:00:00   1.3149e-01   3.7601e+01   1.3923e+01   0.0000e+00   0.0000e+00   3.0380e+02
20260613_18:00:00   1.2870e-01   3.7081e+01   1.3783e+01   0.0000e+00   0.0000e+00   3.0267e+02
20260613_21:00:00   1.3468e-01   3.8485e+01   1.5581e+01   0.0000e+00   0.0000e+00   2.9870e+02
20260614_00:00:00   1.3988e-01   3.9799e+01   1.6654e+01   0.0000e+00   0.0000e+00   2.9834e+02
20260614_03:00:00   1.4011e-01   3.9991e+01   1.6216e+01   0.0000e+00   0.0000e+00   2.9732e+02
20260614_06:00:00   1.3578e-01   3.8831e+01   1.4938e+01   0.0000e+00   0.0000e+00   2.9772e+02
20260614_09:00:00   1.3476e-01   3.8456e+01   1.4751e+01   0.0000e+00   0.0000e+00   2.9612e+02
20260614_12:00:00   1.3331e-01   3.8011e+01   1.4442e+01   0.0000e+00   0.0000e+00   2.9358e+02
20260614_15:00:00   1.2734e-01   3.6566e+01   1.3416e+01   0.0000e+00   0.0000e+00   2.9375e+02
20260614_18:00:00   1.2224e-01   3.5505e+01   1.2813e+01   0.0000e+00   0.0000e+00   2.9347e+02
20260614_21:00:00   1.2307e-01   3.5771e+01   1.3672e+01   0.0000e+00   0.0000e+00   2.9354e+02
20260615_00:00:00   1.2626e-01   3.6610e+01   1.4472e+01   0.0000e+00   0.0000e+00   2.9473e+02
20260615_03:00:00   1.1995e-01   3.5065e+01   1.3174e+01   0.0000e+00   0.0000e+00   2.9340e+02
20260615_06:00:00   1.1167e-01   3.2809e+01   1.1562e+01   0.0000e+00   0.0000e+00   2.9246e+02
20260615_09:00:00   1.0728e-01   3.1610e+01   1.0754e+01   0.0000e+00   0.0000e+00   2.9211e+02
20260615_12:00:00   1.0472e-01   3.0866e+01   1.0250e+01   0.0000e+00   0.0000e+00   2.9065e+02
20260615_15:00:00   1.0072e-01   2.9858e+01   9.5003e+00   0.0000e+00   0.0000e+00   2.9254e+02
20260615_18:00:00   9.8960e-02   2.9556e+01   9.4142e+00   0.0000e+00   0.0000e+00   2.8988e+02
20260615_21:00:00   1.0292e-01   3.0604e+01   1.0618e+01   0.0000e+00   0.0000e+00   2.8811e+02
20260616_00:00:00   1.0230e-01   3.0470e+01   1.0810e+01   0.0000e+00   0.0000e+00   2.9197e+02
20260616_03:00:00   1.0227e-01   3.0419e+01   1.0804e+01   0.0000e+00   0.0000e+00   2.8761e+02
20260616_06:00:00   1.0292e-01   3.0485e+01   1.0470e+01   0.0000e+00   0.0000e+00   2.8903e+02
