#            date       tau255        Tb[K]      pwv[mm] lwp[kg*m^-2] iwp[kg*m^-2]       o3[DU]
20260516_00:00:00   1.1973e-01   3.3837e+01   1.2456e+01   0.0000e+00   1.8200e-04   3.5058e+02
20260516_01:00:00   1.2026e-01   3.3980e+01   1.2469e+01   0.0000e+00   2.0460e-04   3.5299e+02
20260516_02:00:00   1.2395e-01   3.4906e+01   1.2957e+01   0.0000e+00   6.0339e-03   3.5537e+02
20260516_03:00:00   1.3391e-01   3.7355e+01   1.4102e+01   0.0000e+00   6.4096e-03   3.5563e+02
20260516_04:00:00   1.4319e-01   3.9539e+01   1.5086e+01   3.8760e-04   3.6422e-02   3.6192e+02
20260516_05:00:00   1.4714e-01   4.0533e+01   1.5348e+01   0.0000e+00   1.6366e-03   3.6118e+02
20260516_06:00:00   1.4739e-01   4.0587e+01   1.5230e+01   0.0000e+00   1.0576e-05   3.5954e+02
20260516_07:00:00   1.4666e-01   4.0404e+01   1.5075e+01   0.0000e+00   1.4658e-06   3.6253e+02
20260516_08:00:00   1.4605e-01   4.0207e+01   1.4954e+01   0.0000e+00   0.0000e+00   3.6188e+02
20260516_09:00:00   1.4241e-01   3.9306e+01   1.4415e+01   0.0000e+00   0.0000e+00   3.6549e+02
20260516_10:00:00   1.3548e-01   3.7646e+01   1.3348e+01   0.0000e+00   0.0000e+00   3.6611e+02
20260516_11:00:00   1.2473e-01   3.5047e+01   1.1632e+01   0.0000e+00   0.0000e+00   3.6561e+02
20260516_12:00:00   1.1549e-01   3.2725e+01   1.0238e+01   0.0000e+00   0.0000e+00   3.6488e+02
20260516_13:00:00   1.0574e-01   3.0221e+01   8.9222e+00   0.0000e+00   0.0000e+00   3.6381e+02
20260516_14:00:00   9.8960e-02   2.8447e+01   8.0959e+00   0.0000e+00   3.5957e-04   3.6310e+02
20260516_15:00:00   8.8665e-02   2.5750e+01   6.7487e+00   0.0000e+00   6.2277e-03   3.6363e+02
20260516_16:00:00   8.2336e-02   2.4046e+01   5.9314e+00   0.0000e+00   8.0801e-03   3.6585e+02
20260516_17:00:00   8.0236e-02   2.3438e+01   5.7185e+00   0.0000e+00   6.8215e-04   3.7244e+02
20260516_18:00:00   8.2574e-02   2.3977e+01   6.1922e+00   0.0000e+00   6.0474e-04   3.7850e+02
20260516_19:00:00   8.3781e-02   2.4343e+01   6.3356e+00   0.0000e+00   0.0000e+00   3.8142e+02
20260516_20:00:00   8.5247e-02   2.4831e+01   6.5013e+00   0.0000e+00   6.3744e-06   3.8157e+02
20260516_21:00:00   8.9284e-02   2.5890e+01   7.2007e+00   0.0000e+00   3.5120e-05   3.7591e+02
20260516_22:00:00   9.2515e-02   2.6724e+01   7.8187e+00   7.1680e-06   4.6455e-04   3.7465e+02
20260516_23:00:00   9.5188e-02   2.7386e+01   8.3680e+00   2.0897e-05   1.6077e-03   3.7869e+02
20260517_00:00:00   9.9541e-02   2.8447e+01   9.1636e+00   2.6899e-05   3.2828e-03   3.8289e+02
20260517_01:00:00   1.0365e-01   2.9480e+01   9.8430e+00   1.8890e-05   1.1965e-03   3.8318e+02
20260517_02:00:00   1.1191e-01   3.1498e+01   1.1080e+01   2.0440e-06   5.2390e-03   3.7688e+02
20260517_03:00:00   1.2156e-01   3.3896e+01   1.2200e+01   0.0000e+00   1.0325e-03   3.7183e+02
20260517_04:00:00   1.2829e-01   3.5513e+01   1.2992e+01   0.0000e+00   6.4780e-08   3.6967e+02
20260517_05:00:00   1.2777e-01   3.5384e+01   1.2784e+01   0.0000e+00   0.0000e+00   3.6928e+02
20260517_06:00:00   1.2730e-01   3.5230e+01   1.2652e+01   0.0000e+00   3.6002e-04   3.7185e+02
20260517_07:00:00   1.2311e-01   3.4196e+01   1.1956e+01   0.0000e+00   1.0866e-03   3.7432e+02
20260517_08:00:00   1.1679e-01   3.2661e+01   1.0935e+01   0.0000e+00   6.8899e-05   3.7448e+02
20260517_09:00:00   1.1157e-01   3.1374e+01   1.0155e+01   0.0000e+00   1.5431e-03   3.7671e+02
20260517_10:00:00   1.0817e-01   3.0522e+01   9.6651e+00   0.0000e+00   8.2373e-03   3.7596e+02
20260517_11:00:00   1.0613e-01   3.0004e+01   9.3175e+00   0.0000e+00   3.3844e-04   3.8003e+02
20260517_12:00:00   1.0294e-01   2.9196e+01   8.8546e+00   0.0000e+00   7.7440e-04   3.8174e+02
20260517_13:00:00   9.9919e-02   2.8424e+01   8.3557e+00   0.0000e+00   8.1800e-05   3.7847e+02
20260517_14:00:00   9.6570e-02   2.7599e+01   7.9347e+00   0.0000e+00   0.0000e+00   3.7866e+02
20260517_15:00:00   9.3552e-02   2.6864e+01   7.6032e+00   0.0000e+00   0.0000e+00   3.7935e+02
20260517_16:00:00   9.2814e-02   2.6696e+01   7.6604e+00   0.0000e+00   0.0000e+00   3.7694e+02
20260517_17:00:00   9.5082e-02   2.7269e+01   8.2061e+00   0.0000e+00   8.4680e-05   3.7000e+02
20260517_18:00:00   1.0010e-01   2.8521e+01   9.1035e+00   0.0000e+00   3.9128e-04   3.6759e+02
20260517_19:00:00   1.0354e-01   2.9415e+01   9.7170e+00   0.0000e+00   8.5540e-04   3.6644e+02
20260517_20:00:00   1.0676e-01   3.0231e+01   1.0300e+01   0.0000e+00   1.7004e-03   3.6745e+02
20260517_21:00:00   1.0893e-01   3.0773e+01   1.0637e+01   0.0000e+00   1.1036e-03   3.7067e+02
20260517_22:00:00   1.0604e-01   3.0082e+01   1.0158e+01   0.0000e+00   3.4586e-03   3.7379e+02
20260517_23:00:00   1.1508e-01   3.2283e+01   1.0999e+01   0.0000e+00   0.0000e+00   3.7068e+02
20260518_00:00:00   1.1995e-01   3.3331e+01   1.1148e+01   0.0000e+00   5.9240e-05   3.6705e+02
20260518_01:00:00   1.1902e-01   3.2994e+01   1.0711e+01   0.0000e+00   5.3045e-04   3.6464e+02
20260518_02:00:00   1.1737e-01   3.2511e+01   1.0293e+01   3.3740e-05   9.6480e-04   3.6080e+02
20260518_03:00:00   1.0779e-01   3.0140e+01   8.8968e+00   2.4540e-05   2.6906e-04   3.5968e+02
20260518_04:00:00   9.3884e-02   2.6711e+01   7.0296e+00   4.0900e-06   2.8226e-05   3.5959e+02
20260518_05:00:00   8.8143e-02   2.5294e+01   6.0893e+00   0.0000e+00   8.4260e-06   3.5868e+02
20260518_06:00:00   8.2837e-02   2.3981e+01   5.2520e+00   0.0000e+00   2.1040e-05   3.5655e+02
20260518_07:00:00   7.9160e-02   2.3058e+01   4.6952e+00   0.0000e+00   2.8600e-05   3.5469e+02
20260518_08:00:00   7.6893e-02   2.2479e+01   4.3789e+00   0.0000e+00   1.4300e-05   3.5110e+02
20260518_09:00:00   7.5709e-02   2.2178e+01   4.2130e+00   0.0000e+00   2.4840e-06   3.4629e+02
20260518_10:00:00   7.5836e-02   2.2213e+01   4.2208e+00   0.0000e+00   0.0000e+00   3.4685e+02
20260518_11:00:00   7.7604e-02   2.2647e+01   4.4507e+00   0.0000e+00   0.0000e+00   3.4860e+02
20260518_12:00:00   7.8490e-02   2.2846e+01   4.5863e+00   0.0000e+00   0.0000e+00   3.5172e+02
20260518_13:00:00   7.9213e-02   2.2994e+01   4.6897e+00   0.0000e+00   0.0000e+00   3.5482e+02
20260518_14:00:00   8.0000e-02   2.3193e+01   4.7930e+00   0.0000e+00   0.0000e+00   3.5763e+02
20260518_15:00:00   8.0134e-02   2.3251e+01   4.7341e+00   0.0000e+00   0.0000e+00   3.5887e+02
20260518_16:00:00   7.8621e-02   2.2881e+01   4.5928e+00   0.0000e+00   0.0000e+00   3.6051e+02
20260518_17:00:00   7.7049e-02   2.2502e+01   4.4317e+00   0.0000e+00   0.0000e+00   3.6568e+02
20260518_18:00:00   7.6866e-02   2.2491e+01   4.4546e+00   0.0000e+00   0.0000e+00   3.7467e+02
20260518_19:00:00   7.8088e-02   2.2828e+01   4.7222e+00   0.0000e+00   0.0000e+00   3.6884e+02
20260518_20:00:00   7.8768e-02   2.3041e+01   4.8850e+00   0.0000e+00   0.0000e+00   3.6919e+02
20260518_21:00:00   7.9844e-02   2.3340e+01   5.1237e+00   0.0000e+00   0.0000e+00   3.6967e+02
20260518_22:00:00   8.1306e-02   2.3739e+01   5.4065e+00   0.0000e+00   0.0000e+00   3.7121e+02
20260518_23:00:00   8.3892e-02   2.4413e+01   5.8449e+00   0.0000e+00   6.4780e-08   3.6754e+02
20260519_00:00:00   8.6873e-02   2.5180e+01   6.3319e+00   0.0000e+00   6.4780e-08   3.6528e+02
20260519_01:00:00   8.8714e-02   2.5646e+01   6.6218e+00   0.0000e+00   1.9436e-07   3.5952e+02
20260519_02:00:00   9.0252e-02   2.6017e+01   6.8539e+00   0.0000e+00   6.4780e-08   3.5755e+02
20260519_03:00:00   9.2229e-02   2.6494e+01   7.1220e+00   0.0000e+00   0.0000e+00   3.5531e+02
20260519_04:00:00   9.2456e-02   2.6516e+01   7.1216e+00   0.0000e+00   0.0000e+00   3.6147e+02
20260519_05:00:00   9.0523e-02   2.5989e+01   6.8001e+00   0.0000e+00   0.0000e+00   3.6326e+02
20260519_06:00:00   8.8709e-02   2.5502e+01   6.4793e+00   0.0000e+00   0.0000e+00   3.6483e+02
20260519_07:00:00   8.7453e-02   2.5166e+01   6.2425e+00   0.0000e+00   0.0000e+00   3.6411e+02
20260519_08:00:00   8.6646e-02   2.4949e+01   6.0901e+00   0.0000e+00   0.0000e+00   3.6329e+02
20260519_09:00:00   8.6351e-02   2.4865e+01   6.0351e+00   0.0000e+00   0.0000e+00   3.6440e+02
20260519_10:00:00   8.6979e-02   2.5003e+01   6.1133e+00   0.0000e+00   0.0000e+00   3.6803e+02
20260519_11:00:00   8.7283e-02   2.5067e+01   6.1532e+00   0.0000e+00   0.0000e+00   3.6982e+02
20260519_12:00:00   8.7090e-02   2.5018e+01   6.1131e+00   0.0000e+00   0.0000e+00   3.7042e+02
20260519_13:00:00   8.6835e-02   2.4950e+01   6.0438e+00   0.0000e+00   0.0000e+00   3.6861e+02
20260519_14:00:00   8.6503e-02   2.4887e+01   5.9982e+00   0.0000e+00   0.0000e+00   3.6900e+02
20260519_15:00:00   8.6287e-02   2.4859e+01   5.9873e+00   0.0000e+00   0.0000e+00   3.6794e+02
20260519_16:00:00   8.6136e-02   2.4850e+01   5.9856e+00   0.0000e+00   0.0000e+00   3.6973e+02
20260519_17:00:00   8.5793e-02   2.4806e+01   5.9548e+00   0.0000e+00   0.0000e+00   3.6919e+02
20260519_18:00:00   8.6381e-02   2.4998e+01   6.1077e+00   0.0000e+00   0.0000e+00   3.7002e+02
20260519_19:00:00   8.8773e-02   2.5636e+01   6.5677e+00   0.0000e+00   0.0000e+00   3.6909e+02
20260519_20:00:00   9.1607e-02   2.6377e+01   7.1143e+00   0.0000e+00   1.9436e-06   3.6650e+02
20260519_21:00:00   9.3625e-02   2.6933e+01   7.5413e+00   0.0000e+00   2.2020e-06   3.6374e+02
20260519_22:00:00   9.4201e-02   2.7132e+01   7.7324e+00   0.0000e+00   6.2840e-06   3.6260e+02
20260519_23:00:00   9.5246e-02   2.7435e+01   7.9882e+00   0.0000e+00   6.6240e-06   3.6235e+02
20260520_00:00:00   9.6520e-02   2.7769e+01   8.2691e+00   1.6196e-07   4.5280e-06   3.6198e+02
20260520_01:00:00   9.7639e-02   2.8062e+01   8.5087e+00   0.0000e+00   3.2960e-06   3.6131e+02
20260520_02:00:00   1.0032e-01   2.8755e+01   8.9180e+00   0.0000e+00   0.0000e+00   3.6000e+02
20260520_03:00:00   1.0293e-01   2.9448e+01   9.2413e+00   0.0000e+00   0.0000e+00   3.5945e+02
20260520_04:00:00   1.0378e-01   2.9663e+01   9.2964e+00   0.0000e+00   0.0000e+00   3.6087e+02
20260520_05:00:00   1.0224e-01   2.9250e+01   9.0237e+00   0.0000e+00   0.0000e+00   3.6116e+02
20260520_06:00:00   1.0090e-01   2.8888e+01   8.7894e+00   0.0000e+00   0.0000e+00   3.6007e+02
20260520_07:00:00   9.9882e-02   2.8623e+01   8.6008e+00   0.0000e+00   0.0000e+00   3.5815e+02
20260520_08:00:00   9.8757e-02   2.8343e+01   8.4049e+00   0.0000e+00   1.0224e-06   3.5653e+02
20260520_09:00:00   9.8409e-02   2.8244e+01   8.3522e+00   0.0000e+00   0.0000e+00   3.5590e+02
20260520_10:00:00   9.8094e-02   2.8157e+01   8.3162e+00   0.0000e+00   0.0000e+00   3.5414e+02
20260520_11:00:00   9.8170e-02   2.8166e+01   8.3653e+00   0.0000e+00   0.0000e+00   3.5515e+02
20260520_12:00:00   9.8222e-02   2.8169e+01   8.3906e+00   0.0000e+00   4.6220e-05   3.5607e+02
20260520_13:00:00   9.7970e-02   2.8115e+01   8.3113e+00   0.0000e+00   3.4740e-04   3.5613e+02
20260520_14:00:00   9.8597e-02   2.8283e+01   8.3939e+00   0.0000e+00   5.6500e-05   3.5647e+02
20260520_15:00:00   9.9948e-02   2.8633e+01   8.6495e+00   0.0000e+00   3.7080e-05   3.5542e+02
20260520_16:00:00   1.0004e-01   2.8703e+01   8.6985e+00   0.0000e+00   1.0378e-04   3.5544e+02
20260520_17:00:00   1.0068e-01   2.8904e+01   8.8533e+00   0.0000e+00   2.5166e-04   3.5421e+02
20260520_18:00:00   1.0244e-01   2.9383e+01   9.2128e+00   0.0000e+00   1.1236e-04   3.5197e+02
20260520_19:00:00   1.0475e-01   2.9988e+01   9.6825e+00   0.0000e+00   6.0508e-04   3.4981e+02
20260520_20:00:00   1.0934e-01   3.1161e+01   1.0524e+01   0.0000e+00   4.0707e-03   3.4834e+02
20260520_21:00:00   1.1452e-01   3.2473e+01   1.1414e+01   1.7382e-05   7.7050e-04   3.4682e+02
20260520_22:00:00   1.2047e-01   3.3954e+01   1.2390e+01   1.1399e-04   1.6167e-03   3.4561e+02
20260520_23:00:00   1.2459e-01   3.4987e+01   1.3044e+01   1.7862e-04   3.1618e-03   3.4449e+02
20260521_00:00:00   1.2857e-01   3.5974e+01   1.3627e+01   3.4274e-04   7.3561e-03   3.4313e+02
20260521_03:00:00   1.2492e-01   3.5136e+01   1.3008e+01   0.0000e+00   6.3421e-03   3.4480e+02
20260521_06:00:00   1.2115e-01   3.4176e+01   1.2225e+01   0.0000e+00   5.9140e-04   3.3947e+02
20260521_09:00:00   1.2317e-01   3.4651e+01   1.2439e+01   0.0000e+00   1.5710e-04   3.3575e+02
20260521_12:00:00   1.2484e-01   3.5046e+01   1.2541e+01   0.0000e+00   5.4081e-04   3.3829e+02
20260521_15:00:00   1.2255e-01   3.4517e+01   1.2149e+01   0.0000e+00   2.0440e-06   3.3927e+02
20260521_18:00:00   1.1597e-01   3.2943e+01   1.1420e+01   0.0000e+00   2.2060e-06   3.3977e+02
20260521_21:00:00   1.1228e-01   3.2085e+01   1.1136e+01   3.8718e-04   2.5761e-03   3.3855e+02
20260522_00:00:00   1.2518e-01   3.5279e+01   1.3363e+01   4.4828e-05   2.6748e-03   3.4091e+02
20260522_03:00:00   1.2844e-01   3.6251e+01   1.3557e+01   0.0000e+00   1.1473e-04   3.4542e+02
20260522_06:00:00   1.2960e-01   3.6495e+01   1.3316e+01   0.0000e+00   3.1273e-04   3.4209e+02
20260522_09:00:00   1.3388e-01   3.7510e+01   1.3759e+01   0.0000e+00   0.0000e+00   3.4025e+02
20260522_12:00:00   1.3327e-01   3.7275e+01   1.3664e+01   0.0000e+00   3.7240e-05   3.4089e+02
20260522_15:00:00   1.2658e-01   3.5648e+01   1.2673e+01   0.0000e+00   1.5572e-03   3.4134e+02
20260522_18:00:00   1.0883e-01   3.1128e+01   1.0598e+01   0.0000e+00   3.5672e-03   3.4369e+02
20260522_21:00:00   1.0848e-01   3.1070e+01   1.0751e+01   2.3360e-04   3.9240e-03   3.4335e+02
20260523_00:00:00   1.2796e-01   3.5951e+01   1.3866e+01   4.0501e-05   2.8439e-03   3.4359e+02
20260523_03:00:00   1.3753e-01   3.8453e+01   1.4793e+01   0.0000e+00   6.8442e-05   3.4752e+02
20260523_06:00:00   1.3643e-01   3.8216e+01   1.4140e+01   0.0000e+00   2.5135e-04   3.4862e+02
20260523_09:00:00   1.3166e-01   3.6999e+01   1.3465e+01   0.0000e+00   1.9521e-03   3.4796e+02
20260523_12:00:00   1.2515e-01   3.5371e+01   1.2304e+01   0.0000e+00   3.4621e-03   3.4642e+02
20260523_15:00:00   1.0946e-01   3.1389e+01   1.0132e+01   0.0000e+00   3.4764e-03   3.4426e+02
20260523_18:00:00   9.7479e-02   2.8378e+01   8.5015e+00   0.0000e+00   6.1602e-04   3.4556e+02
20260523_21:00:00   9.5325e-02   2.7859e+01   8.4603e+00   6.9520e-05   7.0296e-04   3.4699e+02
20260524_00:00:00   9.5471e-02   2.7899e+01   8.6551e+00   1.0398e-04   2.8343e-03   3.5010e+02
20260524_03:00:00   1.0394e-01   3.0095e+01   9.8060e+00   0.0000e+00   0.0000e+00   3.5089e+02
20260524_06:00:00   1.1213e-01   3.2132e+01   1.0742e+01   0.0000e+00   0.0000e+00   3.4840e+02
20260524_09:00:00   1.0500e-01   3.0284e+01   9.6303e+00   0.0000e+00   0.0000e+00   3.4701e+02
20260524_12:00:00   1.0573e-01   3.0373e+01   9.7148e+00   0.0000e+00   0.0000e+00   3.4781e+02
20260524_15:00:00   1.0597e-01   3.0369e+01   9.7556e+00   0.0000e+00   0.0000e+00   3.4960e+02
20260524_18:00:00   1.0448e-01   2.9949e+01   9.8400e+00   0.0000e+00   0.0000e+00   3.5019e+02
20260524_21:00:00   1.0626e-01   3.0348e+01   1.0518e+01   1.6196e-06   5.5089e-04   3.5063e+02
20260525_00:00:00   1.2385e-01   3.4639e+01   1.3331e+01   1.1796e-04   3.5490e-02   3.5626e+02
20260525_03:00:00   1.2222e-01   3.4340e+01   1.2812e+01   0.0000e+00   1.5621e-02   3.5582e+02
20260525_06:00:00   1.1323e-01   3.1883e+01   1.1488e+01   0.0000e+00   4.1010e-02   3.6258e+02
20260525_09:00:00   1.1669e-01   3.2672e+01   1.1670e+01   0.0000e+00   2.9617e-03   3.6461e+02
20260525_12:00:00   1.1083e-01   3.1227e+01   1.0628e+01   0.0000e+00   1.9889e-03   3.6939e+02
20260525_15:00:00   1.1484e-01   3.2198e+01   1.1190e+01   0.0000e+00   4.4763e-03   3.6973e+02
20260525_18:00:00   1.1585e-01   3.2406e+01   1.1561e+01   1.9436e-06   3.1531e-02   3.7114e+02
20260525_21:00:00   1.2405e-01   3.4496e+01   1.2764e+01   7.8471e-04   3.4416e-02   3.7101e+02
20260526_00:00:00   1.5147e-01   4.1265e+01   1.6313e+01   3.6324e-04   4.2379e-02   3.7164e+02
20260526_03:00:00   1.5701e-01   4.2645e+01   1.7012e+01   2.7609e-04   1.2014e-03   3.7067e+02
20260526_06:00:00   1.6250e-01   4.4018e+01   1.7095e+01   0.0000e+00   0.0000e+00   3.5619e+02
20260526_09:00:00   1.6648e-01   4.4858e+01   1.7258e+01   0.0000e+00   0.0000e+00   3.5777e+02
20260526_12:00:00   1.6342e-01   4.4075e+01   1.6572e+01   0.0000e+00   0.0000e+00   3.6555e+02
20260526_15:00:00   1.4454e-01   3.9714e+01   1.4035e+01   0.0000e+00   0.0000e+00   3.6386e+02
20260526_18:00:00   1.3262e-01   3.6988e+01   1.2975e+01   0.0000e+00   0.0000e+00   3.6695e+02
20260526_21:00:00   1.1607e-01   3.2870e+01   1.1682e+01   0.0000e+00   1.1574e-04   3.6204e+02
20260527_00:00:00   1.1605e-01   3.2821e+01   1.1842e+01   0.0000e+00   1.0769e-03   3.6253e+02
20260527_03:00:00   1.2319e-01   3.4435e+01   1.2704e+01   2.7250e-04   8.1956e-02   3.6292e+02
20260527_06:00:00   1.3775e-01   3.7832e+01   1.4556e+01   0.0000e+00   8.5796e-03   3.6059e+02
20260527_09:00:00   1.3174e-01   3.6318e+01   1.3224e+01   0.0000e+00   0.0000e+00   3.5986e+02
20260527_12:00:00   1.2651e-01   3.5033e+01   1.2051e+01   0.0000e+00   1.2432e-05   3.6861e+02
20260527_15:00:00   1.2932e-01   3.5594e+01   1.2727e+01   0.0000e+00   1.0846e-02   3.6244e+02
20260527_18:00:00   1.3272e-01   3.6425e+01   1.3676e+01   0.0000e+00   5.5512e-03   3.6437e+02
20260527_21:00:00   1.3417e-01   3.7023e+01   1.3895e+01   1.7398e-04   2.4580e-03   3.6765e+02
20260528_00:00:00   1.3501e-01   3.7501e+01   1.4013e+01   6.8120e-05   8.4748e-04   3.6274e+02
20260528_03:00:00   1.3341e-01   3.7161e+01   1.3902e+01   4.3960e-05   5.7176e-05   3.6360e+02
20260528_06:00:00   1.2667e-01   3.5481e+01   1.2818e+01   0.0000e+00   4.2186e-04   3.6091e+02
20260528_09:00:00   1.2379e-01   3.4724e+01   1.2382e+01   0.0000e+00   2.0620e-04   3.5353e+02
20260528_12:00:00   1.2369e-01   3.4654e+01   1.2448e+01   0.0000e+00   1.5120e-04   3.4781e+02
20260528_15:00:00   1.2680e-01   3.5452e+01   1.2994e+01   0.0000e+00   1.1490e-05   3.4652e+02
20260528_18:00:00   1.2978e-01   3.6311e+01   1.3896e+01   0.0000e+00   2.1381e-03   3.3774e+02
20260528_21:00:00   1.3438e-01   3.7657e+01   1.4921e+01   0.0000e+00   6.2237e-05   3.3303e+02
20260529_00:00:00   1.4112e-01   3.9444e+01   1.5994e+01   1.0649e-04   4.2168e-04   3.2713e+02
20260529_03:00:00   1.4218e-01   3.9786e+01   1.5929e+01   0.0000e+00   9.9440e-05   3.2244e+02
20260529_06:00:00   1.4232e-01   3.9827e+01   1.5509e+01   0.0000e+00   4.3920e-04   3.2343e+02
20260529_09:00:00   1.4339e-01   4.0082e+01   1.5406e+01   0.0000e+00   0.0000e+00   3.2583e+02
20260529_12:00:00   1.4133e-01   3.9536e+01   1.4939e+01   0.0000e+00   0.0000e+00   3.3058e+02
20260529_15:00:00   1.3484e-01   3.7977e+01   1.3981e+01   0.0000e+00   0.0000e+00   3.3202e+02
20260529_18:00:00   1.2747e-01   3.6276e+01   1.3305e+01   0.0000e+00   0.0000e+00   3.3273e+02
20260529_21:00:00   1.3094e-01   3.7095e+01   1.4442e+01   0.0000e+00   0.0000e+00   3.3080e+02
20260530_00:00:00   1.2740e-01   3.6268e+01   1.4161e+01   0.0000e+00   0.0000e+00   3.3090e+02
20260530_03:00:00   1.3343e-01   3.7795e+01   1.4681e+01   0.0000e+00   0.0000e+00   3.3424e+02
20260530_06:00:00   1.3246e-01   3.7449e+01   1.4146e+01   0.0000e+00   0.0000e+00   3.3584e+02
20260530_09:00:00   1.1493e-01   3.2951e+01   1.1387e+01   0.0000e+00   0.0000e+00   3.3446e+02
20260530_12:00:00   1.1247e-01   3.2179e+01   1.1204e+01   0.0000e+00   0.0000e+00   3.3277e+02
20260530_15:00:00   1.1201e-01   3.2082e+01   1.1256e+01   0.0000e+00   0.0000e+00   3.3171e+02
20260530_18:00:00   1.1466e-01   3.2858e+01   1.1899e+01   0.0000e+00   0.0000e+00   3.2953e+02
20260530_21:00:00   1.1959e-01   3.4235e+01   1.2933e+01   0.0000e+00   0.0000e+00   3.2909e+02
20260531_00:00:00   1.2279e-01   3.5058e+01   1.3683e+01   0.0000e+00   0.0000e+00   3.2836e+02
20260531_03:00:00   1.2565e-01   3.5795e+01   1.3887e+01   0.0000e+00   0.0000e+00   3.2847e+02
20260531_06:00:00   1.1871e-01   3.3787e+01   1.2259e+01   0.0000e+00   0.0000e+00   3.3033e+02
20260531_09:00:00   1.1658e-01   3.3187e+01   1.1658e+01   0.0000e+00   0.0000e+00   3.2814e+02
20260531_12:00:00   1.0543e-01   3.0356e+01   9.8445e+00   0.0000e+00   0.0000e+00   3.2487e+02
20260531_15:00:00   9.9694e-02   2.8911e+01   8.9486e+00   0.0000e+00   0.0000e+00   3.1268e+02
20260531_18:00:00   9.8096e-02   2.8650e+01   8.9078e+00   0.0000e+00   8.8660e-06   3.1398e+02
20260531_21:00:00   1.0859e-01   3.1379e+01   1.1032e+01   0.0000e+00   8.6720e-05   3.1112e+02
20260601_00:00:00   1.2527e-01   3.5531e+01   1.3888e+01   0.0000e+00   2.9947e-03   3.1073e+02
