#            date       tau255        Tb[K]      pwv[mm] lwp[kg*m^-2] iwp[kg*m^-2]       o3[DU]
20260709_00:00:00   7.7481e-02   2.3682e+01   6.2868e+00   0.0000e+00   0.0000e+00   3.0798e+02
20260709_01:00:00   7.6581e-02   2.3444e+01   6.0678e+00   0.0000e+00   0.0000e+00   3.0900e+02
20260709_02:00:00   7.5387e-02   2.3123e+01   5.7819e+00   0.0000e+00   0.0000e+00   3.0979e+02
20260709_03:00:00   7.6089e-02   2.3322e+01   5.8323e+00   0.0000e+00   0.0000e+00   3.1084e+02
20260709_04:00:00   7.7017e-02   2.3555e+01   5.9005e+00   0.0000e+00   0.0000e+00   3.1015e+02
20260709_05:00:00   7.7982e-02   2.3790e+01   5.9767e+00   0.0000e+00   0.0000e+00   3.0800e+02
20260709_06:00:00   7.6572e-02   2.3378e+01   5.7120e+00   0.0000e+00   0.0000e+00   3.0748e+02
20260709_07:00:00   7.5515e-02   2.3053e+01   5.5390e+00   0.0000e+00   0.0000e+00   3.1002e+02
20260709_08:00:00   7.6359e-02   2.3229e+01   5.7279e+00   0.0000e+00   0.0000e+00   3.0819e+02
20260709_09:00:00   7.5713e-02   2.3047e+01   5.5870e+00   0.0000e+00   0.0000e+00   3.0615e+02
20260709_10:00:00   7.4180e-02   2.2638e+01   5.2770e+00   0.0000e+00   0.0000e+00   3.0749e+02
20260709_11:00:00   7.3679e-02   2.2483e+01   5.1832e+00   0.0000e+00   0.0000e+00   3.0902e+02
20260709_12:00:00   7.3017e-02   2.2288e+01   5.0411e+00   0.0000e+00   0.0000e+00   3.0868e+02
20260709_13:00:00   7.2604e-02   2.2165e+01   4.9498e+00   0.0000e+00   0.0000e+00   3.1011e+02
20260709_14:00:00   7.3562e-02   2.2417e+01   5.1236e+00   0.0000e+00   0.0000e+00   3.0802e+02
20260709_15:00:00   7.2909e-02   2.2294e+01   5.0027e+00   0.0000e+00   0.0000e+00   3.0834e+02
20260709_16:00:00   7.2679e-02   2.2257e+01   5.0095e+00   0.0000e+00   0.0000e+00   3.0927e+02
20260709_17:00:00   7.3421e-02   2.2470e+01   5.2101e+00   0.0000e+00   0.0000e+00   3.0853e+02
20260709_18:00:00   7.3964e-02   2.2619e+01   5.4069e+00   0.0000e+00   0.0000e+00   3.0989e+02
20260709_19:00:00   7.4196e-02   2.2705e+01   5.5032e+00   0.0000e+00   0.0000e+00   3.1094e+02
20260709_20:00:00   7.5194e-02   2.2990e+01   5.7762e+00   0.0000e+00   0.0000e+00   3.0883e+02
20260709_21:00:00   7.6675e-02   2.3389e+01   6.1685e+00   0.0000e+00   0.0000e+00   3.0561e+02
20260709_22:00:00   7.8069e-02   2.3748e+01   6.5603e+00   0.0000e+00   0.0000e+00   3.0472e+02
20260709_23:00:00   7.8915e-02   2.3989e+01   6.7632e+00   0.0000e+00   0.0000e+00   3.0465e+02
20260710_00:00:00   7.9838e-02   2.4241e+01   6.9808e+00   0.0000e+00   0.0000e+00   3.0508e+02
20260710_01:00:00   8.1354e-02   2.4661e+01   7.2518e+00   0.0000e+00   0.0000e+00   3.0266e+02
20260710_02:00:00   8.3582e-02   2.5296e+01   7.5659e+00   0.0000e+00   0.0000e+00   3.0135e+02
20260710_03:00:00   8.9306e-02   2.6817e+01   8.4359e+00   0.0000e+00   3.5580e-05   3.0099e+02
20260710_04:00:00   9.3645e-02   2.7891e+01   9.0341e+00   0.0000e+00   0.0000e+00   3.0115e+02
20260710_05:00:00   9.4337e-02   2.8046e+01   9.0324e+00   0.0000e+00   0.0000e+00   3.0229e+02
20260710_06:00:00   9.4381e-02   2.8019e+01   9.0051e+00   0.0000e+00   0.0000e+00   3.0185e+02
20260710_07:00:00   9.2043e-02   2.7373e+01   8.6120e+00   0.0000e+00   0.0000e+00   3.0290e+02
20260710_08:00:00   9.0353e-02   2.6886e+01   8.3534e+00   0.0000e+00   0.0000e+00   3.0258e+02
20260710_09:00:00   8.9169e-02   2.6552e+01   8.1494e+00   0.0000e+00   0.0000e+00   3.0385e+02
20260710_10:00:00   8.6283e-02   2.5802e+01   7.6225e+00   0.0000e+00   0.0000e+00   3.0282e+02
20260710_11:00:00   8.3176e-02   2.4983e+01   7.0646e+00   0.0000e+00   0.0000e+00   3.0262e+02
20260710_12:00:00   8.0636e-02   2.4303e+01   6.6272e+00   0.0000e+00   0.0000e+00   3.0434e+02
20260710_13:00:00   7.8923e-02   2.3840e+01   6.3266e+00   0.0000e+00   0.0000e+00   3.0631e+02
20260710_14:00:00   7.8529e-02   2.3748e+01   6.2307e+00   0.0000e+00   0.0000e+00   3.0655e+02
20260710_15:00:00   7.8970e-02   2.3876e+01   6.3614e+00   0.0000e+00   0.0000e+00   3.0572e+02
20260710_16:00:00   7.8761e-02   2.3841e+01   6.3774e+00   0.0000e+00   0.0000e+00   3.0524e+02
20260710_17:00:00   7.8507e-02   2.3802e+01   6.3994e+00   0.0000e+00   0.0000e+00   3.0617e+02
20260710_18:00:00   7.9163e-02   2.4002e+01   6.5947e+00   0.0000e+00   0.0000e+00   3.0512e+02
20260710_19:00:00   8.1086e-02   2.4532e+01   7.0484e+00   0.0000e+00   0.0000e+00   3.0298e+02
20260710_20:00:00   8.3821e-02   2.5273e+01   7.6508e+00   0.0000e+00   0.0000e+00   3.0029e+02
20260710_21:00:00   8.5376e-02   2.5721e+01   8.0124e+00   0.0000e+00   0.0000e+00   2.9934e+02
20260710_22:00:00   8.6922e-02   2.6149e+01   8.3798e+00   0.0000e+00   0.0000e+00   3.0053e+02
20260710_23:00:00   8.8726e-02   2.6622e+01   8.7861e+00   0.0000e+00   0.0000e+00   2.9992e+02
20260711_00:00:00   8.9585e-02   2.6857e+01   8.9698e+00   0.0000e+00   0.0000e+00   2.9987e+02
20260711_01:00:00   9.0640e-02   2.7131e+01   9.1361e+00   0.0000e+00   0.0000e+00   2.9917e+02
20260711_02:00:00   9.2244e-02   2.7575e+01   9.3439e+00   0.0000e+00   0.0000e+00   2.9794e+02
20260711_03:00:00   9.5907e-02   2.8571e+01   9.8313e+00   0.0000e+00   0.0000e+00   2.9710e+02
20260711_04:00:00   9.7368e-02   2.8937e+01   9.9098e+00   0.0000e+00   0.0000e+00   2.9635e+02
20260711_05:00:00   9.9919e-02   2.9567e+01   1.0220e+01   0.0000e+00   0.0000e+00   2.9593e+02
20260711_06:00:00   1.0074e-01   2.9735e+01   1.0323e+01   0.0000e+00   0.0000e+00   2.9564e+02
20260711_07:00:00   1.0149e-01   2.9904e+01   1.0407e+01   0.0000e+00   0.0000e+00   2.9845e+02
20260711_08:00:00   1.0138e-01   2.9861e+01   1.0343e+01   0.0000e+00   0.0000e+00   3.0024e+02
20260711_09:00:00   1.0053e-01   2.9625e+01   1.0179e+01   0.0000e+00   0.0000e+00   2.9995e+02
20260711_10:00:00   9.9978e-02   2.9471e+01   1.0062e+01   0.0000e+00   0.0000e+00   2.9829e+02
20260711_11:00:00   9.9107e-02   2.9235e+01   9.8787e+00   0.0000e+00   0.0000e+00   2.9720e+02
20260711_12:00:00   9.9100e-02   2.9216e+01   9.8613e+00   0.0000e+00   0.0000e+00   2.9605e+02
20260711_13:00:00   9.9276e-02   2.9233e+01   9.8720e+00   0.0000e+00   3.0740e-04   2.9702e+02
20260711_14:00:00   9.9263e-02   2.9220e+01   9.8421e+00   0.0000e+00   6.6940e-05   2.9897e+02
20260711_15:00:00   9.8717e-02   2.9123e+01   9.7155e+00   0.0000e+00   2.4340e-04   2.9852e+02
20260711_16:00:00   9.6075e-02   2.8488e+01   9.2952e+00   0.0000e+00   4.8820e-05   2.9795e+02
20260711_17:00:00   9.4370e-02   2.8080e+01   9.0914e+00   0.0000e+00   2.5000e-06   2.9559e+02
20260711_18:00:00   9.3538e-02   2.7834e+01   9.1546e+00   0.0000e+00   2.9434e-04   2.9629e+02
20260711_19:00:00   9.2994e-02   2.7664e+01   9.2219e+00   0.0000e+00   1.3264e-03   2.9642e+02
20260711_20:00:00   9.5675e-02   2.8377e+01   9.7771e+00   0.0000e+00   9.4660e-04   2.9442e+02
20260711_21:00:00   1.0026e-01   2.9540e+01   1.0727e+01   0.0000e+00   4.3649e-03   2.9332e+02
20260711_22:00:00   1.0210e-01   2.9989e+01   1.1167e+01   0.0000e+00   6.4728e-03   2.9339e+02
20260711_23:00:00   1.0174e-01   2.9879e+01   1.1150e+01   0.0000e+00   9.2069e-03   2.9486e+02
20260712_00:00:00   1.0088e-01   2.9666e+01   1.0990e+01   0.0000e+00   2.6742e-02   2.9746e+02
20260712_01:00:00   1.0233e-01   3.0061e+01   1.1190e+01   0.0000e+00   3.5572e-02   2.9909e+02
20260712_02:00:00   1.0797e-01   3.1537e+01   1.2065e+01   0.0000e+00   2.2696e-02   2.9833e+02
20260712_03:00:00   1.1324e-01   3.2874e+01   1.2851e+01   0.0000e+00   3.3918e-03   2.9710e+02
20260712_04:00:00   1.1813e-01   3.4036e+01   1.3624e+01   0.0000e+00   2.8394e-03   2.9617e+02
20260712_05:00:00   1.2327e-01   3.5237e+01   1.4529e+01   0.0000e+00   2.5496e-04   2.9665e+02
20260712_06:00:00   1.2956e-01   3.6669e+01   1.5632e+01   0.0000e+00   1.0481e-02   2.9722e+02
20260712_07:00:00   1.4035e-01   3.9162e+01   1.7306e+01   0.0000e+00   1.3019e-01   2.9698e+02
20260712_08:00:00   1.4907e-01   4.1179e+01   1.8629e+01   0.0000e+00   5.6664e-02   2.9505e+02
20260712_09:00:00   1.4740e-01   4.0800e+01   1.8254e+01   0.0000e+00   1.0616e-02   2.9663e+02
20260712_10:00:00   1.4471e-01   4.0162e+01   1.7754e+01   3.9880e-05   5.7248e-04   2.9868e+02
20260712_11:00:00   1.4430e-01   4.0040e+01   1.7599e+01   1.3924e-04   8.3703e-03   3.0001e+02
20260712_12:00:00   1.3760e-01   3.8475e+01   1.6403e+01   0.0000e+00   1.6884e-03   3.0109e+02
20260712_13:00:00   1.3790e-01   3.8502e+01   1.6397e+01   0.0000e+00   1.0010e-03   3.0109e+02
20260712_14:00:00   1.3902e-01   3.8729e+01   1.6631e+01   0.0000e+00   4.0896e-03   3.0048e+02
20260712_15:00:00   1.3865e-01   3.8693e+01   1.6505e+01   0.0000e+00   5.1678e-04   3.0122e+02
20260712_16:00:00   1.3854e-01   3.8734e+01   1.6560e+01   0.0000e+00   1.2688e-03   3.0107e+02
20260712_17:00:00   1.4190e-01   3.9578e+01   1.7177e+01   0.0000e+00   1.7029e-03   3.0163e+02
20260712_18:00:00   1.4524e-01   4.0469e+01   1.7779e+01   3.2400e-07   4.4491e-03   2.9978e+02
20260712_19:00:00   1.5144e-01   4.2067e+01   1.8784e+01   5.8800e-05   3.6787e-03   2.9891e+02
20260712_20:00:00   1.5562e-01   4.3143e+01   1.9355e+01   5.0266e-04   7.2599e-03   2.9932e+02
20260712_21:00:00   1.6958e-01   4.6436e+01   2.1127e+01   3.0134e-03   1.2362e-01   2.9983e+02
20260712_22:00:00   1.8776e-01   5.0744e+01   2.3970e+01   7.9394e-04   3.3634e-01   2.9997e+02
20260712_23:00:00   1.9513e-01   5.2593e+01   2.5019e+01   0.0000e+00   7.9300e-02   3.0167e+02
20260713_00:00:00   2.0418e-01   5.4675e+01   2.6180e+01   0.0000e+00   4.4306e-02   3.0023e+02
20260713_01:00:00   2.0800e-01   5.5606e+01   2.6568e+01   0.0000e+00   1.1176e-02   2.9933e+02
20260713_02:00:00   2.1145e-01   5.6404e+01   2.6933e+01   3.2223e-04   1.3003e-03   2.9819e+02
20260713_03:00:00   2.1320e-01   5.6796e+01   2.7208e+01   0.0000e+00   3.3994e-03   2.9908e+02
20260713_04:00:00   2.0985e-01   5.6041e+01   2.6700e+01   3.0460e-05   4.5716e-03   3.0025e+02
20260713_05:00:00   2.0504e-01   5.4894e+01   2.6149e+01   0.0000e+00   2.3487e-02   2.9953e+02
20260713_06:00:00   2.0492e-01   5.4761e+01   2.6095e+01   0.0000e+00   4.4651e-02   2.9923e+02
20260713_07:00:00   2.0876e-01   5.5492e+01   2.6481e+01   0.0000e+00   1.7517e-01   2.9949e+02
20260713_08:00:00   2.0922e-01   5.5572e+01   2.6486e+01   9.8780e-05   2.0401e-01   3.0011e+02
20260713_09:00:00   2.1794e-01   5.7539e+01   2.7451e+01   5.8980e-04   1.4069e-01   3.0051e+02
20260713_10:00:00   2.2240e-01   5.8621e+01   2.7956e+01   0.0000e+00   5.9634e-02   3.0135e+02
20260713_11:00:00   2.2325e-01   5.8838e+01   2.7988e+01   0.0000e+00   2.5172e-01   3.0187e+02
20260713_12:00:00   2.2331e-01   5.8961e+01   2.7825e+01   0.0000e+00   4.5342e-02   3.0322e+02
20260713_13:00:00   2.1331e-01   5.6828e+01   2.6343e+01   0.0000e+00   8.4459e-03   3.0517e+02
20260713_14:00:00   2.1832e-01   5.7905e+01   2.6936e+01   0.0000e+00   3.6931e-04   3.0464e+02
20260713_15:00:00   2.1313e-01   5.6786e+01   2.6310e+01   0.0000e+00   3.3700e-05   3.0679e+02
20260713_16:00:00   2.1445e-01   5.7097e+01   2.6676e+01   0.0000e+00   9.8755e-04   3.0792e+02
20260713_17:00:00   2.1963e-01   5.8279e+01   2.7444e+01   5.2462e-04   7.5059e-03   3.0494e+02
20260713_18:00:00   2.5093e-01   6.4969e+01   2.7645e+01   3.5523e-02   1.8690e-02   3.0441e+02
20260713_19:00:00   2.5883e-01   6.6515e+01   2.8272e+01   3.9452e-02   1.5361e-01   3.0197e+02
20260713_20:00:00   2.7351e-01   6.9530e+01   2.8118e+01   5.8331e-02   3.4701e-02   2.9800e+02
20260713_21:00:00   2.3008e-01   6.0528e+01   2.8347e+01   9.5230e-03   5.9815e-02   2.9771e+02
20260713_22:00:00   3.0286e-01   7.5522e+01   2.9509e+01   8.1238e-02   1.3038e-01   2.9813e+02
20260713_23:00:00   2.6101e-01   6.7300e+01   3.1200e+01   1.7605e-02   2.5711e-01   2.9913e+02
20260714_00:00:00   2.6073e-01   6.7482e+01   3.2715e+01   1.6098e-04   1.1002e-01   2.9923e+02
20260714_03:00:00   2.4810e-01   6.4752e+01   3.1051e+01   0.0000e+00   7.5384e-03   2.9838e+02
20260714_06:00:00   2.3433e-01   6.1697e+01   2.9311e+01   0.0000e+00   3.1151e-03   2.9867e+02
20260714_09:00:00   2.2606e-01   5.9803e+01   2.8153e+01   0.0000e+00   1.7610e-03   3.0144e+02
20260714_12:00:00   2.2479e-01   5.9481e+01   2.7648e+01   0.0000e+00   0.0000e+00   2.9990e+02
20260714_15:00:00   2.3076e-01   6.0821e+01   2.8352e+01   0.0000e+00   0.0000e+00   2.9967e+02
20260714_18:00:00   2.3620e-01   6.2225e+01   2.8999e+01   5.0691e-03   1.9793e-04   2.9785e+02
20260714_21:00:00   3.1492e-01   7.8562e+01   3.1087e+01   7.8812e-02   5.0365e-02   2.9498e+02
20260715_00:00:00   2.9437e-01   7.4526e+01   3.2665e+01   3.8684e-02   1.4037e-02   2.9295e+02
20260715_03:00:00   2.4749e-01   6.4785e+01   3.1300e+01   1.3182e-03   1.6347e-03   2.9526e+02
20260715_06:00:00   2.4084e-01   6.3211e+01   3.0262e+01   2.5040e-05   1.7429e-04   2.9660e+02
20260715_09:00:00   4.1214e-01   9.6503e+01   3.0743e+01   1.8553e-01   1.6319e-03   2.9618e+02
20260715_12:00:00   2.9547e-01   7.4117e+01   3.0429e+01   5.6506e-02   3.6603e-03   2.9851e+02
20260715_15:00:00   3.5233e-01   8.5192e+01   2.9812e+01   1.2209e-01   1.1116e-02   3.0100e+02
20260715_18:00:00   2.8515e-01   7.2438e+01   3.0233e+01   4.4035e-02   3.7708e-04   3.0053e+02
20260715_21:00:00   2.8804e-01   7.3099e+01   3.0365e+01   5.4648e-02   2.0258e-02   3.0123e+02
20260716_00:00:00   3.4092e-01   8.3497e+01   3.0431e+01   1.1298e-01   5.5428e-03   2.9758e+02
20260716_03:00:00   3.9494e-01   9.3567e+01   2.8994e+01   1.8751e-01   3.6193e-04   2.9807e+02
20260716_06:00:00   2.5415e-01   6.5799e+01   2.8900e+01   2.4821e-02   5.7811e-04   2.9855e+02
20260716_09:00:00   2.4302e-01   6.3644e+01   2.9665e+01   9.9877e-04   2.7791e-05   3.0105e+02
20260716_12:00:00   2.4443e-01   6.3901e+01   2.9346e+01   1.2738e-04   1.1249e-03   3.0168e+02
20260716_15:00:00   2.3055e-01   6.0841e+01   2.7517e+01   9.6624e-05   5.1477e-04   3.0117e+02
20260716_18:00:00   2.0806e-01   5.5764e+01   2.4990e+01   3.5202e-03   1.6192e-04   2.9982e+02
20260716_21:00:00   2.4948e-01   6.4626e+01   2.4297e+01   5.7676e-02   2.4296e-02   3.0212e+02
20260717_00:00:00   1.9851e-01   5.3987e+01   2.4482e+01   4.3150e-04   5.6388e-05   3.0055e+02
20260717_03:00:00   1.9264e-01   5.2590e+01   2.3379e+01   1.3066e-03   8.3560e-05   3.0041e+02
20260717_06:00:00   1.8719e-01   5.1068e+01   2.2401e+01   0.0000e+00   0.0000e+00   3.0148e+02
20260717_09:00:00   1.9575e-01   5.2854e+01   2.3591e+01   6.0061e-04   8.7673e-05   2.9906e+02
20260717_12:00:00   1.9772e-01   5.3254e+01   2.3654e+01   2.8946e-04   4.2276e-04   2.9682e+02
20260717_15:00:00   1.9194e-01   5.2020e+01   2.2766e+01   0.0000e+00   0.0000e+00   2.9931e+02
20260717_18:00:00   1.8763e-01   5.1211e+01   2.2534e+01   2.7418e-04   8.4880e-06   2.9949e+02
20260717_21:00:00   1.9240e-01   5.2358e+01   2.2598e+01   1.0732e-02   3.4770e-03   2.9774e+02
20260718_00:00:00   1.9033e-01   5.1910e+01   2.2984e+01   8.4040e-03   1.5967e-03   2.9713e+02
20260718_03:00:00   1.6787e-01   4.6701e+01   2.0607e+01   2.6780e-04   8.1800e-07   2.9706e+02
20260718_06:00:00   1.7881e-01   4.9324e+01   2.1455e+01   0.0000e+00   0.0000e+00   2.9667e+02
20260718_09:00:00   1.7663e-01   4.8643e+01   2.1106e+01   0.0000e+00   0.0000e+00   2.9570e+02
20260718_12:00:00   1.7544e-01   4.8256e+01   2.0627e+01   0.0000e+00   0.0000e+00   2.9738e+02
20260718_15:00:00   1.8470e-01   5.0415e+01   2.1751e+01   0.0000e+00   0.0000e+00   2.9609e+02
20260718_18:00:00   1.8985e-01   5.1972e+01   2.2705e+01   0.0000e+00   0.0000e+00   2.9514e+02
20260718_21:00:00   1.9379e-01   5.3118e+01   2.3832e+01   2.5285e-04   9.9040e-06   2.9607e+02
20260719_00:00:00   2.3626e-01   6.2233e+01   2.5530e+01   3.9329e-02   8.4908e-03   2.9351e+02
20260719_03:00:00   2.0302e-01   5.4918e+01   2.6163e+01   0.0000e+00   2.7193e-03   2.9569e+02
20260719_06:00:00   2.0795e-01   5.5821e+01   2.6516e+01   0.0000e+00   1.0946e-02   2.9620e+02
20260719_09:00:00   2.1173e-01   5.6503e+01   2.7139e+01   0.0000e+00   3.2856e-02   2.9642e+02
20260719_12:00:00   2.0864e-01   5.5695e+01   2.6504e+01   0.0000e+00   1.2965e-03   2.9686e+02
20260719_15:00:00   2.0471e-01   5.4793e+01   2.5907e+01   0.0000e+00   1.0730e-04   2.9403e+02
20260719_18:00:00   1.9890e-01   5.3548e+01   2.5723e+01   0.0000e+00   1.7147e-03   2.9477e+02
20260719_21:00:00   2.1421e-01   5.6978e+01   2.6412e+01   1.4829e-02   1.5952e-02   2.9181e+02
20260720_00:00:00   2.0779e-01   5.5793e+01   2.7315e+01   1.0782e-03   1.8607e-02   2.9095e+02
20260720_03:00:00   2.1296e-01   5.7122e+01   2.7682e+01   4.6806e-04   8.4039e-03   2.9033e+02
20260720_06:00:00   2.1537e-01   5.7498e+01   2.7452e+01   0.0000e+00   1.7934e-05   2.8842e+02
20260720_09:00:00   2.2690e-01   5.9823e+01   2.8796e+01   0.0000e+00   3.6000e-04   2.8698e+02
20260720_12:00:00   2.2368e-01   5.9160e+01   2.8048e+01   0.0000e+00   1.7578e-04   2.8599e+02
20260720_15:00:00   2.2547e-01   5.9630e+01   2.8294e+01   0.0000e+00   4.9214e-05   2.8928e+02
20260720_18:00:00   2.2398e-01   5.9509e+01   2.8454e+01   5.9902e-04   6.9409e-05   2.8790e+02
20260720_21:00:00   2.6109e-01   6.7502e+01   2.9566e+01   3.5762e-02   2.9094e-02   2.8554e+02
20260721_00:00:00   2.5825e-01   6.7058e+01   2.9824e+01   3.4847e-02   1.7664e-02   2.8392e+02
20260721_03:00:00   2.3474e-01   6.2127e+01   2.9843e+01   9.5240e-03   1.3572e-02   2.8374e+02
20260721_06:00:00   2.2381e-01   5.9680e+01   2.8800e+01   2.7300e-04   1.6469e-04   2.8369e+02
20260721_09:00:00   2.2031e-01   5.8781e+01   2.7974e+01   5.7745e-05   2.2218e-05   2.8391e+02
20260721_12:00:00   2.0096e-01   5.4467e+01   2.4727e+01   0.0000e+00   2.6539e-04   2.8624e+02
20260721_15:00:00   2.0233e-01   5.4806e+01   2.4741e+01   0.0000e+00   0.0000e+00   2.8668e+02
20260721_18:00:00   2.0987e-01   5.6689e+01   2.5807e+01   3.2919e-03   9.7083e-04   2.8658e+02
20260721_21:00:00   2.2434e-01   6.0106e+01   2.7221e+01   1.1590e-02   3.4622e-03   2.8825e+02
20260722_00:00:00   2.0412e-01   5.5637e+01   2.5350e+01   5.7844e-03   1.1989e-03   2.9016e+02
20260722_03:00:00   1.8670e-01   5.1866e+01   2.2809e+01   1.8608e-04   3.2720e-06   2.8927e+02
20260722_06:00:00   1.8190e-01   5.0583e+01   2.1571e+01   0.0000e+00   0.0000e+00   2.9369e+02
20260722_09:00:00   1.8492e-01   5.1127e+01   2.2183e+01   0.0000e+00   0.0000e+00   2.9216e+02
20260722_12:00:00   1.8978e-01   5.2092e+01   2.2838e+01   0.0000e+00   3.3180e-06   2.9219e+02
20260722_15:00:00   2.0517e-01   5.5479e+01   2.5282e+01   0.0000e+00   0.0000e+00   2.9326e+02
20260722_18:00:00   2.2088e-01   5.8877e+01   2.8302e+01   6.1140e-05   3.2949e-03   2.9152e+02
20260722_21:00:00   2.3634e-01   6.2336e+01   2.8619e+01   1.6960e-02   1.3272e-02   2.9124e+02
20260723_00:00:00   2.2015e-01   5.8529e+01   2.4837e+01   3.1344e-02   1.2007e-02   2.9004e+02
20260723_03:00:00   1.9899e-01   5.4217e+01   2.5198e+01   1.3882e-04   1.4940e-04   2.9037e+02
20260723_06:00:00   2.0562e-01   5.5406e+01   2.5639e+01   0.0000e+00   5.2105e-05   2.9210e+02
20260723_09:00:00   2.0262e-01   5.4538e+01   2.5159e+01   0.0000e+00   0.0000e+00   2.9012e+02
20260723_12:00:00   2.0845e-01   5.5604e+01   2.5927e+01   0.0000e+00   1.7554e-04   2.9252e+02
20260723_15:00:00   2.0486e-01   5.4976e+01   2.4679e+01   0.0000e+00   5.8560e-05   2.9474e+02
20260723_18:00:00   2.1005e-01   5.6297e+01   2.5741e+01   2.6789e-03   2.5148e-04   2.9329e+02
20260723_21:00:00   3.8446e-01   9.1136e+01   2.8772e+01   1.7658e-01   8.1270e-02   2.9445e+02
20260724_00:00:00   2.7151e-01   6.9888e+01   2.9704e+01   3.6535e-02   6.7372e-03   2.9435e+02
20260724_03:00:00   2.3154e-01   6.1498e+01   2.8351e+01   1.8410e-03   2.0001e-04   2.9171e+02
20260724_06:00:00   2.2791e-01   6.0450e+01   2.7656e+01   6.9525e-05   2.4540e-06   2.9290e+02
20260724_09:00:00   2.3615e-01   6.2096e+01   2.7780e+01   4.1761e-03   6.2958e-04   2.9494e+02
20260724_12:00:00   2.3475e-01   6.1778e+01   2.8033e+01   0.0000e+00   0.0000e+00   2.9529e+02
20260724_15:00:00   2.3380e-01   6.1660e+01   2.7769e+01   0.0000e+00   0.0000e+00   2.9671e+02
20260724_18:00:00   2.3253e-01   6.1649e+01   2.7714e+01   1.2192e-03   1.4852e-05   2.9544e+02
20260724_21:00:00   3.9011e-01   9.2426e+01   2.9175e+01   1.7631e-01   4.6007e-02   2.9341e+02
20260725_00:00:00   3.0044e-01   7.5474e+01   2.9161e+01   7.7016e-02   1.3617e-02   2.9255e+02
