#            date       tau255        Tb[K]      pwv[mm] lwp[kg*m^-2] iwp[kg*m^-2]       o3[DU]
20260109_18:00:00   7.7606e-02   2.2122e+01   3.7100e+00   0.0000e+00   0.0000e+00   3.3999e+02
20260109_19:00:00   7.8392e-02   2.2341e+01   3.8283e+00   0.0000e+00   0.0000e+00   3.3932e+02
20260109_20:00:00   7.9230e-02   2.2571e+01   3.9531e+00   0.0000e+00   0.0000e+00   3.3917e+02
20260109_21:00:00   7.9891e-02   2.2767e+01   4.0720e+00   0.0000e+00   7.3100e-05   3.3608e+02
20260109_22:00:00   8.0498e-02   2.2946e+01   4.1657e+00   0.0000e+00   8.0980e-08   3.3336e+02
20260109_23:00:00   8.1891e-02   2.3312e+01   4.3396e+00   0.0000e+00   0.0000e+00   3.3521e+02
20260110_00:00:00   8.3820e-02   2.3798e+01   4.5682e+00   0.0000e+00   0.0000e+00   3.3763e+02
20260110_01:00:00   8.3367e-02   2.3690e+01   4.4925e+00   0.0000e+00   0.0000e+00   3.3378e+02
20260110_02:00:00   8.3152e-02   2.3645e+01   4.4761e+00   0.0000e+00   0.0000e+00   3.2710e+02
20260110_03:00:00   8.3266e-02   2.3685e+01   4.5130e+00   0.0000e+00   0.0000e+00   3.2137e+02
20260110_04:00:00   8.3634e-02   2.3777e+01   4.5738e+00   0.0000e+00   0.0000e+00   3.1847e+02
20260110_05:00:00   8.3566e-02   2.3766e+01   4.5701e+00   0.0000e+00   0.0000e+00   3.1702e+02
20260110_06:00:00   8.3081e-02   2.3653e+01   4.4840e+00   0.0000e+00   0.0000e+00   3.1476e+02
20260110_07:00:00   8.1831e-02   2.3350e+01   4.3000e+00   0.0000e+00   0.0000e+00   3.1321e+02
20260110_08:00:00   8.0785e-02   2.3094e+01   4.1576e+00   0.0000e+00   0.0000e+00   3.0742e+02
20260110_09:00:00   7.9896e-02   2.2884e+01   4.0479e+00   0.0000e+00   0.0000e+00   3.0441e+02
20260110_10:00:00   7.9281e-02   2.2741e+01   3.9709e+00   0.0000e+00   0.0000e+00   3.0242e+02
20260110_11:00:00   7.8696e-02   2.2604e+01   3.9005e+00   0.0000e+00   0.0000e+00   2.9470e+02
20260110_12:00:00   7.8084e-02   2.2464e+01   3.8330e+00   0.0000e+00   0.0000e+00   2.9030e+02
20260110_13:00:00   7.7632e-02   2.2355e+01   3.7633e+00   0.0000e+00   0.0000e+00   2.9030e+02
20260110_14:00:00   7.7347e-02   2.2295e+01   3.7200e+00   0.0000e+00   0.0000e+00   2.9319e+02
20260110_15:00:00   7.6687e-02   2.2150e+01   3.6224e+00   0.0000e+00   0.0000e+00   2.9254e+02
20260110_16:00:00   7.6833e-02   2.2205e+01   3.6498e+00   0.0000e+00   0.0000e+00   2.9398e+02
20260110_17:00:00   7.7493e-02   2.2414e+01   3.7741e+00   0.0000e+00   1.1246e-05   2.9013e+02
20260110_18:00:00   7.7583e-02   2.2464e+01   3.8230e+00   0.0000e+00   1.4910e-04   2.8882e+02
20260110_19:00:00   7.8887e-02   2.2821e+01   4.0194e+00   0.0000e+00   1.4210e-03   2.8801e+02
20260110_20:00:00   8.0084e-02   2.3153e+01   4.2062e+00   0.0000e+00   1.2865e-03   2.8318e+02
20260110_21:00:00   8.1172e-02   2.3455e+01   4.3737e+00   0.0000e+00   1.2023e-03   2.8088e+02
20260110_22:00:00   8.2012e-02   2.3687e+01   4.5055e+00   0.0000e+00   3.7256e-03   2.8048e+02
20260110_23:00:00   8.2865e-02   2.3914e+01   4.6028e+00   0.0000e+00   3.6261e-04   2.8014e+02
20260111_00:00:00   8.2731e-02   2.3869e+01   4.5711e+00   0.0000e+00   8.1340e-05   2.8189e+02
20260111_01:00:00   8.0657e-02   2.3336e+01   4.2836e+00   0.0000e+00   2.1840e-05   2.8393e+02
20260111_02:00:00   7.9743e-02   2.3087e+01   4.1726e+00   0.0000e+00   8.7046e-05   2.8705e+02
20260111_03:00:00   7.8186e-02   2.2700e+01   3.9956e+00   0.0000e+00   1.4742e-03   2.9185e+02
20260111_04:00:00   7.7761e-02   2.2580e+01   3.9773e+00   0.0000e+00   2.7222e-03   2.9385e+02
20260111_05:00:00   7.7953e-02   2.2616e+01   4.0382e+00   0.0000e+00   9.7090e-03   2.9271e+02
20260111_06:00:00   7.8163e-02   2.2666e+01   4.1039e+00   0.0000e+00   1.5383e-02   2.9256e+02
20260111_07:00:00   7.7300e-02   2.2462e+01   3.9482e+00   0.0000e+00   9.1860e-03   2.9458e+02
20260111_08:00:00   7.6907e-02   2.2363e+01   3.8660e+00   0.0000e+00   1.1557e-02   2.9702e+02
20260111_09:00:00   7.6499e-02   2.2265e+01   3.8194e+00   0.0000e+00   6.7357e-03   2.9828e+02
20260111_10:00:00   7.6478e-02   2.2242e+01   3.8453e+00   0.0000e+00   1.3181e-02   3.0198e+02
20260111_11:00:00   7.7156e-02   2.2393e+01   4.0000e+00   0.0000e+00   1.5895e-02   3.0143e+02
20260111_12:00:00   7.9612e-02   2.2952e+01   4.5564e+00   0.0000e+00   2.4208e-02   3.0367e+02
20260111_13:00:00   8.0252e-02   2.3106e+01   4.7045e+00   0.0000e+00   3.5366e-02   3.0883e+02
20260111_14:00:00   7.9316e-02   2.2909e+01   4.5274e+00   0.0000e+00   1.3468e-02   3.1309e+02
20260111_15:00:00   7.9877e-02   2.3041e+01   4.6636e+00   0.0000e+00   4.6163e-03   3.1315e+02
20260111_16:00:00   8.0519e-02   2.3203e+01   4.7910e+00   0.0000e+00   1.5623e-03   3.1141e+02
20260111_17:00:00   8.1921e-02   2.3582e+01   4.9918e+00   0.0000e+00   9.1523e-04   3.1094e+02
20260111_18:00:00   8.3150e-02   2.3924e+01   5.1556e+00   0.0000e+00   2.1744e-04   3.1211e+02
20260111_19:00:00   8.4801e-02   2.4366e+01   5.3954e+00   0.0000e+00   1.4466e-04   3.1135e+02
20260111_20:00:00   8.5932e-02   2.4672e+01   5.5960e+00   0.0000e+00   9.4480e-06   3.1153e+02
20260111_21:00:00   8.7622e-02   2.5118e+01   5.8322e+00   0.0000e+00   1.1268e-04   3.0826e+02
20260111_22:00:00   8.9308e-02   2.5561e+01   6.0645e+00   0.0000e+00   2.6480e-04   3.0600e+02
20260111_23:00:00   9.1811e-02   2.6179e+01   6.4593e+00   0.0000e+00   1.0112e-04   3.0417e+02
20260112_00:00:00   9.3171e-02   2.6495e+01   6.6633e+00   0.0000e+00   2.4060e-04   3.0449e+02
20260112_01:00:00   9.2762e-02   2.6339e+01   6.6838e+00   0.0000e+00   5.3619e-05   3.0617e+02
20260112_02:00:00   9.2742e-02   2.6284e+01   6.7947e+00   0.0000e+00   5.1387e-05   3.0714e+02
20260112_03:00:00   9.3520e-02   2.6427e+01   7.0054e+00   0.0000e+00   5.4596e-04   3.0537e+02
20260112_04:00:00   9.4770e-02   2.6713e+01   7.2258e+00   0.0000e+00   6.2434e-05   3.0340e+02
20260112_05:00:00   9.6435e-02   2.7115e+01   7.4847e+00   0.0000e+00   1.0004e-05   3.0285e+02
20260112_06:00:00   9.7652e-02   2.7418e+01   7.6507e+00   0.0000e+00   1.5962e-04   3.0237e+02
20260112_07:00:00   9.8102e-02   2.7523e+01   7.7272e+00   0.0000e+00   1.0586e-03   3.0207e+02
20260112_08:00:00   9.8203e-02   2.7540e+01   7.7671e+00   0.0000e+00   2.7702e-03   3.0185e+02
20260112_09:00:00   9.8330e-02   2.7559e+01   7.7993e+00   0.0000e+00   3.7794e-03   3.0220e+02
20260112_10:00:00   9.7924e-02   2.7454e+01   7.7233e+00   0.0000e+00   4.4167e-04   3.0243e+02
20260112_11:00:00   9.7649e-02   2.7372e+01   7.6780e+00   0.0000e+00   1.0661e-04   3.0283e+02
20260112_12:00:00   9.7636e-02   2.7348e+01   7.6830e+00   0.0000e+00   1.6947e-04   3.0257e+02
20260112_13:00:00   9.7630e-02   2.7337e+01   7.6919e+00   0.0000e+00   4.4624e-04   3.0269e+02
20260112_14:00:00   9.7652e-02   2.7334e+01   7.7181e+00   0.0000e+00   1.0423e-03   3.0251e+02
20260112_15:00:00   9.7668e-02   2.7336e+01   7.7447e+00   0.0000e+00   1.7693e-03   3.0268e+02
20260112_16:00:00   9.7583e-02   2.7329e+01   7.7295e+00   0.0000e+00   2.3568e-03   3.0127e+02
20260112_17:00:00   9.7777e-02   2.7418e+01   7.7237e+00   0.0000e+00   8.4659e-04   3.0148e+02
20260112_18:00:00   9.8158e-02   2.7549e+01   7.7516e+00   0.0000e+00   1.6150e-04   3.0300e+02
20260112_19:00:00   9.8133e-02   2.7567e+01   7.7635e+00   0.0000e+00   4.1601e-04   3.0234e+02
20260112_20:00:00   9.8453e-02   2.7678e+01   7.8125e+00   0.0000e+00   1.2804e-04   3.0248e+02
20260112_21:00:00   9.8964e-02   2.7835e+01   7.8799e+00   0.0000e+00   2.0324e-05   3.0400e+02
20260112_22:00:00   9.9601e-02   2.8021e+01   7.9373e+00   0.0000e+00   0.0000e+00   3.0273e+02
20260112_23:00:00   9.9467e-02   2.8008e+01   7.8771e+00   0.0000e+00   0.0000e+00   3.0077e+02
20260113_00:00:00   9.7319e-02   2.7489e+01   7.4902e+00   0.0000e+00   0.0000e+00   3.0121e+02
20260113_01:00:00   9.2915e-02   2.6410e+01   6.7519e+00   0.0000e+00   0.0000e+00   3.0195e+02
20260113_02:00:00   8.9511e-02   2.5585e+01   6.1617e+00   0.0000e+00   0.0000e+00   3.0128e+02
20260113_03:00:00   8.6829e-02   2.4955e+01   5.6552e+00   0.0000e+00   0.0000e+00   3.0204e+02
20260113_04:00:00   8.4115e-02   2.4313e+01   5.1455e+00   0.0000e+00   0.0000e+00   3.0105e+02
20260113_05:00:00   8.2620e-02   2.3956e+01   4.8786e+00   0.0000e+00   0.0000e+00   2.9987e+02
20260113_06:00:00   8.0881e-02   2.3525e+01   4.5948e+00   0.0000e+00   0.0000e+00   3.0202e+02
20260113_07:00:00   7.8558e-02   2.2938e+01   4.2527e+00   0.0000e+00   0.0000e+00   3.0308e+02
20260113_08:00:00   7.7196e-02   2.2582e+01   4.0501e+00   0.0000e+00   0.0000e+00   3.0067e+02
20260113_09:00:00   7.6326e-02   2.2359e+01   3.9359e+00   0.0000e+00   0.0000e+00   2.9950e+02
20260113_10:00:00   7.6418e-02   2.2372e+01   3.9442e+00   0.0000e+00   0.0000e+00   2.9883e+02
20260113_11:00:00   7.5928e-02   2.2255e+01   3.8725e+00   0.0000e+00   0.0000e+00   2.9785e+02
20260113_12:00:00   7.5378e-02   2.2118e+01   3.7896e+00   0.0000e+00   0.0000e+00   2.9886e+02
20260113_13:00:00   7.4137e-02   2.1819e+01   3.6114e+00   0.0000e+00   0.0000e+00   2.9786e+02
20260113_14:00:00   7.3086e-02   2.1574e+01   3.4554e+00   0.0000e+00   0.0000e+00   2.9398e+02
20260113_15:00:00   7.2077e-02   2.1333e+01   3.3109e+00   0.0000e+00   0.0000e+00   2.9421e+02
20260113_16:00:00   7.2004e-02   2.1333e+01   3.3051e+00   0.0000e+00   0.0000e+00   2.9452e+02
20260113_17:00:00   7.3184e-02   2.1661e+01   3.4812e+00   0.0000e+00   0.0000e+00   2.9262e+02
20260113_18:00:00   7.5098e-02   2.2178e+01   3.7759e+00   0.0000e+00   0.0000e+00   2.9082e+02
20260113_19:00:00   7.6661e-02   2.2591e+01   4.0474e+00   0.0000e+00   0.0000e+00   2.9158e+02
20260113_20:00:00   7.7456e-02   2.2807e+01   4.1859e+00   0.0000e+00   0.0000e+00   2.9057e+02
20260113_21:00:00   7.7817e-02   2.2924e+01   4.2542e+00   0.0000e+00   0.0000e+00   2.8827e+02
20260113_22:00:00   7.8994e-02   2.3252e+01   4.4154e+00   0.0000e+00   0.0000e+00   2.8882e+02
20260113_23:00:00   7.9320e-02   2.3344e+01   4.4876e+00   0.0000e+00   0.0000e+00   2.9020e+02
20260114_00:00:00   7.8913e-02   2.3240e+01   4.4151e+00   0.0000e+00   0.0000e+00   2.9314e+02
20260114_01:00:00   7.5401e-02   2.2332e+01   3.9425e+00   0.0000e+00   0.0000e+00   2.9681e+02
20260114_02:00:00   7.4302e-02   2.2047e+01   3.7935e+00   0.0000e+00   0.0000e+00   2.9876e+02
20260114_03:00:00   7.4628e-02   2.2130e+01   3.7870e+00   0.0000e+00   0.0000e+00   2.9811e+02
20260114_04:00:00   7.5023e-02   2.2221e+01   3.8153e+00   0.0000e+00   0.0000e+00   2.9716e+02
20260114_05:00:00   7.4212e-02   2.2003e+01   3.7637e+00   0.0000e+00   0.0000e+00   2.9850e+02
20260114_06:00:00   7.3692e-02   2.1842e+01   3.7435e+00   0.0000e+00   0.0000e+00   2.9591e+02
20260114_07:00:00   7.2901e-02   2.1623e+01   3.7258e+00   0.0000e+00   0.0000e+00   2.9635e+02
20260114_08:00:00   7.3025e-02   2.1640e+01   3.8339e+00   0.0000e+00   0.0000e+00   2.9621e+02
20260114_09:00:00   7.3355e-02   2.1712e+01   3.9196e+00   0.0000e+00   0.0000e+00   2.9627e+02
20260114_10:00:00   7.3363e-02   2.1718e+01   3.9549e+00   0.0000e+00   0.0000e+00   2.9778e+02
20260114_11:00:00   7.4021e-02   2.1893e+01   4.0901e+00   0.0000e+00   0.0000e+00   2.9656e+02
20260114_12:00:00   7.4844e-02   2.2112e+01   4.2401e+00   0.0000e+00   0.0000e+00   2.9601e+02
20260114_13:00:00   7.5316e-02   2.2246e+01   4.3221e+00   0.0000e+00   0.0000e+00   2.9509e+02
20260114_14:00:00   7.5371e-02   2.2281e+01   4.3389e+00   0.0000e+00   0.0000e+00   2.9475e+02
20260114_15:00:00   7.6068e-02   2.2461e+01   4.4594e+00   0.0000e+00   0.0000e+00   2.9400e+02
20260114_16:00:00   7.6838e-02   2.2661e+01   4.5767e+00   0.0000e+00   0.0000e+00   2.9250e+02
20260114_17:00:00   7.8038e-02   2.2991e+01   4.7185e+00   0.0000e+00   0.0000e+00   2.9169e+02
20260114_18:00:00   8.0076e-02   2.3542e+01   5.0050e+00   0.0000e+00   0.0000e+00   2.9353e+02
20260114_21:00:00   8.2976e-02   2.4364e+01   5.5603e+00   0.0000e+00   0.0000e+00   2.8632e+02
20260115_00:00:00   8.5997e-02   2.5150e+01   6.0738e+00   0.0000e+00   0.0000e+00   2.8674e+02
20260115_03:00:00   8.6404e-02   2.5202e+01   6.2254e+00   0.0000e+00   0.0000e+00   2.9079e+02
20260115_06:00:00   8.6139e-02   2.5053e+01   6.2519e+00   0.0000e+00   0.0000e+00   2.8974e+02
20260115_09:00:00   8.4905e-02   2.4674e+01   6.0965e+00   0.0000e+00   0.0000e+00   2.8931e+02
20260115_12:00:00   8.6912e-02   2.5152e+01   6.3554e+00   0.0000e+00   0.0000e+00   2.9508e+02
20260115_15:00:00   8.9735e-02   2.5849e+01   6.6357e+00   0.0000e+00   0.0000e+00   2.9678e+02
20260115_18:00:00   8.6963e-02   2.5217e+01   6.0155e+00   0.0000e+00   0.0000e+00   2.9221e+02
20260115_21:00:00   7.8462e-02   2.3135e+01   4.5614e+00   0.0000e+00   0.0000e+00   2.9459e+02
20260116_00:00:00   8.1395e-02   2.3911e+01   4.8287e+00   0.0000e+00   0.0000e+00   2.9323e+02
20260116_03:00:00   7.6797e-02   2.2638e+01   4.1073e+00   0.0000e+00   1.5780e-04   2.9425e+02
20260116_06:00:00   7.0394e-02   2.0888e+01   3.2262e+00   0.0000e+00   5.1420e-04   2.9654e+02
20260116_09:00:00   6.7891e-02   2.0197e+01   2.7538e+00   0.0000e+00   6.3040e-04   3.0254e+02
20260116_12:00:00   6.7884e-02   2.0142e+01   2.7364e+00   0.0000e+00   4.8402e-04   3.0528e+02
20260116_15:00:00   6.5984e-02   1.9655e+01   2.4277e+00   0.0000e+00   0.0000e+00   3.1207e+02
20260116_18:00:00   6.6899e-02   1.9904e+01   2.5800e+00   0.0000e+00   0.0000e+00   3.1966e+02
20260116_21:00:00   6.7430e-02   2.0062e+01   2.7495e+00   0.0000e+00   0.0000e+00   3.2727e+02
20260117_00:00:00   7.2723e-02   2.1427e+01   3.5490e+00   0.0000e+00   0.0000e+00   3.3370e+02
20260117_03:00:00   7.2950e-02   2.1435e+01   3.6010e+00   0.0000e+00   0.0000e+00   3.4375e+02
20260117_06:00:00   7.2108e-02   2.1158e+01   3.5066e+00   0.0000e+00   0.0000e+00   3.4810e+02
20260117_09:00:00   7.0467e-02   2.0745e+01   3.3623e+00   0.0000e+00   0.0000e+00   3.4435e+02
20260117_12:00:00   7.3433e-02   2.1478e+01   3.9613e+00   0.0000e+00   0.0000e+00   3.4357e+02
20260117_15:00:00   7.4658e-02   2.1801e+01   4.1439e+00   0.0000e+00   0.0000e+00   3.4295e+02
20260117_18:00:00   7.5997e-02   2.2208e+01   4.3459e+00   0.0000e+00   0.0000e+00   3.4236e+02
20260117_21:00:00   7.7128e-02   2.2544e+01   4.5547e+00   0.0000e+00   0.0000e+00   3.3982e+02
20260118_00:00:00   8.0672e-02   2.3510e+01   4.9825e+00   0.0000e+00   0.0000e+00   3.3612e+02
20260118_03:00:00   8.0142e-02   2.3384e+01   4.7350e+00   0.0000e+00   0.0000e+00   3.3306e+02
20260118_06:00:00   7.7912e-02   2.2823e+01   4.3285e+00   0.0000e+00   0.0000e+00   3.3313e+02
20260118_09:00:00   7.4955e-02   2.2071e+01   3.8990e+00   0.0000e+00   0.0000e+00   3.3025e+02
20260118_12:00:00   7.4405e-02   2.1913e+01   3.8387e+00   0.0000e+00   0.0000e+00   3.2912e+02
20260118_15:00:00   7.3851e-02   2.1771e+01   3.7281e+00   0.0000e+00   0.0000e+00   3.3008e+02
20260118_18:00:00   7.4823e-02   2.2048e+01   3.8739e+00   0.0000e+00   0.0000e+00   3.3066e+02
20260118_21:00:00   7.6139e-02   2.2434e+01   4.1264e+00   0.0000e+00   0.0000e+00   3.2851e+02
20260119_00:00:00   7.7733e-02   2.2863e+01   4.3564e+00   0.0000e+00   0.0000e+00   3.2783e+02
20260119_03:00:00   7.6299e-02   2.2472e+01   4.1175e+00   0.0000e+00   0.0000e+00   3.2076e+02
20260119_06:00:00   7.5019e-02   2.2115e+01   3.8951e+00   0.0000e+00   0.0000e+00   3.1722e+02
20260119_09:00:00   7.3424e-02   2.1667e+01   3.6590e+00   0.0000e+00   0.0000e+00   3.1328e+02
20260119_12:00:00   7.3897e-02   2.1748e+01   3.8155e+00   0.0000e+00   7.2860e-04   3.0875e+02
20260119_15:00:00   7.3786e-02   2.1701e+01   3.8127e+00   0.0000e+00   1.4981e-03   3.0976e+02
20260119_18:00:00   7.4212e-02   2.1848e+01   3.8338e+00   0.0000e+00   9.6980e-06   3.0766e+02
20260119_21:00:00   7.5375e-02   2.2195e+01   4.0637e+00   0.0000e+00   0.0000e+00   3.0676e+02
20260120_00:00:00   7.6984e-02   2.2622e+01   4.3241e+00   0.0000e+00   0.0000e+00   3.0518e+02
20260120_03:00:00   7.7108e-02   2.2634e+01   4.3124e+00   0.0000e+00   0.0000e+00   2.9938e+02
20260120_06:00:00   7.5926e-02   2.2317e+01   4.1457e+00   0.0000e+00   0.0000e+00   2.9734e+02
20260120_09:00:00   7.3896e-02   2.1794e+01   3.8917e+00   0.0000e+00   0.0000e+00   2.9987e+02
20260120_12:00:00   7.2963e-02   2.1527e+01   3.8366e+00   0.0000e+00   0.0000e+00   2.9894e+02
20260120_15:00:00   7.3267e-02   2.1587e+01   3.9155e+00   0.0000e+00   0.0000e+00   2.9670e+02
20260120_18:00:00   7.4733e-02   2.1984e+01   4.2122e+00   0.0000e+00   0.0000e+00   2.9755e+02
20260120_21:00:00   7.6049e-02   2.2411e+01   4.4079e+00   0.0000e+00   2.6417e-04   2.9711e+02
20260121_00:00:00   8.2568e-02   2.4117e+01   5.3398e+00   0.0000e+00   0.0000e+00   2.9441e+02
20260121_03:00:00   8.2547e-02   2.4047e+01   5.2411e+00   0.0000e+00   0.0000e+00   2.9538e+02
20260121_06:00:00   7.6164e-02   2.2348e+01   4.3763e+00   0.0000e+00   0.0000e+00   2.9336e+02
20260121_09:00:00   7.5586e-02   2.2113e+01   4.3051e+00   0.0000e+00   0.0000e+00   2.9927e+02
20260121_12:00:00   7.3413e-02   2.1528e+01   3.8195e+00   0.0000e+00   0.0000e+00   2.9497e+02
20260121_15:00:00   7.2357e-02   2.1185e+01   3.3698e+00   0.0000e+00   0.0000e+00   2.9914e+02
20260121_18:00:00   8.2035e-02   2.3471e+01   4.7702e+00   0.0000e+00   0.0000e+00   3.1730e+02
20260121_21:00:00   9.5920e-02   2.6767e+01   6.3929e+00   0.0000e+00   2.7278e-04   3.0932e+02
20260122_00:00:00   8.3564e-02   2.3753e+01   4.7521e+00   1.4578e-06   4.3482e-05   3.0823e+02
20260122_03:00:00   7.8480e-02   2.2515e+01   3.9171e+00   0.0000e+00   6.4780e-08   3.1025e+02
20260122_06:00:00   7.6170e-02   2.1923e+01   3.4639e+00   0.0000e+00   0.0000e+00   3.2192e+02
20260122_09:00:00   7.4677e-02   2.1554e+01   3.1949e+00   0.0000e+00   0.0000e+00   3.2535e+02
20260122_12:00:00   7.3365e-02   2.1216e+01   3.0499e+00   0.0000e+00   0.0000e+00   3.2524e+02
20260122_15:00:00   7.3390e-02   2.1218e+01   3.0966e+00   0.0000e+00   0.0000e+00   3.2444e+02
20260122_18:00:00   7.1797e-02   2.0863e+01   2.9915e+00   0.0000e+00   1.9826e-06   3.2154e+02
20260122_21:00:00   7.1268e-02   2.0796e+01   3.0921e+00   0.0000e+00   4.0120e-04   3.1548e+02
20260123_00:00:00   7.5218e-02   2.1819e+01   3.7709e+00   0.0000e+00   3.6032e-04   3.1171e+02
20260123_03:00:00   7.6435e-02   2.2105e+01   3.9588e+00   0.0000e+00   4.3151e-04   3.0239e+02
20260123_06:00:00   7.6053e-02   2.1977e+01   3.9739e+00   0.0000e+00   5.8499e-04   2.9863e+02
20260123_09:00:00   7.6520e-02   2.2056e+01   4.1504e+00   0.0000e+00   1.4806e-02   3.1067e+02
20260123_12:00:00   7.8310e-02   2.2465e+01   4.4903e+00   0.0000e+00   1.0733e-02   3.1687e+02
20260123_15:00:00   7.9325e-02   2.2686e+01   4.6603e+00   0.0000e+00   6.6643e-02   3.2436e+02
20260123_18:00:00   7.9990e-02   2.2862e+01   4.8254e+00   0.0000e+00   1.4199e-02   3.2153e+02
20260123_21:00:00   8.0538e-02   2.3051e+01   4.9988e+00   0.0000e+00   9.5602e-04   3.1458e+02
20260124_00:00:00   8.3002e-02   2.3693e+01   5.3801e+00   0.0000e+00   1.2048e-03   3.1135e+02
20260124_03:00:00   8.4710e-02   2.4092e+01   5.6020e+00   0.0000e+00   1.3811e-02   3.1660e+02
20260124_06:00:00   8.4418e-02   2.3983e+01   5.5533e+00   0.0000e+00   1.4542e-02   3.1953e+02
20260124_09:00:00   8.6322e-02   2.4412e+01   5.8371e+00   0.0000e+00   5.2813e-02   3.1935e+02
20260124_12:00:00   8.5818e-02   2.4303e+01   5.7570e+00   0.0000e+00   3.0203e-03   3.1733e+02
20260124_15:00:00   8.4936e-02   2.4080e+01   5.6416e+00   0.0000e+00   2.4863e-03   3.3737e+02
20260124_18:00:00   8.3001e-02   2.3674e+01   5.3319e+00   0.0000e+00   6.4780e-08   3.3155e+02
20260124_21:00:00   8.1593e-02   2.3411e+01   5.1937e+00   0.0000e+00   0.0000e+00   3.2990e+02
20260125_00:00:00   8.3303e-02   2.3903e+01   5.4284e+00   0.0000e+00   0.0000e+00   3.2502e+02
20260125_03:00:00   8.0763e-02   2.3314e+01   4.8348e+00   0.0000e+00   0.0000e+00   3.2252e+02
20260125_06:00:00   7.6773e-02   2.2334e+01   4.0954e+00   0.0000e+00   0.0000e+00   3.3119e+02
20260125_09:00:00   7.3752e-02   2.1578e+01   3.5823e+00   0.0000e+00   0.0000e+00   3.3015e+02
20260125_12:00:00   7.2867e-02   2.1339e+01   3.4959e+00   0.0000e+00   0.0000e+00   3.3446e+02
20260125_15:00:00   7.3034e-02   2.1375e+01   3.5087e+00   0.0000e+00   5.9500e-04   3.3039e+02
20260125_18:00:00   7.4051e-02   2.1654e+01   3.7154e+00   0.0000e+00   2.7955e-03   3.3176e+02
