#            date       tau255        Tb[K]      pwv[mm] lwp[kg*m^-2] iwp[kg*m^-2]       o3[DU]
20260624_12:00:00   1.8215e-01   4.9640e+01   2.0903e+01   0.0000e+00   0.0000e+00   3.2105e+02
20260624_13:00:00   1.7363e-01   4.7683e+01   1.9537e+01   0.0000e+00   0.0000e+00   3.2234e+02
20260624_14:00:00   1.6756e-01   4.6289e+01   1.8575e+01   0.0000e+00   0.0000e+00   3.2267e+02
20260624_15:00:00   1.6104e-01   4.4784e+01   1.7675e+01   0.0000e+00   0.0000e+00   3.2315e+02
20260624_16:00:00   1.5491e-01   4.3384e+01   1.6840e+01   0.0000e+00   0.0000e+00   3.2352e+02
20260624_17:00:00   1.5124e-01   4.2522e+01   1.6546e+01   0.0000e+00   0.0000e+00   3.2360e+02
20260624_18:00:00   1.4805e-01   4.1655e+01   1.6624e+01   0.0000e+00   0.0000e+00   3.2419e+02
20260624_19:00:00   1.4209e-01   4.0122e+01   1.6087e+01   0.0000e+00   0.0000e+00   3.2411e+02
20260624_20:00:00   1.3946e-01   3.9429e+01   1.5962e+01   0.0000e+00   0.0000e+00   3.2476e+02
20260624_21:00:00   1.3781e-01   3.8986e+01   1.5909e+01   0.0000e+00   5.9280e-05   3.2384e+02
20260624_22:00:00   1.3657e-01   3.8647e+01   1.5897e+01   5.3160e-05   1.8610e-03   3.2217e+02
20260624_23:00:00   1.3449e-01   3.8119e+01   1.5672e+01   0.0000e+00   1.6323e-03   3.2125e+02
20260625_00:00:00   1.3036e-01   3.7140e+01   1.5050e+01   0.0000e+00   8.5800e-05   3.2282e+02
20260625_01:00:00   1.2686e-01   3.6313e+01   1.4416e+01   0.0000e+00   0.0000e+00   3.2303e+02
20260625_02:00:00   1.2483e-01   3.5834e+01   1.3954e+01   0.0000e+00   0.0000e+00   3.2491e+02
20260625_03:00:00   1.2693e-01   3.6374e+01   1.4100e+01   0.0000e+00   0.0000e+00   3.2528e+02
20260625_04:00:00   1.2845e-01   3.6763e+01   1.4059e+01   0.0000e+00   0.0000e+00   3.2318e+02
20260625_05:00:00   1.3178e-01   3.7561e+01   1.4319e+01   0.0000e+00   0.0000e+00   3.2004e+02
20260625_06:00:00   1.3378e-01   3.8001e+01   1.4523e+01   0.0000e+00   0.0000e+00   3.1859e+02
20260625_07:00:00   1.3368e-01   3.7936e+01   1.4451e+01   0.0000e+00   0.0000e+00   3.1815e+02
20260625_08:00:00   1.3233e-01   3.7560e+01   1.4183e+01   0.0000e+00   0.0000e+00   3.1916e+02
20260625_09:00:00   1.3092e-01   3.7172e+01   1.3874e+01   0.0000e+00   0.0000e+00   3.2083e+02
20260625_10:00:00   1.2897e-01   3.6670e+01   1.3498e+01   0.0000e+00   0.0000e+00   3.2176e+02
20260625_11:00:00   1.2577e-01   3.5878e+01   1.2935e+01   0.0000e+00   0.0000e+00   3.2105e+02
20260625_12:00:00   1.2348e-01   3.5301e+01   1.2527e+01   0.0000e+00   0.0000e+00   3.1857e+02
20260625_13:00:00   1.2193e-01   3.4895e+01   1.2247e+01   0.0000e+00   0.0000e+00   3.1820e+02
20260625_14:00:00   1.2193e-01   3.4911e+01   1.2201e+01   0.0000e+00   0.0000e+00   3.2010e+02
20260625_15:00:00   1.2045e-01   3.4593e+01   1.2008e+01   0.0000e+00   0.0000e+00   3.2288e+02
20260625_16:00:00   1.1750e-01   3.3916e+01   1.1636e+01   0.0000e+00   0.0000e+00   3.2637e+02
20260625_17:00:00   1.1506e-01   3.3363e+01   1.1361e+01   0.0000e+00   0.0000e+00   3.2873e+02
20260625_18:00:00   1.1365e-01   3.3020e+01   1.1374e+01   0.0000e+00   0.0000e+00   3.2931e+02
20260625_19:00:00   1.1286e-01   3.2795e+01   1.1583e+01   0.0000e+00   0.0000e+00   3.2973e+02
20260625_20:00:00   1.1263e-01   3.2693e+01   1.1836e+01   0.0000e+00   0.0000e+00   3.3139e+02
20260625_21:00:00   1.1196e-01   3.2473e+01   1.1972e+01   0.0000e+00   0.0000e+00   3.3728e+02
20260625_22:00:00   1.0829e-01   3.1519e+01   1.1536e+01   0.0000e+00   0.0000e+00   3.4202e+02
20260625_23:00:00   1.0235e-01   2.9972e+01   1.0638e+01   0.0000e+00   0.0000e+00   3.3916e+02
20260626_00:00:00   9.8504e-02   2.9012e+01   9.9727e+00   0.0000e+00   0.0000e+00   3.4039e+02
20260626_01:00:00   9.3274e-02   2.7667e+01   9.0279e+00   0.0000e+00   0.0000e+00   3.4085e+02
20260626_02:00:00   8.7794e-02   2.6260e+01   7.9699e+00   0.0000e+00   0.0000e+00   3.4122e+02
20260626_03:00:00   8.9552e-02   2.6759e+01   8.0472e+00   0.0000e+00   0.0000e+00   3.3945e+02
20260626_04:00:00   9.4018e-02   2.7916e+01   8.5654e+00   0.0000e+00   0.0000e+00   3.3644e+02
20260626_05:00:00   1.0011e-01   2.9476e+01   9.3418e+00   0.0000e+00   2.0440e-06   3.3509e+02
20260626_06:00:00   9.9650e-02   2.9327e+01   9.1854e+00   0.0000e+00   4.7040e-05   3.3554e+02
20260626_07:00:00   9.5953e-02   2.8313e+01   8.6656e+00   0.0000e+00   5.6936e-04   3.3584e+02
20260626_08:00:00   9.4122e-02   2.7779e+01   8.4664e+00   0.0000e+00   2.4823e-03   3.3763e+02
20260626_09:00:00   9.4209e-02   2.7736e+01   8.5615e+00   0.0000e+00   2.8877e-03   3.3639e+02
20260626_10:00:00   9.5269e-02   2.7948e+01   8.7839e+00   0.0000e+00   3.1717e-03   3.3709e+02
20260626_11:00:00   9.7376e-02   2.8432e+01   9.1575e+00   0.0000e+00   5.1960e-04   3.3692e+02
20260626_12:00:00   1.0015e-01   2.9076e+01   9.6458e+00   0.0000e+00   2.6157e-05   3.3699e+02
20260626_13:00:00   1.0553e-01   3.0349e+01   1.0605e+01   0.0000e+00   1.6920e-04   3.3645e+02
20260626_14:00:00   1.1582e-01   3.2829e+01   1.2454e+01   0.0000e+00   4.7311e-03   3.3522e+02
20260626_15:00:00   1.2496e-01   3.4999e+01   1.4080e+01   0.0000e+00   4.5237e-02   3.3837e+02
20260626_16:00:00   1.3974e-01   3.8481e+01   1.6346e+01   0.0000e+00   2.3069e-01   3.3683e+02
20260626_17:00:00   1.5669e-01   4.2444e+01   1.8606e+01   0.0000e+00   5.0291e-01   3.3604e+02
20260626_18:00:00   1.4775e-01   4.0624e+01   1.7283e+01   4.8600e-07   4.9973e-03   3.4165e+02
20260626_19:00:00   1.5039e-01   4.1441e+01   1.7580e+01   1.6196e-07   1.1935e-03   3.4224e+02
20260626_20:00:00   1.5874e-01   4.3606e+01   1.8637e+01   8.1800e-06   1.6360e-06   3.5330e+02
20260626_21:00:00   1.6084e-01   4.4247e+01   1.8797e+01   5.6339e-04   1.4414e-04   3.5646e+02
20260626_22:00:00   1.5686e-01   4.3419e+01   1.8043e+01   1.9376e-05   1.2957e-07   3.5741e+02
20260626_23:00:00   1.5057e-01   4.2020e+01   1.6919e+01   1.1278e-05   0.0000e+00   3.5801e+02
20260627_00:00:00   1.4166e-01   3.9857e+01   1.5492e+01   0.0000e+00   3.9840e-05   3.5653e+02
20260627_01:00:00   1.3123e-01   3.7239e+01   1.3845e+01   0.0000e+00   0.0000e+00   3.4758e+02
20260627_02:00:00   1.1942e-01   3.4293e+01   1.2043e+01   0.0000e+00   0.0000e+00   3.4430e+02
20260627_03:00:00   1.1394e-01   3.2891e+01   1.1124e+01   0.0000e+00   0.0000e+00   3.3901e+02
20260627_04:00:00   1.1242e-01   3.2481e+01   1.0756e+01   0.0000e+00   0.0000e+00   3.3546e+02
20260627_05:00:00   1.1307e-01   3.2588e+01   1.0813e+01   0.0000e+00   2.0440e-06   3.3264e+02
20260627_06:00:00   1.1121e-01   3.2053e+01   1.0591e+01   0.0000e+00   0.0000e+00   3.3118e+02
20260627_07:00:00   1.0940e-01   3.1558e+01   1.0347e+01   0.0000e+00   0.0000e+00   3.3079e+02
20260627_08:00:00   1.0812e-01   3.1208e+01   1.0197e+01   0.0000e+00   0.0000e+00   3.3061e+02
20260627_09:00:00   1.0784e-01   3.1070e+01   1.0345e+01   0.0000e+00   2.2980e-05   3.2898e+02
20260627_10:00:00   1.0571e-01   3.0493e+01   1.0078e+01   0.0000e+00   0.0000e+00   3.2685e+02
20260627_11:00:00   1.0214e-01   2.9565e+01   9.5500e+00   0.0000e+00   2.0780e-04   3.2473e+02
20260627_12:00:00   9.8402e-02   2.8595e+01   9.0313e+00   0.0000e+00   8.4260e-06   3.2442e+02
20260627_13:00:00   9.6914e-02   2.8203e+01   8.7548e+00   0.0000e+00   3.3700e-05   3.2634e+02
20260627_14:00:00   9.7697e-02   2.8432e+01   8.8331e+00   0.0000e+00   0.0000e+00   3.2643e+02
20260627_15:00:00   9.7308e-02   2.8369e+01   8.7913e+00   0.0000e+00   0.0000e+00   3.2682e+02
20260627_16:00:00   1.0152e-01   2.9486e+01   9.4311e+00   0.0000e+00   0.0000e+00   3.2695e+02
20260627_17:00:00   1.0536e-01   3.0516e+01   1.0090e+01   0.0000e+00   0.0000e+00   3.2758e+02
20260627_18:00:00   1.0484e-01   3.0456e+01   1.0139e+01   0.0000e+00   0.0000e+00   3.2901e+02
20260627_19:00:00   1.0264e-01   2.9937e+01   9.9657e+00   0.0000e+00   0.0000e+00   3.2929e+02
20260627_20:00:00   9.8932e-02   2.9024e+01   9.5652e+00   0.0000e+00   0.0000e+00   3.2941e+02
20260627_21:00:00   9.4460e-02   2.7902e+01   8.9535e+00   0.0000e+00   0.0000e+00   3.3015e+02
20260627_22:00:00   9.1419e-02   2.7123e+01   8.4603e+00   0.0000e+00   0.0000e+00   3.2949e+02
20260627_23:00:00   9.0620e-02   2.6920e+01   8.2822e+00   0.0000e+00   0.0000e+00   3.2934e+02
20260628_00:00:00   9.2221e-02   2.7317e+01   8.4290e+00   0.0000e+00   0.0000e+00   3.3097e+02
20260628_01:00:00   9.3111e-02   2.7524e+01   8.4528e+00   0.0000e+00   0.0000e+00   3.3237e+02
20260628_02:00:00   9.2741e-02   2.7386e+01   8.2918e+00   0.0000e+00   0.0000e+00   3.3412e+02
20260628_03:00:00   9.4600e-02   2.7840e+01   8.3635e+00   0.0000e+00   0.0000e+00   3.3468e+02
20260628_04:00:00   9.6822e-02   2.8352e+01   8.3710e+00   0.0000e+00   3.2400e-08   3.3529e+02
20260628_05:00:00   9.4668e-02   2.7744e+01   7.7548e+00   7.0460e-06   6.4780e-08   3.3702e+02
20260628_06:00:00   9.2428e-02   2.7099e+01   7.2499e+00   2.8020e-05   6.4780e-08   3.4021e+02
20260628_07:00:00   9.2433e-02   2.7032e+01   7.1204e+00   3.1740e-05   6.4780e-08   3.4276e+02
20260628_08:00:00   9.2966e-02   2.7112e+01   7.0725e+00   0.0000e+00   0.0000e+00   3.4430e+02
20260628_09:00:00   9.5154e-02   2.7606e+01   7.2884e+00   1.0528e-06   6.4780e-08   3.4533e+02
20260628_10:00:00   9.7584e-02   2.8180e+01   7.5085e+00   0.0000e+00   3.2400e-08   3.4697e+02
20260628_11:00:00   1.0065e-01   2.8903e+01   7.8873e+00   0.0000e+00   3.2400e-08   3.4634e+02
20260628_12:00:00   1.0198e-01   2.9176e+01   8.0708e+00   0.0000e+00   0.0000e+00   3.4864e+02
20260628_13:00:00   1.0269e-01   2.9316e+01   8.1651e+00   0.0000e+00   0.0000e+00   3.4914e+02
20260628_14:00:00   1.0378e-01   2.9575e+01   8.2836e+00   0.0000e+00   0.0000e+00   3.4936e+02
20260628_15:00:00   1.0231e-01   2.9219e+01   8.1125e+00   0.0000e+00   0.0000e+00   3.5008e+02
20260628_16:00:00   9.9835e-02   2.8638e+01   7.8661e+00   0.0000e+00   0.0000e+00   3.4870e+02
20260628_17:00:00   9.7087e-02   2.7975e+01   7.6957e+00   0.0000e+00   0.0000e+00   3.4802e+02
20260628_18:00:00   9.4747e-02   2.7413e+01   7.5964e+00   0.0000e+00   0.0000e+00   3.4834e+02
20260628_19:00:00   9.4008e-02   2.7229e+01   7.7801e+00   0.0000e+00   0.0000e+00   3.4740e+02
20260628_20:00:00   9.7807e-02   2.8167e+01   8.6081e+00   0.0000e+00   0.0000e+00   3.4830e+02
20260628_21:00:00   1.0268e-01   2.9393e+01   9.4967e+00   0.0000e+00   0.0000e+00   3.4775e+02
20260628_22:00:00   1.0954e-01   3.1093e+01   1.0683e+01   0.0000e+00   0.0000e+00   3.4674e+02
20260628_23:00:00   1.1602e-01   3.2688e+01   1.1743e+01   0.0000e+00   5.4161e-05   3.4528e+02
20260629_00:00:00   1.2312e-01   3.4376e+01   1.2487e+01   2.8320e-03   4.2784e-03   3.4691e+02
20260629_01:00:00   1.2350e-01   3.4478e+01   1.2560e+01   1.8716e-03   6.0034e-02   3.4920e+02
20260629_02:00:00   1.2601e-01   3.5083e+01   1.2957e+01   1.0604e-04   1.6001e-01   3.5224e+02
20260629_03:00:00   1.2816e-01   3.5699e+01   1.2917e+01   1.6018e-05   1.4292e-02   3.5447e+02
20260629_04:00:00   1.2450e-01   3.4861e+01   1.2143e+01   0.0000e+00   2.3500e-05   3.5729e+02
20260629_05:00:00   1.2327e-01   3.4546e+01   1.1997e+01   0.0000e+00   1.1746e-05   3.5968e+02
20260629_06:00:00   1.2016e-01   3.3764e+01   1.1578e+01   0.0000e+00   0.0000e+00   3.6048e+02
20260629_07:00:00   1.1496e-01   3.2487e+01   1.0711e+01   0.0000e+00   0.0000e+00   3.5734e+02
20260629_08:00:00   1.1090e-01   3.1481e+01   1.0048e+01   0.0000e+00   0.0000e+00   3.4988e+02
20260629_09:00:00   1.0838e-01   3.0863e+01   9.6422e+00   0.0000e+00   0.0000e+00   3.4502e+02
20260629_10:00:00   1.0684e-01   3.0480e+01   9.3890e+00   0.0000e+00   0.0000e+00   3.4527e+02
20260629_11:00:00   1.0594e-01   3.0252e+01   9.2321e+00   0.0000e+00   0.0000e+00   3.4820e+02
20260629_12:00:00   1.0565e-01   3.0172e+01   9.1603e+00   0.0000e+00   0.0000e+00   3.5086e+02
20260629_15:00:00   1.0195e-01   2.9303e+01   8.5975e+00   0.0000e+00   0.0000e+00   3.5021e+02
20260629_18:00:00   9.9550e-02   2.8880e+01   8.5533e+00   0.0000e+00   0.0000e+00   3.5023e+02
20260629_21:00:00   1.0493e-01   3.0303e+01   9.9661e+00   0.0000e+00   0.0000e+00   3.5401e+02
20260630_00:00:00   1.0286e-01   2.9838e+01   9.9291e+00   0.0000e+00   0.0000e+00   3.4850e+02
20260630_03:00:00   1.0649e-01   3.0747e+01   1.0375e+01   0.0000e+00   0.0000e+00   3.4889e+02
20260630_06:00:00   1.0753e-01   3.0958e+01   1.0263e+01   0.0000e+00   0.0000e+00   3.4355e+02
20260630_09:00:00   1.0497e-01   3.0307e+01   9.7032e+00   0.0000e+00   0.0000e+00   3.4396e+02
20260630_12:00:00   1.0425e-01   3.0081e+01   9.5303e+00   0.0000e+00   0.0000e+00   3.4636e+02
20260630_15:00:00   1.0033e-01   2.9132e+01   8.8396e+00   0.0000e+00   0.0000e+00   3.4588e+02
20260630_18:00:00   9.8129e-02   2.8687e+01   8.7586e+00   0.0000e+00   0.0000e+00   3.4192e+02
20260630_21:00:00   9.7854e-02   2.8605e+01   9.2083e+00   0.0000e+00   0.0000e+00   3.3828e+02
20260701_00:00:00   1.0165e-01   2.9590e+01   9.9556e+00   0.0000e+00   0.0000e+00   3.3082e+02
20260701_03:00:00   1.0798e-01   3.1217e+01   1.0691e+01   0.0000e+00   0.0000e+00   3.2496e+02
20260701_06:00:00   1.0988e-01   3.1580e+01   1.0521e+01   0.0000e+00   0.0000e+00   3.2665e+02
20260701_09:00:00   1.1331e-01   3.2310e+01   1.0981e+01   0.0000e+00   0.0000e+00   3.3342e+02
20260701_12:00:00   1.1378e-01   3.2334e+01   1.0845e+01   0.0000e+00   0.0000e+00   3.3078e+02
20260701_15:00:00   1.1086e-01   3.1680e+01   1.0289e+01   0.0000e+00   0.0000e+00   3.3142e+02
20260701_18:00:00   1.0979e-01   3.1556e+01   1.0452e+01   0.0000e+00   0.0000e+00   3.2654e+02
20260701_21:00:00   1.1575e-01   3.2994e+01   1.2094e+01   0.0000e+00   1.0224e-06   3.2693e+02
20260702_00:00:00   1.1761e-01   3.3452e+01   1.2544e+01   0.0000e+00   9.1519e-05   3.4417e+02
20260702_03:00:00   1.1047e-01   3.1736e+01   1.1215e+01   0.0000e+00   6.7420e-06   3.3688e+02
20260702_06:00:00   1.2270e-01   3.4777e+01   1.2518e+01   0.0000e+00   0.0000e+00   3.3233e+02
20260702_09:00:00   1.1840e-01   3.3690e+01   1.1792e+01   0.0000e+00   1.1427e-04   3.3643e+02
20260702_12:00:00   1.2125e-01   3.4316e+01   1.2224e+01   0.0000e+00   0.0000e+00   3.4116e+02
20260702_15:00:00   1.2428e-01   3.5078e+01   1.2710e+01   0.0000e+00   0.0000e+00   3.4388e+02
20260702_18:00:00   1.1469e-01   3.2833e+01   1.1557e+01   0.0000e+00   0.0000e+00   3.4458e+02
20260702_21:00:00   1.0531e-01   3.0431e+01   1.0649e+01   0.0000e+00   0.0000e+00   3.4336e+02
20260703_00:00:00   1.0157e-01   2.9522e+01   1.0153e+01   0.0000e+00   1.0468e-03   3.3894e+02
20260703_03:00:00   1.0664e-01   3.0853e+01   1.0802e+01   0.0000e+00   1.0447e-02   3.4099e+02
20260703_06:00:00   1.1574e-01   3.3085e+01   1.1978e+01   0.0000e+00   4.0127e-02   3.4166e+02
20260703_09:00:00   1.1808e-01   3.3640e+01   1.2167e+01   0.0000e+00   1.0470e-03   3.4330e+02
20260703_12:00:00   1.1209e-01   3.2167e+01   1.0896e+01   0.0000e+00   0.0000e+00   3.4437e+02
20260703_15:00:00   1.0760e-01   3.1096e+01   1.0170e+01   0.0000e+00   6.7420e-05   3.3850e+02
20260703_18:00:00   9.9423e-02   2.9142e+01   9.3482e+00   0.0000e+00   0.0000e+00   3.3066e+02
20260703_21:00:00   1.0134e-01   2.9646e+01   1.0179e+01   0.0000e+00   0.0000e+00   3.2671e+02
20260704_00:00:00   1.0384e-01   3.0280e+01   1.0910e+01   0.0000e+00   0.0000e+00   3.2213e+02
20260704_03:00:00   1.0980e-01   3.1877e+01   1.1585e+01   0.0000e+00   0.0000e+00   3.2159e+02
20260704_06:00:00   1.1394e-01   3.2906e+01   1.1799e+01   0.0000e+00   0.0000e+00   3.2064e+02
20260704_09:00:00   1.1724e-01   3.3668e+01   1.2211e+01   0.0000e+00   0.0000e+00   3.1818e+02
20260704_12:00:00   1.1676e-01   3.3513e+01   1.1977e+01   0.0000e+00   0.0000e+00   3.1793e+02
20260704_15:00:00   1.1518e-01   3.3142e+01   1.1567e+01   0.0000e+00   0.0000e+00   3.2050e+02
20260704_18:00:00   1.0697e-01   3.1196e+01   1.0530e+01   0.0000e+00   0.0000e+00   3.1884e+02
20260704_21:00:00   1.0251e-01   3.0064e+01   1.0325e+01   0.0000e+00   0.0000e+00   3.1705e+02
20260705_00:00:00   1.0497e-01   3.0670e+01   1.0945e+01   0.0000e+00   2.4540e-06   3.1514e+02
20260705_03:00:00   9.8792e-02   2.9111e+01   9.6883e+00   0.0000e+00   0.0000e+00   3.1893e+02
20260705_06:00:00   9.9060e-02   2.9147e+01   9.3828e+00   0.0000e+00   0.0000e+00   3.2306e+02
20260705_09:00:00   9.8694e-02   2.9025e+01   9.1935e+00   0.0000e+00   0.0000e+00   3.2323e+02
20260705_12:00:00   9.5004e-02   2.8079e+01   8.3749e+00   0.0000e+00   0.0000e+00   3.2407e+02
20260705_15:00:00   9.1995e-02   2.7365e+01   7.6394e+00   0.0000e+00   0.0000e+00   3.2205e+02
20260705_18:00:00   8.3063e-02   2.5067e+01   6.5442e+00   0.0000e+00   0.0000e+00   3.1985e+02
20260705_21:00:00   8.5270e-02   2.5696e+01   7.2474e+00   0.0000e+00   0.0000e+00   3.1940e+02
20260706_00:00:00   9.5618e-02   2.8389e+01   9.2896e+00   0.0000e+00   3.6878e-05   3.1560e+02
20260706_03:00:00   9.5366e-02   2.8322e+01   9.1285e+00   0.0000e+00   0.0000e+00   3.1331e+02
20260706_06:00:00   9.8313e-02   2.9116e+01   9.1725e+00   0.0000e+00   0.0000e+00   3.1155e+02
20260706_09:00:00   9.8793e-02   2.9209e+01   9.1708e+00   0.0000e+00   0.0000e+00   3.0992e+02
20260706_12:00:00   9.8590e-02   2.9122e+01   8.9298e+00   0.0000e+00   0.0000e+00   3.1027e+02
20260706_15:00:00   9.9436e-02   2.9358e+01   9.0329e+00   0.0000e+00   0.0000e+00   3.1092e+02
20260706_18:00:00   9.6057e-02   2.8572e+01   8.8125e+00   0.0000e+00   0.0000e+00   3.0918e+02
20260706_21:00:00   9.1132e-02   2.7305e+01   8.4421e+00   0.0000e+00   0.0000e+00   3.0999e+02
20260707_00:00:00   9.7750e-02   2.8981e+01   9.9310e+00   0.0000e+00   1.6360e-06   3.1092e+02
20260707_03:00:00   9.3055e-02   2.7732e+01   9.0724e+00   0.0000e+00   0.0000e+00   3.0859e+02
20260707_06:00:00   9.6032e-02   2.8503e+01   9.2342e+00   0.0000e+00   2.2984e-05   3.1085e+02
20260707_09:00:00   9.6104e-02   2.8495e+01   9.1948e+00   0.0000e+00   0.0000e+00   3.0759e+02
20260707_12:00:00   9.9742e-02   2.9341e+01   9.8910e+00   0.0000e+00   2.7980e-04   3.0767e+02
20260707_15:00:00   1.0271e-01   3.0096e+01   1.0305e+01   0.0000e+00   1.3243e-03   3.0911e+02
20260707_18:00:00   9.6199e-02   2.8520e+01   9.3827e+00   0.0000e+00   2.0440e-06   3.0881e+02
20260707_21:00:00   9.4327e-02   2.8087e+01   9.3987e+00   0.0000e+00   0.0000e+00   3.0910e+02
20260708_00:00:00   1.0155e-01   2.9985e+01   1.0862e+01   0.0000e+00   0.0000e+00   3.0812e+02
20260708_03:00:00   1.0990e-01   3.2201e+01   1.2076e+01   0.0000e+00   0.0000e+00   3.0462e+02
20260708_06:00:00   1.1008e-01   3.2221e+01   1.1662e+01   0.0000e+00   1.6196e-07   3.0228e+02
20260708_09:00:00   1.0867e-01   3.1832e+01   1.1386e+01   0.0000e+00   0.0000e+00   3.0230e+02
20260708_12:00:00   1.0775e-01   3.1563e+01   1.1113e+01   0.0000e+00   0.0000e+00   2.9997e+02
20260708_15:00:00   1.0915e-01   3.1932e+01   1.1241e+01   0.0000e+00   0.0000e+00   2.9930e+02
20260708_18:00:00   1.0690e-01   3.1435e+01   1.1159e+01   0.0000e+00   0.0000e+00   2.9686e+02
20260708_21:00:00   1.0800e-01   3.1789e+01   1.1660e+01   0.0000e+00   0.0000e+00   2.9370e+02
20260709_00:00:00   1.1573e-01   3.3781e+01   1.3190e+01   0.0000e+00   0.0000e+00   2.9478e+02
20260709_03:00:00   1.1964e-01   3.4832e+01   1.3529e+01   0.0000e+00   0.0000e+00   2.9174e+02
20260709_06:00:00   1.2329e-01   3.5626e+01   1.3685e+01   0.0000e+00   0.0000e+00   2.9298e+02
20260709_09:00:00   1.1795e-01   3.4280e+01   1.2586e+01   0.0000e+00   0.0000e+00   2.9373e+02
20260709_12:00:00   1.1490e-01   3.3463e+01   1.1850e+01   0.0000e+00   0.0000e+00   2.9534e+02
20260709_15:00:00   1.1075e-01   3.2419e+01   1.1197e+01   0.0000e+00   0.0000e+00   2.9694e+02
20260709_18:00:00   1.1153e-01   3.2673e+01   1.1792e+01   0.0000e+00   0.0000e+00   2.9770e+02
20260709_21:00:00   1.1328e-01   3.3091e+01   1.2564e+01   0.0000e+00   3.2720e-06   3.0210e+02
20260710_00:00:00   1.2305e-01   3.5563e+01   1.4421e+01   0.0000e+00   1.0070e-03   3.0323e+02
20260710_03:00:00   1.4830e-01   4.1857e+01   1.8278e+01   0.0000e+00   1.6852e-05   3.0506e+02
20260710_06:00:00   1.5396e-01   4.2990e+01   1.8860e+01   0.0000e+00   0.0000e+00   3.0649e+02
20260710_09:00:00   1.5574e-01   4.3228e+01   1.9104e+01   0.0000e+00   0.0000e+00   3.0342e+02
20260710_12:00:00   1.5787e-01   4.3684e+01   1.9222e+01   0.0000e+00   0.0000e+00   3.0293e+02
