#            date       tau255        Tb[K]      pwv[mm] lwp[kg*m^-2] iwp[kg*m^-2]       o3[DU]
20260428_00:00:00   1.0377e-01   2.8951e+01   8.2903e+00   2.7196e-05   6.7216e-03   3.9546e+02
20260428_01:00:00   1.0514e-01   2.9320e+01   8.4724e+00   8.0980e-07   7.3882e-03   3.9059e+02
20260428_02:00:00   1.0668e-01   2.9747e+01   8.6064e+00   0.0000e+00   2.0206e-03   3.9362e+02
20260428_03:00:00   1.1135e-01   3.0928e+01   9.1237e+00   6.3160e-06   3.6110e-04   4.0212e+02
20260428_04:00:00   1.1886e-01   3.2729e+01   1.0004e+01   2.9159e-06   3.0523e-03   4.0525e+02
20260428_05:00:00   1.2436e-01   3.4014e+01   1.0611e+01   3.4701e-05   1.6215e-02   4.0994e+02
20260428_06:00:00   1.2641e-01   3.4508e+01   1.0720e+01   2.1843e-04   1.8609e-02   4.1158e+02
20260428_07:00:00   1.2593e-01   3.4395e+01   1.0593e+01   2.1202e-04   9.5287e-03   4.0871e+02
20260428_08:00:00   1.2394e-01   3.3918e+01   1.0343e+01   1.1718e-05   5.1666e-03   4.0758e+02
20260428_09:00:00   1.2139e-01   3.3296e+01   9.9964e+00   2.8602e-05   2.4230e-03   4.0701e+02
20260428_10:00:00   1.2039e-01   3.3042e+01   9.8014e+00   3.5499e-04   8.2197e-04   4.0684e+02
20260428_11:00:00   1.1841e-01   3.2565e+01   9.5163e+00   3.7782e-04   5.7976e-04   4.0599e+02
20260428_12:00:00   1.1575e-01   3.1927e+01   9.1773e+00   1.6536e-04   8.5274e-04   4.0560e+02
20260428_13:00:00   1.1518e-01   3.1785e+01   9.0679e+00   2.8540e-04   5.9094e-04   4.0427e+02
20260428_14:00:00   1.1727e-01   3.2279e+01   9.2786e+00   4.3037e-04   8.2061e-04   4.0045e+02
20260428_15:00:00   1.1792e-01   3.2448e+01   9.3683e+00   4.3573e-04   5.9517e-04   3.9274e+02
20260428_16:00:00   1.2083e-01   3.3183e+01   9.6654e+00   1.1457e-03   9.0883e-04   3.8828e+02
20260428_17:00:00   1.2571e-01   3.4362e+01   1.0044e+01   3.9900e-03   1.3372e-03   3.8963e+02
20260428_18:00:00   1.2718e-01   3.4719e+01   1.0419e+01   3.9412e-03   6.3924e-03   3.9239e+02
20260428_19:00:00   1.2549e-01   3.4344e+01   1.0666e+01   1.9218e-03   7.7362e-03   3.9622e+02
20260428_20:00:00   1.2869e-01   3.5077e+01   1.1134e+01   3.8575e-03   9.3809e-03   4.0141e+02
20260428_21:00:00   1.3352e-01   3.6179e+01   1.1706e+01   6.0430e-03   3.5719e-02   4.0578e+02
20260428_22:00:00   1.4262e-01   3.8265e+01   1.2033e+01   1.3976e-02   5.7597e-02   4.0729e+02
20260428_23:00:00   1.3685e-01   3.7030e+01   1.2047e+01   7.3720e-03   6.4292e-02   4.0683e+02
20260429_00:00:00   1.3879e-01   3.7506e+01   1.2108e+01   8.6201e-03   9.6119e-02   4.0966e+02
20260429_01:00:00   1.4196e-01   3.8240e+01   1.2481e+01   8.7193e-03   1.3657e-01   4.0442e+02
20260429_02:00:00   1.9061e-01   4.9043e+01   1.4098e+01   4.6222e-02   4.9716e-01   4.0377e+02
20260429_03:00:00   1.7793e-01   4.6409e+01   1.6218e+01   4.3220e-03   4.5557e-01   4.0023e+02
20260429_04:00:00   1.7448e-01   4.5636e+01   1.6218e+01   2.7656e-04   2.5377e-01   3.9449e+02
20260429_05:00:00   1.6593e-01   4.3740e+01   1.5332e+01   5.7903e-04   1.1253e-01   3.8580e+02
20260429_06:00:00   1.5251e-01   4.0726e+01   1.4019e+01   9.4060e-05   1.6295e-03   3.7986e+02
20260429_07:00:00   1.4585e-01   3.9215e+01   1.3235e+01   4.7040e-05   4.3640e-04   3.7856e+02
20260429_08:00:00   1.4074e-01   3.8068e+01   1.2587e+01   0.0000e+00   4.0900e-07   3.7696e+02
20260429_09:00:00   1.3642e-01   3.7075e+01   1.2002e+01   0.0000e+00   0.0000e+00   3.7534e+02
20260429_10:00:00   1.3128e-01   3.5871e+01   1.1347e+01   0.0000e+00   0.0000e+00   3.7669e+02
20260429_11:00:00   1.2963e-01   3.5482e+01   1.1137e+01   0.0000e+00   0.0000e+00   3.7730e+02
20260429_12:00:00   1.2958e-01   3.5453e+01   1.1170e+01   0.0000e+00   0.0000e+00   3.7655e+02
20260429_13:00:00   1.2921e-01   3.5344e+01   1.1167e+01   0.0000e+00   0.0000e+00   3.7756e+02
20260429_14:00:00   1.2788e-01   3.5031e+01   1.1079e+01   0.0000e+00   0.0000e+00   3.7509e+02
20260429_15:00:00   1.2647e-01   3.4703e+01   1.1025e+01   0.0000e+00   0.0000e+00   3.7413e+02
20260429_16:00:00   1.2435e-01   3.4215e+01   1.0876e+01   0.0000e+00   0.0000e+00   3.7220e+02
20260429_17:00:00   1.2321e-01   3.3982e+01   1.0818e+01   0.0000e+00   0.0000e+00   3.6495e+02
20260429_18:00:00   1.2243e-01   3.3830e+01   1.0829e+01   0.0000e+00   0.0000e+00   3.6111e+02
20260429_19:00:00   1.2170e-01   3.3678e+01   1.0860e+01   0.0000e+00   1.7436e-05   3.6171e+02
20260429_20:00:00   1.2016e-01   3.3334e+01   1.0789e+01   1.1034e-05   8.4421e-05   3.6113e+02
20260429_21:00:00   1.2028e-01   3.3374e+01   1.0937e+01   4.3215e-05   9.2987e-04   3.6411e+02
20260429_22:00:00   1.2100e-01   3.3561e+01   1.1078e+01   5.3021e-04   5.9436e-03   3.6872e+02
20260429_23:00:00   1.2322e-01   3.4089e+01   1.1453e+01   3.1385e-04   1.5943e-02   3.7218e+02
20260430_00:00:00   1.2979e-01   3.5634e+01   1.1752e+01   5.4397e-03   3.1738e-02   3.7358e+02
20260430_01:00:00   1.2700e-01   3.5064e+01   1.1831e+01   1.0587e-03   2.0453e-02   3.7243e+02
20260430_02:00:00   1.3148e-01   3.6194e+01   1.2338e+01   4.1545e-04   5.6211e-03   3.6984e+02
20260430_03:00:00   1.4217e-01   3.8700e+01   1.3225e+01   2.7537e-03   3.6562e-02   3.6860e+02
20260430_04:00:00   1.4149e-01   3.8532e+01   1.3349e+01   6.4780e-06   1.3567e-02   3.7009e+02
20260430_05:00:00   1.3994e-01   3.8149e+01   1.3172e+01   0.0000e+00   1.2522e-02   3.6774e+02
20260430_06:00:00   1.3613e-01   3.7248e+01   1.2682e+01   0.0000e+00   1.0023e-02   3.6787e+02
20260430_07:00:00   1.3161e-01   3.6174e+01   1.2069e+01   0.0000e+00   5.7031e-03   3.6794e+02
20260430_08:00:00   1.2703e-01   3.5086e+01   1.1462e+01   0.0000e+00   1.5505e-04   3.6607e+02
20260430_09:00:00   1.2749e-01   3.5167e+01   1.1536e+01   0.0000e+00   1.5504e-04   3.6424e+02
20260430_10:00:00   1.2941e-01   3.5611e+01   1.1737e+01   0.0000e+00   1.6853e-05   3.5827e+02
20260430_11:00:00   1.2930e-01   3.5560e+01   1.1657e+01   0.0000e+00   3.3700e-06   3.5483e+02
20260430_12:00:00   1.2521e-01   3.4560e+01   1.1101e+01   0.0000e+00   3.3700e-06   3.5358e+02
20260430_13:00:00   1.2098e-01   3.3516e+01   1.0539e+01   0.0000e+00   0.0000e+00   3.5347e+02
20260430_14:00:00   1.1939e-01   3.3114e+01   1.0311e+01   0.0000e+00   0.0000e+00   3.5330e+02
20260430_15:00:00   1.1699e-01   3.2527e+01   1.0036e+01   0.0000e+00   1.6852e-04   3.5206e+02
20260430_16:00:00   1.1528e-01   3.2138e+01   9.8246e+00   0.0000e+00   2.6961e-05   3.4962e+02
20260430_17:00:00   1.1319e-01   3.1657e+01   9.5935e+00   0.0000e+00   1.4830e-04   3.4768e+02
20260430_18:00:00   1.1107e-01   3.1153e+01   9.4056e+00   0.0000e+00   1.8656e-04   3.4721e+02
20260430_19:00:00   1.0980e-01   3.0850e+01   9.3618e+00   1.1500e-05   3.9476e-04   3.4682e+02
20260430_20:00:00   1.0902e-01   3.0668e+01   9.3967e+00   3.7540e-05   1.5076e-03   3.4655e+02
20260430_21:00:00   1.0744e-01   3.0295e+01   9.3085e+00   1.9862e-05   3.2531e-03   3.4989e+02
20260430_22:00:00   1.0760e-01   3.0312e+01   9.5157e+00   7.8544e-05   6.1211e-03   3.5423e+02
20260430_23:00:00   1.0900e-01   3.0640e+01   9.9060e+00   0.0000e+00   1.0669e-02   3.5591e+02
20260501_00:00:00   1.1367e-01   3.1787e+01   1.0463e+01   1.3882e-03   1.4813e-02   3.5724e+02
20260501_01:00:00   1.1518e-01   3.2234e+01   1.0738e+01   2.2500e-04   2.0032e-03   3.5654e+02
20260501_02:00:00   1.1573e-01   3.2378e+01   1.0747e+01   0.0000e+00   3.4521e-03   3.5672e+02
20260501_03:00:00   1.1264e-01   3.1609e+01   1.0156e+01   1.8222e-05   1.2062e-02   3.5781e+02
20260501_04:00:00   1.1065e-01   3.1115e+01   9.7385e+00   4.0900e-06   1.1554e-04   3.5401e+02
20260501_05:00:00   1.0741e-01   3.0339e+01   9.0894e+00   0.0000e+00   8.1800e-07   3.5354e+02
20260501_06:00:00   1.0528e-01   2.9808e+01   8.6538e+00   0.0000e+00   0.0000e+00   3.5089e+02
20260501_07:00:00   1.0706e-01   3.0208e+01   8.8594e+00   0.0000e+00   8.1800e-07   3.4708e+02
20260501_08:00:00   1.0792e-01   3.0400e+01   8.9270e+00   0.0000e+00   2.4540e-06   3.4333e+02
20260501_09:00:00   1.0834e-01   3.0497e+01   8.9111e+00   0.0000e+00   2.4540e-06   3.3947e+02
20260501_10:00:00   1.0944e-01   3.0755e+01   9.0154e+00   0.0000e+00   0.0000e+00   3.3397e+02
20260501_11:00:00   1.0916e-01   3.0689e+01   8.9336e+00   0.0000e+00   0.0000e+00   3.3278e+02
20260501_12:00:00   1.0903e-01   3.0660e+01   8.8849e+00   0.0000e+00   0.0000e+00   3.3032e+02
20260501_13:00:00   1.0694e-01   3.0163e+01   8.5716e+00   0.0000e+00   0.0000e+00   3.2762e+02
20260501_14:00:00   1.0377e-01   2.9418e+01   8.0368e+00   0.0000e+00   0.0000e+00   3.2834e+02
20260501_15:00:00   1.0081e-01   2.8721e+01   7.6254e+00   0.0000e+00   0.0000e+00   3.2762e+02
20260501_16:00:00   9.7064e-02   2.7833e+01   7.1174e+00   0.0000e+00   0.0000e+00   3.2630e+02
20260501_17:00:00   9.3956e-02   2.7090e+01   6.7338e+00   0.0000e+00   0.0000e+00   3.2751e+02
20260501_18:00:00   9.0906e-02   2.6355e+01   6.3950e+00   0.0000e+00   0.0000e+00   3.2882e+02
20260501_19:00:00   9.0229e-02   2.6195e+01   6.4469e+00   0.0000e+00   1.0472e-05   3.2855e+02
20260501_20:00:00   8.7736e-02   2.5591e+01   6.2070e+00   0.0000e+00   4.0240e-05   3.2726e+02
20260501_21:00:00   8.5146e-02   2.4961e+01   5.9284e+00   0.0000e+00   5.8820e-05   3.2555e+02
20260501_22:00:00   8.3128e-02   2.4460e+01   5.7345e+00   0.0000e+00   5.8859e-05   3.2651e+02
20260501_23:00:00   8.2101e-02   2.4200e+01   5.6750e+00   0.0000e+00   1.4808e-04   3.2771e+02
20260502_00:00:00   8.1273e-02   2.3988e+01   5.6160e+00   0.0000e+00   1.9204e-03   3.2980e+02
20260502_01:00:00   8.1612e-02   2.4071e+01   5.7192e+00   0.0000e+00   5.0064e-03   3.3312e+02
20260502_02:00:00   8.4033e-02   2.4691e+01   6.1182e+00   0.0000e+00   1.0829e-02   3.3258e+02
20260502_03:00:00   8.8334e-02   2.5795e+01   6.7679e+00   0.0000e+00   1.6291e-02   3.3007e+02
20260502_04:00:00   9.6661e-02   2.7923e+01   7.9288e+00   0.0000e+00   1.5854e-02   3.3164e+02
20260502_05:00:00   1.0074e-01   2.8971e+01   8.3827e+00   0.0000e+00   1.5303e-02   3.3250e+02
20260502_06:00:00   1.0243e-01   2.9399e+01   8.5429e+00   0.0000e+00   1.0273e-02   3.3451e+02
20260502_07:00:00   1.0285e-01   2.9496e+01   8.5428e+00   0.0000e+00   4.4886e-03   3.3542e+02
20260502_08:00:00   1.0170e-01   2.9189e+01   8.3531e+00   0.0000e+00   6.4358e-03   3.3496e+02
20260502_09:00:00   9.9736e-02   2.8680e+01   8.0414e+00   0.0000e+00   4.2648e-03   3.3683e+02
20260502_10:00:00   9.8520e-02   2.8356e+01   7.8465e+00   0.0000e+00   3.0589e-03   3.3835e+02
20260502_11:00:00   9.9224e-02   2.8511e+01   7.9493e+00   0.0000e+00   1.8809e-03   3.3954e+02
20260502_12:00:00   1.0138e-01   2.9029e+01   8.2646e+00   0.0000e+00   1.7739e-03   3.4479e+02
20260502_13:00:00   1.0286e-01   2.9375e+01   8.4837e+00   0.0000e+00   5.0197e-03   3.4827e+02
20260502_14:00:00   1.0362e-01   2.9539e+01   8.5985e+00   0.0000e+00   9.3738e-03   3.5456e+02
20260502_15:00:00   1.0265e-01   2.9298e+01   8.5260e+00   0.0000e+00   6.9120e-03   3.5781e+02
20260502_16:00:00   9.9569e-02   2.8495e+01   8.2341e+00   0.0000e+00   4.4140e-03   3.6043e+02
20260502_17:00:00   9.9339e-02   2.8424e+01   8.3343e+00   0.0000e+00   2.5938e-03   3.6239e+02
20260502_18:00:00   1.0193e-01   2.9057e+01   8.8441e+00   0.0000e+00   6.2075e-03   3.5928e+02
20260502_19:00:00   1.0556e-01   2.9940e+01   9.5267e+00   0.0000e+00   5.4698e-03   3.6038e+02
20260502_20:00:00   1.0483e-01   2.9731e+01   9.5273e+00   2.4540e-05   3.8008e-02   3.6348e+02
20260502_21:00:00   1.0415e-01   2.9559e+01   9.4995e+00   5.9457e-05   1.3571e-02   3.6935e+02
20260502_22:00:00   1.0637e-01   3.0106e+01   9.8844e+00   1.0886e-04   1.1633e-02   3.7299e+02
20260502_23:00:00   1.1401e-01   3.1977e+01   1.1020e+01   4.5193e-04   3.9692e-02   3.7507e+02
20260503_00:00:00   1.2603e-01   3.4886e+01   1.2776e+01   6.3728e-04   7.7722e-02   3.7642e+02
20260503_03:00:00   1.4315e-01   3.9248e+01   1.4846e+01   8.7060e-05   8.7864e-06   3.6487e+02
20260503_06:00:00   1.2728e-01   3.5567e+01   1.1647e+01   0.0000e+00   2.2800e-03   3.6772e+02
20260503_09:00:00   1.1197e-01   3.1648e+01   9.8165e+00   0.0000e+00   2.2804e-03   3.6642e+02
20260503_12:00:00   1.0197e-01   2.8969e+01   8.5038e+00   0.0000e+00   4.7185e-03   3.6532e+02
20260503_15:00:00   1.1429e-01   3.1778e+01   1.0674e+01   0.0000e+00   1.0461e-01   3.6765e+02
20260503_18:00:00   1.2541e-01   3.4558e+01   1.2349e+01   0.0000e+00   7.5272e-02   3.7537e+02
20260503_21:00:00   1.0990e-01   3.0815e+01   1.0210e+01   1.2384e-04   1.2310e-02   3.9540e+02
20260504_00:00:00   9.9752e-02   2.8389e+01   8.6509e+00   0.0000e+00   4.3114e-03   3.8772e+02
20260504_03:00:00   1.0289e-01   2.9172e+01   9.0078e+00   8.1800e-07   2.6521e-03   3.7625e+02
20260504_06:00:00   9.6183e-02   2.7594e+01   7.5207e+00   0.0000e+00   0.0000e+00   3.7559e+02
20260504_09:00:00   9.5704e-02   2.7454e+01   7.2137e+00   0.0000e+00   0.0000e+00   3.6939e+02
20260504_12:00:00   1.0336e-01   2.9263e+01   8.1401e+00   1.2544e-04   3.8880e-07   3.6804e+02
20260504_15:00:00   1.0901e-01   3.0639e+01   8.7722e+00   4.7216e-05   2.5918e-07   3.6605e+02
20260504_18:00:00   1.0310e-01   2.9139e+01   8.3908e+00   0.0000e+00   1.0660e-04   3.6397e+02
20260504_21:00:00   1.1548e-01   3.2027e+01   1.0494e+01   4.5538e-04   3.0372e-02   3.6421e+02
20260505_00:00:00   1.1051e-01   3.0930e+01   9.9127e+00   1.1372e-05   4.7785e-04   3.7027e+02
20260505_03:00:00   1.1482e-01   3.1995e+01   1.0275e+01   3.8709e-04   1.5731e-04   3.8362e+02
20260505_06:00:00   1.2928e-01   3.5310e+01   1.1656e+01   4.3662e-04   1.4010e-04   3.8842e+02
20260505_09:00:00   1.3969e-01   3.7636e+01   1.2678e+01   3.3466e-04   8.0281e-03   3.8268e+02
20260505_12:00:00   1.5323e-01   4.0637e+01   1.3895e+01   2.8118e-04   5.5249e-02   3.9239e+02
20260505_15:00:00   1.6883e-01   4.4098e+01   1.4578e+01   9.7559e-03   1.3119e-01   4.0403e+02
20260505_18:00:00   1.5546e-01   4.1020e+01   1.3650e+01   4.5799e-03   8.4190e-02   3.9831e+02
20260505_21:00:00   1.4016e-01   3.7619e+01   1.2805e+01   3.6384e-04   5.6184e-02   4.0155e+02
20260506_00:00:00   1.3455e-01   3.6405e+01   1.2418e+01   6.4779e-06   9.2156e-03   4.0682e+02
20260506_03:00:00   1.1924e-01   3.2923e+01   1.0136e+01   8.0980e-06   2.6079e-06   4.1098e+02
20260506_06:00:00   1.2015e-01   3.3185e+01   1.0120e+01   0.0000e+00   0.0000e+00   4.1140e+02
20260506_09:00:00   1.1875e-01   3.2849e+01   9.8535e+00   0.0000e+00   0.0000e+00   3.9861e+02
20260506_12:00:00   1.1438e-01   3.1784e+01   9.2319e+00   0.0000e+00   0.0000e+00   3.7951e+02
20260506_15:00:00   1.0855e-01   3.0480e+01   8.4714e+00   0.0000e+00   0.0000e+00   3.7398e+02
20260506_18:00:00   1.0326e-01   2.9335e+01   8.1141e+00   0.0000e+00   0.0000e+00   3.7678e+02
20260506_21:00:00   1.0008e-01   2.8605e+01   8.2456e+00   0.0000e+00   6.8946e-05   3.6816e+02
20260507_00:00:00   1.1198e-01   3.1504e+01   1.0496e+01   1.5336e-05   1.7334e-03   3.5883e+02
20260507_03:00:00   1.2023e-01   3.3552e+01   1.1680e+01   3.7260e-06   1.9490e-04   3.4987e+02
20260507_06:00:00   1.2843e-01   3.5588e+01   1.2597e+01   0.0000e+00   2.0165e-04   3.4313e+02
20260507_09:00:00   1.3351e-01   3.6745e+01   1.3134e+01   0.0000e+00   1.5688e-03   3.4188e+02
20260507_12:00:00   1.3130e-01   3.6178e+01   1.2722e+01   0.0000e+00   2.2570e-04   3.3823e+02
20260507_15:00:00   1.3215e-01   3.6377e+01   1.2885e+01   0.0000e+00   5.3720e-04   3.3297e+02
20260507_18:00:00   1.3482e-01   3.6973e+01   1.3781e+01   0.0000e+00   6.6479e-02   3.3548e+02
20260507_21:00:00   1.6618e-01   4.4065e+01   1.6073e+01   1.7806e-02   2.9594e-01   3.4530e+02
20260508_00:00:00   1.5215e-01   4.1020e+01   1.6229e+01   0.0000e+00   7.8225e-02   3.5135e+02
20260508_03:00:00   1.3576e-01   3.7260e+01   1.3858e+01   0.0000e+00   0.0000e+00   3.4688e+02
20260508_06:00:00   1.3726e-01   3.7545e+01   1.4043e+01   0.0000e+00   1.8834e-03   3.4822e+02
20260508_09:00:00   1.3362e-01   3.6588e+01   1.3480e+01   6.9560e-05   4.9343e-03   3.5143e+02
20260508_12:00:00   1.3539e-01   3.6920e+01   1.3600e+01   6.3420e-05   2.3735e-02   3.5231e+02
20260508_15:00:00   1.2979e-01   3.5625e+01   1.2800e+01   0.0000e+00   1.8261e-03   3.5145e+02
20260508_18:00:00   1.3002e-01   3.5843e+01   1.2953e+01   4.0209e-04   1.5245e-03   3.4684e+02
20260508_21:00:00   1.4273e-01   3.9057e+01   1.4957e+01   1.1370e-03   1.6672e-03   3.4548e+02
20260509_00:00:00   1.4429e-01   3.9482e+01   1.5234e+01   1.3057e-03   3.3475e-03   3.4416e+02
20260509_03:00:00   1.4433e-01   3.9383e+01   1.5200e+01   1.6113e-04   2.0971e-03   3.4281e+02
20260509_06:00:00   1.4858e-01   4.0263e+01   1.5678e+01   9.0121e-05   4.1321e-04   3.3963e+02
20260509_09:00:00   1.5066e-01   4.0650e+01   1.5696e+01   1.4852e-04   2.7394e-05   3.3897e+02
20260509_12:00:00   1.5299e-01   4.1118e+01   1.5795e+01   9.5284e-05   9.1357e-04   3.3441e+02
20260509_15:00:00   1.6328e-01   4.3447e+01   1.6830e+01   5.6487e-04   2.8847e-02   3.3809e+02
20260509_18:00:00   2.3665e-01   5.9584e+01   1.9011e+01   5.1193e-02   3.7286e-01   3.5254e+02
20260509_21:00:00   1.1397e-01   3.1755e+01   9.7912e+00   8.6446e-04   2.8967e-03   3.7894e+02
20260510_00:00:00   1.0244e-01   2.8859e+01   8.4459e+00   5.8688e-05   3.3635e-04   4.0541e+02
20260510_03:00:00   1.1375e-01   3.1481e+01   9.7573e+00   8.0823e-05   2.3360e-03   4.2057e+02
20260510_06:00:00   1.2204e-01   3.3326e+01   1.0699e+01   1.1184e-04   1.6375e-03   4.0590e+02
20260510_09:00:00   1.2836e-01   3.4713e+01   1.1439e+01   0.0000e+00   7.3429e-02   4.0604e+02
20260510_12:00:00   1.3063e-01   3.5228e+01   1.1457e+01   0.0000e+00   5.1721e-03   3.9761e+02
20260510_15:00:00   1.2183e-01   3.3341e+01   1.0069e+01   1.2229e-05   1.8141e-06   3.9208e+02
20260510_18:00:00   1.0429e-01   2.9363e+01   8.0180e+00   1.6196e-07   0.0000e+00   3.7447e+02
20260510_21:00:00   8.9781e-02   2.5915e+01   6.5906e+00   1.5282e-04   0.0000e+00   3.6150e+02
20260511_00:00:00   1.0355e-01   2.9412e+01   8.8971e+00   1.1224e-04   1.9436e-07   3.5668e+02
20260511_03:00:00   1.2122e-01   3.3831e+01   1.1007e+01   0.0000e+00   1.2270e-06   3.5418e+02
20260511_06:00:00   1.1797e-01   3.3014e+01   1.0147e+01   0.0000e+00   0.0000e+00   3.4646e+02
20260511_09:00:00   1.0298e-01   2.9255e+01   7.9649e+00   0.0000e+00   0.0000e+00   3.4639e+02
20260511_12:00:00   9.8893e-02   2.8191e+01   7.4965e+00   0.0000e+00   0.0000e+00   3.4223e+02
20260511_15:00:00   9.6294e-02   2.7531e+01   7.3548e+00   0.0000e+00   0.0000e+00   3.3587e+02
20260511_18:00:00   9.6328e-02   2.7598e+01   7.8353e+00   0.0000e+00   0.0000e+00   3.3152e+02
20260511_21:00:00   9.8780e-02   2.8322e+01   8.4851e+00   1.1305e-03   0.0000e+00   3.2514e+02
20260512_00:00:00   1.0594e-01   3.0185e+01   9.9508e+00   3.6358e-04   0.0000e+00   3.2414e+02
20260512_03:00:00   1.1534e-01   3.2541e+01   1.1421e+01   0.0000e+00   0.0000e+00   3.2177e+02
20260512_06:00:00   1.1932e-01   3.3491e+01   1.1819e+01   0.0000e+00   0.0000e+00   3.2674e+02
20260512_09:00:00   1.1678e-01   3.2846e+01   1.1224e+01   0.0000e+00   0.0000e+00   3.2802e+02
20260512_12:00:00   1.1634e-01   3.2709e+01   1.0919e+01   0.0000e+00   0.0000e+00   3.3101e+02
20260512_15:00:00   1.1132e-01   3.1477e+01   1.0116e+01   0.0000e+00   7.3217e-06   3.3171e+02
20260512_18:00:00   1.0617e-01   3.0288e+01   9.5523e+00   0.0000e+00   1.7676e-05   3.3328e+02
20260512_21:00:00   1.0843e-01   3.0942e+01   1.0189e+01   0.0000e+00   0.0000e+00   3.3479e+02
20260513_00:00:00   1.1392e-01   3.2261e+01   1.1517e+01   0.0000e+00   1.4683e-02   3.3589e+02
20260513_03:00:00   1.1977e-01   3.3907e+01   1.1872e+01   0.0000e+00   5.1577e-04   3.4711e+02
20260513_06:00:00   1.2879e-01   3.6216e+01   1.2744e+01   0.0000e+00   0.0000e+00   3.4946e+02
20260513_09:00:00   1.2022e-01   3.3986e+01   1.1559e+01   0.0000e+00   0.0000e+00   3.4618e+02
20260513_12:00:00   1.0135e-01   2.9165e+01   8.9273e+00   0.0000e+00   0.0000e+00   3.4345e+02
20260513_15:00:00   9.6381e-02   2.7910e+01   8.2903e+00   0.0000e+00   1.0472e-05   3.4343e+02
20260513_18:00:00   9.4162e-02   2.7374e+01   8.3453e+00   0.0000e+00   2.7500e-06   3.4321e+02
20260513_21:00:00   1.0352e-01   2.9725e+01   1.0348e+01   0.0000e+00   0.0000e+00   3.3895e+02
20260514_00:00:00   1.1932e-01   3.3712e+01   1.3036e+01   0.0000e+00   9.7519e-04   3.3809e+02
