#            date       tau255        Tb[K]      pwv[mm] lwp[kg*m^-2] iwp[kg*m^-2]       o3[DU]
20260412_06:00:00   1.2077e-01   3.3065e+01   1.0416e+01   1.2686e-04   1.8580e-02   3.7227e+02
20260412_07:00:00   1.2133e-01   3.3215e+01   1.0361e+01   5.0475e-05   4.5349e-03   3.7548e+02
20260412_08:00:00   1.2111e-01   3.3102e+01   1.0367e+01   4.5671e-05   2.9295e-02   3.7498e+02
20260412_09:00:00   1.2381e-01   3.3709e+01   1.0664e+01   9.6378e-05   4.6649e-02   3.7518e+02
20260412_10:00:00   1.3508e-01   3.6273e+01   1.1945e+01   8.0980e-07   1.2996e-01   3.8132e+02
20260412_11:00:00   1.5499e-01   4.0713e+01   1.3725e+01   1.0830e-04   3.9439e-01   3.9633e+02
20260412_12:00:00   1.8738e-01   4.7947e+01   1.3474e+01   3.6738e-02   4.3911e-01   4.0233e+02
20260412_13:00:00   1.7492e-01   4.5418e+01   1.0936e+01   4.6481e-02   2.2468e-02   3.9696e+02
20260412_14:00:00   1.1517e-01   3.1393e+01   8.7655e+00   0.0000e+00   4.6661e-04   3.8903e+02
20260412_15:00:00   1.0047e-01   2.7848e+01   7.0923e+00   0.0000e+00   1.4642e-05   3.8795e+02
20260412_16:00:00   9.2536e-02   2.5892e+01   6.1971e+00   9.7180e-07   1.7437e-05   3.9550e+02
20260412_17:00:00   9.0805e-02   2.5468e+01   6.0092e+00   1.9436e-05   2.6245e-04   4.0144e+02
20260412_18:00:00   9.1146e-02   2.5559e+01   6.1467e+00   1.6196e-07   1.8499e-04   4.0082e+02
20260412_19:00:00   9.0210e-02   2.5352e+01   6.1309e+00   4.0500e-07   5.0568e-04   4.0139e+02
20260412_20:00:00   8.9742e-02   2.5250e+01   6.1080e+00   2.5304e-05   4.5669e-03   4.0023e+02
20260412_21:00:00   9.2010e-02   2.5811e+01   6.3772e+00   6.4780e-07   8.7426e-03   4.0493e+02
20260412_22:00:00   9.6903e-02   2.7011e+01   7.0354e+00   0.0000e+00   4.6860e-03   4.0588e+02
20260412_23:00:00   9.8984e-02   2.7557e+01   7.3066e+00   1.2958e-06   7.5317e-03   4.0389e+02
20260413_00:00:00   9.9552e-02   2.7724e+01   7.3843e+00   2.9640e-05   4.7566e-03   3.9642e+02
20260413_01:00:00   1.0044e-01   2.7960e+01   7.5008e+00   1.0528e-06   3.5413e-04   3.9487e+02
20260413_02:00:00   1.0059e-01   2.8011e+01   7.4811e+00   1.7816e-06   1.9442e-04   3.9853e+02
20260413_03:00:00   9.8093e-02   2.7408e+01   7.0826e+00   1.4496e-05   2.7178e-04   3.9507e+02
20260413_04:00:00   9.6187e-02   2.6940e+01   6.7186e+00   3.8878e-06   6.9777e-05   3.9383e+02
20260413_05:00:00   9.4687e-02   2.6566e+01   6.4175e+00   2.3480e-06   2.3585e-05   3.9399e+02
20260413_06:00:00   9.4197e-02   2.6422e+01   6.2865e+00   8.3420e-06   1.3711e-05   3.9441e+02
20260413_07:00:00   9.3863e-02   2.6314e+01   6.2225e+00   1.0528e-06   2.7856e-06   3.9186e+02
20260413_08:00:00   9.3987e-02   2.6316e+01   6.2584e+00   0.0000e+00   6.4780e-07   3.8816e+02
20260413_09:00:00   9.4656e-02   2.6447e+01   6.3723e+00   0.0000e+00   2.2680e-07   3.8475e+02
20260413_10:00:00   9.6006e-02   2.6759e+01   6.5383e+00   0.0000e+00   0.0000e+00   3.8374e+02
20260413_11:00:00   9.8357e-02   2.7309e+01   6.8081e+00   0.0000e+00   0.0000e+00   3.8025e+02
20260413_12:00:00   1.0100e-01   2.7918e+01   7.1320e+00   0.0000e+00   0.0000e+00   3.8246e+02
20260413_13:00:00   1.0288e-01   2.8335e+01   7.3873e+00   0.0000e+00   0.0000e+00   3.8221e+02
20260413_14:00:00   1.0502e-01   2.8813e+01   7.6834e+00   0.0000e+00   1.8114e-05   3.7959e+02
20260413_15:00:00   1.0906e-01   2.9783e+01   8.2199e+00   0.0000e+00   4.9804e-04   3.7725e+02
20260413_16:00:00   1.1322e-01   3.0778e+01   8.6792e+00   5.8140e-04   7.2983e-03   3.7706e+02
20260413_17:00:00   1.1622e-01   3.1506e+01   9.0994e+00   3.7042e-04   1.5127e-02   3.7961e+02
20260413_18:00:00   1.1767e-01   3.1874e+01   9.3715e+00   2.4322e-04   1.5373e-02   3.8182e+02
20260413_19:00:00   1.1738e-01   3.1833e+01   9.4794e+00   7.9140e-06   1.3593e-02   3.8598e+02
20260413_20:00:00   1.1622e-01   3.1582e+01   9.4486e+00   1.5904e-05   3.8486e-02   3.9097e+02
20260413_21:00:00   1.1599e-01   3.1545e+01   9.4647e+00   1.1832e-04   1.1139e-01   3.9954e+02
20260413_22:00:00   1.1960e-01   3.2423e+01   9.8979e+00   8.4104e-05   1.9694e-01   4.0627e+02
20260413_23:00:00   1.2498e-01   3.3695e+01   1.0504e+01   6.6184e-05   2.5424e-01   4.0691e+02
20260414_00:00:00   1.2286e-01   3.3213e+01   1.0313e+01   1.4138e-04   1.3366e-01   3.9997e+02
20260414_01:00:00   1.1434e-01   3.1230e+01   9.4136e+00   0.0000e+00   1.5823e-02   3.9503e+02
20260414_02:00:00   1.1207e-01   3.0705e+01   9.1393e+00   0.0000e+00   7.1451e-03   3.9177e+02
20260414_03:00:00   1.1031e-01   3.0269e+01   8.8594e+00   0.0000e+00   1.5919e-02   3.8977e+02
20260414_04:00:00   1.0976e-01   3.0135e+01   8.6957e+00   4.3005e-05   3.8188e-03   3.8911e+02
20260414_05:00:00   1.0827e-01   2.9790e+01   8.4855e+00   0.0000e+00   1.2682e-03   3.9222e+02
20260414_06:00:00   1.0029e-01   2.7901e+01   7.3491e+00   0.0000e+00   2.9940e-07   3.9205e+02
20260414_07:00:00   9.4780e-02   2.6582e+01   6.5106e+00   0.0000e+00   0.0000e+00   3.9056e+02
20260414_08:00:00   9.3315e-02   2.6239e+01   6.2177e+00   0.0000e+00   0.0000e+00   3.8713e+02
20260414_09:00:00   9.2180e-02   2.5957e+01   6.0070e+00   0.0000e+00   0.0000e+00   3.8580e+02
20260414_10:00:00   9.2494e-02   2.6009e+01   6.1431e+00   0.0000e+00   0.0000e+00   3.8154e+02
20260414_11:00:00   9.3161e-02   2.6159e+01   6.3287e+00   0.0000e+00   1.0224e-06   3.8153e+02
20260414_12:00:00   9.1991e-02   2.5879e+01   6.1601e+00   0.0000e+00   1.1844e-06   3.7899e+02
20260414_13:00:00   9.1018e-02   2.5629e+01   6.0592e+00   0.0000e+00   0.0000e+00   3.7389e+02
20260414_14:00:00   9.0901e-02   2.5596e+01   6.1110e+00   0.0000e+00   0.0000e+00   3.7146e+02
20260414_15:00:00   9.0238e-02   2.5487e+01   6.0047e+00   0.0000e+00   0.0000e+00   3.7412e+02
20260414_16:00:00   8.9903e-02   2.5418e+01   6.0570e+00   0.0000e+00   0.0000e+00   3.7654e+02
20260414_17:00:00   8.9926e-02   2.5441e+01   6.1589e+00   0.0000e+00   0.0000e+00   3.8080e+02
20260414_18:00:00   8.9309e-02   2.5314e+01   6.1758e+00   0.0000e+00   3.6604e-05   3.8418e+02
20260414_19:00:00   9.0106e-02   2.5521e+01   6.4229e+00   4.8600e-06   1.8660e-03   3.8470e+02
20260414_20:00:00   9.0574e-02   2.5657e+01   6.5996e+00   3.2883e-05   4.0635e-03   3.8217e+02
20260414_21:00:00   9.1270e-02   2.5850e+01   6.8023e+00   4.3677e-05   8.8577e-04   3.8502e+02
20260414_22:00:00   9.2686e-02   2.6226e+01   7.0979e+00   7.2060e-05   5.3516e-04   3.8417e+02
20260414_23:00:00   9.4754e-02   2.6772e+01   7.4636e+00   4.2150e-05   4.4079e-05   3.8421e+02
20260415_00:00:00   9.7273e-02   2.7427e+01   7.8559e+00   3.4496e-05   9.0697e-07   3.8357e+02
20260415_01:00:00   9.9467e-02   2.8001e+01   8.1599e+00   5.7500e-06   1.2958e-07   3.8040e+02
20260415_02:00:00   1.0156e-01   2.8571e+01   8.4016e+00   0.0000e+00   6.4780e-08   3.8335e+02
20260415_03:00:00   1.0391e-01   2.9184e+01   8.6604e+00   0.0000e+00   6.4780e-08   3.8278e+02
20260415_04:00:00   1.0647e-01   2.9847e+01   8.9505e+00   0.0000e+00   0.0000e+00   3.7760e+02
20260415_05:00:00   1.0889e-01   3.0449e+01   9.2321e+00   0.0000e+00   0.0000e+00   3.7797e+02
20260415_06:00:00   1.0948e-01   3.0579e+01   9.3207e+00   0.0000e+00   0.0000e+00   3.7606e+02
20260415_07:00:00   1.0848e-01   3.0326e+01   9.1686e+00   0.0000e+00   0.0000e+00   3.7122e+02
20260415_08:00:00   1.0698e-01   2.9944e+01   8.9538e+00   0.0000e+00   0.0000e+00   3.6568e+02
20260415_09:00:00   1.0515e-01   2.9482e+01   8.6882e+00   0.0000e+00   3.4380e-05   3.6434e+02
20260415_10:00:00   1.0310e-01   2.8968e+01   8.3623e+00   0.0000e+00   0.0000e+00   3.6327e+02
20260415_11:00:00   1.0113e-01   2.8472e+01   8.0781e+00   0.0000e+00   0.0000e+00   3.6505e+02
20260415_12:00:00   9.9620e-02   2.8099e+01   7.8660e+00   0.0000e+00   0.0000e+00   3.6302e+02
20260415_13:00:00   9.9882e-02   2.8164e+01   7.9145e+00   0.0000e+00   1.0864e-05   3.6598e+02
20260415_14:00:00   1.0342e-01   2.9014e+01   8.4331e+00   0.0000e+00   3.2719e-04   3.6834e+02
20260415_15:00:00   1.0889e-01   3.0362e+01   9.2819e+00   0.0000e+00   1.7749e-03   3.6843e+02
20260415_16:00:00   1.1238e-01   3.1219e+01   9.9182e+00   0.0000e+00   1.8470e-02   3.6925e+02
20260415_17:00:00   1.1238e-01   3.1230e+01   1.0054e+01   0.0000e+00   1.5128e-02   3.6997e+02
20260415_18:00:00   1.1438e-01   3.1707e+01   1.0401e+01   2.4300e-07   6.1523e-02   3.7339e+02
20260415_19:00:00   1.1672e-01   3.2277e+01   1.0780e+01   1.1338e-06   1.5660e-01   3.7759e+02
20260415_20:00:00   1.1658e-01   3.2287e+01   1.0814e+01   5.1020e-06   8.7375e-02   3.7823e+02
20260415_21:00:00   1.1816e-01   3.2670e+01   1.1127e+01   1.4820e-05   1.1260e-01   3.7720e+02
20260415_22:00:00   1.2161e-01   3.3458e+01   1.1780e+01   9.8800e-06   8.6749e-02   3.8020e+02
20260415_23:00:00   1.2276e-01   3.3714e+01   1.2019e+01   1.3282e-05   2.4809e-02   3.8016e+02
20260416_00:00:00   1.1872e-01   3.2758e+01   1.1403e+01   2.6560e-05   7.5104e-03   3.7749e+02
20260416_01:00:00   1.1666e-01   3.2237e+01   1.1104e+01   2.3243e-05   1.4173e-02   3.7458e+02
20260416_02:00:00   1.2125e-01   3.3320e+01   1.1626e+01   5.7417e-05   6.0052e-02   3.6839e+02
20260416_03:00:00   1.2374e-01   3.3899e+01   1.1865e+01   2.4213e-05   5.7584e-02   3.6953e+02
20260416_04:00:00   1.2479e-01   3.4156e+01   1.1945e+01   3.8058e-06   1.1414e-02   3.6905e+02
20260416_05:00:00   1.2446e-01   3.4038e+01   1.1865e+01   1.5226e-05   8.4190e-03   3.6799e+02
20260416_06:00:00   1.2150e-01   3.3328e+01   1.1434e+01   2.4300e-07   5.6071e-03   3.6544e+02
20260416_07:00:00   1.2034e-01   3.3025e+01   1.1218e+01   0.0000e+00   7.8871e-03   3.6242e+02
20260416_08:00:00   1.1954e-01   3.2817e+01   1.1019e+01   0.0000e+00   1.5657e-02   3.6149e+02
20260416_09:00:00   1.1834e-01   3.2528e+01   1.0767e+01   2.3160e-05   2.2433e-02   3.6081e+02
20260416_10:00:00   1.1766e-01   3.2350e+01   1.0635e+01   2.1460e-05   2.1471e-02   3.6041e+02
20260416_11:00:00   1.1759e-01   3.2308e+01   1.0636e+01   0.0000e+00   1.8416e-02   3.6134e+02
20260416_12:00:00   1.1715e-01   3.2189e+01   1.0551e+01   0.0000e+00   1.2683e-02   3.6288e+02
20260416_13:00:00   1.1087e-01   3.0745e+01   9.2992e+00   0.0000e+00   6.8952e-03   3.6752e+02
20260416_14:00:00   1.0843e-01   3.0156e+01   8.8835e+00   0.0000e+00   8.6225e-03   3.6838e+02
20260416_15:00:00   1.0439e-01   2.9210e+01   8.2507e+00   0.0000e+00   7.0481e-03   3.7036e+02
20260416_16:00:00   1.0134e-01   2.8493e+01   7.7716e+00   1.8242e-05   1.4088e-03   3.7375e+02
20260416_17:00:00   1.0024e-01   2.8261e+01   7.5833e+00   1.2172e-04   2.9105e-04   3.7450e+02
20260416_18:00:00   1.0083e-01   2.8415e+01   7.7244e+00   1.5115e-04   5.3469e-04   3.7638e+02
20260416_19:00:00   1.0106e-01   2.8449e+01   7.8999e+00   1.0285e-04   3.7868e-04   3.8043e+02
20260416_20:00:00   1.0239e-01   2.8732e+01   8.2141e+00   3.0444e-05   7.4952e-04   3.8532e+02
20260416_21:00:00   1.1254e-01   3.1119e+01   9.4729e+00   8.7750e-05   5.0819e-02   3.9051e+02
20260416_22:00:00   1.1878e-01   3.2564e+01   1.0018e+01   3.7176e-04   2.4351e-02   3.9302e+02
20260416_23:00:00   1.3202e-01   3.5528e+01   1.0133e+01   1.2942e-02   1.4000e-02   3.9553e+02
20260417_00:00:00   1.2078e-01   3.2882e+01   9.9881e+00   7.0283e-04   8.1980e-02   4.0042e+02
20260417_01:00:00   1.1581e-01   3.1636e+01   9.4419e+00   1.3481e-04   5.4648e-02   4.0640e+02
20260417_02:00:00   1.0234e-01   2.8324e+01   7.7103e+00   2.9956e-04   1.3046e-02   4.1279e+02
20260417_03:00:00   9.2644e-02   2.5878e+01   6.3661e+00   5.2894e-04   2.6682e-03   4.1869e+02
20260417_04:00:00   8.7591e-02   2.4605e+01   5.6620e+00   2.2105e-05   2.4739e-04   4.2192e+02
20260417_05:00:00   8.6516e-02   2.4300e+01   5.4183e+00   8.2599e-06   5.7265e-04   4.2332e+02
20260417_06:00:00   8.6111e-02   2.4176e+01   5.2466e+00   3.4820e-06   4.7095e-03   4.2366e+02
20260417_09:00:00   7.9335e-02   2.2558e+01   3.9777e+00   0.0000e+00   4.0857e-05   4.1696e+02
20260417_12:00:00   7.8029e-02   2.2257e+01   3.7143e+00   0.0000e+00   0.0000e+00   4.0993e+02
20260417_15:00:00   7.3085e-02   2.1092e+01   3.0796e+00   0.0000e+00   0.0000e+00   4.0845e+02
20260417_18:00:00   6.8020e-02   1.9900e+01   2.6146e+00   0.0000e+00   0.0000e+00   4.0631e+02
20260417_21:00:00   6.7926e-02   1.9949e+01   2.8748e+00   0.0000e+00   8.0980e-08   3.9544e+02
20260418_00:00:00   7.0018e-02   2.0539e+01   3.3588e+00   0.0000e+00   1.2958e-07   3.9043e+02
20260418_03:00:00   7.1974e-02   2.1037e+01   3.7051e+00   0.0000e+00   0.0000e+00   3.8025e+02
20260418_06:00:00   7.3276e-02   2.1346e+01   3.8563e+00   0.0000e+00   0.0000e+00   3.7280e+02
20260418_09:00:00   7.3928e-02   2.1485e+01   3.9598e+00   0.0000e+00   1.2404e-03   3.7034e+02
20260418_12:00:00   7.5812e-02   2.1906e+01   4.3250e+00   0.0000e+00   2.1179e-03   3.7273e+02
20260418_15:00:00   7.9493e-02   2.2805e+01   4.9326e+00   0.0000e+00   1.2897e-03   3.7754e+02
20260418_18:00:00   8.3724e-02   2.3952e+01   5.6854e+00   0.0000e+00   4.7020e-05   3.7143e+02
20260418_21:00:00   9.9544e-02   2.8003e+01   8.1609e+00   2.9960e-06   1.0409e-04   3.6682e+02
20260419_00:00:00   1.1241e-01   3.1275e+01   1.0044e+01   1.2918e-05   4.8468e-04   3.5927e+02
20260419_03:00:00   1.1224e-01   3.1245e+01   9.8709e+00   0.0000e+00   1.0118e-04   3.6294e+02
20260419_06:00:00   1.0945e-01   3.0567e+01   9.3289e+00   0.0000e+00   1.8256e-05   3.5898e+02
20260419_09:00:00   1.0193e-01   2.8666e+01   8.2511e+00   0.0000e+00   1.9183e-03   3.5928e+02
20260419_12:00:00   9.4606e-02   2.6851e+01   7.0943e+00   0.0000e+00   3.1549e-03   3.6705e+02
20260419_15:00:00   8.9462e-02   2.5556e+01   6.3740e+00   0.0000e+00   1.2748e-02   3.7217e+02
20260419_18:00:00   9.8422e-02   2.7774e+01   8.0589e+00   0.0000e+00   1.7726e-03   3.8574e+02
20260419_21:00:00   1.1281e-01   3.1377e+01   1.0349e+01   4.2278e-05   1.0732e-03   3.7345e+02
20260420_00:00:00   1.3106e-01   3.5983e+01   1.2738e+01   1.5890e-03   3.2803e-03   3.6686e+02
20260420_03:00:00   1.2736e-01   3.5108e+01   1.2081e+01   1.4608e-05   9.2280e-03   3.5858e+02
20260420_06:00:00   1.2572e-01   3.4617e+01   1.1544e+01   2.4381e-04   1.0017e-03   3.6015e+02
20260420_09:00:00   1.2419e-01   3.4195e+01   1.1086e+01   1.3969e-04   3.0189e-04   3.5574e+02
20260420_12:00:00   1.1586e-01   3.2113e+01   9.8819e+00   1.3545e-05   3.9133e-04   3.6144e+02
20260420_15:00:00   1.0993e-01   3.0731e+01   8.8189e+00   2.1782e-04   1.2778e-05   3.6790e+02
20260420_18:00:00   9.7502e-02   2.7696e+01   7.4128e+00   1.1338e-06   1.5550e-06   3.7745e+02
20260420_21:00:00   9.4088e-02   2.6966e+01   7.2272e+00   2.8540e-06   1.2958e-07   3.7779e+02
20260421_00:00:00   9.1815e-02   2.6510e+01   7.1663e+00   2.1060e-05   1.6197e-07   3.7067e+02
20260421_03:00:00   9.6315e-02   2.7613e+01   7.4356e+00   2.0980e-05   5.8300e-07   3.6749e+02
20260421_06:00:00   7.9738e-02   2.3271e+01   5.0404e+00   0.0000e+00   0.0000e+00   3.6910e+02
20260421_09:00:00   7.0419e-02   2.0848e+01   3.6367e+00   0.0000e+00   0.0000e+00   3.6691e+02
20260421_12:00:00   6.5591e-02   1.9598e+01   2.8179e+00   0.0000e+00   0.0000e+00   3.6611e+02
20260421_15:00:00   6.7134e-02   1.9991e+01   2.9724e+00   0.0000e+00   0.0000e+00   3.6667e+02
20260421_18:00:00   7.3199e-02   2.1599e+01   4.0532e+00   0.0000e+00   6.1346e-06   3.6489e+02
20260421_21:00:00   8.5063e-02   2.4691e+01   6.1673e+00   0.0000e+00   0.0000e+00   3.5986e+02
20260422_00:00:00   9.5298e-02   2.7302e+01   8.0121e+00   0.0000e+00   1.7774e-03   3.5659e+02
20260422_03:00:00   1.0124e-01   2.8697e+01   8.9194e+00   0.0000e+00   7.4078e-03   3.5702e+02
20260422_06:00:00   1.0442e-01   2.9405e+01   9.2767e+00   0.0000e+00   6.0116e-03   3.6190e+02
20260422_09:00:00   9.5908e-02   2.7304e+01   7.8149e+00   0.0000e+00   1.5015e-02   3.6121e+02
20260422_12:00:00   9.2576e-02   2.6445e+01   7.2268e+00   0.0000e+00   1.1618e-02   3.6581e+02
20260422_15:00:00   9.6913e-02   2.7470e+01   7.9862e+00   0.0000e+00   8.6763e-03   3.7163e+02
20260422_18:00:00   1.0177e-01   2.8714e+01   8.8938e+00   0.0000e+00   4.1513e-02   3.6922e+02
20260422_21:00:00   1.0943e-01   3.0638e+01   1.0300e+01   0.0000e+00   7.2473e-02   3.6421e+02
20260423_00:00:00   1.1351e-01   3.1671e+01   1.1039e+01   0.0000e+00   5.3055e-02   3.6753e+02
20260423_03:00:00   1.1528e-01   3.2096e+01   1.1151e+01   0.0000e+00   2.8456e-02   3.6197e+02
20260423_06:00:00   1.1227e-01   3.1303e+01   1.0584e+01   0.0000e+00   6.6760e-02   3.7557e+02
20260423_09:00:00   1.0484e-01   2.9448e+01   9.3949e+00   0.0000e+00   3.6447e-02   3.8921e+02
20260423_12:00:00   1.0289e-01   2.8886e+01   9.0478e+00   0.0000e+00   3.0361e-03   3.9697e+02
20260423_15:00:00   1.0179e-01   2.8588e+01   8.8109e+00   0.0000e+00   1.2942e-02   3.9768e+02
20260423_18:00:00   1.0175e-01   2.8543e+01   8.9273e+00   0.0000e+00   1.3978e-01   4.0544e+02
20260423_21:00:00   1.1146e-01   3.0894e+01   1.0118e+01   5.2440e-04   2.9858e-01   4.1470e+02
20260424_00:00:00   1.2597e-01   3.4371e+01   1.0837e+01   9.8762e-03   1.2860e-01   4.1141e+02
20260424_03:00:00   1.4127e-01   3.8015e+01   1.3517e+01   1.2310e-05   2.5261e-01   4.1865e+02
20260424_06:00:00   1.5889e-01   4.2124e+01   1.4999e+01   5.1867e-04   6.5964e-02   4.2287e+02
20260424_09:00:00   1.6499e-01   4.3442e+01   1.5578e+01   5.0622e-04   3.1868e-02   4.2598e+02
20260424_12:00:00   1.6530e-01   4.3552e+01   1.5412e+01   1.7761e-04   1.4417e-04   4.1874e+02
20260424_15:00:00   1.6500e-01   4.3504e+01   1.5489e+01   1.8660e-03   1.0037e-03   3.9804e+02
20260424_18:00:00   1.6177e-01   4.2876e+01   1.4653e+01   1.0222e-02   1.4733e-02   3.6681e+02
20260424_21:00:00   1.5608e-01   4.1790e+01   1.4526e+01   7.8162e-03   1.1726e-02   3.4649e+02
20260425_00:00:00   1.4017e-01   3.8204e+01   1.3610e+01   5.3713e-04   2.2814e-02   3.3546e+02
20260425_03:00:00   1.3788e-01   3.7794e+01   1.3295e+01   2.5284e-05   9.0417e-04   3.3444e+02
20260425_06:00:00   1.3571e-01   3.7290e+01   1.2942e+01   3.5780e-05   1.6905e-03   3.3356e+02
20260425_09:00:00   1.3343e-01   3.6737e+01   1.2452e+01   0.0000e+00   0.0000e+00   3.3606e+02
20260425_12:00:00   1.3433e-01   3.6874e+01   1.2640e+01   0.0000e+00   0.0000e+00   3.3180e+02
20260425_15:00:00   1.3860e-01   3.7867e+01   1.3033e+01   0.0000e+00   0.0000e+00   3.3382e+02
20260425_18:00:00   1.4327e-01   3.8969e+01   1.3683e+01   1.9436e-03   1.5263e-02   3.3824e+02
20260425_21:00:00   1.5021e-01   4.0584e+01   1.4863e+01   4.0580e-03   3.7212e-02   3.4236e+02
20260426_00:00:00   1.5308e-01   4.1357e+01   1.5342e+01   3.2637e-03   5.0986e-02   3.4547e+02
20260426_03:00:00   1.5140e-01   4.1102e+01   1.5039e+01   1.2854e-04   3.1870e-02   3.4610e+02
20260426_06:00:00   1.4539e-01   3.9742e+01   1.4068e+01   0.0000e+00   1.9795e-04   3.4435e+02
20260426_09:00:00   1.4553e-01   3.9747e+01   1.3929e+01   0.0000e+00   1.8874e-04   3.3942e+02
20260426_12:00:00   1.3891e-01   3.8181e+01   1.3013e+01   0.0000e+00   0.0000e+00   3.4027e+02
20260426_15:00:00   1.3290e-01   3.6806e+01   1.2185e+01   0.0000e+00   0.0000e+00   3.4612e+02
20260426_18:00:00   1.2911e-01   3.5989e+01   1.2086e+01   0.0000e+00   0.0000e+00   3.4256e+02
20260426_21:00:00   1.2251e-01   3.4450e+01   1.1899e+01   0.0000e+00   9.0699e-07   3.3562e+02
20260427_00:00:00   1.3045e-01   3.6387e+01   1.3535e+01   1.4496e-04   3.0680e-04   3.3432e+02
20260427_03:00:00   1.3371e-01   3.7113e+01   1.4102e+01   0.0000e+00   2.9600e-03   3.3415e+02
20260427_06:00:00   1.2669e-01   3.5414e+01   1.3016e+01   0.0000e+00   2.6091e-03   3.3573e+02
20260427_09:00:00   1.2684e-01   3.5435e+01   1.2964e+01   0.0000e+00   0.0000e+00   3.3357e+02
20260427_12:00:00   1.2721e-01   3.5478e+01   1.2931e+01   0.0000e+00   0.0000e+00   3.3491e+02
20260427_15:00:00   1.2839e-01   3.5777e+01   1.2997e+01   0.0000e+00   0.0000e+00   3.3771e+02
20260427_18:00:00   1.2724e-01   3.5605e+01   1.2988e+01   0.0000e+00   0.0000e+00   3.3943e+02
20260427_21:00:00   1.2775e-01   3.5813e+01   1.3330e+01   1.9864e-04   6.1655e-05   3.3934e+02
20260428_00:00:00   1.2960e-01   3.6294e+01   1.3792e+01   2.1112e-04   4.4784e-04   3.3295e+02
20260428_03:00:00   1.3497e-01   3.7592e+01   1.4474e+01   0.0000e+00   2.8260e-03   3.3357e+02
20260428_06:00:00   1.4219e-01   3.9331e+01   1.5116e+01   0.0000e+00   0.0000e+00   3.2582e+02
