#            date       tau255        Tb[K]      pwv[mm] lwp[kg*m^-2] iwp[kg*m^-2]       o3[DU]
20260627_12:00:00   1.0357e-01   2.9915e+01   9.1592e+00   1.2148e-06   6.2180e-04   3.2877e+02
20260627_13:00:00   1.0345e-01   2.9859e+01   9.0863e+00   6.9980e-05   8.5620e-04   3.3073e+02
20260627_14:00:00   1.0455e-01   3.0152e+01   9.2436e+00   1.3282e-04   1.9634e-03   3.3321e+02
20260627_15:00:00   1.0206e-01   2.9537e+01   9.0943e+00   0.0000e+00   2.4020e-05   3.3179e+02
20260627_16:00:00   1.0333e-01   2.9877e+01   9.4751e+00   0.0000e+00   1.9566e-03   3.2965e+02
20260627_17:00:00   1.0622e-01   3.0613e+01   1.0153e+01   0.0000e+00   9.9882e-04   3.2830e+02
20260627_18:00:00   1.0709e-01   3.0858e+01   1.0428e+01   0.0000e+00   1.6852e-05   3.2978e+02
20260627_19:00:00   1.0326e-01   2.9943e+01   1.0004e+01   0.0000e+00   0.0000e+00   3.2905e+02
20260627_20:00:00   9.9158e-02   2.8931e+01   9.5300e+00   0.0000e+00   0.0000e+00   3.2796e+02
20260627_21:00:00   9.4678e-02   2.7812e+01   8.9205e+00   0.0000e+00   0.0000e+00   3.2848e+02
20260627_22:00:00   9.2747e-02   2.7350e+01   8.6120e+00   0.0000e+00   0.0000e+00   3.2988e+02
20260627_23:00:00   9.2397e-02   2.7303e+01   8.4765e+00   0.0000e+00   0.0000e+00   3.3158e+02
20260628_00:00:00   9.1918e-02   2.7204e+01   8.3420e+00   0.0000e+00   0.0000e+00   3.3238e+02
20260628_01:00:00   9.2853e-02   2.7454e+01   8.4406e+00   0.0000e+00   0.0000e+00   3.3410e+02
20260628_02:00:00   9.4218e-02   2.7787e+01   8.6100e+00   0.0000e+00   0.0000e+00   3.3422e+02
20260628_03:00:00   9.7285e-02   2.8574e+01   8.8758e+00   0.0000e+00   0.0000e+00   3.3436e+02
20260628_04:00:00   9.9048e-02   2.9014e+01   8.7779e+00   0.0000e+00   0.0000e+00   3.3618e+02
20260628_05:00:00   9.6786e-02   2.8415e+01   8.1178e+00   0.0000e+00   0.0000e+00   3.4065e+02
20260628_06:00:00   8.9645e-02   2.6525e+01   6.9915e+00   0.0000e+00   0.0000e+00   3.4334e+02
20260628_07:00:00   8.3103e-02   2.4772e+01   6.0149e+00   0.0000e+00   0.0000e+00   3.4334e+02
20260628_08:00:00   7.9783e-02   2.3861e+01   5.4856e+00   0.0000e+00   0.0000e+00   3.4066e+02
20260628_09:00:00   7.9135e-02   2.3645e+01   5.3189e+00   0.0000e+00   0.0000e+00   3.4068e+02
20260628_10:00:00   7.9053e-02   2.3578e+01   5.2636e+00   0.0000e+00   0.0000e+00   3.4191e+02
20260628_11:00:00   8.1405e-02   2.4148e+01   5.5557e+00   0.0000e+00   0.0000e+00   3.4331e+02
20260628_12:00:00   8.6474e-02   2.5406e+01   6.2172e+00   0.0000e+00   0.0000e+00   3.4515e+02
20260628_13:00:00   9.2375e-02   2.6873e+01   6.9038e+00   0.0000e+00   0.0000e+00   3.4688e+02
20260628_14:00:00   9.7704e-02   2.8211e+01   7.5195e+00   0.0000e+00   0.0000e+00   3.4908e+02
20260628_15:00:00   9.8824e-02   2.8475e+01   7.7050e+00   0.0000e+00   0.0000e+00   3.4796e+02
20260628_16:00:00   1.0026e-01   2.8831e+01   7.9687e+00   0.0000e+00   0.0000e+00   3.4973e+02
20260628_17:00:00   1.0113e-01   2.9039e+01   8.2543e+00   0.0000e+00   0.0000e+00   3.4848e+02
20260628_18:00:00   9.9836e-02   2.8729e+01   8.2661e+00   0.0000e+00   0.0000e+00   3.4848e+02
20260628_19:00:00   1.0116e-01   2.9070e+01   8.6605e+00   0.0000e+00   0.0000e+00   3.4749e+02
20260628_20:00:00   1.0329e-01   2.9603e+01   9.1716e+00   0.0000e+00   0.0000e+00   3.4635e+02
20260628_21:00:00   1.0514e-01   3.0078e+01   9.6126e+00   0.0000e+00   0.0000e+00   3.4660e+02
20260628_22:00:00   1.0643e-01   3.0409e+01   9.9523e+00   0.0000e+00   0.0000e+00   3.4635e+02
20260628_23:00:00   1.0840e-01   3.0899e+01   1.0389e+01   0.0000e+00   1.2126e-05   3.4841e+02
20260629_00:00:00   1.0992e-01   3.1261e+01   1.0709e+01   0.0000e+00   1.5526e-04   3.5067e+02
20260629_01:00:00   1.1276e-01   3.1912e+01   1.1131e+01   4.1060e-04   2.6832e-02   3.4991e+02
20260629_02:00:00   1.2507e-01   3.4893e+01   1.2756e+01   3.1368e-05   1.5379e-01   3.4874e+02
20260629_03:00:00   1.3431e-01   3.7137e+01   1.3711e+01   2.0736e-05   4.6243e-02   3.5310e+02
20260629_04:00:00   1.3518e-01   3.7345e+01   1.3644e+01   2.1480e-05   3.0453e-03   3.5513e+02
20260629_05:00:00   1.2989e-01   3.6097e+01   1.2785e+01   0.0000e+00   8.1800e-07   3.5453e+02
20260629_06:00:00   1.1953e-01   3.3574e+01   1.1290e+01   0.0000e+00   0.0000e+00   3.5807e+02
20260629_07:00:00   1.1051e-01   3.1289e+01   9.9639e+00   0.0000e+00   0.0000e+00   3.5981e+02
20260629_08:00:00   1.0498e-01   2.9878e+01   9.1053e+00   0.0000e+00   0.0000e+00   3.6034e+02
20260629_09:00:00   1.0218e-01   2.9171e+01   8.6605e+00   0.0000e+00   0.0000e+00   3.5933e+02
20260629_10:00:00   1.0105e-01   2.8883e+01   8.4522e+00   0.0000e+00   0.0000e+00   3.6044e+02
20260629_11:00:00   1.0005e-01   2.8629e+01   8.2502e+00   0.0000e+00   0.0000e+00   3.6384e+02
20260629_12:00:00   9.9404e-02   2.8458e+01   8.1067e+00   0.0000e+00   0.0000e+00   3.6548e+02
20260629_13:00:00   9.9296e-02   2.8416e+01   8.0634e+00   0.0000e+00   0.0000e+00   3.6661e+02
20260629_14:00:00   1.0008e-01   2.8615e+01   8.1952e+00   0.0000e+00   0.0000e+00   3.6658e+02
20260629_15:00:00   1.0096e-01   2.8848e+01   8.3865e+00   0.0000e+00   0.0000e+00   3.6545e+02
20260629_16:00:00   1.0207e-01   2.9148e+01   8.6492e+00   0.0000e+00   0.0000e+00   3.6788e+02
20260629_17:00:00   1.0223e-01   2.9224e+01   8.8050e+00   0.0000e+00   0.0000e+00   3.6910e+02
20260629_18:00:00   1.0212e-01   2.9238e+01   8.9252e+00   0.0000e+00   0.0000e+00   3.7160e+02
20260629_19:00:00   1.0209e-01   2.9244e+01   9.1108e+00   1.4314e-05   1.0423e-05   3.7263e+02
20260629_20:00:00   1.0226e-01   2.9278e+01   9.3414e+00   9.6710e-05   7.2993e-04   3.7123e+02
20260629_21:00:00   1.0257e-01   2.9353e+01   9.5740e+00   9.3697e-05   1.3165e-03   3.6850e+02
20260629_22:00:00   1.0357e-01   2.9608e+01   9.8813e+00   2.0440e-06   3.0260e-04   3.7115e+02
20260629_23:00:00   1.0578e-01   3.0148e+01   1.0329e+01   1.0216e-04   8.3497e-03   3.7446e+02
20260630_00:00:00   1.0896e-01   3.0923e+01   1.0904e+01   6.8020e-06   1.6420e-02   3.7641e+02
20260630_01:00:00   1.1252e-01   3.1777e+01   1.1458e+01   5.0280e-05   5.4667e-02   3.7721e+02
20260630_02:00:00   1.1628e-01   3.2734e+01   1.2014e+01   0.0000e+00   4.2462e-02   3.7830e+02
20260630_03:00:00   1.1818e-01   3.3287e+01   1.2226e+01   0.0000e+00   9.2098e-03   3.7787e+02
20260630_04:00:00   1.2442e-01   3.4740e+01   1.3086e+01   0.0000e+00   1.4554e-01   3.7243e+02
20260630_05:00:00   1.3216e-01   3.6608e+01   1.4139e+01   0.0000e+00   1.2106e-01   3.6633e+02
20260630_06:00:00   1.3159e-01   3.6596e+01   1.3970e+01   0.0000e+00   4.5724e-03   3.6355e+02
20260630_07:00:00   1.3168e-01   3.6622e+01   1.3925e+01   0.0000e+00   4.3509e-02   3.6344e+02
20260630_08:00:00   1.3090e-01   3.6407e+01   1.3749e+01   0.0000e+00   1.1480e-02   3.6380e+02
20260630_09:00:00   1.2682e-01   3.5410e+01   1.3016e+01   0.0000e+00   1.2975e-03   3.6368e+02
20260630_10:00:00   1.2272e-01   3.4395e+01   1.2368e+01   0.0000e+00   6.6892e-04   3.6189e+02
20260630_11:00:00   1.1897e-01   3.3467e+01   1.1823e+01   0.0000e+00   1.4772e-03   3.6005e+02
20260630_12:00:00   1.1608e-01   3.2768e+01   1.1362e+01   0.0000e+00   3.0042e-04   3.5970e+02
20260630_13:00:00   1.1397e-01   3.2274e+01   1.0956e+01   0.0000e+00   2.6140e-05   3.5999e+02
20260630_14:00:00   1.1332e-01   3.2165e+01   1.0756e+01   0.0000e+00   4.0900e-06   3.5968e+02
20260630_15:00:00   1.1179e-01   3.1840e+01   1.0523e+01   0.0000e+00   0.0000e+00   3.5902e+02
20260630_16:00:00   1.1015e-01   3.1497e+01   1.0294e+01   0.0000e+00   0.0000e+00   3.5909e+02
20260630_17:00:00   1.0861e-01   3.1131e+01   1.0210e+01   0.0000e+00   0.0000e+00   3.5659e+02
20260630_18:00:00   1.0878e-01   3.1172e+01   1.0404e+01   0.0000e+00   0.0000e+00   3.5241e+02
20260630_19:00:00   1.1249e-01   3.2089e+01   1.1163e+01   0.0000e+00   1.7696e-05   3.4937e+02
20260630_20:00:00   1.1627e-01   3.3036e+01   1.1963e+01   0.0000e+00   1.0979e-04   3.4787e+02
20260630_21:00:00   1.2060e-01   3.4066e+01   1.2880e+01   1.3186e-04   6.2425e-03   3.4682e+02
20260630_22:00:00   1.2460e-01   3.5006e+01   1.3578e+01   6.5620e-04   4.0304e-02   3.4911e+02
20260630_23:00:00   1.2640e-01   3.5473e+01   1.3908e+01   6.2700e-04   2.9654e-02   3.4843e+02
20260701_00:00:00   1.2695e-01   3.5644e+01   1.4137e+01   0.0000e+00   1.3263e-02   3.4481e+02
20260701_01:00:00   1.2777e-01   3.5847e+01   1.4314e+01   0.0000e+00   1.8645e-03   3.4392e+02
20260701_02:00:00   1.2852e-01   3.6040e+01   1.4298e+01   4.2140e-04   1.2538e-03   3.4363e+02
20260701_03:00:00   1.3098e-01   3.6620e+01   1.4572e+01   0.0000e+00   8.3660e-03   3.4104e+02
20260701_04:00:00   1.2953e-01   3.6265e+01   1.4149e+01   0.0000e+00   0.0000e+00   3.4049e+02
20260701_05:00:00   1.2842e-01   3.5987e+01   1.3823e+01   0.0000e+00   0.0000e+00   3.4338e+02
20260701_06:00:00   1.2775e-01   3.5799e+01   1.3617e+01   0.0000e+00   0.0000e+00   3.4639e+02
20260701_07:00:00   1.2728e-01   3.5656e+01   1.3508e+01   0.0000e+00   0.0000e+00   3.4693e+02
20260701_08:00:00   1.2536e-01   3.5166e+01   1.3197e+01   0.0000e+00   0.0000e+00   3.4796e+02
20260701_09:00:00   1.2243e-01   3.4435e+01   1.2726e+01   0.0000e+00   0.0000e+00   3.5062e+02
20260701_10:00:00   1.2141e-01   3.4141e+01   1.2538e+01   0.0000e+00   0.0000e+00   3.5059e+02
20260701_11:00:00   1.2071e-01   3.3934e+01   1.2400e+01   0.0000e+00   0.0000e+00   3.5039e+02
20260701_12:00:00   1.1871e-01   3.3416e+01   1.2043e+01   0.0000e+00   0.0000e+00   3.5191e+02
20260701_13:00:00   1.1621e-01   3.2795e+01   1.1590e+01   0.0000e+00   0.0000e+00   3.5314e+02
20260701_14:00:00   1.1356e-01   3.2169e+01   1.1121e+01   0.0000e+00   0.0000e+00   3.5270e+02
20260701_15:00:00   1.1048e-01   3.1466e+01   1.0623e+01   0.0000e+00   0.0000e+00   3.5056e+02
20260701_16:00:00   1.0699e-01   3.0681e+01   1.0033e+01   0.0000e+00   0.0000e+00   3.4693e+02
20260701_17:00:00   1.0368e-01   2.9940e+01   9.5288e+00   0.0000e+00   0.0000e+00   3.4519e+02
20260701_18:00:00   1.0171e-01   2.9505e+01   9.3114e+00   0.0000e+00   0.0000e+00   3.4400e+02
20260701_19:00:00   1.0141e-01   2.9438e+01   9.4899e+00   0.0000e+00   0.0000e+00   3.4353e+02
20260701_20:00:00   1.0253e-01   2.9732e+01   9.8800e+00   0.0000e+00   0.0000e+00   3.4254e+02
20260701_21:00:00   1.0434e-01   3.0204e+01   1.0288e+01   0.0000e+00   0.0000e+00   3.4043e+02
20260701_22:00:00   1.0599e-01   3.0617e+01   1.0629e+01   0.0000e+00   0.0000e+00   3.4111e+02
20260701_23:00:00   1.0813e-01   3.1156e+01   1.1016e+01   0.0000e+00   8.3760e-06   3.4072e+02
20260702_00:00:00   1.1035e-01   3.1705e+01   1.1341e+01   0.0000e+00   4.2900e-05   3.3885e+02
20260702_01:00:00   1.0931e-01   3.1453e+01   1.1122e+01   0.0000e+00   0.0000e+00   3.3872e+02
20260702_02:00:00   1.0608e-01   3.0656e+01   1.0554e+01   0.0000e+00   0.0000e+00   3.4063e+02
20260702_03:00:00   1.0682e-01   3.0865e+01   1.0550e+01   0.0000e+00   0.0000e+00   3.4158e+02
20260702_04:00:00   1.0489e-01   3.0407e+01   1.0070e+01   0.0000e+00   0.0000e+00   3.4043e+02
20260702_05:00:00   1.0459e-01   3.0320e+01   9.8926e+00   0.0000e+00   0.0000e+00   3.4269e+02
20260702_06:00:00   1.0346e-01   3.0003e+01   9.6642e+00   0.0000e+00   0.0000e+00   3.4409e+02
20260702_07:00:00   1.0487e-01   3.0286e+01   9.9186e+00   0.0000e+00   0.0000e+00   3.4302e+02
20260702_08:00:00   1.0412e-01   3.0052e+01   9.8083e+00   0.0000e+00   0.0000e+00   3.4131e+02
20260702_09:00:00   1.0306e-01   2.9761e+01   9.6312e+00   0.0000e+00   0.0000e+00   3.3905e+02
20260702_10:00:00   1.0052e-01   2.9097e+01   9.2248e+00   0.0000e+00   0.0000e+00   3.3704e+02
20260702_11:00:00   9.7814e-02   2.8390e+01   8.8174e+00   0.0000e+00   6.4042e-05   3.3428e+02
20260702_12:00:00   9.5159e-02   2.7710e+01   8.3691e+00   0.0000e+00   7.2380e-04   3.3347e+02
20260702_15:00:00   9.1256e-02   2.6739e+01   7.7005e+00   0.0000e+00   4.9824e-04   3.3485e+02
20260702_18:00:00   9.0589e-02   2.6606e+01   7.9227e+00   0.0000e+00   0.0000e+00   3.3495e+02
20260702_21:00:00   9.9130e-02   2.8794e+01   9.7797e+00   0.0000e+00   2.5835e-03   3.3186e+02
20260703_00:00:00   1.0616e-01   3.0583e+01   1.1001e+01   0.0000e+00   8.0241e-04   3.3011e+02
20260703_03:00:00   1.1842e-01   3.3516e+01   1.2702e+01   0.0000e+00   4.4495e-03   3.2844e+02
20260703_06:00:00   1.2918e-01   3.6019e+01   1.3854e+01   0.0000e+00   1.2870e-03   3.3184e+02
20260703_09:00:00   1.2396e-01   3.4751e+01   1.2602e+01   0.0000e+00   5.5438e-03   3.3966e+02
20260703_12:00:00   1.2368e-01   3.4647e+01   1.2114e+01   0.0000e+00   0.0000e+00   3.5126e+02
20260703_15:00:00   1.2071e-01   3.3976e+01   1.1455e+01   0.0000e+00   0.0000e+00   3.6134e+02
20260703_18:00:00   1.1327e-01   3.2279e+01   1.0615e+01   0.0000e+00   0.0000e+00   3.6470e+02
20260703_21:00:00   1.0728e-01   3.0783e+01   1.0375e+01   0.0000e+00   0.0000e+00   3.5313e+02
20260704_00:00:00   1.0075e-01   2.9200e+01   9.5930e+00   0.0000e+00   0.0000e+00   3.4724e+02
20260704_03:00:00   1.0748e-01   3.0997e+01   1.0363e+01   0.0000e+00   0.0000e+00   3.4659e+02
20260704_06:00:00   1.1885e-01   3.3777e+01   1.1667e+01   0.0000e+00   0.0000e+00   3.4135e+02
20260704_09:00:00   1.1657e-01   3.3180e+01   1.1062e+01   0.0000e+00   0.0000e+00   3.2935e+02
20260704_12:00:00   1.1182e-01   3.1996e+01   1.0130e+01   0.0000e+00   0.0000e+00   3.3148e+02
20260704_15:00:00   1.1219e-01   3.2148e+01   1.0168e+01   0.0000e+00   0.0000e+00   3.2522e+02
20260704_18:00:00   1.0816e-01   3.1316e+01   9.9219e+00   0.0000e+00   0.0000e+00   3.1772e+02
20260704_21:00:00   1.0333e-01   3.0186e+01   9.8721e+00   0.0000e+00   0.0000e+00   3.1459e+02
20260705_00:00:00   1.0881e-01   3.1629e+01   1.1088e+01   0.0000e+00   0.0000e+00   3.1176e+02
20260705_03:00:00   1.0853e-01   3.1614e+01   1.0976e+01   0.0000e+00   0.0000e+00   3.0934e+02
20260705_06:00:00   1.0479e-01   3.0611e+01   1.0180e+01   0.0000e+00   0.0000e+00   3.0823e+02
20260705_09:00:00   1.0291e-01   3.0083e+01   9.7512e+00   0.0000e+00   0.0000e+00   3.0300e+02
20260705_12:00:00   1.0039e-01   2.9357e+01   9.2430e+00   0.0000e+00   0.0000e+00   3.0590e+02
20260705_15:00:00   9.6904e-02   2.8475e+01   8.7127e+00   0.0000e+00   0.0000e+00   3.0496e+02
20260705_18:00:00   9.4439e-02   2.7961e+01   8.4933e+00   0.0000e+00   0.0000e+00   3.0221e+02
20260705_21:00:00   9.2619e-02   2.7581e+01   8.5306e+00   0.0000e+00   0.0000e+00   3.0398e+02
20260706_00:00:00   9.0508e-02   2.7062e+01   8.3703e+00   0.0000e+00   0.0000e+00   3.0638e+02
20260706_03:00:00   8.7635e-02   2.6317e+01   7.8029e+00   0.0000e+00   0.0000e+00   3.0430e+02
20260706_06:00:00   8.8553e-02   2.6530e+01   7.7819e+00   0.0000e+00   0.0000e+00   3.0419e+02
20260706_09:00:00   9.0257e-02   2.6927e+01   7.9709e+00   0.0000e+00   0.0000e+00   3.0647e+02
20260706_12:00:00   8.9913e-02   2.6790e+01   7.8449e+00   0.0000e+00   0.0000e+00   3.0610e+02
20260706_15:00:00   8.9639e-02   2.6735e+01   7.7216e+00   0.0000e+00   0.0000e+00   3.0539e+02
20260706_18:00:00   9.0690e-02   2.7030e+01   8.1801e+00   0.0000e+00   0.0000e+00   3.0485e+02
20260706_21:00:00   9.7271e-02   2.8686e+01   9.6945e+00   0.0000e+00   1.0224e-06   3.0972e+02
20260707_00:00:00   9.8239e-02   2.8881e+01   1.0038e+01   0.0000e+00   6.0843e-04   3.1257e+02
20260707_03:00:00   1.0176e-01   2.9812e+01   1.0568e+01   0.0000e+00   0.0000e+00   3.1257e+02
20260707_06:00:00   1.0632e-01   3.0997e+01   1.1023e+01   0.0000e+00   1.0224e-06   3.1113e+02
20260707_09:00:00   1.0723e-01   3.1193e+01   1.1094e+01   0.0000e+00   0.0000e+00   3.1130e+02
20260707_12:00:00   1.0357e-01   3.0258e+01   1.0256e+01   0.0000e+00   0.0000e+00   3.1112e+02
20260707_15:00:00   1.0133e-01   2.9719e+01   9.7679e+00   0.0000e+00   0.0000e+00   3.1079e+02
20260707_18:00:00   1.0169e-01   2.9889e+01   1.0075e+01   0.0000e+00   0.0000e+00   3.0813e+02
20260707_21:00:00   1.0891e-01   3.1711e+01   1.1625e+01   0.0000e+00   1.6196e-07   3.0978e+02
20260708_00:00:00   1.1448e-01   3.3160e+01   1.2756e+01   7.3500e-06   1.0333e-03   3.0803e+02
20260708_03:00:00   1.2570e-01   3.6131e+01   1.4345e+01   0.0000e+00   6.1982e-03   3.0544e+02
20260708_06:00:00   1.2809e-01   3.6578e+01   1.4327e+01   0.0000e+00   1.6852e-05   3.0578e+02
20260708_09:00:00   1.2663e-01   3.6107e+01   1.4009e+01   0.0000e+00   1.6608e-03   3.0451e+02
20260708_12:00:00   1.2358e-01   3.5329e+01   1.3387e+01   0.0000e+00   1.3348e-06   3.0882e+02
20260708_15:00:00   1.2395e-01   3.5453e+01   1.3336e+01   0.0000e+00   0.0000e+00   3.0900e+02
20260708_18:00:00   1.1930e-01   3.4466e+01   1.2842e+01   0.0000e+00   0.0000e+00   3.0562e+02
20260708_21:00:00   1.2403e-01   3.5687e+01   1.4087e+01   0.0000e+00   1.9748e-05   3.0758e+02
20260709_00:00:00   1.3129e-01   3.7524e+01   1.5537e+01   1.1176e-05   1.5159e-03   3.0471e+02
20260709_03:00:00   1.3933e-01   3.9618e+01   1.6516e+01   0.0000e+00   0.0000e+00   3.0195e+02
20260709_06:00:00   1.4103e-01   3.9907e+01   1.6461e+01   0.0000e+00   0.0000e+00   3.0153e+02
20260709_09:00:00   1.4096e-01   3.9797e+01   1.6245e+01   0.0000e+00   0.0000e+00   2.9998e+02
20260709_12:00:00   1.3565e-01   3.8469e+01   1.5323e+01   0.0000e+00   0.0000e+00   2.9982e+02
20260709_15:00:00   1.3376e-01   3.8043e+01   1.5067e+01   0.0000e+00   0.0000e+00   3.0156e+02
20260709_18:00:00   1.2694e-01   3.6526e+01   1.4340e+01   0.0000e+00   0.0000e+00   3.0002e+02
20260709_21:00:00   1.3576e-01   3.8802e+01   1.6246e+01   0.0000e+00   1.1818e-06   2.9828e+02
20260710_00:00:00   1.4308e-01   4.0584e+01   1.7707e+01   1.8220e-04   8.9398e-04   2.9811e+02
20260710_03:00:00   1.5029e-01   4.2410e+01   1.8550e+01   0.0000e+00   4.7180e-05   2.9979e+02
20260710_06:00:00   1.4755e-01   4.1621e+01   1.7723e+01   0.0000e+00   0.0000e+00   3.0526e+02
20260710_09:00:00   1.4447e-01   4.0793e+01   1.7032e+01   0.0000e+00   0.0000e+00   3.0777e+02
20260710_12:00:00   1.4073e-01   3.9802e+01   1.6316e+01   0.0000e+00   0.0000e+00   3.0493e+02
20260710_15:00:00   1.3323e-01   3.8067e+01   1.4906e+01   0.0000e+00   0.0000e+00   3.0570e+02
20260710_18:00:00   1.3249e-01   3.8070e+01   1.5021e+01   0.0000e+00   0.0000e+00   3.0767e+02
20260710_21:00:00   1.2751e-01   3.6652e+01   1.5141e+01   0.0000e+00   1.7233e-04   3.1008e+02
20260711_00:00:00   1.5728e-01   4.3395e+01   1.7320e+01   2.0160e-02   1.3738e-01   3.1008e+02
20260711_03:00:00   1.4117e-01   3.9949e+01   1.7104e+01   0.0000e+00   1.0470e-04   3.1131e+02
20260711_06:00:00   1.4090e-01   3.9696e+01   1.6867e+01   0.0000e+00   0.0000e+00   3.1228e+02
20260711_09:00:00   1.3462e-01   3.8023e+01   1.5715e+01   0.0000e+00   0.0000e+00   3.1342e+02
20260711_12:00:00   1.2545e-01   3.5731e+01   1.4072e+01   0.0000e+00   0.0000e+00   3.1618e+02
20260711_15:00:00   1.2917e-01   3.6661e+01   1.4552e+01   0.0000e+00   0.0000e+00   3.1594e+02
20260711_18:00:00   1.4110e-01   3.9641e+01   1.6604e+01   3.4640e-04   2.6911e-04   3.1745e+02
20260711_21:00:00   1.7400e-01   4.7540e+01   2.1012e+01   7.1385e-03   6.3203e-02   3.1291e+02
20260712_00:00:00   1.9245e-01   5.2028e+01   2.4610e+01   3.1199e-05   5.7584e-02   3.1311e+02
20260712_03:00:00   1.9408e-01   5.2447e+01   2.4801e+01   0.0000e+00   2.6075e-02   3.1538e+02
20260712_06:00:00   1.9152e-01   5.1576e+01   2.4235e+01   0.0000e+00   6.9132e-02   3.1500e+02
20260712_09:00:00   1.9359e-01   5.1820e+01   2.4275e+01   0.0000e+00   1.4472e-01   3.1404e+02
20260712_12:00:00   1.9932e-01   5.3250e+01   2.3611e+01   3.7404e-03   9.5775e-03   3.1736e+02
20260712_15:00:00   1.8815e-01   5.0940e+01   2.1718e+01   2.1980e-03   1.5546e-04   3.1859e+02
20260712_18:00:00   1.6174e-01   4.5006e+01   1.8801e+01   6.1340e-06   1.8952e-06   3.1923e+02
20260712_21:00:00   1.7499e-01   4.7747e+01   1.9651e+01   1.5497e-02   3.2510e-02   3.1669e+02
20260713_00:00:00   1.7747e-01   4.8563e+01   2.1484e+01   1.3111e-03   2.8852e-02   3.1695e+02
20260713_03:00:00   1.8837e-01   5.1130e+01   2.2668e+01   3.1420e-06   2.2606e-03   3.1809e+02
20260713_06:00:00   1.8309e-01   4.9806e+01   2.1435e+01   0.0000e+00   1.0703e-04   3.1671e+02
20260713_09:00:00   1.8013e-01   4.9130e+01   2.0748e+01   0.0000e+00   0.0000e+00   3.1464e+02
20260713_12:00:00   1.7509e-01   4.7926e+01   2.0057e+01   0.0000e+00   0.0000e+00   3.1633e+02
