#            date       tau255        Tb[K]      pwv[mm] lwp[kg*m^-2] iwp[kg*m^-2]       o3[DU]
20251212_06:00:00   7.4977e-02   2.2379e+01   5.2606e+00   0.0000e+00   0.0000e+00   2.7225e+02
20251212_07:00:00   7.6137e-02   2.2658e+01   5.4864e+00   0.0000e+00   0.0000e+00   2.7328e+02
20251212_08:00:00   7.7165e-02   2.2909e+01   5.6716e+00   0.0000e+00   0.0000e+00   2.7370e+02
20251212_09:00:00   7.6927e-02   2.2832e+01   5.6556e+00   0.0000e+00   0.0000e+00   2.7167e+02
20251212_10:00:00   7.7267e-02   2.2908e+01   5.7135e+00   0.0000e+00   0.0000e+00   2.7178e+02
20251212_11:00:00   7.8222e-02   2.3148e+01   5.8562e+00   0.0000e+00   0.0000e+00   2.7114e+02
20251212_12:00:00   7.9229e-02   2.3395e+01   6.0120e+00   0.0000e+00   0.0000e+00   2.7251e+02
20251212_13:00:00   8.0125e-02   2.3606e+01   6.1561e+00   0.0000e+00   0.0000e+00   2.7441e+02
20251212_14:00:00   8.0424e-02   2.3670e+01   6.1829e+00   0.0000e+00   0.0000e+00   2.7642e+02
20251212_15:00:00   8.0870e-02   2.3769e+01   6.2339e+00   0.0000e+00   0.0000e+00   2.7834e+02
20251212_16:00:00   8.1181e-02   2.3843e+01   6.2695e+00   0.0000e+00   0.0000e+00   2.7888e+02
20251212_17:00:00   8.2050e-02   2.4076e+01   6.3986e+00   0.0000e+00   0.0000e+00   2.8136e+02
20251212_18:00:00   8.3634e-02   2.4488e+01   6.6301e+00   0.0000e+00   0.0000e+00   2.8474e+02
20251212_19:00:00   8.5583e-02   2.4993e+01   6.9189e+00   0.0000e+00   0.0000e+00   2.8470e+02
20251212_20:00:00   8.7315e-02   2.5440e+01   7.1518e+00   0.0000e+00   0.0000e+00   2.8118e+02
20251212_21:00:00   8.7397e-02   2.5473e+01   7.1596e+00   0.0000e+00   0.0000e+00   2.7697e+02
20251212_22:00:00   8.7935e-02   2.5609e+01   7.2220e+00   0.0000e+00   0.0000e+00   2.7341e+02
20251212_23:00:00   8.8198e-02   2.5670e+01   7.2125e+00   0.0000e+00   0.0000e+00   2.7396e+02
20251213_00:00:00   8.8083e-02   2.5630e+01   7.1525e+00   0.0000e+00   0.0000e+00   2.7776e+02
20251213_01:00:00   8.7864e-02   2.5566e+01   7.0756e+00   0.0000e+00   0.0000e+00   2.8144e+02
20251213_02:00:00   8.7451e-02   2.5452e+01   6.9723e+00   0.0000e+00   0.0000e+00   2.8289e+02
20251213_03:00:00   8.6900e-02   2.5306e+01   6.8645e+00   0.0000e+00   0.0000e+00   2.8373e+02
20251213_04:00:00   8.5970e-02   2.5064e+01   6.7177e+00   0.0000e+00   0.0000e+00   2.8420e+02
20251213_05:00:00   8.4915e-02   2.4799e+01   6.5575e+00   0.0000e+00   0.0000e+00   2.8317e+02
20251213_06:00:00   8.3739e-02   2.4505e+01   6.3697e+00   0.0000e+00   0.0000e+00   2.8110e+02
20251213_07:00:00   8.2486e-02   2.4191e+01   6.1624e+00   0.0000e+00   0.0000e+00   2.8141e+02
20251213_08:00:00   8.0960e-02   2.3812e+01   5.9379e+00   0.0000e+00   0.0000e+00   2.8167e+02
20251213_09:00:00   7.9001e-02   2.3317e+01   5.6534e+00   0.0000e+00   0.0000e+00   2.8157e+02
20251213_10:00:00   7.8313e-02   2.3142e+01   5.5230e+00   0.0000e+00   0.0000e+00   2.8315e+02
20251213_11:00:00   7.7177e-02   2.2849e+01   5.3597e+00   0.0000e+00   0.0000e+00   2.8370e+02
20251213_12:00:00   7.6387e-02   2.2642e+01   5.2545e+00   0.0000e+00   0.0000e+00   2.8496e+02
20251213_13:00:00   7.5578e-02   2.2432e+01   5.1697e+00   0.0000e+00   0.0000e+00   2.8679e+02
20251213_14:00:00   7.3215e-02   2.1834e+01   4.8401e+00   0.0000e+00   0.0000e+00   2.8843e+02
20251213_15:00:00   7.3216e-02   2.1834e+01   4.8364e+00   0.0000e+00   0.0000e+00   2.9001e+02
20251213_16:00:00   7.3649e-02   2.1954e+01   4.9127e+00   0.0000e+00   7.9480e-06   2.9213e+02
20251213_17:00:00   7.4715e-02   2.2239e+01   5.0793e+00   0.0000e+00   0.0000e+00   2.9201e+02
20251213_18:00:00   7.4085e-02   2.2087e+01   5.0611e+00   0.0000e+00   2.3540e-04   2.8980e+02
20251213_19:00:00   7.4623e-02   2.2216e+01   5.2363e+00   0.0000e+00   1.9316e-05   2.8503e+02
20251213_20:00:00   7.4561e-02   2.2210e+01   5.2471e+00   0.0000e+00   2.3616e-04   2.8153e+02
20251213_21:00:00   7.4001e-02   2.2071e+01   5.1671e+00   0.0000e+00   1.4248e-03   2.8000e+02
20251213_22:00:00   7.3476e-02   2.1936e+01   5.0738e+00   0.0000e+00   1.8408e-02   2.7719e+02
20251213_23:00:00   7.4138e-02   2.2086e+01   5.1793e+00   0.0000e+00   3.8338e-02   2.7604e+02
20251214_00:00:00   7.4851e-02   2.2240e+01   5.3461e+00   0.0000e+00   2.1196e-02   2.7601e+02
20251214_01:00:00   7.4117e-02   2.2061e+01   5.1991e+00   0.0000e+00   1.3602e-02   2.7641e+02
20251214_02:00:00   7.3864e-02   2.1992e+01   5.1553e+00   0.0000e+00   1.0564e-02   2.8034e+02
20251214_03:00:00   7.3614e-02   2.1934e+01   5.0665e+00   0.0000e+00   1.8541e-02   2.8504e+02
20251214_04:00:00   7.3785e-02   2.1979e+01   5.0472e+00   0.0000e+00   8.3092e-03   2.8447e+02
20251214_05:00:00   7.4777e-02   2.2232e+01   5.1398e+00   0.0000e+00   2.4169e-03   2.8301e+02
20251214_06:00:00   7.5695e-02   2.2464e+01   5.2587e+00   0.0000e+00   2.3500e-03   2.8274e+02
20251214_07:00:00   7.6295e-02   2.2606e+01   5.3507e+00   0.0000e+00   9.9455e-05   2.8314e+02
20251214_08:00:00   7.7310e-02   2.2850e+01   5.4938e+00   0.0000e+00   2.4300e-06   2.8320e+02
20251214_09:00:00   7.8939e-02   2.3247e+01   5.6874e+00   0.0000e+00   1.1016e-03   2.8201e+02
20251214_10:00:00   8.0070e-02   2.3507e+01   5.7676e+00   0.0000e+00   3.1458e-03   2.7911e+02
20251214_11:00:00   8.0407e-02   2.3565e+01   5.7379e+00   0.0000e+00   8.5594e-03   2.7636e+02
20251214_12:00:00   8.1933e-02   2.3934e+01   5.8893e+00   0.0000e+00   5.0220e-03   2.7314e+02
20251214_13:00:00   8.4905e-02   2.4670e+01   6.2118e+00   0.0000e+00   4.4182e-03   2.7197e+02
20251214_14:00:00   1.0301e-01   2.9208e+01   6.8257e+00   1.5105e-02   5.0688e-03   2.7389e+02
20251214_15:00:00   1.4084e-01   3.8461e+01   7.4716e+00   5.3080e-02   5.7597e-03   2.7354e+02
20251214_16:00:00   1.4822e-01   4.0196e+01   7.7526e+00   5.8300e-02   5.4190e-03   2.7217e+02
20251214_17:00:00   1.3909e-01   3.8003e+01   8.2510e+00   4.1800e-02   3.9411e-03   2.7211e+02
20251214_18:00:00   1.4991e-01   4.0611e+01   8.7672e+00   4.8630e-02   2.7456e-03   2.6940e+02
20251214_19:00:00   1.8117e-01   4.7944e+01   9.2025e+00   8.0640e-02   3.8593e-03   2.6755e+02
20251214_20:00:00   1.6974e-01   4.5312e+01   9.4595e+00   6.5090e-02   2.5760e-03   2.6808e+02
20251214_21:00:00   1.4628e-01   3.9770e+01   9.5854e+00   3.6620e-02   3.2814e-03   2.6980e+02
20251214_22:00:00   1.2366e-01   3.4304e+01   9.4006e+00   1.2146e-02   2.0094e-03   2.6991e+02
20251214_23:00:00   1.3134e-01   3.6167e+01   9.2798e+00   2.3240e-02   2.7836e-03   2.6897e+02
20251215_00:00:00   1.2509e-01   3.4632e+01   8.9495e+00   1.9203e-02   9.2494e-04   2.6870e+02
20251215_01:00:00   1.1178e-01   3.1365e+01   8.8124e+00   5.1300e-03   2.2148e-04   2.6982e+02
20251215_02:00:00   1.0737e-01   3.0279e+01   8.8200e+00   1.1861e-05   5.2620e-05   2.7113e+02
20251215_03:00:00   1.0733e-01   3.0299e+01   8.7767e+00   0.0000e+00   1.4184e-04   2.7071e+02
20251215_04:00:00   1.0857e-01   3.0616e+01   8.8364e+00   9.8380e-07   1.9124e-05   2.7066e+02
20251215_05:00:00   1.0985e-01   3.0950e+01   8.9436e+00   1.9030e-05   4.6483e-04   2.7038e+02
20251215_06:00:00   1.0929e-01   3.0844e+01   8.8608e+00   1.9450e-05   3.5835e-03   2.7195e+02
20251215_07:00:00   1.0725e-01   3.0364e+01   8.6191e+00   0.0000e+00   2.4933e-03   2.7332e+02
20251215_08:00:00   1.0600e-01   3.0066e+01   8.5106e+00   0.0000e+00   3.5781e-03   2.7264e+02
20251215_09:00:00   1.0276e-01   2.9262e+01   8.2095e+00   0.0000e+00   1.4088e-02   2.7180e+02
20251215_10:00:00   1.0034e-01   2.8662e+01   7.9717e+00   0.0000e+00   2.1920e-02   2.7245e+02
20251215_11:00:00   1.0444e-01   2.9677e+01   8.5573e+00   0.0000e+00   2.5582e-02   2.7344e+02
20251215_12:00:00   1.1027e-01   3.1108e+01   9.4024e+00   0.0000e+00   2.7174e-02   2.7189e+02
20251215_13:00:00   1.1596e-01   3.2485e+01   1.0186e+01   0.0000e+00   2.0682e-02   2.7118e+02
20251215_14:00:00   1.1471e-01   3.2177e+01   1.0140e+01   0.0000e+00   1.6614e-02   2.7194e+02
20251215_15:00:00   1.1785e-01   3.2951e+01   1.0687e+01   1.8530e-05   2.5134e-02   2.7372e+02
20251215_16:00:00   1.2389e-01   3.4448e+01   1.1635e+01   0.0000e+00   5.2746e-02   2.7341e+02
20251215_17:00:00   1.3273e-01   3.6596e+01   1.2890e+01   0.0000e+00   4.0477e-02   2.7336e+02
20251215_18:00:00   1.4410e-01   3.9333e+01   1.4358e+01   0.0000e+00   7.9353e-02   2.7210e+02
20251215_19:00:00   1.5665e-01   4.2299e+01   1.5800e+01   0.0000e+00   7.4211e-02   2.7230e+02
20251215_20:00:00   1.6119e-01   4.3402e+01   1.6274e+01   0.0000e+00   8.4971e-02   2.7301e+02
20251215_21:00:00   1.6566e-01   4.4456e+01   1.6822e+01   0.0000e+00   6.0549e-02   2.7346e+02
20251215_22:00:00   1.6622e-01   4.4586e+01   1.6959e+01   0.0000e+00   4.6379e-02   2.7300e+02
20251215_23:00:00   1.6065e-01   4.3310e+01   1.6224e+01   0.0000e+00   4.7613e-02   2.7245e+02
20251216_00:00:00   1.5750e-01   4.2557e+01   1.5784e+01   0.0000e+00   4.1576e-02   2.7226e+02
20251216_01:00:00   1.4746e-01   4.0189e+01   1.4450e+01   0.0000e+00   6.3632e-02   2.7144e+02
20251216_02:00:00   1.3653e-01   3.7613e+01   1.2901e+01   0.0000e+00   3.4362e-02   2.7034e+02
20251216_03:00:00   1.3244e-01   3.6612e+01   1.2375e+01   0.0000e+00   4.9355e-02   2.7049e+02
20251216_04:00:00   1.2973e-01   3.5942e+01   1.2180e+01   0.0000e+00   9.8296e-02   2.7252e+02
20251216_05:00:00   1.3178e-01   3.6353e+01   1.2739e+01   0.0000e+00   1.8537e-01   2.7459e+02
20251216_06:00:00   1.3010e-01   3.5927e+01   1.2598e+01   0.0000e+00   1.8880e-01   2.7401e+02
20251216_07:00:00   1.2670e-01   3.5066e+01   1.2320e+01   0.0000e+00   2.5825e-01   2.7440e+02
20251216_08:00:00   1.3112e-01   3.6082e+01   1.3072e+01   0.0000e+00   2.8448e-01   2.7515e+02
20251216_09:00:00   1.3268e-01   3.6407e+01   1.3574e+01   0.0000e+00   1.8069e-01   2.7678e+02
20251216_10:00:00   1.2811e-01   3.5370e+01   1.2905e+01   0.0000e+00   2.3695e-02   2.7607e+02
20251216_11:00:00   1.3139e-01   3.6190e+01   1.3053e+01   0.0000e+00   3.4340e-06   2.7446e+02
20251216_12:00:00   1.3048e-01   3.5946e+01   1.2882e+01   0.0000e+00   0.0000e+00   2.7314e+02
20251216_13:00:00   1.2237e-01   3.3976e+01   1.1833e+01   0.0000e+00   0.0000e+00   2.7418e+02
20251216_14:00:00   1.1847e-01   3.3001e+01   1.1322e+01   0.0000e+00   0.0000e+00   2.7433e+02
20251216_15:00:00   1.1816e-01   3.2944e+01   1.1127e+01   0.0000e+00   0.0000e+00   2.7298e+02
20251216_16:00:00   1.1452e-01   3.2062e+01   1.0677e+01   0.0000e+00   0.0000e+00   2.7156e+02
20251216_17:00:00   1.1211e-01   3.1506e+01   1.0324e+01   0.0000e+00   3.2360e-05   2.7210e+02
20251216_18:00:00   1.1009e-01   3.1025e+01   1.0103e+01   0.0000e+00   0.0000e+00   2.7197e+02
20251216_19:00:00   1.0707e-01   3.0299e+01   9.7575e+00   0.0000e+00   0.0000e+00   2.7199e+02
20251216_20:00:00   1.0519e-01   2.9851e+01   9.5411e+00   0.0000e+00   0.0000e+00   2.6983e+02
20251216_21:00:00   1.0843e-01   3.0648e+01   9.9756e+00   0.0000e+00   0.0000e+00   2.6754e+02
20251216_22:00:00   1.1147e-01   3.1391e+01   1.0342e+01   0.0000e+00   0.0000e+00   2.6886e+02
20251216_23:00:00   1.1056e-01   3.1142e+01   1.0177e+01   0.0000e+00   0.0000e+00   2.7049e+02
20251217_00:00:00   1.0232e-01   2.9082e+01   9.0889e+00   0.0000e+00   0.0000e+00   2.7102e+02
20251217_01:00:00   9.4632e-02   2.7135e+01   8.0565e+00   0.0000e+00   0.0000e+00   2.6987e+02
20251217_02:00:00   8.7468e-02   2.5319e+01   7.1115e+00   0.0000e+00   2.4040e-05   2.6727e+02
20251217_03:00:00   8.4145e-02   2.4449e+01   6.6940e+00   0.0000e+00   1.0560e-03   2.6669e+02
20251217_04:00:00   8.4705e-02   2.4599e+01   6.7269e+00   0.0000e+00   4.3120e-05   2.6587e+02
20251217_05:00:00   8.5205e-02   2.4743e+01   6.7292e+00   0.0000e+00   0.0000e+00   2.6378e+02
20251217_06:00:00   8.1512e-02   2.3843e+01   6.0723e+00   0.0000e+00   0.0000e+00   2.6153e+02
20251217_09:00:00   7.3866e-02   2.1907e+01   4.9337e+00   0.0000e+00   0.0000e+00   2.6193e+02
20251217_12:00:00   7.2118e-02   2.1466e+01   4.6797e+00   0.0000e+00   0.0000e+00   2.6238e+02
20251217_15:00:00   7.1920e-02   2.1421e+01   4.5668e+00   0.0000e+00   0.0000e+00   2.6094e+02
20251217_18:00:00   6.9254e-02   2.0794e+01   4.3118e+00   0.0000e+00   0.0000e+00   2.5919e+02
20251217_21:00:00   7.2331e-02   2.1629e+01   4.8360e+00   0.0000e+00   0.0000e+00   2.5726e+02
20251218_00:00:00   7.2226e-02   2.1622e+01   4.8199e+00   0.0000e+00   0.0000e+00   2.5797e+02
20251218_03:00:00   7.2671e-02   2.1732e+01   4.8229e+00   0.0000e+00   0.0000e+00   2.5586e+02
20251218_06:00:00   6.9882e-02   2.0989e+01   4.4875e+00   0.0000e+00   0.0000e+00   2.5400e+02
20251218_09:00:00   7.2798e-02   2.1713e+01   5.0485e+00   0.0000e+00   0.0000e+00   2.5199e+02
20251218_12:00:00   7.8700e-02   2.3194e+01   6.0617e+00   0.0000e+00   0.0000e+00   2.5386e+02
20251218_15:00:00   8.1577e-02   2.3934e+01   6.5846e+00   0.0000e+00   0.0000e+00   2.5364e+02
20251218_18:00:00   8.7046e-02   2.5403e+01   7.3432e+00   0.0000e+00   0.0000e+00   2.5559e+02
20251218_21:00:00   9.4097e-02   2.7256e+01   8.3205e+00   0.0000e+00   0.0000e+00   2.5447e+02
20251219_00:00:00   8.7222e-02   2.5516e+01   7.2374e+00   0.0000e+00   0.0000e+00   2.5344e+02
20251219_03:00:00   8.4607e-02   2.4828e+01   6.8324e+00   0.0000e+00   0.0000e+00   2.5298e+02
20251219_06:00:00   9.2650e-02   2.6857e+01   7.9427e+00   0.0000e+00   0.0000e+00   2.5144e+02
20251219_09:00:00   9.1349e-02   2.6545e+01   7.7090e+00   0.0000e+00   0.0000e+00   2.5059e+02
20251219_12:00:00   8.6897e-02   2.5381e+01   7.1377e+00   0.0000e+00   0.0000e+00   2.5137e+02
20251219_15:00:00   8.3500e-02   2.4521e+01   6.6162e+00   0.0000e+00   0.0000e+00   2.5552e+02
20251219_18:00:00   8.1049e-02   2.3943e+01   6.2791e+00   0.0000e+00   0.0000e+00   2.5543e+02
20251219_21:00:00   8.1857e-02   2.4123e+01   6.6238e+00   0.0000e+00   0.0000e+00   2.5466e+02
20251220_00:00:00   7.5130e-02   2.2400e+01   5.5071e+00   0.0000e+00   0.0000e+00   2.5197e+02
20251220_03:00:00   7.1302e-02   2.1360e+01   4.9675e+00   0.0000e+00   0.0000e+00   2.5163e+02
20251220_06:00:00   6.9157e-02   2.0789e+01   4.5759e+00   0.0000e+00   0.0000e+00   2.5271e+02
20251220_09:00:00   7.5003e-02   2.2194e+01   5.7976e+00   0.0000e+00   5.5510e-04   2.5277e+02
20251220_12:00:00   7.8425e-02   2.3051e+01   6.4099e+00   0.0000e+00   4.3100e-05   2.5415e+02
20251220_15:00:00   7.8567e-02   2.3127e+01   6.2391e+00   0.0000e+00   0.0000e+00   2.5641e+02
20251220_18:00:00   7.7960e-02   2.3012e+01   6.1165e+00   0.0000e+00   0.0000e+00   2.5607e+02
20251220_21:00:00   7.8557e-02   2.3211e+01   6.2412e+00   0.0000e+00   0.0000e+00   2.5383e+02
20251221_00:00:00   7.7362e-02   2.2955e+01   5.9640e+00   0.0000e+00   0.0000e+00   2.5291e+02
20251221_03:00:00   7.4519e-02   2.2227e+01   5.4478e+00   0.0000e+00   0.0000e+00   2.5296e+02
20251221_06:00:00   7.5353e-02   2.2396e+01   5.6307e+00   0.0000e+00   0.0000e+00   2.5297e+02
20251221_09:00:00   8.0229e-02   2.3666e+01   6.4155e+00   0.0000e+00   0.0000e+00   2.5305e+02
20251221_12:00:00   7.7276e-02   2.2929e+01   5.9137e+00   0.0000e+00   5.1980e-04   2.5239e+02
20251221_15:00:00   7.5802e-02   2.2555e+01   5.6162e+00   0.0000e+00   1.3500e-03   2.5330e+02
20251221_18:00:00   7.6335e-02   2.2737e+01   5.6954e+00   0.0000e+00   1.0893e-03   2.5175e+02
20251221_21:00:00   7.7184e-02   2.3008e+01   5.9540e+00   0.0000e+00   4.9340e-04   2.4946e+02
20251222_00:00:00   8.1108e-02   2.3979e+01   6.7653e+00   0.0000e+00   2.8942e-03   2.5102e+02
20251222_03:00:00   8.6664e-02   2.5356e+01   7.8951e+00   0.0000e+00   1.0579e-02   2.5405e+02
20251222_06:00:00   9.0455e-02   2.6343e+01   8.4840e+00   0.0000e+00   1.5752e-02   2.5546e+02
20251222_09:00:00   9.3151e-02   2.6958e+01   9.0368e+00   0.0000e+00   8.9927e-02   2.5767e+02
20251222_12:00:00   9.3307e-02   2.6953e+01   9.1670e+00   0.0000e+00   5.7032e-03   2.5962e+02
20251222_15:00:00   9.1290e-02   2.6433e+01   8.8410e+00   0.0000e+00   1.9728e-02   2.6237e+02
20251222_18:00:00   8.6763e-02   2.5333e+01   8.0671e+00   0.0000e+00   2.3606e-03   2.6133e+02
20251222_21:00:00   8.5495e-02   2.4970e+01   7.8632e+00   0.0000e+00   6.3362e-03   2.6015e+02
20251223_00:00:00   8.6008e-02   2.5063e+01   7.8539e+00   0.0000e+00   2.9018e-02   2.5640e+02
20251223_03:00:00   9.4511e-02   2.7031e+01   9.2411e+00   0.0000e+00   3.1335e-01   2.5439e+02
20251223_06:00:00   8.5182e-02   2.4868e+01   7.4460e+00   0.0000e+00   5.3770e-03   2.5691e+02
20251223_09:00:00   8.2256e-02   2.4171e+01   6.7672e+00   0.0000e+00   5.4659e-03   2.5848e+02
20251223_12:00:00   8.1835e-02   2.4110e+01   6.4547e+00   0.0000e+00   6.2121e-03   2.6217e+02
20251223_15:00:00   9.0078e-02   2.6245e+01   7.6143e+00   0.0000e+00   1.0957e-02   2.6304e+02
20251223_18:00:00   9.7770e-02   2.8228e+01   8.7907e+00   0.0000e+00   6.1433e-03   2.6413e+02
20251223_21:00:00   1.0158e-01   2.9212e+01   9.4262e+00   0.0000e+00   6.8829e-02   2.6446e+02
20251224_00:00:00   1.0412e-01   2.9836e+01   9.7315e+00   0.0000e+00   7.5278e-03   2.6525e+02
20251224_03:00:00   1.0497e-01   2.9938e+01   1.0103e+01   0.0000e+00   2.4133e-03   2.6273e+02
20251224_06:00:00   1.0865e-01   3.0653e+01   1.1244e+01   0.0000e+00   7.6523e-03   2.6340e+02
20251224_09:00:00   1.0733e-01   3.0261e+01   1.1126e+01   0.0000e+00   5.7774e-02   2.6157e+02
20251224_12:00:00   1.3090e-01   3.5826e+01   1.4802e+01   0.0000e+00   9.4452e-02   2.6007e+02
20251224_15:00:00   1.2767e-01   3.5076e+01   1.4277e+01   0.0000e+00   3.5933e-03   2.6160e+02
20251224_18:00:00   1.3757e-01   3.7465e+01   1.5558e+01   0.0000e+00   6.5112e-03   2.6183e+02
20251224_21:00:00   1.4397e-01   3.9170e+01   1.6132e+01   0.0000e+00   2.4820e-03   2.6344e+02
20251225_00:00:00   1.4527e-01   3.9546e+01   1.6195e+01   0.0000e+00   2.9060e-05   2.6421e+02
20251225_03:00:00   1.2811e-01   3.5540e+01   1.3664e+01   0.0000e+00   0.0000e+00   2.6312e+02
20251225_06:00:00   1.2133e-01   3.4036e+01   1.2158e+01   0.0000e+00   0.0000e+00   2.6541e+02
20251225_09:00:00   1.3035e-01   3.6263e+01   1.3037e+01   0.0000e+00   0.0000e+00   2.6440e+02
20251225_12:00:00   1.3824e-01   3.8112e+01   1.4533e+01   0.0000e+00   0.0000e+00   2.6232e+02
20251225_15:00:00   1.3920e-01   3.8205e+01   1.4960e+01   0.0000e+00   0.0000e+00   2.6305e+02
20251225_18:00:00   1.3375e-01   3.6978e+01   1.4267e+01   0.0000e+00   1.0192e-04   2.6327e+02
20251225_21:00:00   1.3940e-01   3.8361e+01   1.5003e+01   0.0000e+00   2.4223e-04   2.6584e+02
20251226_00:00:00   1.5485e-01   4.1922e+01   1.7096e+01   0.0000e+00   2.0919e-04   2.6424e+02
20251226_03:00:00   1.5572e-01   4.1850e+01   1.7189e+01   0.0000e+00   1.0829e-03   2.6327e+02
20251226_06:00:00   1.7116e-01   4.5194e+01   1.8442e+01   6.4867e-03   7.6325e-02   2.6292e+02
20251226_09:00:00   1.6621e-01   4.4037e+01   1.7457e+01   5.1560e-03   4.1633e-03   2.6101e+02
20251226_12:00:00   1.6754e-01   4.4239e+01   1.7596e+01   3.1676e-03   8.9739e-03   2.6125e+02
20251226_15:00:00   1.6488e-01   4.3619e+01   1.7642e+01   0.0000e+00   4.1168e-04   2.6267e+02
20251226_18:00:00   1.6710e-01   4.4200e+01   1.8150e+01   0.0000e+00   1.4181e-01   2.6218e+02
20251226_21:00:00   1.6230e-01   4.3125e+01   1.7574e+01   0.0000e+00   7.3082e-05   2.6205e+02
20251227_00:00:00   1.5559e-01   4.1734e+01   1.6423e+01   0.0000e+00   2.8910e-04   2.6062e+02
20251227_03:00:00   1.4145e-01   3.8618e+01   1.4261e+01   0.0000e+00   0.0000e+00   2.6713e+02
20251227_06:00:00   1.3665e-01   3.7598e+01   1.3574e+01   0.0000e+00   0.0000e+00   2.6503e+02
20251227_09:00:00   1.3466e-01   3.7291e+01   1.3180e+01   0.0000e+00   0.0000e+00   2.6879e+02
20251227_12:00:00   1.3267e-01   3.6936e+01   1.2707e+01   0.0000e+00   0.0000e+00   2.7548e+02
20251227_15:00:00   1.2856e-01   3.5983e+01   1.2131e+01   0.0000e+00   0.0000e+00   2.7165e+02
20251227_18:00:00   1.3130e-01   3.6735e+01   1.2480e+01   0.0000e+00   0.0000e+00   2.6312e+02
20251227_21:00:00   1.3102e-01   3.6731e+01   1.2712e+01   0.0000e+00   0.0000e+00   2.6377e+02
20251228_00:00:00   1.1736e-01   3.3378e+01   1.0838e+01   0.0000e+00   0.0000e+00   2.6817e+02
20251228_03:00:00   1.0704e-01   3.0799e+01   9.2906e+00   0.0000e+00   0.0000e+00   2.6652e+02
20251228_06:00:00   9.5419e-02   2.7830e+01   7.7429e+00   0.0000e+00   0.0000e+00   2.6615e+02
