#            date       tau255        Tb[K]      pwv[mm] lwp[kg*m^-2] iwp[kg*m^-2]       o3[DU]
20251230_06:00:00   2.3014e-01   5.8010e+01   1.5273e+01   9.0917e-02   3.6126e-03   2.5490e+02
20251230_07:00:00   2.4573e-01   6.1358e+01   1.5329e+01   1.0850e-01   1.6530e-03   2.5555e+02
20251230_08:00:00   2.2821e-01   5.7602e+01   1.5406e+01   8.7980e-02   9.9988e-04   2.5853e+02
20251230_09:00:00   1.5915e-01   4.2083e+01   1.5194e+01   1.2502e-02   8.8352e-04   2.6356e+02
20251230_10:00:00   1.4763e-01   3.9401e+01   1.5122e+01   0.0000e+00   3.9183e-04   2.6770e+02
20251230_11:00:00   1.5080e-01   4.0186e+01   1.5403e+01   7.6520e-05   3.4455e-04   2.7236e+02
20251230_12:00:00   1.5019e-01   4.0103e+01   1.5336e+01   0.0000e+00   3.4060e-04   2.7834e+02
20251230_13:00:00   1.4961e-01   3.9973e+01   1.5291e+01   0.0000e+00   4.9565e-04   2.7978e+02
20251230_14:00:00   1.4455e-01   3.8803e+01   1.4581e+01   0.0000e+00   9.8521e-04   2.7817e+02
20251230_15:00:00   1.4053e-01   3.7870e+01   1.4012e+01   0.0000e+00   1.5100e-03   2.8030e+02
20251230_16:00:00   1.3903e-01   3.7574e+01   1.3698e+01   0.0000e+00   3.1852e-03   2.8251e+02
20251230_17:00:00   1.3736e-01   3.7227e+01   1.3402e+01   0.0000e+00   4.5687e-03   2.8177e+02
20251230_18:00:00   1.3442e-01   3.6588e+01   1.3074e+01   0.0000e+00   2.0985e-03   2.8319e+02
20251230_19:00:00   1.3190e-01   3.6011e+01   1.2850e+01   0.0000e+00   1.6780e-03   2.8684e+02
20251230_20:00:00   1.3092e-01   3.5826e+01   1.2854e+01   0.0000e+00   1.9794e-03   2.8461e+02
20251230_21:00:00   1.3252e-01   3.6224e+01   1.3106e+01   0.0000e+00   1.7973e-04   2.7830e+02
20251230_22:00:00   1.3068e-01   3.5828e+01   1.2976e+01   0.0000e+00   1.4573e-03   2.7665e+02
20251230_23:00:00   1.3021e-01   3.5731e+01   1.2976e+01   0.0000e+00   1.2070e-03   2.7781e+02
20251231_00:00:00   1.2871e-01   3.5390e+01   1.2756e+01   0.0000e+00   2.7589e-03   2.8052e+02
20251231_01:00:00   1.2697e-01   3.5008e+01   1.2532e+01   0.0000e+00   1.9348e-03   2.8048e+02
20251231_02:00:00   1.2672e-01   3.4942e+01   1.2494e+01   0.0000e+00   5.3952e-03   2.8230e+02
20251231_03:00:00   1.2617e-01   3.4815e+01   1.2431e+01   0.0000e+00   3.4279e-03   2.8104e+02
20251231_04:00:00   1.2791e-01   3.5252e+01   1.2642e+01   0.0000e+00   5.4167e-03   2.8095e+02
20251231_05:00:00   1.3041e-01   3.5883e+01   1.2950e+01   0.0000e+00   6.8468e-03   2.8454e+02
20251231_06:00:00   1.3139e-01   3.6132e+01   1.3101e+01   0.0000e+00   1.1850e-02   2.8241e+02
20251231_07:00:00   1.3109e-01   3.6078e+01   1.3161e+01   0.0000e+00   1.9224e-03   2.8107e+02
20251231_08:00:00   1.3239e-01   3.6370e+01   1.3397e+01   0.0000e+00   4.0547e-03   2.7871e+02
20251231_09:00:00   1.3123e-01   3.6094e+01   1.3303e+01   0.0000e+00   7.4278e-04   2.7986e+02
20251231_10:00:00   1.2876e-01   3.5508e+01   1.3002e+01   0.0000e+00   3.9575e-04   2.8393e+02
20251231_11:00:00   1.2515e-01   3.4663e+01   1.2571e+01   0.0000e+00   6.3961e-04   2.8322e+02
20251231_12:00:00   1.2247e-01   3.4024e+01   1.2346e+01   0.0000e+00   2.1458e-03   2.8428e+02
20251231_13:00:00   1.2273e-01   3.4063e+01   1.2427e+01   0.0000e+00   1.7960e-04   2.8284e+02
20251231_14:00:00   1.2171e-01   3.3800e+01   1.2305e+01   0.0000e+00   6.1520e-05   2.8430e+02
20251231_15:00:00   1.2234e-01   3.3931e+01   1.2432e+01   0.0000e+00   1.0736e-04   2.8333e+02
20251231_16:00:00   1.2122e-01   3.3687e+01   1.2357e+01   0.0000e+00   4.1600e-05   2.7902e+02
20251231_17:00:00   1.2109e-01   3.3683e+01   1.2444e+01   0.0000e+00   9.1300e-06   2.7327e+02
20251231_18:00:00   1.2309e-01   3.4175e+01   1.2899e+01   0.0000e+00   9.9586e-04   2.7044e+02
20251231_19:00:00   1.2868e-01   3.5498e+01   1.3880e+01   0.0000e+00   5.8136e-04   2.7199e+02
20251231_20:00:00   1.3204e-01   3.6300e+01   1.4498e+01   0.0000e+00   3.4074e-04   2.7327e+02
20251231_21:00:00   1.3389e-01   3.6743e+01   1.4910e+01   0.0000e+00   3.5703e-03   2.7164e+02
20251231_22:00:00   1.3549e-01   3.7089e+01   1.5271e+01   0.0000e+00   4.6101e-03   2.7102e+02
20251231_23:00:00   1.3544e-01   3.7063e+01   1.5307e+01   0.0000e+00   2.4168e-03   2.6865e+02
20260101_00:00:00   1.3703e-01   3.7426e+01   1.5526e+01   0.0000e+00   5.9498e-03   2.6777e+02
20260101_01:00:00   1.4343e-01   3.8968e+01   1.6291e+01   0.0000e+00   3.9312e-03   2.6769e+02
20260101_02:00:00   1.5560e-01   4.1878e+01   1.7777e+01   0.0000e+00   5.2222e-03   2.6469e+02
20260101_03:00:00   1.5784e-01   4.2437e+01   1.8125e+01   0.0000e+00   2.9883e-03   2.6118e+02
20260101_04:00:00   1.6328e-01   4.3730e+01   1.8762e+01   0.0000e+00   6.4949e-04   2.5948e+02
20260101_05:00:00   1.7313e-01   4.6006e+01   1.9939e+01   0.0000e+00   2.9025e-03   2.6067e+02
20260101_06:00:00   1.8273e-01   4.8176e+01   2.1137e+01   0.0000e+00   2.0459e-03   2.6173e+02
20260101_07:00:00   1.8852e-01   4.9479e+01   2.1683e+01   1.4458e-03   9.6432e-03   2.6226e+02
20260101_08:00:00   1.9053e-01   4.9928e+01   2.1885e+01   4.4760e-04   6.7136e-02   2.6386e+02
20260101_09:00:00   1.9063e-01   4.9936e+01   2.1975e+01   0.0000e+00   4.7982e-02   2.6278e+02
20260101_10:00:00   1.9311e-01   5.0446e+01   2.2275e+01   0.0000e+00   3.1951e-02   2.6225e+02
20260101_11:00:00   1.9513e-01   5.0886e+01   2.2451e+01   0.0000e+00   7.7460e-02   2.6364e+02
20260101_12:00:00   1.9692e-01   5.1287e+01   2.2504e+01   0.0000e+00   8.6837e-02   2.6212e+02
20260101_13:00:00   1.9372e-01   5.0559e+01   2.2138e+01   0.0000e+00   8.7264e-02   2.6195e+02
20260101_14:00:00   1.7774e-01   4.6906e+01   2.0316e+01   0.0000e+00   5.5803e-02   2.6190e+02
20260101_15:00:00   1.6960e-01   4.5019e+01   1.9194e+01   2.1460e-05   8.2904e-02   2.6231e+02
20260101_16:00:00   1.7259e-01   4.5667e+01   1.9670e+01   0.0000e+00   8.0253e-02   2.6232e+02
20260101_17:00:00   1.6615e-01   4.4170e+01   1.8881e+01   6.4380e-05   1.5067e-01   2.6332e+02
20260101_18:00:00   1.5609e-01   4.1834e+01   1.7538e+01   2.0180e-04   2.4721e-01   2.6459e+02
20260101_19:00:00   1.4032e-01   3.8202e+01   1.5284e+01   0.0000e+00   9.6400e-02   2.6459e+02
20260101_20:00:00   1.3076e-01   3.6104e+01   1.3459e+01   0.0000e+00   1.7253e-02   2.6536e+02
20260101_21:00:00   1.3181e-01   3.6417e+01   1.3157e+01   1.7170e-06   5.0986e-02   2.6675e+02
20260101_22:00:00   1.2815e-01   3.5564e+01   1.2549e+01   0.0000e+00   3.2114e-02   2.6724e+02
20260101_23:00:00   1.2047e-01   3.3729e+01   1.1346e+01   3.4330e-06   1.0299e-02   2.6813e+02
20260102_00:00:00   1.1922e-01   3.3397e+01   1.1128e+01   0.0000e+00   1.4733e-02   2.6936e+02
20260102_01:00:00   1.1851e-01   3.3209e+01   1.0981e+01   0.0000e+00   4.5280e-02   2.6957e+02
20260102_02:00:00   1.1816e-01   3.3143e+01   1.0839e+01   0.0000e+00   4.7851e-02   2.7047e+02
20260102_03:00:00   1.1852e-01   3.3229e+01   1.0924e+01   0.0000e+00   9.1750e-03   2.7081e+02
20260102_04:00:00   1.2164e-01   3.3971e+01   1.1392e+01   0.0000e+00   1.0486e-03   2.7204e+02
20260102_05:00:00   1.2937e-01   3.5799e+01   1.2515e+01   0.0000e+00   1.9180e-05   2.7349e+02
20260102_06:00:00   1.3311e-01   3.6691e+01   1.2965e+01   0.0000e+00   0.0000e+00   2.7425e+02
20260102_07:00:00   1.2853e-01   3.5628e+01   1.2151e+01   0.0000e+00   0.0000e+00   2.7471e+02
20260102_08:00:00   1.2407e-01   3.4568e+01   1.1464e+01   0.0000e+00   0.0000e+00   2.7456e+02
20260102_09:00:00   1.2298e-01   3.4306e+01   1.1131e+01   0.0000e+00   0.0000e+00   2.7436e+02
20260102_10:00:00   1.2769e-01   3.5413e+01   1.1434e+01   0.0000e+00   2.8480e-04   2.7359e+02
20260102_11:00:00   1.3155e-01   3.6315e+01   1.1729e+01   0.0000e+00   2.2197e-03   2.7391e+02
20260102_12:00:00   1.2702e-01   3.5190e+01   1.1108e+01   0.0000e+00   1.3262e-03   2.7389e+02
20260102_13:00:00   1.2160e-01   3.3852e+01   1.0441e+01   0.0000e+00   1.1321e-03   2.7439e+02
20260102_14:00:00   1.1396e-01   3.1964e+01   9.5766e+00   0.0000e+00   9.3680e-05   2.7455e+02
20260102_15:00:00   1.0741e-01   3.0352e+01   8.9656e+00   0.0000e+00   0.0000e+00   2.7343e+02
20260102_16:00:00   1.0560e-01   2.9926e+01   8.9085e+00   0.0000e+00   0.0000e+00   2.7322e+02
20260102_17:00:00   1.0713e-01   3.0329e+01   9.1399e+00   0.0000e+00   0.0000e+00   2.7229e+02
20260102_18:00:00   1.0930e-01   3.0897e+01   9.3892e+00   0.0000e+00   0.0000e+00   2.7088e+02
20260102_19:00:00   1.0869e-01   3.0779e+01   9.3067e+00   0.0000e+00   0.0000e+00   2.7055e+02
20260102_20:00:00   1.0771e-01   3.0562e+01   9.1885e+00   0.0000e+00   0.0000e+00   2.7069e+02
20260102_21:00:00   1.0695e-01   3.0393e+01   9.1286e+00   0.0000e+00   2.0016e-04   2.7066e+02
20260102_22:00:00   1.0723e-01   3.0466e+01   9.1888e+00   0.0000e+00   3.2282e-04   2.7156e+02
20260102_23:00:00   1.0725e-01   3.0460e+01   9.1796e+00   0.0000e+00   4.8580e-06   2.7227e+02
20260103_00:00:00   1.0670e-01   3.0300e+01   9.0378e+00   0.0000e+00   0.0000e+00   2.7143e+02
20260103_01:00:00   1.0391e-01   2.9606e+01   8.6309e+00   0.0000e+00   0.0000e+00   2.7033e+02
20260103_02:00:00   1.0303e-01   2.9371e+01   8.5319e+00   0.0000e+00   0.0000e+00   2.7009e+02
20260103_03:00:00   1.0175e-01   2.9047e+01   8.3819e+00   0.0000e+00   1.9364e-04   2.6918e+02
20260103_04:00:00   9.8831e-02   2.8314e+01   8.0535e+00   0.0000e+00   3.2357e-04   2.6804e+02
20260103_05:00:00   9.7889e-02   2.8060e+01   8.0232e+00   0.0000e+00   1.1732e-03   2.6775e+02
20260103_06:00:00   9.7312e-02   2.7900e+01   7.9950e+00   0.0000e+00   1.5008e-03   2.6784e+02
20260103_07:00:00   9.6971e-02   2.7802e+01   7.9861e+00   0.0000e+00   2.4121e-04   2.6775e+02
20260103_08:00:00   9.6450e-02   2.7659e+01   7.9804e+00   0.0000e+00   1.0790e-03   2.6841e+02
20260103_09:00:00   9.5546e-02   2.7412e+01   7.9645e+00   0.0000e+00   3.0080e-04   2.6848e+02
20260103_10:00:00   9.5469e-02   2.7377e+01   8.0012e+00   0.0000e+00   5.6368e-04   2.6917e+02
20260103_11:00:00   9.5351e-02   2.7322e+01   8.0667e+00   0.0000e+00   1.8686e-03   2.6954e+02
20260103_12:00:00   9.4568e-02   2.7107e+01   8.0441e+00   0.0000e+00   3.1015e-03   2.7031e+02
20260103_13:00:00   9.5013e-02   2.7193e+01   8.1835e+00   0.0000e+00   8.7516e-03   2.7064e+02
20260103_14:00:00   9.3500e-02   2.6829e+01   7.9721e+00   0.0000e+00   1.4576e-05   2.7108e+02
20260103_15:00:00   9.2418e-02   2.6574e+01   7.8101e+00   0.0000e+00   0.0000e+00   2.6868e+02
20260103_16:00:00   9.2185e-02   2.6547e+01   7.7618e+00   0.0000e+00   0.0000e+00   2.6674e+02
20260103_17:00:00   9.1855e-02   2.6498e+01   7.7096e+00   0.0000e+00   0.0000e+00   2.6674e+02
20260103_18:00:00   8.9352e-02   2.5900e+01   7.4387e+00   0.0000e+00   0.0000e+00   2.6604e+02
20260103_19:00:00   8.9915e-02   2.6058e+01   7.5964e+00   0.0000e+00   0.0000e+00   2.6604e+02
20260103_20:00:00   8.9924e-02   2.6067e+01   7.6725e+00   0.0000e+00   0.0000e+00   2.6521e+02
20260103_21:00:00   8.8823e-02   2.5790e+01   7.5902e+00   0.0000e+00   3.6560e-05   2.6480e+02
20260103_22:00:00   8.8752e-02   2.5766e+01   7.6258e+00   0.0000e+00   0.0000e+00   2.6461e+02
20260103_23:00:00   8.8947e-02   2.5807e+01   7.6978e+00   0.0000e+00   0.0000e+00   2.6501e+02
20260104_00:00:00   8.6965e-02   2.5318e+01   7.3605e+00   0.0000e+00   0.0000e+00   2.6509e+02
20260104_01:00:00   8.7712e-02   2.5484e+01   7.5069e+00   0.0000e+00   2.0623e-03   2.6489e+02
20260104_02:00:00   8.8219e-02   2.5578e+01   7.6926e+00   0.0000e+00   1.0384e-02   2.6572e+02
20260104_03:00:00   8.8721e-02   2.5683e+01   7.8314e+00   0.0000e+00   2.8730e-02   2.6584e+02
20260104_04:00:00   8.9436e-02   2.5857e+01   7.9617e+00   0.0000e+00   1.2078e-02   2.6603e+02
20260104_05:00:00   8.9941e-02   2.5980e+01   8.0543e+00   0.0000e+00   2.1748e-02   2.6641e+02
20260104_06:00:00   9.1019e-02   2.6203e+01   8.3418e+00   0.0000e+00   1.8832e-02   2.6646e+02
20260104_09:00:00   8.7903e-02   2.5422e+01   7.9175e+00   0.0000e+00   1.2162e-02   2.6263e+02
20260104_12:00:00   9.9482e-02   2.8369e+01   9.6789e+00   0.0000e+00   3.9827e-03   2.6298e+02
20260104_15:00:00   1.0899e-01   3.0725e+01   1.1166e+01   0.0000e+00   6.9258e-03   2.6169e+02
20260104_18:00:00   1.1618e-01   3.2605e+01   1.2118e+01   0.0000e+00   6.1005e-03   2.6111e+02
20260104_21:00:00   1.2324e-01   3.4142e+01   1.2670e+01   5.2240e-03   4.3872e-02   2.5813e+02
20260105_00:00:00   1.1489e-01   3.2077e+01   1.2031e+01   5.9780e-04   5.6052e-02   2.5828e+02
20260105_03:00:00   1.1052e-01   3.0832e+01   1.1021e+01   4.3360e-03   6.9108e-02   2.5607e+02
20260105_06:00:00   1.1128e-01   3.1075e+01   1.1944e+01   0.0000e+00   2.8481e-02   2.5494e+02
20260105_09:00:00   1.2086e-01   3.3407e+01   1.3289e+01   0.0000e+00   1.1493e-02   2.5271e+02
20260105_12:00:00   1.2620e-01   3.4716e+01   1.3768e+01   1.6068e-03   2.6439e-02   2.5258e+02
20260105_15:00:00   1.2894e-01   3.5360e+01   1.4374e+01   0.0000e+00   2.9474e-03   2.5254e+02
20260105_18:00:00   1.3677e-01   3.7314e+01   1.5351e+01   0.0000e+00   1.9988e-03   2.5230e+02
20260105_21:00:00   1.3517e-01   3.7039e+01   1.5082e+01   0.0000e+00   2.9916e-04   2.5281e+02
20260106_00:00:00   1.2851e-01   3.5429e+01   1.4183e+01   0.0000e+00   1.9850e-03   2.5279e+02
20260106_03:00:00   1.2735e-01   3.5116e+01   1.4034e+01   0.0000e+00   2.7384e-03   2.4930e+02
20260106_06:00:00   1.3789e-01   3.7698e+01   1.5195e+01   0.0000e+00   0.0000e+00   2.5240e+02
20260106_09:00:00   1.4497e-01   3.9367e+01   1.6009e+01   0.0000e+00   5.6680e-04   2.5212e+02
20260106_12:00:00   1.4403e-01   3.9072e+01   1.6043e+01   0.0000e+00   5.7603e-02   2.5186e+02
20260106_15:00:00   1.4533e-01   3.9361e+01   1.6290e+01   0.0000e+00   4.8788e-02   2.5363e+02
20260106_18:00:00   1.4175e-01   3.8477e+01   1.5946e+01   0.0000e+00   2.1624e-01   2.5570e+02
20260106_21:00:00   1.4478e-01   3.9201e+01   1.6415e+01   0.0000e+00   3.8349e-02   2.5826e+02
20260107_00:00:00   1.4813e-01   4.0148e+01   1.6493e+01   0.0000e+00   8.4477e-04   2.5880e+02
20260107_03:00:00   1.4349e-01   3.9165e+01   1.5666e+01   0.0000e+00   2.4163e-03   2.5513e+02
20260107_06:00:00   1.3678e-01   3.7659e+01   1.4496e+01   0.0000e+00   2.6960e-05   2.5574e+02
20260107_09:00:00   1.3190e-01   3.6488e+01   1.3856e+01   0.0000e+00   2.6486e-03   2.5760e+02
20260107_12:00:00   1.2917e-01   3.5769e+01   1.3688e+01   0.0000e+00   1.5056e-01   2.5589e+02
20260107_15:00:00   1.3079e-01   3.6209e+01   1.3912e+01   0.0000e+00   2.1558e-04   2.5917e+02
20260107_18:00:00   1.3056e-01   3.6191e+01   1.3754e+01   0.0000e+00   5.0531e-04   2.6080e+02
20260107_21:00:00   1.4152e-01   3.8717e+01   1.5762e+01   0.0000e+00   3.7876e-05   2.5917e+02
20260108_00:00:00   1.5002e-01   4.0602e+01   1.6878e+01   0.0000e+00   1.8429e-04   2.6069e+02
20260108_03:00:00   1.6518e-01   4.4087e+01   1.8673e+01   0.0000e+00   2.0889e-03   2.6004e+02
20260108_06:00:00   1.7301e-01   4.5855e+01   1.9558e+01   0.0000e+00   1.7542e-03   2.6321e+02
20260108_09:00:00   1.4731e-01   4.0022e+01   1.6137e+01   0.0000e+00   3.6560e-06   2.6811e+02
20260108_12:00:00   1.2261e-01   3.4221e+01   1.1633e+01   0.0000e+00   4.3878e-05   2.7490e+02
20260108_15:00:00   1.1184e-01   3.1614e+01   1.0014e+01   0.0000e+00   1.5930e-02   2.7625e+02
20260108_18:00:00   1.2160e-01   3.3988e+01   1.0678e+01   0.0000e+00   6.0170e-03   2.7635e+02
20260108_21:00:00   1.1696e-01   3.2904e+01   1.0431e+01   0.0000e+00   2.3261e-04   2.8086e+02
20260109_00:00:00   9.9480e-02   2.8569e+01   8.1964e+00   0.0000e+00   1.0430e-03   2.7822e+02
20260109_03:00:00   9.4147e-02   2.7150e+01   7.5170e+00   0.0000e+00   7.4836e-03   2.7906e+02
20260109_06:00:00   8.7963e-02   2.5546e+01   6.5769e+00   0.0000e+00   1.7015e-02   2.8216e+02
20260109_09:00:00   8.8132e-02   2.5548e+01   6.5513e+00   0.0000e+00   4.0278e-03   2.8461e+02
20260109_12:00:00   8.7112e-02   2.5235e+01   6.4669e+00   0.0000e+00   1.0862e-02   2.9172e+02
20260109_15:00:00   9.4752e-02   2.7110e+01   7.3918e+00   0.0000e+00   3.7112e-03   2.9728e+02
20260109_18:00:00   9.6535e-02   2.7576e+01   7.6828e+00   0.0000e+00   2.1826e-03   3.0416e+02
20260109_21:00:00   1.0136e-01   2.8792e+01   8.5883e+00   0.0000e+00   7.8204e-03   2.9094e+02
20260110_00:00:00   1.0746e-01   3.0217e+01   9.8068e+00   0.0000e+00   6.2698e-03   2.9658e+02
20260110_03:00:00   1.1485e-01   3.1864e+01   1.1233e+01   8.0720e-05   1.8753e-04   2.9922e+02
20260110_06:00:00   1.0924e-01   3.0463e+01   1.0165e+01   0.0000e+00   1.3898e-03   3.0643e+02
20260110_09:00:00   9.9744e-02   2.8107e+01   8.5016e+00   0.0000e+00   4.0450e-03   3.1234e+02
20260110_12:00:00   1.0618e-01   2.9472e+01   9.3629e+00   0.0000e+00   2.0802e-01   3.1425e+02
20260110_15:00:00   1.0429e-01   2.9055e+01   8.1701e+00   0.0000e+00   6.1455e-05   3.2514e+02
20260110_18:00:00   1.0053e-01   2.8029e+01   7.2528e+00   2.8320e-04   3.9198e-04   3.4072e+02
20260110_21:00:00   7.3770e-02   2.1400e+01   4.0270e+00   0.0000e+00   0.0000e+00   3.5554e+02
20260111_00:00:00   6.3960e-02   1.8988e+01   2.5619e+00   0.0000e+00   0.0000e+00   3.3672e+02
20260111_03:00:00   5.7049e-02   1.7268e+01   1.6876e+00   0.0000e+00   0.0000e+00   3.0247e+02
20260111_06:00:00   5.9051e-02   1.7768e+01   2.2459e+00   0.0000e+00   7.2220e-05   2.9032e+02
20260111_09:00:00   6.0977e-02   1.8255e+01   2.7392e+00   0.0000e+00   0.0000e+00   2.8342e+02
20260111_12:00:00   6.9399e-02   2.0346e+01   4.4259e+00   0.0000e+00   0.0000e+00   2.7925e+02
20260111_15:00:00   7.0830e-02   2.0708e+01   4.6932e+00   0.0000e+00   1.9914e-03   2.7655e+02
20260111_18:00:00   7.1669e-02   2.0968e+01   4.8639e+00   0.0000e+00   1.5560e-03   2.7223e+02
20260111_21:00:00   7.2218e-02   2.1132e+01   5.0667e+00   0.0000e+00   4.2380e-02   2.6741e+02
20260112_00:00:00   7.1944e-02   2.1104e+01   5.0099e+00   0.0000e+00   5.4759e-03   2.6803e+02
20260112_03:00:00   7.3781e-02   2.1544e+01   5.2858e+00   2.5320e-04   9.6775e-03   2.6979e+02
20260112_06:00:00   7.5624e-02   2.2024e+01   5.5119e+00   0.0000e+00   2.2242e-03   2.6986e+02
20260112_09:00:00   7.4253e-02   2.1694e+01   5.1897e+00   0.0000e+00   1.0372e-03   2.6700e+02
20260112_12:00:00   7.2162e-02   2.1195e+01   4.7950e+00   0.0000e+00   3.4263e-03   2.7004e+02
20260112_15:00:00   6.9905e-02   2.0640e+01   4.3538e+00   0.0000e+00   4.4919e-03   2.7127e+02
20260112_18:00:00   7.1007e-02   2.0915e+01   4.5630e+00   0.0000e+00   4.4481e-03   2.7336e+02
20260112_21:00:00   7.4519e-02   2.1794e+01   5.2678e+00   0.0000e+00   1.6456e-02   2.7240e+02
20260113_00:00:00   8.1117e-02   2.3360e+01   6.5278e+00   0.0000e+00   4.6729e-02   2.7190e+02
20260113_03:00:00   8.4006e-02   2.4054e+01   7.0284e+00   0.0000e+00   3.7028e-02   2.7080e+02
20260113_06:00:00   7.9644e-02   2.3037e+01   6.2582e+00   0.0000e+00   1.6733e-02   2.7027e+02
20260113_09:00:00   7.9725e-02   2.3138e+01   6.0979e+00   0.0000e+00   1.0028e-04   2.7338e+02
20260113_12:00:00   7.7288e-02   2.2588e+01   5.6194e+00   0.0000e+00   0.0000e+00   2.7106e+02
20260113_15:00:00   7.6447e-02   2.2365e+01   5.5057e+00   0.0000e+00   0.0000e+00   2.7250e+02
20260113_18:00:00   7.5107e-02   2.2093e+01   5.2641e+00   0.0000e+00   0.0000e+00   2.7307e+02
20260113_21:00:00   7.2563e-02   2.1459e+01   4.9638e+00   0.0000e+00   0.0000e+00   2.7016e+02
20260114_00:00:00   7.1945e-02   2.1298e+01   4.8683e+00   0.0000e+00   1.4624e-05   2.6907e+02
20260114_03:00:00   7.1307e-02   2.1158e+01   4.7012e+00   0.0000e+00   2.3300e-03   2.6958e+02
20260114_06:00:00   8.1490e-02   2.3586e+01   6.7002e+00   0.0000e+00   3.1838e-03   2.6824e+02
20260114_09:00:00   8.5132e-02   2.4467e+01   7.2955e+00   0.0000e+00   2.9571e-03   2.6782e+02
20260114_12:00:00   8.5734e-02   2.4589e+01   7.5219e+00   0.0000e+00   8.2264e-02   2.6727e+02
20260114_15:00:00   9.2161e-02   2.6119e+01   8.5997e+00   0.0000e+00   1.1503e-02   2.7015e+02
20260114_18:00:00   9.2581e-02   2.6292e+01   8.6118e+00   0.0000e+00   2.0320e-03   2.7129e+02
20260114_21:00:00   9.9050e-02   2.7853e+01   9.8406e+00   0.0000e+00   2.6318e-02   2.7177e+02
20260115_00:00:00   1.1184e-01   3.0938e+01   1.1533e+01   0.0000e+00   1.4119e-01   2.7146e+02
20260115_03:00:00   1.4027e-01   3.7765e+01   1.5082e+01   8.8940e-04   1.1017e-01   2.7083e+02
20260115_06:00:00   1.4054e-01   3.7809e+01   1.5199e+01   0.0000e+00   1.7503e-01   2.7034e+02
