#            date       tau255        Tb[K]      pwv[mm] lwp[kg*m^-2] iwp[kg*m^-2]       o3[DU]
20251231_12:00:00   1.2517e-01   3.4645e+01   1.2499e+01   0.0000e+00   5.4674e-03   2.8023e+02
20251231_13:00:00   1.2490e-01   3.4588e+01   1.2499e+01   0.0000e+00   1.8494e-03   2.7868e+02
20251231_14:00:00   1.2423e-01   3.4437e+01   1.2389e+01   0.0000e+00   1.8076e-04   2.7752e+02
20251231_15:00:00   1.2460e-01   3.4529e+01   1.2387e+01   0.0000e+00   6.2820e-05   2.7856e+02
20251231_16:00:00   1.2377e-01   3.4373e+01   1.2355e+01   0.0000e+00   4.1600e-05   2.7461e+02
20251231_17:00:00   1.2482e-01   3.4645e+01   1.2574e+01   0.0000e+00   4.4040e-05   2.7186e+02
20251231_18:00:00   1.2431e-01   3.4545e+01   1.2600e+01   0.0000e+00   1.1226e-04   2.7245e+02
20251231_19:00:00   1.2401e-01   3.4509e+01   1.2612e+01   0.0000e+00   2.3220e-04   2.7489e+02
20251231_20:00:00   1.2286e-01   3.4241e+01   1.2652e+01   0.0000e+00   9.6320e-05   2.7461e+02
20251231_21:00:00   1.2334e-01   3.4340e+01   1.2918e+01   0.0000e+00   2.1145e-04   2.7281e+02
20251231_22:00:00   1.2357e-01   3.4388e+01   1.3076e+01   0.0000e+00   2.2978e-04   2.6952e+02
20251231_23:00:00   1.2571e-01   3.4900e+01   1.3441e+01   0.0000e+00   2.9080e-04   2.6643e+02
20260101_00:00:00   1.2884e-01   3.5638e+01   1.3966e+01   0.0000e+00   1.5854e-04   2.6558e+02
20260101_01:00:00   1.3032e-01   3.5956e+01   1.4180e+01   0.0000e+00   3.1819e-04   2.6646e+02
20260101_02:00:00   1.2924e-01   3.5672e+01   1.4112e+01   0.0000e+00   1.0355e-03   2.6642e+02
20260101_03:00:00   1.2680e-01   3.5076e+01   1.3883e+01   0.0000e+00   9.2022e-04   2.6625e+02
20260101_04:00:00   1.3027e-01   3.5897e+01   1.4427e+01   0.0000e+00   2.9996e-03   2.6323e+02
20260101_05:00:00   1.3392e-01   3.6776e+01   1.5005e+01   0.0000e+00   6.1364e-03   2.5865e+02
20260101_06:00:00   1.4131e-01   3.8584e+01   1.5934e+01   0.0000e+00   9.0971e-03   2.5339e+02
20260101_07:00:00   1.4775e-01   4.0126e+01   1.6747e+01   0.0000e+00   1.6679e-02   2.5164e+02
20260101_08:00:00   1.5268e-01   4.1269e+01   1.7370e+01   0.0000e+00   5.0347e-03   2.5432e+02
20260101_09:00:00   1.5674e-01   4.2229e+01   1.7837e+01   0.0000e+00   7.5699e-03   2.5724e+02
20260101_10:00:00   1.6304e-01   4.3642e+01   1.8599e+01   0.0000e+00   6.7012e-03   2.5736e+02
20260101_11:00:00   1.7039e-01   4.5285e+01   1.9538e+01   0.0000e+00   2.7670e-02   2.5853e+02
20260101_12:00:00   1.7555e-01   4.6459e+01   2.0131e+01   0.0000e+00   8.0083e-02   2.5979e+02
20260101_13:00:00   1.8253e-01   4.8076e+01   2.0834e+01   0.0000e+00   2.6405e-02   2.6128e+02
20260101_14:00:00   1.9010e-01   4.9718e+01   2.1672e+01   0.0000e+00   6.8277e-02   2.6283e+02
20260101_15:00:00   1.9928e-01   5.1741e+01   2.2568e+01   0.0000e+00   2.1808e-01   2.6323e+02
20260101_16:00:00   2.3383e-01   5.9361e+01   2.3509e+01   2.7237e-02   2.4190e-01   2.6217e+02
20260101_17:00:00   2.3626e-01   5.9940e+01   2.3619e+01   2.7749e-02   2.6821e-01   2.6200e+02
20260101_18:00:00   2.6122e-01   6.5257e+01   2.4064e+01   4.9816e-02   2.2632e-01   2.6263e+02
20260101_19:00:00   2.3782e-01   6.0220e+01   2.3191e+01   3.0757e-02   1.9879e-01   2.6385e+02
20260101_20:00:00   1.9860e-01   5.1715e+01   2.1553e+01   3.2060e-04   9.0067e-02   2.6732e+02
20260101_21:00:00   1.7891e-01   4.7484e+01   1.8487e+01   0.0000e+00   1.0348e-06   2.7064e+02
20260101_22:00:00   1.6727e-01   4.4868e+01   1.6842e+01   0.0000e+00   0.0000e+00   2.7145e+02
20260101_23:00:00   1.8654e-01   4.9376e+01   1.6225e+01   2.5980e-02   0.0000e+00   2.7013e+02
20260102_00:00:00   1.6087e-01   4.3416e+01   1.5807e+01   0.0000e+00   0.0000e+00   2.7000e+02
20260102_01:00:00   1.5963e-01   4.3095e+01   1.5643e+01   5.8360e-04   0.0000e+00   2.7057e+02
20260102_02:00:00   1.5771e-01   4.2623e+01   1.5307e+01   0.0000e+00   0.0000e+00   2.7216e+02
20260102_03:00:00   1.4967e-01   4.0716e+01   1.4348e+01   0.0000e+00   0.0000e+00   2.7152e+02
20260102_04:00:00   1.3670e-01   3.7604e+01   1.2854e+01   0.0000e+00   0.0000e+00   2.7286e+02
20260102_05:00:00   1.3222e-01   3.6525e+01   1.2276e+01   0.0000e+00   0.0000e+00   2.7364e+02
20260102_06:00:00   1.3210e-01   3.6485e+01   1.2201e+01   0.0000e+00   0.0000e+00   2.7527e+02
20260102_07:00:00   1.3175e-01   3.6421e+01   1.2070e+01   0.0000e+00   0.0000e+00   2.7597e+02
20260102_08:00:00   1.2697e-01   3.5274e+01   1.1210e+01   0.0000e+00   0.0000e+00   2.7767e+02
20260102_09:00:00   1.1859e-01   3.3210e+01   1.0037e+01   0.0000e+00   0.0000e+00   2.7884e+02
20260102_10:00:00   1.0959e-01   3.0984e+01   8.8990e+00   0.0000e+00   0.0000e+00   2.7876e+02
20260102_11:00:00   1.0825e-01   3.0620e+01   8.7043e+00   0.0000e+00   0.0000e+00   2.7973e+02
20260102_12:00:00   1.0678e-01   3.0252e+01   8.5221e+00   0.0000e+00   4.8840e-05   2.7995e+02
20260102_13:00:00   1.0361e-01   2.9481e+01   8.1421e+00   0.0000e+00   2.1240e-04   2.8078e+02
20260102_14:00:00   1.0044e-01   2.8704e+01   7.7461e+00   0.0000e+00   0.0000e+00   2.8139e+02
20260102_15:00:00   9.8295e-02   2.8176e+01   7.5347e+00   0.0000e+00   0.0000e+00   2.8297e+02
20260102_16:00:00   9.5518e-02   2.7497e+01   7.2526e+00   0.0000e+00   0.0000e+00   2.8349e+02
20260102_17:00:00   9.2706e-02   2.6810e+01   6.9627e+00   0.0000e+00   0.0000e+00   2.8407e+02
20260102_18:00:00   9.4545e-02   2.7287e+01   7.1835e+00   0.0000e+00   0.0000e+00   2.8419e+02
20260102_19:00:00   9.3600e-02   2.7054e+01   7.0915e+00   0.0000e+00   1.8026e-03   2.8375e+02
20260102_20:00:00   9.0830e-02   2.6362e+01   6.8723e+00   0.0000e+00   1.2030e-03   2.8330e+02
20260102_21:00:00   9.0424e-02   2.6265e+01   6.8967e+00   0.0000e+00   3.7024e-04   2.8396e+02
20260102_22:00:00   8.9744e-02   2.6095e+01   6.8358e+00   0.0000e+00   1.9880e-04   2.8347e+02
20260102_23:00:00   8.8670e-02   2.5816e+01   6.7339e+00   0.0000e+00   7.0717e-04   2.8168e+02
20260103_00:00:00   8.7626e-02   2.5537e+01   6.5666e+00   0.0000e+00   8.0580e-05   2.8038e+02
20260103_01:00:00   8.6339e-02   2.5201e+01   6.3603e+00   0.0000e+00   6.2100e-06   2.7732e+02
20260103_02:00:00   8.6017e-02   2.5113e+01   6.3081e+00   0.0000e+00   0.0000e+00   2.7418e+02
20260103_03:00:00   8.5226e-02   2.4905e+01   6.2051e+00   0.0000e+00   0.0000e+00   2.7325e+02
20260103_04:00:00   8.4516e-02   2.4728e+01   6.1663e+00   0.0000e+00   1.2004e-05   2.7201e+02
20260103_05:00:00   8.3526e-02   2.4487e+01   6.0851e+00   0.0000e+00   5.5060e-06   2.7215e+02
20260103_06:00:00   8.0005e-02   2.3592e+01   5.6085e+00   0.0000e+00   4.8135e-04   2.7295e+02
20260103_07:00:00   7.8903e-02   2.3302e+01   5.4493e+00   0.0000e+00   1.0417e-05   2.7354e+02
20260103_08:00:00   7.8642e-02   2.3222e+01   5.4304e+00   0.0000e+00   0.0000e+00   2.7336e+02
20260103_09:00:00   7.8320e-02   2.3125e+01   5.3848e+00   0.0000e+00   0.0000e+00   2.7411e+02
20260103_10:00:00   7.7470e-02   2.2898e+01   5.2527e+00   0.0000e+00   0.0000e+00   2.7541e+02
20260103_11:00:00   7.6242e-02   2.2567e+01   5.1254e+00   0.0000e+00   0.0000e+00   2.7544e+02
20260103_12:00:00   7.5901e-02   2.2459e+01   5.1316e+00   0.0000e+00   0.0000e+00   2.7560e+02
20260103_13:00:00   7.6280e-02   2.2549e+01   5.1483e+00   0.0000e+00   0.0000e+00   2.7549e+02
20260103_14:00:00   7.5730e-02   2.2409e+01   5.0420e+00   0.0000e+00   0.0000e+00   2.7511e+02
20260103_15:00:00   7.4586e-02   2.2118e+01   4.8825e+00   0.0000e+00   0.0000e+00   2.7418e+02
20260103_16:00:00   7.3721e-02   2.1900e+01   4.7872e+00   0.0000e+00   0.0000e+00   2.7448e+02
20260103_17:00:00   7.4039e-02   2.2001e+01   4.8379e+00   0.0000e+00   0.0000e+00   2.7455e+02
20260103_18:00:00   7.3972e-02   2.2003e+01   4.8624e+00   0.0000e+00   0.0000e+00   2.7354e+02
20260103_19:00:00   7.5772e-02   2.2485e+01   5.1400e+00   0.0000e+00   0.0000e+00   2.7393e+02
20260103_20:00:00   7.4870e-02   2.2279e+01   5.0679e+00   0.0000e+00   0.0000e+00   2.7353e+02
20260103_21:00:00   7.9114e-02   2.3360e+01   5.7797e+00   0.0000e+00   0.0000e+00   2.7233e+02
20260103_22:00:00   8.0165e-02   2.3639e+01   5.9708e+00   0.0000e+00   0.0000e+00   2.7251e+02
20260103_23:00:00   8.0300e-02   2.3673e+01   6.0503e+00   0.0000e+00   0.0000e+00   2.7256e+02
20260104_00:00:00   8.2096e-02   2.4126e+01   6.2826e+00   0.0000e+00   0.0000e+00   2.7240e+02
20260104_01:00:00   8.1863e-02   2.4061e+01   6.2179e+00   0.0000e+00   0.0000e+00   2.7192e+02
20260104_02:00:00   8.3018e-02   2.4331e+01   6.4251e+00   0.0000e+00   1.6770e-03   2.7170e+02
20260104_03:00:00   8.3668e-02   2.4476e+01   6.5881e+00   0.0000e+00   6.2563e-03   2.7163e+02
20260104_04:00:00   8.3036e-02   2.4297e+01   6.5651e+00   0.0000e+00   8.7665e-03   2.7189e+02
20260104_05:00:00   8.2457e-02   2.4142e+01   6.5110e+00   0.0000e+00   2.2173e-03   2.7118e+02
20260104_06:00:00   8.2318e-02   2.4099e+01   6.5061e+00   0.0000e+00   4.2420e-05   2.7089e+02
20260104_07:00:00   8.0606e-02   2.3659e+01   6.2630e+00   0.0000e+00   0.0000e+00   2.7068e+02
20260104_08:00:00   8.0216e-02   2.3545e+01   6.3049e+00   0.0000e+00   2.4342e-04   2.7065e+02
20260104_09:00:00   8.2609e-02   2.4142e+01   6.7533e+00   0.0000e+00   5.0749e-03   2.7127e+02
20260104_10:00:00   8.7132e-02   2.5287e+01   7.5105e+00   0.0000e+00   2.3725e-03   2.7060e+02
20260104_11:00:00   9.1382e-02   2.6366e+01   8.1967e+00   0.0000e+00   1.8831e-03   2.7025e+02
20260104_12:00:00   9.2939e-02   2.6777e+01   8.4442e+00   0.0000e+00   8.4436e-05   2.6965e+02
20260104_13:00:00   9.5288e-02   2.7358e+01   8.8304e+00   0.0000e+00   7.3496e-04   2.6975e+02
20260104_14:00:00   9.9579e-02   2.8426e+01   9.5363e+00   0.0000e+00   1.9594e-05   2.6852e+02
20260104_15:00:00   1.0576e-01   2.9971e+01   1.0463e+01   0.0000e+00   3.6682e-04   2.6765e+02
20260104_16:00:00   1.0846e-01   3.0667e+01   1.0850e+01   0.0000e+00   2.8708e-03   2.6831e+02
20260104_17:00:00   1.1030e-01   3.1131e+01   1.1133e+01   0.0000e+00   4.7595e-04   2.6855e+02
20260104_18:00:00   1.1188e-01   3.1535e+01   1.1393e+01   0.0000e+00   1.1174e-03   2.6740e+02
20260104_19:00:00   1.1245e-01   3.1685e+01   1.1555e+01   0.0000e+00   1.1149e-03   2.6531e+02
20260104_20:00:00   1.1313e-01   3.1861e+01   1.1714e+01   0.0000e+00   3.0791e-04   2.6476e+02
20260104_21:00:00   1.1461e-01   3.2268e+01   1.1930e+01   0.0000e+00   3.9669e-04   2.6316e+02
20260104_22:00:00   1.1714e-01   3.2904e+01   1.2356e+01   0.0000e+00   6.8162e-04   2.6382e+02
20260104_23:00:00   1.1618e-01   3.2682e+01   1.2188e+01   0.0000e+00   3.4340e-06   2.6354e+02
20260105_00:00:00   1.1551e-01   3.2500e+01   1.2070e+01   0.0000e+00   9.1620e-06   2.6393e+02
20260105_01:00:00   1.1403e-01   3.2116e+01   1.1815e+01   0.0000e+00   0.0000e+00   2.6407e+02
20260105_02:00:00   1.1267e-01   3.1778e+01   1.1562e+01   0.0000e+00   4.6920e-06   2.6306e+02
20260105_03:00:00   1.1342e-01   3.1920e+01   1.1797e+01   0.0000e+00   5.9402e-05   2.6312e+02
20260105_04:00:00   1.1545e-01   3.2378e+01   1.2218e+01   0.0000e+00   2.1865e-05   2.6179e+02
20260105_05:00:00   1.1586e-01   3.2493e+01   1.2255e+01   0.0000e+00   4.1297e-04   2.6113e+02
20260105_06:00:00   1.1740e-01   3.2882e+01   1.2420e+01   0.0000e+00   3.4541e-03   2.6056e+02
20260105_07:00:00   1.1803e-01   3.3039e+01   1.2564e+01   0.0000e+00   3.3322e-03   2.6078e+02
20260105_08:00:00   1.1993e-01   3.3497e+01   1.2867e+01   0.0000e+00   2.8120e-04   2.6038e+02
20260105_09:00:00   1.2078e-01   3.3729e+01   1.2873e+01   0.0000e+00   0.0000e+00   2.6069e+02
20260105_10:00:00   1.2096e-01   3.3773e+01   1.2869e+01   0.0000e+00   0.0000e+00   2.5943e+02
20260105_11:00:00   1.2151e-01   3.3888e+01   1.2936e+01   0.0000e+00   0.0000e+00   2.5774e+02
20260105_12:00:00   1.2168e-01   3.3933e+01   1.2963e+01   0.0000e+00   7.4863e-04   2.5785e+02
20260105_15:00:00   1.2377e-01   3.4428e+01   1.3195e+01   0.0000e+00   3.7806e-04   2.5753e+02
20260105_18:00:00   1.2807e-01   3.5470e+01   1.4000e+01   0.0000e+00   3.6353e-03   2.5578e+02
20260105_21:00:00   1.3558e-01   3.7168e+01   1.5080e+01   0.0000e+00   5.8448e-02   2.5464e+02
20260106_00:00:00   1.4285e-01   3.8831e+01   1.5999e+01   0.0000e+00   1.3609e-01   2.5610e+02
20260106_03:00:00   1.6023e-01   4.2886e+01   1.8175e+01   0.0000e+00   9.8710e-02   2.5336e+02
20260106_06:00:00   1.7366e-01   4.5950e+01   1.9756e+01   0.0000e+00   1.0664e-01   2.5207e+02
20260106_09:00:00   1.6581e-01   4.4162e+01   1.8666e+01   0.0000e+00   1.6106e-01   2.5495e+02
20260106_12:00:00   1.5401e-01   4.1641e+01   1.6469e+01   0.0000e+00   1.4570e-05   2.5454e+02
20260106_15:00:00   1.4188e-01   3.8878e+01   1.4228e+01   0.0000e+00   0.0000e+00   2.5698e+02
20260106_18:00:00   1.4560e-01   3.9800e+01   1.4626e+01   0.0000e+00   0.0000e+00   2.5907e+02
20260106_21:00:00   1.4008e-01   3.8564e+01   1.4160e+01   0.0000e+00   1.7438e-03   2.6035e+02
20260107_00:00:00   1.2552e-01   3.5059e+01   1.2203e+01   0.0000e+00   9.3062e-03   2.6047e+02
20260107_03:00:00   1.3424e-01   3.7101e+01   1.3513e+01   0.0000e+00   2.3566e-02   2.6064e+02
20260107_06:00:00   1.4947e-01   4.0677e+01   1.5553e+01   0.0000e+00   7.5530e-04   2.6424e+02
20260107_09:00:00   1.5835e-01   4.2641e+01   1.6864e+01   0.0000e+00   1.4810e-02   2.6324e+02
20260107_12:00:00   1.7025e-01   4.5169e+01   1.8936e+01   0.0000e+00   8.7593e-02   2.6387e+02
20260107_15:00:00   1.6585e-01   4.4168e+01   1.8170e+01   1.0948e-03   2.4646e-02   2.6749e+02
20260107_18:00:00   1.6597e-01   4.4117e+01   1.8422e+01   0.0000e+00   2.2611e-01   2.7139e+02
20260107_21:00:00   1.4430e-01   3.9357e+01   1.5084e+01   0.0000e+00   2.4862e-02   2.7471e+02
20260108_00:00:00   1.3416e-01   3.7063e+01   1.3259e+01   0.0000e+00   0.0000e+00   2.8751e+02
20260108_03:00:00   1.4035e-01   3.8347e+01   1.3765e+01   8.2423e-04   7.7780e-03   2.8698e+02
20260108_06:00:00   1.1989e-01   3.3445e+01   1.0916e+01   0.0000e+00   0.0000e+00   2.8773e+02
20260108_09:00:00   1.1075e-01   3.1171e+01   9.4258e+00   0.0000e+00   0.0000e+00   2.9090e+02
20260108_12:00:00   1.1085e-01   3.1107e+01   9.1312e+00   0.0000e+00   0.0000e+00   3.0005e+02
20260108_15:00:00   1.0122e-01   2.8715e+01   7.7289e+00   0.0000e+00   0.0000e+00   3.1140e+02
20260108_18:00:00   8.9941e-02   2.6010e+01   6.5991e+00   0.0000e+00   0.0000e+00   3.0310e+02
20260108_21:00:00   8.6078e-02   2.5092e+01   6.3340e+00   0.0000e+00   0.0000e+00   3.0425e+02
20260109_00:00:00   9.2065e-02   2.6607e+01   7.2887e+00   0.0000e+00   0.0000e+00   3.0503e+02
20260109_03:00:00   8.9988e-02   2.6062e+01   7.1346e+00   0.0000e+00   0.0000e+00   3.0805e+02
20260109_06:00:00   9.2654e-02   2.6672e+01   7.5622e+00   0.0000e+00   1.4107e-03   3.0802e+02
20260109_09:00:00   8.2501e-02   2.4040e+01   6.1063e+00   0.0000e+00   2.3340e-03   3.0355e+02
20260109_12:00:00   8.2255e-02   2.3897e+01   6.1222e+00   0.0000e+00   2.8363e-03   3.0193e+02
20260109_15:00:00   8.2828e-02   2.3967e+01   6.3227e+00   0.0000e+00   1.8863e-03   3.0665e+02
20260109_18:00:00   8.1920e-02   2.3706e+01   6.3615e+00   0.0000e+00   3.5236e-03   3.1230e+02
20260109_21:00:00   8.3267e-02   2.4079e+01   6.5181e+00   0.0000e+00   1.1405e-03   3.2081e+02
20260110_00:00:00   7.9831e-02   2.3292e+01   5.7834e+00   0.0000e+00   0.0000e+00   3.1434e+02
20260110_03:00:00   8.7278e-02   2.5128e+01   7.0513e+00   0.0000e+00   4.4740e-04   3.0855e+02
20260110_06:00:00   8.3700e-02   2.4182e+01   6.6176e+00   0.0000e+00   4.8730e-04   3.0286e+02
20260110_09:00:00   7.2498e-02   2.1289e+01   4.9868e+00   0.0000e+00   3.7900e-05   2.9948e+02
20260110_12:00:00   7.4384e-02   2.1742e+01   5.2837e+00   0.0000e+00   8.2420e-04   2.9520e+02
20260110_15:00:00   7.7183e-02   2.2488e+01   5.5060e+00   0.0000e+00   8.0784e-03   2.9386e+02
20260110_18:00:00   7.4769e-02   2.1900e+01   5.0424e+00   0.0000e+00   5.4119e-03   2.8690e+02
20260110_21:00:00   7.8974e-02   2.2916e+01   5.8401e+00   0.0000e+00   1.4120e-03   2.8338e+02
20260111_00:00:00   8.4021e-02   2.4161e+01   6.6176e+00   0.0000e+00   0.0000e+00   2.8266e+02
20260111_03:00:00   8.6820e-02   2.4817e+01   7.2292e+00   0.0000e+00   3.8000e-03   2.7897e+02
20260111_06:00:00   8.8869e-02   2.5233e+01   7.6912e+00   0.0000e+00   1.5318e-03   2.7633e+02
20260111_09:00:00   9.3017e-02   2.6192e+01   8.4628e+00   0.0000e+00   1.4493e-03   2.7646e+02
20260111_12:00:00   9.9479e-02   2.7699e+01   9.5303e+00   0.0000e+00   3.3226e-03   2.7438e+02
20260111_15:00:00   1.0275e-01   2.8470e+01   9.9793e+00   0.0000e+00   4.2856e-02   2.7661e+02
20260111_18:00:00   1.0658e-01   2.9390e+01   1.0582e+01   0.0000e+00   5.9957e-02   2.7610e+02
20260111_21:00:00   1.0828e-01   2.9855e+01   1.0916e+01   0.0000e+00   2.6805e-02   2.7237e+02
20260112_00:00:00   1.1139e-01   3.0592e+01   1.1299e+01   0.0000e+00   2.3997e-02   2.7015e+02
20260112_03:00:00   1.1371e-01   3.1128e+01   1.1532e+01   0.0000e+00   1.1327e-01   2.7007e+02
20260112_06:00:00   1.1961e-01   3.2536e+01   1.2408e+01   0.0000e+00   3.8858e-02   2.7213e+02
20260112_09:00:00   1.2713e-01   3.4350e+01   1.3264e+01   0.0000e+00   1.6217e-01   2.7122e+02
20260112_12:00:00   3.8802e-01   8.8968e+01   1.7422e+01   2.5234e-01   4.6639e-01   2.7045e+02
20260112_15:00:00   4.1497e-01   9.4373e+01   1.6872e+01   2.8798e-01   3.2866e-02   2.6767e+02
20260112_18:00:00   1.1123e-01   3.0987e+01   9.9381e+00   0.0000e+00   8.3887e-04   2.6850e+02
20260112_21:00:00   9.9811e-02   2.8223e+01   8.6352e+00   0.0000e+00   5.5774e-03   2.6826e+02
20260113_00:00:00   9.7328e-02   2.7648e+01   8.2718e+00   0.0000e+00   1.0724e-02   2.6943e+02
20260113_03:00:00   8.7901e-02   2.5326e+01   6.8851e+00   0.0000e+00   4.0058e-03   2.7243e+02
20260113_06:00:00   9.0789e-02   2.6035e+01   7.2073e+00   0.0000e+00   7.7404e-05   2.7282e+02
20260113_09:00:00   9.1720e-02   2.6249e+01   7.2286e+00   0.0000e+00   0.0000e+00   2.7265e+02
20260113_12:00:00   9.2709e-02   2.6437e+01   7.5063e+00   0.0000e+00   0.0000e+00   2.6877e+02
20260113_15:00:00   9.0944e-02   2.5969e+01   7.2855e+00   0.0000e+00   0.0000e+00   2.6856e+02
20260113_18:00:00   8.7416e-02   2.5129e+01   6.8396e+00   0.0000e+00   0.0000e+00   2.6638e+02
20260113_21:00:00   8.5189e-02   2.4571e+01   6.6720e+00   0.0000e+00   0.0000e+00   2.6373e+02
20260114_00:00:00   8.1914e-02   2.3734e+01   6.1861e+00   0.0000e+00   0.0000e+00   2.6457e+02
20260114_03:00:00   7.8302e-02   2.2832e+01   5.5835e+00   0.0000e+00   0.0000e+00   2.6757e+02
20260114_06:00:00   8.8378e-02   2.5372e+01   7.0247e+00   0.0000e+00   0.0000e+00   2.6702e+02
20260114_09:00:00   8.8495e-02   2.5406e+01   7.0130e+00   0.0000e+00   0.0000e+00   2.6584e+02
20260114_12:00:00   8.9811e-02   2.5719e+01   7.2179e+00   0.0000e+00   0.0000e+00   2.6843e+02
20260114_15:00:00   9.3463e-02   2.6601e+01   7.6642e+00   0.0000e+00   0.0000e+00   2.6741e+02
20260114_18:00:00   9.5236e-02   2.7034e+01   7.8849e+00   0.0000e+00   0.0000e+00   2.6841e+02
20260114_21:00:00   9.1561e-02   2.6126e+01   7.3707e+00   0.0000e+00   5.9340e-05   2.6922e+02
20260115_00:00:00   9.7137e-02   2.7454e+01   8.0030e+00   0.0000e+00   2.5191e-03   2.7437e+02
20260115_03:00:00   1.0382e-01   2.8922e+01   8.8201e+00   0.0000e+00   9.5263e-03   2.7957e+02
20260115_06:00:00   1.0056e-01   2.8062e+01   8.3064e+00   2.9750e-05   1.5806e-03   2.8174e+02
20260115_09:00:00   1.1969e-01   3.2565e+01   1.0465e+01   3.3357e-03   4.6434e-03   2.8602e+02
20260115_12:00:00   1.3984e-01   3.7276e+01   1.0755e+01   2.3865e-02   4.2279e-03   2.8686e+02
20260115_15:00:00   2.2368e-01   5.6000e+01   1.1229e+01   1.1452e-01   1.1958e-02   2.8825e+02
20260115_18:00:00   1.7939e-01   4.6312e+01   1.1778e+01   6.0055e-02   3.4827e-03   2.8400e+02
20260115_21:00:00   1.4037e-01   3.7472e+01   1.2092e+01   1.5234e-02   4.8159e-03   2.8223e+02
20260116_00:00:00   1.1903e-01   3.2519e+01   1.1170e+01   0.0000e+00   2.2210e-03   2.8368e+02
20260116_03:00:00   1.1678e-01   3.2039e+01   1.1073e+01   0.0000e+00   7.1186e-04   2.8537e+02
20260116_06:00:00   1.2063e-01   3.2962e+01   1.1722e+01   0.0000e+00   1.4504e-04   2.8544e+02
20260116_09:00:00   1.2975e-01   3.5070e+01   1.3154e+01   0.0000e+00   4.1834e-02   2.8788e+02
20260116_12:00:00   1.3430e-01   3.6157e+01   1.3806e+01   0.0000e+00   1.6125e-01   2.9036e+02
