#            date       tau255        Tb[K]      pwv[mm] lwp[kg*m^-2] iwp[kg*m^-2]       o3[DU]
20260518_12:00:00   6.8372e-02   2.0759e+01   4.5345e+00   0.0000e+00   0.0000e+00   3.2488e+02
20260518_13:00:00   6.6725e-02   2.0330e+01   4.1911e+00   0.0000e+00   0.0000e+00   3.2443e+02
20260518_14:00:00   6.4222e-02   1.9683e+01   3.6704e+00   0.0000e+00   0.0000e+00   3.2327e+02
20260518_15:00:00   6.4428e-02   1.9752e+01   3.6278e+00   0.0000e+00   0.0000e+00   3.2445e+02
20260518_16:00:00   6.5017e-02   1.9905e+01   3.7580e+00   0.0000e+00   0.0000e+00   3.2601e+02
20260518_17:00:00   6.4981e-02   1.9887e+01   3.8446e+00   0.0000e+00   0.0000e+00   3.2328e+02
20260518_18:00:00   6.6000e-02   2.0151e+01   4.0858e+00   0.0000e+00   0.0000e+00   3.2385e+02
20260518_19:00:00   6.7066e-02   2.0442e+01   4.3250e+00   0.0000e+00   0.0000e+00   3.2329e+02
20260518_20:00:00   6.8176e-02   2.0747e+01   4.5875e+00   0.0000e+00   0.0000e+00   3.2396e+02
20260518_21:00:00   6.7891e-02   2.0674e+01   4.5876e+00   0.0000e+00   0.0000e+00   3.2934e+02
20260518_22:00:00   6.8897e-02   2.0923e+01   4.8349e+00   0.0000e+00   0.0000e+00   3.3402e+02
20260518_23:00:00   6.9603e-02   2.1097e+01   5.0217e+00   0.0000e+00   0.0000e+00   3.3467e+02
20260519_00:00:00   6.9930e-02   2.1156e+01   5.1669e+00   0.0000e+00   0.0000e+00   3.3435e+02
20260519_01:00:00   6.9676e-02   2.1102e+01   5.1380e+00   0.0000e+00   0.0000e+00   3.3112e+02
20260519_02:00:00   7.1203e-02   2.1510e+01   5.3620e+00   0.0000e+00   0.0000e+00   3.3101e+02
20260519_03:00:00   7.5242e-02   2.2556e+01   6.0239e+00   0.0000e+00   0.0000e+00   3.3081e+02
20260519_04:00:00   8.1043e-02   2.4055e+01   6.9380e+00   0.0000e+00   0.0000e+00   3.3284e+02
20260519_05:00:00   8.4238e-02   2.4891e+01   7.3752e+00   0.0000e+00   0.0000e+00   3.3672e+02
20260519_06:00:00   8.5938e-02   2.5345e+01   7.5386e+00   0.0000e+00   0.0000e+00   3.3390e+02
20260519_07:00:00   8.8555e-02   2.6019e+01   7.8293e+00   0.0000e+00   0.0000e+00   3.3145e+02
20260519_08:00:00   8.9573e-02   2.6287e+01   7.8953e+00   0.0000e+00   0.0000e+00   3.3063e+02
20260519_09:00:00   9.1177e-02   2.6659e+01   8.1530e+00   0.0000e+00   0.0000e+00   3.3062e+02
20260519_10:00:00   8.9277e-02   2.6142e+01   7.9040e+00   0.0000e+00   0.0000e+00   3.2955e+02
20260519_11:00:00   8.9481e-02   2.6155e+01   7.9594e+00   0.0000e+00   0.0000e+00   3.2979e+02
20260519_12:00:00   9.0556e-02   2.6407e+01   8.1149e+00   0.0000e+00   0.0000e+00   3.2986e+02
20260519_13:00:00   9.0825e-02   2.6470e+01   8.1446e+00   0.0000e+00   0.0000e+00   3.3129e+02
20260519_14:00:00   9.0369e-02   2.6366e+01   8.0976e+00   0.0000e+00   0.0000e+00   3.3248e+02
20260519_15:00:00   9.1675e-02   2.6698e+01   8.3260e+00   0.0000e+00   0.0000e+00   3.3142e+02
20260519_16:00:00   9.4020e-02   2.7292e+01   8.7134e+00   0.0000e+00   0.0000e+00   3.3151e+02
20260519_17:00:00   9.8035e-02   2.8311e+01   9.3642e+00   0.0000e+00   0.0000e+00   3.3147e+02
20260519_18:00:00   1.0146e-01   2.9184e+01   9.9477e+00   0.0000e+00   0.0000e+00   3.3232e+02
20260519_19:00:00   1.0482e-01   3.0027e+01   1.0537e+01   0.0000e+00   0.0000e+00   3.3367e+02
20260519_20:00:00   1.0807e-01   3.0850e+01   1.1110e+01   0.0000e+00   5.7280e-05   3.3432e+02
20260519_21:00:00   1.1101e-01   3.1612e+01   1.1651e+01   1.0044e-04   8.6841e-04   3.3339e+02
20260519_22:00:00   1.0838e-01   3.0965e+01   1.1383e+01   1.0772e-04   6.7055e-04   3.3045e+02
20260519_23:00:00   9.8744e-02   2.8558e+01   9.7813e+00   1.1732e-03   3.8456e-04   3.2736e+02
20260520_00:00:00   9.0618e-02   2.6585e+01   8.5406e+00   0.0000e+00   9.7180e-06   3.3000e+02
20260520_01:00:00   8.5905e-02   2.5415e+01   7.7057e+00   0.0000e+00   0.0000e+00   3.2306e+02
20260520_02:00:00   8.1323e-02   2.4266e+01   6.9381e+00   0.0000e+00   1.4854e-03   3.2234e+02
20260520_03:00:00   8.0993e-02   2.4164e+01   6.9037e+00   0.0000e+00   9.1450e-04   3.1782e+02
20260520_04:00:00   8.0007e-02   2.3911e+01   6.7638e+00   0.0000e+00   1.4723e-03   3.2124e+02
20260520_05:00:00   8.3925e-02   2.4909e+01   7.4255e+00   0.0000e+00   0.0000e+00   3.2067e+02
20260520_06:00:00   9.7779e-02   2.8425e+01   9.4947e+00   0.0000e+00   2.8797e-04   3.1925e+02
20260520_07:00:00   1.1017e-01   3.1580e+01   1.1129e+01   0.0000e+00   5.1286e-03   3.2060e+02
20260520_08:00:00   1.2846e-01   3.6032e+01   1.3702e+01   0.0000e+00   2.4137e-02   3.2059e+02
20260520_09:00:00   1.3588e-01   3.7839e+01   1.4649e+01   0.0000e+00   2.7360e-04   3.2059e+02
20260520_10:00:00   1.4003e-01   3.8808e+01   1.5286e+01   0.0000e+00   2.4978e-04   3.1920e+02
20260520_11:00:00   1.4779e-01   4.0664e+01   1.6161e+01   0.0000e+00   8.6522e-04   3.1850e+02
20260520_12:00:00   1.4683e-01   4.0415e+01   1.6010e+01   0.0000e+00   1.4800e-04   3.1873e+02
20260520_13:00:00   1.4413e-01   3.9661e+01   1.5878e+01   0.0000e+00   1.1184e-03   3.2342e+02
20260520_14:00:00   1.3199e-01   3.6641e+01   1.4375e+01   0.0000e+00   1.1757e-02   3.2753e+02
20260520_15:00:00   1.1696e-01   3.2910e+01   1.2431e+01   0.0000e+00   2.4183e-03   3.2840e+02
20260520_16:00:00   1.0876e-01   3.0816e+01   1.1318e+01   0.0000e+00   1.1087e-02   3.3034e+02
20260520_17:00:00   1.0650e-01   3.0223e+01   1.1019e+01   0.0000e+00   1.2617e-02   3.2948e+02
20260520_18:00:00   1.0828e-01   3.0732e+01   1.1269e+01   0.0000e+00   3.9496e-03   3.3281e+02
20260520_19:00:00   1.1344e-01   3.2081e+01   1.2011e+01   0.0000e+00   9.2312e-04   3.3310e+02
20260520_20:00:00   1.1562e-01   3.2562e+01   1.2500e+01   0.0000e+00   1.1935e-03   3.3440e+02
20260520_21:00:00   1.1173e-01   3.1525e+01   1.2004e+01   4.5160e-04   2.8250e-03   3.3440e+02
20260520_22:00:00   1.0873e-01   3.0796e+01   1.1681e+01   0.0000e+00   2.7680e-03   3.3430e+02
20260520_23:00:00   1.0973e-01   3.1037e+01   1.1884e+01   0.0000e+00   6.1255e-03   3.3587e+02
20260521_00:00:00   1.1374e-01   3.2012e+01   1.2332e+01   1.0418e-03   4.1775e-02   3.3887e+02
20260521_01:00:00   1.3745e-01   3.7571e+01   1.4075e+01   1.3948e-02   2.4375e-01   3.4364e+02
20260521_02:00:00   1.4695e-01   4.0098e+01   1.6924e+01   0.0000e+00   3.2155e-01   3.4397e+02
20260521_03:00:00   1.5722e-01   4.2475e+01   1.8135e+01   0.0000e+00   5.0375e-01   3.4520e+02
20260521_04:00:00   1.6769e-01   4.4851e+01   1.9284e+01   0.0000e+00   4.4601e-01   3.4784e+02
20260521_05:00:00   1.6128e-01   4.3458e+01   1.8496e+01   0.0000e+00   1.3994e-02   3.4500e+02
20260521_06:00:00   1.4190e-01   3.8975e+01   1.5979e+01   0.0000e+00   2.1080e-04   3.4318e+02
20260521_07:00:00   1.2456e-01   3.4646e+01   1.3636e+01   5.2278e-04   1.1166e-03   3.4065e+02
20260521_08:00:00   1.1608e-01   3.2413e+01   1.2519e+01   4.9680e-05   1.3979e-02   3.3989e+02
20260521_09:00:00   1.0923e-01   3.0718e+01   1.1505e+01   0.0000e+00   2.7610e-02   3.4030e+02
20260521_10:00:00   1.0158e-01   2.8770e+01   1.0363e+01   0.0000e+00   1.0330e-02   3.4112e+02
20260521_11:00:00   1.0215e-01   2.8873e+01   1.0370e+01   0.0000e+00   4.7304e-03   3.3963e+02
20260521_12:00:00   1.0684e-01   3.0014e+01   1.1019e+01   0.0000e+00   1.4399e-02   3.3994e+02
20260521_13:00:00   1.1083e-01   3.1021e+01   1.1561e+01   0.0000e+00   1.3067e-02   3.4009e+02
20260521_14:00:00   1.1941e-01   3.3097e+01   1.2665e+01   1.2968e-03   1.7520e-02   3.4074e+02
20260521_15:00:00   1.2791e-01   3.5174e+01   1.3908e+01   7.9974e-04   2.8963e-02   3.4182e+02
20260521_16:00:00   1.3255e-01   3.6348e+01   1.4587e+01   0.0000e+00   6.1733e-02   3.4514e+02
20260521_17:00:00   1.3641e-01   3.7335e+01   1.5096e+01   0.0000e+00   5.6803e-02   3.4655e+02
20260521_18:00:00   1.3841e-01   3.7932e+01   1.5361e+01   0.0000e+00   2.5928e-02   3.4597e+02
20260521_19:00:00   1.4517e-01   3.9612e+01   1.6255e+01   1.5026e-04   1.7088e-02   3.4585e+02
20260521_20:00:00   1.4492e-01   3.9617e+01   1.6187e+01   6.6939e-04   3.7230e-03   3.4564e+02
20260521_21:00:00   1.4392e-01   3.9361e+01   1.5537e+01   5.3492e-03   5.4481e-03   3.4449e+02
20260521_22:00:00   1.3411e-01   3.7129e+01   1.4747e+01   8.4240e-04   3.4576e-03   3.4243e+02
20260521_23:00:00   1.3297e-01   3.6879e+01   1.4782e+01   0.0000e+00   8.4753e-03   3.4246e+02
20260522_00:00:00   1.5585e-01   4.2282e+01   1.7710e+01   5.7920e-04   1.6236e-01   3.3974e+02
20260522_01:00:00   2.2568e-01   5.7179e+01   1.8143e+01   7.6106e-02   4.8374e-01   3.4085e+02
20260522_02:00:00   1.7311e-01   4.6101e+01   1.9720e+01   0.0000e+00   4.8711e-01   3.4368e+02
20260522_03:00:00   1.7268e-01   4.5952e+01   1.9595e+01   0.0000e+00   7.6239e-01   3.4292e+02
20260522_04:00:00   1.5544e-01   4.2089e+01   1.7537e+01   0.0000e+00   2.7080e-01   3.4383e+02
20260522_05:00:00   1.4942e-01   4.0701e+01   1.6775e+01   0.0000e+00   2.9156e-03   3.4615e+02
20260522_06:00:00   1.4146e-01   3.8783e+01   1.5639e+01   1.7166e-04   2.3946e-03   3.4730e+02
20260522_07:00:00   1.3020e-01   3.6102e+01   1.4013e+01   0.0000e+00   3.7867e-04   3.4560e+02
20260522_08:00:00   1.2401e-01   3.4603e+01   1.3114e+01   0.0000e+00   4.5680e-05   3.4569e+02
20260522_09:00:00   1.1642e-01   3.2793e+01   1.1919e+01   0.0000e+00   0.0000e+00   3.4871e+02
20260522_10:00:00   1.1426e-01   3.2281e+01   1.1504e+01   0.0000e+00   0.0000e+00   3.4926e+02
20260522_11:00:00   1.1619e-01   3.2766e+01   1.1637e+01   0.0000e+00   0.0000e+00   3.4774e+02
20260522_12:00:00   1.1292e-01   3.1937e+01   1.1138e+01   0.0000e+00   0.0000e+00   3.4744e+02
20260522_13:00:00   1.0840e-01   3.0827e+01   1.0479e+01   0.0000e+00   9.3820e-06   3.4782e+02
20260522_14:00:00   1.0785e-01   3.0704e+01   1.0386e+01   0.0000e+00   3.3098e-04   3.4750e+02
20260522_15:00:00   1.0830e-01   3.0851e+01   1.0418e+01   0.0000e+00   4.9779e-04   3.4759e+02
20260522_16:00:00   1.1052e-01   3.1439e+01   1.0708e+01   0.0000e+00   3.6660e-04   3.4853e+02
20260522_17:00:00   1.1313e-01   3.2106e+01   1.1089e+01   0.0000e+00   8.3220e-04   3.4956e+02
20260522_18:00:00   1.1859e-01   3.3429e+01   1.1946e+01   0.0000e+00   1.1892e-03   3.5046e+02
20260522_19:00:00   1.2473e-01   3.4882e+01   1.2988e+01   0.0000e+00   1.9116e-03   3.5143e+02
20260522_20:00:00   1.3471e-01   3.7131e+01   1.3526e+01   8.5760e-03   6.4980e-03   3.5214e+02
20260522_21:00:00   1.2925e-01   3.5944e+01   1.3826e+01   8.4590e-04   3.8382e-02   3.5129e+02
20260522_22:00:00   1.3120e-01   3.6473e+01   1.4248e+01   2.8637e-04   1.2156e-02   3.4850e+02
20260522_23:00:00   1.3861e-01   3.8182e+01   1.5333e+01   1.3032e-03   9.2268e-02   3.4675e+02
20260523_00:00:00   1.3605e-01   3.7639e+01   1.5177e+01   0.0000e+00   4.2821e-02   3.4634e+02
20260523_01:00:00   1.3526e-01   3.7476e+01   1.5036e+01   0.0000e+00   7.1443e-03   3.4906e+02
20260523_02:00:00   1.3818e-01   3.8120e+01   1.5522e+01   1.0238e-04   4.2450e-03   3.4915e+02
20260523_03:00:00   1.7393e-01   4.6282e+01   1.7936e+01   1.9136e-02   1.2996e-01   3.5159e+02
20260523_04:00:00   1.6803e-01   4.5009e+01   1.9108e+01   0.0000e+00   4.3024e-01   3.4932e+02
20260523_05:00:00   1.6684e-01   4.4636e+01   1.8953e+01   0.0000e+00   4.6886e-01   3.4956e+02
20260523_06:00:00   1.6609e-01   4.4396e+01   1.8741e+01   5.1228e-04   6.6139e-01   3.4861e+02
20260523_07:00:00   1.7348e-01   4.6087e+01   1.9421e+01   0.0000e+00   6.6992e-01   3.4832e+02
20260523_08:00:00   1.6621e-01   4.4328e+01   1.8547e+01   4.0211e-04   7.7417e-01   3.5016e+02
20260523_09:00:00   1.6395e-01   4.3755e+01   1.8298e+01   0.0000e+00   7.3112e-01   3.5180e+02
20260523_10:00:00   1.7003e-01   4.5102e+01   1.8391e+01   5.8029e-03   6.8484e-01   3.5529e+02
20260523_11:00:00   1.7419e-01   4.5995e+01   1.8711e+01   6.5880e-03   4.5300e-01   3.4963e+02
20260523_12:00:00   2.1461e-01   5.4789e+01   1.7861e+01   5.9781e-02   2.6252e-01   3.4069e+02
20260523_15:00:00   1.5700e-01   4.2075e+01   1.5575e+01   1.5202e-02   1.2612e-02   3.4915e+02
20260523_18:00:00   1.6442e-01   4.3811e+01   1.4982e+01   2.8657e-02   3.8640e-03   3.4707e+02
20260523_21:00:00   2.0274e-01   5.2506e+01   1.7812e+01   4.7811e-02   1.7523e-01   3.4960e+02
20260524_00:00:00   1.5385e-01   4.1734e+01   1.6958e+01   0.0000e+00   2.4970e-01   3.5156e+02
20260524_03:00:00   1.4050e-01   3.8589e+01   1.5620e+01   0.0000e+00   1.5885e-03   3.4906e+02
20260524_06:00:00   1.3082e-01   3.6304e+01   1.4328e+01   0.0000e+00   1.4316e-02   3.4678e+02
20260524_09:00:00   1.4363e-01   3.9308e+01   1.5625e+01   0.0000e+00   1.8782e-03   3.5130e+02
20260524_12:00:00   1.3948e-01   3.8293e+01   1.5287e+01   0.0000e+00   9.4671e-03   3.4942e+02
20260524_15:00:00   1.4344e-01   3.9235e+01   1.5940e+01   0.0000e+00   4.9362e-03   3.5297e+02
20260524_18:00:00   1.7647e-01   4.6871e+01   1.7244e+01   2.4594e-02   2.9392e-03   3.5849e+02
20260524_21:00:00   2.0074e-01   5.2326e+01   1.8004e+01   4.4246e-02   3.3425e-01   3.5499e+02
20260525_00:00:00   1.5432e-01   4.2134e+01   1.7445e+01   0.0000e+00   3.2470e-02   3.3660e+02
20260525_03:00:00   1.6299e-01   4.4135e+01   1.8526e+01   0.0000e+00   5.4557e-02   3.3342e+02
20260525_06:00:00   1.3506e-01   3.7713e+01   1.4329e+01   0.0000e+00   0.0000e+00   3.4017e+02
20260525_09:00:00   1.3936e-01   3.8689e+01   1.4860e+01   0.0000e+00   0.0000e+00   3.3757e+02
20260525_12:00:00   1.2320e-01   3.4686e+01   1.2885e+01   0.0000e+00   0.0000e+00   3.3954e+02
20260525_15:00:00   1.2733e-01   3.5717e+01   1.3506e+01   0.0000e+00   0.0000e+00   3.3921e+02
20260525_18:00:00   1.3916e-01   3.8649e+01   1.5111e+01   5.4940e-04   7.9993e-04   3.3638e+02
20260525_21:00:00   1.5964e-01   4.3388e+01   1.6980e+01   1.0367e-02   8.5352e-02   3.3504e+02
20260526_00:00:00   1.4403e-01   3.9881e+01   1.6156e+01   1.1844e-03   1.1726e-02   3.3242e+02
20260526_03:00:00   1.4913e-01   4.1448e+01   1.6299e+01   0.0000e+00   4.6920e-05   3.3412e+02
20260526_06:00:00   1.6652e-01   4.5509e+01   1.8642e+01   0.0000e+00   1.8578e-03   3.3070e+02
20260526_09:00:00   1.6498e-01   4.4945e+01   1.8921e+01   0.0000e+00   9.0010e-03   3.2971e+02
20260526_12:00:00   1.6882e-01   4.5707e+01   1.9829e+01   0.0000e+00   1.0394e-01   3.2621e+02
20260526_15:00:00   1.8474e-01   4.9318e+01   2.1793e+01   0.0000e+00   3.4868e-01   3.2638e+02
20260526_18:00:00   1.9142e-01   5.0894e+01   2.2592e+01   1.9670e-03   3.6652e-01   3.2229e+02
20260526_21:00:00   2.3436e-01   6.0498e+01   2.6520e+01   1.0534e-02   4.4817e-01   3.2106e+02
20260527_00:00:00   2.1230e-01   5.5457e+01   2.5014e+01   6.2105e-03   4.1549e-01   3.2154e+02
20260527_03:00:00   2.3619e-01   6.0534e+01   2.7697e+01   1.2844e-03   5.2334e-01   3.2210e+02
20260527_06:00:00   4.7768e-01   1.0585e+02   2.6794e+01   2.7897e-01   2.1222e-01   3.2435e+02
20260527_09:00:00   2.1821e-01   5.6754e+01   2.5075e+01   2.7719e-04   4.4364e-03   3.2206e+02
20260527_12:00:00   2.0736e-01   5.4345e+01   2.3885e+01   0.0000e+00   1.6977e-03   3.2005e+02
20260527_15:00:00   2.0760e-01   5.4538e+01   2.3290e+01   0.0000e+00   1.5793e-03   3.1998e+02
20260527_18:00:00   2.4811e-01   6.3370e+01   2.3961e+01   4.4768e-02   1.8319e-03   3.1949e+02
20260527_21:00:00   3.9850e-01   9.2698e+01   2.3688e+01   2.2131e-01   7.8300e-03   3.1939e+02
20260528_00:00:00   6.5193e-01   1.3281e+02   2.5002e+01   5.0098e-01   1.1431e-01   3.1721e+02
20260528_03:00:00   1.9844e-01   5.2832e+01   2.2855e+01   1.6088e-04   3.4213e-03   3.1832e+02
20260528_06:00:00   2.0375e-01   5.3980e+01   2.3325e+01   4.2920e-04   1.8124e-04   3.1886e+02
20260528_09:00:00   1.8163e-01   4.8977e+01   2.0146e+01   0.0000e+00   7.4340e-04   3.2157e+02
20260528_12:00:00   2.3283e-01   5.9807e+01   2.0069e+01   6.1419e-02   1.0584e-02   3.2519e+02
20260528_15:00:00   1.7708e-01   4.7562e+01   1.9254e+01   6.3240e-03   1.0916e-03   3.2745e+02
20260528_18:00:00   1.8016e-01   4.8526e+01   1.8998e+01   1.1093e-02   1.0169e-03   3.3392e+02
20260528_21:00:00   1.6829e-01   4.5793e+01   1.8287e+01   1.1766e-02   1.0215e-02   3.3038e+02
20260529_00:00:00   1.3174e-01   3.7183e+01   1.4774e+01   2.4980e-04   2.7972e-05   3.3199e+02
20260529_03:00:00   9.9989e-02   2.9147e+01   1.0264e+01   0.0000e+00   3.1040e-06   3.2702e+02
20260529_06:00:00   1.0137e-01   2.9536e+01   1.0314e+01   0.0000e+00   1.2240e-05   3.2274e+02
20260529_09:00:00   1.0316e-01   2.9905e+01   1.0644e+01   0.0000e+00   5.0426e-03   3.2121e+02
20260529_12:00:00   9.9483e-02   2.8963e+01   1.0202e+01   0.0000e+00   1.7395e-02   3.1614e+02
20260529_15:00:00   9.9857e-02   2.9052e+01   1.0484e+01   0.0000e+00   1.2338e-04   3.1718e+02
20260529_18:00:00   1.1403e-01   3.2654e+01   1.2891e+01   0.0000e+00   2.6157e-02   3.1043e+02
20260529_21:00:00   1.4140e-01   3.9526e+01   1.7310e+01   0.0000e+00   1.2372e-04   3.0646e+02
20260530_00:00:00   1.6129e-01   4.4285e+01   2.0544e+01   3.1040e-05   3.6150e-03   3.0644e+02
20260530_03:00:00   1.5302e-01   4.2280e+01   1.9390e+01   0.0000e+00   2.8401e-03   3.0681e+02
20260530_06:00:00   1.8412e-01   5.0088e+01   2.2499e+01   0.0000e+00   3.3177e-02   3.0403e+02
20260530_09:00:00   1.9716e-01   5.3249e+01   2.3433e+01   0.0000e+00   3.8734e-02   3.0069e+02
20260530_12:00:00   1.8907e-01   5.1217e+01   2.2594e+01   0.0000e+00   3.3863e-02   3.0030e+02
20260530_15:00:00   1.9618e-01   5.2911e+01   2.3842e+01   0.0000e+00   7.1828e-03   3.0358e+02
20260530_18:00:00   1.9373e-01   5.2349e+01   2.4074e+01   0.0000e+00   1.8187e-02   3.0194e+02
20260530_21:00:00   2.0201e-01   5.4056e+01   2.5328e+01   3.5535e-03   7.6111e-03   2.9967e+02
20260531_00:00:00   7.5865e-01   1.4606e+02   2.7539e+01   6.1551e-01   3.1327e-01   2.9636e+02
20260531_03:00:00   2.2215e-01   5.8806e+01   2.6659e+01   0.0000e+00   5.5969e-04   2.9831e+02
20260531_06:00:00   2.1009e-01   5.6305e+01   2.5242e+01   0.0000e+00   6.3824e-03   2.9926e+02
20260531_09:00:00   1.8949e-01   5.1396e+01   2.3152e+01   0.0000e+00   8.5043e-04   2.9626e+02
20260531_12:00:00   2.1043e-01   5.6177e+01   2.5480e+01   0.0000e+00   5.0097e-03   2.9515e+02
20260531_15:00:00   2.0943e-01   5.6006e+01   2.5379e+01   0.0000e+00   3.1203e-03   2.9938e+02
20260531_18:00:00   2.0414e-01   5.4865e+01   2.5277e+01   0.0000e+00   5.8399e-03   2.9879e+02
20260531_21:00:00   2.3163e-01   6.0806e+01   2.6482e+01   2.4683e-02   7.3470e-03   2.9455e+02
20260601_00:00:00   3.2008e-01   7.9271e+01   2.8521e+01   1.0110e-01   9.5010e-02   2.9217e+02
20260601_03:00:00   2.4017e-01   6.3011e+01   2.8763e+01   0.0000e+00   2.0357e-01   2.9495e+02
20260601_06:00:00   2.1280e-01   5.6881e+01   2.5761e+01   0.0000e+00   1.1331e-02   2.9388e+02
20260601_09:00:00   1.9310e-01   5.2357e+01   2.2839e+01   0.0000e+00   2.4000e-05   2.9320e+02
20260601_12:00:00   2.0020e-01   5.4005e+01   2.3702e+01   0.0000e+00   0.0000e+00   2.9504e+02
20260601_15:00:00   2.0773e-01   5.5785e+01   2.4541e+01   0.0000e+00   0.0000e+00   2.9486e+02
20260601_18:00:00   2.2125e-01   5.9014e+01   2.6403e+01   0.0000e+00   0.0000e+00   2.9688e+02
20260601_21:00:00   4.9177e-01   1.1074e+02   2.9599e+01   2.8767e-01   7.8268e-04   2.9548e+02
20260602_00:00:00   4.2693e-01   9.9495e+01   3.0533e+01   2.0178e-01   9.1913e-02   2.9703e+02
20260602_03:00:00   2.4659e-01   6.4327e+01   2.9361e+01   0.0000e+00   5.3223e-01   2.9719e+02
20260602_06:00:00   1.9533e-01   5.2915e+01   2.4051e+01   0.0000e+00   0.0000e+00   2.9354e+02
20260602_09:00:00   2.0141e-01   5.4388e+01   2.4271e+01   0.0000e+00   0.0000e+00   2.9220e+02
20260602_12:00:00   2.0105e-01   5.4220e+01   2.4205e+01   0.0000e+00   5.5181e-03   2.9276e+02
20260602_15:00:00   1.7952e-01   4.9273e+01   2.1530e+01   0.0000e+00   2.3439e-04   2.9510e+02
20260602_18:00:00   1.8454e-01   5.0574e+01   2.2279e+01   0.0000e+00   0.0000e+00   2.9476e+02
20260602_21:00:00   2.0844e-01   5.5971e+01   2.5719e+01   3.7814e-03   1.4854e-04   2.9476e+02
20260603_00:00:00   6.1501e-01   1.2853e+02   2.8934e+01   4.3392e-01   1.8738e-01   2.9232e+02
20260603_03:00:00   2.2007e-01   5.8870e+01   2.6518e+01   0.0000e+00   1.1297e-04   2.9693e+02
20260603_06:00:00   1.9114e-01   5.2219e+01   2.3047e+01   0.0000e+00   0.0000e+00   2.9541e+02
20260603_09:00:00   1.9037e-01   5.1963e+01   2.2793e+01   0.0000e+00   0.0000e+00   2.9655e+02
20260603_12:00:00   1.9129e-01   5.2117e+01   2.3030e+01   0.0000e+00   0.0000e+00   2.9700e+02
