#            date       tau255        Tb[K]      pwv[mm] lwp[kg*m^-2] iwp[kg*m^-2]       o3[DU]
20260222_12:00:00   7.2919e-02   2.1311e+01   4.6329e+00   0.0000e+00   2.5613e-03   2.9595e+02
20260222_13:00:00   7.2518e-02   2.1192e+01   4.6202e+00   0.0000e+00   2.0924e-03   2.9581e+02
20260222_14:00:00   7.1503e-02   2.0940e+01   4.4742e+00   0.0000e+00   2.5703e-03   2.9532e+02
20260222_15:00:00   7.0574e-02   2.0704e+01   4.3407e+00   0.0000e+00   2.8397e-03   2.9410e+02
20260222_16:00:00   7.0905e-02   2.0781e+01   4.4172e+00   0.0000e+00   2.5819e-03   2.9118e+02
20260222_17:00:00   7.2276e-02   2.1125e+01   4.6591e+00   0.0000e+00   5.2688e-03   2.8891e+02
20260222_18:00:00   7.3675e-02   2.1467e+01   4.9460e+00   0.0000e+00   3.8303e-03   2.8736e+02
20260222_19:00:00   7.5443e-02   2.1911e+01   5.2576e+00   0.0000e+00   1.0159e-02   2.8687e+02
20260222_20:00:00   7.7301e-02   2.2389e+01   5.5847e+00   0.0000e+00   2.2584e-02   2.8636e+02
20260222_21:00:00   7.8561e-02   2.2717e+01   5.8093e+00   0.0000e+00   6.5053e-03   2.8463e+02
20260222_22:00:00   7.8539e-02   2.2753e+01   5.7587e+00   0.0000e+00   4.4235e-04   2.8429e+02
20260222_23:00:00   7.9849e-02   2.3090e+01   5.9760e+00   0.0000e+00   2.6320e-04   2.8751e+02
20260223_00:00:00   8.1516e-02   2.3506e+01   6.2545e+00   0.0000e+00   1.5361e-03   2.8983e+02
20260223_01:00:00   8.3017e-02   2.3881e+01   6.4721e+00   0.0000e+00   2.4762e-03   2.9081e+02
20260223_02:00:00   8.4414e-02   2.4229e+01   6.6734e+00   0.0000e+00   3.3531e-03   2.9032e+02
20260223_03:00:00   8.5586e-02   2.4529e+01   6.8429e+00   0.0000e+00   3.5036e-03   2.9178e+02
20260223_04:00:00   8.6376e-02   2.4738e+01   6.9464e+00   0.0000e+00   5.0323e-03   2.9442e+02
20260223_05:00:00   8.7776e-02   2.5089e+01   7.1549e+00   0.0000e+00   4.1955e-03   2.9473e+02
20260223_06:00:00   8.8618e-02   2.5297e+01   7.3015e+00   0.0000e+00   4.5843e-03   2.9556e+02
20260223_07:00:00   9.0026e-02   2.5652e+01   7.5143e+00   0.0000e+00   3.8615e-03   2.9551e+02
20260223_08:00:00   9.1180e-02   2.5945e+01   7.7178e+00   0.0000e+00   4.2886e-03   2.9386e+02
20260223_09:00:00   9.1338e-02   2.5984e+01   7.7490e+00   0.0000e+00   2.6401e-03   2.9128e+02
20260223_10:00:00   9.0643e-02   2.5821e+01   7.6426e+00   0.0000e+00   8.7180e-04   2.9162e+02
20260223_11:00:00   9.0216e-02   2.5715e+01   7.5941e+00   0.0000e+00   1.0100e-04   2.9224e+02
20260223_12:00:00   8.9854e-02   2.5626e+01   7.5481e+00   0.0000e+00   0.0000e+00   2.9263e+02
20260223_13:00:00   8.9049e-02   2.5429e+01   7.4062e+00   0.0000e+00   0.0000e+00   2.9371e+02
20260223_14:00:00   8.8334e-02   2.5260e+01   7.2579e+00   0.0000e+00   0.0000e+00   2.9558e+02
20260223_15:00:00   8.8271e-02   2.5253e+01   7.1980e+00   0.0000e+00   8.5820e-06   2.9802e+02
20260223_16:00:00   8.8227e-02   2.5268e+01   7.1784e+00   0.0000e+00   0.0000e+00   2.9980e+02
20260223_17:00:00   8.8556e-02   2.5371e+01   7.2194e+00   0.0000e+00   0.0000e+00   2.9549e+02
20260223_18:00:00   8.9364e-02   2.5591e+01   7.3252e+00   0.0000e+00   0.0000e+00   2.9617e+02
20260223_19:00:00   9.0169e-02   2.5817e+01   7.4353e+00   0.0000e+00   0.0000e+00   2.9737e+02
20260223_20:00:00   9.0773e-02   2.5994e+01   7.5143e+00   0.0000e+00   0.0000e+00   3.0212e+02
20260223_21:00:00   9.0975e-02   2.6076e+01   7.5598e+00   0.0000e+00   0.0000e+00   3.0538e+02
20260223_22:00:00   9.0978e-02   2.6103e+01   7.5596e+00   0.0000e+00   0.0000e+00   3.0470e+02
20260223_23:00:00   9.0033e-02   2.5892e+01   7.4216e+00   0.0000e+00   0.0000e+00   3.0402e+02
20260224_00:00:00   8.9376e-02   2.5738e+01   7.3032e+00   0.0000e+00   0.0000e+00   3.0350e+02
20260224_01:00:00   8.7625e-02   2.5315e+01   7.0119e+00   0.0000e+00   0.0000e+00   3.0129e+02
20260224_02:00:00   8.5338e-02   2.4757e+01   6.6576e+00   0.0000e+00   0.0000e+00   3.0100e+02
20260224_03:00:00   8.2980e-02   2.4190e+01   6.3432e+00   0.0000e+00   0.0000e+00   3.0142e+02
20260224_04:00:00   8.2738e-02   2.4153e+01   6.2806e+00   0.0000e+00   0.0000e+00   3.0070e+02
20260224_05:00:00   8.3954e-02   2.4468e+01   6.4757e+00   0.0000e+00   0.0000e+00   3.0080e+02
20260224_06:00:00   8.4375e-02   2.4582e+01   6.5361e+00   0.0000e+00   0.0000e+00   2.9989e+02
20260224_07:00:00   8.3362e-02   2.4333e+01   6.3934e+00   0.0000e+00   0.0000e+00   2.9802e+02
20260224_08:00:00   8.1675e-02   2.3907e+01   6.1565e+00   0.0000e+00   0.0000e+00   2.9755e+02
20260224_09:00:00   8.0510e-02   2.3613e+01   6.0484e+00   0.0000e+00   0.0000e+00   2.9809e+02
20260224_10:00:00   8.0135e-02   2.3519e+01   6.0476e+00   0.0000e+00   0.0000e+00   2.9931e+02
20260224_11:00:00   7.9619e-02   2.3408e+01   6.0038e+00   0.0000e+00   0.0000e+00   2.9948e+02
20260224_12:00:00   7.9356e-02   2.3355e+01   5.9999e+00   0.0000e+00   4.1640e-05   2.9754e+02
20260224_13:00:00   7.9092e-02   2.3305e+01   5.9905e+00   0.0000e+00   2.7803e-05   2.9712e+02
20260224_14:00:00   7.9212e-02   2.3357e+01   5.9634e+00   0.0000e+00   0.0000e+00   2.9696e+02
20260224_15:00:00   7.8421e-02   2.3171e+01   5.9103e+00   0.0000e+00   3.6560e-06   2.9673e+02
20260224_16:00:00   7.7239e-02   2.2887e+01   5.7350e+00   0.0000e+00   2.0700e-04   2.9595e+02
20260224_17:00:00   7.6369e-02   2.2673e+01   5.6470e+00   0.0000e+00   4.1200e-04   2.9431e+02
20260224_18:00:00   7.4844e-02   2.2287e+01   5.4724e+00   0.0000e+00   1.6186e-03   2.9409e+02
20260224_19:00:00   7.4380e-02   2.2162e+01   5.5005e+00   0.0000e+00   2.2798e-03   2.9298e+02
20260224_20:00:00   7.4978e-02   2.2308e+01   5.7046e+00   0.0000e+00   5.0820e-03   2.9289e+02
20260224_21:00:00   7.6289e-02   2.2623e+01   6.0622e+00   0.0000e+00   8.0136e-03   2.9151e+02
20260224_22:00:00   7.7212e-02   2.2863e+01   6.2636e+00   0.0000e+00   1.1686e-02   2.9072e+02
20260224_23:00:00   7.7554e-02   2.2946e+01   6.4076e+00   0.0000e+00   5.9062e-03   2.8975e+02
20260225_00:00:00   7.6849e-02   2.2779e+01   6.2844e+00   0.0000e+00   2.7135e-04   2.9085e+02
20260225_01:00:00   7.6754e-02   2.2747e+01   6.2868e+00   0.0000e+00   4.2920e-06   2.9098e+02
20260225_02:00:00   7.7293e-02   2.2861e+01   6.4136e+00   0.0000e+00   0.0000e+00   2.8996e+02
20260225_03:00:00   7.8073e-02   2.3058e+01   6.5793e+00   0.0000e+00   3.1840e-05   2.8964e+02
20260225_04:00:00   7.8998e-02   2.3316e+01   6.7488e+00   0.0000e+00   2.6364e-04   2.9029e+02
20260225_05:00:00   8.1186e-02   2.3884e+01   7.1837e+00   0.0000e+00   4.7460e-05   2.8956e+02
20260225_06:00:00   8.6218e-02   2.5191e+01   8.0630e+00   0.0000e+00   2.2820e-05   2.8778e+02
20260225_07:00:00   9.5047e-02   2.7451e+01   9.5245e+00   0.0000e+00   0.0000e+00   2.8503e+02
20260225_08:00:00   1.0303e-01   2.9468e+01   1.0782e+01   0.0000e+00   4.0720e-05   2.8386e+02
20260225_09:00:00   1.0764e-01   3.0622e+01   1.1409e+01   0.0000e+00   2.5522e-04   2.8337e+02
20260225_10:00:00   1.1173e-01   3.1659e+01   1.1968e+01   0.0000e+00   2.2978e-03   2.8318e+02
20260225_11:00:00   1.1275e-01   3.1926e+01   1.2106e+01   0.0000e+00   5.9440e-03   2.8391e+02
20260225_12:00:00   1.1221e-01   3.1805e+01   1.2050e+01   0.0000e+00   9.1666e-03   2.8506e+02
20260225_13:00:00   1.1322e-01   3.2037e+01   1.2199e+01   0.0000e+00   5.0930e-03   2.8562e+02
20260225_14:00:00   1.1291e-01   3.1953e+01   1.2132e+01   0.0000e+00   4.5800e-03   2.8559e+02
20260225_15:00:00   1.1260e-01   3.1897e+01   1.1984e+01   0.0000e+00   2.3440e-03   2.8708e+02
20260225_16:00:00   1.1175e-01   3.1705e+01   1.1799e+01   0.0000e+00   3.3216e-03   2.8779e+02
20260225_17:00:00   1.1081e-01   3.1471e+01   1.1631e+01   0.0000e+00   1.7090e-03   2.8791e+02
20260225_18:00:00   1.1030e-01   3.1371e+01   1.1538e+01   0.0000e+00   1.6929e-03   2.8648e+02
20260225_19:00:00   1.0931e-01   3.1151e+01   1.1406e+01   0.0000e+00   4.6374e-03   2.8525e+02
20260225_20:00:00   1.1011e-01   3.1347e+01   1.1586e+01   0.0000e+00   8.0990e-03   2.8545e+02
20260225_21:00:00   1.0950e-01   3.1210e+01   1.1568e+01   0.0000e+00   5.7276e-03   2.8388e+02
20260225_22:00:00   1.0851e-01   3.0961e+01   1.1526e+01   0.0000e+00   1.4054e-03   2.8255e+02
20260225_23:00:00   1.0838e-01   3.0933e+01   1.1546e+01   0.0000e+00   4.4955e-04   2.8143e+02
20260226_00:00:00   1.0686e-01   3.0577e+01   1.1281e+01   0.0000e+00   2.4300e-06   2.8119e+02
20260226_01:00:00   1.0770e-01   3.0751e+01   1.1351e+01   0.0000e+00   0.0000e+00   2.8235e+02
20260226_02:00:00   1.1191e-01   3.1765e+01   1.1940e+01   0.0000e+00   8.3220e-06   2.8424e+02
20260226_03:00:00   1.1156e-01   3.1659e+01   1.1881e+01   0.0000e+00   0.0000e+00   2.8716e+02
20260226_04:00:00   1.0995e-01   3.1258e+01   1.1635e+01   0.0000e+00   1.8246e-03   2.8890e+02
20260226_05:00:00   1.1122e-01   3.1546e+01   1.1939e+01   0.0000e+00   4.6224e-03   2.9058e+02
20260226_06:00:00   1.1569e-01   3.2655e+01   1.2491e+01   0.0000e+00   4.3042e-03   2.9110e+02
20260226_07:00:00   1.2128e-01   3.4042e+01   1.2999e+01   0.0000e+00   2.1105e-03   2.8967e+02
20260226_08:00:00   1.2077e-01   3.3936e+01   1.2752e+01   0.0000e+00   1.8811e-03   2.8844e+02
20260226_09:00:00   1.1596e-01   3.2717e+01   1.2026e+01   0.0000e+00   1.4146e-03   2.8776e+02
20260226_10:00:00   1.0980e-01   3.1175e+01   1.0943e+01   0.0000e+00   3.2043e-04   2.8870e+02
20260226_11:00:00   1.0705e-01   3.0498e+01   1.0285e+01   0.0000e+00   3.5983e-04   2.8936e+02
20260226_12:00:00   1.1395e-01   3.2199e+01   1.0945e+01   0.0000e+00   4.5682e-04   2.9014e+02
20260226_13:00:00   1.1823e-01   3.3205e+01   1.1343e+01   0.0000e+00   2.1320e-04   2.9049e+02
20260226_14:00:00   1.1946e-01   3.3404e+01   1.1418e+01   0.0000e+00   0.0000e+00   2.9505e+02
20260226_15:00:00   1.1241e-01   3.1640e+01   1.0226e+01   0.0000e+00   0.0000e+00   2.9218e+02
20260226_16:00:00   1.0387e-01   2.9486e+01   8.9708e+00   0.0000e+00   0.0000e+00   2.9231e+02
20260226_17:00:00   9.9695e-02   2.8422e+01   8.3340e+00   0.0000e+00   0.0000e+00   2.9091e+02
20260226_18:00:00   9.5883e-02   2.7473e+01   7.8100e+00   0.0000e+00   0.0000e+00   2.9085e+02
20260226_19:00:00   9.4767e-02   2.7207e+01   7.7187e+00   0.0000e+00   0.0000e+00   2.9158e+02
20260226_20:00:00   9.6639e-02   2.7686e+01   8.0988e+00   0.0000e+00   0.0000e+00   2.9187e+02
20260226_21:00:00   9.8208e-02   2.8101e+01   8.3967e+00   0.0000e+00   0.0000e+00   2.9117e+02
20260226_22:00:00   9.8086e-02   2.8091e+01   8.4980e+00   0.0000e+00   0.0000e+00   2.9081e+02
20260226_23:00:00   9.8096e-02   2.8088e+01   8.5485e+00   0.0000e+00   0.0000e+00   2.9141e+02
20260227_00:00:00   9.6915e-02   2.7788e+01   8.3291e+00   0.0000e+00   0.0000e+00   2.9235e+02
20260227_01:00:00   9.3252e-02   2.6859e+01   7.7490e+00   0.0000e+00   4.2920e-06   2.9346e+02
20260227_02:00:00   9.0473e-02   2.6130e+01   7.3519e+00   0.0000e+00   1.2146e-06   2.9377e+02
20260227_03:00:00   8.8345e-02   2.5594e+01   7.0181e+00   0.0000e+00   0.0000e+00   2.9641e+02
20260227_04:00:00   8.8100e-02   2.5534e+01   6.9692e+00   0.0000e+00   0.0000e+00   2.9813e+02
20260227_05:00:00   8.7242e-02   2.5323e+01   6.8035e+00   0.0000e+00   0.0000e+00   2.9620e+02
20260227_06:00:00   8.5163e-02   2.4802e+01   6.4820e+00   0.0000e+00   0.0000e+00   2.9472e+02
20260227_07:00:00   8.3655e-02   2.4413e+01   6.2594e+00   0.0000e+00   0.0000e+00   2.9622e+02
20260227_08:00:00   8.1308e-02   2.3816e+01   5.9269e+00   0.0000e+00   1.9182e-03   2.9639e+02
20260227_09:00:00   7.8615e-02   2.3138e+01   5.5204e+00   0.0000e+00   2.8061e-03   2.9575e+02
20260227_10:00:00   7.7482e-02   2.2847e+01   5.3885e+00   0.0000e+00   2.5854e-03   2.9491e+02
20260227_11:00:00   7.6445e-02   2.2587e+01   5.2562e+00   0.0000e+00   1.0512e-03   2.9694e+02
20260227_12:00:00   7.6709e-02   2.2648e+01   5.3618e+00   0.0000e+00   1.6502e-04   2.9729e+02
20260227_15:00:00   7.8472e-02   2.3102e+01   5.7632e+00   0.0000e+00   0.0000e+00   2.9920e+02
20260227_18:00:00   8.3197e-02   2.4350e+01   6.6146e+00   0.0000e+00   0.0000e+00   2.9561e+02
20260227_21:00:00   8.7755e-02   2.5571e+01   7.5259e+00   0.0000e+00   0.0000e+00   2.8999e+02
20260228_00:00:00   9.1051e-02   2.6452e+01   8.1987e+00   0.0000e+00   0.0000e+00   2.9120e+02
20260228_03:00:00   9.0790e-02   2.6365e+01   8.1873e+00   0.0000e+00   0.0000e+00   2.9231e+02
20260228_06:00:00   9.2197e-02   2.6711e+01   8.4797e+00   0.0000e+00   0.0000e+00   2.9301e+02
20260228_09:00:00   1.0563e-01   3.0104e+01   1.0542e+01   0.0000e+00   0.0000e+00   2.9124e+02
20260228_12:00:00   1.0892e-01   3.0971e+01   1.0936e+01   0.0000e+00   0.0000e+00   2.8897e+02
20260228_15:00:00   1.0128e-01   2.9122e+01   9.6433e+00   0.0000e+00   0.0000e+00   2.8956e+02
20260228_18:00:00   9.6387e-02   2.8014e+01   8.7723e+00   0.0000e+00   0.0000e+00   2.8711e+02
20260228_21:00:00   8.3357e-02   2.4778e+01   6.6418e+00   0.0000e+00   0.0000e+00   2.8194e+02
20260301_00:00:00   7.6200e-02   2.2908e+01   5.6786e+00   0.0000e+00   0.0000e+00   2.7998e+02
20260301_03:00:00   7.4888e-02   2.2544e+01   5.3344e+00   0.0000e+00   0.0000e+00   2.7867e+02
20260301_06:00:00   7.5902e-02   2.2782e+01   5.5987e+00   0.0000e+00   3.9181e-05   2.7784e+02
20260301_09:00:00   8.2418e-02   2.4429e+01   6.6802e+00   0.0000e+00   1.1750e-03   2.7620e+02
20260301_12:00:00   8.5055e-02   2.5105e+01   6.8995e+00   0.0000e+00   2.7483e-03   2.7226e+02
20260301_15:00:00   8.2573e-02   2.4417e+01   6.5415e+00   0.0000e+00   2.1732e-03   2.7060e+02
20260301_18:00:00   8.0923e-02   2.3998e+01   6.4090e+00   0.0000e+00   8.7200e-04   2.6690e+02
20260301_21:00:00   8.2088e-02   2.4298e+01   6.8368e+00   0.0000e+00   1.4534e-02   2.6367e+02
20260302_00:00:00   8.1170e-02   2.4112e+01   6.6269e+00   0.0000e+00   0.0000e+00   2.6700e+02
20260302_03:00:00   7.8158e-02   2.3351e+01   6.0441e+00   0.0000e+00   3.1157e-03   2.6370e+02
20260302_06:00:00   8.2972e-02   2.4572e+01   6.8592e+00   0.0000e+00   5.3634e-03   2.6310e+02
20260302_09:00:00   8.3660e-02   2.4716e+01   6.9301e+00   0.0000e+00   4.2585e-03   2.6698e+02
20260302_12:00:00   8.5607e-02   2.5189e+01   7.2254e+00   0.0000e+00   2.9840e-03   2.6741e+02
20260302_15:00:00   8.6514e-02   2.5440e+01   7.3097e+00   0.0000e+00   1.7042e-03   2.6788e+02
20260302_18:00:00   8.9823e-02   2.6338e+01   7.8741e+00   0.0000e+00   2.5740e-05   2.6862e+02
20260302_21:00:00   9.8423e-02   2.8589e+01   9.2996e+00   0.0000e+00   0.0000e+00   2.6947e+02
20260303_00:00:00   1.0270e-01   2.9660e+01   1.0067e+01   0.0000e+00   0.0000e+00   2.7356e+02
20260303_03:00:00   1.0051e-01   2.9178e+01   9.5140e+00   0.0000e+00   0.0000e+00   2.7732e+02
20260303_06:00:00   1.2103e-01   3.3998e+01   1.2888e+01   0.0000e+00   1.2074e-02   2.8259e+02
20260303_09:00:00   1.1940e-01   3.3573e+01   1.2675e+01   0.0000e+00   0.0000e+00   2.8523e+02
20260303_12:00:00   1.1344e-01   3.1988e+01   1.2057e+01   0.0000e+00   1.1076e-02   2.8780e+02
20260303_15:00:00   1.0332e-01   2.9472e+01   1.0438e+01   0.0000e+00   2.3643e-03   2.9156e+02
20260303_18:00:00   1.0040e-01   2.8876e+01   9.7558e+00   0.0000e+00   0.0000e+00   2.8953e+02
20260303_21:00:00   1.0662e-01   3.0406e+01   1.0844e+01   0.0000e+00   1.9594e-05   2.8923e+02
20260304_00:00:00   1.0981e-01   3.1228e+01   1.1185e+01   0.0000e+00   3.6560e-06   2.9273e+02
20260304_03:00:00   1.1797e-01   3.3192e+01   1.1933e+01   0.0000e+00   2.0878e-03   2.9302e+02
20260304_06:00:00   1.4171e-01   3.8869e+01   1.5329e+01   0.0000e+00   1.1418e-02   2.9194e+02
20260304_09:00:00   1.5074e-01   4.0971e+01   1.6675e+01   0.0000e+00   7.5450e-03   2.9089e+02
20260304_12:00:00   1.5818e-01   4.2625e+01   1.7704e+01   0.0000e+00   1.8573e-01   2.9302e+02
20260304_15:00:00   1.7651e-01   4.6814e+01   1.9827e+01   0.0000e+00   1.6963e-01   2.9260e+02
20260304_18:00:00   1.8907e-01   4.9759e+01   2.1222e+01   0.0000e+00   2.5990e-01   2.9202e+02
20260304_21:00:00   1.8379e-01   4.8831e+01   2.0449e+01   0.0000e+00   1.6621e-02   2.8715e+02
20260305_00:00:00   1.8686e-01   4.9683e+01   2.0441e+01   0.0000e+00   7.8975e-02   2.8289e+02
20260305_03:00:00   1.9214e-01   5.0753e+01   2.0662e+01   9.6430e-04   6.9422e-02   2.8184e+02
20260305_06:00:00   4.5187e-01   1.0327e+02   2.4620e+01   2.6428e-01   3.4771e-03   2.8209e+02
20260305_09:00:00   2.7426e-01   6.8493e+01   2.2175e+01   7.1026e-02   2.0334e-02   2.7818e+02
20260305_12:00:00   3.0684e-01   7.5350e+01   2.1430e+01   1.1713e-01   6.0000e-03   2.7794e+02
20260305_15:00:00   2.1346e-01   5.5167e+01   2.2309e+01   1.9306e-03   4.4931e-02   2.7763e+02
20260305_18:00:00   2.5502e-01   6.4514e+01   2.1709e+01   5.6071e-02   2.6522e-02   2.7731e+02
20260305_21:00:00   2.2965e-01   5.8985e+01   2.1818e+01   2.8811e-02   2.9927e-02   2.7484e+02
20260306_00:00:00   3.7748e-01   8.9088e+01   2.4729e+01   1.7277e-01   3.5422e-02   2.7535e+02
20260306_03:00:00   6.7102e-01   1.3720e+02   2.4946e+01   5.0941e-01   7.2183e-04   2.7391e+02
20260306_06:00:00   3.4028e-01   8.1631e+01   2.4017e+01   1.3402e-01   1.1489e-02   2.7206e+02
20260306_09:00:00   3.7982e-01   8.9004e+01   2.2520e+01   1.9022e-01   3.9981e-03   2.7283e+02
20260306_12:00:00   2.8636e-01   7.0418e+01   2.0128e+01   1.0331e-01   8.9051e-02   2.7753e+02
20260306_15:00:00   6.8780e-01   1.3756e+02   2.3812e+01   5.2827e-01   1.1313e-01   2.8042e+02
20260306_18:00:00   5.2465e-01   1.1418e+02   2.3610e+01   3.5132e-01   5.4591e-02   2.8113e+02
20260306_21:00:00   2.1810e-01   5.6149e+01   2.1602e+01   1.8643e-02   3.9899e-03   2.7930e+02
20260307_00:00:00   1.7868e-01   4.7449e+01   1.8782e+01   6.9240e-05   1.1324e-04   2.8505e+02
20260307_03:00:00   1.8496e-01   4.8666e+01   2.0046e+01   3.8337e-04   1.5364e-01   2.7918e+02
20260307_06:00:00   2.0609e-01   5.3227e+01   2.1540e+01   6.5035e-03   1.0436e-01   2.7984e+02
20260307_09:00:00   1.6795e-01   4.4892e+01   1.7117e+01   0.0000e+00   4.3914e-04   2.7992e+02
20260307_12:00:00   1.4670e-01   3.9932e+01   1.4175e+01   0.0000e+00   2.4177e-02   2.7905e+02
20260307_15:00:00   1.3893e-01   3.8158e+01   1.3119e+01   0.0000e+00   1.6126e-02   2.8174e+02
20260307_18:00:00   1.4572e-01   3.9735e+01   1.4275e+01   0.0000e+00   3.8637e-03   2.8342e+02
20260307_21:00:00   2.4265e-01   6.0971e+01   1.6063e+01   9.5650e-02   7.2540e-03   2.8271e+02
20260308_00:00:00   5.4522e-01   1.1510e+02   1.9840e+01   4.0253e-01   6.7446e-01   2.7770e+02
20260308_03:00:00   1.5433e-01   4.1728e+01   1.5629e+01   0.0000e+00   1.2413e-03   2.8036e+02
20260308_06:00:00   1.5248e-01   4.1333e+01   1.5034e+01   0.0000e+00   2.9160e-06   2.8573e+02
20260308_09:00:00   1.4493e-01   3.9532e+01   1.4097e+01   0.0000e+00   3.7576e-05   2.8357e+02
20260308_12:00:00   1.5397e-01   4.1647e+01   1.4947e+01   0.0000e+00   0.0000e+00   2.8583e+02
20260308_15:00:00   1.3947e-01   3.8296e+01   1.2850e+01   0.0000e+00   3.6440e-06   2.8899e+02
20260308_18:00:00   1.4281e-01   3.9150e+01   1.3317e+01   0.0000e+00   1.1754e-04   2.9549e+02
20260308_21:00:00   1.2629e-01   3.5037e+01   1.2296e+01   0.0000e+00   9.0482e-04   3.0022e+02
20260309_00:00:00   1.0010e-01   2.8572e+01   8.8861e+00   0.0000e+00   1.4898e-02   3.0184e+02
20260309_03:00:00   9.6035e-02   2.7518e+01   8.2502e+00   0.0000e+00   1.0852e-02   3.0485e+02
20260309_06:00:00   1.0403e-01   2.9476e+01   9.5071e+00   0.0000e+00   8.4243e-03   3.0299e+02
20260309_09:00:00   9.8953e-02   2.8182e+01   8.8870e+00   0.0000e+00   6.8560e-04   2.9896e+02
20260309_12:00:00   9.1965e-02   2.6403e+01   7.9530e+00   0.0000e+00   1.2719e-02   2.9484e+02
20260309_15:00:00   9.9254e-02   2.8153e+01   9.0346e+00   0.0000e+00   7.6161e-02   2.9363e+02
20260309_18:00:00   1.0443e-01   2.9439e+01   9.8788e+00   0.0000e+00   1.0092e-01   2.9004e+02
20260309_21:00:00   1.0883e-01   3.0459e+01   1.0888e+01   0.0000e+00   7.3990e-02   2.9106e+02
20260310_00:00:00   9.6983e-02   2.7569e+01   9.0767e+00   0.0000e+00   2.1680e-02   2.9159e+02
20260310_03:00:00   1.0077e-01   2.8511e+01   9.6366e+00   0.0000e+00   8.2086e-03   2.8991e+02
20260310_06:00:00   1.0652e-01   2.9859e+01   1.0617e+01   0.0000e+00   4.5131e-02   2.9400e+02
20260310_09:00:00   1.0630e-01   2.9815e+01   1.0540e+01   0.0000e+00   1.1953e-01   2.9726e+02
20260310_12:00:00   1.1418e-01   3.1724e+01   1.1562e+01   0.0000e+00   5.4660e-02   2.9650e+02
