#            date       tau255        Tb[K]      pwv[mm] lwp[kg*m^-2] iwp[kg*m^-2]       o3[DU]
20260516_00:00:00   1.2351e-01   3.4956e+01   1.3305e+01   0.0000e+00   0.0000e+00   3.3102e+02
20260516_01:00:00   1.2701e-01   3.5812e+01   1.3882e+01   0.0000e+00   0.0000e+00   3.2956e+02
20260516_02:00:00   1.3269e-01   3.7110e+01   1.4722e+01   5.5960e-04   5.9105e-03   3.2897e+02
20260516_03:00:00   1.3909e-01   3.8603e+01   1.5382e+01   1.9320e-03   7.3760e-02   3.2917e+02
20260516_04:00:00   1.4880e-01   4.0985e+01   1.6774e+01   0.0000e+00   1.2361e-01   3.3024e+02
20260516_05:00:00   1.4757e-01   4.0754e+01   1.6541e+01   0.0000e+00   3.5078e-02   3.2669e+02
20260516_06:00:00   1.3622e-01   3.8097e+01   1.4873e+01   0.0000e+00   2.3162e-03   3.2752e+02
20260516_07:00:00   1.3112e-01   3.6848e+01   1.4092e+01   0.0000e+00   7.8816e-04   3.2793e+02
20260516_08:00:00   1.2139e-01   3.4484e+01   1.2580e+01   0.0000e+00   0.0000e+00   3.2921e+02
20260516_09:00:00   1.0620e-01   3.0589e+01   1.0443e+01   0.0000e+00   0.0000e+00   3.3125e+02
20260516_10:00:00   9.6247e-02   2.7928e+01   9.0635e+00   0.0000e+00   0.0000e+00   3.3405e+02
20260516_11:00:00   9.2851e-02   2.7046e+01   8.5510e+00   0.0000e+00   0.0000e+00   3.3701e+02
20260516_12:00:00   9.1883e-02   2.6800e+01   8.3790e+00   0.0000e+00   0.0000e+00   3.3670e+02
20260516_13:00:00   9.0904e-02   2.6556e+01   8.1706e+00   0.0000e+00   0.0000e+00   3.3617e+02
20260516_14:00:00   8.9312e-02   2.6148e+01   7.8934e+00   0.0000e+00   0.0000e+00   3.3470e+02
20260516_15:00:00   8.8053e-02   2.5851e+01   7.6757e+00   0.0000e+00   0.0000e+00   3.3399e+02
20260516_16:00:00   8.7334e-02   2.5697e+01   7.5687e+00   0.0000e+00   0.0000e+00   3.3372e+02
20260516_17:00:00   8.5513e-02   2.5285e+01   7.3215e+00   0.0000e+00   0.0000e+00   3.3181e+02
20260516_18:00:00   8.1825e-02   2.4389e+01   6.7480e+00   0.0000e+00   0.0000e+00   3.2790e+02
20260516_19:00:00   7.7374e-02   2.3277e+01   6.0455e+00   0.0000e+00   9.5540e-05   3.2446e+02
20260516_20:00:00   7.6059e-02   2.2938e+01   5.9238e+00   0.0000e+00   3.3744e-03   3.2303e+02
20260516_21:00:00   7.4975e-02   2.2631e+01   5.8615e+00   0.0000e+00   1.7177e-02   3.2232e+02
20260516_22:00:00   7.4588e-02   2.2515e+01   5.8448e+00   0.0000e+00   4.8619e-02   3.2170e+02
20260516_23:00:00   7.5556e-02   2.2752e+01   6.0496e+00   0.0000e+00   6.6219e-02   3.2087e+02
20260517_00:00:00   7.5605e-02   2.2762e+01   6.0925e+00   0.0000e+00   3.9259e-02   3.2231e+02
20260517_01:00:00   7.5207e-02   2.2641e+01   6.0644e+00   0.0000e+00   3.6153e-02   3.2118e+02
20260517_02:00:00   7.5300e-02   2.2647e+01   6.1396e+00   0.0000e+00   3.1428e-02   3.2178e+02
20260517_03:00:00   7.8524e-02   2.3474e+01   6.7581e+00   0.0000e+00   9.6306e-03   3.2191e+02
20260517_04:00:00   8.0670e-02   2.4011e+01   7.1480e+00   0.0000e+00   8.8821e-03   3.2402e+02
20260517_05:00:00   8.5104e-02   2.5083e+01   8.0053e+00   0.0000e+00   1.4413e-02   3.2334e+02
20260517_06:00:00   8.8315e-02   2.5850e+01   8.5905e+00   0.0000e+00   6.2761e-03   3.2380e+02
20260517_07:00:00   8.4824e-02   2.4989e+01   7.8463e+00   0.0000e+00   5.2206e-03   3.2384e+02
20260517_08:00:00   8.2151e-02   2.4279e+01   7.3508e+00   0.0000e+00   4.4177e-04   3.2225e+02
20260517_09:00:00   8.3202e-02   2.4518e+01   7.5572e+00   0.0000e+00   7.3120e-06   3.2296e+02
20260517_10:00:00   8.4168e-02   2.4737e+01   7.7655e+00   0.0000e+00   3.0446e-04   3.2427e+02
20260517_11:00:00   8.5184e-02   2.4969e+01   7.9228e+00   0.0000e+00   1.4304e-03   3.2201e+02
20260517_12:00:00   8.4807e-02   2.4843e+01   7.8008e+00   0.0000e+00   2.4085e-03   3.2059e+02
20260517_13:00:00   8.2107e-02   2.4147e+01   7.2830e+00   0.0000e+00   3.9573e-03   3.2249e+02
20260517_14:00:00   7.6541e-02   2.2734e+01   6.2702e+00   0.0000e+00   1.1403e-02   3.2316e+02
20260517_15:00:00   6.8424e-02   2.0637e+01   4.8288e+00   0.0000e+00   1.0558e-02   3.2454e+02
20260517_16:00:00   6.6880e-02   2.0223e+01   4.5698e+00   0.0000e+00   1.2083e-02   3.2398e+02
20260517_17:00:00   6.7863e-02   2.0498e+01   4.7330e+00   0.0000e+00   6.8939e-03   3.2370e+02
20260517_18:00:00   6.8697e-02   2.0743e+01   4.8807e+00   0.0000e+00   1.7722e-03   3.2211e+02
20260517_19:00:00   6.8180e-02   2.0654e+01   4.7857e+00   0.0000e+00   4.3720e-05   3.2350e+02
20260517_20:00:00   6.7536e-02   2.0523e+01   4.6688e+00   0.0000e+00   0.0000e+00   3.2596e+02
20260517_21:00:00   6.6767e-02   2.0348e+01   4.5263e+00   0.0000e+00   0.0000e+00   3.2214e+02
20260517_22:00:00   6.3347e-02   1.9501e+01   3.8574e+00   0.0000e+00   0.0000e+00   3.2513e+02
20260517_23:00:00   6.0924e-02   1.8864e+01   3.4572e+00   0.0000e+00   0.0000e+00   3.2626e+02
20260518_00:00:00   5.9789e-02   1.8562e+01   3.2682e+00   0.0000e+00   0.0000e+00   3.2631e+02
20260518_01:00:00   5.9883e-02   1.8589e+01   3.3003e+00   0.0000e+00   0.0000e+00   3.2695e+02
20260518_02:00:00   6.0474e-02   1.8728e+01   3.4383e+00   0.0000e+00   0.0000e+00   3.2577e+02
20260518_03:00:00   6.0953e-02   1.8844e+01   3.5366e+00   0.0000e+00   0.0000e+00   3.2383e+02
20260518_04:00:00   6.2637e-02   1.9252e+01   3.8636e+00   0.0000e+00   0.0000e+00   3.2508e+02
20260518_05:00:00   7.0530e-02   2.1349e+01   5.1931e+00   0.0000e+00   0.0000e+00   3.2749e+02
20260518_06:00:00   7.0630e-02   2.1357e+01   5.1518e+00   0.0000e+00   0.0000e+00   3.2998e+02
20260518_07:00:00   6.9305e-02   2.1028e+01   4.8296e+00   0.0000e+00   0.0000e+00   3.3031e+02
20260518_08:00:00   6.9267e-02   2.1030e+01   4.7463e+00   0.0000e+00   0.0000e+00   3.3151e+02
20260518_09:00:00   7.0648e-02   2.1378e+01   4.9746e+00   0.0000e+00   0.0000e+00   3.3050e+02
20260518_10:00:00   7.2816e-02   2.1914e+01   5.3496e+00   0.0000e+00   0.0000e+00   3.3153e+02
20260518_11:00:00   7.3094e-02   2.1957e+01   5.3813e+00   0.0000e+00   0.0000e+00   3.3292e+02
20260518_12:00:00   6.9585e-02   2.1063e+01   4.6789e+00   0.0000e+00   0.0000e+00   3.3381e+02
20260518_13:00:00   6.6714e-02   2.0338e+01   4.0942e+00   0.0000e+00   0.0000e+00   3.3255e+02
20260518_14:00:00   6.5913e-02   2.0145e+01   3.9238e+00   0.0000e+00   0.0000e+00   3.3188e+02
20260518_15:00:00   6.7335e-02   2.0531e+01   4.1360e+00   0.0000e+00   0.0000e+00   3.3506e+02
20260518_16:00:00   6.9634e-02   2.1156e+01   4.5047e+00   0.0000e+00   0.0000e+00   3.3525e+02
20260518_17:00:00   7.0193e-02   2.1314e+01   4.6490e+00   0.0000e+00   0.0000e+00   3.3501e+02
20260518_18:00:00   6.8348e-02   2.0828e+01   4.4527e+00   0.0000e+00   0.0000e+00   3.3162e+02
20260518_19:00:00   6.6705e-02   2.0398e+01   4.2569e+00   0.0000e+00   0.0000e+00   3.2901e+02
20260518_20:00:00   6.8213e-02   2.0805e+01   4.5601e+00   0.0000e+00   0.0000e+00   3.2783e+02
20260518_21:00:00   7.0025e-02   2.1294e+01   4.9227e+00   0.0000e+00   0.0000e+00   3.2797e+02
20260518_22:00:00   6.9747e-02   2.1230e+01   4.9377e+00   0.0000e+00   0.0000e+00   3.2669e+02
20260518_23:00:00   7.0063e-02   2.1304e+01   5.0456e+00   0.0000e+00   0.0000e+00   3.2560e+02
20260519_00:00:00   7.0985e-02   2.1525e+01   5.2431e+00   0.0000e+00   0.0000e+00   3.2412e+02
20260519_01:00:00   7.0975e-02   2.1524e+01   5.2954e+00   0.0000e+00   0.0000e+00   3.2340e+02
20260519_02:00:00   7.2110e-02   2.1795e+01   5.5332e+00   0.0000e+00   0.0000e+00   3.2466e+02
20260519_03:00:00   7.4187e-02   2.2311e+01   5.8852e+00   0.0000e+00   0.0000e+00   3.2431e+02
20260519_04:00:00   7.8599e-02   2.3450e+01   6.5822e+00   0.0000e+00   0.0000e+00   3.2697e+02
20260519_05:00:00   8.2506e-02   2.4488e+01   7.1164e+00   0.0000e+00   0.0000e+00   3.2854e+02
20260519_06:00:00   8.5188e-02   2.5217e+01   7.4325e+00   0.0000e+00   0.0000e+00   3.2973e+02
20260519_07:00:00   8.5398e-02   2.5280e+01   7.3550e+00   0.0000e+00   0.0000e+00   3.3153e+02
20260519_08:00:00   8.6694e-02   2.5601e+01   7.5128e+00   0.0000e+00   0.0000e+00   3.3192e+02
20260519_09:00:00   8.9373e-02   2.6252e+01   7.9252e+00   0.0000e+00   0.0000e+00   3.2961e+02
20260519_10:00:00   9.1697e-02   2.6804e+01   8.2863e+00   0.0000e+00   0.0000e+00   3.2715e+02
20260519_11:00:00   9.1327e-02   2.6689e+01   8.2009e+00   0.0000e+00   0.0000e+00   3.2862e+02
20260519_12:00:00   8.3993e-02   2.4774e+01   7.0530e+00   0.0000e+00   0.0000e+00   3.2800e+02
20260519_13:00:00   7.8787e-02   2.3393e+01   6.2274e+00   0.0000e+00   0.0000e+00   3.2637e+02
20260519_14:00:00   7.6448e-02   2.2775e+01   5.8504e+00   0.0000e+00   0.0000e+00   3.2663e+02
20260519_15:00:00   7.3729e-02   2.2087e+01   5.3581e+00   0.0000e+00   0.0000e+00   3.2931e+02
20260519_16:00:00   7.2130e-02   2.1688e+01   5.0997e+00   0.0000e+00   0.0000e+00   3.3061e+02
20260519_17:00:00   7.1628e-02   2.1569e+01   5.0521e+00   0.0000e+00   0.0000e+00   3.3052e+02
20260519_18:00:00   7.2340e-02   2.1776e+01   5.2234e+00   0.0000e+00   0.0000e+00   3.3076e+02
20260519_19:00:00   7.2661e-02   2.1878e+01   5.3347e+00   0.0000e+00   0.0000e+00   3.3139e+02
20260519_20:00:00   7.3315e-02   2.2066e+01   5.5063e+00   0.0000e+00   0.0000e+00   3.3184e+02
20260519_21:00:00   7.4586e-02   2.2417e+01   5.7905e+00   0.0000e+00   0.0000e+00   3.3013e+02
20260519_22:00:00   7.3948e-02   2.2256e+01   5.7466e+00   0.0000e+00   0.0000e+00   3.2744e+02
20260519_23:00:00   7.4678e-02   2.2440e+01   5.9119e+00   0.0000e+00   0.0000e+00   3.2410e+02
20260520_00:00:00   7.3565e-02   2.2159e+01   5.7187e+00   0.0000e+00   0.0000e+00   3.2371e+02
20260520_01:00:00   7.1603e-02   2.1644e+01   5.3874e+00   0.0000e+00   0.0000e+00   3.2411e+02
20260520_02:00:00   7.0011e-02   2.1233e+01   5.1117e+00   0.0000e+00   0.0000e+00   3.1923e+02
20260520_03:00:00   6.8839e-02   2.0933e+01   4.8985e+00   0.0000e+00   0.0000e+00   3.1748e+02
20260520_04:00:00   6.8131e-02   2.0744e+01   4.7586e+00   0.0000e+00   0.0000e+00   3.1827e+02
20260520_05:00:00   6.7625e-02   2.0603e+01   4.6543e+00   0.0000e+00   0.0000e+00   3.1769e+02
20260520_06:00:00   6.7946e-02   2.0682e+01   4.6798e+00   0.0000e+00   1.7166e-05   3.1666e+02
20260520_07:00:00   6.9421e-02   2.1077e+01   4.8751e+00   0.0000e+00   2.0600e-05   3.1725e+02
20260520_08:00:00   7.4575e-02   2.2404e+01   5.6842e+00   0.0000e+00   0.0000e+00   3.2244e+02
20260520_09:00:00   7.8369e-02   2.3364e+01   6.2843e+00   0.0000e+00   1.9594e-05   3.1761e+02
20260520_10:00:00   7.9062e-02   2.3541e+01   6.3637e+00   0.0000e+00   5.9600e-05   3.1236e+02
20260520_11:00:00   7.9765e-02   2.3711e+01   6.4701e+00   0.0000e+00   5.3880e-04   3.1164e+02
20260520_12:00:00   8.0089e-02   2.3793e+01   6.5214e+00   0.0000e+00   1.0914e-03   3.1453e+02
20260520_13:00:00   8.0170e-02   2.3822e+01   6.5219e+00   0.0000e+00   2.1619e-03   3.1511e+02
20260520_14:00:00   8.0436e-02   2.3897e+01   6.5864e+00   0.0000e+00   3.6716e-03   3.1462e+02
20260520_15:00:00   8.1067e-02   2.4067e+01   6.7065e+00   0.0000e+00   6.6799e-03   3.1572e+02
20260520_16:00:00   8.2548e-02   2.4469e+01   6.9617e+00   0.0000e+00   6.9464e-03   3.1779e+02
20260520_17:00:00   8.5256e-02   2.5178e+01   7.4525e+00   0.0000e+00   4.6526e-03   3.2073e+02
20260520_18:00:00   8.8022e-02   2.5882e+01   7.9930e+00   0.0000e+00   7.9242e-04   3.2162e+02
20260520_19:00:00   9.1890e-02   2.6831e+01   8.7426e+00   0.0000e+00   1.7533e-04   3.2369e+02
20260520_20:00:00   9.4735e-02   2.7532e+01   9.3134e+00   0.0000e+00   2.6415e-03   3.2417e+02
20260520_21:00:00   9.8426e-02   2.8413e+01   1.0037e+01   0.0000e+00   3.3411e-03   3.2428e+02
20260520_22:00:00   1.0137e-01   2.9124e+01   1.0589e+01   0.0000e+00   3.8189e-02   3.2653e+02
20260520_23:00:00   1.0250e-01   2.9409e+01   1.0789e+01   0.0000e+00   8.0012e-02   3.2566e+02
20260521_00:00:00   1.0486e-01   2.9959e+01   1.1157e+01   0.0000e+00   1.3242e-01   3.2689e+02
20260521_03:00:00   1.4529e-01   4.0240e+01   1.6289e+01   0.0000e+00   1.4406e-02   3.3347e+02
20260521_06:00:00   1.5914e-01   4.3600e+01   1.6851e+01   0.0000e+00   5.3866e-05   3.3544e+02
20260521_09:00:00   2.4302e-01   6.2935e+01   1.8421e+01   8.2181e-02   7.1240e-05   3.3479e+02
20260521_12:00:00   3.4094e-01   8.3617e+01   1.9328e+01   1.9242e-01   2.0700e-06   3.3841e+02
20260521_15:00:00   4.2667e-01   9.9697e+01   2.1654e+01   2.7568e-01   2.1648e-04   3.3750e+02
20260521_18:00:00   4.3305e-01   1.0106e+02   2.0931e+01   2.9019e-01   1.1858e-03   3.3874e+02
20260521_21:00:00   3.9937e-01   9.4949e+01   1.9593e+01   2.5835e-01   2.5178e-04   3.3096e+02
20260522_00:00:00   2.2316e-01   5.7828e+01   2.1961e+01   2.5760e-02   4.2378e-01   3.2683e+02
20260522_03:00:00   2.0117e-01   5.2987e+01   2.0951e+01   4.1990e-04   1.2524e-01   3.3702e+02
20260522_06:00:00   1.9866e-01   5.2553e+01   1.9679e+01   1.1836e-02   3.6029e-03   3.3579e+02
20260522_09:00:00   2.6615e-01   6.7712e+01   1.9311e+01   9.5710e-02   1.5054e-04   3.3530e+02
20260522_12:00:00   1.8310e-01   4.8790e+01   1.8781e+01   2.0383e-03   0.0000e+00   3.3631e+02
20260522_15:00:00   1.8199e-01   4.8615e+01   1.9104e+01   0.0000e+00   0.0000e+00   3.3836e+02
20260522_18:00:00   2.1718e-01   5.6687e+01   2.1956e+01   1.4916e-02   3.4841e-04   3.3856e+02
20260522_21:00:00   8.2326e-01   1.5304e+02   2.5543e+01   6.8188e-01   7.0712e-01   3.2915e+02
20260523_00:00:00   3.8526e-01   8.9001e+01   2.1715e+01   2.1378e-01   2.4748e-01   3.3006e+02
20260523_03:00:00   1.8030e-01   4.7911e+01   2.0125e+01   3.2961e-03   1.4868e-01   3.2533e+02
20260523_06:00:00   1.8132e-01   4.8283e+01   2.0507e+01   0.0000e+00   2.4410e-01   3.2375e+02
20260523_09:00:00   1.7829e-01   4.7597e+01   1.9850e+01   0.0000e+00   2.9573e-03   3.2904e+02
20260523_12:00:00   1.6155e-01   4.3763e+01   1.7904e+01   0.0000e+00   1.1242e-03   3.3466e+02
20260523_15:00:00   1.6331e-01   4.4269e+01   1.8048e+01   0.0000e+00   0.0000e+00   3.3585e+02
20260523_18:00:00   1.7051e-01   4.6141e+01   1.8889e+01   0.0000e+00   0.0000e+00   3.3419e+02
20260523_21:00:00   5.9295e-01   1.2319e+02   2.1757e+01   4.5413e-01   1.5979e-01   3.3516e+02
20260524_00:00:00   1.9143e-01   5.1053e+01   2.0934e+01   6.0276e-03   1.3550e-03   3.3227e+02
20260524_03:00:00   1.7521e-01   4.7345e+01   1.9716e+01   0.0000e+00   4.9600e-05   3.3348e+02
20260524_06:00:00   1.7320e-01   4.6911e+01   1.9452e+01   0.0000e+00   1.2962e-02   3.3388e+02
20260524_09:00:00   1.8592e-01   4.9760e+01   2.0912e+01   0.0000e+00   1.5984e-02   3.3436e+02
20260524_12:00:00   1.6711e-01   4.5143e+01   1.9136e+01   0.0000e+00   6.2203e-04   3.3369e+02
20260524_15:00:00   1.6781e-01   4.5326e+01   1.9153e+01   0.0000e+00   2.7949e-03   3.3126e+02
20260524_18:00:00   1.7885e-01   4.8015e+01   1.9839e+01   5.9140e-03   1.8432e-04   3.3213e+02
20260524_21:00:00   2.2804e-01   5.8969e+01   2.0408e+01   5.7390e-02   4.2863e-02   3.3263e+02
20260525_00:00:00   1.7151e-01   4.6625e+01   1.9187e+01   2.4560e-03   8.6440e-04   3.3254e+02
20260525_03:00:00   1.8515e-01   4.9676e+01   2.1225e+01   0.0000e+00   1.8671e-03   3.3643e+02
20260525_06:00:00   2.0197e-01   5.3473e+01   2.3350e+01   0.0000e+00   3.9170e-04   3.3388e+02
20260525_09:00:00   2.4727e-01   6.2938e+01   2.1989e+01   6.3038e-02   2.6775e-02   3.2454e+02
20260525_12:00:00   1.8242e-01   4.9061e+01   2.0436e+01   0.0000e+00   2.6311e-02   3.2463e+02
20260525_15:00:00   1.7056e-01   4.6237e+01   1.9601e+01   0.0000e+00   6.1343e-02   3.2194e+02
20260525_18:00:00   1.8286e-01   4.9201e+01   2.1095e+01   0.0000e+00   4.3976e-04   3.1751e+02
20260525_21:00:00   6.1699e-01   1.2760e+02   2.5672e+01   4.5309e-01   1.3323e-01   3.1641e+02
20260526_00:00:00   3.8303e-01   8.9863e+01   2.9129e+01   1.5321e-01   6.6889e-01   3.1058e+02
20260526_03:00:00   1.9373e-01   5.1270e+01   2.3544e+01   0.0000e+00   6.2369e-02   3.0905e+02
20260526_06:00:00   2.0214e-01   5.3228e+01   2.4065e+01   0.0000e+00   4.1797e-02   3.1061e+02
20260526_09:00:00   1.9731e-01   5.2197e+01   2.2746e+01   0.0000e+00   1.2381e-02   3.1282e+02
20260526_12:00:00   1.8708e-01   5.0026e+01   1.9816e+01   0.0000e+00   3.4132e-03   3.1551e+02
20260526_15:00:00   1.8725e-01   5.0071e+01   1.9733e+01   0.0000e+00   2.1575e-02   3.1887e+02
20260526_18:00:00   2.3139e-01   6.0002e+01   1.9450e+01   5.2862e-02   4.8238e-05   3.1926e+02
20260526_21:00:00   2.5745e-01   6.5462e+01   2.1052e+01   7.5340e-02   1.4524e-03   3.1936e+02
20260527_00:00:00   1.7437e-01   4.7461e+01   1.9583e+01   9.4700e-04   5.4108e-04   3.1604e+02
20260527_03:00:00   1.8739e-01   5.0564e+01   2.1219e+01   8.1540e-05   7.5913e-03   3.1459e+02
20260527_06:00:00   2.1890e-01   5.7904e+01   2.4089e+01   0.0000e+00   3.0439e-05   3.1166e+02
20260527_09:00:00   2.3345e-01   6.0826e+01   2.4484e+01   1.7524e-02   4.7909e-03   3.1047e+02
20260527_12:00:00   2.7225e-01   6.8966e+01   2.5149e+01   5.5317e-02   2.0873e-02   3.0877e+02
20260527_15:00:00   2.1124e-01   5.6094e+01   2.3658e+01   6.3160e-05   1.7886e-04   3.0855e+02
20260527_18:00:00   1.6731e-01   4.6047e+01   1.8435e+01   0.0000e+00   0.0000e+00   3.0915e+02
20260527_21:00:00   1.2269e-01   3.4925e+01   1.3616e+01   0.0000e+00   4.8700e-06   3.0785e+02
20260528_00:00:00   1.2321e-01   3.4909e+01   1.4484e+01   0.0000e+00   9.2769e-03   3.0546e+02
20260528_03:00:00   1.0988e-01   3.1582e+01   1.2520e+01   0.0000e+00   1.4296e-04   3.0336e+02
20260528_06:00:00   1.2011e-01   3.4111e+01   1.4077e+01   0.0000e+00   2.5937e-03   2.9899e+02
20260528_09:00:00   1.2344e-01   3.4809e+01   1.4597e+01   0.0000e+00   3.1095e-03   3.0036e+02
20260528_12:00:00   1.0296e-01   2.9512e+01   1.1467e+01   0.0000e+00   5.4405e-03   3.0206e+02
20260528_15:00:00   1.0714e-01   3.0530e+01   1.2157e+01   0.0000e+00   4.0095e-03   3.0257e+02
20260528_18:00:00   1.0998e-01   3.1181e+01   1.2564e+01   0.0000e+00   1.7840e-05   3.0330e+02
20260528_21:00:00   1.0412e-01   2.9689e+01   1.1809e+01   0.0000e+00   1.3824e-03   3.0483e+02
20260529_00:00:00   8.4414e-02   2.4893e+01   8.3238e+00   0.0000e+00   3.4929e-03   3.0498e+02
20260529_03:00:00   8.3334e-02   2.4686e+01   7.8778e+00   0.0000e+00   1.5260e-05   3.0674e+02
20260529_06:00:00   8.6179e-02   2.5337e+01   8.4940e+00   0.0000e+00   2.2638e-03   3.1348e+02
20260529_09:00:00   8.3673e-02   2.4595e+01   7.9132e+00   0.0000e+00   7.0741e-03   3.1141e+02
20260529_12:00:00   8.9438e-02   2.6007e+01   8.8471e+00   0.0000e+00   1.6475e-04   3.0962e+02
20260529_15:00:00   8.5727e-02   2.5251e+01   7.9200e+00   0.0000e+00   9.3140e-06   3.0947e+02
20260529_18:00:00   8.5857e-02   2.5400e+01   7.9696e+00   0.0000e+00   4.9430e-03   3.1419e+02
20260529_21:00:00   9.2425e-02   2.7210e+01   9.0574e+00   0.0000e+00   1.5080e-02   3.1724e+02
20260530_00:00:00   9.9683e-02   2.9139e+01   1.0169e+01   0.0000e+00   3.9157e-03   3.2119e+02
20260530_03:00:00   1.5537e-01   4.3384e+01   1.6600e+01   0.0000e+00   4.7929e-03   3.1593e+02
20260530_06:00:00   1.5372e-01   4.2921e+01   1.6278e+01   0.0000e+00   2.9569e-03   3.1926e+02
20260530_09:00:00   1.6147e-01   4.4679e+01   1.7099e+01   0.0000e+00   7.3120e-06   3.1947e+02
20260530_12:00:00   1.6160e-01   4.4581e+01   1.7607e+01   0.0000e+00   1.4170e-04   3.2093e+02
20260530_15:00:00   2.0513e-01   5.4918e+01   2.2800e+01   0.0000e+00   2.6943e-03   3.1971e+02
20260530_18:00:00   3.6628e-01   8.8428e+01   3.0438e+01   1.0988e-01   3.1304e-02   3.2130e+02
20260530_21:00:00   2.7876e-01   7.0734e+01   2.7576e+01   2.8882e-02   4.7568e-01   3.1557e+02
20260531_00:00:00   1.8341e-01   4.8976e+01   2.0196e+01   2.0752e-04   6.5000e-01   3.2139e+02
20260531_03:00:00   2.0932e-01   5.4761e+01   2.2898e+01   9.2184e-03   4.2030e-02   3.3256e+02
20260531_06:00:00   2.3944e-01   6.1086e+01   2.6016e+01   7.4615e-03   7.0355e-02   3.3465e+02
20260531_09:00:00   2.8108e-01   6.9851e+01   2.6148e+01   5.3706e-02   1.4873e-02   3.4264e+02
20260531_12:00:00   2.6918e-01   6.7339e+01   2.7780e+01   2.6146e-02   3.2858e-01   3.4218e+02
20260531_15:00:00   2.7534e-01   6.8874e+01   2.8569e+01   2.5398e-02   2.8346e-01   3.4014e+02
20260531_18:00:00   2.5132e-01   6.3947e+01   2.8093e+01   5.1381e-03   2.0120e-01   3.3551e+02
20260531_21:00:00   2.2978e-01   5.9474e+01   2.6498e+01   0.0000e+00   1.8563e-01   3.3343e+02
20260601_00:00:00   2.2070e-01   5.7625e+01   2.5787e+01   0.0000e+00   8.1627e-03   3.3149e+02
