#            date       tau255        Tb[K]      pwv[mm] lwp[kg*m^-2] iwp[kg*m^-2]       o3[DU]
20260723_06:00:00   1.7183e-01   4.7588e+01   1.9089e+01   0.0000e+00   0.0000e+00   2.9209e+02
20260723_07:00:00   1.7513e-01   4.8361e+01   1.9407e+01   0.0000e+00   0.0000e+00   2.9314e+02
20260723_08:00:00   1.7582e-01   4.8500e+01   1.9609e+01   0.0000e+00   0.0000e+00   2.9262e+02
20260723_09:00:00   1.7922e-01   4.9257e+01   2.0187e+01   0.0000e+00   0.0000e+00   2.9285e+02
20260723_10:00:00   1.8449e-01   5.0472e+01   2.0994e+01   0.0000e+00   0.0000e+00   2.9403e+02
20260723_11:00:00   1.9143e-01   5.2045e+01   2.1967e+01   0.0000e+00   0.0000e+00   2.9474e+02
20260723_12:00:00   1.9688e-01   5.3271e+01   2.2832e+01   0.0000e+00   0.0000e+00   2.9589e+02
20260723_13:00:00   2.0296e-01   5.4670e+01   2.3622e+01   0.0000e+00   0.0000e+00   2.9606e+02
20260723_14:00:00   2.0638e-01   5.5463e+01   2.4156e+01   0.0000e+00   0.0000e+00   2.9461e+02
20260723_15:00:00   2.1043e-01   5.6416e+01   2.4676e+01   0.0000e+00   0.0000e+00   2.9159e+02
20260723_16:00:00   2.1560e-01   5.7621e+01   2.5309e+01   0.0000e+00   0.0000e+00   2.9095e+02
20260723_17:00:00   2.1814e-01   5.8259e+01   2.5702e+01   0.0000e+00   0.0000e+00   2.9417e+02
20260723_18:00:00   2.2446e-01   5.9746e+01   2.6502e+01   0.0000e+00   0.0000e+00   2.9553e+02
20260723_19:00:00   2.2994e-01   6.1063e+01   2.7204e+01   0.0000e+00   0.0000e+00   2.9726e+02
20260723_20:00:00   2.3364e-01   6.1928e+01   2.7590e+01   0.0000e+00   0.0000e+00   2.9421e+02
20260723_21:00:00   2.3275e-01   6.1759e+01   2.7402e+01   1.7166e-05   0.0000e+00   2.9411e+02
20260723_22:00:00   2.3520e-01   6.2301e+01   2.7725e+01   7.7240e-05   0.0000e+00   2.9616e+02
20260723_23:00:00   2.3581e-01   6.2468e+01   2.7750e+01   4.7680e-05   0.0000e+00   2.9675e+02
20260724_00:00:00   2.3431e-01   6.2175e+01   2.7389e+01   0.0000e+00   0.0000e+00   2.9564e+02
20260724_01:00:00   2.2773e-01   6.0798e+01   2.6433e+01   0.0000e+00   0.0000e+00   2.9509e+02
20260724_02:00:00   2.2401e-01   5.9957e+01   2.5999e+01   0.0000e+00   0.0000e+00   2.9447e+02
20260724_03:00:00   2.2008e-01   5.9037e+01   2.5565e+01   0.0000e+00   0.0000e+00   2.9330e+02
20260724_04:00:00   2.1821e-01   5.8620e+01   2.5280e+01   0.0000e+00   0.0000e+00   2.9326e+02
20260724_05:00:00   2.1765e-01   5.8511e+01   2.5056e+01   0.0000e+00   0.0000e+00   2.9198e+02
20260724_06:00:00   2.2425e-01   6.0034e+01   2.5558e+01   0.0000e+00   0.0000e+00   2.9381e+02
20260724_07:00:00   2.2709e-01   6.0721e+01   2.5427e+01   0.0000e+00   0.0000e+00   2.9301e+02
20260724_08:00:00   2.1967e-01   5.8979e+01   2.4928e+01   0.0000e+00   0.0000e+00   2.9341e+02
20260724_09:00:00   2.2741e-01   6.0638e+01   2.5981e+01   0.0000e+00   0.0000e+00   2.9131e+02
20260724_10:00:00   2.3149e-01   6.1520e+01   2.6465e+01   0.0000e+00   0.0000e+00   2.9072e+02
20260724_11:00:00   2.3029e-01   6.1214e+01   2.6324e+01   0.0000e+00   0.0000e+00   2.9061e+02
20260724_12:00:00   2.2640e-01   6.0333e+01   2.5903e+01   0.0000e+00   0.0000e+00   2.9359e+02
20260724_13:00:00   2.1568e-01   5.7925e+01   2.4770e+01   0.0000e+00   0.0000e+00   2.9459e+02
20260724_14:00:00   2.1437e-01   5.7614e+01   2.4830e+01   0.0000e+00   0.0000e+00   2.9549e+02
20260724_15:00:00   2.2169e-01   5.9310e+01   2.5642e+01   0.0000e+00   0.0000e+00   2.9479e+02
20260724_16:00:00   2.2621e-01   6.0396e+01   2.6060e+01   0.0000e+00   0.0000e+00   2.9390e+02
20260724_17:00:00   2.3108e-01   6.1527e+01   2.6659e+01   0.0000e+00   0.0000e+00   2.9022e+02
20260724_18:00:00   2.2826e-01   6.0921e+01   2.6370e+01   0.0000e+00   0.0000e+00   2.9128e+02
20260724_19:00:00   2.2057e-01   5.9216e+01   2.5425e+01   0.0000e+00   0.0000e+00   2.9298e+02
20260724_20:00:00   2.1590e-01   5.8209e+01   2.4844e+01   0.0000e+00   0.0000e+00   2.9389e+02
20260724_21:00:00   2.1995e-01   5.9164e+01   2.5317e+01   0.0000e+00   0.0000e+00   2.9284e+02
20260724_22:00:00   2.2263e-01   5.9804e+01   2.5650e+01   0.0000e+00   0.0000e+00   2.9124e+02
20260724_23:00:00   2.2050e-01   5.9324e+01   2.5310e+01   0.0000e+00   0.0000e+00   2.9159e+02
20260725_00:00:00   2.0791e-01   5.6463e+01   2.3710e+01   0.0000e+00   0.0000e+00   2.9144e+02
20260725_01:00:00   2.0304e-01   5.5316e+01   2.2874e+01   0.0000e+00   0.0000e+00   2.9119e+02
20260725_02:00:00   1.9242e-01   5.2696e+01   2.1305e+01   0.0000e+00   0.0000e+00   2.9189e+02
20260725_03:00:00   1.8646e-01   5.1187e+01   2.0169e+01   0.0000e+00   0.0000e+00   2.9189e+02
20260725_04:00:00   1.9102e-01   5.2178e+01   2.0294e+01   0.0000e+00   0.0000e+00   2.9447e+02
20260725_05:00:00   2.0542e-01   5.5467e+01   2.1980e+01   0.0000e+00   2.0705e-04   2.9508e+02
20260725_06:00:00   1.9949e-01   5.4140e+01   2.1213e+01   0.0000e+00   6.9776e-05   2.9606e+02
20260725_07:00:00   2.0552e-01   5.5570e+01   2.1505e+01   0.0000e+00   2.7259e-03   2.9293e+02
20260725_08:00:00   2.0779e-01   5.6123e+01   2.1701e+01   0.0000e+00   4.5006e-03   2.9034e+02
20260725_09:00:00   2.0895e-01   5.6288e+01   2.1967e+01   0.0000e+00   6.6820e-04   2.8849e+02
20260725_10:00:00   2.0219e-01   5.4651e+01   2.1320e+01   0.0000e+00   6.7400e-05   2.8849e+02
20260725_11:00:00   1.9594e-01   5.3192e+01   2.0770e+01   0.0000e+00   2.1500e-03   2.9125e+02
20260725_12:00:00   1.9351e-01   5.2616e+01   2.0573e+01   0.0000e+00   2.5660e-03   2.9111e+02
20260725_13:00:00   1.9932e-01   5.3947e+01   2.1041e+01   0.0000e+00   8.2040e-04   2.9207e+02
20260725_14:00:00   1.9982e-01   5.4079e+01   2.0983e+01   0.0000e+00   4.6900e-05   2.9366e+02
20260725_15:00:00   1.9829e-01   5.3770e+01   2.1031e+01   0.0000e+00   1.7764e-04   2.9512e+02
20260725_16:00:00   1.9367e-01   5.2744e+01   2.0779e+01   0.0000e+00   8.5820e-06   2.9400e+02
20260725_17:00:00   2.0055e-01   5.4386e+01   2.1596e+01   0.0000e+00   0.0000e+00   2.9254e+02
20260725_18:00:00   2.0437e-01   5.5307e+01   2.2167e+01   0.0000e+00   4.8580e-06   2.9096e+02
20260725_19:00:00   2.0735e-01   5.6040e+01   2.2727e+01   0.0000e+00   7.3260e-04   2.9106e+02
20260725_20:00:00   2.0433e-01   5.5393e+01   2.2676e+01   0.0000e+00   4.2920e-05   2.9116e+02
20260725_21:00:00   2.1409e-01   5.7620e+01   2.4009e+01   0.0000e+00   0.0000e+00   2.9058e+02
20260725_22:00:00   2.1128e-01   5.7018e+01   2.3917e+01   0.0000e+00   0.0000e+00   2.9010e+02
20260725_23:00:00   2.0848e-01   5.6388e+01   2.3672e+01   0.0000e+00   0.0000e+00   2.9116e+02
20260726_00:00:00   2.0306e-01   5.5150e+01   2.3069e+01   0.0000e+00   1.9434e-06   2.9110e+02
20260726_01:00:00   1.9177e-01   5.2524e+01   2.1619e+01   0.0000e+00   4.6434e-05   2.9015e+02
20260726_02:00:00   1.8592e-01   5.1102e+01   2.0811e+01   0.0000e+00   2.2080e-03   2.8871e+02
20260726_03:00:00   1.7781e-01   4.9141e+01   1.9845e+01   0.0000e+00   7.0281e-03   2.8874e+02
20260726_04:00:00   1.7067e-01   4.7384e+01   1.9036e+01   0.0000e+00   2.8780e-03   2.9038e+02
20260726_05:00:00   1.6753e-01   4.6546e+01   1.8846e+01   0.0000e+00   3.5019e-03   2.9086e+02
20260726_06:00:00   1.6733e-01   4.6409e+01   1.8808e+01   0.0000e+00   4.9502e-03   2.9266e+02
20260726_07:00:00   1.6640e-01   4.6160e+01   1.8698e+01   0.0000e+00   8.9587e-03   2.9221e+02
20260726_08:00:00   1.7347e-01   4.7822e+01   1.9602e+01   0.0000e+00   1.0048e-02   2.9451e+02
20260726_09:00:00   1.7894e-01   4.9099e+01   2.0227e+01   0.0000e+00   3.7114e-03   2.9653e+02
20260726_10:00:00   1.7813e-01   4.8912e+01   2.0057e+01   0.0000e+00   4.6682e-04   2.9614e+02
20260726_11:00:00   1.7689e-01   4.8622e+01   1.9853e+01   0.0000e+00   0.0000e+00   2.9643e+02
20260726_12:00:00   1.7554e-01   4.8302e+01   1.9651e+01   0.0000e+00   0.0000e+00   2.9583e+02
20260726_13:00:00   1.7430e-01   4.8013e+01   1.9461e+01   0.0000e+00   0.0000e+00   2.9505e+02
20260726_14:00:00   1.7420e-01   4.7985e+01   1.9422e+01   0.0000e+00   0.0000e+00   2.9440e+02
20260726_15:00:00   1.7542e-01   4.8300e+01   1.9481e+01   0.0000e+00   0.0000e+00   2.9380e+02
20260726_16:00:00   1.7713e-01   4.8736e+01   1.9725e+01   0.0000e+00   0.0000e+00   2.9094e+02
20260726_17:00:00   1.7964e-01   4.9379e+01   2.0120e+01   0.0000e+00   0.0000e+00   2.9005e+02
20260726_18:00:00   1.8111e-01   4.9762e+01   2.0606e+01   0.0000e+00   0.0000e+00   2.8962e+02
20260726_19:00:00   1.8225e-01   5.0008e+01   2.1204e+01   0.0000e+00   0.0000e+00   2.9158e+02
20260726_20:00:00   1.8423e-01   5.0443e+01   2.1808e+01   0.0000e+00   1.0844e-04   2.8888e+02
20260726_21:00:00   1.8398e-01   5.0362e+01   2.2137e+01   0.0000e+00   3.7641e-03   2.8988e+02
20260726_22:00:00   1.8263e-01   5.0048e+01   2.2115e+01   0.0000e+00   5.1712e-03   2.8966e+02
20260726_23:00:00   1.8218e-01   4.9958e+01   2.2122e+01   0.0000e+00   2.0878e-03   2.9037e+02
20260727_00:00:00   1.8269e-01   5.0084e+01   2.2211e+01   0.0000e+00   1.1554e-03   2.8876e+02
20260727_01:00:00   1.8383e-01   5.0339e+01   2.2393e+01   0.0000e+00   2.2005e-03   2.8868e+02
20260727_02:00:00   1.7939e-01   4.9267e+01   2.1723e+01   0.0000e+00   4.7221e-03   2.8935e+02
20260727_03:00:00   1.7536e-01   4.8273e+01   2.1055e+01   0.0000e+00   4.5358e-04   2.8908e+02
20260727_04:00:00   1.6970e-01   4.6939e+01   2.0230e+01   0.0000e+00   7.3120e-06   2.9082e+02
20260727_05:00:00   1.6920e-01   4.6791e+01   2.0147e+01   0.0000e+00   0.0000e+00   2.9280e+02
20260727_06:00:00   1.7131e-01   4.7253e+01   2.0533e+01   0.0000e+00   0.0000e+00   2.9312e+02
20260727_07:00:00   1.7475e-01   4.8025e+01   2.1036e+01   0.0000e+00   0.0000e+00   2.9469e+02
20260727_08:00:00   1.8191e-01   4.9701e+01   2.1868e+01   0.0000e+00   0.0000e+00   2.9618e+02
20260727_09:00:00   1.8795e-01   5.1096e+01   2.2670e+01   0.0000e+00   0.0000e+00   2.9597e+02
20260727_10:00:00   1.8740e-01   5.0976e+01   2.2609e+01   0.0000e+00   0.0000e+00   2.9529e+02
20260727_11:00:00   1.8621e-01   5.0670e+01   2.2632e+01   0.0000e+00   0.0000e+00   2.9517e+02
20260727_12:00:00   1.8948e-01   5.1403e+01   2.3185e+01   0.0000e+00   0.0000e+00   2.9523e+02
20260727_13:00:00   1.9340e-01   5.2300e+01   2.3703e+01   0.0000e+00   0.0000e+00   2.9707e+02
20260727_14:00:00   1.9073e-01   5.1717e+01   2.3324e+01   0.0000e+00   0.0000e+00   2.9676e+02
20260727_15:00:00   1.9007e-01   5.1595e+01   2.3133e+01   0.0000e+00   0.0000e+00   2.9395e+02
20260727_16:00:00   1.9244e-01   5.2181e+01   2.3424e+01   0.0000e+00   0.0000e+00   2.9445e+02
20260727_17:00:00   1.8923e-01   5.1535e+01   2.2968e+01   0.0000e+00   0.0000e+00   2.9558e+02
20260727_18:00:00   1.8746e-01   5.1199e+01   2.2764e+01   0.0000e+00   4.2920e-06   2.9659e+02
20260727_19:00:00   1.8898e-01   5.1583e+01   2.3202e+01   0.0000e+00   0.0000e+00   2.9577e+02
20260727_20:00:00   1.8942e-01   5.1678e+01   2.3527e+01   0.0000e+00   2.4300e-06   2.9302e+02
20260727_21:00:00   1.9515e-01   5.2949e+01   2.4508e+01   0.0000e+00   2.4300e-06   2.9065e+02
20260727_22:00:00   2.0287e-01   5.4673e+01   2.4732e+01   7.3940e-03   9.7880e-05   2.9022e+02
20260727_23:00:00   2.3806e-01   6.2362e+01   2.4525e+01   4.9400e-02   2.1512e-04   2.9102e+02
20260728_00:00:00   2.6542e-01   6.8186e+01   2.4128e+01   8.3220e-02   4.5960e-05   2.9091e+02
20260728_01:00:00   2.0468e-01   5.5227e+01   2.3945e+01   1.3038e-02   4.8580e-06   2.9105e+02
20260728_02:00:00   1.9874e-01   5.4063e+01   2.4201e+01   0.0000e+00   5.7160e-05   2.9098e+02
20260728_03:00:00   1.9598e-01   5.3392e+01   2.3732e+01   0.0000e+00   1.9586e-03   2.9011e+02
20260728_04:00:00   1.8650e-01   5.1159e+01   2.2454e+01   0.0000e+00   2.9780e-03   2.9157e+02
20260728_05:00:00   1.7454e-01   4.8338e+01   2.0749e+01   0.0000e+00   1.9370e-03   2.9405e+02
20260728_06:00:00   1.6878e-01   4.6915e+01   2.0089e+01   0.0000e+00   2.6142e-03   2.9438e+02
20260728_09:00:00   1.7505e-01   4.8243e+01   2.1172e+01   0.0000e+00   3.2940e-03   2.9377e+02
20260728_12:00:00   1.7087e-01   4.7196e+01   2.0384e+01   0.0000e+00   8.6059e-04   2.9163e+02
20260728_15:00:00   1.7770e-01   4.8922e+01   2.1029e+01   0.0000e+00   6.5120e-04   2.9710e+02
20260728_18:00:00   1.8715e-01   5.1332e+01   2.2106e+01   0.0000e+00   0.0000e+00   2.9644e+02
20260728_21:00:00   1.8564e-01   5.0988e+01   2.2405e+01   0.0000e+00   0.0000e+00   2.9497e+02
20260729_00:00:00   1.8835e-01   5.1673e+01   2.2787e+01   0.0000e+00   0.0000e+00   2.9167e+02
20260729_03:00:00   1.7425e-01   4.8420e+01   2.0138e+01   0.0000e+00   0.0000e+00   2.9239e+02
20260729_06:00:00   1.6955e-01   4.7050e+01   1.9760e+01   0.0000e+00   0.0000e+00   2.8863e+02
20260729_09:00:00   1.6603e-01   4.6109e+01   1.9433e+01   0.0000e+00   0.0000e+00   2.9461e+02
20260729_12:00:00   1.6422e-01   4.5616e+01   1.9023e+01   0.0000e+00   0.0000e+00   2.9528e+02
20260729_15:00:00   1.6167e-01   4.5061e+01   1.8609e+01   0.0000e+00   0.0000e+00   2.9496e+02
20260729_18:00:00   1.7416e-01   4.8145e+01   2.0189e+01   0.0000e+00   2.6257e-05   2.9339e+02
20260729_21:00:00   1.7132e-01   4.7559e+01   2.0509e+01   0.0000e+00   0.0000e+00   2.9250e+02
20260730_00:00:00   1.6071e-01   4.5048e+01   1.9162e+01   0.0000e+00   0.0000e+00   2.9147e+02
20260730_03:00:00   1.5407e-01   4.3453e+01   1.7647e+01   0.0000e+00   1.5896e-05   2.9222e+02
20260730_06:00:00   1.4846e-01   4.1930e+01   1.6885e+01   0.0000e+00   0.0000e+00   2.9265e+02
20260730_09:00:00   1.4280e-01   4.0480e+01   1.6164e+01   0.0000e+00   0.0000e+00   2.9160e+02
20260730_12:00:00   1.4098e-01   3.9982e+01   1.6115e+01   0.0000e+00   0.0000e+00   2.9210e+02
20260730_15:00:00   1.3319e-01   3.8101e+01   1.4858e+01   0.0000e+00   0.0000e+00   2.9316e+02
20260730_18:00:00   1.3438e-01   3.8478e+01   1.5233e+01   0.0000e+00   0.0000e+00   2.9456e+02
20260730_21:00:00   1.3672e-01   3.9037e+01   1.6147e+01   0.0000e+00   4.9625e-04   2.9390e+02
20260731_00:00:00   1.4658e-01   4.1531e+01   1.7587e+01   0.0000e+00   2.3260e-03   2.9373e+02
20260731_03:00:00   1.5524e-01   4.3794e+01   1.8067e+01   0.0000e+00   5.1640e-04   2.9507e+02
20260731_06:00:00   1.4797e-01   4.2008e+01   1.6740e+01   0.0000e+00   0.0000e+00   2.9529e+02
20260731_09:00:00   1.4515e-01   4.1252e+01   1.6271e+01   0.0000e+00   0.0000e+00   2.9667e+02
20260731_12:00:00   1.6439e-01   4.5813e+01   1.9086e+01   0.0000e+00   0.0000e+00   2.9507e+02
20260731_15:00:00   1.6479e-01   4.5964e+01   1.8914e+01   0.0000e+00   0.0000e+00   2.9509e+02
20260731_18:00:00   1.6622e-01   4.6441e+01   1.9270e+01   0.0000e+00   0.0000e+00   2.9697e+02
20260731_21:00:00   1.6601e-01   4.6211e+01   2.0449e+01   0.0000e+00   2.0993e-03   2.9303e+02
20260801_00:00:00   1.7070e-01   4.7171e+01   2.1968e+01   0.0000e+00   5.2251e-02   2.9175e+02
20260801_03:00:00   1.6948e-01   4.6988e+01   2.1325e+01   0.0000e+00   1.8282e-03   2.9205e+02
20260801_06:00:00   1.7579e-01   4.8347e+01   2.2339e+01   0.0000e+00   0.0000e+00   2.9344e+02
20260801_09:00:00   1.7379e-01   4.7892e+01   2.1679e+01   0.0000e+00   1.1012e-05   2.9410e+02
20260801_12:00:00   1.7630e-01   4.8413e+01   2.1734e+01   0.0000e+00   2.0900e-04   2.9242e+02
20260801_15:00:00   1.8179e-01   4.9671e+01   2.2704e+01   0.0000e+00   4.0660e-05   2.9340e+02
20260801_18:00:00   2.0180e-01   5.4344e+01   2.5893e+01   0.0000e+00   3.0268e-04   2.8982e+02
20260801_21:00:00   2.1320e-01   5.6913e+01   2.8051e+01   0.0000e+00   2.7236e-03   2.9073e+02
20260802_00:00:00   2.2070e-01   5.8592e+01   2.9300e+01   0.0000e+00   4.1662e-03   2.8717e+02
20260802_03:00:00   2.2531e-01   5.9861e+01   2.9049e+01   0.0000e+00   6.3965e-04   2.8757e+02
20260802_06:00:00   2.6410e-01   6.7982e+01   3.1936e+01   1.5156e-02   1.3050e-03   2.8860e+02
20260802_09:00:00   4.5436e-01   1.0363e+02   3.1662e+01   2.2705e-01   1.9380e-02   2.8871e+02
20260802_12:00:00   2.3556e-01   6.1897e+01   2.9221e+01   0.0000e+00   1.7234e-03   2.8979e+02
20260802_15:00:00   2.3457e-01   6.1687e+01   2.9060e+01   1.0474e-03   1.4967e-02   2.9118e+02
20260802_18:00:00   2.8744e-01   7.2888e+01   3.1403e+01   3.8685e-02   1.3162e-03   2.8765e+02
20260802_21:00:00   2.4581e-01   6.4335e+01   3.0203e+01   5.3599e-03   7.3818e-06   2.8747e+02
20260803_00:00:00   2.3444e-01   6.1857e+01   2.8543e+01   9.2880e-03   7.7560e-06   2.8588e+02
20260803_03:00:00   2.4668e-01   6.4841e+01   3.0001e+01   0.0000e+00   1.5750e-04   2.8489e+02
20260803_06:00:00   2.3972e-01   6.3113e+01   2.9260e+01   0.0000e+00   9.3760e-05   2.8678e+02
20260803_09:00:00   2.4105e-01   6.3295e+01   2.8856e+01   0.0000e+00   8.5424e-04   2.8566e+02
20260803_12:00:00   2.1847e-01   5.8324e+01   2.5802e+01   0.0000e+00   4.9340e-05   2.8701e+02
20260803_15:00:00   2.1926e-01   5.8567e+01   2.5976e+01   0.0000e+00   9.3980e-05   2.8905e+02
20260803_18:00:00   2.3172e-01   6.1530e+01   2.7756e+01   0.0000e+00   1.2418e-05   2.8703e+02
20260803_21:00:00   5.4995e-01   1.2060e+02   3.0497e+01   3.4592e-01   8.1092e-04   2.8501e+02
20260804_00:00:00   3.3079e-01   8.2044e+01   3.0687e+01   9.1769e-02   2.3400e-05   2.8401e+02
20260804_03:00:00   2.2526e-01   6.0290e+01   2.7008e+01   0.0000e+00   2.8920e-04   2.8546e+02
20260804_06:00:00   2.3087e-01   6.1312e+01   2.7938e+01   0.0000e+00   1.1123e-02   2.8808e+02
20260804_09:00:00   2.6422e-01   6.8468e+01   3.1225e+01   0.0000e+00   4.6191e-04   2.8743e+02
20260804_12:00:00   2.6196e-01   6.7951e+01   3.0604e+01   0.0000e+00   5.4380e-03   2.8859e+02
20260804_15:00:00   2.5928e-01   6.7459e+01   3.0921e+01   0.0000e+00   1.0968e-05   2.8592e+02
20260804_18:00:00   3.0064e-01   7.6383e+01   3.3705e+01   1.8762e-02   0.0000e+00   2.8651e+02
20260804_21:00:00   1.1798e+00   1.9185e+02   3.8307e+01   9.9813e-01   2.8594e-01   2.8468e+02
20260805_00:00:00   3.0111e-01   7.5723e+01   3.4579e+01   1.0846e-02   7.4540e-01   2.8518e+02
20260805_03:00:00   2.8962e-01   7.3853e+01   3.4018e+01   1.3237e-02   1.4385e-03   2.8514e+02
20260805_06:00:00   2.7427e-01   7.0768e+01   3.2507e+01   0.0000e+00   0.0000e+00   2.8586e+02
20260805_09:00:00   2.7721e-01   7.1359e+01   3.2301e+01   0.0000e+00   5.5820e-04   2.8640e+02
20260805_12:00:00   2.7363e-01   7.0458e+01   3.1406e+01   3.4340e-05   1.3426e-03   2.8740e+02
20260805_15:00:00   2.5656e-01   6.6801e+01   2.9919e+01   0.0000e+00   8.0068e-04   2.8681e+02
20260805_18:00:00   2.6789e-01   6.9492e+01   3.1069e+01   0.0000e+00   8.4240e-04   2.8514e+02
20260805_21:00:00   5.6998e-01   1.2420e+02   3.2808e+01   3.3663e-01   1.1330e-04   2.8437e+02
20260806_00:00:00   5.5524e-01   1.2172e+02   3.3019e+01   3.1687e-01   1.2165e-02   2.8287e+02
20260806_03:00:00   2.7242e-01   7.0404e+01   3.1410e+01   3.6560e-05   8.8725e-02   2.8392e+02
20260806_06:00:00   2.5953e-01   6.7554e+01   3.0050e+01   5.0900e-04   0.0000e+00   2.8559e+02
20260806_09:00:00   2.7830e-01   7.1406e+01   2.8886e+01   3.3500e-02   3.8840e-04   2.8674e+02
20260806_12:00:00   2.8845e-01   7.3453e+01   2.9520e+01   3.4780e-02   2.6780e-05   2.8793e+02
20260806_15:00:00   2.4105e-01   6.3408e+01   2.7796e+01   3.6020e-04   2.9576e-02   2.8693e+02
20260806_18:00:00   2.4390e-01   6.4208e+01   2.8430e+01   0.0000e+00   0.0000e+00   2.8645e+02
20260806_21:00:00   4.9242e-01   1.1112e+02   3.0557e+01   2.7451e-01   1.1477e-04   2.8486e+02
20260807_00:00:00   4.6273e-01   1.0609e+02   3.2045e+01   2.3275e-01   1.3516e-01   2.8082e+02
20260807_03:00:00   6.1634e-01   1.2968e+02   3.2069e+01   3.9888e-01   1.6528e-02   2.8345e+02
20260807_06:00:00   2.7660e-01   7.0649e+01   2.9595e+01   3.4470e-02   5.4513e-03   2.8459e+02
20260807_09:00:00   2.4056e-01   6.3041e+01   2.8779e+01   0.0000e+00   3.0680e-04   2.8406e+02
20260807_12:00:00   2.4849e-01   6.4727e+01   2.9326e+01   0.0000e+00   1.2600e-04   2.8591e+02
20260807_15:00:00   2.5557e-01   6.6467e+01   3.0235e+01   0.0000e+00   0.0000e+00   2.8767e+02
20260807_18:00:00   2.6498e-01   6.8728e+01   3.1481e+01   0.0000e+00   5.5060e-06   2.8567e+02
20260807_21:00:00   6.9245e-01   1.4130e+02   3.3329e+01   4.7700e-01   5.6568e-04   2.8572e+02
20260808_00:00:00   7.0550e-01   1.4283e+02   3.8259e+01   4.3923e-01   3.8770e-01   2.8346e+02
20260808_03:00:00   3.5276e-01   8.5544e+01   3.3321e+01   9.5703e-02   1.1770e-01   2.8367e+02
20260808_06:00:00   8.7709e-01   1.6325e+02   3.6532e+01   6.4575e-01   2.3317e-01   2.8678e+02
