#            date       tau255        Tb[K]      pwv[mm] lwp[kg*m^-2] iwp[kg*m^-2]       o3[DU]
20260406_12:00:00   1.2742e-01   3.4816e+01   1.2017e+01   0.0000e+00   4.5069e-03   2.9489e+02
20260406_13:00:00   1.2751e-01   3.4813e+01   1.2099e+01   0.0000e+00   2.3928e-03   2.9553e+02
20260406_14:00:00   1.2668e-01   3.4611e+01   1.2118e+01   0.0000e+00   1.6549e-02   2.9337e+02
20260406_15:00:00   1.2767e-01   3.4837e+01   1.2372e+01   0.0000e+00   1.5311e-02   2.9204e+02
20260406_16:00:00   1.2763e-01   3.4821e+01   1.2500e+01   0.0000e+00   1.5428e-02   2.9081e+02
20260406_17:00:00   1.2597e-01   3.4431e+01   1.2432e+01   0.0000e+00   1.7734e-02   2.8834e+02
20260406_18:00:00   1.2987e-01   3.5367e+01   1.3042e+01   0.0000e+00   3.4458e-02   2.8468e+02
20260406_19:00:00   1.3236e-01   3.5989e+01   1.3565e+01   0.0000e+00   3.2416e-02   2.8270e+02
20260406_20:00:00   1.3421e-01   3.6426e+01   1.3961e+01   0.0000e+00   4.2880e-02   2.8048e+02
20260406_21:00:00   1.3497e-01   3.6635e+01   1.4164e+01   0.0000e+00   2.0930e-02   2.7888e+02
20260406_22:00:00   1.3613e-01   3.6944e+01   1.4412e+01   0.0000e+00   7.8723e-03   2.7927e+02
20260406_23:00:00   1.3800e-01   3.7388e+01   1.4733e+01   0.0000e+00   1.1698e-02   2.7923e+02
20260407_00:00:00   1.3896e-01   3.7616e+01   1.4963e+01   0.0000e+00   1.1133e-02   2.8030e+02
20260407_01:00:00   1.4048e-01   3.7950e+01   1.5223e+01   0.0000e+00   2.5660e-02   2.8050e+02
20260407_02:00:00   1.4916e-01   3.9921e+01   1.6301e+01   0.0000e+00   1.1963e-01   2.8170e+02
20260407_03:00:00   1.5471e-01   4.1191e+01   1.6889e+01   0.0000e+00   2.5206e-01   2.8365e+02
20260407_04:00:00   1.7619e-01   4.6046e+01   1.7037e+01   2.3218e-02   1.3768e-01   2.8540e+02
20260407_05:00:00   1.6692e-01   4.4041e+01   1.7223e+01   1.0794e-02   1.5859e-01   2.8828e+02
20260407_06:00:00   1.7560e-01   4.6028e+01   1.8252e+01   8.6216e-03   5.5948e-01   2.8889e+02
20260407_07:00:00   2.7739e-01   6.7873e+01   1.9722e+01   1.0462e-01   6.3209e-01   2.8896e+02
20260407_08:00:00   2.6924e-01   6.6517e+01   1.9521e+01   9.4333e-02   2.2210e-01   2.8979e+02
20260407_09:00:00   3.1895e-01   7.6504e+01   1.9211e+01   1.5377e-01   5.1507e-02   2.9173e+02
20260407_10:00:00   1.8202e-01   4.7722e+01   1.7944e+01   1.0588e-02   1.8546e-03   2.9240e+02
20260407_11:00:00   1.6301e-01   4.3406e+01   1.6700e+01   1.0470e-03   1.6520e-05   2.9364e+02
20260407_12:00:00   1.5430e-01   4.1398e+01   1.5676e+01   0.0000e+00   2.3400e-05   2.9534e+02
20260407_13:00:00   1.5005e-01   4.0452e+01   1.4880e+01   0.0000e+00   1.3218e-04   2.9503e+02
20260407_14:00:00   1.4748e-01   3.9881e+01   1.4496e+01   0.0000e+00   7.8760e-05   2.9762e+02
20260407_15:00:00   1.4722e-01   3.9833e+01   1.4478e+01   0.0000e+00   7.1060e-05   2.9818e+02
20260407_16:00:00   1.4469e-01   3.9281e+01   1.4230e+01   0.0000e+00   3.7520e-06   2.9946e+02
20260407_17:00:00   1.4218e-01   3.8725e+01   1.3977e+01   0.0000e+00   0.0000e+00   3.0145e+02
20260407_18:00:00   1.4263e-01   3.8862e+01   1.4110e+01   0.0000e+00   5.4940e-05   3.0263e+02
20260407_19:00:00   1.6622e-01   4.4241e+01   1.4526e+01   2.3898e-02   2.0384e-03   3.0376e+02
20260407_20:00:00   2.2989e-01   5.7826e+01   1.4425e+01   9.9120e-02   6.0957e-02   3.0447e+02
20260407_21:00:00   1.4911e-01   4.0295e+01   1.4007e+01   1.2882e-02   4.0215e-02   3.0541e+02
20260407_22:00:00   1.7471e-01   4.6194e+01   1.5471e+01   2.7867e-02   1.0963e-01   3.0873e+02
20260407_23:00:00   1.7388e-01   4.6082e+01   1.5840e+01   2.3945e-02   5.6403e-02   3.1278e+02
20260408_00:00:00   1.5803e-01   4.2507e+01   1.5009e+01   1.3874e-02   2.8147e-02   3.1366e+02
20260408_01:00:00   1.4586e-01   3.9730e+01   1.4783e+01   2.9300e-03   4.6624e-02   3.1485e+02
20260408_02:00:00   1.4891e-01   4.0458e+01   1.5410e+01   0.0000e+00   9.6746e-03   3.1472e+02
20260408_03:00:00   1.4927e-01   4.0548e+01   1.5144e+01   0.0000e+00   1.4179e-03   3.1306e+02
20260408_04:00:00   1.3843e-01   3.8040e+01   1.3554e+01   0.0000e+00   1.7258e-03   3.1197e+02
20260408_05:00:00   1.2981e-01   3.6013e+01   1.2374e+01   0.0000e+00   1.4542e-03   3.1088e+02
20260408_06:00:00   1.2864e-01   3.5709e+01   1.2159e+01   0.0000e+00   1.2945e-03   3.1109e+02
20260408_07:00:00   1.2552e-01   3.4964e+01   1.1649e+01   0.0000e+00   1.3570e-03   3.1189e+02
20260408_08:00:00   1.2105e-01   3.3904e+01   1.1049e+01   0.0000e+00   9.3301e-04   3.1206e+02
20260408_09:00:00   1.1898e-01   3.3408e+01   1.0770e+01   0.0000e+00   8.9347e-04   3.1091e+02
20260408_10:00:00   1.2128e-01   3.3963e+01   1.1030e+01   0.0000e+00   7.8520e-04   3.0708e+02
20260408_11:00:00   1.1871e-01   3.3352e+01   1.0640e+01   0.0000e+00   5.3620e-04   3.0494e+02
20260408_12:00:00   1.1646e-01   3.2794e+01   1.0278e+01   0.0000e+00   0.0000e+00   3.0466e+02
20260408_13:00:00   1.1736e-01   3.3005e+01   1.0377e+01   0.0000e+00   1.0968e-05   3.0561e+02
20260408_14:00:00   1.1683e-01   3.2870e+01   1.0338e+01   0.0000e+00   0.0000e+00   3.0765e+02
20260408_15:00:00   1.1484e-01   3.2392e+01   1.0129e+01   0.0000e+00   0.0000e+00   3.0774e+02
20260408_16:00:00   1.1586e-01   3.2654e+01   1.0313e+01   0.0000e+00   0.0000e+00   3.0891e+02
20260408_17:00:00   1.1654e-01   3.2836e+01   1.0488e+01   0.0000e+00   0.0000e+00   3.1027e+02
20260408_18:00:00   1.1757e-01   3.3085e+01   1.0768e+01   0.0000e+00   0.0000e+00   3.0977e+02
20260408_19:00:00   1.1812e-01   3.3198e+01   1.1134e+01   0.0000e+00   1.2004e-05   3.0812e+02
20260408_20:00:00   1.1709e-01   3.2929e+01   1.1176e+01   0.0000e+00   5.3348e-05   3.0569e+02
20260408_21:00:00   1.1474e-01   3.2363e+01   1.1015e+01   0.0000e+00   5.8660e-05   3.0520e+02
20260408_22:00:00   1.1243e-01   3.1808e+01   1.0798e+01   0.0000e+00   6.6116e-04   3.0501e+02
20260408_23:00:00   1.1359e-01   3.2078e+01   1.1040e+01   0.0000e+00   4.2954e-03   3.0365e+02
20260409_00:00:00   1.1512e-01   3.2456e+01   1.1248e+01   1.6558e-05   1.3290e-03   3.0310e+02
20260409_01:00:00   1.1675e-01   3.2899e+01   1.1379e+01   0.0000e+00   9.0160e-04   3.0489e+02
20260409_02:00:00   1.2345e-01   3.4578e+01   1.2102e+01   0.0000e+00   1.1088e-03   3.0548e+02
20260409_03:00:00   1.2960e-01   3.6164e+01   1.2539e+01   0.0000e+00   1.3107e-03   3.0761e+02
20260409_04:00:00   1.3429e-01   3.7303e+01   1.2967e+01   0.0000e+00   8.7160e-04   3.1023e+02
20260409_05:00:00   1.2610e-01   3.5311e+01   1.2020e+01   0.0000e+00   4.2800e-04   3.1168e+02
20260409_06:00:00   1.1902e-01   3.3552e+01   1.1276e+01   0.0000e+00   1.2025e-03   3.1326e+02
20260409_07:00:00   1.1943e-01   3.3594e+01   1.1515e+01   0.0000e+00   2.6205e-03   3.1423e+02
20260409_08:00:00   1.2134e-01   3.3979e+01   1.1971e+01   0.0000e+00   2.0258e-03   3.1466e+02
20260409_09:00:00   1.2215e-01   3.4137e+01   1.2174e+01   0.0000e+00   1.2455e-03   3.1271e+02
20260409_10:00:00   1.2374e-01   3.4499e+01   1.2402e+01   0.0000e+00   1.6560e-03   3.1337e+02
20260409_11:00:00   1.2815e-01   3.5548e+01   1.3011e+01   0.0000e+00   5.2318e-03   3.1286e+02
20260409_12:00:00   1.3180e-01   3.6381e+01   1.3620e+01   0.0000e+00   1.6962e-02   3.1208e+02
20260409_13:00:00   1.3042e-01   3.5999e+01   1.3591e+01   0.0000e+00   3.8392e-02   3.1250e+02
20260409_14:00:00   1.3271e-01   3.6503e+01   1.4023e+01   0.0000e+00   1.8605e-02   3.1339e+02
20260409_15:00:00   1.3731e-01   3.7579e+01   1.4695e+01   0.0000e+00   6.7352e-03   3.1525e+02
20260409_16:00:00   1.4663e-01   3.9831e+01   1.5826e+01   0.0000e+00   3.6480e-02   3.1627e+02
20260409_17:00:00   1.5782e-01   4.2557e+01   1.7118e+01   0.0000e+00   5.4214e-03   3.1609e+02
20260409_18:00:00   1.8337e-01   4.8342e+01   1.7745e+01   2.2463e-02   2.8916e-02   3.1417e+02
20260409_19:00:00   2.1768e-01   5.5762e+01   1.8105e+01   5.8928e-02   7.8953e-02   3.1519e+02
20260409_20:00:00   2.5149e-01   6.2971e+01   1.8193e+01   9.7273e-02   1.2168e-01   3.1344e+02
20260409_21:00:00   1.8557e-01   4.8741e+01   1.7794e+01   2.7939e-02   7.4511e-02   3.1246e+02
20260409_22:00:00   1.9936e-01   5.1745e+01   1.8052e+01   4.0676e-02   3.7332e-02   3.1390e+02
20260409_23:00:00   1.7109e-01   4.5681e+01   1.7961e+01   7.7442e-03   6.5801e-02   3.1354e+02
20260410_00:00:00   1.5819e-01   4.2764e+01   1.6666e+01   4.4080e-03   1.5842e-03   3.1440e+02
20260410_01:00:00   1.4165e-01   3.8958e+01   1.5047e+01   0.0000e+00   0.0000e+00   3.1319e+02
20260410_02:00:00   1.3993e-01   3.8574e+01   1.4777e+01   0.0000e+00   0.0000e+00   3.1419e+02
20260410_03:00:00   1.4477e-01   3.9836e+01   1.4865e+01   0.0000e+00   0.0000e+00   3.1545e+02
20260410_04:00:00   1.4436e-01   3.9756e+01   1.4552e+01   0.0000e+00   0.0000e+00   3.1484e+02
20260410_05:00:00   1.3328e-01   3.7078e+01   1.3410e+01   0.0000e+00   0.0000e+00   3.1705e+02
20260410_06:00:00   1.2339e-01   3.4680e+01   1.2232e+01   0.0000e+00   0.0000e+00   3.1568e+02
20260410_07:00:00   1.2122e-01   3.4137e+01   1.1952e+01   0.0000e+00   1.1367e-04   3.1329e+02
20260410_08:00:00   1.1989e-01   3.3784e+01   1.1869e+01   0.0000e+00   5.2424e-04   3.1318e+02
20260410_09:00:00   1.2447e-01   3.4817e+01   1.2715e+01   0.0000e+00   2.7160e-03   3.1412e+02
20260410_10:00:00   1.2791e-01   3.5609e+01   1.3205e+01   0.0000e+00   2.8399e-04   3.1388e+02
20260410_11:00:00   1.3274e-01   3.6738e+01   1.3792e+01   0.0000e+00   1.8314e-03   3.1265e+02
20260410_12:00:00   1.3153e-01   3.6448e+01   1.3574e+01   0.0000e+00   4.9484e-03   3.1320e+02
20260410_13:00:00   1.2857e-01   3.5735e+01   1.3250e+01   0.0000e+00   6.0406e-03   3.1241e+02
20260410_14:00:00   1.2443e-01   3.4742e+01   1.2770e+01   0.0000e+00   4.6533e-03   3.1072e+02
20260410_15:00:00   1.2394e-01   3.4613e+01   1.2765e+01   0.0000e+00   4.2739e-03   3.1015e+02
20260410_16:00:00   1.2403e-01   3.4698e+01   1.2700e+01   0.0000e+00   7.8179e-03   3.0859e+02
20260410_17:00:00   1.2348e-01   3.4625e+01   1.2624e+01   0.0000e+00   9.3322e-03   3.0756e+02
20260410_18:00:00   1.2763e-01   3.5697e+01   1.3201e+01   0.0000e+00   2.0391e-02   3.0788e+02
20260410_19:00:00   1.3800e-01   3.8194e+01   1.4748e+01   0.0000e+00   2.6779e-02   3.0944e+02
20260410_20:00:00   1.4973e-01   4.0998e+01   1.6398e+01   0.0000e+00   2.5076e-02   3.1093e+02
20260410_21:00:00   1.6145e-01   4.3767e+01   1.7387e+01   4.4020e-03   1.0868e-02   3.1041e+02
20260410_22:00:00   1.7784e-01   4.7471e+01   1.7946e+01   1.8148e-02   3.6353e-02   3.0803e+02
20260410_23:00:00   1.5300e-01   4.1890e+01   1.6807e+01   0.0000e+00   9.7606e-03   3.0578e+02
20260411_00:00:00   1.6271e-01   4.4151e+01   1.8033e+01   0.0000e+00   1.3019e-01   3.0415e+02
20260411_01:00:00   2.5539e-01   6.4495e+01   2.2152e+01   6.1458e-02   2.4029e-01   3.0287e+02
20260411_02:00:00   1.5618e-01   4.2426e+01   1.7325e+01   0.0000e+00   2.0734e-01   3.0423e+02
20260411_03:00:00   1.8634e-01   4.9554e+01   2.0496e+01   0.0000e+00   1.2343e-01   3.0279e+02
20260411_04:00:00   1.7317e-01   4.6548e+01   1.9054e+01   0.0000e+00   2.3696e-02   3.0197e+02
20260411_05:00:00   1.6708e-01   4.5091e+01   1.8497e+01   0.0000e+00   2.0883e-03   3.0221e+02
20260411_06:00:00   1.5771e-01   4.2812e+01   1.7688e+01   0.0000e+00   1.1648e-03   2.9959e+02
20260411_07:00:00   1.5033e-01   4.1018e+01   1.6871e+01   0.0000e+00   1.1645e-02   2.9880e+02
20260411_08:00:00   1.7097e-01   4.5863e+01   1.9172e+01   0.0000e+00   2.2862e-02   2.9883e+02
20260411_09:00:00   1.8725e-01   4.9620e+01   2.0505e+01   1.4893e-03   1.1989e-01   2.9954e+02
20260411_10:00:00   2.1863e-01   5.6831e+01   2.1353e+01   2.7420e-02   1.1806e-01   3.0031e+02
20260411_11:00:00   2.3806e-01   6.1305e+01   2.0496e+01   5.4700e-02   9.3169e-03   3.0017e+02
20260411_12:00:00   2.0981e-01   5.4899e+01   1.9836e+01   2.3941e-02   5.0343e-02   3.0165e+02
20260411_15:00:00   2.2672e-01   5.8707e+01   2.0226e+01   4.0787e-02   2.8117e-02   3.0565e+02
20260411_18:00:00   1.8957e-01   5.0290e+01   1.9758e+01   1.7510e-03   1.6488e-02   3.0509e+02
20260411_21:00:00   1.5336e-01   4.1656e+01   1.6983e+01   0.0000e+00   8.9325e-03   3.0966e+02
20260412_00:00:00   1.5291e-01   4.1453e+01   1.6502e+01   2.8783e-03   1.3625e-02   3.1092e+02
20260412_03:00:00   1.4253e-01   3.8866e+01   1.5675e+01   5.7263e-04   7.1846e-02   3.1102e+02
20260412_06:00:00   1.4233e-01   3.8761e+01   1.5246e+01   0.0000e+00   8.1318e-03   3.1494e+02
20260412_09:00:00   1.2811e-01   3.5476e+01   1.2699e+01   0.0000e+00   0.0000e+00   3.2119e+02
20260412_12:00:00   1.1554e-01   3.2525e+01   1.0580e+01   0.0000e+00   0.0000e+00   3.2574e+02
20260412_15:00:00   1.0063e-01   2.8848e+01   8.5380e+00   0.0000e+00   0.0000e+00   3.2972e+02
20260412_18:00:00   1.0652e-01   3.0244e+01   9.7825e+00   0.0000e+00   0.0000e+00   3.4023e+02
20260412_21:00:00   1.0532e-01   3.0039e+01   9.9957e+00   0.0000e+00   2.5735e-04   3.3011e+02
20260413_00:00:00   9.7466e-02   2.7967e+01   9.4934e+00   0.0000e+00   5.1268e-03   3.1884e+02
20260413_03:00:00   1.0089e-01   2.8750e+01   9.8544e+00   0.0000e+00   3.1449e-04   3.1417e+02
20260413_06:00:00   1.0868e-01   3.0542e+01   1.1141e+01   0.0000e+00   7.8150e-04   3.1135e+02
20260413_09:00:00   9.8460e-02   2.8058e+01   9.4168e+00   0.0000e+00   2.0470e-03   3.1329e+02
20260413_12:00:00   8.9855e-02   2.5803e+01   8.1597e+00   0.0000e+00   7.9420e-03   3.1434e+02
20260413_15:00:00   9.2346e-02   2.6423e+01   8.5829e+00   0.0000e+00   6.2256e-03   3.1293e+02
20260413_18:00:00   9.5761e-02   2.7371e+01   9.1903e+00   0.0000e+00   1.7042e-02   3.1229e+02
20260413_21:00:00   9.3570e-02   2.6942e+01   8.7892e+00   0.0000e+00   1.0409e-03   3.1159e+02
20260414_00:00:00   1.1926e-01   3.3248e+01   1.2570e+01   1.6088e-04   2.8063e-02   3.1555e+02
20260414_03:00:00   1.2125e-01   3.3784e+01   1.2804e+01   0.0000e+00   1.3118e-02   3.1311e+02
20260414_06:00:00   8.3188e-02   2.4376e+01   6.3636e+00   0.0000e+00   6.0104e-04   3.1440e+02
20260414_09:00:00   6.2376e-02   1.8978e+01   2.8925e+00   0.0000e+00   8.0118e-03   3.2069e+02
20260414_12:00:00   7.1141e-02   2.1184e+01   3.9773e+00   0.0000e+00   5.3189e-02   3.2454e+02
20260414_15:00:00   7.3775e-02   2.1839e+01   4.5593e+00   0.0000e+00   4.7625e-02   3.3080e+02
20260414_18:00:00   6.5926e-02   1.9812e+01   3.8370e+00   0.0000e+00   1.3658e-03   3.3110e+02
20260414_21:00:00   6.9083e-02   2.0660e+01   4.5381e+00   0.0000e+00   3.3180e-02   3.3054e+02
20260415_00:00:00   7.5224e-02   2.2213e+01   5.6454e+00   0.0000e+00   3.2584e-02   3.3198e+02
20260415_03:00:00   7.1920e-02   2.1370e+01   5.0839e+00   0.0000e+00   8.5849e-03   3.2745e+02
20260415_06:00:00   7.2694e-02   2.1548e+01   5.3237e+00   0.0000e+00   2.5585e-03   3.2208e+02
20260415_09:00:00   7.5561e-02   2.2285e+01   5.8303e+00   0.0000e+00   6.7479e-04   3.1885e+02
20260415_12:00:00   8.3263e-02   2.4208e+01   7.1642e+00   0.0000e+00   2.2345e-02   3.2481e+02
20260415_15:00:00   9.7997e-02   2.7909e+01   9.4986e+00   0.0000e+00   3.6389e-02   3.2267e+02
20260415_18:00:00   1.2220e-01   3.4015e+01   1.3207e+01   0.0000e+00   8.2393e-02   3.2258e+02
20260415_21:00:00   1.4806e-01   4.0323e+01   1.6849e+01   0.0000e+00   1.2530e-01   3.2137e+02
20260416_00:00:00   1.4401e-01   3.9479e+01   1.6464e+01   0.0000e+00   2.8279e-03   3.1744e+02
20260416_03:00:00   1.4191e-01   3.9003e+01   1.6186e+01   0.0000e+00   1.1712e-03   3.1836e+02
20260416_06:00:00   1.7894e-01   4.7751e+01   2.0073e+01   3.0040e-05   2.7304e-01   3.1875e+02
20260416_09:00:00   1.4583e-01   3.9814e+01   1.5983e+01   0.0000e+00   3.1471e-02   3.2335e+02
20260416_12:00:00   1.1026e-01   3.0960e+01   1.1252e+01   0.0000e+00   1.3384e-03   3.2545e+02
20260416_15:00:00   1.0793e-01   3.0426e+01   1.0825e+01   0.0000e+00   0.0000e+00   3.2084e+02
20260416_18:00:00   1.0563e-01   2.9874e+01   1.0720e+01   0.0000e+00   5.8080e-05   3.2001e+02
20260416_21:00:00   1.0520e-01   2.9806e+01   1.0949e+01   0.0000e+00   3.9351e-03   3.1590e+02
20260417_00:00:00   1.0503e-01   2.9803e+01   1.1053e+01   0.0000e+00   0.0000e+00   3.0978e+02
20260417_03:00:00   1.0857e-01   3.0609e+01   1.1582e+01   0.0000e+00   8.3240e-05   3.0768e+02
20260417_06:00:00   1.1483e-01   3.2051e+01   1.2316e+01   8.7540e-04   7.0317e-03   3.0265e+02
20260417_09:00:00   1.1923e-01   3.3160e+01   1.3000e+01   0.0000e+00   2.1270e-04   3.0583e+02
20260417_12:00:00   1.2075e-01   3.3510e+01   1.3100e+01   0.0000e+00   1.3728e-03   3.0432e+02
20260417_15:00:00   1.2285e-01   3.4036e+01   1.3291e+01   0.0000e+00   0.0000e+00   3.0366e+02
20260417_18:00:00   1.1870e-01   3.3161e+01   1.2644e+01   0.0000e+00   2.0317e-03   3.0308e+02
20260417_21:00:00   1.1483e-01   3.2366e+01   1.2111e+01   0.0000e+00   9.6140e-04   3.0140e+02
20260418_00:00:00   1.1343e-01   3.2110e+01   1.1757e+01   0.0000e+00   2.3120e-04   3.0268e+02
20260418_03:00:00   1.1667e-01   3.2845e+01   1.2183e+01   0.0000e+00   0.0000e+00   3.0302e+02
20260418_06:00:00   1.1766e-01   3.3040e+01   1.2245e+01   0.0000e+00   2.9239e-04   3.0882e+02
20260418_09:00:00   1.1321e-01   3.1977e+01   1.1289e+01   0.0000e+00   0.0000e+00   3.1430e+02
20260418_12:00:00   1.1398e-01   3.2175e+01   1.1145e+01   0.0000e+00   0.0000e+00   3.1992e+02
20260418_15:00:00   1.0266e-01   2.9429e+01   9.4251e+00   0.0000e+00   0.0000e+00   3.2791e+02
20260418_18:00:00   1.0190e-01   2.9275e+01   9.3179e+00   0.0000e+00   0.0000e+00   3.2992e+02
20260418_21:00:00   1.1073e-01   3.1520e+01   1.0757e+01   0.0000e+00   0.0000e+00   3.2377e+02
20260419_00:00:00   1.1013e-01   3.1445e+01   1.0608e+01   0.0000e+00   0.0000e+00   3.1527e+02
20260419_03:00:00   9.7022e-02   2.8275e+01   8.5492e+00   0.0000e+00   0.0000e+00   3.1197e+02
20260419_06:00:00   9.0721e-02   2.6665e+01   7.5868e+00   0.0000e+00   9.2760e-05   3.1414e+02
20260419_09:00:00   1.0167e-01   2.9345e+01   9.2615e+00   0.0000e+00   7.2680e-05   3.1057e+02
20260419_12:00:00   1.0784e-01   3.0884e+01   1.0046e+01   0.0000e+00   0.0000e+00   3.0365e+02
20260419_15:00:00   1.0706e-01   3.0739e+01   9.9108e+00   0.0000e+00   0.0000e+00   3.0387e+02
20260419_18:00:00   1.0136e-01   2.9240e+01   9.5832e+00   0.0000e+00   0.0000e+00   3.0707e+02
20260419_21:00:00   1.1844e-01   3.3473e+01   1.2672e+01   0.0000e+00   0.0000e+00   3.0470e+02
20260420_00:00:00   1.3645e-01   3.7965e+01   1.5339e+01   0.0000e+00   3.1594e-04   3.0462e+02
20260420_03:00:00   1.6584e-01   4.4952e+01   1.9098e+01   0.0000e+00   1.8410e-02   3.0261e+02
20260420_06:00:00   1.3818e-01   3.8507e+01   1.5053e+01   0.0000e+00   2.8694e-03   3.0140e+02
20260420_09:00:00   1.4730e-01   4.0700e+01   1.6221e+01   0.0000e+00   3.8139e-03   2.9977e+02
20260420_12:00:00   1.3862e-01   3.8577e+01   1.5187e+01   0.0000e+00   1.4900e-03   3.0189e+02
20260420_15:00:00   1.4095e-01   3.9214e+01   1.5466e+01   0.0000e+00   3.2716e-03   3.0121e+02
20260420_18:00:00   1.4429e-01   4.0220e+01   1.5921e+01   0.0000e+00   7.0402e-03   3.0066e+02
20260420_21:00:00   1.4434e-01   4.0342e+01   1.6187e+01   0.0000e+00   5.6259e-03   3.0071e+02
20260421_00:00:00   1.4365e-01   4.0168e+01   1.6273e+01   0.0000e+00   0.0000e+00   3.0358e+02
20260421_03:00:00   1.3788e-01   3.8785e+01   1.5422e+01   0.0000e+00   3.1356e-03   3.0015e+02
20260421_06:00:00   1.3869e-01   3.8902e+01   1.5817e+01   0.0000e+00   9.0230e-03   2.9646e+02
20260421_09:00:00   1.3374e-01   3.7657e+01   1.5085e+01   0.0000e+00   8.0068e-04   2.9724e+02
20260421_12:00:00   1.3878e-01   3.8882e+01   1.5501e+01   0.0000e+00   4.3729e-03   2.9592e+02
20260421_15:00:00   1.4141e-01   3.9391e+01   1.6391e+01   0.0000e+00   1.5170e-03   2.9789e+02
20260421_18:00:00   1.4209e-01   3.9580e+01   1.6638e+01   0.0000e+00   9.3445e-05   2.9801e+02
20260421_21:00:00   1.3829e-01   3.8706e+01   1.6288e+01   0.0000e+00   5.9520e-05   2.9812e+02
20260422_00:00:00   1.3018e-01   3.6677e+01   1.5249e+01   0.0000e+00   2.7604e-04   2.9544e+02
20260422_03:00:00   1.4020e-01   3.8904e+01   1.6746e+01   0.0000e+00   5.2901e-03   2.9644e+02
20260422_06:00:00   1.3060e-01   3.6612e+01   1.4960e+01   0.0000e+00   1.2240e-05   2.9118e+02
20260422_09:00:00   1.2246e-01   3.4510e+01   1.3999e+01   0.0000e+00   1.8408e-05   2.9175e+02
20260422_12:00:00   1.2183e-01   3.4390e+01   1.3773e+01   0.0000e+00   0.0000e+00   2.9163e+02
