#            date       tau255        Tb[K]      pwv[mm] lwp[kg*m^-2] iwp[kg*m^-2]       o3[DU]
20260205_06:00:00   6.8771e-02   2.0312e+01   3.2191e+00   0.0000e+00   6.0320e-05   3.0972e+02
20260205_07:00:00   6.7068e-02   1.9886e+01   3.0054e+00   0.0000e+00   0.0000e+00   3.0928e+02
20260205_08:00:00   6.4555e-02   1.9259e+01   2.6936e+00   0.0000e+00   0.0000e+00   3.0938e+02
20260205_09:00:00   6.3135e-02   1.8898e+01   2.5357e+00   0.0000e+00   0.0000e+00   3.0942e+02
20260205_10:00:00   6.2606e-02   1.8765e+01   2.4876e+00   0.0000e+00   0.0000e+00   3.1081e+02
20260205_11:00:00   6.2420e-02   1.8715e+01   2.4871e+00   0.0000e+00   0.0000e+00   3.1130e+02
20260205_12:00:00   6.1568e-02   1.8501e+01   2.3907e+00   0.0000e+00   0.0000e+00   3.1192e+02
20260205_13:00:00   6.0894e-02   1.8333e+01   2.3029e+00   0.0000e+00   0.0000e+00   3.1098e+02
20260205_14:00:00   5.9700e-02   1.8040e+01   2.1386e+00   0.0000e+00   0.0000e+00   3.0848e+02
20260205_15:00:00   5.8607e-02   1.7772e+01   2.0031e+00   0.0000e+00   0.0000e+00   3.0637e+02
20260205_16:00:00   5.8175e-02   1.7671e+01   1.9669e+00   0.0000e+00   0.0000e+00   3.0292e+02
20260205_17:00:00   5.9317e-02   1.7973e+01   2.1430e+00   0.0000e+00   0.0000e+00   2.9967e+02
20260205_18:00:00   6.0673e-02   1.8333e+01   2.3555e+00   0.0000e+00   0.0000e+00   2.9774e+02
20260205_19:00:00   6.0536e-02   1.8308e+01   2.4129e+00   0.0000e+00   2.1940e-05   2.9788e+02
20260205_20:00:00   6.0420e-02   1.8292e+01   2.4578e+00   0.0000e+00   1.0375e-03   2.9767e+02
20260205_21:00:00   6.0447e-02   1.8321e+01   2.5001e+00   0.0000e+00   1.6540e-03   2.9583e+02
20260205_22:00:00   6.0003e-02   1.8226e+01   2.4216e+00   0.0000e+00   1.8466e-03   2.9502e+02
20260205_23:00:00   5.9776e-02   1.8184e+01   2.3707e+00   0.0000e+00   2.8228e-03   2.9523e+02
20260206_00:00:00   5.9310e-02   1.8074e+01   2.2969e+00   0.0000e+00   3.3043e-03   2.9554e+02
20260206_01:00:00   5.8303e-02   1.7812e+01   2.1429e+00   0.0000e+00   3.0788e-03   2.9426e+02
20260206_02:00:00   5.8637e-02   1.7886e+01   2.2131e+00   0.0000e+00   2.0676e-03   2.9549e+02
20260206_03:00:00   5.9086e-02   1.7986e+01   2.3086e+00   0.0000e+00   1.2665e-03   2.9588e+02
20260206_04:00:00   5.8952e-02   1.7944e+01   2.3049e+00   0.0000e+00   3.8482e-04   2.9774e+02
20260206_05:00:00   5.9334e-02   1.8033e+01   2.4059e+00   0.0000e+00   5.1420e-05   2.9399e+02
20260206_06:00:00   6.1944e-02   1.8676e+01   2.9625e+00   0.0000e+00   8.9820e-06   2.9167e+02
20260206_07:00:00   6.6729e-02   1.9855e+01   3.9184e+00   0.0000e+00   0.0000e+00   2.9028e+02
20260206_08:00:00   7.6966e-02   2.2348e+01   5.8338e+00   0.0000e+00   0.0000e+00   2.9101e+02
20260206_09:00:00   8.5967e-02   2.4548e+01   7.3128e+00   0.0000e+00   2.9240e-06   2.9161e+02
20260206_10:00:00   9.1541e-02   2.5975e+01   8.1869e+00   0.0000e+00   8.1580e-06   2.9115e+02
20260206_11:00:00   9.6930e-02   2.7367e+01   8.9613e+00   0.0000e+00   1.2418e-05   2.9140e+02
20260206_12:00:00   1.0142e-01   2.8515e+01   9.5666e+00   0.0000e+00   5.2320e-06   2.9169e+02
20260206_13:00:00   1.0344e-01   2.9051e+01   9.7921e+00   0.0000e+00   9.7180e-07   2.9090e+02
20260206_14:00:00   1.0401e-01   2.9218e+01   9.8002e+00   0.0000e+00   0.0000e+00   2.9045e+02
20260206_15:00:00   1.0532e-01   2.9575e+01   9.9374e+00   0.0000e+00   0.0000e+00   2.9015e+02
20260206_16:00:00   1.0644e-01   2.9893e+01   1.0081e+01   0.0000e+00   0.0000e+00   2.8943e+02
20260206_17:00:00   1.0717e-01   3.0100e+01   1.0149e+01   0.0000e+00   0.0000e+00   2.8803e+02
20260206_18:00:00   1.0792e-01   3.0315e+01   1.0234e+01   0.0000e+00   0.0000e+00   2.8801e+02
20260206_19:00:00   1.0908e-01   3.0621e+01   1.0381e+01   0.0000e+00   0.0000e+00   2.8742e+02
20260206_20:00:00   1.0974e-01   3.0807e+01   1.0473e+01   0.0000e+00   0.0000e+00   2.8777e+02
20260206_21:00:00   1.0905e-01   3.0672e+01   1.0383e+01   0.0000e+00   0.0000e+00   2.8846e+02
20260206_22:00:00   1.0985e-01   3.0857e+01   1.0516e+01   0.0000e+00   0.0000e+00   2.8824e+02
20260206_23:00:00   1.1027e-01   3.0953e+01   1.0657e+01   0.0000e+00   0.0000e+00   2.8797e+02
20260207_00:00:00   1.1093e-01   3.1090e+01   1.0831e+01   0.0000e+00   0.0000e+00   2.8864e+02
20260207_01:00:00   1.1113e-01   3.1113e+01   1.0890e+01   0.0000e+00   0.0000e+00   2.8913e+02
20260207_02:00:00   1.1148e-01   3.1178e+01   1.0948e+01   0.0000e+00   0.0000e+00   2.8841e+02
20260207_03:00:00   1.1089e-01   3.1016e+01   1.0866e+01   0.0000e+00   0.0000e+00   2.8820e+02
20260207_04:00:00   1.1042e-01   3.0891e+01   1.0781e+01   0.0000e+00   0.0000e+00   2.8875e+02
20260207_05:00:00   1.1037e-01   3.0884e+01   1.0765e+01   0.0000e+00   0.0000e+00   2.8762e+02
20260207_06:00:00   1.1212e-01   3.1296e+01   1.0993e+01   0.0000e+00   0.0000e+00   2.8761e+02
20260207_07:00:00   1.1345e-01   3.1618e+01   1.1168e+01   0.0000e+00   1.1604e-05   2.8728e+02
20260207_08:00:00   1.1476e-01   3.1924e+01   1.1277e+01   0.0000e+00   2.8716e-04   2.8739e+02
20260207_09:00:00   1.1554e-01   3.2118e+01   1.1369e+01   0.0000e+00   0.0000e+00   2.8754e+02
20260207_10:00:00   1.1772e-01   3.2624e+01   1.1740e+01   0.0000e+00   0.0000e+00   2.8718e+02
20260207_11:00:00   1.2047e-01   3.3269e+01   1.2110e+01   0.0000e+00   0.0000e+00   2.8619e+02
20260207_12:00:00   1.2335e-01   3.3956e+01   1.2531e+01   0.0000e+00   2.8503e-04   2.8550e+02
20260207_13:00:00   1.2629e-01   3.4656e+01   1.2887e+01   0.0000e+00   1.9146e-04   2.8495e+02
20260207_14:00:00   1.2705e-01   3.4863e+01   1.2952e+01   0.0000e+00   1.4656e-03   2.8424e+02
20260207_15:00:00   1.2749e-01   3.4981e+01   1.3018e+01   0.0000e+00   5.5035e-04   2.8408e+02
20260207_16:00:00   1.3391e-01   3.6494e+01   1.3757e+01   7.6240e-04   2.9315e-03   2.8604e+02
20260207_17:00:00   1.3692e-01   3.7200e+01   1.4304e+01   0.0000e+00   5.0809e-04   2.8631e+02
20260207_18:00:00   1.3885e-01   3.7642e+01   1.4613e+01   0.0000e+00   9.1698e-03   2.8719e+02
20260207_19:00:00   1.4205e-01   3.8365e+01   1.5018e+01   0.0000e+00   3.1009e-02   2.8886e+02
20260207_20:00:00   1.4378e-01   3.8754e+01   1.5128e+01   5.5780e-05   1.4989e-01   2.8982e+02
20260207_21:00:00   1.5569e-01   4.1509e+01   1.5810e+01   7.0420e-03   1.9933e-01   2.9175e+02
20260207_22:00:00   1.6466e-01   4.3568e+01   1.6887e+01   7.9380e-03   2.0608e-01   2.9242e+02
20260207_23:00:00   1.6304e-01   4.3210e+01   1.7353e+01   3.3738e-04   2.7379e-01   2.9216e+02
20260208_00:00:00   1.6904e-01   4.4577e+01   1.7971e+01   7.3490e-04   1.4701e-01   2.9126e+02
20260208_01:00:00   1.6950e-01   4.4711e+01   1.8098e+01   0.0000e+00   6.2437e-02   2.8966e+02
20260208_02:00:00   1.7245e-01   4.5385e+01   1.8277e+01   3.4400e-04   2.8041e-01   2.8955e+02
20260208_03:00:00   1.7437e-01   4.5773e+01   1.8392e+01   0.0000e+00   4.3667e-01   2.8963e+02
20260208_04:00:00   1.7026e-01   4.4838e+01   1.7982e+01   7.3120e-06   2.3226e-01   2.9242e+02
20260208_05:00:00   1.6530e-01   4.3731e+01   1.7545e+01   0.0000e+00   1.5511e-01   2.9167e+02
20260208_06:00:00   1.6665e-01   4.4048e+01   1.7568e+01   1.3390e-04   2.9233e-01   2.9004e+02
20260208_07:00:00   1.6650e-01   4.4033e+01   1.7646e+01   0.0000e+00   2.3247e-01   2.9331e+02
20260208_08:00:00   1.6183e-01   4.2996e+01   1.7175e+01   9.1406e-05   5.9923e-02   2.9177e+02
20260208_09:00:00   1.5833e-01   4.2206e+01   1.6826e+01   0.0000e+00   1.2180e-01   2.9353e+02
20260208_10:00:00   1.5129e-01   4.0571e+01   1.6087e+01   0.0000e+00   5.4982e-02   2.9392e+02
20260208_11:00:00   1.5328e-01   4.1004e+01   1.6352e+01   2.4900e-04   6.9719e-02   2.9363e+02
20260208_12:00:00   1.5740e-01   4.1972e+01   1.6795e+01   0.0000e+00   6.1604e-02   2.9539e+02
20260208_13:00:00   1.6172e-01   4.2981e+01   1.6886e+01   1.7852e-03   1.4738e-01   2.9497e+02
20260208_14:00:00   1.5906e-01   4.2413e+01   1.6586e+01   0.0000e+00   1.4657e-01   2.9679e+02
20260208_15:00:00   1.6121e-01   4.2909e+01   1.6751e+01   5.1740e-05   1.1262e-01   2.9802e+02
20260208_16:00:00   1.5910e-01   4.2452e+01   1.6473e+01   0.0000e+00   9.8704e-02   2.9689e+02
20260208_17:00:00   1.5514e-01   4.1567e+01   1.6122e+01   0.0000e+00   1.1590e-01   2.9611e+02
20260208_18:00:00   1.5616e-01   4.1799e+01   1.6233e+01   8.1900e-04   9.1823e-02   2.9603e+02
20260208_19:00:00   1.6219e-01   4.3182e+01   1.7163e+01   4.0220e-05   7.3303e-02   2.9482e+02
20260208_20:00:00   1.7317e-01   4.5612e+01   1.7974e+01   5.0972e-03   1.9953e-01   2.9453e+02
20260208_21:00:00   1.8469e-01   4.8207e+01   1.8194e+01   1.6650e-02   1.3445e-01   2.9513e+02
20260208_22:00:00   1.6805e-01   4.4447e+01   1.7994e+01   3.2620e-04   1.9926e-01   2.9523e+02
20260208_23:00:00   1.6051e-01   4.2727e+01   1.7148e+01   0.0000e+00   2.0347e-01   2.9474e+02
20260209_00:00:00   1.5561e-01   4.1589e+01   1.6553e+01   0.0000e+00   2.1660e-01   2.9548e+02
20260209_01:00:00   1.5137e-01   4.0588e+01   1.6039e+01   0.0000e+00   1.7756e-01   2.9624e+02
20260209_02:00:00   1.4598e-01   3.9354e+01   1.5377e+01   0.0000e+00   2.6064e-01   2.9788e+02
20260209_03:00:00   1.4394e-01   3.8893e+01   1.5021e+01   0.0000e+00   3.1941e-01   2.9828e+02
20260209_04:00:00   1.5092e-01   4.0428e+01   1.5811e+01   8.1540e-04   3.9224e-01   2.9908e+02
20260209_05:00:00   1.5476e-01   4.1236e+01   1.6333e+01   0.0000e+00   4.7762e-01   3.0051e+02
20260209_06:00:00   1.5819e-01   4.1988e+01   1.6737e+01   0.0000e+00   5.0003e-01   3.0131e+02
20260209_07:00:00   1.6524e-01   4.3623e+01   1.7587e+01   5.7036e-04   4.3792e-01   3.0020e+02
20260209_08:00:00   1.7561e-01   4.6011e+01   1.8597e+01   0.0000e+00   4.9978e-01   3.0016e+02
20260209_09:00:00   1.7530e-01   4.5982e+01   1.8532e+01   0.0000e+00   3.3928e-01   3.0022e+02
20260209_10:00:00   1.7997e-01   4.7008e+01   1.8954e+01   0.0000e+00   3.6406e-01   2.9870e+02
20260209_11:00:00   1.7734e-01   4.6415e+01   1.8576e+01   8.0100e-04   2.9289e-01   2.9589e+02
20260209_12:00:00   1.7365e-01   4.5619e+01   1.8084e+01   3.5900e-04   1.4345e-01   2.9517e+02
20260209_13:00:00   1.7137e-01   4.5181e+01   1.7538e+01   4.2920e-06   6.3807e-02   2.9542e+02
20260209_14:00:00   1.6807e-01   4.4484e+01   1.7253e+01   0.0000e+00   6.7516e-03   2.9720e+02
20260209_15:00:00   1.6786e-01   4.4437e+01   1.7255e+01   0.0000e+00   5.8388e-03   2.9801e+02
20260209_16:00:00   1.7150e-01   4.5253e+01   1.7696e+01   2.1580e-04   1.2433e-02   2.9818e+02
20260209_17:00:00   1.7833e-01   4.6803e+01   1.8355e+01   8.3260e-04   1.9908e-01   2.9935e+02
20260209_18:00:00   1.7678e-01   4.6450e+01   1.8243e+01   8.8727e-04   1.2686e-01   2.9956e+02
20260209_19:00:00   2.2411e-01   5.6943e+01   1.8131e+01   5.5444e-02   2.1405e-01   2.9753e+02
20260209_20:00:00   2.1929e-01   5.5765e+01   1.8122e+01   4.9732e-02   4.7996e-01   2.9599e+02
20260209_21:00:00   1.6310e-01   4.3189e+01   1.6244e+01   6.1517e-03   3.3299e-01   2.9572e+02
20260209_22:00:00   1.4460e-01   3.8927e+01   1.4739e+01   0.0000e+00   1.3109e-01   2.9732e+02
20260209_23:00:00   1.4760e-01   3.9617e+01   1.5096e+01   9.3140e-06   2.1249e-01   2.9736e+02
20260210_00:00:00   1.5663e-01   4.1742e+01   1.6105e+01   0.0000e+00   1.3435e-01   2.9788e+02
20260210_01:00:00   1.6257e-01   4.3100e+01   1.6684e+01   1.9012e-04   1.8361e-01   2.9800e+02
20260210_02:00:00   1.5602e-01   4.1598e+01   1.5888e+01   1.8282e-04   2.9549e-01   2.9813e+02
20260210_03:00:00   1.6177e-01   4.2930e+01   1.6539e+01   4.7200e-05   8.9999e-02   2.9808e+02
20260210_04:00:00   1.5361e-01   4.1054e+01   1.5452e+01   0.0000e+00   1.1001e-01   2.9726e+02
20260210_05:00:00   1.4258e-01   3.8508e+01   1.4146e+01   2.8240e-05   7.0439e-02   2.9730e+02
20260210_06:00:00   1.3593e-01   3.6927e+01   1.3373e+01   3.2400e-05   5.6748e-02   2.9773e+02
20260210_09:00:00   1.1624e-01   3.2333e+01   1.0246e+01   0.0000e+00   8.2780e-07   3.0869e+02
20260210_12:00:00   1.1789e-01   3.2664e+01   1.0488e+01   0.0000e+00   0.0000e+00   3.0822e+02
20260210_15:00:00   1.1624e-01   3.2369e+01   1.0221e+01   0.0000e+00   0.0000e+00   3.0277e+02
20260210_18:00:00   1.0623e-01   3.0047e+01   9.0413e+00   0.0000e+00   0.0000e+00   2.9608e+02
20260210_21:00:00   9.9922e-02   2.8535e+01   8.4624e+00   0.0000e+00   0.0000e+00   2.9286e+02
20260211_00:00:00   1.0262e-01   2.9133e+01   9.3730e+00   0.0000e+00   3.5961e-03   2.9077e+02
20260211_03:00:00   9.6043e-02   2.7468e+01   8.5806e+00   0.0000e+00   2.0556e-03   2.8834e+02
20260211_06:00:00   1.0189e-01   2.8928e+01   9.3683e+00   0.0000e+00   5.0695e-03   2.8450e+02
20260211_09:00:00   9.9602e-02   2.8363e+01   9.0457e+00   0.0000e+00   1.9495e-03   2.8257e+02
20260211_12:00:00   9.2762e-02   2.6647e+01   7.9902e+00   0.0000e+00   2.1605e-04   2.8535e+02
20260211_15:00:00   9.2685e-02   2.6582e+01   8.1242e+00   0.0000e+00   0.0000e+00   2.8421e+02
20260211_18:00:00   8.7791e-02   2.5381e+01   7.4779e+00   0.0000e+00   0.0000e+00   2.8312e+02
20260211_21:00:00   8.9460e-02   2.5814e+01   7.7682e+00   0.0000e+00   0.0000e+00   2.7876e+02
20260212_00:00:00   9.3982e-02   2.6910e+01   8.5101e+00   0.0000e+00   2.8560e-04   2.7818e+02
20260212_03:00:00   9.8576e-02   2.7964e+01   9.3393e+00   0.0000e+00   1.0258e-02   2.7686e+02
20260212_06:00:00   1.0470e-01   2.9405e+01   1.0091e+01   0.0000e+00   8.8257e-05   2.7391e+02
20260212_09:00:00   1.1012e-01   3.0579e+01   1.1011e+01   0.0000e+00   8.7642e-02   2.7783e+02
20260212_12:00:00   1.0935e-01   3.0328e+01   1.0762e+01   0.0000e+00   1.1982e-01   2.8317e+02
20260212_15:00:00   1.0583e-01   2.9505e+01   1.0063e+01   0.0000e+00   7.9856e-02   2.9108e+02
20260212_18:00:00   9.8261e-02   2.7688e+01   8.6339e+00   0.0000e+00   0.0000e+00   3.1072e+02
20260212_21:00:00   1.4507e-01   3.8576e+01   1.1609e+01   2.0751e-02   2.0143e-01   3.3057e+02
20260213_00:00:00   8.5556e-02   2.4254e+01   5.8342e+00   0.0000e+00   1.2884e-05   3.5779e+02
20260213_03:00:00   8.3598e-02   2.3815e+01   5.4633e+00   0.0000e+00   0.0000e+00   3.3799e+02
20260213_06:00:00   8.3344e-02   2.3815e+01   5.3585e+00   0.0000e+00   0.0000e+00   3.2108e+02
20260213_09:00:00   8.4009e-02   2.4007e+01   5.3330e+00   0.0000e+00   0.0000e+00   3.1745e+02
20260213_12:00:00   8.3957e-02   2.4008e+01   5.2323e+00   0.0000e+00   0.0000e+00   3.1322e+02
20260213_15:00:00   8.3925e-02   2.3986e+01   5.1823e+00   0.0000e+00   0.0000e+00   3.1243e+02
20260213_18:00:00   7.8848e-02   2.2836e+01   4.6380e+00   0.0000e+00   0.0000e+00   2.9851e+02
20260213_21:00:00   7.1559e-02   2.1106e+01   3.9648e+00   0.0000e+00   0.0000e+00   2.8506e+02
20260214_00:00:00   6.7162e-02   2.0039e+01   3.4687e+00   0.0000e+00   0.0000e+00   2.8072e+02
20260214_03:00:00   6.4049e-02   1.9248e+01   3.0714e+00   0.0000e+00   3.6100e-03   2.8270e+02
20260214_06:00:00   6.3090e-02   1.8962e+01   3.1879e+00   0.0000e+00   1.0519e-02   2.9181e+02
20260214_09:00:00   6.3442e-02   1.9074e+01   3.2647e+00   0.0000e+00   8.1155e-03   3.0115e+02
20260214_12:00:00   6.6924e-02   1.9976e+01   3.9650e+00   0.0000e+00   2.1875e-03   3.1480e+02
20260214_15:00:00   6.5472e-02   1.9645e+01   3.7794e+00   0.0000e+00   3.2699e-03   3.1124e+02
20260214_18:00:00   6.9050e-02   2.0539e+01   4.5876e+00   0.0000e+00   1.4758e-04   3.0412e+02
20260214_21:00:00   7.1186e-02   2.1113e+01   5.1528e+00   0.0000e+00   0.0000e+00   3.0229e+02
20260215_00:00:00   7.8094e-02   2.2815e+01   6.4873e+00   0.0000e+00   8.6190e-04   2.9180e+02
20260215_03:00:00   8.2755e-02   2.3963e+01   7.3053e+00   0.0000e+00   2.5024e-04   2.8789e+02
20260215_06:00:00   8.8691e-02   2.5402e+01   8.3694e+00   0.0000e+00   8.1697e-04   2.7908e+02
20260215_09:00:00   8.9001e-02   2.5538e+01   8.3057e+00   0.0000e+00   1.7762e-03   2.7826e+02
20260215_12:00:00   8.8681e-02   2.5457e+01   8.0565e+00   0.0000e+00   4.0320e-04   2.8970e+02
20260215_15:00:00   8.4193e-02   2.4339e+01   7.2271e+00   0.0000e+00   2.7126e-03   2.9238e+02
20260215_18:00:00   8.1678e-02   2.3766e+01   6.6388e+00   0.0000e+00   6.5680e-06   2.8132e+02
20260215_21:00:00   9.0819e-02   2.6043e+01   8.1980e+00   0.0000e+00   8.0353e-03   2.7291e+02
20260216_00:00:00   9.8496e-02   2.7938e+01   9.4055e+00   0.0000e+00   2.0900e-04   2.6888e+02
20260216_03:00:00   1.0020e-01   2.8366e+01   9.7914e+00   0.0000e+00   4.3097e-04   2.6351e+02
20260216_06:00:00   1.0209e-01   2.8823e+01   1.0068e+01   0.0000e+00   2.6080e-05   2.6229e+02
20260216_09:00:00   1.0189e-01   2.8841e+01   1.0090e+01   0.0000e+00   2.3392e-04   2.6146e+02
20260216_12:00:00   9.8501e-02   2.8023e+01   9.6061e+00   0.0000e+00   1.4469e-03   2.5930e+02
20260216_15:00:00   9.6572e-02   2.7474e+01   9.4531e+00   0.0000e+00   1.7301e-03   2.5757e+02
20260216_18:00:00   9.4949e-02   2.7070e+01   9.1899e+00   0.0000e+00   7.1212e-02   2.5999e+02
20260216_21:00:00   9.4505e-02   2.6945e+01   9.1302e+00   0.0000e+00   2.1177e-01   2.6116e+02
20260217_00:00:00   1.0332e-01   2.9086e+01   1.0378e+01   2.6690e-03   1.4171e-02   2.6257e+02
20260217_03:00:00   1.0628e-01   2.9840e+01   1.1119e+01   0.0000e+00   2.6814e-02   2.6124e+02
20260217_06:00:00   1.0644e-01   2.9893e+01   1.0928e+01   0.0000e+00   5.7056e-02   2.6304e+02
20260217_09:00:00   1.0071e-01   2.8429e+01   1.0134e+01   0.0000e+00   3.4428e-02   2.6562e+02
20260217_12:00:00   1.0287e-01   2.8969e+01   1.0471e+01   0.0000e+00   7.4457e-03   2.6504e+02
20260217_15:00:00   1.0714e-01   3.0070e+01   1.0911e+01   0.0000e+00   1.3179e-03   2.6629e+02
20260217_18:00:00   1.1559e-01   3.2167e+01   1.2062e+01   0.0000e+00   2.1236e-04   2.6674e+02
20260217_21:00:00   1.1866e-01   3.2885e+01   1.2261e+01   0.0000e+00   2.5681e-04   2.6801e+02
20260218_00:00:00   1.4647e-01   3.9421e+01   1.5594e+01   0.0000e+00   2.6207e-02   2.6865e+02
20260218_03:00:00   1.1814e-01   3.2630e+01   1.1510e+01   0.0000e+00   1.4428e-03   2.6925e+02
20260218_06:00:00   8.8908e-02   2.5312e+01   7.1063e+00   0.0000e+00   3.8104e-04   2.7475e+02
20260218_09:00:00   6.6609e-02   1.9824e+01   3.3095e+00   0.0000e+00   2.4259e-03   2.8735e+02
20260218_12:00:00   6.4435e-02   1.9287e+01   3.0077e+00   0.0000e+00   0.0000e+00   2.9457e+02
20260218_15:00:00   6.6804e-02   1.9948e+01   3.5155e+00   0.0000e+00   0.0000e+00   2.9579e+02
20260218_18:00:00   7.2388e-02   2.1413e+01   4.6533e+00   0.0000e+00   0.0000e+00   3.0550e+02
20260218_21:00:00   7.9586e-02   2.3335e+01   5.8011e+00   0.0000e+00   0.0000e+00   3.0618e+02
20260219_00:00:00   7.8081e-02   2.2995e+01   5.7063e+00   0.0000e+00   0.0000e+00   3.0307e+02
20260219_03:00:00   8.5144e-02   2.4788e+01   6.5683e+00   0.0000e+00   0.0000e+00   3.0834e+02
20260219_06:00:00   8.6069e-02   2.4977e+01   6.6791e+00   0.0000e+00   1.3574e-03   3.0376e+02
20260219_09:00:00   8.5587e-02   2.4807e+01   6.5397e+00   0.0000e+00   2.2037e-03   3.0264e+02
20260219_12:00:00   8.6216e-02   2.4922e+01   6.5478e+00   0.0000e+00   9.7450e-03   2.9928e+02
20260219_15:00:00   9.0325e-02   2.5873e+01   6.9183e+00   0.0000e+00   4.9770e-03   3.0383e+02
20260219_18:00:00   9.3214e-02   2.6598e+01   7.2485e+00   0.0000e+00   4.8700e-05   3.1228e+02
20260219_21:00:00   9.4824e-02   2.7018e+01   7.5323e+00   0.0000e+00   1.4248e-03   3.0793e+02
20260220_00:00:00   1.0235e-01   2.8881e+01   8.5209e+00   0.0000e+00   1.0739e-03   3.0124e+02
20260220_03:00:00   9.8457e-02   2.7928e+01   7.8635e+00   0.0000e+00   3.4142e-03   2.9969e+02
20260220_06:00:00   1.0102e-01   2.8460e+01   8.0143e+00   0.0000e+00   1.5844e-02   3.0263e+02
20260220_09:00:00   9.8876e-02   2.7704e+01   7.4162e+00   0.0000e+00   8.4028e-03   3.0565e+02
20260220_12:00:00   8.6583e-02   2.4652e+01   5.7572e+00   0.0000e+00   3.1803e-03   3.1361e+02
20260220_15:00:00   8.2470e-02   2.3609e+01   5.0933e+00   0.0000e+00   8.7640e-04   3.1866e+02
20260220_18:00:00   7.7079e-02   2.2312e+01   4.5066e+00   0.0000e+00   1.9236e-05   3.1819e+02
20260220_21:00:00   7.7928e-02   2.2575e+01   4.7904e+00   0.0000e+00   0.0000e+00   3.1386e+02
20260221_00:00:00   8.2230e-02   2.3643e+01   5.4406e+00   0.0000e+00   1.8300e-05   3.1300e+02
20260221_03:00:00   8.6138e-02   2.4580e+01   6.0099e+00   0.0000e+00   2.9485e-03   3.1152e+02
20260221_06:00:00   9.9126e-02   2.7691e+01   8.4480e+00   0.0000e+00   4.4200e-03   3.0669e+02
