#            date       tau255        Tb[K]      pwv[mm] lwp[kg*m^-2] iwp[kg*m^-2]       o3[DU]
20260528_12:00:00   1.3547e-01   3.8099e+01   1.3848e+01   0.0000e+00   8.3430e-03   3.3313e+02
20260528_13:00:00   1.3352e-01   3.7606e+01   1.3686e+01   0.0000e+00   1.3396e-02   3.3407e+02
20260528_14:00:00   1.2779e-01   3.6184e+01   1.3067e+01   0.0000e+00   1.1861e-02   3.3550e+02
20260528_15:00:00   1.2734e-01   3.6091e+01   1.3011e+01   0.0000e+00   6.0807e-03   3.3520e+02
20260528_16:00:00   1.2737e-01   3.6116e+01   1.3064e+01   0.0000e+00   2.1887e-02   3.3345e+02
20260528_17:00:00   1.2998e-01   3.6772e+01   1.3533e+01   0.0000e+00   7.5181e-02   3.2968e+02
20260528_18:00:00   1.3073e-01   3.6973e+01   1.3769e+01   0.0000e+00   4.2360e-04   3.2608e+02
20260528_19:00:00   1.2779e-01   3.6163e+01   1.3750e+01   0.0000e+00   1.3433e-04   3.2171e+02
20260528_20:00:00   1.2629e-01   3.5661e+01   1.3907e+01   0.0000e+00   8.8180e-04   3.1710e+02
20260528_21:00:00   1.3120e-01   3.6806e+01   1.4734e+01   0.0000e+00   0.0000e+00   3.1452e+02
20260528_22:00:00   1.3371e-01   3.7429e+01   1.5171e+01   0.0000e+00   6.8660e-06   3.1210e+02
20260528_23:00:00   1.3697e-01   3.8217e+01   1.5803e+01   0.0000e+00   1.6696e-04   3.1242e+02
20260529_00:00:00   1.4003e-01   3.8961e+01   1.6361e+01   0.0000e+00   6.0758e-04   3.1164e+02
20260529_01:00:00   1.4422e-01   3.9949e+01   1.7165e+01   0.0000e+00   5.4232e-03   3.1027e+02
20260529_02:00:00   1.4435e-01   4.0112e+01   1.7029e+01   0.0000e+00   0.0000e+00   3.0759e+02
20260529_03:00:00   1.5106e-01   4.1869e+01   1.7569e+01   0.0000e+00   8.3640e-04   3.0694e+02
20260529_04:00:00   1.5659e-01   4.3272e+01   1.7871e+01   0.0000e+00   3.6416e-03   3.0582e+02
20260529_05:00:00   1.5610e-01   4.3079e+01   1.8027e+01   0.0000e+00   1.9531e-03   3.0270e+02
20260529_06:00:00   1.5759e-01   4.3417e+01   1.8257e+01   0.0000e+00   1.7232e-03   2.9990e+02
20260529_07:00:00   1.5741e-01   4.3320e+01   1.8449e+01   0.0000e+00   1.2657e-03   2.9903e+02
20260529_08:00:00   1.7562e-01   4.7456e+01   2.1285e+01   0.0000e+00   1.7619e-02   2.9652e+02
20260529_09:00:00   1.8731e-01   5.0137e+01   2.2626e+01   0.0000e+00   1.7502e-03   2.9665e+02
20260529_10:00:00   1.9585e-01   5.2050e+01   2.3525e+01   0.0000e+00   4.5274e-03   2.9876e+02
20260529_11:00:00   1.8563e-01   4.9491e+01   2.2527e+01   0.0000e+00   1.9334e-02   2.9806e+02
20260529_12:00:00   1.7291e-01   4.6234e+01   2.1082e+01   0.0000e+00   1.7976e-01   2.9716e+02
20260529_13:00:00   1.5736e-01   4.2437e+01   1.9171e+01   0.0000e+00   1.7280e-01   2.9688e+02
20260529_14:00:00   1.4449e-01   3.9441e+01   1.7395e+01   0.0000e+00   1.2268e-02   2.9583e+02
20260529_15:00:00   1.4223e-01   3.8933e+01   1.7111e+01   0.0000e+00   2.3928e-03   2.9519e+02
20260529_16:00:00   1.5637e-01   4.2358e+01   1.9011e+01   0.0000e+00   1.6186e-02   2.9349e+02
20260529_17:00:00   1.6245e-01   4.3905e+01   1.9658e+01   0.0000e+00   5.1087e-03   2.9197e+02
20260529_18:00:00   1.7088e-01   4.5974e+01   2.0572e+01   0.0000e+00   6.3453e-02   2.9119e+02
20260529_19:00:00   1.7842e-01   4.7716e+01   2.1469e+01   1.3950e-03   5.6830e-02   2.9025e+02
20260529_20:00:00   2.4437e-01   6.1933e+01   2.2167e+01   7.0320e-02   6.9231e-02   2.9016e+02
20260529_21:00:00   1.9818e-01   5.2101e+01   2.2235e+01   1.9974e-02   1.8699e-02   2.9098e+02
20260529_22:00:00   2.0183e-01   5.2913e+01   2.1760e+01   2.8400e-02   2.3525e-02   2.9015e+02
20260529_23:00:00   1.7525e-01   4.7025e+01   2.0863e+01   6.9540e-03   9.9225e-02   2.9063e+02
20260530_00:00:00   1.7535e-01   4.6990e+01   2.0476e+01   1.0942e-02   6.4247e-02   2.9147e+02
20260530_01:00:00   1.7585e-01   4.7083e+01   2.0869e+01   7.3560e-03   1.0697e-01   2.9036e+02
20260530_02:00:00   1.7214e-01   4.6339e+01   2.1114e+01   1.1319e-03   5.2073e-02   2.8892e+02
20260530_03:00:00   1.8341e-01   4.8862e+01   2.1694e+01   7.4605e-03   1.2797e-01   2.8861e+02
20260530_04:00:00   2.1749e-01   5.6428e+01   2.2485e+01   3.6228e-02   5.2288e-02   2.9016e+02
20260530_05:00:00   1.9031e-01   5.0534e+01   2.2244e+01   7.6052e-03   2.7137e-02   2.9199e+02
20260530_06:00:00   2.8296e-01   7.0024e+01   2.2586e+01   1.0832e-01   3.9447e-02   2.9178e+02
20260530_07:00:00   1.9183e-01   5.0756e+01   2.2025e+01   1.1700e-02   4.4349e-02   2.9170e+02
20260530_08:00:00   1.7040e-01   4.5900e+01   2.0493e+01   1.1660e-04   4.9629e-02   2.9180e+02
20260530_09:00:00   1.5918e-01   4.3229e+01   1.8953e+01   0.0000e+00   5.6868e-02   2.9270e+02
20260530_10:00:00   1.5513e-01   4.2219e+01   1.8367e+01   0.0000e+00   8.3220e-02   2.9248e+02
20260530_11:00:00   1.5488e-01   4.2105e+01   1.8368e+01   9.7180e-06   3.8691e-02   2.9068e+02
20260530_12:00:00   1.5803e-01   4.2761e+01   1.8018e+01   4.9634e-03   6.9098e-02   2.9219e+02
20260530_13:00:00   1.5815e-01   4.2831e+01   1.8281e+01   1.8120e-03   1.0989e-02   2.9536e+02
20260530_14:00:00   1.5989e-01   4.3255e+01   1.8655e+01   3.9960e-04   1.0075e-01   2.9604e+02
20260530_15:00:00   1.6208e-01   4.3819e+01   1.8912e+01   0.0000e+00   2.0777e-02   2.9762e+02
20260530_16:00:00   1.6133e-01   4.3722e+01   1.8754e+01   0.0000e+00   2.6902e-02   2.9663e+02
20260530_17:00:00   1.6019e-01   4.3537e+01   1.8507e+01   0.0000e+00   5.0639e-03   2.9670e+02
20260530_18:00:00   1.5980e-01   4.3446e+01   1.8786e+01   0.0000e+00   5.4589e-03   2.9713e+02
20260530_19:00:00   1.5750e-01   4.2931e+01   1.8515e+01   2.1940e-04   7.1768e-02   2.9772e+02
20260530_20:00:00   1.5451e-01   4.2279e+01   1.8071e+01   2.9260e-04   7.7391e-02   2.9784e+02
20260530_21:00:00   1.5796e-01   4.3010e+01   1.8740e+01   5.6635e-04   1.7102e-01   2.9765e+02
20260530_22:00:00   1.5677e-01   4.2787e+01   1.8671e+01   4.7820e-04   4.6996e-02   2.9847e+02
20260530_23:00:00   1.5147e-01   4.1599e+01   1.7959e+01   0.0000e+00   2.3398e-02   3.0065e+02
20260531_00:00:00   1.4575e-01   4.0377e+01   1.6778e+01   0.0000e+00   6.1585e-05   3.0158e+02
20260531_01:00:00   1.4956e-01   4.1301e+01   1.7178e+01   1.9744e-04   4.0280e-04   3.0219e+02
20260531_02:00:00   1.5631e-01   4.2859e+01   1.8010e+01   2.1720e-03   1.4355e-03   3.0246e+02
20260531_03:00:00   2.0401e-01   5.3552e+01   1.9805e+01   4.1295e-02   7.7115e-02   3.0039e+02
20260531_04:00:00   1.9026e-01   5.0723e+01   2.1924e+01   7.8600e-03   4.9022e-02   2.9914e+02
20260531_05:00:00   1.9146e-01   5.0986e+01   2.2905e+01   2.2300e-04   4.1933e-02   2.9885e+02
20260531_06:00:00   2.5123e-01   6.3973e+01   2.4578e+01   5.0683e-02   5.4867e-02   2.9884e+02
20260531_07:00:00   1.9585e-01   5.2048e+01   2.3326e+01   0.0000e+00   4.4714e-02   2.9881e+02
20260531_08:00:00   1.8966e-01   5.0583e+01   2.2706e+01   0.0000e+00   9.4558e-02   2.9790e+02
20260531_09:00:00   1.9091e-01   5.0847e+01   2.2786e+01   0.0000e+00   6.3733e-02   2.9790e+02
20260531_10:00:00   1.8753e-01   5.0112e+01   2.2338e+01   0.0000e+00   3.9034e-02   2.9858e+02
20260531_11:00:00   1.8528e-01   4.9681e+01   2.1743e+01   0.0000e+00   5.4612e-02   3.0102e+02
20260531_12:00:00   1.8512e-01   4.9703e+01   2.1515e+01   0.0000e+00   3.8329e-03   3.0172e+02
20260531_13:00:00   1.9220e-01   5.1326e+01   2.2313e+01   0.0000e+00   1.8144e-03   3.0140e+02
20260531_14:00:00   1.9601e-01   5.2217e+01   2.2754e+01   0.0000e+00   6.3128e-03   3.0084e+02
20260531_15:00:00   1.9485e-01   5.1978e+01   2.2657e+01   0.0000e+00   3.7281e-03   2.9923e+02
20260531_16:00:00   1.8885e-01   5.0700e+01   2.1823e+01   0.0000e+00   4.5352e-04   2.9959e+02
20260531_17:00:00   1.8853e-01   5.0679e+01   2.1746e+01   0.0000e+00   4.6866e-03   2.9977e+02
20260531_18:00:00   1.9153e-01   5.1354e+01   2.2172e+01   1.5730e-04   2.3637e-03   2.9855e+02
20260531_19:00:00   3.5440e-01   8.4216e+01   2.2797e+01   1.7997e-01   3.7656e-02   2.9748e+02
20260531_20:00:00   6.1995e-01   1.2744e+02   2.6861e+01   4.4840e-01   1.0138e+00   2.9579e+02
20260531_21:00:00   2.3525e-01   6.0558e+01   2.6400e+01   9.0547e-03   1.0608e+00   2.9523e+02
20260531_22:00:00   1.9357e-01   5.1709e+01   2.2129e+01   3.4790e-03   5.0294e-02   3.0003e+02
20260531_23:00:00   2.4969e-01   6.3916e+01   2.3767e+01   5.1080e-02   2.7815e-02   2.9984e+02
20260601_00:00:00   2.3789e-01   6.1578e+01   2.4327e+01   2.9561e-02   6.3746e-02   2.9891e+02
20260601_01:00:00   2.1110e-01   5.5767e+01   2.4032e+01   3.2274e-03   7.8366e-03   3.0032e+02
20260601_02:00:00   2.0251e-01   5.3832e+01   2.2930e+01   0.0000e+00   9.0395e-03   3.0169e+02
20260601_03:00:00   1.9242e-01   5.1637e+01   2.1440e+01   0.0000e+00   4.8017e-03   3.0064e+02
20260601_04:00:00   1.8107e-01   4.9063e+01   2.0144e+01   0.0000e+00   1.5910e-02   3.0259e+02
20260601_05:00:00   1.8706e-01   5.0446e+01   2.0677e+01   0.0000e+00   3.8947e-02   3.0415e+02
20260601_06:00:00   1.7134e-01   4.6778e+01   1.9183e+01   0.0000e+00   6.4236e-02   3.0602e+02
20260601_07:00:00   1.7352e-01   4.7251e+01   1.9526e+01   0.0000e+00   3.8462e-02   3.0711e+02
20260601_08:00:00   1.7518e-01   4.7648e+01   1.9634e+01   0.0000e+00   1.2488e-02   3.0771e+02
20260601_09:00:00   1.8108e-01   4.9039e+01   2.0171e+01   0.0000e+00   8.0803e-05   3.0541e+02
20260601_10:00:00   1.8760e-01   5.0548e+01   2.0720e+01   0.0000e+00   0.0000e+00   3.0453e+02
20260601_11:00:00   1.9325e-01   5.1873e+01   2.0986e+01   0.0000e+00   0.0000e+00   3.0596e+02
20260601_12:00:00   1.8806e-01   5.0695e+01   2.0366e+01   0.0000e+00   0.0000e+00   3.0570e+02
20260601_13:00:00   1.8462e-01   4.9899e+01   2.0087e+01   0.0000e+00   0.0000e+00   3.0491e+02
20260601_14:00:00   1.8595e-01   5.0211e+01   2.0276e+01   0.0000e+00   0.0000e+00   3.0406e+02
20260601_15:00:00   1.8488e-01   5.0032e+01   2.0050e+01   0.0000e+00   0.0000e+00   3.0382e+02
20260601_16:00:00   1.8482e-01   5.0073e+01   2.0111e+01   0.0000e+00   0.0000e+00   3.0401e+02
20260601_17:00:00   1.9126e-01   5.1621e+01   2.0879e+01   0.0000e+00   0.0000e+00   3.0296e+02
20260601_18:00:00   1.9496e-01   5.2525e+01   2.1324e+01   0.0000e+00   0.0000e+00   3.0358e+02
20260601_19:00:00   1.9956e-01   5.3579e+01   2.1860e+01   1.1990e-03   1.3732e-05   3.0417e+02
20260601_20:00:00   2.9842e-01   7.4195e+01   2.3296e+01   1.0389e-01   3.9908e-03   3.0308e+02
20260601_21:00:00   1.0447e+00   1.7778e+02   2.6126e+01   9.2777e-01   2.7192e-01   3.0282e+02
20260601_22:00:00   8.1330e-01   1.5316e+02   3.0664e+01   6.2136e-01   1.4085e+00   3.0096e+02
20260601_23:00:00   2.7695e-01   6.9247e+01   2.5943e+01   6.5268e-02   6.5812e-01   3.0173e+02
20260602_00:00:00   3.3340e-01   8.0734e+01   2.4141e+01   1.4096e-01   2.0527e-01   3.0299e+02
20260602_01:00:00   2.3267e-01   6.0400e+01   2.2759e+01   3.8054e-02   4.4320e-02   3.0279e+02
20260602_02:00:00   2.0583e-01   5.4607e+01   2.3580e+01   7.1867e-04   6.4641e-03   3.0389e+02
20260602_03:00:00   2.0029e-01   5.3377e+01   2.3285e+01   0.0000e+00   2.3415e-03   3.0252e+02
20260602_04:00:00   1.8990e-01   5.1020e+01   2.2352e+01   0.0000e+00   2.7453e-03   3.0364e+02
20260602_05:00:00   1.8542e-01   4.9943e+01   2.1848e+01   0.0000e+00   3.7895e-03   3.0229e+02
20260602_06:00:00   2.1725e-01   5.6849e+01   2.1497e+01   3.7320e-02   5.3136e-03   3.0190e+02
20260602_07:00:00   1.9275e-01   5.1540e+01   2.2094e+01   3.0417e-03   7.1573e-04   3.0195e+02
20260602_08:00:00   1.7877e-01   4.8421e+01   2.0811e+01   0.0000e+00   1.0833e-03   2.9979e+02
20260602_09:00:00   1.7830e-01   4.8306e+01   2.0937e+01   0.0000e+00   3.1674e-03   3.0217e+02
20260602_10:00:00   1.8593e-01   5.0040e+01   2.1736e+01   0.0000e+00   1.1169e-02   3.0315e+02
20260602_11:00:00   1.8856e-01   5.0632e+01   2.1901e+01   0.0000e+00   5.9364e-03   3.0328e+02
20260602_12:00:00   1.8338e-01   4.9445e+01   2.1309e+01   0.0000e+00   5.8348e-03   3.0249e+02
20260602_15:00:00   1.9352e-01   5.1911e+01   2.1985e+01   0.0000e+00   0.0000e+00   3.0282e+02
20260602_18:00:00   2.1788e-01   5.7551e+01   2.4564e+01   2.8712e-03   0.0000e+00   3.1034e+02
20260602_21:00:00   5.0827e-01   1.1227e+02   2.7089e+01   3.0927e-01   4.8812e-02   3.0756e+02
20260603_00:00:00   2.2001e-01   5.8403e+01   2.3795e+01   0.0000e+00   1.2093e-01   3.0451e+02
20260603_03:00:00   1.8670e-01   5.0627e+01   2.0877e+01   0.0000e+00   4.0961e-03   3.0613e+02
20260603_06:00:00   2.1689e-01   5.7112e+01   2.5236e+01   0.0000e+00   1.1181e-01   3.1062e+02
20260603_09:00:00   2.2857e-01   5.9673e+01   2.5605e+01   0.0000e+00   2.4778e-03   3.0787e+02
20260603_12:00:00   2.0859e-01   5.5247e+01   2.3277e+01   0.0000e+00   1.2714e-03   3.1263e+02
20260603_15:00:00   1.9724e-01   5.2754e+01   2.1862e+01   0.0000e+00   0.0000e+00   3.1745e+02
20260603_18:00:00   2.1470e-01   5.6918e+01   2.3822e+01   0.0000e+00   0.0000e+00   3.1247e+02
20260603_21:00:00   4.6949e-01   1.0621e+02   2.5339e+01   2.8119e-01   4.1259e-04   3.1032e+02
20260604_00:00:00   2.0153e-01   5.4131e+01   2.2737e+01   0.0000e+00   1.1331e-02   3.1268e+02
20260604_03:00:00   2.0509e-01   5.5047e+01   2.2152e+01   0.0000e+00   3.2645e-03   3.1645e+02
20260604_06:00:00   1.9670e-01   5.2847e+01   2.1681e+01   0.0000e+00   1.7228e-01   3.1309e+02
20260604_09:00:00   2.1700e-01   5.7002e+01   2.4666e+01   0.0000e+00   4.1693e-01   3.0880e+02
20260604_12:00:00   2.0427e-01   5.4065e+01   2.3414e+01   0.0000e+00   1.6120e-01   3.1207e+02
20260604_15:00:00   2.1167e-01   5.5521e+01   2.3694e+01   1.2112e-02   9.8642e-02   3.1711e+02
20260604_18:00:00   2.2935e-01   5.9731e+01   2.6426e+01   3.5346e-03   1.2573e-01   3.1893e+02
20260604_21:00:00   6.3263e-01   1.3097e+02   2.7686e+01   4.4868e-01   6.4664e-02   3.2030e+02
20260605_00:00:00   9.8618e-01   1.7264e+02   3.1928e+01   8.1504e-01   7.1154e-01   3.1117e+02
20260605_03:00:00   1.7759e-01   4.7752e+01   2.1652e+01   0.0000e+00   2.0069e-01   3.1558e+02
20260605_06:00:00   2.0007e-01   5.3128e+01   2.2985e+01   0.0000e+00   1.3053e-02   3.1636e+02
20260605_09:00:00   2.0387e-01   5.3946e+01   2.3584e+01   0.0000e+00   2.4133e-02   3.0867e+02
20260605_12:00:00   2.0370e-01   5.3937e+01   2.3452e+01   0.0000e+00   3.8735e-04   3.1044e+02
20260605_15:00:00   2.0750e-01   5.4866e+01   2.3690e+01   0.0000e+00   0.0000e+00   3.1349e+02
20260605_18:00:00   2.2258e-01   5.8482e+01   2.4759e+01   3.6080e-03   0.0000e+00   3.1508e+02
20260605_21:00:00   2.4187e-01   6.2844e+01   2.5635e+01   2.0463e-02   0.0000e+00   3.1189e+02
20260606_00:00:00   2.3310e-01   6.1135e+01   2.3610e+01   2.5617e-02   0.0000e+00   3.0832e+02
20260606_03:00:00   2.3617e-01   6.2057e+01   2.5660e+01   0.0000e+00   6.9967e-03   3.0891e+02
20260606_06:00:00   2.3502e-01   6.1422e+01   2.6802e+01   0.0000e+00   2.1546e-01   3.1289e+02
20260606_09:00:00   2.4036e-01   6.2406e+01   2.7544e+01   0.0000e+00   7.4653e-02   3.1316e+02
20260606_12:00:00   2.5346e-01   6.5118e+01   2.7823e+01   1.1742e-02   8.1773e-02   3.1231e+02
20260606_15:00:00   2.5296e-01   6.5074e+01   2.7565e+01   1.2334e-02   2.4841e-03   3.1281e+02
20260606_18:00:00   2.6909e-01   6.8811e+01   2.7517e+01   2.7212e-02   0.0000e+00   3.1280e+02
20260606_21:00:00   3.5670e-01   8.6413e+01   2.6826e+01   1.3366e-01   1.6558e-06   3.1160e+02
20260607_00:00:00   6.8138e-01   1.3999e+02   2.9235e+01   4.7660e-01   2.8940e-05   3.1144e+02
20260607_03:00:00   2.5472e-01   6.5792e+01   2.7796e+01   2.0520e-03   4.4870e-04   3.1060e+02
20260607_06:00:00   2.2990e-01   6.0297e+01   2.5720e+01   0.0000e+00   2.3831e-03   3.0829e+02
20260607_09:00:00   2.2125e-01   5.8415e+01   2.4700e+01   0.0000e+00   3.5535e-03   3.0584e+02
20260607_12:00:00   2.4772e-01   6.3850e+01   2.8555e+01   0.0000e+00   1.2862e-01   3.0746e+02
20260607_15:00:00   2.5581e-01   6.5607e+01   2.9474e+01   0.0000e+00   4.9741e-02   3.0794e+02
20260607_18:00:00   2.7408e-01   6.9615e+01   3.0742e+01   7.4530e-03   4.5378e-02   3.1012e+02
20260607_21:00:00   6.9890e-01   1.4092e+02   3.2786e+01   4.7503e-01   1.3287e-01   3.0810e+02
20260608_00:00:00   7.2710e-01   1.4306e+02   3.2920e+01   5.0362e-01   4.2067e-01   3.0087e+02
20260608_03:00:00   2.0597e-01   5.4463e+01   2.4747e+01   0.0000e+00   1.3246e-01   3.0069e+02
20260608_06:00:00   2.3419e-01   6.1054e+01   2.7318e+01   0.0000e+00   2.9756e-04   3.0014e+02
20260608_09:00:00   2.8623e-01   7.1891e+01   3.2269e+01   1.1172e-02   7.7396e-02   2.9717e+02
20260608_12:00:00   3.1951e-01   7.8603e+01   3.3734e+01   3.1582e-02   1.5520e-01   2.9476e+02
20260608_15:00:00   5.7027e-01   1.2165e+02   3.4100e+01   3.1163e-01   2.8341e-01   2.9483e+02
20260608_18:00:00   5.7041e-01   1.2200e+02   3.3988e+01   3.1501e-01   5.3135e-01   2.9554e+02
20260608_21:00:00   3.9845e-01   9.3406e+01   3.1903e+01   1.4074e-01   1.0351e-01   2.9756e+02
20260609_00:00:00   2.5860e-01   6.6489e+01   2.8430e+01   3.6340e-04   6.1224e-05   3.0127e+02
20260609_03:00:00   2.8051e-01   7.0957e+01   2.8944e+01   2.5740e-02   2.9140e-02   3.0333e+02
20260609_06:00:00   2.7404e-01   6.9686e+01   3.0950e+01   0.0000e+00   6.2376e-02   3.1007e+02
20260609_09:00:00   3.0229e-01   7.5368e+01   3.2778e+01   1.6532e-02   1.2076e-01   3.0923e+02
20260609_12:00:00   2.8297e-01   7.1313e+01   3.2768e+01   6.4800e-04   1.5879e-01   3.1324e+02
20260609_15:00:00   3.0632e-01   7.6123e+01   3.5224e+01   1.0584e-03   1.0946e-01   3.0519e+02
20260609_18:00:00   3.2021e-01   7.8993e+01   3.6682e+01   2.4394e-04   2.3363e-01   3.0769e+02
20260609_21:00:00   3.4036e-01   8.3333e+01   3.7271e+01   1.9745e-02   1.7720e-02   3.0292e+02
20260610_00:00:00   5.1779e-01   1.1608e+02   3.5721e+01   2.5640e-01   6.6580e-04   3.0083e+02
20260610_03:00:00   4.2866e-01   1.0026e+02   3.4141e+01   1.6466e-01   2.5652e-03   3.0118e+02
20260610_06:00:00   2.8520e-01   7.1917e+01   3.3134e+01   7.6520e-05   0.0000e+00   3.0184e+02
20260610_09:00:00   2.6472e-01   6.7536e+01   3.0720e+01   0.0000e+00   0.0000e+00   3.0057e+02
20260610_12:00:00   2.5063e-01   6.4439e+01   2.9249e+01   0.0000e+00   6.8653e-04   3.0360e+02
20260610_15:00:00   2.4690e-01   6.3816e+01   2.8242e+01   0.0000e+00   0.0000e+00   3.0872e+02
20260610_18:00:00   2.4825e-01   6.4416e+01   2.8220e+01   0.0000e+00   0.0000e+00   3.0583e+02
20260610_21:00:00   5.1836e-01   1.1531e+02   2.9628e+01   3.0527e-01   1.3732e-05   3.0451e+02
20260611_00:00:00   3.8183e-01   9.1571e+01   2.9969e+01   1.3962e-01   0.0000e+00   3.0229e+02
20260611_03:00:00   2.5399e-01   6.5992e+01   2.8022e+01   0.0000e+00   0.0000e+00   3.0382e+02
20260611_06:00:00   2.3688e-01   6.2259e+01   2.6094e+01   0.0000e+00   7.2880e-06   3.0283e+02
20260611_09:00:00   2.3602e-01   6.1993e+01   2.6505e+01   0.0000e+00   0.0000e+00   3.0145e+02
20260611_12:00:00   2.3261e-01   6.1217e+01   2.6302e+01   0.0000e+00   0.0000e+00   3.0030e+02
20260611_15:00:00   2.3707e-01   6.2275e+01   2.6996e+01   0.0000e+00   0.0000e+00   2.9834e+02
20260611_18:00:00   2.4152e-01   6.3518e+01   2.7576e+01   0.0000e+00   0.0000e+00   2.9770e+02
20260611_21:00:00   2.5322e-01   6.6247e+01   2.8884e+01   4.1320e-03   0.0000e+00   2.9815e+02
20260612_00:00:00   2.5649e-01   6.7094e+01   2.8810e+01   7.7997e-03   0.0000e+00   2.9785e+02
20260612_03:00:00   2.3025e-01   6.1389e+01   2.6493e+01   0.0000e+00   0.0000e+00   2.9546e+02
20260612_06:00:00   1.9996e-01   5.4444e+01   2.2531e+01   0.0000e+00   0.0000e+00   2.9502e+02
20260612_09:00:00   1.8610e-01   5.1098e+01   2.1349e+01   0.0000e+00   0.0000e+00   2.9205e+02
20260612_12:00:00   1.9166e-01   5.2374e+01   2.1971e+01   0.0000e+00   0.0000e+00   2.9049e+02
20260612_15:00:00   1.9114e-01   5.2345e+01   2.2095e+01   0.0000e+00   0.0000e+00   2.9104e+02
20260612_18:00:00   2.0377e-01   5.5453e+01   2.3784e+01   0.0000e+00   0.0000e+00   2.8867e+02
20260612_21:00:00   2.0958e-01   5.6788e+01   2.5124e+01   0.0000e+00   0.0000e+00   2.8677e+02
20260613_00:00:00   1.8117e-01   5.0242e+01   2.1857e+01   0.0000e+00   0.0000e+00   2.8943e+02
20260613_03:00:00   1.6801e-01   4.7264e+01   1.9206e+01   0.0000e+00   0.0000e+00   2.9100e+02
20260613_06:00:00   1.4044e-01   4.0246e+01   1.5706e+01   0.0000e+00   0.0000e+00   2.9204e+02
20260613_09:00:00   1.3751e-01   3.9437e+01   1.5553e+01   0.0000e+00   0.0000e+00   2.9402e+02
20260613_12:00:00   1.3621e-01   3.9115e+01   1.5291e+01   0.0000e+00   0.0000e+00   2.9491e+02
