#            date       tau255        Tb[K]      pwv[mm] lwp[kg*m^-2] iwp[kg*m^-2]       o3[DU]
20260206_12:00:00   8.8083e-02   2.5258e+01   7.3923e+00   0.0000e+00   0.0000e+00   2.9494e+02
20260206_13:00:00   8.9824e-02   2.5707e+01   7.5968e+00   0.0000e+00   0.0000e+00   2.9314e+02
20260206_14:00:00   9.1946e-02   2.6236e+01   7.8770e+00   0.0000e+00   0.0000e+00   2.8982e+02
20260206_15:00:00   9.3528e-02   2.6645e+01   8.1001e+00   0.0000e+00   0.0000e+00   2.9134e+02
20260206_16:00:00   9.5035e-02   2.7038e+01   8.3197e+00   0.0000e+00   0.0000e+00   2.9155e+02
20260206_17:00:00   9.6111e-02   2.7318e+01   8.4729e+00   0.0000e+00   0.0000e+00   2.9108e+02
20260206_18:00:00   9.7586e-02   2.7721e+01   8.7077e+00   0.0000e+00   2.2980e-05   2.9069e+02
20260206_19:00:00   9.9212e-02   2.8136e+01   8.9955e+00   0.0000e+00   0.0000e+00   2.9152e+02
20260206_20:00:00   1.0154e-01   2.8702e+01   9.4285e+00   0.0000e+00   0.0000e+00   2.9139e+02
20260206_21:00:00   1.0425e-01   2.9375e+01   9.9246e+00   0.0000e+00   0.0000e+00   2.8959e+02
20260206_22:00:00   1.0673e-01   2.9968e+01   1.0319e+01   0.0000e+00   0.0000e+00   2.8947e+02
20260206_23:00:00   1.0782e-01   3.0215e+01   1.0493e+01   0.0000e+00   0.0000e+00   2.8836e+02
20260207_00:00:00   1.0768e-01   3.0162e+01   1.0479e+01   0.0000e+00   0.0000e+00   2.8604e+02
20260207_01:00:00   1.0722e-01   3.0043e+01   1.0401e+01   0.0000e+00   0.0000e+00   2.8552e+02
20260207_02:00:00   1.0637e-01   2.9834e+01   1.0249e+01   0.0000e+00   0.0000e+00   2.8544e+02
20260207_03:00:00   1.0478e-01   2.9454e+01   9.9361e+00   0.0000e+00   0.0000e+00   2.8494e+02
20260207_04:00:00   1.0387e-01   2.9251e+01   9.7797e+00   0.0000e+00   0.0000e+00   2.8298e+02
20260207_05:00:00   1.0406e-01   2.9330e+01   9.7975e+00   0.0000e+00   0.0000e+00   2.8016e+02
20260207_06:00:00   1.0541e-01   2.9671e+01   9.9827e+00   0.0000e+00   0.0000e+00   2.7907e+02
20260207_07:00:00   1.0772e-01   3.0225e+01   1.0310e+01   0.0000e+00   0.0000e+00   2.8028e+02
20260207_08:00:00   1.1027e-01   3.0830e+01   1.0683e+01   0.0000e+00   0.0000e+00   2.8036e+02
20260207_09:00:00   1.1197e-01   3.1250e+01   1.0958e+01   0.0000e+00   0.0000e+00   2.7978e+02
20260207_10:00:00   1.1385e-01   3.1699e+01   1.1267e+01   0.0000e+00   0.0000e+00   2.7925e+02
20260207_11:00:00   1.1662e-01   3.2349e+01   1.1727e+01   0.0000e+00   0.0000e+00   2.7954e+02
20260207_12:00:00   1.1918e-01   3.2952e+01   1.2066e+01   0.0000e+00   0.0000e+00   2.7945e+02
20260207_13:00:00   1.2018e-01   3.3201e+01   1.2179e+01   0.0000e+00   0.0000e+00   2.7863e+02
20260207_14:00:00   1.2110e-01   3.3426e+01   1.2332e+01   0.0000e+00   0.0000e+00   2.7658e+02
20260207_15:00:00   1.2201e-01   3.3655e+01   1.2469e+01   0.0000e+00   2.5600e-05   2.7556e+02
20260207_16:00:00   1.2401e-01   3.4126e+01   1.2787e+01   0.0000e+00   6.2100e-06   2.7605e+02
20260207_17:00:00   1.2481e-01   3.4334e+01   1.2869e+01   0.0000e+00   3.6588e-04   2.7608e+02
20260207_18:00:00   1.2734e-01   3.4920e+01   1.3209e+01   0.0000e+00   3.9632e-04   2.7601e+02
20260207_19:00:00   1.2718e-01   3.4861e+01   1.3279e+01   0.0000e+00   9.4535e-03   2.7919e+02
20260207_20:00:00   1.2880e-01   3.5202e+01   1.3467e+01   0.0000e+00   5.4618e-03   2.8121e+02
20260207_21:00:00   1.3092e-01   3.5640e+01   1.3792e+01   0.0000e+00   3.7323e-02   2.8164e+02
20260207_22:00:00   1.4026e-01   3.7784e+01   1.4444e+01   4.9425e-03   1.6584e-01   2.8307e+02
20260207_23:00:00   1.4655e-01   3.9262e+01   1.5576e+01   7.8220e-05   2.8045e-01   2.8018e+02
20260208_00:00:00   1.6406e-01   4.3342e+01   1.7455e+01   0.0000e+00   5.4232e-01   2.8040e+02
20260208_01:00:00   1.7318e-01   4.5490e+01   1.8481e+01   1.7652e-04   3.3182e-01   2.8068e+02
20260208_02:00:00   1.8082e-01   4.7239e+01   1.8616e+01   7.3396e-03   2.7520e-01   2.7954e+02
20260208_03:00:00   1.7505e-01   4.5952e+01   1.8592e+01   8.5524e-04   4.2174e-01   2.8050e+02
20260208_04:00:00   1.6713e-01   4.4183e+01   1.7897e+01   2.4520e-04   1.5751e-01   2.8147e+02
20260208_05:00:00   1.5849e-01   4.2193e+01   1.6839e+01   0.0000e+00   2.9474e-01   2.8384e+02
20260208_06:00:00   1.5868e-01   4.2247e+01   1.6770e+01   0.0000e+00   2.2092e-01   2.8439e+02
20260208_07:00:00   2.0300e-01   5.2182e+01   1.7062e+01   4.4583e-02   1.2966e-01   2.8565e+02
20260208_08:00:00   1.5955e-01   4.2438e+01   1.6592e+01   0.0000e+00   4.3121e-02   2.8549e+02
20260208_09:00:00   1.5795e-01   4.2058e+01   1.6338e+01   3.7300e-04   2.8766e-02   2.8785e+02
20260208_10:00:00   1.5088e-01   4.0452e+01   1.5513e+01   0.0000e+00   3.0397e-02   2.8754e+02
20260208_11:00:00   1.5318e-01   4.0953e+01   1.5693e+01   0.0000e+00   3.3494e-01   2.8995e+02
20260208_12:00:00   1.5903e-01   4.2270e+01   1.6407e+01   0.0000e+00   3.5794e-01   2.9070e+02
20260208_13:00:00   1.5394e-01   4.1159e+01   1.5583e+01   2.1560e-04   1.6907e-01   2.9113e+02
20260208_14:00:00   1.5482e-01   4.1370e+01   1.5643e+01   0.0000e+00   1.4377e-01   2.9203e+02
20260208_15:00:00   1.5023e-01   4.0361e+01   1.5015e+01   0.0000e+00   1.1081e-01   2.9385e+02
20260208_16:00:00   1.4563e-01   3.9356e+01   1.4307e+01   0.0000e+00   3.7822e-02   2.9774e+02
20260208_17:00:00   1.3923e-01   3.7944e+01   1.3391e+01   0.0000e+00   2.2267e-02   2.9894e+02
20260208_18:00:00   1.3975e-01   3.8098e+01   1.3459e+01   0.0000e+00   8.8509e-03   2.9874e+02
20260208_19:00:00   1.4091e-01   3.8415e+01   1.3552e+01   0.0000e+00   4.3085e-03   2.9739e+02
20260208_20:00:00   1.4888e-01   4.0299e+01   1.3969e+01   4.4220e-03   2.8099e-03   2.9574e+02
20260208_21:00:00   2.4280e-01   6.1090e+01   1.4146e+01   1.0920e-01   1.3006e-03   2.9520e+02
20260208_22:00:00   2.6629e-01   6.5955e+01   1.4244e+01   1.3599e-01   1.5937e-03   2.9645e+02
20260208_23:00:00   2.6102e-01   6.4787e+01   1.4458e+01   1.2871e-01   4.2240e-03   2.9606e+02
20260209_00:00:00   1.8845e-01   4.9297e+01   1.4249e+01   4.9142e-02   1.2338e-03   2.9861e+02
20260209_01:00:00   1.8130e-01   4.7671e+01   1.4522e+01   3.9620e-02   3.8182e-04   2.9808e+02
20260209_02:00:00   2.0209e-01   5.2273e+01   1.4910e+01   5.9840e-02   1.8235e-03   2.9784e+02
20260209_03:00:00   1.6305e-01   4.3476e+01   1.5018e+01   1.5566e-02   3.9376e-03   2.9486e+02
20260209_04:00:00   1.5197e-01   4.0874e+01   1.5416e+01   0.0000e+00   4.1399e-03   2.9398e+02
20260209_05:00:00   1.5036e-01   4.0504e+01   1.5230e+01   0.0000e+00   4.9018e-03   2.9442e+02
20260209_06:00:00   1.4995e-01   4.0395e+01   1.5293e+01   0.0000e+00   1.2420e-02   2.9392e+02
20260209_07:00:00   1.5845e-01   4.2344e+01   1.5989e+01   4.0800e-03   5.2095e-03   2.9364e+02
20260209_08:00:00   1.5618e-01   4.1795e+01   1.6299e+01   0.0000e+00   1.0657e-02   2.9292e+02
20260209_09:00:00   1.5669e-01   4.1887e+01   1.6340e+01   0.0000e+00   1.3695e-02   2.9497e+02
20260209_10:00:00   1.6095e-01   4.2840e+01   1.6843e+01   0.0000e+00   3.2839e-02   2.9662e+02
20260209_11:00:00   1.6455e-01   4.3657e+01   1.7207e+01   0.0000e+00   5.2345e-02   2.9555e+02
20260209_12:00:00   1.6344e-01   4.3431e+01   1.7014e+01   0.0000e+00   1.0507e-02   2.9338e+02
20260209_13:00:00   1.6316e-01   4.3374e+01   1.6904e+01   0.0000e+00   5.8175e-03   2.9431e+02
20260209_14:00:00   1.6270e-01   4.3277e+01   1.6772e+01   0.0000e+00   2.7122e-03   2.9678e+02
20260209_15:00:00   1.5864e-01   4.2374e+01   1.6168e+01   0.0000e+00   2.8038e-03   2.9716e+02
20260209_16:00:00   1.5532e-01   4.1636e+01   1.5744e+01   0.0000e+00   1.6880e-03   2.9752e+02
20260209_17:00:00   1.5102e-01   4.0683e+01   1.5138e+01   0.0000e+00   6.9884e-04   2.9763e+02
20260209_18:00:00   1.5187e-01   4.0914e+01   1.5246e+01   0.0000e+00   5.2536e-04   2.9870e+02
20260209_19:00:00   1.5150e-01   4.0842e+01   1.5239e+01   0.0000e+00   2.4300e-06   2.9769e+02
20260209_20:00:00   1.4873e-01   4.0240e+01   1.4678e+01   1.6768e-04   2.2340e-05   2.9836e+02
20260209_21:00:00   1.9402e-01   5.0344e+01   1.5568e+01   4.3914e-02   3.0019e-02   2.9944e+02
20260209_22:00:00   2.5926e-01   6.4279e+01   1.5850e+01   1.1346e-01   1.0825e-01   3.0174e+02
20260209_23:00:00   1.5856e-01   4.2464e+01   1.4793e+01   9.7921e-03   2.9881e-03   3.0232e+02
20260210_00:00:00   1.4447e-01   3.9191e+01   1.4405e+01   0.0000e+00   8.2040e-03   3.0203e+02
20260210_01:00:00   1.6218e-01   4.3131e+01   1.5949e+01   8.3520e-03   5.2716e-02   3.0200e+02
20260210_02:00:00   2.7179e-01   6.6656e+01   1.7526e+01   1.1343e-01   3.8288e-01   3.0218e+02
20260210_03:00:00   1.4483e-01   3.9141e+01   1.4286e+01   1.3508e-04   8.1079e-03   3.0379e+02
20260210_04:00:00   1.4274e-01   3.8622e+01   1.3955e+01   0.0000e+00   5.9191e-04   3.0617e+02
20260210_05:00:00   1.3340e-01   3.6445e+01   1.2733e+01   0.0000e+00   0.0000e+00   3.0860e+02
20260210_06:00:00   1.2882e-01   3.5352e+01   1.2054e+01   0.0000e+00   0.0000e+00   3.1448e+02
20260210_07:00:00   1.2401e-01   3.4231e+01   1.1361e+01   0.0000e+00   0.0000e+00   3.1813e+02
20260210_08:00:00   1.3059e-01   3.5733e+01   1.2266e+01   0.0000e+00   1.4728e-04   3.1863e+02
20260210_09:00:00   1.2432e-01   3.4215e+01   1.1611e+01   0.0000e+00   0.0000e+00   3.1418e+02
20260210_10:00:00   1.1771e-01   3.2643e+01   1.0707e+01   0.0000e+00   0.0000e+00   3.0965e+02
20260210_11:00:00   1.1705e-01   3.2495e+01   1.0597e+01   0.0000e+00   0.0000e+00   3.0540e+02
20260210_12:00:00   1.1529e-01   3.2142e+01   1.0252e+01   0.0000e+00   0.0000e+00   3.0409e+02
20260210_13:00:00   1.0995e-01   3.0899e+01   9.4422e+00   0.0000e+00   0.0000e+00   2.9971e+02
20260210_14:00:00   1.0762e-01   3.0344e+01   9.0932e+00   0.0000e+00   0.0000e+00   2.9588e+02
20260210_15:00:00   1.0944e-01   3.0803e+01   9.4444e+00   0.0000e+00   0.0000e+00   2.9431e+02
20260210_16:00:00   1.0795e-01   3.0464e+01   9.3017e+00   0.0000e+00   0.0000e+00   2.9291e+02
20260210_17:00:00   1.0642e-01   3.0112e+01   9.2110e+00   0.0000e+00   0.0000e+00   2.9255e+02
20260210_18:00:00   1.0671e-01   3.0198e+01   9.2915e+00   0.0000e+00   0.0000e+00   2.9175e+02
20260210_19:00:00   1.0841e-01   3.0631e+01   9.5905e+00   0.0000e+00   0.0000e+00   2.9060e+02
20260210_20:00:00   1.0872e-01   3.0729e+01   9.7166e+00   0.0000e+00   0.0000e+00   2.8907e+02
20260210_21:00:00   1.1144e-01   3.1387e+01   1.0194e+01   0.0000e+00   1.4244e-03   2.8885e+02
20260210_22:00:00   1.1233e-01   3.1597e+01   1.0397e+01   0.0000e+00   2.4300e-06   2.8849e+02
20260210_23:00:00   1.1063e-01   3.1181e+01   1.0213e+01   0.0000e+00   0.0000e+00   2.8855e+02
20260211_00:00:00   1.0261e-01   2.9209e+01   9.2485e+00   0.0000e+00   0.0000e+00   2.8806e+02
20260211_01:00:00   9.7939e-02   2.8025e+01   8.6515e+00   0.0000e+00   2.1220e-04   2.8789e+02
20260211_02:00:00   9.3362e-02   2.6862e+01   8.0695e+00   0.0000e+00   0.0000e+00   2.8800e+02
20260211_03:00:00   9.1197e-02   2.6310e+01   7.7689e+00   0.0000e+00   0.0000e+00   2.8731e+02
20260211_04:00:00   8.9940e-02   2.5989e+01   7.5891e+00   0.0000e+00   1.9594e-05   2.8716e+02
20260211_05:00:00   8.9042e-02   2.5754e+01   7.4808e+00   0.0000e+00   5.9295e-04   2.8581e+02
20260211_06:00:00   8.6824e-02   2.5184e+01   7.2185e+00   0.0000e+00   6.4580e-04   2.8584e+02
20260211_07:00:00   8.5251e-02   2.4771e+01   7.0522e+00   0.0000e+00   6.9700e-05   2.8611e+02
20260211_08:00:00   8.4480e-02   2.4577e+01   6.9476e+00   0.0000e+00   0.0000e+00   2.8462e+02
20260211_09:00:00   8.4296e-02   2.4537e+01   6.8889e+00   0.0000e+00   0.0000e+00   2.8351e+02
20260211_10:00:00   8.3628e-02   2.4375e+01   6.7877e+00   0.0000e+00   0.0000e+00   2.8327e+02
20260211_11:00:00   8.4328e-02   2.4556e+01   6.8600e+00   0.0000e+00   0.0000e+00   2.8215e+02
20260211_12:00:00   8.5323e-02   2.4820e+01   6.9483e+00   0.0000e+00   0.0000e+00   2.8064e+02
20260211_15:00:00   8.6659e-02   2.5199e+01   7.0130e+00   0.0000e+00   0.0000e+00   2.8163e+02
20260211_18:00:00   8.8116e-02   2.5657e+01   7.1629e+00   0.0000e+00   0.0000e+00   2.7997e+02
20260211_21:00:00   9.3178e-02   2.7032e+01   7.9152e+00   0.0000e+00   1.4108e-03   2.7672e+02
20260212_00:00:00   9.5729e-02   2.7656e+01   8.2624e+00   0.0000e+00   2.5863e-02   2.7657e+02
20260212_03:00:00   8.9484e-02   2.6012e+01   7.4783e+00   0.0000e+00   3.6149e-02   2.7409e+02
20260212_06:00:00   9.3302e-02   2.6904e+01   8.2756e+00   0.0000e+00   1.1089e-02   2.6982e+02
20260212_09:00:00   9.2888e-02   2.6786e+01   8.1962e+00   0.0000e+00   9.8182e-02   2.7130e+02
20260212_12:00:00   9.0957e-02   2.6259e+01   8.0134e+00   0.0000e+00   1.4226e-02   2.6999e+02
20260212_15:00:00   9.4652e-02   2.7190e+01   8.4838e+00   0.0000e+00   1.1619e-03   2.6659e+02
20260212_18:00:00   1.0018e-01   2.8571e+01   9.4477e+00   0.0000e+00   1.3184e-03   2.6769e+02
20260212_21:00:00   1.0540e-01   2.9893e+01   1.0345e+01   0.0000e+00   7.3300e-06   2.6792e+02
20260213_00:00:00   1.0679e-01   3.0235e+01   1.0478e+01   0.0000e+00   0.0000e+00   2.6565e+02
20260213_03:00:00   1.1276e-01   3.1520e+01   1.1579e+01   0.0000e+00   5.6167e-03   2.6538e+02
20260213_06:00:00   1.1532e-01   3.2185e+01   1.1959e+01   0.0000e+00   1.7200e-03   2.6774e+02
20260213_09:00:00   1.2309e-01   3.3967e+01   1.3134e+01   0.0000e+00   3.6562e-04   2.6515e+02
20260213_12:00:00   1.2430e-01   3.4337e+01   1.2807e+01   0.0000e+00   6.1860e-04   2.6489e+02
20260213_15:00:00   1.0911e-01   3.0713e+01   1.0234e+01   0.0000e+00   2.1960e-03   2.7188e+02
20260213_18:00:00   1.1537e-01   3.2196e+01   1.0890e+01   0.0000e+00   0.0000e+00   2.7438e+02
20260213_21:00:00   1.3649e-01   3.7039e+01   1.1969e+01   1.2492e-02   1.2627e-02   2.7176e+02
20260214_00:00:00   1.6387e-01   4.3442e+01   1.3757e+01   2.1277e-02   7.1820e-03   2.8122e+02
20260214_03:00:00   1.0502e-01   2.9620e+01   8.3597e+00   0.0000e+00   0.0000e+00   2.9847e+02
20260214_06:00:00   9.5830e-02   2.7321e+01   7.1013e+00   0.0000e+00   0.0000e+00   2.8789e+02
20260214_09:00:00   8.9805e-02   2.5828e+01   6.3931e+00   0.0000e+00   0.0000e+00   2.8512e+02
20260214_12:00:00   8.5797e-02   2.4796e+01   6.0654e+00   0.0000e+00   0.0000e+00   2.8718e+02
20260214_15:00:00   8.3823e-02   2.4315e+01   5.6879e+00   0.0000e+00   0.0000e+00   2.8058e+02
20260214_18:00:00   8.1281e-02   2.3721e+01   5.5206e+00   0.0000e+00   0.0000e+00   2.7976e+02
20260214_21:00:00   8.1862e-02   2.3901e+01   5.7146e+00   0.0000e+00   0.0000e+00   2.8180e+02
20260215_00:00:00   7.7662e-02   2.2850e+01   5.1722e+00   0.0000e+00   0.0000e+00   2.7924e+02
20260215_03:00:00   8.0531e-02   2.3549e+01   5.6907e+00   0.0000e+00   0.0000e+00   2.8541e+02
20260215_06:00:00   8.1994e-02   2.3916e+01   5.9859e+00   0.0000e+00   0.0000e+00   2.8086e+02
20260215_09:00:00   7.9787e-02   2.3370e+01   5.6741e+00   0.0000e+00   0.0000e+00   2.7571e+02
20260215_12:00:00   8.1501e-02   2.3819e+01   5.9600e+00   0.0000e+00   0.0000e+00   2.7345e+02
20260215_15:00:00   7.9100e-02   2.3238e+01   5.5416e+00   0.0000e+00   0.0000e+00   2.7645e+02
20260215_18:00:00   7.9871e-02   2.3493e+01   5.5924e+00   0.0000e+00   0.0000e+00   2.7619e+02
20260215_21:00:00   7.8439e-02   2.3158e+01   5.7019e+00   0.0000e+00   0.0000e+00   2.7370e+02
20260216_00:00:00   7.8463e-02   2.3150e+01   5.8653e+00   0.0000e+00   4.0572e-03   2.6970e+02
20260216_03:00:00   8.4465e-02   2.4600e+01   7.1545e+00   0.0000e+00   5.8131e-04   2.6724e+02
20260216_06:00:00   9.7633e-02   2.7648e+01   9.6875e+00   0.0000e+00   1.1015e-01   2.6440e+02
20260216_09:00:00   9.6454e-02   2.7369e+01   9.4988e+00   0.0000e+00   1.6415e-02   2.6183e+02
20260216_12:00:00   9.7389e-02   2.7413e+01   9.6324e+00   0.0000e+00   1.8977e-01   2.6298e+02
20260216_15:00:00   1.1473e-01   3.1676e+01   1.2044e+01   0.0000e+00   1.6505e-01   2.6421e+02
20260216_18:00:00   1.2282e-01   3.3755e+01   1.3167e+01   0.0000e+00   1.0333e-01   2.6604e+02
20260216_21:00:00   1.2384e-01   3.3949e+01   1.2781e+01   2.6024e-03   8.7913e-02   2.7081e+02
20260217_00:00:00   9.8583e-02   2.8056e+01   8.8035e+00   0.0000e+00   7.3483e-02   2.7278e+02
20260217_03:00:00   7.3180e-02   2.1617e+01   4.6509e+00   0.0000e+00   2.4506e-02   2.8101e+02
20260217_06:00:00   7.9380e-02   2.3164e+01   4.9771e+00   0.0000e+00   5.7774e-03   2.8280e+02
20260217_09:00:00   8.6911e-02   2.4954e+01   5.6790e+00   0.0000e+00   2.0700e-06   2.8905e+02
20260217_12:00:00   8.6727e-02   2.4812e+01   5.7038e+00   0.0000e+00   0.0000e+00   2.9978e+02
20260217_15:00:00   8.7646e-02   2.4975e+01   5.8682e+00   0.0000e+00   0.0000e+00   3.0473e+02
20260217_18:00:00   8.4882e-02   2.4271e+01   5.5264e+00   0.0000e+00   0.0000e+00   3.0304e+02
20260217_21:00:00   8.6937e-02   2.4807e+01   5.8932e+00   0.0000e+00   0.0000e+00   3.0867e+02
20260218_00:00:00   8.1766e-02   2.3488e+01   5.5635e+00   0.0000e+00   6.2100e-06   3.0822e+02
20260218_03:00:00   7.2580e-02   2.1247e+01   4.1782e+00   0.0000e+00   1.1825e-03   3.1414e+02
20260218_06:00:00   7.3379e-02   2.1403e+01   4.2397e+00   0.0000e+00   4.1948e-03   3.1281e+02
20260218_09:00:00   7.3474e-02   2.1397e+01   4.3703e+00   0.0000e+00   1.3395e-04   3.0977e+02
20260218_12:00:00   7.7729e-02   2.2461e+01   4.9894e+00   0.0000e+00   0.0000e+00   3.1556e+02
20260218_15:00:00   7.7889e-02   2.2430e+01   5.0817e+00   0.0000e+00   0.0000e+00   3.2221e+02
20260218_18:00:00   7.6455e-02   2.2071e+01   4.9116e+00   0.0000e+00   0.0000e+00   3.3473e+02
20260218_21:00:00   8.3627e-02   2.3799e+01   5.8768e+00   0.0000e+00   4.6764e-03   3.4061e+02
20260219_00:00:00   8.0672e-02   2.3105e+01   5.6427e+00   0.0000e+00   6.5510e-04   3.4320e+02
20260219_03:00:00   1.0047e-01   2.7844e+01   7.6101e+00   0.0000e+00   9.8061e-04   3.5687e+02
20260219_06:00:00   8.7097e-02   2.4461e+01   5.6539e+00   0.0000e+00   0.0000e+00   3.6494e+02
20260219_09:00:00   7.6131e-02   2.1751e+01   4.1028e+00   0.0000e+00   0.0000e+00   3.7493e+02
20260219_12:00:00   7.5194e-02   2.1449e+01   3.7552e+00   2.1940e-05   1.8475e-03   3.9498e+02
20260219_15:00:00   8.4164e-02   2.3603e+01   4.6128e+00   1.4296e-03   3.2236e-03   4.0237e+02
20260219_18:00:00   1.2138e-01   3.2568e+01   5.4283e+00   3.6352e-02   2.8374e-03   3.8864e+02
20260219_21:00:00   1.3098e-01   3.4895e+01   6.9789e+00   3.5996e-02   4.8753e-03   3.6915e+02
20260220_00:00:00   1.4279e-01   3.7753e+01   6.6212e+00   5.0013e-02   7.1448e-03   3.6268e+02
20260220_03:00:00   8.5339e-02   2.4178e+01   5.0373e+00   0.0000e+00   4.6350e-06   3.3548e+02
20260220_06:00:00   6.9772e-02   2.0398e+01   3.2399e+00   0.0000e+00   0.0000e+00   3.2435e+02
20260220_09:00:00   6.4942e-02   1.9209e+01   2.7203e+00   0.0000e+00   0.0000e+00   3.2133e+02
20260220_12:00:00   6.5268e-02   1.9296e+01   2.8546e+00   0.0000e+00   0.0000e+00   3.2456e+02
20260220_15:00:00   6.4399e-02   1.9100e+01   2.8054e+00   0.0000e+00   0.0000e+00   3.2542e+02
20260220_18:00:00   6.5214e-02   1.9346e+01   3.0305e+00   0.0000e+00   0.0000e+00   3.1976e+02
20260220_21:00:00   6.9144e-02   2.0391e+01   3.8416e+00   0.0000e+00   0.0000e+00   3.1332e+02
20260221_00:00:00   7.0619e-02   2.0784e+01   4.0586e+00   0.0000e+00   0.0000e+00   3.1080e+02
20260221_03:00:00   6.9604e-02   2.0536e+01   3.7615e+00   0.0000e+00   0.0000e+00   3.1058e+02
20260221_06:00:00   6.9775e-02   2.0567e+01   3.6879e+00   0.0000e+00   0.0000e+00   3.0964e+02
20260221_09:00:00   6.8923e-02   2.0344e+01   3.4610e+00   0.0000e+00   0.0000e+00   3.0634e+02
20260221_12:00:00   7.2218e-02   2.1122e+01   3.8153e+00   0.0000e+00   0.0000e+00   3.0649e+02
20260221_15:00:00   7.5892e-02   2.1948e+01   4.1451e+00   0.0000e+00   0.0000e+00   3.0695e+02
20260221_18:00:00   7.9047e-02   2.2747e+01   4.5365e+00   0.0000e+00   1.4624e-05   3.0214e+02
20260221_21:00:00   8.2094e-02   2.3564e+01   5.0177e+00   0.0000e+00   0.0000e+00   3.0083e+02
20260222_00:00:00   7.9901e-02   2.3058e+01   4.8254e+00   0.0000e+00   0.0000e+00   2.9802e+02
20260222_03:00:00   7.7659e-02   2.2499e+01   4.5203e+00   0.0000e+00   5.3494e-04   2.9812e+02
20260222_06:00:00   7.9183e-02   2.2875e+01   4.7999e+00   0.0000e+00   2.2240e-05   2.9784e+02
20260222_09:00:00   7.5268e-02   2.1921e+01   4.3792e+00   0.0000e+00   2.1138e-03   2.9614e+02
20260222_12:00:00   7.4215e-02   2.1651e+01   4.4396e+00   0.0000e+00   3.6197e-03   2.9950e+02
