#            date       tau255        Tb[K]      pwv[mm] lwp[kg*m^-2] iwp[kg*m^-2]       o3[DU]
20260205_12:00:00   6.1603e-02   1.8517e+01   2.3984e+00   0.0000e+00   0.0000e+00   3.1134e+02
20260205_13:00:00   6.0970e-02   1.8359e+01   2.3140e+00   0.0000e+00   7.3120e-06   3.1057e+02
20260205_14:00:00   5.9797e-02   1.8069e+01   2.1576e+00   0.0000e+00   0.0000e+00   3.0783e+02
20260205_15:00:00   5.8926e-02   1.7858e+01   2.0503e+00   0.0000e+00   0.0000e+00   3.0505e+02
20260205_16:00:00   5.8759e-02   1.7821e+01   2.0436e+00   0.0000e+00   0.0000e+00   3.0198e+02
20260205_17:00:00   5.9823e-02   1.8109e+01   2.2072e+00   0.0000e+00   4.8020e-05   2.9917e+02
20260205_18:00:00   6.0643e-02   1.8332e+01   2.3511e+00   0.0000e+00   1.5004e-04   2.9699e+02
20260205_19:00:00   6.0465e-02   1.8300e+01   2.3731e+00   0.0000e+00   1.8690e-04   2.9625e+02
20260205_20:00:00   6.0250e-02   1.8259e+01   2.4000e+00   0.0000e+00   2.8622e-04   2.9420e+02
20260205_21:00:00   5.9839e-02   1.8177e+01   2.3430e+00   0.0000e+00   1.4456e-04   2.9307e+02
20260205_22:00:00   5.9495e-02   1.8107e+01   2.2984e+00   0.0000e+00   6.0894e-04   2.9289e+02
20260205_23:00:00   5.9679e-02   1.8168e+01   2.3385e+00   0.0000e+00   1.6998e-03   2.9280e+02
20260206_00:00:00   5.9424e-02   1.8104e+01   2.3180e+00   0.0000e+00   2.9289e-03   2.9179e+02
20260206_01:00:00   5.8854e-02   1.7942e+01   2.2591e+00   0.0000e+00   2.9015e-03   2.9045e+02
20260206_02:00:00   5.9706e-02   1.8142e+01   2.4194e+00   0.0000e+00   2.0158e-03   2.9175e+02
20260206_03:00:00   6.0525e-02   1.8339e+01   2.5524e+00   0.0000e+00   1.8068e-03   2.9244e+02
20260206_04:00:00   6.0253e-02   1.8262e+01   2.5315e+00   0.0000e+00   2.6148e-03   2.9397e+02
20260206_05:00:00   6.0497e-02   1.8314e+01   2.6145e+00   0.0000e+00   7.4949e-04   2.9111e+02
20260206_06:00:00   6.2323e-02   1.8763e+01   3.0186e+00   0.0000e+00   3.2846e-06   2.8878e+02
20260206_07:00:00   6.8360e-02   2.0247e+01   4.2495e+00   0.0000e+00   0.0000e+00   2.8878e+02
20260206_08:00:00   8.0008e-02   2.3112e+01   6.3550e+00   0.0000e+00   0.0000e+00   2.8911e+02
20260206_09:00:00   9.0913e-02   2.5812e+01   8.0910e+00   0.0000e+00   2.9240e-06   2.8924e+02
20260206_10:00:00   9.8891e-02   2.7831e+01   9.2780e+00   0.0000e+00   8.1580e-06   2.8945e+02
20260206_11:00:00   1.0348e-01   2.9005e+01   9.8737e+00   0.0000e+00   9.7180e-07   2.8978e+02
20260206_12:00:00   1.0640e-01   2.9751e+01   1.0220e+01   0.0000e+00   0.0000e+00   2.8953e+02
20260206_13:00:00   1.0687e-01   2.9908e+01   1.0212e+01   0.0000e+00   0.0000e+00   2.8954e+02
20260206_14:00:00   1.0617e-01   2.9775e+01   1.0031e+01   0.0000e+00   0.0000e+00   2.8934e+02
20260206_15:00:00   1.0584e-01   2.9731e+01   9.9047e+00   0.0000e+00   0.0000e+00   2.8828e+02
20260206_16:00:00   1.0712e-01   3.0081e+01   1.0042e+01   0.0000e+00   0.0000e+00   2.8753e+02
20260206_17:00:00   1.0772e-01   3.0268e+01   1.0078e+01   0.0000e+00   0.0000e+00   2.8695e+02
20260206_18:00:00   1.0838e-01   3.0474e+01   1.0128e+01   0.0000e+00   0.0000e+00   2.8643e+02
20260206_19:00:00   1.0892e-01   3.0629e+01   1.0213e+01   0.0000e+00   0.0000e+00   2.8638e+02
20260206_20:00:00   1.1104e-01   3.1154e+01   1.0627e+01   0.0000e+00   0.0000e+00   2.8615e+02
20260206_21:00:00   1.1319e-01   3.1678e+01   1.1032e+01   0.0000e+00   0.0000e+00   2.8518e+02
20260206_22:00:00   1.1461e-01   3.2019e+01   1.1274e+01   0.0000e+00   0.0000e+00   2.8451e+02
20260206_23:00:00   1.1566e-01   3.2263e+01   1.1452e+01   0.0000e+00   0.0000e+00   2.8382e+02
20260207_00:00:00   1.1605e-01   3.2342e+01   1.1532e+01   0.0000e+00   0.0000e+00   2.8375e+02
20260207_01:00:00   1.1555e-01   3.2199e+01   1.1458e+01   0.0000e+00   0.0000e+00   2.8352e+02
20260207_02:00:00   1.1547e-01   3.2164e+01   1.1467e+01   0.0000e+00   0.0000e+00   2.8311e+02
20260207_03:00:00   1.1611e-01   3.2306e+01   1.1590e+01   0.0000e+00   0.0000e+00   2.8311e+02
20260207_04:00:00   1.1652e-01   3.2399e+01   1.1650e+01   0.0000e+00   0.0000e+00   2.8427e+02
20260207_05:00:00   1.1588e-01   3.2258e+01   1.1458e+01   0.0000e+00   0.0000e+00   2.8318e+02
20260207_06:00:00   1.1614e-01   3.2331e+01   1.1362e+01   0.0000e+00   9.1560e-05   2.8201e+02
20260207_07:00:00   1.1685e-01   3.2491e+01   1.1437e+01   0.0000e+00   1.8104e-04   2.8216e+02
20260207_08:00:00   1.1930e-01   3.3058e+01   1.1883e+01   0.0000e+00   1.7166e-05   2.8204e+02
20260207_09:00:00   1.2304e-01   3.3930e+01   1.2426e+01   0.0000e+00   0.0000e+00   2.8148e+02
20260207_10:00:00   1.2425e-01   3.4229e+01   1.2536e+01   0.0000e+00   0.0000e+00   2.8032e+02
20260207_11:00:00   1.2645e-01   3.4750e+01   1.2855e+01   0.0000e+00   0.0000e+00   2.7939e+02
20260207_12:00:00   1.3053e-01   3.5691e+01   1.3436e+01   0.0000e+00   5.7507e-04   2.7883e+02
20260207_13:00:00   1.3106e-01   3.5844e+01   1.3503e+01   0.0000e+00   9.2640e-06   2.7892e+02
20260207_14:00:00   1.3396e-01   3.6495e+01   1.3877e+01   0.0000e+00   1.1384e-03   2.7821e+02
20260207_15:00:00   1.3516e-01   3.6767e+01   1.4056e+01   0.0000e+00   1.5623e-03   2.7801e+02
20260207_16:00:00   1.3450e-01   3.6641e+01   1.3992e+01   0.0000e+00   8.3825e-05   2.7890e+02
20260207_17:00:00   1.3684e-01   3.7180e+01   1.4291e+01   0.0000e+00   5.8895e-03   2.8051e+02
20260207_18:00:00   1.3934e-01   3.7764e+01   1.4608e+01   9.4420e-05   4.2524e-03   2.8222e+02
20260207_19:00:00   1.4217e-01   3.8392e+01   1.4974e+01   4.0268e-04   3.4224e-02   2.8270e+02
20260207_20:00:00   1.5069e-01   4.0315e+01   1.5325e+01   8.0242e-03   5.8316e-02   2.8345e+02
20260207_21:00:00   1.5862e-01   4.2074e+01   1.5155e+01   1.8172e-02   1.5993e-01   2.8417e+02
20260207_22:00:00   1.4345e-01   3.8633e+01   1.5228e+01   0.0000e+00   2.4717e-01   2.8363e+02
20260207_23:00:00   1.4489e-01   3.8956e+01   1.5340e+01   1.2874e-05   3.4600e-01   2.8297e+02
20260208_00:00:00   1.4486e-01   3.8966e+01   1.5428e+01   0.0000e+00   2.0165e-01   2.8331e+02
20260208_01:00:00   1.4641e-01   3.9369e+01   1.5558e+01   0.0000e+00   1.8428e-01   2.8508e+02
20260208_02:00:00   1.5243e-01   4.0776e+01   1.6209e+01   0.0000e+00   3.3544e-01   2.8482e+02
20260208_03:00:00   1.5511e-01   4.1380e+01   1.6520e+01   0.0000e+00   2.2652e-01   2.8401e+02
20260208_04:00:00   1.5314e-01   4.0895e+01   1.6264e+01   0.0000e+00   2.8819e-01   2.8656e+02
20260208_05:00:00   1.4816e-01   3.9743e+01   1.5624e+01   0.0000e+00   3.3661e-01   2.8761e+02
20260208_06:00:00   1.4232e-01   3.8425e+01   1.4927e+01   0.0000e+00   2.6715e-01   2.8761e+02
20260208_07:00:00   1.4703e-01   3.9505e+01   1.5408e+01   0.0000e+00   3.5638e-01   2.8681e+02
20260208_08:00:00   1.4998e-01   4.0175e+01   1.5712e+01   0.0000e+00   4.5371e-01   2.8589e+02
20260208_09:00:00   1.5395e-01   4.1079e+01   1.6125e+01   0.0000e+00   3.8942e-01   2.8682e+02
20260208_10:00:00   1.6030e-01   4.2550e+01   1.6744e+01   0.0000e+00   3.4740e-01   2.8726e+02
20260208_11:00:00   1.5820e-01   4.2061e+01   1.6598e+01   0.0000e+00   3.5114e-01   2.8819e+02
20260208_12:00:00   1.5302e-01   4.0892e+01   1.6015e+01   0.0000e+00   2.2814e-01   2.9061e+02
20260208_13:00:00   1.5234e-01   4.0731e+01   1.5699e+01   2.0839e-03   1.7407e-01   2.9154e+02
20260208_14:00:00   1.4880e-01   3.9920e+01   1.5548e+01   0.0000e+00   1.1509e-01   2.9276e+02
20260208_15:00:00   1.6742e-01   4.4110e+01   1.6288e+01   1.3898e-02   1.7663e-01   2.9208e+02
20260208_16:00:00   1.6031e-01   4.2528e+01   1.6841e+01   0.0000e+00   2.4345e-01   2.9226e+02
20260208_17:00:00   1.6253e-01   4.3049e+01   1.7060e+01   0.0000e+00   3.5317e-01   2.9238e+02
20260208_18:00:00   1.6590e-01   4.3836e+01   1.7488e+01   0.0000e+00   3.0626e-01   2.9374e+02
20260208_19:00:00   1.6640e-01   4.4015e+01   1.7442e+01   4.7080e-04   1.4735e-01   2.9453e+02
20260208_20:00:00   1.6414e-01   4.3564e+01   1.6994e+01   1.2188e-03   1.5019e-01   2.9380e+02
20260208_21:00:00   1.5749e-01   4.2104e+01   1.6214e+01   3.1100e-04   9.6265e-02   2.9508e+02
20260208_22:00:00   1.5341e-01   4.1204e+01   1.5690e+01   0.0000e+00   1.0347e-01   2.9452e+02
20260208_23:00:00   1.4989e-01   4.0427e+01   1.5201e+01   0.0000e+00   2.0480e-02   2.9704e+02
20260209_00:00:00   1.4582e-01   3.9506e+01   1.4644e+01   0.0000e+00   6.3362e-03   2.9862e+02
20260209_01:00:00   1.4665e-01   3.9691e+01   1.4756e+01   0.0000e+00   4.0124e-03   2.9697e+02
20260209_02:00:00   1.4693e-01   3.9771e+01   1.4693e+01   0.0000e+00   3.7233e-03   2.9745e+02
20260209_03:00:00   1.5035e-01   4.0542e+01   1.5180e+01   0.0000e+00   1.2105e-02   2.9858e+02
20260209_04:00:00   1.5372e-01   4.1308e+01   1.5642e+01   0.0000e+00   1.0169e-02   2.9911e+02
20260209_05:00:00   1.5749e-01   4.2142e+01   1.6210e+01   0.0000e+00   9.3063e-03   2.9956e+02
20260209_06:00:00   1.5994e-01   4.2705e+01   1.6412e+01   0.0000e+00   2.3920e-02   2.9933e+02
20260209_07:00:00   1.6218e-01   4.3217e+01   1.6677e+01   0.0000e+00   7.9276e-03   2.9834e+02
20260209_08:00:00   1.6270e-01   4.3361e+01   1.6778e+01   0.0000e+00   3.4092e-02   2.9943e+02
20260209_09:00:00   1.6783e-01   4.4493e+01   1.7559e+01   0.0000e+00   2.4308e-02   2.9878e+02
20260209_10:00:00   1.7165e-01   4.5309e+01   1.8085e+01   0.0000e+00   1.2207e-01   2.9728e+02
20260209_11:00:00   1.7392e-01   4.5841e+01   1.8347e+01   0.0000e+00   1.1274e-01   2.9531e+02
20260209_12:00:00   1.7559e-01   4.6242e+01   1.8422e+01   0.0000e+00   1.8442e-01   2.9485e+02
20260209_13:00:00   1.7518e-01   4.6169e+01   1.8437e+01   0.0000e+00   1.0086e-01   2.9458e+02
20260209_14:00:00   1.7309e-01   4.5679e+01   1.8308e+01   7.3120e-06   1.8003e-01   2.9400e+02
20260209_15:00:00   1.6872e-01   4.4690e+01   1.7891e+01   0.0000e+00   1.1514e-01   2.9421e+02
20260209_16:00:00   1.7384e-01   4.5857e+01   1.8371e+01   6.7820e-05   1.4376e-01   2.9575e+02
20260209_17:00:00   1.8853e-01   4.9107e+01   1.9349e+01   4.1677e-03   3.5900e-01   2.9626e+02
20260209_18:00:00   2.5630e-01   6.3707e+01   1.9221e+01   8.2035e-02   3.3122e-01   2.9639e+02
20260209_19:00:00   2.9339e-01   7.1453e+01   1.8718e+01   1.2990e-01   1.2407e-01   2.9689e+02
20260209_20:00:00   3.7751e-01   8.7455e+01   1.8043e+01   2.2998e-01   3.0433e-02   2.9631e+02
20260209_21:00:00   6.1558e-01   1.2653e+02   1.9137e+01   4.8926e-01   2.1440e-01   2.9559e+02
20260209_22:00:00   5.4332e-01   1.1609e+02   1.9650e+01   4.0407e-01   1.8558e-01   2.9570e+02
20260209_23:00:00   5.3277e-01   1.1399e+02   2.0025e+01   3.8580e-01   6.4960e-01   2.9543e+02
20260210_00:00:00   4.2325e-01   9.5782e+01   1.9682e+01   2.6561e-01   6.9532e-01   2.9552e+02
20260210_01:00:00   2.1587e-01   5.4973e+01   1.8423e+01   4.2467e-02   1.6764e-01   2.9494e+02
20260210_02:00:00   2.2860e-01   5.7573e+01   1.8108e+01   5.9554e-02   1.6068e-01   2.9613e+02
20260210_03:00:00   1.6699e-01   4.4135e+01   1.7229e+01   1.9252e-03   1.0705e-01   2.9509e+02
20260210_04:00:00   1.6174e-01   4.2963e+01   1.6740e+01   0.0000e+00   1.0324e-01   2.9717e+02
20260210_05:00:00   1.6561e-01   4.3811e+01   1.6968e+01   0.0000e+00   2.0256e-01   2.9591e+02
20260210_06:00:00   1.5285e-01   4.0983e+01   1.5233e+01   0.0000e+00   2.3579e-02   2.9484e+02
20260210_07:00:00   1.3599e-01   3.7090e+01   1.3136e+01   0.0000e+00   5.2656e-03   2.9436e+02
20260210_08:00:00   1.2900e-01   3.5417e+01   1.2236e+01   0.0000e+00   2.0700e-06   2.9459e+02
20260210_09:00:00   1.3005e-01   3.5628e+01   1.2335e+01   0.0000e+00   0.0000e+00   2.9513e+02
20260210_10:00:00   1.2903e-01   3.5367e+01   1.2216e+01   0.0000e+00   1.3604e-05   2.9620e+02
20260210_11:00:00   1.2633e-01   3.4738e+01   1.1900e+01   0.0000e+00   0.0000e+00   2.9968e+02
20260210_12:00:00   1.1948e-01   3.3114e+01   1.1091e+01   0.0000e+00   0.0000e+00   3.0198e+02
20260210_15:00:00   1.1402e-01   3.1777e+01   1.0327e+01   0.0000e+00   0.0000e+00   3.1167e+02
20260210_18:00:00   1.0518e-01   2.9747e+01   9.0922e+00   0.0000e+00   0.0000e+00   2.9645e+02
20260210_21:00:00   1.0224e-01   2.9127e+01   8.8329e+00   0.0000e+00   0.0000e+00   2.9124e+02
20260211_00:00:00   8.9005e-02   2.5834e+01   7.1136e+00   0.0000e+00   0.0000e+00   2.8714e+02
20260211_03:00:00   8.1861e-02   2.3976e+01   6.3735e+00   0.0000e+00   0.0000e+00   2.8154e+02
20260211_06:00:00   8.6412e-02   2.5152e+01   6.9951e+00   0.0000e+00   0.0000e+00   2.7880e+02
20260211_09:00:00   8.4857e-02   2.4757e+01   6.8316e+00   0.0000e+00   0.0000e+00   2.7703e+02
20260211_12:00:00   8.5694e-02   2.4957e+01   6.9154e+00   0.0000e+00   7.6200e-04   2.7772e+02
20260211_15:00:00   8.3526e-02   2.4426e+01   6.5610e+00   0.0000e+00   1.9982e-04   2.7639e+02
20260211_18:00:00   8.6216e-02   2.5142e+01   6.9478e+00   0.0000e+00   0.0000e+00   2.7321e+02
20260211_21:00:00   9.5103e-02   2.7436e+01   8.1690e+00   0.0000e+00   0.0000e+00   2.6895e+02
20260212_00:00:00   9.4225e-02   2.7270e+01   7.9241e+00   0.0000e+00   9.1540e-05   2.6785e+02
20260212_03:00:00   8.8817e-02   2.5870e+01   7.0075e+00   0.0000e+00   1.1149e-04   2.7046e+02
20260212_06:00:00   8.5397e-02   2.4899e+01   6.8041e+00   0.0000e+00   9.1882e-04   2.6733e+02
20260212_09:00:00   8.9662e-02   2.5989e+01   7.3297e+00   0.0000e+00   0.0000e+00   2.6729e+02
20260212_12:00:00   8.7391e-02   2.5434e+01   6.7409e+00   0.0000e+00   0.0000e+00   2.6583e+02
20260212_15:00:00   9.0626e-02   2.6259e+01   7.1067e+00   0.0000e+00   0.0000e+00   2.6572e+02
20260212_18:00:00   1.0014e-01   2.8696e+01   8.5884e+00   0.0000e+00   0.0000e+00   2.6614e+02
20260212_21:00:00   1.1277e-01   3.1833e+01   1.0493e+01   0.0000e+00   0.0000e+00   2.6236e+02
20260213_00:00:00   1.1124e-01   3.1551e+01   1.0194e+01   0.0000e+00   0.0000e+00   2.5898e+02
20260213_03:00:00   1.0829e-01   3.0826e+01   9.5705e+00   0.0000e+00   0.0000e+00   2.5785e+02
20260213_06:00:00   9.9245e-02   2.8554e+01   8.5073e+00   0.0000e+00   0.0000e+00   2.5689e+02
20260213_09:00:00   1.0959e-01   3.1080e+01   1.0021e+01   0.0000e+00   0.0000e+00   2.5661e+02
20260213_12:00:00   9.8803e-02   2.8445e+01   8.3288e+00   0.0000e+00   7.1838e-04   2.5731e+02
20260213_15:00:00   1.0084e-01   2.8920e+01   8.6102e+00   0.0000e+00   2.0700e-06   2.5369e+02
20260213_18:00:00   9.7673e-02   2.8160e+01   8.1128e+00   0.0000e+00   1.7904e-03   2.6079e+02
20260213_21:00:00   8.9521e-02   2.6022e+01   7.5362e+00   0.0000e+00   0.0000e+00   2.6655e+02
20260214_00:00:00   1.1339e-01   3.1591e+01   1.1270e+01   0.0000e+00   7.7931e-02   2.7505e+02
20260214_03:00:00   1.5219e-01   4.1010e+01   1.4793e+01   4.4640e-04   8.7657e-05   2.7098e+02
20260214_06:00:00   1.0752e-01   3.0287e+01   8.9271e+00   0.0000e+00   0.0000e+00   2.7257e+02
20260214_09:00:00   9.3970e-02   2.6911e+01   7.2390e+00   0.0000e+00   0.0000e+00   2.7261e+02
20260214_12:00:00   9.5615e-02   2.7298e+01   7.4128e+00   0.0000e+00   0.0000e+00   2.8039e+02
20260214_15:00:00   8.6556e-02   2.5123e+01   6.4023e+00   0.0000e+00   0.0000e+00   2.8537e+02
20260214_18:00:00   8.1195e-02   2.3845e+01   5.8989e+00   0.0000e+00   0.0000e+00   2.8091e+02
20260214_21:00:00   8.6335e-02   2.5203e+01   6.6575e+00   0.0000e+00   0.0000e+00   2.8015e+02
20260215_00:00:00   8.4549e-02   2.4779e+01   6.4678e+00   0.0000e+00   0.0000e+00   2.8016e+02
20260215_03:00:00   8.1987e-02   2.4146e+01   6.1370e+00   0.0000e+00   0.0000e+00   2.7018e+02
20260215_06:00:00   8.7068e-02   2.5469e+01   6.8011e+00   0.0000e+00   0.0000e+00   2.6837e+02
20260215_09:00:00   8.5149e-02   2.4973e+01   6.6845e+00   0.0000e+00   0.0000e+00   2.6495e+02
20260215_12:00:00   8.3989e-02   2.4649e+01   6.4913e+00   0.0000e+00   0.0000e+00   2.6603e+02
20260215_15:00:00   8.3442e-02   2.4479e+01   6.1658e+00   0.0000e+00   0.0000e+00   2.6690e+02
20260215_18:00:00   8.2972e-02   2.4381e+01   5.9323e+00   0.0000e+00   0.0000e+00   2.6962e+02
20260215_21:00:00   8.8698e-02   2.5801e+01   6.9776e+00   0.0000e+00   0.0000e+00   2.7116e+02
20260216_00:00:00   9.3806e-02   2.7068e+01   7.8307e+00   0.0000e+00   0.0000e+00   2.7455e+02
20260216_03:00:00   8.6401e-02   2.5156e+01   6.9325e+00   0.0000e+00   0.0000e+00   2.7741e+02
20260216_06:00:00   7.9208e-02   2.3265e+01   5.8249e+00   0.0000e+00   4.0092e-04   2.7745e+02
20260216_09:00:00   7.3489e-02   2.1740e+01   4.9129e+00   0.0000e+00   2.1460e-05   2.7785e+02
20260216_12:00:00   7.4697e-02   2.1988e+01   5.1276e+00   0.0000e+00   1.7592e-05   2.7669e+02
20260216_15:00:00   7.5021e-02   2.2098e+01   4.8692e+00   0.0000e+00   4.0420e-05   2.7851e+02
20260216_18:00:00   8.0133e-02   2.3348e+01   5.8657e+00   0.0000e+00   2.1060e-05   2.8090e+02
20260216_21:00:00   8.7972e-02   2.5274e+01   6.9087e+00   0.0000e+00   0.0000e+00   2.7699e+02
20260217_00:00:00   9.4492e-02   2.6859e+01   7.5995e+00   0.0000e+00   1.4624e-05   2.8564e+02
20260217_03:00:00   6.9829e-02   2.0629e+01   3.7034e+00   0.0000e+00   7.3120e-06   2.9611e+02
20260217_06:00:00   6.5365e-02   1.9448e+01   2.9626e+00   0.0000e+00   5.8340e-04   3.0091e+02
20260217_09:00:00   6.4879e-02   1.9311e+01   2.7295e+00   0.0000e+00   1.3422e-03   3.0602e+02
20260217_12:00:00   6.1566e-02   1.8475e+01   2.3651e+00   0.0000e+00   0.0000e+00   3.1601e+02
20260217_15:00:00   5.8764e-02   1.7795e+01   2.1498e+00   0.0000e+00   0.0000e+00   3.1955e+02
20260217_18:00:00   5.9167e-02   1.7939e+01   2.3636e+00   0.0000e+00   0.0000e+00   3.2769e+02
20260217_21:00:00   6.1832e-02   1.8677e+01   2.9514e+00   0.0000e+00   0.0000e+00   3.2631e+02
20260218_00:00:00   6.4006e-02   1.9266e+01   3.4177e+00   0.0000e+00   0.0000e+00   3.3180e+02
20260218_03:00:00   6.4281e-02   1.9335e+01   3.5007e+00   0.0000e+00   0.0000e+00   3.3979e+02
20260218_06:00:00   6.6484e-02   1.9889e+01   3.9263e+00   0.0000e+00   0.0000e+00   3.4000e+02
20260218_09:00:00   6.6457e-02   1.9892e+01   3.9455e+00   0.0000e+00   0.0000e+00   3.3413e+02
20260218_12:00:00   6.7534e-02   2.0123e+01   4.1605e+00   0.0000e+00   0.0000e+00   3.3519e+02
20260218_15:00:00   7.0617e-02   2.0877e+01   4.6440e+00   0.0000e+00   0.0000e+00   3.3475e+02
20260218_18:00:00   6.8781e-02   2.0444e+01   4.1908e+00   0.0000e+00   0.0000e+00   3.3234e+02
20260218_21:00:00   8.6969e-02   2.5006e+01   6.6332e+00   0.0000e+00   0.0000e+00   3.2481e+02
20260219_00:00:00   1.1087e-01   3.0709e+01   8.5805e+00   4.7359e-03   2.4263e-04   3.2703e+02
20260219_03:00:00   9.2378e-02   2.6061e+01   6.4842e+00   0.0000e+00   4.3591e-04   3.2673e+02
20260219_06:00:00   7.1933e-02   2.0847e+01   3.8327e+00   0.0000e+00   5.6080e-05   3.3020e+02
20260219_09:00:00   6.5696e-02   1.9253e+01   2.7869e+00   0.0000e+00   0.0000e+00   3.3204e+02
20260219_12:00:00   5.8726e-02   1.7500e+01   1.6733e+00   0.0000e+00   0.0000e+00   3.3178e+02
20260219_15:00:00   6.2468e-02   1.8416e+01   2.2184e+00   0.0000e+00   0.0000e+00   3.3159e+02
20260219_18:00:00   6.9401e-02   2.0150e+01   3.1931e+00   0.0000e+00   0.0000e+00   3.3767e+02
20260219_21:00:00   7.1669e-02   2.0725e+01   3.6363e+00   0.0000e+00   0.0000e+00   3.3337e+02
20260220_00:00:00   7.3407e-02   2.1181e+01   3.8889e+00   0.0000e+00   0.0000e+00   3.3560e+02
20260220_03:00:00   7.2909e-02   2.1078e+01   3.7890e+00   0.0000e+00   0.0000e+00   3.3075e+02
20260220_06:00:00   7.0711e-02   2.0575e+01   3.4371e+00   0.0000e+00   0.0000e+00   3.2580e+02
20260220_09:00:00   6.8735e-02   2.0120e+01   3.1122e+00   0.0000e+00   0.0000e+00   3.2039e+02
20260220_12:00:00   6.6220e-02   1.9516e+01   2.7307e+00   0.0000e+00   0.0000e+00   3.1462e+02
20260220_15:00:00   6.2663e-02   1.8645e+01   2.2710e+00   0.0000e+00   0.0000e+00   3.0800e+02
20260220_18:00:00   6.2427e-02   1.8634e+01   2.3950e+00   0.0000e+00   5.0268e-04   3.0062e+02
20260220_21:00:00   6.2189e-02   1.8626e+01   2.5552e+00   0.0000e+00   2.1786e-04   2.8755e+02
20260221_00:00:00   6.2214e-02   1.8680e+01   2.6564e+00   0.0000e+00   2.4300e-06   2.7903e+02
20260221_03:00:00   6.2291e-02   1.8706e+01   2.7811e+00   0.0000e+00   2.1809e-03   2.7705e+02
20260221_06:00:00   6.1177e-02   1.8414e+01   2.6584e+00   0.0000e+00   2.1329e-03   2.7641e+02
20260221_09:00:00   6.1195e-02   1.8357e+01   2.8661e+00   0.0000e+00   5.8121e-03   2.7532e+02
20260221_12:00:00   6.3323e-02   1.8849e+01   3.3991e+00   0.0000e+00   1.1034e-02   2.7585e+02
