#            date       tau255        Tb[K]      pwv[mm] lwp[kg*m^-2] iwp[kg*m^-2]       o3[DU]
20260323_00:00:00   7.4205e-02   2.2298e+01   5.8968e+00   0.0000e+00   0.0000e+00   2.9542e+02
20260323_01:00:00   7.5557e-02   2.2630e+01   6.1373e+00   0.0000e+00   0.0000e+00   2.9426e+02
20260323_02:00:00   7.6799e-02   2.2934e+01   6.3605e+00   0.0000e+00   1.9311e-04   2.9230e+02
20260323_03:00:00   7.7170e-02   2.3035e+01   6.4157e+00   0.0000e+00   9.3337e-04   2.9030e+02
20260323_04:00:00   7.6162e-02   2.2798e+01   6.1697e+00   0.0000e+00   1.5362e-03   2.9046e+02
20260323_05:00:00   7.6667e-02   2.2930e+01   6.1714e+00   0.0000e+00   1.8428e-03   2.9038e+02
20260323_06:00:00   7.7698e-02   2.3192e+01   6.2933e+00   0.0000e+00   2.5285e-03   2.9112e+02
20260323_07:00:00   8.2540e-02   2.4439e+01   6.9476e+00   0.0000e+00   7.2410e-03   2.9172e+02
20260323_08:00:00   8.6984e-02   2.5571e+01   7.4718e+00   0.0000e+00   1.0016e-02   2.9357e+02
20260323_09:00:00   9.0910e-02   2.6548e+01   7.9412e+00   0.0000e+00   1.3577e-02   2.9536e+02
20260323_10:00:00   9.4128e-02   2.7330e+01   8.3391e+00   0.0000e+00   8.7200e-03   2.9406e+02
20260323_11:00:00   9.7760e-02   2.8217e+01   8.7316e+00   0.0000e+00   7.3660e-03   2.9201e+02
20260323_12:00:00   1.0042e-01   2.8861e+01   9.0136e+00   0.0000e+00   7.4130e-03   2.9013e+02
20260323_13:00:00   1.0034e-01   2.8828e+01   8.9765e+00   0.0000e+00   3.5683e-03   2.8938e+02
20260323_14:00:00   9.9672e-02   2.8646e+01   8.9937e+00   0.0000e+00   4.7956e-03   2.8957e+02
20260323_15:00:00   9.9400e-02   2.8564e+01   9.0848e+00   0.0000e+00   7.1874e-03   2.9084e+02
20260323_16:00:00   9.9107e-02   2.8503e+01   8.9983e+00   0.0000e+00   5.6702e-03   2.9185e+02
20260323_17:00:00   9.9487e-02   2.8627e+01   8.9722e+00   0.0000e+00   8.7679e-04   2.9378e+02
20260323_18:00:00   1.0040e-01   2.8894e+01   9.1189e+00   0.0000e+00   9.6636e-05   2.9435e+02
20260323_19:00:00   1.0023e-01   2.8891e+01   9.1717e+00   0.0000e+00   7.1870e-05   2.9286e+02
20260323_20:00:00   1.0479e-01   3.0059e+01   9.8937e+00   0.0000e+00   9.5412e-04   2.9408e+02
20260323_21:00:00   1.0718e-01   3.0675e+01   1.0370e+01   0.0000e+00   7.6113e-03   2.9447e+02
20260323_22:00:00   1.0848e-01   3.1056e+01   1.0588e+01   0.0000e+00   6.6880e-04   2.9459e+02
20260323_23:00:00   1.0869e-01   3.1136e+01   1.0694e+01   0.0000e+00   0.0000e+00   2.9130e+02
20260324_00:00:00   1.0890e-01   3.1207e+01   1.0717e+01   0.0000e+00   0.0000e+00   2.8955e+02
20260324_01:00:00   1.0942e-01   3.1336e+01   1.0703e+01   0.0000e+00   0.0000e+00   2.9084e+02
20260324_02:00:00   1.0869e-01   3.1134e+01   1.0529e+01   0.0000e+00   0.0000e+00   2.8923e+02
20260324_03:00:00   1.0620e-01   3.0505e+01   1.0150e+01   0.0000e+00   4.2920e-06   2.8940e+02
20260324_04:00:00   1.0342e-01   2.9810e+01   9.7261e+00   0.0000e+00   7.6860e-04   2.8929e+02
20260324_05:00:00   9.9348e-02   2.8763e+01   9.1927e+00   0.0000e+00   4.2699e-03   2.8872e+02
20260324_06:00:00   9.8096e-02   2.8408e+01   9.1515e+00   0.0000e+00   9.8460e-03   2.8889e+02
20260324_07:00:00   9.8012e-02   2.8353e+01   9.2868e+00   0.0000e+00   2.0476e-03   2.8881e+02
20260324_08:00:00   9.8025e-02   2.8343e+01   9.3002e+00   0.0000e+00   7.7657e-04   2.8821e+02
20260324_09:00:00   1.0043e-01   2.8979e+01   9.4989e+00   0.0000e+00   1.3419e-04   2.8642e+02
20260324_10:00:00   9.7302e-02   2.8222e+01   8.9658e+00   0.0000e+00   5.1422e-04   2.8603e+02
20260324_11:00:00   9.6529e-02   2.8023e+01   8.8941e+00   0.0000e+00   6.3080e-04   2.8765e+02
20260324_12:00:00   9.6993e-02   2.8114e+01   9.0696e+00   0.0000e+00   7.6020e-04   2.8788e+02
20260324_13:00:00   9.4198e-02   2.7378e+01   8.7760e+00   0.0000e+00   2.4208e-03   2.8821e+02
20260324_14:00:00   9.3189e-02   2.7100e+01   8.7133e+00   0.0000e+00   1.3811e-04   2.8891e+02
20260324_15:00:00   9.4128e-02   2.7327e+01   8.9310e+00   0.0000e+00   0.0000e+00   2.8894e+02
20260324_16:00:00   9.4533e-02   2.7447e+01   8.9950e+00   0.0000e+00   0.0000e+00   2.8833e+02
20260324_17:00:00   9.3621e-02   2.7253e+01   8.8609e+00   0.0000e+00   0.0000e+00   2.8885e+02
20260324_18:00:00   9.4497e-02   2.7493e+01   9.0417e+00   0.0000e+00   0.0000e+00   2.8929e+02
20260324_19:00:00   9.6118e-02   2.7894e+01   9.4066e+00   0.0000e+00   3.1540e-04   2.8701e+02
20260324_20:00:00   9.5494e-02   2.7746e+01   9.3558e+00   0.0000e+00   6.0680e-04   2.8547e+02
20260324_21:00:00   9.3233e-02   2.7171e+01   9.0895e+00   0.0000e+00   2.1543e-03   2.8407e+02
20260324_22:00:00   9.0037e-02   2.6367e+01   8.6230e+00   0.0000e+00   0.0000e+00   2.8352e+02
20260324_23:00:00   8.8795e-02   2.6034e+01   8.4920e+00   0.0000e+00   0.0000e+00   2.8238e+02
20260325_00:00:00   8.9741e-02   2.6252e+01   8.7173e+00   0.0000e+00   7.7240e-05   2.8139e+02
20260325_01:00:00   8.9487e-02   2.6176e+01   8.7097e+00   0.0000e+00   2.3120e-04   2.7995e+02
20260325_02:00:00   8.8115e-02   2.5816e+01   8.4802e+00   0.0000e+00   1.2146e-06   2.7885e+02
20260325_03:00:00   8.5953e-02   2.5239e+01   8.1242e+00   0.0000e+00   3.4833e-04   2.7780e+02
20260325_04:00:00   8.3056e-02   2.4470e+01   7.6355e+00   0.0000e+00   1.3027e-03   2.7715e+02
20260325_05:00:00   8.0990e-02   2.3916e+01   7.3091e+00   0.0000e+00   1.2643e-03   2.7667e+02
20260325_06:00:00   7.9299e-02   2.3460e+01   7.0738e+00   0.0000e+00   8.5820e-06   2.7712e+02
20260325_07:00:00   7.8391e-02   2.3201e+01   6.9168e+00   0.0000e+00   5.7237e-05   2.7775e+02
20260325_08:00:00   8.0996e-02   2.3851e+01   7.3790e+00   0.0000e+00   6.3160e-05   2.7881e+02
20260325_09:00:00   8.4265e-02   2.4672e+01   7.9579e+00   0.0000e+00   6.3330e-04   2.7942e+02
20260325_10:00:00   8.6128e-02   2.5153e+01   8.2612e+00   0.0000e+00   2.1739e-04   2.7946e+02
20260325_11:00:00   8.6942e-02   2.5389e+01   8.3619e+00   0.0000e+00   0.0000e+00   2.7938e+02
20260325_12:00:00   8.8078e-02   2.5690e+01   8.5212e+00   0.0000e+00   0.0000e+00   2.7907e+02
20260325_13:00:00   8.9455e-02   2.6058e+01   8.7306e+00   0.0000e+00   0.0000e+00   2.7897e+02
20260325_14:00:00   9.0766e-02   2.6413e+01   8.9118e+00   0.0000e+00   0.0000e+00   2.7947e+02
20260325_15:00:00   9.1978e-02   2.6751e+01   9.0816e+00   0.0000e+00   0.0000e+00   2.8035e+02
20260325_16:00:00   9.2001e-02   2.6790e+01   9.0324e+00   0.0000e+00   0.0000e+00   2.8102e+02
20260325_17:00:00   9.1531e-02   2.6701e+01   8.9210e+00   0.0000e+00   0.0000e+00   2.8142e+02
20260325_18:00:00   9.1093e-02   2.6626e+01   8.8547e+00   0.0000e+00   0.0000e+00   2.8070e+02
20260325_19:00:00   9.0379e-02   2.6479e+01   8.7635e+00   0.0000e+00   0.0000e+00   2.8065e+02
20260325_20:00:00   8.9280e-02   2.6235e+01   8.6125e+00   0.0000e+00   0.0000e+00   2.8060e+02
20260325_21:00:00   8.8521e-02   2.6065e+01   8.5010e+00   0.0000e+00   0.0000e+00   2.7984e+02
20260325_22:00:00   8.7711e-02   2.5881e+01   8.3660e+00   0.0000e+00   0.0000e+00   2.7963e+02
20260325_23:00:00   8.7182e-02   2.5771e+01   8.2637e+00   0.0000e+00   0.0000e+00   2.7987e+02
20260326_00:00:00   8.6995e-02   2.5742e+01   8.1849e+00   0.0000e+00   0.0000e+00   2.8014e+02
20260326_01:00:00   8.7055e-02   2.5781e+01   8.1053e+00   0.0000e+00   0.0000e+00   2.8035e+02
20260326_02:00:00   8.7123e-02   2.5836e+01   7.9861e+00   0.0000e+00   0.0000e+00   2.8030e+02
20260326_03:00:00   9.1001e-02   2.6867e+01   8.4606e+00   0.0000e+00   0.0000e+00   2.8061e+02
20260326_04:00:00   9.3406e-02   2.7499e+01   8.7938e+00   0.0000e+00   0.0000e+00   2.8073e+02
20260326_05:00:00   9.1636e-02   2.7016e+01   8.5817e+00   0.0000e+00   0.0000e+00   2.8085e+02
20260326_06:00:00   9.0400e-02   2.6668e+01   8.4321e+00   0.0000e+00   0.0000e+00   2.8027e+02
20260326_07:00:00   9.1268e-02   2.6875e+01   8.5545e+00   0.0000e+00   0.0000e+00   2.8020e+02
20260326_08:00:00   9.4556e-02   2.7731e+01   8.9773e+00   0.0000e+00   0.0000e+00   2.8020e+02
20260326_09:00:00   9.5062e-02   2.7860e+01   9.0476e+00   0.0000e+00   0.0000e+00   2.8038e+02
20260326_10:00:00   9.5081e-02   2.7860e+01   9.0264e+00   0.0000e+00   0.0000e+00   2.7992e+02
20260326_11:00:00   9.5135e-02   2.7870e+01   8.9992e+00   0.0000e+00   0.0000e+00   2.8057e+02
20260326_12:00:00   9.4561e-02   2.7717e+01   8.8871e+00   0.0000e+00   0.0000e+00   2.8142e+02
20260326_13:00:00   9.2564e-02   2.7193e+01   8.5917e+00   0.0000e+00   0.0000e+00   2.8151e+02
20260326_14:00:00   9.0219e-02   2.6598e+01   8.2405e+00   0.0000e+00   0.0000e+00   2.8239e+02
20260326_15:00:00   8.8386e-02   2.6141e+01   7.9656e+00   0.0000e+00   0.0000e+00   2.8298e+02
20260326_16:00:00   8.9811e-02   2.6538e+01   8.1384e+00   0.0000e+00   0.0000e+00   2.8350e+02
20260326_17:00:00   8.8612e-02   2.6240e+01   7.9808e+00   0.0000e+00   0.0000e+00   2.8385e+02
20260326_18:00:00   8.9755e-02   2.6534e+01   8.2173e+00   0.0000e+00   0.0000e+00   2.8418e+02
20260326_19:00:00   9.0565e-02   2.6737e+01   8.4211e+00   0.0000e+00   0.0000e+00   2.8438e+02
20260326_20:00:00   9.2039e-02   2.7110e+01   8.7472e+00   0.0000e+00   0.0000e+00   2.8350e+02
20260326_21:00:00   9.3870e-02   2.7560e+01   9.1265e+00   0.0000e+00   0.0000e+00   2.8293e+02
20260326_22:00:00   9.4399e-02   2.7695e+01   9.2814e+00   0.0000e+00   0.0000e+00   2.8142e+02
20260326_23:00:00   9.5081e-02   2.7857e+01   9.4297e+00   0.0000e+00   0.0000e+00   2.8186e+02
20260327_00:00:00   9.5285e-02   2.7905e+01   9.4612e+00   0.0000e+00   0.0000e+00   2.8297e+02
20260327_01:00:00   9.3817e-02   2.7502e+01   9.2082e+00   0.0000e+00   0.0000e+00   2.8327e+02
20260327_02:00:00   8.9908e-02   2.6493e+01   8.4896e+00   0.0000e+00   0.0000e+00   2.8349e+02
20260327_03:00:00   8.9220e-02   2.6335e+01   8.3145e+00   0.0000e+00   0.0000e+00   2.8357e+02
20260327_04:00:00   8.8254e-02   2.6137e+01   8.0541e+00   0.0000e+00   0.0000e+00   2.8315e+02
20260327_05:00:00   8.8747e-02   2.6251e+01   8.1085e+00   0.0000e+00   0.0000e+00   2.8381e+02
20260327_06:00:00   8.7548e-02   2.5942e+01   7.8702e+00   0.0000e+00   0.0000e+00   2.8349e+02
20260327_07:00:00   8.4692e-02   2.5177e+01   7.4138e+00   0.0000e+00   0.0000e+00   2.8434e+02
20260327_08:00:00   8.4208e-02   2.5010e+01   7.3567e+00   0.0000e+00   0.0000e+00   2.8430e+02
20260327_09:00:00   8.3486e-02   2.4801e+01   7.2418e+00   0.0000e+00   0.0000e+00   2.8335e+02
20260327_10:00:00   8.2181e-02   2.4456e+01   7.0188e+00   0.0000e+00   0.0000e+00   2.8245e+02
20260327_11:00:00   8.2441e-02   2.4516e+01   6.9876e+00   0.0000e+00   0.0000e+00   2.8284e+02
20260327_12:00:00   8.0349e-02   2.3921e+01   6.6149e+00   0.0000e+00   0.0000e+00   2.8380e+02
20260327_13:00:00   7.9972e-02   2.3752e+01   6.5066e+00   0.0000e+00   0.0000e+00   2.8366e+02
20260327_14:00:00   9.4633e-02   2.7513e+01   8.3728e+00   0.0000e+00   0.0000e+00   2.8402e+02
20260327_15:00:00   1.0924e-01   3.1155e+01   9.9586e+00   0.0000e+00   0.0000e+00   2.8459e+02
20260327_16:00:00   1.2225e-01   3.4352e+01   1.0876e+01   4.5921e-03   0.0000e+00   2.8521e+02
20260327_17:00:00   1.2716e-01   3.5537e+01   1.1317e+01   5.6871e-03   0.0000e+00   2.8543e+02
20260327_18:00:00   1.2901e-01   3.5962e+01   1.1554e+01   5.8320e-03   0.0000e+00   2.8583e+02
20260327_19:00:00   1.2896e-01   3.5922e+01   1.1759e+01   4.0680e-03   0.0000e+00   2.8538e+02
20260327_20:00:00   1.3210e-01   3.6665e+01   1.2424e+01   5.5480e-04   0.0000e+00   2.8515e+02
20260327_21:00:00   1.3310e-01   3.6920e+01   1.2625e+01   0.0000e+00   0.0000e+00   2.8577e+02
20260327_22:00:00   1.3247e-01   3.6751e+01   1.2605e+01   0.0000e+00   0.0000e+00   2.8588e+02
20260327_23:00:00   1.3128e-01   3.6410e+01   1.2436e+01   0.0000e+00   0.0000e+00   2.8587e+02
20260328_00:00:00   1.2878e-01   3.5733e+01   1.2105e+01   2.3075e-05   0.0000e+00   2.8532e+02
20260328_03:00:00   1.2739e-01   3.5200e+01   1.1788e+01   3.4000e-05   0.0000e+00   2.8519e+02
20260328_06:00:00   1.9153e-01   5.0116e+01   1.3172e+01   5.7562e-02   3.0550e-05   2.8617e+02
20260328_09:00:00   1.7740e-01   4.6824e+01   1.5595e+01   1.7328e-02   2.2110e-06   2.8572e+02
20260328_12:00:00   3.0472e-01   7.4359e+01   1.6180e+01   1.5716e-01   0.0000e+00   2.8826e+02
20260328_15:00:00   3.9915e-01   9.2667e+01   1.6504e+01   2.6245e-01   0.0000e+00   2.8790e+02
20260328_18:00:00   2.0918e-01   5.4125e+01   1.6215e+01   4.4486e-02   0.0000e+00   2.8264e+02
20260328_21:00:00   1.5697e-01   4.2357e+01   1.4912e+01   6.0080e-05   0.0000e+00   2.8341e+02
20260329_00:00:00   1.4188e-01   3.8940e+01   1.2968e+01   0.0000e+00   5.0147e-05   2.8454e+02
20260329_03:00:00   1.2623e-01   3.5106e+01   1.1233e+01   0.0000e+00   6.5141e-03   2.8273e+02
20260329_06:00:00   1.3264e-01   3.6630e+01   1.2190e+01   0.0000e+00   1.1602e-03   2.8316e+02
20260329_09:00:00   1.3471e-01   3.7134e+01   1.2571e+01   0.0000e+00   1.7118e-03   2.7860e+02
20260329_12:00:00   1.3439e-01   3.7030e+01   1.2297e+01   0.0000e+00   8.1531e-03   2.7994e+02
20260329_15:00:00   1.4436e-01   3.9466e+01   1.3614e+01   0.0000e+00   7.2924e-03   2.7894e+02
20260329_18:00:00   1.6022e-01   4.3304e+01   1.5938e+01   0.0000e+00   6.3550e-03   2.8233e+02
20260329_21:00:00   1.7946e-01   4.7801e+01   1.7215e+01   1.4550e-02   7.1233e-04   2.8211e+02
20260330_00:00:00   2.1275e-01   5.5166e+01   1.7480e+01   5.3822e-02   3.7461e-03   2.8186e+02
20260330_03:00:00   1.7225e-01   4.6121e+01   1.8307e+01   2.0180e-03   9.1796e-03   2.8540e+02
20260330_06:00:00   2.1457e-01   5.5467e+01   2.2443e+01   1.3408e-02   1.2972e-01   2.8316e+02
20260330_09:00:00   2.2096e-01   5.6757e+01   2.4174e+01   2.9998e-03   6.7802e-02   2.8191e+02
20260330_12:00:00   2.2549e-01   5.7673e+01   2.4675e+01   1.0092e-03   9.9322e-02   2.8448e+02
20260330_15:00:00   2.3174e-01   5.8971e+01   2.4190e+01   1.2747e-02   2.1565e-01   2.8342e+02
20260330_18:00:00   1.9312e-01   5.0377e+01   2.1220e+01   5.0758e-03   3.0005e-01   2.8817e+02
20260330_21:00:00   4.8092e-01   1.0593e+02   2.2065e+01   3.2196e-01   9.6448e-02   2.8693e+02
20260331_00:00:00   6.3594e-01   1.2990e+02   2.2460e+01   4.9142e-01   2.9175e-01   2.8607e+02
20260331_03:00:00   2.3101e-01   5.8694e+01   2.3616e+01   1.5704e-02   5.1688e-01   2.8896e+02
20260331_06:00:00   5.4221e-01   1.1619e+02   2.3455e+01   3.6936e-01   2.2035e-01   2.8901e+02
20260331_09:00:00   1.9089e-01   4.9742e+01   2.0647e+01   0.0000e+00   3.0432e-01   2.9103e+02
20260331_12:00:00   1.7152e-01   4.5318e+01   1.8318e+01   0.0000e+00   4.7642e-01   2.9254e+02
20260331_15:00:00   1.4468e-01   3.9345e+01   1.4658e+01   0.0000e+00   1.0185e-02   3.0067e+02
20260331_18:00:00   1.2776e-01   3.5492e+01   1.2128e+01   0.0000e+00   5.8166e-03   3.0864e+02
20260331_21:00:00   1.3667e-01   3.7487e+01   1.3195e+01   5.4860e-03   2.2659e-03   3.1238e+02
20260401_00:00:00   1.2216e-01   3.4052e+01   1.2332e+01   0.0000e+00   1.1756e-03   3.1697e+02
20260401_03:00:00   1.2200e-01   3.3843e+01   1.2200e+01   1.9744e-04   8.5569e-02   3.2141e+02
20260401_06:00:00   1.1719e-01   3.2643e+01   1.1301e+01   0.0000e+00   4.7692e-03   3.2297e+02
20260401_09:00:00   8.9496e-02   2.5839e+01   7.2230e+00   0.0000e+00   0.0000e+00   3.2312e+02
20260401_12:00:00   8.1790e-02   2.3894e+01   6.0514e+00   0.0000e+00   0.0000e+00   3.2321e+02
20260401_15:00:00   7.7610e-02   2.2855e+01   5.3782e+00   0.0000e+00   0.0000e+00   3.2215e+02
20260401_18:00:00   7.9253e-02   2.3301e+01   5.8453e+00   0.0000e+00   1.1304e-03   3.1671e+02
20260401_21:00:00   7.8387e-02   2.3144e+01   5.9093e+00   0.0000e+00   5.7160e-05   3.1107e+02
20260402_00:00:00   7.5890e-02   2.2495e+01   5.6572e+00   0.0000e+00   0.0000e+00   3.0581e+02
20260402_03:00:00   7.4483e-02   2.2086e+01   5.4697e+00   0.0000e+00   2.3620e-04   3.0648e+02
20260402_06:00:00   7.8566e-02   2.3087e+01   6.1879e+00   0.0000e+00   6.4210e-04   3.1075e+02
20260402_09:00:00   8.1867e-02   2.3862e+01   6.8831e+00   0.0000e+00   3.3396e-02   3.0942e+02
20260402_12:00:00   9.0434e-02   2.5984e+01   8.3036e+00   0.0000e+00   2.6983e-03   3.0343e+02
20260402_15:00:00   9.4236e-02   2.6933e+01   8.8743e+00   0.0000e+00   3.3359e-02   3.0010e+02
20260402_18:00:00   1.0144e-01   2.8689e+01   1.0151e+01   0.0000e+00   1.1158e-01   2.9922e+02
20260402_21:00:00   1.0281e-01   2.9140e+01   1.0438e+01   0.0000e+00   1.0753e-01   2.9882e+02
20260403_00:00:00   1.0196e-01   2.8857e+01   1.0365e+01   0.0000e+00   1.7885e-01   2.9667e+02
20260403_03:00:00   1.0349e-01   2.9147e+01   1.0696e+01   0.0000e+00   4.2226e-02   2.9428e+02
20260403_06:00:00   9.9533e-02   2.8057e+01   1.0111e+01   0.0000e+00   2.6544e-02   2.9120e+02
20260403_09:00:00   1.1153e-01   3.0887e+01   1.1651e+01   0.0000e+00   2.6353e-01   2.9202e+02
20260403_12:00:00   1.3412e-01   3.6374e+01   1.4705e+01   0.0000e+00   7.9182e-02   2.8936e+02
20260403_15:00:00   1.4402e-01   3.8699e+01   1.5882e+01   0.0000e+00   1.2975e-01   2.9193e+02
20260403_18:00:00   1.3181e-01   3.5789e+01   1.4318e+01   1.7994e-04   1.8470e-01   2.9673e+02
20260403_21:00:00   1.2549e-01   3.4338e+01   1.3490e+01   5.8480e-04   1.2465e-01   2.9483e+02
20260404_00:00:00   1.0389e-01   2.9368e+01   1.0116e+01   0.0000e+00   1.0142e-02   2.9525e+02
20260404_03:00:00   9.8997e-02   2.8134e+01   9.4946e+00   0.0000e+00   3.2377e-02   2.9549e+02
20260404_06:00:00   1.1603e-01   3.2100e+01   1.2090e+01   0.0000e+00   2.2179e-01   2.9553e+02
20260404_09:00:00   1.2000e-01   3.3108e+01   1.2309e+01   0.0000e+00   2.3469e-02   2.9709e+02
20260404_12:00:00   1.3489e-01   3.6487e+01   1.3972e+01   7.2260e-04   2.6760e-01   3.0704e+02
20260404_15:00:00   1.3540e-01   3.6647e+01   1.3520e+01   4.1508e-04   1.2584e-01   3.1231e+02
20260404_18:00:00   1.1372e-01   3.1805e+01   1.0210e+01   0.0000e+00   4.5700e-06   3.1068e+02
20260404_21:00:00   1.0629e-01   3.0055e+01   9.5989e+00   0.0000e+00   0.0000e+00   3.0055e+02
20260405_00:00:00   1.0781e-01   3.0367e+01   1.0226e+01   0.0000e+00   1.3694e-03   3.0060e+02
20260405_03:00:00   1.1225e-01   3.1371e+01   1.1057e+01   0.0000e+00   5.8874e-03   2.9551e+02
20260405_06:00:00   1.1076e-01   3.0905e+01   1.0918e+01   0.0000e+00   5.4413e-04   2.9192e+02
20260405_09:00:00   1.0644e-01   2.9796e+01   1.0309e+01   0.0000e+00   2.5021e-03   2.8977e+02
20260405_12:00:00   1.0580e-01   2.9530e+01   1.0223e+01   0.0000e+00   1.8812e-03   2.9271e+02
20260405_15:00:00   9.2969e-02   2.6328e+01   8.2595e+00   0.0000e+00   3.1924e-02   2.9296e+02
20260405_18:00:00   8.8178e-02   2.5275e+01   7.5204e+00   0.0000e+00   0.0000e+00   2.9337e+02
20260405_21:00:00   8.8149e-02   2.5336e+01   7.6377e+00   0.0000e+00   5.6160e-05   2.8623e+02
20260406_00:00:00   8.9714e-02   2.5737e+01   7.8859e+00   0.0000e+00   3.2360e-04   2.8451e+02
20260406_03:00:00   9.0316e-02   2.5890e+01   7.8795e+00   0.0000e+00   1.3841e-03   2.8604e+02
20260406_06:00:00   9.3653e-02   2.6637e+01   8.4029e+00   0.0000e+00   3.3668e-03   2.8084e+02
20260406_09:00:00   1.0496e-01   2.9498e+01   9.9279e+00   0.0000e+00   1.8663e-02   2.8360e+02
20260406_12:00:00   1.1316e-01   3.1582e+01   1.0905e+01   0.0000e+00   5.0660e-03   2.7941e+02
20260406_15:00:00   1.2840e-01   3.5367e+01   1.2625e+01   0.0000e+00   2.9231e-03   2.8168e+02
20260406_18:00:00   1.5556e-01   4.1867e+01   1.6254e+01   0.0000e+00   3.8685e-02   2.8280e+02
20260406_21:00:00   1.5845e-01   4.2672e+01   1.6542e+01   0.0000e+00   4.9758e-02   2.8279e+02
20260407_00:00:00   1.5831e-01   4.2424e+01   1.7073e+01   0.0000e+00   2.0886e-01   2.8006e+02
20260407_03:00:00   1.6847e-01   4.4682e+01   1.8389e+01   2.6700e-05   4.9744e-02   2.7825e+02
20260407_06:00:00   1.8632e-01   4.8829e+01   2.0524e+01   0.0000e+00   3.6864e-01   2.7954e+02
20260407_09:00:00   1.8133e-01   4.7826e+01   1.9590e+01   0.0000e+00   3.6497e-01   2.8112e+02
20260407_12:00:00   1.9353e-01   5.0697e+01   1.8964e+01   1.4270e-02   2.0908e-01   2.8715e+02
20260407_15:00:00   2.0428e-01   5.3185e+01   1.8743e+01   2.5637e-02   6.0164e-02   2.9054e+02
20260407_18:00:00   2.2529e-01   5.7962e+01   1.7614e+01   5.8002e-02   2.8189e-02   2.9130e+02
20260407_21:00:00   1.6556e-01   4.4475e+01   1.6436e+01   0.0000e+00   3.8289e-05   2.9271e+02
20260408_00:00:00   1.6685e-01   4.4676e+01   1.7499e+01   0.0000e+00   9.0792e-02   3.0067e+02
