#            date       tau255        Tb[K]      pwv[mm] lwp[kg*m^-2] iwp[kg*m^-2]       o3[DU]
20260605_18:00:00   1.9397e-01   5.1384e+01   2.0508e+01   1.0506e-02   1.9008e-02   3.4416e+02
20260605_19:00:00   3.4509e-01   8.2278e+01   2.1378e+01   1.7386e-01   7.0842e-02   3.4894e+02
20260605_20:00:00   4.1639e-01   9.5239e+01   2.0750e+01   2.6013e-01   5.8747e-02   3.5359e+02
20260605_21:00:00   2.0804e-01   5.4470e+01   1.8504e+01   4.3628e-02   4.5738e-04   3.5603e+02
20260605_22:00:00   2.8646e-01   7.0732e+01   1.9150e+01   1.2514e-01   9.6580e-03   3.5836e+02
20260605_23:00:00   2.3042e-01   5.9275e+01   1.9071e+01   6.1900e-02   2.5645e-02   3.6189e+02
20260606_00:00:00   1.5810e-01   4.3445e+01   1.6682e+01   1.2584e-03   6.1742e-05   3.6371e+02
20260606_01:00:00   1.7036e-01   4.6021e+01   1.7123e+01   1.5434e-02   6.8018e-03   3.6353e+02
20260606_02:00:00   2.2281e-01   5.7505e+01   1.9577e+01   5.3003e-02   1.0978e-01   3.5827e+02
20260606_03:00:00   1.8578e-01   4.9587e+01   2.0668e+01   7.9820e-04   3.2646e-03   3.5711e+02
20260606_04:00:00   1.6480e-01   4.4742e+01   1.8418e+01   0.0000e+00   9.4717e-04   3.5861e+02
20260606_05:00:00   1.5758e-01   4.3001e+01   1.7476e+01   0.0000e+00   2.1206e-03   3.5511e+02
20260606_06:00:00   1.5903e-01   4.3349e+01   1.7467e+01   0.0000e+00   6.9041e-04   3.5680e+02
20260606_07:00:00   1.7000e-01   4.5880e+01   1.8043e+01   6.3660e-03   7.3959e-03   3.5527e+02
20260606_08:00:00   1.6783e-01   4.5398e+01   1.8575e+01   0.0000e+00   1.2818e-05   3.4956e+02
20260606_09:00:00   1.7083e-01   4.6075e+01   1.9025e+01   0.0000e+00   1.8720e-04   3.3978e+02
20260606_10:00:00   1.6764e-01   4.5360e+01   1.8644e+01   0.0000e+00   0.0000e+00   3.3369e+02
20260606_11:00:00   1.6796e-01   4.5455e+01   1.8433e+01   1.1586e-03   5.4940e-05   3.3368e+02
20260606_12:00:00   1.6274e-01   4.4306e+01   1.7818e+01   0.0000e+00   0.0000e+00   3.3293e+02
20260606_13:00:00   1.7052e-01   4.6096e+01   1.8864e+01   0.0000e+00   0.0000e+00   3.3420e+02
20260606_14:00:00   1.8331e-01   4.8962e+01   2.0716e+01   0.0000e+00   2.6940e-05   3.3363e+02
20260606_15:00:00   1.9354e-01   5.1271e+01   2.1472e+01   5.4100e-03   8.7640e-05   3.3143e+02
20260606_16:00:00   1.9485e-01   5.1600e+01   2.1789e+01   4.5540e-03   2.9842e-04   3.2926e+02
20260606_17:00:00   1.8575e-01   4.9620e+01   2.1299e+01   2.2500e-04   4.1400e-06   3.2694e+02
20260606_18:00:00   1.9221e-01   5.1136e+01   2.1152e+01   9.4300e-03   2.5400e-05   3.2661e+02
20260606_19:00:00   2.3443e-01   6.0416e+01   2.1629e+01   5.3685e-02   2.5943e-04   3.2338e+02
20260606_20:00:00   2.2271e-01   5.7827e+01   2.1595e+01   4.2655e-02   5.4800e-04   3.2314e+02
20260606_21:00:00   2.1266e-01   5.5588e+01   2.1602e+01   3.2805e-02   6.6340e-04   3.2516e+02
20260606_22:00:00   2.3662e-01   6.0732e+01   2.1792e+01   5.9143e-02   5.2321e-03   3.2763e+02
20260606_23:00:00   1.8597e-01   4.9866e+01   2.1869e+01   1.4956e-03   8.7220e-04   3.3024e+02
20260607_00:00:00   1.9181e-01   5.1194e+01   2.1648e+01   1.0266e-02   2.4924e-04   3.3189e+02
20260607_01:00:00   1.7543e-01   4.7556e+01   2.0706e+01   0.0000e+00   0.0000e+00   3.3306e+02
20260607_02:00:00   1.7401e-01   4.7272e+01   2.0429e+01   0.0000e+00   0.0000e+00   3.3294e+02
20260607_03:00:00   1.7123e-01   4.6650e+01   1.9965e+01   0.0000e+00   0.0000e+00   3.3262e+02
20260607_04:00:00   1.6113e-01   4.4343e+01   1.8512e+01   0.0000e+00   0.0000e+00   3.3261e+02
20260607_05:00:00   1.5022e-01   4.1793e+01   1.6941e+01   0.0000e+00   0.0000e+00   3.3307e+02
20260607_06:00:00   1.4214e-01   3.9837e+01   1.5819e+01   0.0000e+00   0.0000e+00   3.3389e+02
20260607_07:00:00   1.3599e-01   3.8288e+01   1.5136e+01   0.0000e+00   0.0000e+00   3.3461e+02
20260607_08:00:00   1.3605e-01   3.8258e+01   1.5226e+01   0.0000e+00   0.0000e+00   3.3171e+02
20260607_09:00:00   1.3179e-01   3.7190e+01   1.4701e+01   0.0000e+00   0.0000e+00   3.2826e+02
20260607_10:00:00   1.2909e-01   3.6480e+01   1.4426e+01   0.0000e+00   0.0000e+00   3.2846e+02
20260607_11:00:00   1.3075e-01   3.6857e+01   1.4667e+01   0.0000e+00   0.0000e+00   3.2691e+02
20260607_12:00:00   1.3672e-01   3.8310e+01   1.5398e+01   0.0000e+00   0.0000e+00   3.2759e+02
20260607_13:00:00   1.3310e-01   3.7482e+01   1.4775e+01   0.0000e+00   0.0000e+00   3.2719e+02
20260607_14:00:00   1.2736e-01   3.6107e+01   1.3939e+01   0.0000e+00   0.0000e+00   3.2934e+02
20260607_15:00:00   1.2711e-01   3.6078e+01   1.3898e+01   0.0000e+00   0.0000e+00   3.2964e+02
20260607_16:00:00   1.3173e-01   3.7218e+01   1.4610e+01   0.0000e+00   0.0000e+00   3.2891e+02
20260607_17:00:00   1.3664e-01   3.8418e+01   1.5351e+01   0.0000e+00   0.0000e+00   3.2870e+02
20260607_18:00:00   1.3881e-01   3.8946e+01   1.5725e+01   0.0000e+00   0.0000e+00   3.2705e+02
20260607_19:00:00   1.4238e-01   3.9789e+01   1.6320e+01   0.0000e+00   0.0000e+00   3.2331e+02
20260607_20:00:00   1.6634e-01   4.5192e+01   1.7481e+01   1.9666e-02   2.8099e-03   3.2224e+02
20260607_21:00:00   2.1952e-01   5.6734e+01   1.8555e+01   7.1126e-02   1.7440e-01   3.2317e+02
20260607_22:00:00   1.9233e-01   5.1080e+01   1.9931e+01   2.9384e-02   1.0719e-01   3.2490e+02
20260607_23:00:00   1.7313e-01   4.6978e+01   2.0119e+01   6.5519e-03   8.3016e-02   3.2162e+02
20260608_00:00:00   1.6380e-01   4.4872e+01   1.9701e+01   1.3894e-04   3.3108e-02   3.1790e+02
20260608_01:00:00   1.5373e-01   4.2589e+01   1.8289e+01   0.0000e+00   6.3146e-04   3.1586e+02
20260608_02:00:00   1.5118e-01   4.1979e+01   1.7937e+01   1.3246e-04   1.0096e-02   3.1411e+02
20260608_03:00:00   1.5368e-01   4.2702e+01   1.8089e+01   0.0000e+00   1.8110e-03   3.1138e+02
20260608_04:00:00   1.5174e-01   4.2362e+01   1.7563e+01   0.0000e+00   8.5790e-04   3.1184e+02
20260608_05:00:00   1.4803e-01   4.1437e+01   1.7111e+01   0.0000e+00   0.0000e+00   3.1292e+02
20260608_06:00:00   1.4591e-01   4.0873e+01   1.6906e+01   0.0000e+00   0.0000e+00   3.1326e+02
20260608_07:00:00   1.5153e-01   4.2261e+01   1.7486e+01   0.0000e+00   0.0000e+00   3.1231e+02
20260608_08:00:00   1.5056e-01   4.2072e+01   1.7177e+01   0.0000e+00   0.0000e+00   3.1107e+02
20260608_09:00:00   1.4843e-01   4.1540e+01   1.6875e+01   0.0000e+00   0.0000e+00   3.0974e+02
20260608_10:00:00   1.4860e-01   4.1565e+01   1.6922e+01   0.0000e+00   0.0000e+00   3.0865e+02
20260608_11:00:00   1.5145e-01   4.2223e+01   1.7358e+01   0.0000e+00   0.0000e+00   3.1065e+02
20260608_12:00:00   1.5115e-01   4.2112e+01   1.7403e+01   0.0000e+00   0.0000e+00   3.0956e+02
20260608_13:00:00   1.5363e-01   4.2715e+01   1.7728e+01   0.0000e+00   0.0000e+00   3.0992e+02
20260608_14:00:00   1.5462e-01   4.2968e+01   1.7888e+01   0.0000e+00   0.0000e+00   3.0826e+02
20260608_15:00:00   1.5531e-01   4.3194e+01   1.7910e+01   0.0000e+00   0.0000e+00   3.0762e+02
20260608_16:00:00   1.5377e-01   4.2884e+01   1.7679e+01   0.0000e+00   0.0000e+00   3.0681e+02
20260608_17:00:00   1.5735e-01   4.3744e+01   1.8238e+01   0.0000e+00   0.0000e+00   3.0441e+02
20260608_18:00:00   1.6118e-01   4.4570e+01   1.8912e+01   0.0000e+00   0.0000e+00   3.0335e+02
20260608_19:00:00   1.6385e-01   4.5158e+01   1.9420e+01   0.0000e+00   6.8660e-05   3.0115e+02
20260608_20:00:00   1.6750e-01   4.5966e+01   2.0010e+01   1.2874e-03   8.4558e-04   3.0008e+02
20260608_21:00:00   1.8963e-01   5.0936e+01   2.0385e+01   2.3395e-02   1.2548e-02   2.9884e+02
20260608_22:00:00   1.8960e-01   5.1072e+01   2.1028e+01   1.7608e-02   1.4648e-02   2.9901e+02
20260608_23:00:00   2.5170e-01   6.4635e+01   2.2103e+01   7.6918e-02   2.2041e-02   2.9678e+02
20260609_00:00:00   2.3489e-01   6.1389e+01   2.3346e+01   4.3395e-02   3.3637e-03   2.9539e+02
20260609_01:00:00   1.9816e-01   5.3503e+01   2.3084e+01   1.6380e-03   0.0000e+00   2.9597e+02
20260609_02:00:00   1.9026e-01   5.1723e+01   2.2051e+01   0.0000e+00   0.0000e+00   2.9637e+02
20260609_03:00:00   1.9027e-01   5.1790e+01   2.1582e+01   0.0000e+00   0.0000e+00   2.9727e+02
20260609_04:00:00   1.9622e-01   5.3188e+01   2.1838e+01   0.0000e+00   0.0000e+00   2.9686e+02
20260609_05:00:00   1.8951e-01   5.1587e+01   2.1016e+01   0.0000e+00   0.0000e+00   2.9717e+02
20260609_06:00:00   1.8076e-01   4.9482e+01   2.0181e+01   0.0000e+00   0.0000e+00   2.9751e+02
20260609_07:00:00   1.8048e-01   4.9348e+01   2.0363e+01   0.0000e+00   0.0000e+00   2.9538e+02
20260609_08:00:00   1.8511e-01   5.0464e+01   2.0765e+01   0.0000e+00   0.0000e+00   2.9469e+02
20260609_09:00:00   1.8680e-01   5.0894e+01   2.0778e+01   0.0000e+00   0.0000e+00   2.9256e+02
20260609_10:00:00   1.8242e-01   4.9845e+01   2.0230e+01   0.0000e+00   0.0000e+00   2.9392e+02
20260609_11:00:00   1.7390e-01   4.7818e+01   1.9264e+01   0.0000e+00   0.0000e+00   2.9627e+02
20260609_12:00:00   1.6701e-01   4.6155e+01   1.8498e+01   0.0000e+00   0.0000e+00   2.9700e+02
20260609_13:00:00   1.6634e-01   4.5971e+01   1.8393e+01   0.0000e+00   0.0000e+00   2.9689e+02
20260609_14:00:00   1.7229e-01   4.7400e+01   1.8986e+01   0.0000e+00   0.0000e+00   2.9795e+02
20260609_15:00:00   1.7244e-01   4.7474e+01   1.9068e+01   0.0000e+00   5.2980e-05   2.9767e+02
20260609_16:00:00   1.7662e-01   4.8530e+01   1.9565e+01   0.0000e+00   2.0700e-06   2.9403e+02
20260609_17:00:00   1.8000e-01   4.9400e+01   2.0044e+01   0.0000e+00   6.2640e-05   2.9277e+02
20260609_18:00:00   1.8513e-01   5.0649e+01   2.0753e+01   0.0000e+00   0.0000e+00   2.9214e+02
20260609_19:00:00   1.8685e-01   5.1083e+01   2.1198e+01   0.0000e+00   8.8260e-05   2.9028e+02
20260609_20:00:00   1.8738e-01   5.1217e+01   2.1524e+01   0.0000e+00   8.5820e-06   2.8958e+02
20260609_21:00:00   1.8580e-01   5.0847e+01   2.1653e+01   0.0000e+00   8.5820e-06   2.8962e+02
20260609_22:00:00   1.9326e-01   5.2512e+01   2.2661e+01   1.8368e-03   3.0900e-05   2.8943e+02
20260609_23:00:00   2.3572e-01   6.1811e+01   2.3508e+01   4.3537e-02   1.2970e-04   2.8795e+02
20260610_00:00:00   4.3209e-01   9.9939e+01   2.4586e+01   2.5751e-01   2.6970e-04   2.8780e+02
20260610_01:00:00   4.5201e-01   1.0351e+02   2.5068e+01   2.7500e-01   3.5308e-04   2.8924e+02
20260610_02:00:00   2.5098e-01   6.5226e+01   2.4978e+01   4.4738e-02   4.0520e-04   2.8978e+02
20260610_03:00:00   2.0350e-01   5.5091e+01   2.3555e+01   0.0000e+00   3.8120e-04   2.8966e+02
20260610_04:00:00   2.0460e-01   5.5318e+01   2.3911e+01   0.0000e+00   4.7279e-04   2.8860e+02
20260610_05:00:00   2.1142e-01   5.6711e+01   2.5365e+01   0.0000e+00   4.3095e-03   2.8830e+02
20260610_06:00:00   2.2445e-01   5.9606e+01   2.6940e+01   0.0000e+00   6.3390e-04   2.8909e+02
20260610_07:00:00   2.2756e-01   6.0314e+01   2.7172e+01   0.0000e+00   1.5978e-03   2.8784e+02
20260610_08:00:00   2.3423e-01   6.1828e+01   2.7696e+01   0.0000e+00   4.1071e-03   2.8766e+02
20260610_09:00:00   2.3737e-01   6.2511e+01   2.7914e+01   0.0000e+00   4.5222e-03   2.8650e+02
20260610_10:00:00   2.3392e-01   6.1668e+01   2.7441e+01   2.2074e-03   5.8828e-03   2.8625e+02
20260610_11:00:00   2.2769e-01   6.0245e+01   2.6830e+01   2.3799e-03   7.0086e-03   2.8625e+02
20260610_12:00:00   2.2674e-01   5.9955e+01   2.6179e+01   7.3561e-03   4.7106e-03   2.8625e+02
20260610_13:00:00   2.2138e-01   5.8792e+01   2.5621e+01   5.8278e-03   3.0865e-03   2.8656e+02
20260610_14:00:00   2.2125e-01   5.8877e+01   2.6003e+01   0.0000e+00   5.4612e-04   2.8539e+02
20260610_15:00:00   2.2781e-01   6.0398e+01   2.6669e+01   0.0000e+00   2.8904e-04   2.8590e+02
20260610_16:00:00   2.2479e-01   5.9752e+01   2.6491e+01   0.0000e+00   1.8363e-04   2.8752e+02
20260610_17:00:00   2.2638e-01   6.0211e+01   2.6578e+01   0.0000e+00   3.6203e-04   2.8873e+02
20260610_18:00:00   2.3432e-01   6.2034e+01   2.7406e+01   1.0556e-03   2.1239e-03   2.8857e+02
20260610_21:00:00   4.4524e-01   1.0263e+02   2.9754e+01   2.2587e-01   9.1722e-03   2.8649e+02
20260611_00:00:00   3.4044e-01   8.3678e+01   3.1192e+01   9.1130e-02   2.4972e-01   2.8274e+02
20260611_03:00:00   2.3219e-01   6.1453e+01   2.7111e+01   6.1160e-03   1.0766e-02   2.8607e+02
20260611_06:00:00   2.0859e-01   5.6177e+01   2.4752e+01   0.0000e+00   2.7513e-02   2.8971e+02
20260611_09:00:00   2.2196e-01   5.9156e+01   2.5717e+01   0.0000e+00   9.4354e-03   2.8956e+02
20260611_12:00:00   2.1278e-01   5.7091e+01   2.5003e+01   0.0000e+00   2.6538e-02   2.8676e+02
20260611_15:00:00   2.0669e-01   5.5696e+01   2.4444e+01   0.0000e+00   4.9726e-03   2.8714e+02
20260611_18:00:00   2.1192e-01   5.6846e+01   2.5300e+01   4.1200e-03   1.7858e-04   2.8721e+02
20260611_21:00:00   3.6959e-01   8.8090e+01   2.5618e+01   1.8968e-01   1.9383e-02   2.8676e+02
20260612_00:00:00   3.8953e-01   9.2124e+01   2.7705e+01   1.9371e-01   4.2401e-02   2.8336e+02
20260612_03:00:00   2.1455e-01   5.7301e+01   2.6113e+01   0.0000e+00   0.0000e+00   2.8613e+02
20260612_06:00:00   2.1471e-01   5.7173e+01   2.5893e+01   0.0000e+00   4.1884e-04   2.8696e+02
20260612_09:00:00   1.9561e-01   5.2773e+01   2.3383e+01   0.0000e+00   4.5648e-05   2.8758e+02
20260612_12:00:00   1.8750e-01   5.0962e+01   2.1945e+01   0.0000e+00   7.3116e-04   2.8891e+02
20260612_15:00:00   1.8119e-01   4.9564e+01   2.0731e+01   0.0000e+00   4.0420e-04   2.8928e+02
20260612_18:00:00   1.9153e-01   5.2062e+01   2.2853e+01   0.0000e+00   0.0000e+00   2.8989e+02
20260612_21:00:00   2.0067e-01   5.4099e+01   2.4868e+01   3.0040e-05   0.0000e+00   2.9059e+02
20260613_00:00:00   3.0461e-01   7.6591e+01   2.9648e+01   7.1188e-02   0.0000e+00   2.8756e+02
20260613_03:00:00   2.4719e-01   6.4746e+01   2.9281e+01   0.0000e+00   0.0000e+00   2.8856e+02
20260613_06:00:00   2.5398e-01   6.5929e+01   2.9988e+01   0.0000e+00   1.0302e-04   2.8863e+02
20260613_09:00:00   2.9408e-01   7.3934e+01   2.9163e+01   5.5680e-02   7.2140e-05   2.8790e+02
20260613_12:00:00   2.3482e-01   6.1490e+01   2.7922e+01   3.6040e-04   3.6890e-04   2.8986e+02
20260613_15:00:00   2.3029e-01   6.0489e+01   2.7473e+01   0.0000e+00   5.3055e-04   2.9072e+02
20260613_18:00:00   2.4054e-01   6.2709e+01   2.9541e+01   0.0000e+00   1.0616e-02   2.8974e+02
20260613_21:00:00   2.5637e-01   6.6142e+01   3.1953e+01   8.5880e-04   6.9591e-02   2.8935e+02
20260614_00:00:00   2.3891e-01   6.2344e+01   2.9726e+01   0.0000e+00   2.6652e-03   2.8909e+02
20260614_03:00:00   2.3820e-01   6.2135e+01   2.9376e+01   0.0000e+00   3.8421e-03   2.9057e+02
20260614_06:00:00   2.3812e-01   6.1988e+01   2.9062e+01   0.0000e+00   6.5312e-03   2.9074e+02
20260614_09:00:00   2.4906e-01   6.4268e+01   2.8997e+01   8.2520e-03   4.8485e-02   2.9088e+02
20260614_12:00:00   2.6094e-01   6.6638e+01   3.0736e+01   7.1181e-03   8.3976e-02   2.9088e+02
20260614_15:00:00   2.6519e-01   6.7566e+01   3.1817e+01   7.8640e-04   1.3715e-01   2.9116e+02
20260614_18:00:00   3.0428e-01   7.5743e+01   3.4756e+01   1.5868e-02   3.1739e-01   2.9054e+02
20260614_21:00:00   3.0844e-01   7.6648e+01   3.5304e+01   1.3385e-02   5.6014e-01   2.9289e+02
20260615_00:00:00   2.5754e-01   6.6424e+01   3.0929e+01   0.0000e+00   5.5939e-03   2.9192e+02
20260615_03:00:00   2.6835e-01   6.8737e+01   3.1203e+01   7.3120e-05   3.2052e-03   2.9414e+02
20260615_06:00:00   2.6694e-01   6.8356e+01   3.0878e+01   1.2146e-05   1.4892e-02   2.9365e+02
20260615_09:00:00   2.5519e-01   6.5682e+01   3.0250e+01   0.0000e+00   5.4719e-02   2.9179e+02
20260615_12:00:00   2.5835e-01   6.6301e+01   3.0700e+01   0.0000e+00   1.8854e-02   2.9058e+02
20260615_15:00:00   2.6440e-01   6.7706e+01   3.0942e+01   2.3660e-04   1.6979e-02   2.9184e+02
20260615_18:00:00   3.3010e-01   8.1468e+01   3.1101e+01   7.1522e-02   6.6656e-03   2.9200e+02
20260615_21:00:00   7.7170e-01   1.5048e+02   3.4015e+01   5.4269e-01   2.3779e-01   2.8936e+02
20260616_00:00:00   4.9432e-01   1.1038e+02   3.0924e+01   2.6432e-01   6.5096e-03   2.8900e+02
20260616_03:00:00   3.4386e-01   8.3957e+01   2.7930e+01   1.0946e-01   1.1400e-03   2.9307e+02
20260616_06:00:00   6.4007e-01   1.3228e+02   3.4060e+01   3.9344e-01   9.1262e-02   2.9445e+02
20260616_09:00:00   3.6164e-01   8.6494e+01   3.0839e+01   1.1910e-01   1.4688e-01   2.9306e+02
20260616_12:00:00   2.8495e-01   7.1470e+01   2.9442e+01   4.1080e-02   4.0609e-04   2.8853e+02
20260616_15:00:00   2.3738e-01   6.1665e+01   2.7747e+01   0.0000e+00   3.8344e-05   2.8767e+02
20260616_18:00:00   2.2806e-01   6.0016e+01   2.5729e+01   3.6560e-05   0.0000e+00   2.9065e+02
20260616_21:00:00   3.6299e-01   8.6859e+01   2.4664e+01   1.7073e-01   2.1876e-03   2.9293e+02
20260617_00:00:00   1.8563e-01   5.0202e+01   1.9960e+01   1.7296e-02   4.5088e-03   2.9320e+02
20260617_03:00:00   4.2756e-01   9.8273e+01   2.7869e+01   2.2420e-01   8.5025e-02   2.9376e+02
20260617_06:00:00   2.1173e-01   5.6007e+01   2.5389e+01   7.9000e-05   2.6567e-03   2.9199e+02
20260617_09:00:00   2.1703e-01   5.6769e+01   2.4244e+01   1.6550e-02   4.7140e-03   2.9361e+02
20260617_12:00:00   1.9286e-01   5.1448e+01   2.2999e+01   0.0000e+00   3.9023e-04   2.9566e+02
20260617_15:00:00   1.9380e-01   5.1832e+01   2.2163e+01   1.0288e-03   3.7276e-04   3.0111e+02
20260617_18:00:00   4.2359e-01   9.7635e+01   2.4210e+01   2.3748e-01   5.8271e-03   2.9951e+02
20260617_21:00:00   4.9609e-01   1.0952e+02   2.4255e+01   3.2178e-01   1.2339e-01   3.0064e+02
20260618_00:00:00   1.9806e-01   5.2889e+01   2.2946e+01   5.7673e-03   5.7140e-03   3.0060e+02
20260618_03:00:00   2.2003e-01   5.7511e+01   2.3862e+01   2.0882e-02   6.9078e-03   3.1000e+02
20260618_06:00:00   1.9009e-01   5.0992e+01   2.1407e+01   0.0000e+00   4.3404e-04   3.0806e+02
20260618_09:00:00   1.6757e-01   4.5652e+01   1.9026e+01   0.0000e+00   7.7212e-05   3.0526e+02
20260618_12:00:00   1.5810e-01   4.3435e+01   1.7529e+01   0.0000e+00   0.0000e+00   3.1405e+02
20260618_15:00:00   1.6793e-01   4.5845e+01   1.8553e+01   0.0000e+00   0.0000e+00   3.2102e+02
20260618_18:00:00   1.7687e-01   4.8119e+01   1.9765e+01   0.0000e+00   0.0000e+00   3.1939e+02
20260618_21:00:00   5.4419e-01   1.1699e+02   2.2482e+01   3.9397e-01   6.7395e-02   3.0624e+02
20260619_00:00:00   2.0623e-01   5.4825e+01   2.3347e+01   7.1393e-03   2.7244e-02   3.0600e+02
20260619_03:00:00   1.7207e-01   4.7174e+01   1.9652e+01   0.0000e+00   0.0000e+00   3.0528e+02
20260619_06:00:00   1.7480e-01   4.7921e+01   1.9327e+01   0.0000e+00   0.0000e+00   3.0065e+02
20260619_09:00:00   1.6061e-01   4.4490e+01   1.7791e+01   0.0000e+00   0.0000e+00   2.9446e+02
20260619_12:00:00   1.5252e-01   4.2544e+01   1.6803e+01   0.0000e+00   0.0000e+00   2.9332e+02
20260619_15:00:00   1.6109e-01   4.4662e+01   1.7793e+01   0.0000e+00   0.0000e+00   2.9159e+02
20260619_18:00:00   1.6798e-01   4.6328e+01   1.9030e+01   0.0000e+00   0.0000e+00   2.9282e+02
20260619_21:00:00   1.8628e-01   5.0406e+01   2.0088e+01   1.7280e-02   3.4960e-03   2.9340e+02
20260620_00:00:00   2.5892e-01   6.6118e+01   2.0820e+01   9.3064e-02   5.3847e-03   2.9259e+02
20260620_03:00:00   1.7702e-01   4.8635e+01   2.0019e+01   0.0000e+00   0.0000e+00   2.9336e+02
20260620_06:00:00   1.7297e-01   4.7771e+01   1.8705e+01   0.0000e+00   0.0000e+00   2.9440e+02
20260620_09:00:00   1.5217e-01   4.2608e+01   1.6523e+01   0.0000e+00   0.0000e+00   2.9395e+02
20260620_12:00:00   1.3214e-01   3.7630e+01   1.4159e+01   0.0000e+00   0.0000e+00   2.9491e+02
20260620_15:00:00   1.1606e-01   3.3635e+01   1.1805e+01   0.0000e+00   0.0000e+00   2.9502e+02
20260620_18:00:00   1.0862e-01   3.1833e+01   1.0982e+01   0.0000e+00   0.0000e+00   2.9348e+02
20260620_21:00:00   1.3372e-01   3.8234e+01   1.4792e+01   0.0000e+00   1.2146e-06   2.9308e+02
20260621_00:00:00   1.5578e-01   4.3727e+01   1.7734e+01   0.0000e+00   0.0000e+00   2.8925e+02
20260621_03:00:00   1.6949e-01   4.7151e+01   1.8768e+01   0.0000e+00   0.0000e+00   2.9035e+02
20260621_06:00:00   1.8324e-01   5.0541e+01   1.9091e+01   0.0000e+00   0.0000e+00   2.9079e+02
20260621_09:00:00   1.9105e-01   5.2330e+01   1.9940e+01   0.0000e+00   0.0000e+00   2.8976e+02
20260621_12:00:00   1.8470e-01   5.0766e+01   1.9320e+01   0.0000e+00   0.0000e+00   2.9079e+02
20260621_15:00:00   1.9061e-01   5.2141e+01   2.0466e+01   0.0000e+00   0.0000e+00   2.9048e+02
20260621_18:00:00   2.0641e-01   5.5732e+01   2.3867e+01   0.0000e+00   0.0000e+00   2.8874e+02
