#            date       tau255        Tb[K]      pwv[mm] lwp[kg*m^-2] iwp[kg*m^-2]       o3[DU]
20260613_00:00:00   5.4810e-01   1.1852e+02   3.4369e+01   3.0178e-01   2.3148e-01   2.9815e+02
20260613_01:00:00   8.3223e-01   1.5944e+02   3.8289e+01   5.8188e-01   2.8362e-01   2.9888e+02
20260613_02:00:00   3.5590e-01   8.6448e+01   3.5851e+01   5.1147e-02   2.7746e-01   2.9818e+02
20260613_03:00:00   7.2161e-01   1.4507e+02   3.8915e+01   4.4168e-01   9.6443e-01   2.9844e+02
20260613_04:00:00   7.7096e-01   1.5039e+02   3.8624e+01   4.9721e-01   1.4553e+00   2.9927e+02
20260613_05:00:00   3.0821e-01   7.6261e+01   3.4622e+01   1.7423e-02   9.9535e-01   2.9923e+02
20260613_06:00:00   3.1637e-01   7.7947e+01   3.2394e+01   5.6535e-02   1.8556e-01   2.9859e+02
20260613_07:00:00   2.6461e-01   6.7575e+01   3.1501e+01   7.8458e-03   2.4981e-02   2.9816e+02
20260613_08:00:00   2.6422e-01   6.7574e+01   3.1481e+01   5.6120e-03   4.4093e-03   2.9797e+02
20260613_09:00:00   3.0361e-01   7.5656e+01   3.1824e+01   4.4134e-02   2.3722e-02   2.9795e+02
20260613_10:00:00   2.7106e-01   6.9136e+01   3.1478e+01   7.7980e-03   3.5332e-02   2.9769e+02
20260613_11:00:00   2.6783e-01   6.8438e+01   3.1244e+01   6.0406e-03   7.7681e-03   2.9682e+02
20260613_12:00:00   2.7380e-01   6.9639e+01   3.0878e+01   1.5814e-02   1.5465e-02   2.9706e+02
20260613_13:00:00   2.6261e-01   6.7383e+01   3.0888e+01   8.9880e-04   2.3883e-02   2.9847e+02
20260613_14:00:00   2.6220e-01   6.7354e+01   3.0833e+01   0.0000e+00   2.2664e-02   2.9803e+02
20260613_15:00:00   2.5877e-01   6.6672e+01   3.0601e+01   0.0000e+00   9.5796e-03   2.9587e+02
20260613_16:00:00   2.5733e-01   6.6419e+01   3.0483e+01   0.0000e+00   3.2887e-02   2.9465e+02
20260613_17:00:00   2.6438e-01   6.8044e+01   3.1129e+01   0.0000e+00   2.9277e-02   2.9467e+02
20260613_18:00:00   2.7323e-01   7.0019e+01   3.2014e+01   0.0000e+00   6.3416e-03   2.9522e+02
20260613_19:00:00   2.7087e-01   6.9564e+01   3.2049e+01   0.0000e+00   6.2817e-03   2.9577e+02
20260613_20:00:00   2.6767e-01   6.8796e+01   3.1584e+01   5.7640e-03   3.2709e-03   2.9622e+02
20260613_21:00:00   4.2176e-01   9.8612e+01   3.1291e+01   1.8974e-01   9.8995e-03   2.9591e+02
20260613_22:00:00   6.4485e-01   1.3411e+02   3.1934e+01   4.4006e-01   2.7465e-02   2.9503e+02
20260613_23:00:00   7.5494e-01   1.4891e+02   3.2885e+01   5.5613e-01   6.0746e-02   2.9377e+02
20260614_00:00:00   8.3021e-01   1.5849e+02   3.3588e+01   6.3538e-01   4.3708e-02   2.9382e+02
20260614_01:00:00   8.0422e-01   1.5553e+02   3.3371e+01   6.0628e-01   4.7238e-03   2.9441e+02
20260614_02:00:00   7.8939e-01   1.5368e+02   3.3196e+01   5.8918e-01   1.5047e-04   2.9318e+02
20260614_03:00:00   5.7258e-01   1.2360e+02   3.2626e+01   3.4443e-01   2.2660e-04   2.9116e+02
20260614_04:00:00   2.6406e-01   6.8056e+01   3.1319e+01   6.2874e-03   1.3732e-04   2.9052e+02
20260614_05:00:00   2.5220e-01   6.5506e+01   3.0552e+01   0.0000e+00   0.0000e+00   2.9099e+02
20260614_06:00:00   2.4710e-01   6.4382e+01   3.0119e+01   0.0000e+00   1.1133e-03   2.9166e+02
20260614_07:00:00   2.4595e-01   6.4076e+01   3.0093e+01   0.0000e+00   9.7638e-04   2.9179e+02
20260614_08:00:00   2.5073e-01   6.5024e+01   3.0555e+01   0.0000e+00   2.3519e-03   2.9214e+02
20260614_09:00:00   2.4248e-01   6.3206e+01   2.9752e+01   0.0000e+00   8.4522e-03   2.9345e+02
20260614_10:00:00   2.3853e-01   6.2335e+01   2.9240e+01   0.0000e+00   3.0105e-03   2.9359e+02
20260614_11:00:00   2.3168e-01   6.0812e+01   2.8458e+01   0.0000e+00   3.1847e-03   2.9436e+02
20260614_12:00:00   2.2668e-01   5.9681e+01   2.7807e+01   0.0000e+00   4.2485e-03   2.9432e+02
20260614_13:00:00   2.3423e-01   6.1356e+01   2.8526e+01   0.0000e+00   9.4099e-03   2.9448e+02
20260614_14:00:00   2.3857e-01   6.2321e+01   2.8870e+01   0.0000e+00   1.2444e-03   2.9300e+02
20260614_15:00:00   2.4546e-01   6.3865e+01   2.9457e+01   0.0000e+00   1.1090e-03   2.9329e+02
20260614_16:00:00   2.5038e-01   6.4992e+01   2.9881e+01   0.0000e+00   1.6597e-03   2.9240e+02
20260614_17:00:00   2.4857e-01   6.4694e+01   2.9639e+01   0.0000e+00   1.1427e-02   2.9172e+02
20260614_18:00:00   2.5239e-01   6.5620e+01   2.9886e+01   0.0000e+00   4.1189e-03   2.9077e+02
20260614_19:00:00   2.5298e-01   6.5718e+01   3.0151e+01   0.0000e+00   5.8361e-02   2.8975e+02
20260614_20:00:00   2.4190e-01   6.3257e+01   2.9145e+01   0.0000e+00   2.3349e-02   2.8947e+02
20260614_21:00:00   2.2799e-01   6.0166e+01   2.7612e+01   0.0000e+00   1.2820e-03   2.9007e+02
20260614_22:00:00   2.1629e-01   5.7523e+01   2.6382e+01   0.0000e+00   3.2311e-02   2.8974e+02
20260614_23:00:00   2.1161e-01   5.6439e+01   2.5994e+01   0.0000e+00   1.9518e-02   2.8965e+02
20260615_00:00:00   2.1179e-01   5.6593e+01   2.5699e+01   0.0000e+00   1.5976e-04   2.9064e+02
20260615_01:00:00   2.2490e-01   5.9640e+01   2.6814e+01   0.0000e+00   0.0000e+00   2.9094e+02
20260615_02:00:00   2.3605e-01   6.2141e+01   2.7689e+01   0.0000e+00   0.0000e+00   2.9111e+02
20260615_03:00:00   2.3825e-01   6.2577e+01   2.7461e+01   0.0000e+00   0.0000e+00   2.9237e+02
20260615_04:00:00   2.4471e-01   6.3863e+01   2.7962e+01   0.0000e+00   3.8620e-05   2.9248e+02
20260615_05:00:00   2.3815e-01   6.2327e+01   2.7301e+01   0.0000e+00   5.6492e-05   2.9213e+02
20260615_06:00:00   2.2305e-01   5.8868e+01   2.5826e+01   0.0000e+00   8.2827e-04   2.9371e+02
20260615_07:00:00   2.4801e-01   6.4366e+01   2.7879e+01   8.2690e-03   1.6895e-03   2.9671e+02
20260615_08:00:00   2.7609e-01   7.0245e+01   3.0767e+01   1.2019e-02   5.5557e-03   2.9898e+02
20260615_09:00:00   5.2542e-01   1.1786e+02   3.2540e+01   3.0325e-01   2.4557e-02   2.9570e+02
20260615_10:00:00   3.4820e-01   8.4860e+01   3.1995e+01   8.6951e-02   5.3713e-02   2.9305e+02
20260615_11:00:00   2.7056e-01   6.8620e+01   3.1528e+01   0.0000e+00   8.8003e-03   2.9227e+02
20260615_12:00:00   2.6590e-01   6.7610e+01   3.1378e+01   0.0000e+00   3.6864e-02   2.9188e+02
20260615_13:00:00   2.6247e-01   6.6893e+01   3.1070e+01   0.0000e+00   1.4030e-02   2.9230e+02
20260615_14:00:00   2.7189e-01   6.8805e+01   3.1787e+01   2.7440e-04   1.9110e-01   2.9201e+02
20260615_15:00:00   2.7411e-01   6.9227e+01   3.2254e+01   1.7005e-04   4.5428e-01   2.9166e+02
20260615_16:00:00   2.8093e-01   7.0627e+01   3.2487e+01   5.9409e-03   2.6347e-01   2.9239e+02
20260615_17:00:00   2.7155e-01   6.8827e+01   3.2144e+01   0.0000e+00   3.8433e-02   2.9309e+02
20260615_18:00:00   2.7856e-01   7.0395e+01   3.2786e+01   4.2920e-06   6.8370e-02   2.9257e+02
20260615_19:00:00   2.8702e-01   7.2295e+01   3.3349e+01   3.2891e-03   2.9247e-02   2.9089e+02
20260615_20:00:00   2.9351e-01   7.3854e+01   3.3127e+01   1.4306e-02   8.0544e-03   2.9000e+02
20260615_21:00:00   3.2873e-01   8.1274e+01   3.3550e+01   4.8327e-02   2.1948e-02   2.8971e+02
20260615_22:00:00   3.6272e-01   8.7999e+01   3.3761e+01   8.0867e-02   3.9764e-02   2.8998e+02
20260615_23:00:00   3.5093e-01   8.5747e+01   3.3877e+01   6.1380e-02   4.0934e-03   2.9030e+02
20260616_00:00:00   3.3257e-01   8.2263e+01   3.2954e+01   4.9394e-02   3.0399e-03   2.9038e+02
20260616_01:00:00   3.2306e-01   8.0398e+01   3.1691e+01   5.1872e-02   1.0627e-03   2.9029e+02
20260616_02:00:00   2.8908e-01   7.3320e+01   3.0271e+01   2.5940e-02   5.9966e-03   2.9024e+02
20260616_03:00:00   2.6977e-01   6.9195e+01   2.9100e+01   1.4350e-02   8.4881e-03   2.9158e+02
20260616_04:00:00   2.4828e-01   6.4485e+01   2.7929e+01   0.0000e+00   3.9614e-02   2.9342e+02
20260616_05:00:00   2.3856e-01   6.2408e+01   2.6726e+01   0.0000e+00   1.1376e-02   2.9300e+02
20260616_06:00:00   2.3146e-01   6.0841e+01   2.5921e+01   0.0000e+00   4.7088e-03   2.9222e+02
20260616_07:00:00   2.3007e-01   6.0519e+01   2.5635e+01   0.0000e+00   6.6013e-03   2.9195e+02
20260616_08:00:00   2.2941e-01   6.0355e+01   2.5558e+01   0.0000e+00   3.5179e-03   2.9414e+02
20260616_09:00:00   2.2541e-01   5.9472e+01   2.4931e+01   0.0000e+00   3.4495e-03   2.9433e+02
20260616_10:00:00   2.1939e-01   5.8129e+01   2.4172e+01   0.0000e+00   2.8491e-03   2.9237e+02
20260616_11:00:00   2.1034e-01   5.6087e+01   2.3047e+01   0.0000e+00   9.0535e-04   2.9265e+02
20260616_12:00:00   1.9987e-01   5.3703e+01   2.1855e+01   0.0000e+00   2.7020e-04   2.9365e+02
20260616_13:00:00   1.9308e-01   5.2135e+01   2.1184e+01   0.0000e+00   5.3863e-04   2.9355e+02
20260616_14:00:00   1.9606e-01   5.2828e+01   2.1638e+01   0.0000e+00   1.6344e-03   2.9280e+02
20260616_15:00:00   1.9666e-01   5.3019e+01   2.1866e+01   0.0000e+00   1.9194e-04   2.9209e+02
20260616_16:00:00   1.9724e-01   5.3217e+01   2.2092e+01   0.0000e+00   3.6410e-05   2.9269e+02
20260616_17:00:00   2.0311e-01   5.4639e+01   2.2910e+01   0.0000e+00   1.3461e-03   2.9357e+02
20260616_18:00:00   2.0504e-01   5.5130e+01   2.3356e+01   0.0000e+00   1.6426e-03   2.9359e+02
20260616_19:00:00   2.0061e-01   5.4104e+01   2.3215e+01   0.0000e+00   1.2408e-03   2.9199e+02
20260616_20:00:00   1.9672e-01   5.3172e+01   2.3138e+01   0.0000e+00   2.4412e-04   2.8966e+02
20260616_21:00:00   1.9482e-01   5.2695e+01   2.3312e+01   0.0000e+00   0.0000e+00   2.8956e+02
20260616_22:00:00   1.9698e-01   5.3138e+01   2.3470e+01   3.5836e-03   3.2180e-05   2.8942e+02
20260616_23:00:00   2.7138e-01   6.9105e+01   2.4035e+01   8.4634e-02   3.8020e-05   2.8814e+02
20260617_00:00:00   3.9419e-01   9.2876e+01   2.4578e+01   2.1895e-01   7.7520e-04   2.8719e+02
20260617_01:00:00   2.2112e-01   5.8468e+01   2.3898e+01   2.5205e-02   1.6170e-04   2.8605e+02
20260617_02:00:00   2.0316e-01   5.4525e+01   2.2489e+01   1.6158e-02   5.9320e-05   2.8702e+02
20260617_03:00:00   1.8835e-01   5.1275e+01   2.2219e+01   9.5060e-05   2.9240e-05   2.8698e+02
20260617_04:00:00   2.0025e-01   5.4194e+01   2.3213e+01   0.0000e+00   2.5360e-05   2.8682e+02
20260617_05:00:00   2.0062e-01   5.4420e+01   2.2734e+01   0.0000e+00   0.0000e+00   2.8928e+02
20260617_06:00:00   1.8947e-01   5.1853e+01   2.1346e+01   0.0000e+00   1.0602e-03   2.9095e+02
20260617_07:00:00   1.7734e-01   4.8980e+01   1.9905e+01   0.0000e+00   1.9914e-04   2.9021e+02
20260617_08:00:00   1.6450e-01   4.5873e+01   1.8425e+01   0.0000e+00   1.4579e-02   2.9025e+02
20260617_09:00:00   1.6001e-01   4.4735e+01   1.7976e+01   0.0000e+00   1.1697e-02   2.9089e+02
20260617_10:00:00   1.5554e-01   4.3599e+01   1.7558e+01   0.0000e+00   1.7647e-03   2.9119e+02
20260617_11:00:00   1.5485e-01   4.3371e+01   1.7694e+01   0.0000e+00   0.0000e+00   2.9087e+02
20260617_12:00:00   1.6809e-01   4.6628e+01   1.9097e+01   0.0000e+00   0.0000e+00   2.9166e+02
20260617_13:00:00   1.6242e-01   4.5259e+01   1.8489e+01   0.0000e+00   0.0000e+00   2.9405e+02
20260617_14:00:00   1.5840e-01   4.4273e+01   1.8128e+01   0.0000e+00   0.0000e+00   2.9463e+02
20260617_15:00:00   1.5649e-01   4.3838e+01   1.7940e+01   0.0000e+00   0.0000e+00   2.9457e+02
20260617_16:00:00   1.5078e-01   4.2536e+01   1.7111e+01   0.0000e+00   0.0000e+00   2.9654e+02
20260617_17:00:00   1.4296e-01   4.0634e+01   1.6228e+01   0.0000e+00   0.0000e+00   2.9810e+02
20260617_18:00:00   1.3088e-01   3.7597e+01   1.4842e+01   0.0000e+00   0.0000e+00   2.9885e+02
20260617_19:00:00   1.2878e-01   3.6918e+01   1.4963e+01   0.0000e+00   0.0000e+00   2.9865e+02
20260617_20:00:00   1.3269e-01   3.7788e+01   1.5781e+01   0.0000e+00   0.0000e+00   2.9749e+02
20260617_21:00:00   1.3809e-01   3.9087e+01   1.6699e+01   0.0000e+00   0.0000e+00   2.9764e+02
20260617_22:00:00   1.3858e-01   3.9211e+01   1.6834e+01   0.0000e+00   0.0000e+00   2.9683e+02
20260617_23:00:00   1.3738e-01   3.8874e+01   1.6790e+01   0.0000e+00   0.0000e+00   2.9664e+02
20260618_00:00:00   1.3790e-01   3.8953e+01   1.6981e+01   0.0000e+00   3.2180e-05   2.9706e+02
20260618_03:00:00   1.2128e-01   3.4874e+01   1.4426e+01   0.0000e+00   0.0000e+00   2.9932e+02
20260618_06:00:00   1.3493e-01   3.8162e+01   1.6648e+01   0.0000e+00   1.8732e-03   2.9806e+02
20260618_09:00:00   1.5357e-01   4.2958e+01   1.8685e+01   0.0000e+00   7.2261e-04   2.9620e+02
20260618_12:00:00   1.5043e-01   4.2027e+01   1.8587e+01   0.0000e+00   7.5219e-03   2.9107e+02
20260618_15:00:00   1.5306e-01   4.2599e+01   1.8933e+01   0.0000e+00   1.0518e-03   2.8820e+02
20260618_18:00:00   1.5712e-01   4.3700e+01   1.9074e+01   0.0000e+00   4.5600e-03   2.9523e+02
20260618_21:00:00   1.7899e-01   4.9137e+01   2.1552e+01   0.0000e+00   3.0440e-02   2.9416e+02
20260619_00:00:00   1.7960e-01   4.9388e+01   2.1449e+01   0.0000e+00   0.0000e+00   2.9398e+02
20260619_03:00:00   1.7695e-01   4.8800e+01   2.0557e+01   0.0000e+00   5.1180e-05   2.9790e+02
20260619_06:00:00   1.9864e-01   5.3781e+01   2.2643e+01   0.0000e+00   1.6320e-03   2.9779e+02
20260619_09:00:00   2.3052e-01   6.0891e+01   2.5788e+01   0.0000e+00   1.5656e-02   2.9303e+02
20260619_12:00:00   2.1311e-01   5.6950e+01   2.3547e+01   0.0000e+00   8.5345e-03   2.9415e+02
20260619_15:00:00   2.2090e-01   5.8629e+01   2.4104e+01   4.0980e-03   1.0075e-04   2.9529e+02
20260619_18:00:00   2.1406e-01   5.7059e+01   2.4725e+01   0.0000e+00   0.0000e+00   2.9307e+02
20260619_21:00:00   2.1955e-01   5.8413e+01   2.5952e+01   0.0000e+00   0.0000e+00   2.9321e+02
20260620_00:00:00   2.0858e-01   5.6097e+01   2.4561e+01   0.0000e+00   0.0000e+00   2.9385e+02
20260620_03:00:00   2.3687e-01   6.2496e+01   2.6930e+01   0.0000e+00   1.0624e-04   2.9221e+02
20260620_06:00:00   2.2512e-01   5.9702e+01   2.5588e+01   0.0000e+00   0.0000e+00   2.9277e+02
20260620_09:00:00   2.3091e-01   6.0909e+01   2.6213e+01   0.0000e+00   0.0000e+00   2.8850e+02
20260620_12:00:00   2.2848e-01   6.0363e+01   2.5940e+01   0.0000e+00   0.0000e+00   2.8878e+02
20260620_15:00:00   2.2630e-01   5.9982e+01   2.5865e+01   0.0000e+00   7.6940e-05   2.8848e+02
20260620_18:00:00   2.3906e-01   6.2988e+01   2.7616e+01   0.0000e+00   0.0000e+00   2.8675e+02
20260620_21:00:00   1.1992e+00   1.9359e+02   3.2416e+01   1.0556e+00   7.6104e-02   2.8731e+02
20260621_00:00:00   6.8768e-01   1.3921e+02   3.2686e+01   4.6597e-01   1.5860e-01   2.8405e+02
20260621_03:00:00   3.7271e-01   8.9356e+01   3.1714e+01   1.2465e-01   1.3115e-02   2.8811e+02
20260621_06:00:00   2.1381e-01   5.6951e+01   2.6669e+01   1.0310e-03   1.6394e-02   2.8985e+02
20260621_09:00:00   2.1265e-01   5.6794e+01   2.5708e+01   0.0000e+00   2.5660e-04   2.8893e+02
20260621_12:00:00   2.0768e-01   5.5780e+01   2.4450e+01   0.0000e+00   0.0000e+00   2.8945e+02
20260621_15:00:00   2.0199e-01   5.4613e+01   2.3537e+01   0.0000e+00   0.0000e+00   2.8966e+02
20260621_18:00:00   2.0540e-01   5.5544e+01   2.4036e+01   0.0000e+00   0.0000e+00   2.8913e+02
20260621_21:00:00   2.7871e-01   7.0706e+01   2.5302e+01   8.0691e-02   2.7282e-03   2.8807e+02
20260622_00:00:00   5.6111e-01   1.2002e+02   2.7644e+01   3.8128e-01   1.1868e-01   2.8870e+02
20260622_03:00:00   4.8459e-01   1.0858e+02   2.9419e+01   2.8327e-01   2.1688e-01   2.8971e+02
20260622_06:00:00   2.2178e-01   5.8915e+01   2.6287e+01   3.4140e-03   1.2462e-03   2.8931e+02
20260622_09:00:00   1.9256e-01   5.2364e+01   2.3087e+01   0.0000e+00   8.0434e-03   2.8988e+02
20260622_12:00:00   1.7513e-01   4.8264e+01   2.0592e+01   0.0000e+00   3.0939e-03   2.9160e+02
20260622_15:00:00   1.6985e-01   4.7138e+01   1.9508e+01   0.0000e+00   5.1540e-04   2.9191e+02
20260622_18:00:00   1.9086e-01   5.2190e+01   2.2313e+01   0.0000e+00   7.3120e-06   2.9110e+02
20260622_21:00:00   1.9541e-01   5.3058e+01   2.3632e+01   0.0000e+00   2.1500e-05   2.9129e+02
20260623_00:00:00   1.7223e-01   4.7770e+01   2.0337e+01   0.0000e+00   0.0000e+00   2.8853e+02
20260623_03:00:00   1.6950e-01   4.7108e+01   1.9068e+01   0.0000e+00   1.8466e-03   2.9044e+02
20260623_06:00:00   1.7803e-01   4.9084e+01   1.9096e+01   0.0000e+00   0.0000e+00   2.9137e+02
20260623_09:00:00   1.5369e-01   4.3143e+01   1.6037e+01   0.0000e+00   1.0172e-04   2.9387e+02
20260623_12:00:00   1.5990e-01   4.4574e+01   1.6706e+01   0.0000e+00   5.8940e-04   2.9220e+02
20260623_15:00:00   1.6287e-01   4.5278e+01   1.7073e+01   0.0000e+00   0.0000e+00   2.9478e+02
20260623_18:00:00   1.6155e-01   4.5014e+01   1.7432e+01   0.0000e+00   0.0000e+00   2.9550e+02
20260623_21:00:00   1.7154e-01   4.7350e+01   1.9277e+01   0.0000e+00   0.0000e+00   2.9272e+02
20260624_00:00:00   1.8053e-01   4.9533e+01   2.0365e+01   0.0000e+00   0.0000e+00   2.9104e+02
20260624_03:00:00   1.9801e-01   5.3512e+01   2.1598e+01   0.0000e+00   0.0000e+00   2.9317e+02
20260624_06:00:00   1.9995e-01   5.3899e+01   2.1295e+01   0.0000e+00   0.0000e+00   2.9278e+02
20260624_09:00:00   1.8489e-01   5.0210e+01   1.9735e+01   0.0000e+00   0.0000e+00   2.9036e+02
20260624_12:00:00   1.9082e-01   5.1523e+01   2.0603e+01   0.0000e+00   1.9595e-05   2.9083e+02
20260624_15:00:00   1.7814e-01   4.8598e+01   1.9697e+01   0.0000e+00   0.0000e+00   2.9024e+02
20260624_18:00:00   1.9029e-01   5.1507e+01   2.1359e+01   0.0000e+00   0.0000e+00   2.9004e+02
20260624_21:00:00   1.9242e-01   5.2045e+01   2.2084e+01   0.0000e+00   0.0000e+00   2.9133e+02
20260625_00:00:00   1.9713e-01   5.3142e+01   2.2648e+01   0.0000e+00   0.0000e+00   2.8901e+02
20260625_03:00:00   2.0564e-01   5.5140e+01   2.2840e+01   0.0000e+00   0.0000e+00   2.8661e+02
20260625_06:00:00   2.0551e-01   5.5013e+01   2.2617e+01   0.0000e+00   0.0000e+00   2.8599e+02
20260625_09:00:00   2.0469e-01   5.4706e+01   2.2585e+01   0.0000e+00   0.0000e+00   2.8912e+02
20260625_12:00:00   1.9433e-01   5.2273e+01   2.1439e+01   0.0000e+00   0.0000e+00   2.8580e+02
20260625_15:00:00   1.8671e-01   5.0584e+01   2.0559e+01   0.0000e+00   0.0000e+00   2.8338e+02
20260625_18:00:00   2.0503e-01   5.5003e+01   2.2722e+01   0.0000e+00   0.0000e+00   2.8287e+02
20260625_21:00:00   2.1870e-01   5.8296e+01   2.4491e+01   0.0000e+00   0.0000e+00   2.8455e+02
20260626_00:00:00   2.3128e-01   6.1182e+01   2.5655e+01   0.0000e+00   0.0000e+00   2.8237e+02
20260626_03:00:00   2.1933e-01   5.8373e+01   2.3362e+01   0.0000e+00   0.0000e+00   2.8286e+02
20260626_06:00:00   2.2006e-01   5.8407e+01   2.3158e+01   0.0000e+00   0.0000e+00   2.8254e+02
20260626_09:00:00   2.3669e-01   6.1981e+01   2.5567e+01   0.0000e+00   0.0000e+00   2.8385e+02
20260626_12:00:00   2.2806e-01   5.9956e+01   2.4956e+01   0.0000e+00   0.0000e+00   2.8605e+02
20260626_15:00:00   2.1685e-01   5.7461e+01   2.3564e+01   0.0000e+00   0.0000e+00   2.8731e+02
20260626_18:00:00   2.2352e-01   5.9032e+01   2.4269e+01   1.0128e-03   0.0000e+00   2.8871e+02
20260626_21:00:00   2.1214e-01   5.6479e+01   2.3730e+01   9.3380e-04   0.0000e+00   2.8719e+02
20260627_00:00:00   2.4954e-01   6.4697e+01   2.4442e+01   3.6541e-02   0.0000e+00   2.8731e+02
20260627_03:00:00   2.2223e-01   5.8597e+01   2.4693e+01   1.0348e-03   0.0000e+00   2.8782e+02
20260627_06:00:00   2.1166e-01   5.6211e+01   2.3347e+01   0.0000e+00   0.0000e+00   2.8724e+02
20260627_09:00:00   2.0676e-01   5.4994e+01   2.2960e+01   0.0000e+00   0.0000e+00   2.8994e+02
20260627_12:00:00   2.0719e-01   5.5005e+01   2.3097e+01   0.0000e+00   0.0000e+00   2.9133e+02
20260627_15:00:00   2.0743e-01   5.5087e+01   2.2832e+01   0.0000e+00   0.0000e+00   2.9102e+02
20260627_18:00:00   2.1986e-01   5.8018e+01   2.3268e+01   1.1042e-02   0.0000e+00   2.9232e+02
20260627_21:00:00   2.1019e-01   5.5838e+01   2.4092e+01   2.0415e-03   0.0000e+00   2.9254e+02
20260628_00:00:00   2.1400e-01   5.6707e+01   2.4534e+01   4.7100e-03   0.0000e+00   2.9337e+02
20260628_03:00:00   2.2241e-01   5.8635e+01   2.5001e+01   1.8000e-03   5.2420e-05   2.9491e+02
20260628_06:00:00   2.0020e-01   5.3620e+01   2.2043e+01   0.0000e+00   0.0000e+00   2.9611e+02
20260628_09:00:00   1.8421e-01   4.9953e+01   1.9677e+01   0.0000e+00   0.0000e+00   2.9528e+02
20260628_12:00:00   1.6673e-01   4.5878e+01   1.7273e+01   0.0000e+00   0.0000e+00   2.9923e+02
20260628_15:00:00   1.6448e-01   4.5409e+01   1.6807e+01   0.0000e+00   0.0000e+00   3.0323e+02
20260628_18:00:00   1.6016e-01   4.4522e+01   1.6735e+01   0.0000e+00   0.0000e+00   3.0307e+02
20260628_21:00:00   1.6004e-01   4.4586e+01   1.7438e+01   0.0000e+00   0.0000e+00   2.9577e+02
20260629_00:00:00   1.5881e-01   4.4349e+01   1.7659e+01   0.0000e+00   0.0000e+00   2.9190e+02
