#            date       tau255        Tb[K]      pwv[mm] lwp[kg*m^-2] iwp[kg*m^-2]       o3[DU]
20260622_12:00:00   1.3507e-01   3.8682e+01   1.4784e+01   0.0000e+00   8.5100e-05   2.9942e+02
20260622_13:00:00   1.3008e-01   3.7420e+01   1.4056e+01   0.0000e+00   3.9780e-04   2.9941e+02
20260622_14:00:00   1.1957e-01   3.4690e+01   1.2784e+01   0.0000e+00   4.6700e-04   2.9640e+02
20260622_15:00:00   1.1510e-01   3.3531e+01   1.2244e+01   0.0000e+00   2.3840e-04   2.9540e+02
20260622_16:00:00   1.1340e-01   3.3063e+01   1.2126e+01   0.0000e+00   1.0948e-04   2.9640e+02
20260622_17:00:00   1.1636e-01   3.3768e+01   1.2623e+01   0.0000e+00   8.5820e-06   2.9735e+02
20260622_18:00:00   1.2371e-01   3.5664e+01   1.3707e+01   0.0000e+00   8.5820e-06   2.9699e+02
20260622_19:00:00   1.3069e-01   3.7454e+01   1.4699e+01   0.0000e+00   0.0000e+00   2.9693e+02
20260622_20:00:00   1.3674e-01   3.8976e+01   1.5634e+01   0.0000e+00   0.0000e+00   2.9807e+02
20260622_21:00:00   1.4015e-01   3.9820e+01   1.6189e+01   0.0000e+00   0.0000e+00   2.9958e+02
20260622_22:00:00   1.4309e-01   4.0546e+01   1.6630e+01   0.0000e+00   0.0000e+00   3.0234e+02
20260622_23:00:00   1.4294e-01   4.0514e+01   1.6618e+01   0.0000e+00   0.0000e+00   3.0336e+02
20260623_00:00:00   1.3754e-01   3.9184e+01   1.5832e+01   0.0000e+00   0.0000e+00   3.0085e+02
20260623_01:00:00   1.3091e-01   3.7489e+01   1.4943e+01   0.0000e+00   0.0000e+00   3.0077e+02
20260623_02:00:00   1.2744e-01   3.6546e+01   1.4507e+01   0.0000e+00   0.0000e+00   3.0265e+02
20260623_03:00:00   1.3243e-01   3.7879e+01   1.5072e+01   0.0000e+00   0.0000e+00   3.0348e+02
20260623_04:00:00   1.4739e-01   4.1795e+01   1.6542e+01   0.0000e+00   0.0000e+00   3.0341e+02
20260623_05:00:00   1.4393e-01   4.0942e+01   1.6000e+01   0.0000e+00   0.0000e+00   3.0211e+02
20260623_06:00:00   1.3316e-01   3.8244e+01   1.4527e+01   0.0000e+00   0.0000e+00   2.9969e+02
20260623_07:00:00   1.3202e-01   3.7935e+01   1.4290e+01   0.0000e+00   0.0000e+00   3.0069e+02
20260623_08:00:00   1.2810e-01   3.6913e+01   1.3781e+01   0.0000e+00   0.0000e+00   3.0246e+02
20260623_09:00:00   1.1821e-01   3.4400e+01   1.2411e+01   0.0000e+00   0.0000e+00   3.0365e+02
20260623_10:00:00   1.1481e-01   3.3481e+01   1.2004e+01   0.0000e+00   0.0000e+00   3.0121e+02
20260623_11:00:00   1.1440e-01   3.3355e+01   1.1926e+01   0.0000e+00   0.0000e+00   3.0380e+02
20260623_12:00:00   1.2035e-01   3.4848e+01   1.2746e+01   0.0000e+00   0.0000e+00   3.0084e+02
20260623_13:00:00   1.2645e-01   3.6386e+01   1.3595e+01   0.0000e+00   0.0000e+00   2.9839e+02
20260623_14:00:00   1.2788e-01   3.6767e+01   1.3799e+01   0.0000e+00   0.0000e+00   3.0143e+02
20260623_15:00:00   1.3578e-01   3.8811e+01   1.4684e+01   0.0000e+00   0.0000e+00   3.0452e+02
20260623_16:00:00   1.3818e-01   3.9454e+01   1.5027e+01   0.0000e+00   0.0000e+00   3.0144e+02
20260623_17:00:00   1.4328e-01   4.0755e+01   1.5723e+01   0.0000e+00   0.0000e+00   3.0097e+02
20260623_18:00:00   1.4730e-01   4.1715e+01   1.6464e+01   0.0000e+00   0.0000e+00   3.0204e+02
20260623_19:00:00   1.4407e-01   4.0846e+01   1.6380e+01   0.0000e+00   0.0000e+00   2.9982e+02
20260623_20:00:00   1.3880e-01   3.9467e+01   1.5944e+01   0.0000e+00   0.0000e+00   3.0144e+02
20260623_21:00:00   1.3930e-01   3.9552e+01   1.6156e+01   0.0000e+00   0.0000e+00   3.0138e+02
20260623_22:00:00   1.4294e-01   4.0425e+01   1.6731e+01   0.0000e+00   0.0000e+00   2.9860e+02
20260623_23:00:00   1.4448e-01   4.0795e+01   1.6941e+01   0.0000e+00   0.0000e+00   2.9627e+02
20260624_00:00:00   1.4556e-01   4.1099e+01   1.7007e+01   0.0000e+00   0.0000e+00   2.9551e+02
20260624_01:00:00   1.4297e-01   4.0580e+01   1.6330e+01   0.0000e+00   0.0000e+00   2.9473e+02
20260624_02:00:00   1.3792e-01   3.9380e+01   1.5361e+01   0.0000e+00   0.0000e+00   2.9560e+02
20260624_03:00:00   1.3720e-01   3.9323e+01   1.4728e+01   0.0000e+00   0.0000e+00   2.9444e+02
20260624_04:00:00   1.3009e-01   3.7561e+01   1.3453e+01   0.0000e+00   0.0000e+00   2.9514e+02
20260624_05:00:00   1.2151e-01   3.5333e+01   1.2363e+01   0.0000e+00   0.0000e+00   2.9649e+02
20260624_06:00:00   1.2527e-01   3.6219e+01   1.3029e+01   0.0000e+00   0.0000e+00   2.9709e+02
20260624_07:00:00   1.2990e-01   3.7347e+01   1.3645e+01   0.0000e+00   0.0000e+00   2.9818e+02
20260624_08:00:00   1.3030e-01   3.7428e+01   1.3696e+01   0.0000e+00   0.0000e+00   2.9808e+02
20260624_09:00:00   1.3531e-01   3.8613e+01   1.4500e+01   0.0000e+00   0.0000e+00   2.9607e+02
20260624_10:00:00   1.2964e-01   3.7138e+01   1.3860e+01   0.0000e+00   0.0000e+00   2.9447e+02
20260624_11:00:00   1.2572e-01   3.6129e+01   1.3357e+01   0.0000e+00   0.0000e+00   2.9606e+02
20260624_12:00:00   1.2418e-01   3.5713e+01   1.3183e+01   0.0000e+00   0.0000e+00   2.9718e+02
20260624_13:00:00   1.2264e-01   3.5293e+01   1.3034e+01   0.0000e+00   0.0000e+00   2.9657e+02
20260624_14:00:00   1.2021e-01   3.4645e+01   1.2819e+01   0.0000e+00   0.0000e+00   2.9899e+02
20260624_15:00:00   1.2218e-01   3.5184e+01   1.2985e+01   0.0000e+00   0.0000e+00   2.9904e+02
20260624_16:00:00   1.1853e-01   3.4284e+01   1.2539e+01   0.0000e+00   0.0000e+00   2.9805e+02
20260624_17:00:00   1.1975e-01   3.4636e+01   1.2789e+01   0.0000e+00   0.0000e+00   2.9681e+02
20260624_18:00:00   1.2051e-01   3.4843e+01   1.3065e+01   0.0000e+00   0.0000e+00   2.9528e+02
20260624_19:00:00   1.2278e-01   3.5411e+01   1.3582e+01   0.0000e+00   0.0000e+00   2.9422e+02
20260624_20:00:00   1.2732e-01   3.6520e+01   1.4423e+01   0.0000e+00   0.0000e+00   2.9440e+02
20260624_21:00:00   1.3141e-01   3.7519e+01   1.5111e+01   0.0000e+00   0.0000e+00   2.9563e+02
20260624_22:00:00   1.3255e-01   3.7815e+01   1.5342e+01   0.0000e+00   0.0000e+00   2.9618e+02
20260624_23:00:00   1.3261e-01   3.7846e+01   1.5398e+01   0.0000e+00   0.0000e+00   2.9404e+02
20260625_00:00:00   1.3687e-01   3.8887e+01   1.6065e+01   0.0000e+00   0.0000e+00   2.9292e+02
20260625_01:00:00   1.4193e-01   4.0186e+01   1.6695e+01   0.0000e+00   0.0000e+00   2.9284e+02
20260625_02:00:00   1.4172e-01   4.0206e+01   1.6361e+01   0.0000e+00   3.9560e-04   2.9371e+02
20260625_03:00:00   1.3969e-01   3.9712e+01   1.5930e+01   0.0000e+00   1.3578e-04   2.9311e+02
20260625_04:00:00   1.3366e-01   3.8248e+01   1.5065e+01   0.0000e+00   1.1948e-04   2.9390e+02
20260625_05:00:00   1.3027e-01   3.7351e+01   1.4747e+01   0.0000e+00   2.0205e-04   2.9355e+02
20260625_06:00:00   1.3852e-01   3.9402e+01   1.5719e+01   0.0000e+00   1.0338e-04   2.9228e+02
20260625_07:00:00   1.4223e-01   4.0265e+01   1.6227e+01   0.0000e+00   1.5198e-04   2.9291e+02
20260625_08:00:00   1.4352e-01   4.0481e+01   1.6722e+01   0.0000e+00   3.4340e-05   2.9535e+02
20260625_09:00:00   1.4549e-01   4.0876e+01   1.7199e+01   0.0000e+00   2.8320e-04   2.9460e+02
20260625_10:00:00   1.4919e-01   4.1662e+01   1.7937e+01   0.0000e+00   1.5566e-05   2.9304e+02
20260625_11:00:00   1.5387e-01   4.2689e+01   1.8631e+01   2.0600e-04   1.1546e-03   2.9120e+02
20260625_12:00:00   1.5698e-01   4.3395e+01   1.8932e+01   0.0000e+00   5.1723e-03   2.9219e+02
20260625_13:00:00   1.5948e-01   4.3978e+01   1.9181e+01   0.0000e+00   6.8884e-03   2.9025e+02
20260625_14:00:00   1.6042e-01   4.4196e+01   1.9035e+01   2.2140e-03   9.0386e-04   2.9083e+02
20260625_15:00:00   1.5856e-01   4.3832e+01   1.9012e+01   0.0000e+00   4.5737e-05   2.9189e+02
20260625_16:00:00   1.5789e-01   4.3759e+01   1.8901e+01   0.0000e+00   0.0000e+00   2.9219e+02
20260625_17:00:00   1.5819e-01   4.3899e+01   1.9011e+01   0.0000e+00   0.0000e+00   2.9381e+02
20260625_18:00:00   1.5974e-01   4.4298e+01   1.9388e+01   0.0000e+00   0.0000e+00   2.9438e+02
20260625_19:00:00   1.6080e-01   4.4538e+01   1.9667e+01   0.0000e+00   0.0000e+00   2.9232e+02
20260625_20:00:00   1.6251e-01   4.4926e+01   2.0040e+01   0.0000e+00   6.8660e-06   2.9275e+02
20260625_21:00:00   1.6363e-01   4.5194e+01   2.0333e+01   0.0000e+00   1.6823e-04   2.9165e+02
20260625_22:00:00   1.6657e-01   4.5872e+01   2.0660e+01   1.5278e-03   1.6308e-03   2.9082e+02
20260625_23:00:00   1.9345e-01   5.1832e+01   2.1002e+01   2.9460e-02   3.2476e-02   2.8927e+02
20260626_00:00:00   1.8751e-01   5.0553e+01   2.1438e+01   1.9190e-02   3.1265e-02   2.8852e+02
20260626_01:00:00   1.7077e-01   4.6821e+01   2.1268e+01   2.0600e-03   1.9082e-03   2.8887e+02
20260626_02:00:00   1.6643e-01   4.5728e+01   2.0809e+01   1.3132e-03   1.2730e-02   2.9040e+02
20260626_03:00:00   1.6195e-01   4.4676e+01   2.0448e+01   0.0000e+00   0.0000e+00   2.8944e+02
20260626_04:00:00   1.6648e-01   4.5721e+01   2.1124e+01   0.0000e+00   4.4380e-04   2.8969e+02
20260626_05:00:00   1.7457e-01   4.7454e+01   2.1927e+01   2.8520e-03   2.7998e-02   2.8857e+02
20260626_06:00:00   1.8575e-01   4.9943e+01   2.2383e+01   9.9180e-03   1.1658e-02   2.9028e+02
20260626_07:00:00   1.8234e-01   4.9352e+01   2.2976e+01   0.0000e+00   3.7358e-03   2.9191e+02
20260626_08:00:00   1.8749e-01   5.0579e+01   2.3594e+01   0.0000e+00   3.1285e-03   2.9261e+02
20260626_09:00:00   1.9281e-01   5.1871e+01   2.4260e+01   0.0000e+00   3.8296e-03   2.9152e+02
20260626_10:00:00   1.9116e-01   5.1490e+01   2.4003e+01   0.0000e+00   1.1551e-02   2.9011e+02
20260626_11:00:00   1.8943e-01   5.1121e+01   2.3598e+01   0.0000e+00   4.4837e-03   2.9008e+02
20260626_12:00:00   1.8703e-01   5.0539e+01   2.3325e+01   0.0000e+00   2.5502e-03   2.9134e+02
20260626_13:00:00   1.8672e-01   5.0476e+01   2.3242e+01   0.0000e+00   4.0289e-04   2.9248e+02
20260626_14:00:00   1.8818e-01   5.0833e+01   2.3446e+01   0.0000e+00   8.1258e-04   2.9126e+02
20260626_15:00:00   1.9101e-01   5.1544e+01   2.3848e+01   0.0000e+00   4.1944e-04   2.9129e+02
20260626_16:00:00   1.9578e-01   5.2678e+01   2.4545e+01   0.0000e+00   1.3679e-04   2.9208e+02
20260626_17:00:00   2.0313e-01   5.4402e+01   2.5489e+01   0.0000e+00   3.1728e-05   2.9143e+02
20260626_18:00:00   2.0843e-01   5.5645e+01   2.6170e+01   0.0000e+00   8.5820e-06   2.9069e+02
20260626_19:00:00   2.5652e-01   6.5877e+01   2.6740e+01   4.9821e-02   1.0402e-03   2.8756e+02
20260626_20:00:00   1.0171e+00   1.7525e+02   2.8128e+01   8.9558e-01   2.3915e-01   2.8620e+02
20260626_21:00:00   9.8804e-01   1.7176e+02   3.2012e+01   8.3421e-01   1.9154e+00   2.8602e+02
20260626_22:00:00   3.3117e-01   8.0115e+01   3.0199e+01   9.6723e-02   1.5503e+00   2.8708e+02
20260626_23:00:00   5.0240e-01   1.0989e+02   3.0347e+01   2.8990e-01   9.6466e-01   2.8693e+02
20260627_00:00:00   2.4868e-01   6.4042e+01   2.9809e+01   5.7990e-03   6.1513e-01   2.8834e+02
20260627_01:00:00   2.2342e-01   5.8774e+01   2.7784e+01   0.0000e+00   2.1648e-01   2.8890e+02
20260627_02:00:00   2.0348e-01   5.4420e+01   2.5819e+01   0.0000e+00   7.0044e-02   2.8793e+02
20260627_03:00:00   2.1519e-01   5.6984e+01   2.6502e+01   7.4584e-03   2.9064e-02   2.8863e+02
20260627_04:00:00   2.0625e-01   5.4999e+01   2.6346e+01   0.0000e+00   9.9399e-02   2.8805e+02
20260627_05:00:00   2.0969e-01   5.5733e+01   2.6723e+01   0.0000e+00   7.2996e-02   2.8820e+02
20260627_06:00:00   2.1564e-01   5.7124e+01   2.7090e+01   0.0000e+00   8.1270e-03   2.8750e+02
20260627_07:00:00   2.1523e-01   5.7027e+01   2.7008e+01   3.7160e-04   7.2531e-03   2.8624e+02
20260627_08:00:00   2.1698e-01   5.7401e+01   2.7140e+01   0.0000e+00   4.7631e-02   2.8570e+02
20260627_09:00:00   2.1245e-01   5.6382e+01   2.6545e+01   0.0000e+00   5.6800e-02   2.8580e+02
20260627_10:00:00   2.1532e-01   5.6988e+01   2.6614e+01   2.1020e-03   2.7010e-02   2.8672e+02
20260627_11:00:00   2.1394e-01   5.6662e+01   2.6614e+01   0.0000e+00   5.9069e-03   2.8762e+02
20260627_12:00:00   2.1087e-01   5.5959e+01   2.6282e+01   0.0000e+00   8.0893e-03   2.8791e+02
20260627_15:00:00   2.1020e-01   5.5939e+01   2.6109e+01   0.0000e+00   1.9440e-03   2.8745e+02
20260627_18:00:00   2.1457e-01   5.7072e+01   2.6679e+01   0.0000e+00   1.1030e-03   2.8810e+02
20260627_21:00:00   3.9431e-01   9.2662e+01   2.8256e+01   1.9221e-01   5.2679e-03   2.8461e+02
20260628_00:00:00   7.0656e-01   1.4094e+02   3.0339e+01   5.2020e-01   2.3268e-01   2.8548e+02
20260628_03:00:00   4.5467e-01   1.0307e+02   3.1503e+01   2.2383e-01   2.3139e-01   2.8632e+02
20260628_06:00:00   2.3347e-01   6.1009e+01   2.9083e+01   1.4624e-04   5.1322e-02   2.8598e+02
20260628_09:00:00   2.3946e-01   6.2192e+01   2.8928e+01   7.8079e-03   5.6594e-02   2.8451e+02
20260628_12:00:00   2.2742e-01   5.9662e+01   2.6903e+01   9.6140e-03   7.0387e-03   2.8202e+02
20260628_15:00:00   2.1953e-01   5.8186e+01   2.6325e+01   0.0000e+00   6.0795e-03   2.8521e+02
20260628_18:00:00   2.2758e-01   6.0154e+01   2.7011e+01   0.0000e+00   0.0000e+00   2.8314e+02
20260628_21:00:00   4.0559e-01   9.5605e+01   2.8363e+01   1.9393e-01   1.4484e-04   2.7983e+02
20260629_00:00:00   4.2145e-01   9.7997e+01   3.1651e+01   1.7763e-01   5.2651e-01   2.8116e+02
20260629_03:00:00   4.0307e-01   9.4163e+01   3.1887e+01   1.5567e-01   3.4031e-01   2.8488e+02
20260629_06:00:00   2.6633e-01   6.8161e+01   3.1026e+01   8.6138e-03   2.3426e-01   2.8462e+02
20260629_09:00:00   2.3517e-01   6.1675e+01   2.8098e+01   0.0000e+00   3.6560e-06   2.8535e+02
20260629_12:00:00   2.0514e-01   5.5054e+01   2.3906e+01   0.0000e+00   7.4620e-05   2.8570e+02
20260629_15:00:00   2.1671e-01   5.7768e+01   2.4660e+01   0.0000e+00   5.9780e-05   2.8761e+02
20260629_18:00:00   2.3220e-01   6.1413e+01   2.6302e+01   6.0940e-04   4.5140e-05   2.8712e+02
20260629_21:00:00   9.6195e-01   1.7209e+02   2.9874e+01   8.0860e-01   8.5321e-03   2.8688e+02
20260630_00:00:00   3.1730e-01   7.8082e+01   3.1143e+01   6.6563e-02   8.0963e-01   2.8680e+02
20260630_03:00:00   2.5177e-01   6.5436e+01   3.0047e+01   0.0000e+00   6.9400e-04   2.8528e+02
20260630_06:00:00   2.3196e-01   6.1015e+01   2.6562e+01   0.0000e+00   5.3468e-04   2.8664e+02
20260630_09:00:00   2.2367e-01   5.9230e+01   2.4530e+01   0.0000e+00   5.4116e-03   2.8616e+02
20260630_12:00:00   2.1655e-01   5.7545e+01   2.3642e+01   0.0000e+00   8.7822e-03   2.8781e+02
20260630_15:00:00   2.3407e-01   6.1446e+01   2.5415e+01   0.0000e+00   1.7966e-05   2.8971e+02
20260630_18:00:00   2.4752e-01   6.4554e+01   2.7366e+01   0.0000e+00   0.0000e+00   2.8961e+02
20260630_21:00:00   4.5761e-01   1.0505e+02   2.8296e+01   2.4104e-01   1.5448e-05   2.8956e+02
20260701_00:00:00   4.9391e-01   1.0985e+02   3.1184e+01   2.5997e-01   2.5493e-01   2.8726e+02
20260701_03:00:00   4.1587e-01   9.6393e+01   3.5019e+01   1.3030e-01   7.0320e-01   2.8643e+02
20260701_06:00:00   2.7969e-01   7.0901e+01   3.3025e+01   0.0000e+00   1.8405e-01   2.8987e+02
20260701_09:00:00   3.8747e-01   9.1660e+01   3.1563e+01   1.2874e-01   7.0744e-02   2.8921e+02
20260701_12:00:00   2.5733e-01   6.6181e+01   2.8467e+01   4.9780e-04   1.6980e-02   2.9155e+02
20260701_15:00:00   2.2196e-01   5.8639e+01   2.4043e+01   0.0000e+00   5.7540e-05   2.9362e+02
20260701_18:00:00   2.2487e-01   5.9448e+01   2.4615e+01   8.0440e-05   0.0000e+00   2.9678e+02
20260701_21:00:00   2.3109e-01   6.0585e+01   2.7038e+01   3.1518e-03   0.0000e+00   2.9930e+02
20260702_00:00:00   2.3380e-01   6.1340e+01   2.7404e+01   2.4222e-03   0.0000e+00   2.9814e+02
20260702_03:00:00   2.2411e-01   5.9218e+01   2.5774e+01   0.0000e+00   0.0000e+00   2.9791e+02
20260702_06:00:00   2.2480e-01   5.9232e+01   2.5280e+01   0.0000e+00   0.0000e+00   2.9903e+02
20260702_09:00:00   1.9632e-01   5.2794e+01   2.1573e+01   0.0000e+00   0.0000e+00   2.9767e+02
20260702_12:00:00   1.7607e-01   4.7994e+01   1.8783e+01   0.0000e+00   0.0000e+00   2.9744e+02
20260702_15:00:00   1.7443e-01   4.7756e+01   1.7771e+01   0.0000e+00   0.0000e+00   2.9861e+02
20260702_18:00:00   1.9559e-01   5.2840e+01   2.0815e+01   0.0000e+00   0.0000e+00   2.9671e+02
20260702_21:00:00   1.7044e-01   4.6853e+01   1.9296e+01   0.0000e+00   0.0000e+00   2.9517e+02
20260703_00:00:00   1.7771e-01   4.8562e+01   2.0584e+01   0.0000e+00   0.0000e+00   3.0400e+02
20260703_03:00:00   1.6187e-01   4.4804e+01   1.7846e+01   0.0000e+00   0.0000e+00   3.0991e+02
20260703_06:00:00   1.8788e-01   5.0730e+01   2.1300e+01   0.0000e+00   0.0000e+00   3.0893e+02
20260703_09:00:00   1.8232e-01   4.9197e+01   2.1447e+01   0.0000e+00   0.0000e+00   3.0941e+02
20260703_12:00:00   2.2458e-01   5.8770e+01   2.6582e+01   0.0000e+00   0.0000e+00   3.1103e+02
20260703_15:00:00   2.5200e-01   6.4882e+01   2.9382e+01   0.0000e+00   0.0000e+00   3.1311e+02
20260703_18:00:00   2.6152e-01   6.7003e+01   2.9880e+01   5.7720e-03   1.9035e-04   3.0824e+02
20260703_21:00:00   2.9710e-01   7.4653e+01   2.9146e+01   5.9599e-02   4.5920e-04   3.0301e+02
20260704_00:00:00   2.5885e-01   6.6768e+01   2.8995e+01   1.5482e-02   9.8870e-05   3.0192e+02
20260704_03:00:00   2.3782e-01   6.2352e+01   2.7321e+01   0.0000e+00   0.0000e+00   3.0173e+02
20260704_06:00:00   2.3191e-01   6.0951e+01   2.6470e+01   0.0000e+00   0.0000e+00   3.0105e+02
20260704_09:00:00   2.1532e-01   5.7202e+01   2.4740e+01   0.0000e+00   3.2900e-05   2.9944e+02
20260704_12:00:00   2.0514e-01   5.4861e+01   2.3250e+01   0.0000e+00   0.0000e+00   3.0202e+02
20260704_15:00:00   1.9721e-01   5.3121e+01   2.1937e+01   0.0000e+00   2.0700e-06   3.0677e+02
20260704_18:00:00   1.9985e-01   5.3771e+01   2.2638e+01   0.0000e+00   3.9841e-03   3.0196e+02
20260704_21:00:00   2.0069e-01   5.3853e+01   2.3926e+01   0.0000e+00   1.7166e-05   3.0512e+02
20260705_00:00:00   2.2771e-01   5.9932e+01   2.7498e+01   1.7916e-04   0.0000e+00   3.0394e+02
20260705_03:00:00   2.3080e-01   6.0643e+01   2.7387e+01   0.0000e+00   0.0000e+00   3.0174e+02
20260705_06:00:00   2.2979e-01   6.0369e+01   2.7148e+01   0.0000e+00   6.2100e-06   3.0124e+02
20260705_09:00:00   2.1867e-01   5.7774e+01   2.5691e+01   0.0000e+00   0.0000e+00   3.0230e+02
20260705_12:00:00   2.2789e-01   5.9813e+01   2.6686e+01   0.0000e+00   5.7662e-04   3.0009e+02
20260705_15:00:00   2.4246e-01   6.3066e+01   2.8096e+01   0.0000e+00   3.3976e-04   3.0136e+02
20260705_18:00:00   2.8362e-01   7.1840e+01   2.9533e+01   3.4381e-02   2.6728e-04   3.0125e+02
20260705_21:00:00   7.6338e-01   1.4982e+02   3.4100e+01   5.4058e-01   2.6372e-02   3.0031e+02
20260706_00:00:00   2.5918e-01   6.6899e+01   2.9884e+01   6.1590e-03   1.0754e-05   3.0144e+02
20260706_03:00:00   2.7310e-01   6.9647e+01   3.0271e+01   2.1056e-02   1.7081e-03   2.9993e+02
20260706_06:00:00   2.4302e-01   6.3342e+01   2.8547e+01   0.0000e+00   0.0000e+00   2.9956e+02
20260706_09:00:00   2.2701e-01   5.9843e+01   2.5938e+01   0.0000e+00   0.0000e+00   3.0000e+02
20260706_12:00:00   2.4111e-01   6.2832e+01   2.6964e+01   0.0000e+00   0.0000e+00   3.0340e+02
20260706_15:00:00   2.3226e-01   6.1035e+01   2.5394e+01   0.0000e+00   0.0000e+00   3.0237e+02
20260706_18:00:00   2.4054e-01   6.2958e+01   2.5045e+01   1.3065e-02   0.0000e+00   3.0647e+02
20260706_21:00:00   3.8961e-01   9.2478e+01   2.4314e+01   1.9424e-01   4.6800e-05   3.0669e+02
20260707_00:00:00   1.8700e-01   5.0841e+01   2.0695e+01   6.6240e-05   0.0000e+00   3.1446e+02
20260707_03:00:00   1.7894e-01   4.8918e+01   1.9077e+01   3.0620e-03   0.0000e+00   3.1453e+02
20260707_06:00:00   1.9558e-01   5.2856e+01   2.0851e+01   0.0000e+00   0.0000e+00   3.1486e+02
20260707_09:00:00   1.8153e-01   4.9523e+01   1.9092e+01   0.0000e+00   0.0000e+00   3.1527e+02
20260707_12:00:00   1.8264e-01   4.9637e+01   1.9397e+01   0.0000e+00   0.0000e+00   3.1418e+02
20260707_15:00:00   2.1281e-01   5.6380e+01   2.1023e+01   1.9226e-02   4.4040e-06   3.1598e+02
20260707_18:00:00   1.9308e-01   5.1971e+01   2.0529e+01   6.0980e-03   6.3160e-05   3.1449e+02
20260707_21:00:00   2.2146e-01   5.8054e+01   2.1295e+01   3.9539e-02   5.4920e-04   3.1195e+02
20260708_00:00:00   3.4909e-01   8.3993e+01   2.2335e+01   1.7353e-01   5.5000e-04   3.0871e+02
20260708_03:00:00   2.0838e-01   5.5793e+01   2.2669e+01   0.0000e+00   0.0000e+00   3.0748e+02
20260708_06:00:00   1.9087e-01   5.1622e+01   2.0835e+01   0.0000e+00   0.0000e+00   3.0879e+02
20260708_09:00:00   2.0091e-01   5.3817e+01   2.2089e+01   0.0000e+00   0.0000e+00   3.0851e+02
20260708_12:00:00   1.8898e-01   5.0998e+01   2.0637e+01   0.0000e+00   2.0700e-06   3.0983e+02
