#            date       tau255        Tb[K]      pwv[mm] lwp[kg*m^-2] iwp[kg*m^-2]       o3[DU]
20260213_00:00:00   1.3676e-01   3.7506e+01   1.4842e+01   0.0000e+00   4.6378e-02   2.6101e+02
20260213_01:00:00   1.4009e-01   3.8295e+01   1.5217e+01   0.0000e+00   4.1864e-02   2.6100e+02
20260213_02:00:00   1.3955e-01   3.8193e+01   1.5035e+01   0.0000e+00   3.4979e-02   2.6159e+02
20260213_03:00:00   1.3778e-01   3.7764e+01   1.4768e+01   0.0000e+00   9.1398e-02   2.6205e+02
20260213_04:00:00   1.3453e-01   3.6957e+01   1.4437e+01   0.0000e+00   1.3993e-01   2.6294e+02
20260213_05:00:00   1.3432e-01   3.6908e+01   1.4450e+01   0.0000e+00   1.2013e-01   2.6349e+02
20260213_06:00:00   1.3635e-01   3.7393e+01   1.4760e+01   0.0000e+00   9.8716e-02   2.6286e+02
20260213_07:00:00   1.3573e-01   3.7260e+01   1.4779e+01   0.0000e+00   2.4774e-02   2.6190e+02
20260213_08:00:00   1.4329e-01   3.9107e+01   1.5667e+01   0.0000e+00   1.1976e-02   2.6319e+02
20260213_09:00:00   1.4192e-01   3.8811e+01   1.5477e+01   0.0000e+00   8.8071e-03   2.6372e+02
20260213_10:00:00   1.3873e-01   3.8097e+01   1.4968e+01   0.0000e+00   1.5196e-02   2.6383e+02
20260213_11:00:00   1.4117e-01   3.8711e+01   1.5173e+01   0.0000e+00   3.1068e-02   2.6416e+02
20260213_12:00:00   1.3755e-01   3.7835e+01   1.4737e+01   0.0000e+00   1.8549e-02   2.6127e+02
20260213_13:00:00   1.3435e-01   3.7019e+01   1.4374e+01   0.0000e+00   1.7078e-02   2.6176e+02
20260213_14:00:00   1.3355e-01   3.6784e+01   1.4316e+01   0.0000e+00   3.6579e-02   2.6186e+02
20260213_15:00:00   1.3523e-01   3.7125e+01   1.4615e+01   0.0000e+00   1.1099e-01   2.6221e+02
20260213_16:00:00   1.3744e-01   3.7629e+01   1.4963e+01   0.0000e+00   1.7288e-01   2.6548e+02
20260213_17:00:00   1.4482e-01   3.9368e+01   1.5849e+01   0.0000e+00   3.3057e-01   2.6824e+02
20260213_18:00:00   1.5385e-01   4.1540e+01   1.6913e+01   0.0000e+00   2.5530e-01   2.7140e+02
20260213_19:00:00   1.6506e-01   4.4172e+01   1.8189e+01   0.0000e+00   2.8268e-01   2.7409e+02
20260213_20:00:00   1.6753e-01   4.4756e+01   1.8473e+01   0.0000e+00   2.2801e-01   2.7413e+02
20260213_21:00:00   1.6614e-01   4.4468e+01   1.8283e+01   0.0000e+00   2.1243e-01   2.7508e+02
20260213_22:00:00   1.6673e-01   4.4602e+01   1.8344e+01   0.0000e+00   1.8964e-01   2.7570e+02
20260213_23:00:00   1.7202e-01   4.5809e+01   1.8907e+01   0.0000e+00   2.5632e-01   2.7553e+02
20260214_00:00:00   1.8098e-01   4.7827e+01   1.9812e+01   0.0000e+00   2.1104e-01   2.7644e+02
20260214_01:00:00   1.8194e-01   4.8019e+01   1.9834e+01   0.0000e+00   6.5380e-02   2.7581e+02
20260214_02:00:00   1.8416e-01   4.8468e+01   1.9841e+01   0.0000e+00   1.9790e-01   2.7750e+02
20260214_03:00:00   1.8602e-01   4.8795e+01   1.9886e+01   0.0000e+00   2.8105e-01   2.8560e+02
20260214_04:00:00   1.7766e-01   4.6880e+01   1.9032e+01   0.0000e+00   1.6666e-01   3.0167e+02
20260214_05:00:00   1.7851e-01   4.7071e+01   1.9047e+01   0.0000e+00   1.4477e-02   3.0301e+02
20260214_06:00:00   1.7697e-01   4.6723e+01   1.8373e+01   0.0000e+00   2.9009e-03   3.0237e+02
20260214_07:00:00   1.6829e-01   4.4801e+01   1.6837e+01   0.0000e+00   8.1561e-04   3.0486e+02
20260214_08:00:00   1.6007e-01   4.2890e+01   1.5724e+01   0.0000e+00   2.0011e-03   3.0670e+02
20260214_09:00:00   1.5210e-01   4.0977e+01   1.4739e+01   2.6803e-04   3.6929e-02   3.0953e+02
20260214_10:00:00   1.4795e-01   3.9939e+01   1.4185e+01   0.0000e+00   3.3104e-03   3.0588e+02
20260214_11:00:00   1.5688e-01   4.1913e+01   1.3971e+01   9.1796e-03   3.6168e-02   3.0815e+02
20260214_12:00:00   1.4735e-01   3.9572e+01   1.3720e+01   0.0000e+00   9.5779e-02   3.0600e+02
20260214_13:00:00   1.3917e-01   3.7597e+01   1.2839e+01   4.9369e-04   3.5826e-02   3.0975e+02
20260214_14:00:00   1.3422e-01   3.6384e+01   1.2193e+01   3.0801e-04   3.9361e-02   3.0828e+02
20260214_15:00:00   1.2441e-01   3.3984e+01   1.1082e+01   4.9021e-04   2.3127e-02   3.0909e+02
20260214_16:00:00   1.1255e-01   3.1163e+01   9.7612e+00   0.0000e+00   7.6780e-05   3.1162e+02
20260214_17:00:00   1.1831e-01   3.2513e+01   1.0507e+01   1.0202e-04   6.3318e-04   3.1984e+02
20260214_18:00:00   1.2656e-01   3.4433e+01   1.1524e+01   0.0000e+00   1.0532e-02   3.1716e+02
20260214_19:00:00   1.2407e-01   3.3908e+01   1.1049e+01   1.5360e-03   1.3252e-04   3.0854e+02
20260214_20:00:00   1.1952e-01   3.2907e+01   1.0546e+01   3.5980e-04   2.2346e-05   3.0439e+02
20260214_21:00:00   1.1764e-01   3.2475e+01   1.0419e+01   0.0000e+00   2.6880e-05   3.0067e+02
20260214_22:00:00   1.1559e-01   3.2005e+01   1.0267e+01   0.0000e+00   1.8462e-05   2.9656e+02
20260214_23:00:00   1.1617e-01   3.2208e+01   1.0207e+01   1.5548e-04   4.8580e-06   2.8891e+02
20260215_00:00:00   1.1225e-01   3.1331e+01   9.5973e+00   0.0000e+00   0.0000e+00   2.8623e+02
20260215_01:00:00   1.0803e-01   3.0351e+01   8.9973e+00   0.0000e+00   0.0000e+00   2.8313e+02
20260215_02:00:00   1.0577e-01   2.9824e+01   8.6041e+00   0.0000e+00   0.0000e+00   2.8157e+02
20260215_03:00:00   1.0344e-01   2.9264e+01   8.2422e+00   0.0000e+00   0.0000e+00   2.7937e+02
20260215_04:00:00   9.8313e-02   2.8027e+01   7.5719e+00   0.0000e+00   0.0000e+00   2.7799e+02
20260215_05:00:00   9.5186e-02   2.7265e+01   7.1714e+00   0.0000e+00   0.0000e+00   2.7697e+02
20260215_06:00:00   9.3632e-02   2.6889e+01   6.9710e+00   0.0000e+00   0.0000e+00   2.7640e+02
20260215_07:00:00   9.2390e-02   2.6579e+01   6.7990e+00   0.0000e+00   0.0000e+00   2.7889e+02
20260215_08:00:00   9.0696e-02   2.6159e+01   6.5452e+00   0.0000e+00   0.0000e+00   2.7945e+02
20260215_09:00:00   8.9708e-02   2.5910e+01   6.3871e+00   0.0000e+00   0.0000e+00   2.7843e+02
20260215_10:00:00   8.6166e-02   2.5026e+01   5.9036e+00   0.0000e+00   0.0000e+00   2.7815e+02
20260215_11:00:00   8.3826e-02   2.4445e+01   5.5968e+00   0.0000e+00   0.0000e+00   2.7633e+02
20260215_12:00:00   8.4732e-02   2.4662e+01   5.7349e+00   0.0000e+00   0.0000e+00   2.7411e+02
20260215_13:00:00   8.5129e-02   2.4749e+01   5.8308e+00   0.0000e+00   0.0000e+00   2.7000e+02
20260215_14:00:00   8.3753e-02   2.4403e+01   5.6821e+00   0.0000e+00   0.0000e+00   2.6701e+02
20260215_15:00:00   8.0779e-02   2.3663e+01   5.3177e+00   0.0000e+00   0.0000e+00   2.6503e+02
20260215_16:00:00   7.8674e-02   2.3144e+01   5.0823e+00   0.0000e+00   1.5895e-05   2.6606e+02
20260215_17:00:00   7.8603e-02   2.3147e+01   5.1094e+00   0.0000e+00   2.0584e-05   2.6873e+02
20260215_18:00:00   7.9866e-02   2.3496e+01   5.3430e+00   0.0000e+00   1.1832e-04   2.7283e+02
20260215_19:00:00   8.0956e-02   2.3800e+01   5.5635e+00   0.0000e+00   0.0000e+00   2.7459e+02
20260215_20:00:00   7.9728e-02   2.3514e+01   5.4952e+00   0.0000e+00   0.0000e+00   2.7615e+02
20260215_21:00:00   7.9692e-02   2.3529e+01   5.5428e+00   0.0000e+00   9.6780e-05   2.7646e+02
20260215_22:00:00   8.0586e-02   2.3776e+01   5.7065e+00   0.0000e+00   8.7180e-05   2.7524e+02
20260215_23:00:00   8.0616e-02   2.3797e+01   5.7109e+00   0.0000e+00   2.5800e-04   2.7555e+02
20260216_00:00:00   8.0130e-02   2.3681e+01   5.5956e+00   0.0000e+00   1.3574e-04   2.7532e+02
20260216_01:00:00   7.9277e-02   2.3458e+01   5.4313e+00   0.0000e+00   8.9820e-05   2.7354e+02
20260216_02:00:00   7.9017e-02   2.3380e+01   5.3827e+00   0.0000e+00   3.4140e-04   2.7284e+02
20260216_03:00:00   7.6741e-02   2.2793e+01   5.0304e+00   0.0000e+00   3.6802e-04   2.7283e+02
20260216_04:00:00   7.4237e-02   2.2149e+01   4.6471e+00   0.0000e+00   5.4672e-04   2.7119e+02
20260216_05:00:00   7.3230e-02   2.1878e+01   4.5575e+00   0.0000e+00   1.5670e-02   2.6971e+02
20260216_06:00:00   7.3245e-02   2.1870e+01   4.6362e+00   0.0000e+00   2.4471e-02   2.6979e+02
20260216_07:00:00   7.3963e-02   2.2025e+01   4.7975e+00   0.0000e+00   9.3000e-02   2.6939e+02
20260216_08:00:00   7.4725e-02   2.2234e+01   4.9417e+00   0.0000e+00   6.8200e-03   2.6889e+02
20260216_09:00:00   7.5534e-02   2.2459e+01   5.0802e+00   0.0000e+00   2.5257e-05   2.6984e+02
20260216_10:00:00   7.8107e-02   2.3090e+01   5.6316e+00   0.0000e+00   1.2363e-03   2.6914e+02
20260216_11:00:00   8.1054e-02   2.3806e+01   6.2074e+00   0.0000e+00   1.5074e-03   2.6899e+02
20260216_12:00:00   8.1751e-02   2.3999e+01   6.3341e+00   0.0000e+00   1.0108e-04   2.6932e+02
20260216_13:00:00   8.2927e-02   2.4237e+01   6.7153e+00   0.0000e+00   2.5880e-04   2.6851e+02
20260216_14:00:00   8.3235e-02   2.4340e+01   6.7250e+00   0.0000e+00   1.5896e-05   2.6597e+02
20260216_15:00:00   8.2183e-02   2.4099e+01   6.5201e+00   0.0000e+00   4.9580e-05   2.6594e+02
20260216_16:00:00   8.0169e-02   2.3601e+01   6.2474e+00   0.0000e+00   4.8580e-06   2.6654e+02
20260216_17:00:00   8.0959e-02   2.3823e+01   6.4104e+00   0.0000e+00   0.0000e+00   2.6644e+02
20260216_18:00:00   8.1734e-02   2.3992e+01   6.6828e+00   0.0000e+00   0.0000e+00   2.6589e+02
20260216_19:00:00   8.3379e-02   2.4403e+01   6.9683e+00   0.0000e+00   0.0000e+00   2.6420e+02
20260216_20:00:00   8.4647e-02   2.4715e+01   7.3126e+00   0.0000e+00   1.7580e-05   2.6203e+02
20260216_21:00:00   8.3454e-02   2.4437e+01   7.1805e+00   0.0000e+00   9.9220e-05   2.6123e+02
20260216_22:00:00   8.4760e-02   2.4743e+01   7.6161e+00   0.0000e+00   2.4300e-06   2.6105e+02
20260216_23:00:00   8.4819e-02   2.4759e+01   7.6555e+00   0.0000e+00   3.5826e-05   2.6141e+02
20260217_00:00:00   8.6324e-02   2.5127e+01   7.9315e+00   0.0000e+00   1.3854e-05   2.6103e+02
20260217_01:00:00   8.6785e-02   2.5232e+01   7.9871e+00   0.0000e+00   1.1812e-05   2.6081e+02
20260217_02:00:00   8.5989e-02   2.5034e+01   7.8797e+00   0.0000e+00   1.7096e-04   2.6042e+02
20260217_03:00:00   8.6853e-02   2.5235e+01   8.0655e+00   0.0000e+00   0.0000e+00   2.5985e+02
20260217_04:00:00   8.6207e-02   2.5085e+01   7.9881e+00   0.0000e+00   2.6177e-04   2.5917e+02
20260217_05:00:00   8.6571e-02   2.5162e+01   8.0151e+00   0.0000e+00   6.1942e-02   2.5817e+02
20260217_06:00:00   8.6841e-02   2.5239e+01   8.0663e+00   0.0000e+00   6.3176e-02   2.5705e+02
20260217_07:00:00   8.9271e-02   2.5856e+01   8.5218e+00   0.0000e+00   1.2065e-02   2.5695e+02
20260217_08:00:00   9.0227e-02   2.6090e+01   8.7164e+00   0.0000e+00   6.3125e-03   2.5870e+02
20260217_09:00:00   8.9436e-02   2.5900e+01   8.6176e+00   0.0000e+00   3.4391e-03   2.6094e+02
20260217_10:00:00   9.0037e-02   2.6056e+01   8.7206e+00   0.0000e+00   1.3923e-03   2.6147e+02
20260217_11:00:00   8.8807e-02   2.5747e+01   8.5194e+00   0.0000e+00   3.2315e-04   2.6133e+02
20260217_12:00:00   8.6550e-02   2.5166e+01   8.1639e+00   0.0000e+00   1.9180e-04   2.6116e+02
20260217_13:00:00   8.5305e-02   2.4845e+01   7.9755e+00   0.0000e+00   3.7062e-04   2.6141e+02
20260217_14:00:00   8.5886e-02   2.4976e+01   8.0717e+00   0.0000e+00   2.0197e-04   2.6168e+02
20260217_15:00:00   8.6016e-02   2.5013e+01   8.0495e+00   0.0000e+00   2.7359e-04   2.6185e+02
20260217_16:00:00   8.6042e-02   2.5004e+01   8.0943e+00   0.0000e+00   1.0603e-03   2.6210e+02
20260217_17:00:00   8.7181e-02   2.5284e+01   8.2821e+00   0.0000e+00   4.7833e-04   2.6224e+02
20260217_18:00:00   8.8566e-02   2.5635e+01   8.5226e+00   0.0000e+00   1.2820e-04   2.6250e+02
20260217_19:00:00   9.1942e-02   2.6485e+01   9.1180e+00   0.0000e+00   5.1987e-04   2.6230e+02
20260217_20:00:00   9.5732e-02   2.7432e+01   9.7466e+00   0.0000e+00   1.6320e-02   2.6318e+02
20260217_21:00:00   9.8945e-02   2.8203e+01   1.0262e+01   0.0000e+00   5.7034e-02   2.6435e+02
20260217_22:00:00   1.0082e-01   2.8654e+01   1.0488e+01   0.0000e+00   7.5351e-02   2.6660e+02
20260217_23:00:00   1.0375e-01   2.9388e+01   1.0818e+01   0.0000e+00   1.3550e-01   2.6701e+02
20260218_00:00:00   1.1177e-01   3.1304e+01   1.2180e+01   1.7740e-04   4.3064e-02   2.6762e+02
20260218_03:00:00   1.1974e-01   3.3309e+01   1.3143e+01   0.0000e+00   9.0527e-03   2.6373e+02
20260218_06:00:00   1.2029e-01   3.3396e+01   1.3311e+01   0.0000e+00   1.5707e-02   2.6293e+02
20260218_09:00:00   1.2846e-01   3.5294e+01   1.4508e+01   0.0000e+00   7.9979e-02   2.6236e+02
20260218_12:00:00   1.2172e-01   3.3781e+01   1.3251e+01   0.0000e+00   0.0000e+00   2.6163e+02
20260218_15:00:00   1.2017e-01   3.3420e+01   1.2986e+01   0.0000e+00   4.2920e-06   2.6351e+02
20260218_18:00:00   1.1719e-01   3.2799e+01   1.2452e+01   0.0000e+00   4.8009e-04   2.6321e+02
20260218_21:00:00   1.0744e-01   3.0457e+01   1.1152e+01   0.0000e+00   1.5526e-04   2.6435e+02
20260219_00:00:00   1.0541e-01   3.0069e+01   1.0386e+01   5.2140e-04   2.7127e-02   2.6592e+02
20260219_03:00:00   1.0924e-01   3.1034e+01   1.0843e+01   0.0000e+00   0.0000e+00   2.6586e+02
20260219_06:00:00   9.7261e-02   2.8088e+01   8.9919e+00   0.0000e+00   1.0976e-03   2.6522e+02
20260219_09:00:00   9.1778e-02   2.6683e+01   8.2731e+00   0.0000e+00   7.7900e-03   2.6267e+02
20260219_12:00:00   1.0002e-01   2.8695e+01   9.4936e+00   0.0000e+00   2.1571e-02   2.6694e+02
20260219_15:00:00   9.7292e-02   2.7930e+01   9.3144e+00   0.0000e+00   2.9233e-02   2.6667e+02
20260219_18:00:00   7.4231e-02   2.2105e+01   5.5979e+00   0.0000e+00   1.2627e-03   2.7011e+02
20260219_21:00:00   8.4149e-02   2.4507e+01   7.7097e+00   0.0000e+00   7.3435e-03   2.7145e+02
20260220_00:00:00   7.6544e-02   2.2514e+01   6.2288e+00   0.0000e+00   6.2857e-03   2.7337e+02
20260220_03:00:00   8.4119e-02   2.4308e+01   7.5037e+00   0.0000e+00   1.1201e-01   2.7447e+02
20260220_06:00:00   8.0620e-02   2.3431e+01   6.7885e+00   0.0000e+00   1.6039e-01   2.7601e+02
20260220_09:00:00   8.6406e-02   2.4831e+01   7.8114e+00   0.0000e+00   3.5692e-02   2.7723e+02
20260220_12:00:00   9.3223e-02   2.6488e+01   8.7762e+00   0.0000e+00   5.5320e-02   2.8169e+02
20260220_15:00:00   9.4409e-02   2.6823e+01   8.7779e+00   0.0000e+00   1.5007e-02   2.8372e+02
20260220_18:00:00   9.4984e-02   2.7010e+01   8.7172e+00   0.0000e+00   7.9075e-02   2.8860e+02
20260220_21:00:00   9.7882e-02   2.7817e+01   9.1168e+00   0.0000e+00   4.4592e-03   2.9239e+02
20260221_00:00:00   9.5652e-02   2.7314e+01   8.7411e+00   0.0000e+00   2.0490e-02   2.9404e+02
20260221_03:00:00   1.0795e-01   3.0244e+01   1.0910e+01   0.0000e+00   3.0507e-03   2.9591e+02
20260221_06:00:00   1.0758e-01   3.0115e+01   1.0681e+01   0.0000e+00   3.9909e-03   2.9281e+02
20260221_09:00:00   9.9299e-02   2.8124e+01   9.3304e+00   0.0000e+00   3.3498e-03   2.8980e+02
20260221_12:00:00   1.0679e-01   2.9829e+01   1.0309e+01   0.0000e+00   6.2868e-02   2.9017e+02
20260221_15:00:00   1.4738e-01   3.9286e+01   1.5793e+01   0.0000e+00   1.4666e-01   2.9150e+02
20260221_18:00:00   1.0855e-01   3.0349e+01   9.1908e+00   9.5480e-04   2.4823e-03   2.9922e+02
20260221_21:00:00   1.0612e-01   2.9886e+01   8.6170e+00   0.0000e+00   3.0543e-03   2.9983e+02
20260222_00:00:00   1.0308e-01   2.9151e+01   8.5905e+00   0.0000e+00   2.8198e-03   2.9655e+02
20260222_03:00:00   9.1083e-02   2.6114e+01   7.1715e+00   0.0000e+00   2.3040e-03   3.0299e+02
20260222_06:00:00   7.9807e-02   2.3241e+01   5.4362e+00   0.0000e+00   0.0000e+00   3.0686e+02
20260222_09:00:00   7.1691e-02   2.1147e+01   4.0940e+00   0.0000e+00   0.0000e+00   3.1038e+02
20260222_12:00:00   6.8783e-02   2.0382e+01   3.6170e+00   0.0000e+00   0.0000e+00   3.0617e+02
20260222_15:00:00   6.8854e-02   2.0349e+01   3.8691e+00   0.0000e+00   4.2920e-06   3.0381e+02
20260222_18:00:00   6.9956e-02   2.0657e+01   4.2481e+00   0.0000e+00   2.2020e-05   2.9956e+02
20260222_21:00:00   6.9415e-02   2.0601e+01   4.2106e+00   0.0000e+00   0.0000e+00   2.9833e+02
20260223_00:00:00   7.1790e-02   2.1222e+01   4.6792e+00   0.0000e+00   0.0000e+00   2.9665e+02
20260223_03:00:00   7.9256e-02   2.3106e+01   5.8511e+00   0.0000e+00   0.0000e+00   2.9596e+02
20260223_06:00:00   8.0970e-02   2.3542e+01   6.0707e+00   0.0000e+00   0.0000e+00   2.9269e+02
20260223_09:00:00   8.4527e-02   2.4457e+01   6.5005e+00   0.0000e+00   0.0000e+00   2.9156e+02
20260223_12:00:00   8.5355e-02   2.4670e+01   6.5048e+00   0.0000e+00   0.0000e+00   2.9766e+02
20260223_15:00:00   9.7217e-02   2.7692e+01   7.9294e+00   0.0000e+00   0.0000e+00   2.9991e+02
20260223_18:00:00   1.0689e-01   3.0170e+01   9.2146e+00   0.0000e+00   0.0000e+00   2.9998e+02
20260223_21:00:00   1.1588e-01   3.2488e+01   1.0456e+01   0.0000e+00   4.6160e-04   2.9385e+02
20260224_00:00:00   1.2896e-01   3.5737e+01   1.1641e+01   0.0000e+00   1.5232e-02   2.8689e+02
20260224_03:00:00   1.2545e-01   3.4834e+01   1.1291e+01   0.0000e+00   1.0641e-02   2.8465e+02
20260224_06:00:00   1.2680e-01   3.5230e+01   1.1543e+01   0.0000e+00   0.0000e+00   2.8253e+02
20260224_09:00:00   1.3544e-01   3.7319e+01   1.2667e+01   0.0000e+00   8.6212e-03   2.8482e+02
20260224_12:00:00   1.3738e-01   3.7751e+01   1.3050e+01   0.0000e+00   1.7845e-02   2.8412e+02
20260224_15:00:00   1.4547e-01   3.9649e+01   1.4216e+01   3.5710e-04   1.9519e-02   2.8095e+02
20260224_18:00:00   1.5733e-01   4.2589e+01   1.5801e+01   0.0000e+00   3.0908e-02   2.8003e+02
20260224_21:00:00   1.4756e-01   4.0345e+01   1.4699e+01   0.0000e+00   1.9694e-03   2.7659e+02
20260225_00:00:00   1.3712e-01   3.7825e+01   1.3949e+01   0.0000e+00   3.4279e-02   2.7704e+02
20260225_03:00:00   1.4321e-01   3.9162e+01   1.5273e+01   0.0000e+00   1.8717e-01   2.7624e+02
20260225_06:00:00   1.5903e-01   4.2938e+01   1.7581e+01   0.0000e+00   1.5038e-03   2.7463e+02
20260225_09:00:00   1.6894e-01   4.5169e+01   1.8729e+01   0.0000e+00   1.5011e-02   2.7320e+02
20260225_12:00:00   1.3850e-01   3.7862e+01   1.5050e+01   0.0000e+00   4.0449e-03   2.7175e+02
20260225_15:00:00   1.2781e-01   3.4989e+01   1.4046e+01   0.0000e+00   3.0296e-02   2.7116e+02
20260225_18:00:00   1.4472e-01   3.8968e+01   1.6337e+01   7.0336e-04   1.3933e-02   2.7280e+02
20260225_21:00:00   1.4518e-01   3.9096e+01   1.6171e+01   9.3840e-04   6.8632e-03   2.7031e+02
20260226_00:00:00   1.3410e-01   3.6525e+01   1.4960e+01   0.0000e+00   2.9000e-02   2.7292e+02
20260226_03:00:00   1.7826e-01   4.6848e+01   1.8107e+01   1.6666e-02   4.9066e-02   2.7254e+02
20260226_06:00:00   1.7152e-01   4.5464e+01   1.9008e+01   9.2601e-04   1.8476e-02   2.6951e+02
20260226_09:00:00   1.6456e-01   4.3873e+01   1.7957e+01   6.8260e-04   3.6844e-03   2.6878e+02
20260226_12:00:00   1.6177e-01   4.3249e+01   1.7654e+01   0.0000e+00   6.3132e-03   2.6841e+02
20260226_15:00:00   1.6159e-01   4.3188e+01   1.7836e+01   0.0000e+00   4.7101e-02   2.6963e+02
20260226_18:00:00   1.6515e-01   4.4024e+01   1.8466e+01   0.0000e+00   1.4179e-02   2.6863e+02
20260226_21:00:00   1.6670e-01   4.4345e+01   1.8982e+01   0.0000e+00   1.2577e-01   2.6408e+02
20260227_00:00:00   1.6743e-01   4.4555e+01   1.8985e+01   0.0000e+00   6.7164e-03   2.5958e+02
20260227_03:00:00   1.9273e-01   5.0350e+01   2.0875e+01   6.0920e-03   2.0702e-02   2.5812e+02
20260227_06:00:00   1.5285e-01   4.1286e+01   1.6970e+01   0.0000e+00   1.2538e-04   2.5774e+02
20260227_09:00:00   1.4822e-01   4.0206e+01   1.6027e+01   0.0000e+00   7.6160e-06   2.5639e+02
20260227_12:00:00   1.4346e-01   3.9070e+01   1.5218e+01   0.0000e+00   4.2920e-06   2.5538e+02
20260227_15:00:00   1.3670e-01   3.7445e+01   1.4284e+01   0.0000e+00   8.0759e-05   2.5436e+02
20260227_18:00:00   1.2752e-01   3.5242e+01   1.3197e+01   0.0000e+00   2.5375e-04   2.5635e+02
20260227_21:00:00   1.2164e-01   3.3672e+01   1.2613e+01   0.0000e+00   3.4994e-03   2.5299e+02
20260228_00:00:00   9.0867e-02   2.5973e+01   7.9644e+00   0.0000e+00   1.2210e-02   2.5602e+02
20260228_03:00:00   8.2370e-02   2.3802e+01   6.1478e+00   0.0000e+00   0.0000e+00   2.5663e+02
20260228_06:00:00   6.9402e-02   2.0490e+01   3.7873e+00   0.0000e+00   4.1400e-06   2.6249e+02
20260228_09:00:00   7.1308e-02   2.0870e+01   3.8732e+00   0.0000e+00   0.0000e+00   2.7643e+02
20260228_12:00:00   7.0003e-02   2.0529e+01   3.6278e+00   0.0000e+00   0.0000e+00   2.9024e+02
20260228_15:00:00   6.6737e-02   1.9760e+01   3.1645e+00   0.0000e+00   0.0000e+00   3.0298e+02
20260228_18:00:00   6.6456e-02   1.9755e+01   3.2117e+00   0.0000e+00   0.0000e+00   3.0711e+02
20260228_21:00:00   6.8482e-02   2.0312e+01   3.6495e+00   0.0000e+00   0.0000e+00   3.0937e+02
20260301_00:00:00   6.9907e-02   2.0676e+01   3.9931e+00   0.0000e+00   0.0000e+00   3.2249e+02
