#            date       tau255        Tb[K]      pwv[mm] lwp[kg*m^-2] iwp[kg*m^-2]       o3[DU]
20260705_12:00:00   1.7982e-01   4.9079e+01   2.0001e+01   0.0000e+00   1.0912e-02   3.0716e+02
20260705_13:00:00   1.6933e-01   4.6574e+01   1.8703e+01   0.0000e+00   1.7895e-02   3.0687e+02
20260705_14:00:00   1.6895e-01   4.6435e+01   1.8918e+01   0.0000e+00   1.5955e-02   3.0477e+02
20260705_15:00:00   1.7263e-01   4.7330e+01   1.9277e+01   0.0000e+00   6.1540e-03   3.0501e+02
20260705_16:00:00   1.7429e-01   4.7774e+01   1.9316e+01   0.0000e+00   8.8802e-03   3.0113e+02
20260705_17:00:00   1.8121e-01   4.9425e+01   2.0267e+01   0.0000e+00   1.0795e-02   3.0144e+02
20260705_18:00:00   1.8444e-01   5.0200e+01   2.0759e+01   0.0000e+00   4.5000e-03   2.9976e+02
20260705_19:00:00   1.8029e-01   4.9227e+01   2.0564e+01   0.0000e+00   3.9893e-03   2.9855e+02
20260705_20:00:00   1.8789e-01   5.1001e+01   2.1729e+01   0.0000e+00   1.5313e-03   2.9939e+02
20260705_21:00:00   1.8422e-01   5.0138e+01   2.1465e+01   0.0000e+00   4.1301e-03   3.0006e+02
20260705_22:00:00   1.8200e-01   4.9620e+01   2.1262e+01   0.0000e+00   6.5600e-03   3.0225e+02
20260705_23:00:00   1.8273e-01   4.9803e+01   2.1368e+01   0.0000e+00   2.5403e-03   3.0082e+02
20260706_00:00:00   1.8532e-01   5.0461e+01   2.1619e+01   0.0000e+00   2.4138e-03   2.9855e+02
20260706_01:00:00   1.7894e-01   4.9047e+01   2.0678e+01   0.0000e+00   4.2002e-04   3.0141e+02
20260706_02:00:00   1.8111e-01   4.9583e+01   2.0681e+01   0.0000e+00   7.3120e-06   3.0303e+02
20260706_03:00:00   1.9605e-01   5.3032e+01   2.2283e+01   0.0000e+00   1.2445e-03   3.0371e+02
20260706_04:00:00   1.9332e-01   5.2392e+01   2.1771e+01   0.0000e+00   2.8529e-03   3.0639e+02
20260706_05:00:00   2.0051e-01   5.3969e+01   2.2790e+01   0.0000e+00   3.0322e-03   3.0379e+02
20260706_06:00:00   2.1341e-01   5.6830e+01   2.4357e+01   0.0000e+00   3.4533e-04   3.0263e+02
20260706_07:00:00   2.0631e-01   5.5190e+01   2.3422e+01   0.0000e+00   5.1360e-05   3.0159e+02
20260706_08:00:00   2.1146e-01   5.6298e+01   2.4002e+01   0.0000e+00   1.2664e-03   3.0121e+02
20260706_09:00:00   2.1166e-01   5.6304e+01   2.4148e+01   0.0000e+00   4.8580e-06   3.0472e+02
20260706_10:00:00   2.2092e-01   5.8331e+01   2.5163e+01   0.0000e+00   2.4300e-06   3.0186e+02
20260706_11:00:00   2.1499e-01   5.6886e+01   2.5005e+01   0.0000e+00   1.0300e-05   2.9948e+02
20260706_12:00:00   2.1824e-01   5.7533e+01   2.5643e+01   0.0000e+00   7.0700e-05   2.9962e+02
20260706_13:00:00   2.1092e-01   5.5908e+01   2.4791e+01   0.0000e+00   0.0000e+00   2.9797e+02
20260706_14:00:00   2.1079e-01   5.5899e+01   2.4795e+01   0.0000e+00   0.0000e+00   2.9674e+02
20260706_15:00:00   2.1274e-01   5.6382e+01   2.4986e+01   0.0000e+00   0.0000e+00   2.9762e+02
20260706_16:00:00   2.1947e-01   5.7954e+01   2.5616e+01   0.0000e+00   0.0000e+00   2.9701e+02
20260706_17:00:00   2.2199e-01   5.8579e+01   2.5827e+01   0.0000e+00   0.0000e+00   2.9903e+02
20260706_18:00:00   2.2428e-01   5.9139e+01   2.6032e+01   0.0000e+00   0.0000e+00   3.0045e+02
20260706_19:00:00   2.2889e-01   6.0185e+01   2.6550e+01   3.7440e-05   0.0000e+00   3.0061e+02
20260706_20:00:00   3.0145e-01   7.5351e+01   2.7029e+01   7.9067e-02   5.5519e-06   2.9998e+02
20260706_21:00:00   4.8220e-01   1.0833e+02   2.8147e+01   2.7442e-01   5.4576e-04   2.9996e+02
20260706_22:00:00   3.2204e-01   7.9296e+01   2.8028e+01   9.3770e-02   1.7324e-04   3.0052e+02
20260706_23:00:00   2.7911e-01   7.0699e+01   2.6966e+01   5.6799e-02   1.3684e-04   3.0200e+02
20260707_00:00:00   2.8708e-01   7.2374e+01   2.6490e+01   7.0210e-02   7.9780e-05   2.9952e+02
20260707_01:00:00   3.2994e-01   8.1026e+01   2.7167e+01   1.1152e-01   4.7486e-04   2.9978e+02
20260707_02:00:00   3.2609e-01   8.0101e+01   2.7396e+01   1.0224e-01   2.2567e-04   2.9864e+02
20260707_03:00:00   2.3694e-01   6.1890e+01   2.6868e+01   6.4760e-03   9.0675e-04   2.9730e+02
20260707_04:00:00   2.2441e-01   5.9142e+01   2.6188e+01   0.0000e+00   2.9320e-03   3.0010e+02
20260707_05:00:00   2.1925e-01   5.7975e+01   2.5556e+01   0.0000e+00   3.2900e-03   3.0072e+02
20260707_06:00:00   2.1689e-01   5.7529e+01   2.4592e+01   0.0000e+00   1.6014e-03   2.9932e+02
20260707_07:00:00   2.0818e-01   5.5590e+01   2.3451e+01   0.0000e+00   9.1880e-05   2.9849e+02
20260707_08:00:00   1.9558e-01   5.2731e+01   2.2007e+01   0.0000e+00   0.0000e+00   2.9651e+02
20260707_09:00:00   1.8947e-01   5.1324e+01   2.0993e+01   0.0000e+00   0.0000e+00   2.9582e+02
20260707_10:00:00   1.8094e-01   4.9393e+01   1.9524e+01   0.0000e+00   0.0000e+00   2.9865e+02
20260707_11:00:00   1.7341e-01   4.7652e+01   1.8397e+01   0.0000e+00   0.0000e+00   3.0045e+02
20260707_12:00:00   1.7544e-01   4.8091e+01   1.8711e+01   0.0000e+00   0.0000e+00   3.0025e+02
20260707_13:00:00   1.7353e-01   4.7598e+01   1.8674e+01   0.0000e+00   2.5740e-05   2.9525e+02
20260707_14:00:00   1.7537e-01   4.8016e+01   1.8991e+01   0.0000e+00   8.5820e-06   2.9324e+02
20260707_15:00:00   1.7773e-01   4.8587e+01   1.9234e+01   0.0000e+00   0.0000e+00   2.9538e+02
20260707_16:00:00   1.7590e-01   4.8179e+01   1.8953e+01   0.0000e+00   0.0000e+00   2.9393e+02
20260707_17:00:00   1.7461e-01   4.7864e+01   1.8858e+01   0.0000e+00   0.0000e+00   2.9215e+02
20260707_18:00:00   1.7749e-01   4.8579e+01   1.9135e+01   0.0000e+00   0.0000e+00   2.9281e+02
20260707_19:00:00   1.8074e-01   4.9414e+01   1.9427e+01   0.0000e+00   0.0000e+00   2.9353e+02
20260707_20:00:00   1.7712e-01   4.8628e+01   1.9054e+01   0.0000e+00   1.2146e-05   2.9390e+02
20260707_21:00:00   1.7780e-01   4.8767e+01   1.9439e+01   0.0000e+00   3.3400e-04   2.9334e+02
20260707_22:00:00   1.8264e-01   4.9844e+01   2.0246e+01   0.0000e+00   2.0480e-04   2.9408e+02
20260707_23:00:00   1.7993e-01   4.9204e+01   1.9996e+01   0.0000e+00   1.7166e-05   2.9465e+02
20260708_00:00:00   1.6915e-01   4.6702e+01   1.8714e+01   0.0000e+00   2.4300e-06   2.9586e+02
20260708_01:00:00   1.6917e-01   4.6708e+01   1.8708e+01   2.8080e-04   0.0000e+00   2.9666e+02
20260708_02:00:00   1.7886e-01   4.8994e+01   1.9784e+01   9.7600e-05   0.0000e+00   2.9677e+02
20260708_03:00:00   1.7398e-01   4.7901e+01   1.8724e+01   0.0000e+00   0.0000e+00   2.9678e+02
20260708_04:00:00   1.7380e-01   4.7842e+01   1.8505e+01   0.0000e+00   0.0000e+00   2.9604e+02
20260708_05:00:00   1.6701e-01   4.6200e+01   1.7802e+01   0.0000e+00   0.0000e+00   2.9751e+02
20260708_06:00:00   1.6746e-01   4.6208e+01   1.8139e+01   0.0000e+00   0.0000e+00   2.9585e+02
20260708_07:00:00   1.6731e-01   4.6130e+01   1.7999e+01   0.0000e+00   0.0000e+00   2.9618e+02
20260708_08:00:00   1.6769e-01   4.6212e+01   1.7982e+01   0.0000e+00   0.0000e+00   2.9495e+02
20260708_09:00:00   1.6985e-01   4.6724e+01   1.8190e+01   0.0000e+00   1.1870e-04   2.9559e+02
20260708_10:00:00   1.6972e-01   4.6710e+01   1.8009e+01   0.0000e+00   1.4032e-03   2.9532e+02
20260708_11:00:00   1.6679e-01   4.5982e+01   1.7779e+01   0.0000e+00   1.0586e-03   2.9541e+02
20260708_12:00:00   1.5543e-01   4.3248e+01   1.6533e+01   0.0000e+00   8.5820e-06   2.9388e+02
20260708_13:00:00   1.5012e-01   4.1977e+01   1.5901e+01   0.0000e+00   5.3820e-04   2.9519e+02
20260708_14:00:00   1.5351e-01   4.2809e+01   1.6195e+01   0.0000e+00   3.4340e-05   2.9693e+02
20260708_15:00:00   1.5360e-01   4.2894e+01   1.6028e+01   0.0000e+00   0.0000e+00   2.9754e+02
20260708_16:00:00   1.5431e-01   4.3102e+01   1.6072e+01   0.0000e+00   0.0000e+00   2.9618e+02
20260708_17:00:00   1.6009e-01   4.4485e+01   1.6900e+01   0.0000e+00   0.0000e+00   2.9666e+02
20260708_18:00:00   1.6446e-01   4.5509e+01   1.7700e+01   0.0000e+00   0.0000e+00   2.9482e+02
20260708_19:00:00   1.7157e-01   4.7151e+01   1.8905e+01   0.0000e+00   0.0000e+00   2.9231e+02
20260708_20:00:00   1.7206e-01   4.7294e+01   1.9123e+01   0.0000e+00   0.0000e+00   2.9105e+02
20260708_21:00:00   1.7165e-01   4.7231e+01   1.9244e+01   0.0000e+00   0.0000e+00   2.9294e+02
20260708_22:00:00   1.7048e-01   4.6991e+01   1.9195e+01   0.0000e+00   0.0000e+00   2.9437e+02
20260708_23:00:00   1.7084e-01   4.7089e+01   1.9304e+01   0.0000e+00   0.0000e+00   2.9439e+02
20260709_00:00:00   1.7091e-01   4.7111e+01   1.9277e+01   0.0000e+00   0.0000e+00   2.9560e+02
20260709_01:00:00   1.6938e-01   4.6762e+01   1.9037e+01   0.0000e+00   0.0000e+00   2.9485e+02
20260709_02:00:00   1.6976e-01   4.6840e+01   1.8986e+01   5.5680e-04   0.0000e+00   2.9427e+02
20260709_03:00:00   1.7314e-01   4.7622e+01   1.9383e+01   0.0000e+00   0.0000e+00   2.9353e+02
20260709_04:00:00   1.8076e-01   4.9479e+01   2.0052e+01   0.0000e+00   0.0000e+00   2.9100e+02
20260709_05:00:00   1.8031e-01   4.9361e+01   1.9865e+01   0.0000e+00   0.0000e+00   2.9072e+02
20260709_06:00:00   1.8662e-01   5.0820e+01   2.0565e+01   0.0000e+00   0.0000e+00   2.9180e+02
20260709_07:00:00   1.8762e-01   5.0989e+01   2.0738e+01   0.0000e+00   0.0000e+00   2.9105e+02
20260709_08:00:00   1.9194e-01   5.1954e+01   2.1161e+01   0.0000e+00   0.0000e+00   2.8969e+02
20260709_09:00:00   1.9340e-01   5.2287e+01   2.1201e+01   0.0000e+00   0.0000e+00   2.9226e+02
20260709_10:00:00   1.9398e-01   5.2392e+01   2.1313e+01   0.0000e+00   1.4026e-04   2.9173e+02
20260709_11:00:00   2.0166e-01   5.4085e+01   2.2237e+01   5.0840e-04   4.6000e-05   2.8890e+02
20260709_12:00:00   2.0200e-01   5.4128e+01   2.2458e+01   5.1180e-05   0.0000e+00   2.9077e+02
20260709_13:00:00   1.9167e-01   5.1835e+01   2.1114e+01   0.0000e+00   6.5180e-04   2.9088e+02
20260709_14:00:00   1.8453e-01   5.0232e+01   2.0245e+01   0.0000e+00   5.4020e-04   2.9200e+02
20260709_15:00:00   1.8205e-01   4.9697e+01   1.9974e+01   0.0000e+00   9.7420e-06   2.9227e+02
20260709_16:00:00   1.7797e-01   4.8788e+01   1.9539e+01   0.0000e+00   5.6660e-05   2.9370e+02
20260709_17:00:00   1.8290e-01   4.9959e+01   2.0204e+01   0.0000e+00   8.9320e-05   2.9447e+02
20260709_18:00:00   1.8438e-01   5.0280e+01   2.0543e+01   5.3380e-04   0.0000e+00   2.9291e+02
20260709_19:00:00   1.7521e-01   4.8145e+01   1.9810e+01   1.4624e-05   1.8244e-04   2.9232e+02
20260709_20:00:00   1.6620e-01   4.6009e+01   1.9033e+01   0.0000e+00   1.2236e-04   2.9278e+02
20260709_21:00:00   1.6056e-01   4.4632e+01   1.8588e+01   4.7540e-04   8.6812e-04   2.9217e+02
20260709_22:00:00   1.5457e-01   4.3175e+01   1.8097e+01   0.0000e+00   9.5799e-04   2.9156e+02
20260709_23:00:00   1.5267e-01   4.2702e+01   1.8006e+01   0.0000e+00   3.7980e-04   2.9078e+02
20260710_00:00:00   1.5545e-01   4.3382e+01   1.8393e+01   0.0000e+00   0.0000e+00   2.8956e+02
20260710_01:00:00   1.6176e-01   4.4918e+01   1.9176e+01   0.0000e+00   0.0000e+00   2.8782e+02
20260710_02:00:00   1.6893e-01   4.6701e+01   2.0030e+01   0.0000e+00   8.5820e-06   2.8565e+02
20260710_03:00:00   1.7616e-01   4.8387e+01   2.0860e+01   0.0000e+00   0.0000e+00   2.8714e+02
20260710_04:00:00   1.8288e-01   4.9895e+01   2.1822e+01   0.0000e+00   0.0000e+00   2.8646e+02
20260710_05:00:00   1.8500e-01   5.0346e+01   2.2193e+01   0.0000e+00   0.0000e+00   2.8679e+02
20260710_06:00:00   1.9707e-01   5.3077e+01   2.3499e+01   0.0000e+00   0.0000e+00   2.8769e+02
20260710_07:00:00   1.9794e-01   5.3302e+01   2.3631e+01   0.0000e+00   0.0000e+00   2.8858e+02
20260710_08:00:00   2.0387e-01   5.4635e+01   2.4195e+01   0.0000e+00   0.0000e+00   2.8636e+02
20260710_09:00:00   2.0262e-01   5.4378e+01   2.3818e+01   0.0000e+00   0.0000e+00   2.8603e+02
20260710_10:00:00   2.0358e-01   5.4573e+01   2.3889e+01   0.0000e+00   0.0000e+00   2.8816e+02
20260710_11:00:00   2.0756e-01   5.5411e+01   2.4346e+01   2.9980e-04   2.3617e-04   2.8737e+02
20260710_12:00:00   2.0469e-01   5.4780e+01   2.3682e+01   2.8220e-03   6.2378e-04   2.8823e+02
20260710_15:00:00   1.9920e-01   5.3592e+01   2.3217e+01   0.0000e+00   9.9180e-05   2.9045e+02
20260710_18:00:00   1.9850e-01   5.3608e+01   2.3387e+01   0.0000e+00   9.8706e-05   2.9000e+02
20260710_21:00:00   2.1181e-01   5.6665e+01   2.4975e+01   6.7862e-03   1.1610e-04   2.9017e+02
20260711_00:00:00   2.1780e-01   5.8097e+01   2.5705e+01   9.0480e-03   7.3120e-05   2.9079e+02
20260711_03:00:00   2.0240e-01   5.4677e+01   2.4335e+01   0.0000e+00   0.0000e+00   2.9019e+02
20260711_06:00:00   2.0937e-01   5.6349e+01   2.4330e+01   0.0000e+00   0.0000e+00   2.9662e+02
20260711_09:00:00   2.1455e-01   5.7449e+01   2.4714e+01   0.0000e+00   0.0000e+00   2.9391e+02
20260711_12:00:00   2.1488e-01   5.7381e+01   2.4946e+01   0.0000e+00   0.0000e+00   2.9030e+02
20260711_15:00:00   2.2456e-01   5.9587e+01   2.5894e+01   0.0000e+00   0.0000e+00   2.9491e+02
20260711_18:00:00   2.4551e-01   6.4295e+01   2.8154e+01   4.0740e-03   0.0000e+00   2.9263e+02
20260711_21:00:00   2.5028e-01   6.5184e+01   2.7309e+01   2.5296e-02   1.7585e-02   2.9325e+02
20260712_00:00:00   2.7308e-01   7.0145e+01   2.8306e+01   3.9047e-02   6.1237e-02   2.9393e+02
20260712_03:00:00   2.2775e-01   6.0524e+01   2.5155e+01   0.0000e+00   1.6982e-03   2.9572e+02
20260712_06:00:00   2.3580e-01   6.2208e+01   2.4980e+01   0.0000e+00   0.0000e+00   2.9774e+02
20260712_09:00:00   1.9062e-01   5.1868e+01   1.9794e+01   0.0000e+00   0.0000e+00   2.9688e+02
20260712_12:00:00   1.9890e-01   5.3702e+01   2.0705e+01   0.0000e+00   3.7660e-04   2.9911e+02
20260712_15:00:00   2.2336e-01   5.9183e+01   2.3817e+01   0.0000e+00   0.0000e+00   2.9328e+02
20260712_18:00:00   2.3284e-01   6.1240e+01   2.5911e+01   1.4162e-04   3.4701e-04   2.9438e+02
20260712_21:00:00   2.8426e-01   7.2198e+01   2.8215e+01   4.6176e-02   1.0086e-03   2.9530e+02
20260713_00:00:00   2.4230e-01   6.3331e+01   2.6919e+01   9.4579e-03   6.0920e-05   2.9524e+02
20260713_03:00:00   2.5240e-01   6.5640e+01   2.7249e+01   9.5400e-03   0.0000e+00   2.9912e+02
20260713_06:00:00   2.5628e-01   6.6118e+01   2.8892e+01   0.0000e+00   3.7300e-04   3.0639e+02
20260713_09:00:00   2.5737e-01   6.6202e+01   2.9085e+01   0.0000e+00   2.3121e-04   3.0658e+02
20260713_12:00:00   2.5806e-01   6.6285e+01   2.9153e+01   0.0000e+00   8.0145e-05   3.0826e+02
20260713_15:00:00   2.7606e-01   7.0108e+01   3.1241e+01   0.0000e+00   1.6532e-04   3.1432e+02
20260713_18:00:00   2.6752e-01   6.8355e+01   3.0489e+01   2.5143e-03   2.1695e-03   3.0561e+02
20260713_21:00:00   4.9144e-01   1.1104e+02   3.1535e+01   2.5182e-01   2.9940e-05   3.0023e+02
20260714_00:00:00   5.1904e-01   1.1568e+02   3.3313e+01   2.6666e-01   5.0099e-04   2.9523e+02
20260714_03:00:00   2.5711e-01   6.6228e+01   2.9872e+01   0.0000e+00   3.6440e-06   2.9266e+02
20260714_06:00:00   2.4625e-01   6.3777e+01   2.8714e+01   0.0000e+00   1.0742e-03   2.9421e+02
20260714_09:00:00   2.3150e-01   6.0573e+01   2.6882e+01   0.0000e+00   1.3100e-03   2.9284e+02
20260714_12:00:00   2.1602e-01   5.7129e+01   2.5063e+01   0.0000e+00   7.3120e-06   2.8900e+02
20260714_15:00:00   2.1342e-01   5.6666e+01   2.4367e+01   0.0000e+00   0.0000e+00   2.8930e+02
20260714_18:00:00   2.2260e-01   5.8831e+01   2.5508e+01   0.0000e+00   0.0000e+00   2.8872e+02
20260714_21:00:00   2.1805e-01   5.7895e+01   2.5062e+01   4.0400e-03   0.0000e+00   2.8955e+02
20260715_00:00:00   2.0953e-01   5.6069e+01   2.4760e+01   6.2100e-06   0.0000e+00   2.8751e+02
20260715_03:00:00   1.9379e-01   5.2466e+01   2.2564e+01   0.0000e+00   0.0000e+00   2.8762e+02
20260715_06:00:00   1.8102e-01   4.9512e+01   2.0414e+01   0.0000e+00   0.0000e+00   2.9242e+02
20260715_09:00:00   1.4994e-01   4.2052e+01   1.6230e+01   0.0000e+00   0.0000e+00   2.9270e+02
20260715_12:00:00   1.2001e-01   3.4524e+01   1.2736e+01   0.0000e+00   0.0000e+00   2.9633e+02
20260715_15:00:00   1.2723e-01   3.6202e+01   1.4234e+01   0.0000e+00   0.0000e+00   2.9947e+02
20260715_18:00:00   1.4105e-01   3.9630e+01   1.6550e+01   0.0000e+00   0.0000e+00   2.9547e+02
20260715_21:00:00   1.4069e-01   3.9665e+01   1.6737e+01   0.0000e+00   0.0000e+00   2.9790e+02
20260716_00:00:00   1.5028e-01   4.2102e+01   1.8135e+01   0.0000e+00   0.0000e+00   2.9447e+02
20260716_03:00:00   1.5481e-01   4.3279e+01   1.8430e+01   0.0000e+00   0.0000e+00   2.9616e+02
20260716_06:00:00   1.5219e-01   4.2608e+01   1.7850e+01   0.0000e+00   0.0000e+00   2.9638e+02
20260716_09:00:00   1.4149e-01   3.9811e+01   1.6556e+01   0.0000e+00   0.0000e+00   3.0111e+02
20260716_12:00:00   1.4764e-01   4.1114e+01   1.7910e+01   0.0000e+00   0.0000e+00   3.0074e+02
20260716_15:00:00   1.6303e-01   4.4835e+01   2.0018e+01   0.0000e+00   2.1640e-04   3.0124e+02
20260716_18:00:00   1.7420e-01   4.7587e+01   2.1683e+01   0.0000e+00   3.4340e-06   3.0081e+02
20260716_21:00:00   1.7492e-01   4.7815e+01   2.2052e+01   0.0000e+00   3.8540e-05   3.0278e+02
20260717_00:00:00   2.2187e-01   5.8265e+01   2.3955e+01   3.6356e-02   1.6358e-02   3.0001e+02
20260717_03:00:00   1.8388e-01   5.0086e+01   2.2950e+01   0.0000e+00   0.0000e+00   2.9806e+02
20260717_06:00:00   1.6210e-01   4.4887e+01   1.9954e+01   0.0000e+00   0.0000e+00   2.9797e+02
20260717_09:00:00   1.7010e-01   4.6728e+01   2.1123e+01   0.0000e+00   0.0000e+00   2.9689e+02
20260717_12:00:00   1.6525e-01   4.5535e+01   2.0392e+01   0.0000e+00   6.2060e-04   2.9603e+02
20260717_15:00:00   1.6389e-01   4.5331e+01   2.0043e+01   0.0000e+00   0.0000e+00   2.9468e+02
20260717_18:00:00   1.6542e-01   4.5756e+01   2.0675e+01   0.0000e+00   0.0000e+00   2.9579e+02
20260717_21:00:00   1.5828e-01   4.4067e+01   1.9932e+01   0.0000e+00   0.0000e+00   2.8889e+02
20260718_00:00:00   1.6243e-01   4.5135e+01   2.0342e+01   0.0000e+00   2.9240e-05   2.8746e+02
20260718_03:00:00   1.6345e-01   4.5471e+01   2.0128e+01   0.0000e+00   0.0000e+00   2.9161e+02
20260718_06:00:00   1.3519e-01   3.8676e+01   1.5888e+01   0.0000e+00   0.0000e+00   2.9491e+02
20260718_09:00:00   1.2507e-01   3.5960e+01   1.4590e+01   0.0000e+00   0.0000e+00   2.9092e+02
20260718_12:00:00   1.3101e-01   3.7157e+01   1.5624e+01   0.0000e+00   0.0000e+00   2.9044e+02
20260718_15:00:00   1.2645e-01   3.6108e+01   1.4913e+01   0.0000e+00   9.0402e-04   2.9070e+02
20260718_18:00:00   1.3467e-01   3.8210e+01   1.6383e+01   0.0000e+00   3.3000e-04   2.8940e+02
20260718_21:00:00   1.4478e-01   4.0693e+01   1.8114e+01   0.0000e+00   4.3260e-04   2.8735e+02
20260719_00:00:00   1.6043e-01   4.4370e+01   1.9346e+01   9.5700e-03   2.0286e-02   2.8781e+02
20260719_03:00:00   1.5157e-01   4.2328e+01   1.9374e+01   0.0000e+00   0.0000e+00   2.8876e+02
20260719_06:00:00   1.5932e-01   4.4192e+01   2.0209e+01   0.0000e+00   2.2654e-04   2.9012e+02
20260719_09:00:00   2.3118e-01   6.1229e+01   2.8398e+01   0.0000e+00   7.5123e-04   2.8845e+02
20260719_12:00:00   2.4563e-01   6.4201e+01   3.0211e+01   3.9420e-05   3.9690e-02   2.8757e+02
20260719_15:00:00   2.5631e-01   6.6318e+01   2.9795e+01   2.1341e-02   9.0706e-03   2.8788e+02
20260719_18:00:00   2.3707e-01   6.2574e+01   2.8907e+01   8.5820e-06   1.8956e-04   2.8841e+02
20260719_21:00:00   2.5123e-01   6.5841e+01   2.9916e+01   0.0000e+00   3.2501e-03   2.8970e+02
20260720_00:00:00   2.2944e-01   6.0920e+01   2.7327e+01   0.0000e+00   7.8280e-03   2.8961e+02
20260720_03:00:00   2.0267e-01   5.4737e+01   2.4058e+01   0.0000e+00   5.2280e-03   2.9080e+02
20260720_06:00:00   1.7523e-01   4.8117e+01   2.0530e+01   0.0000e+00   1.1883e-04   2.9272e+02
20260720_09:00:00   1.6710e-01   4.6035e+01   1.9714e+01   0.0000e+00   1.9178e-03   2.9406e+02
20260720_12:00:00   1.8424e-01   5.0030e+01   2.1593e+01   0.0000e+00   8.5003e-04   2.9558e+02
20260720_15:00:00   1.8402e-01   5.0043e+01   2.1278e+01   0.0000e+00   0.0000e+00   2.9661e+02
20260720_18:00:00   1.7553e-01   4.8098e+01   2.0504e+01   0.0000e+00   1.9210e-03   2.9377e+02
20260720_21:00:00   1.8870e-01   5.1204e+01   2.3018e+01   0.0000e+00   1.9856e-04   2.9360e+02
20260721_00:00:00   1.8308e-01   4.9954e+01   2.2234e+01   0.0000e+00   0.0000e+00   2.9551e+02
20260721_03:00:00   1.9565e-01   5.3068e+01   2.2685e+01   0.0000e+00   1.5260e-05   2.9388e+02
20260721_06:00:00   2.8279e-01   7.1765e+01   2.6620e+01   6.5400e-02   1.6280e-05   2.9106e+02
20260721_09:00:00   2.3908e-01   6.2546e+01   2.6015e+01   1.4032e-02   0.0000e+00   2.9370e+02
20260721_12:00:00   2.4751e-01   6.4209e+01   2.5722e+01   2.6164e-02   3.4340e-06   2.9461e+02
