#            date       tau255        Tb[K]      pwv[mm] lwp[kg*m^-2] iwp[kg*m^-2]       o3[DU]
20260109_00:00:00   8.5459e-02   2.3760e+01   6.6202e+00   0.0000e+00   2.6269e-01   3.3072e+02
20260109_01:00:00   8.9707e-02   2.4738e+01   6.9659e+00   0.0000e+00   4.7223e-01   3.3302e+02
20260109_02:00:00   8.6432e-02   2.3952e+01   6.6380e+00   1.6990e-06   2.1536e-01   3.3680e+02
20260109_03:00:00   8.6472e-02   2.3915e+01   6.4306e+00   2.3800e-04   5.1595e-01   3.3564e+02
20260109_04:00:00   8.0532e-02   2.2461e+01   5.6525e+00   3.3970e-06   4.3051e-01   3.3846e+02
20260109_05:00:00   7.7670e-02   2.1782e+01   5.2829e+00   1.4948e-04   1.1516e-01   3.3918e+02
20260109_06:00:00   7.7225e-02   2.1663e+01   5.1584e+00   0.0000e+00   1.3622e-01   3.3637e+02
20260109_07:00:00   7.6423e-02   2.1444e+01   5.0760e+00   0.0000e+00   8.7130e-02   3.3351e+02
20260109_08:00:00   7.4122e-02   2.0884e+01   4.8311e+00   0.0000e+00   1.1261e-02   3.3534e+02
20260109_09:00:00   7.5414e-02   2.1162e+01   4.9987e+00   0.0000e+00   1.2233e-01   3.3939e+02
20260109_10:00:00   7.5645e-02   2.1237e+01   4.9593e+00   0.0000e+00   1.3623e-01   3.4307e+02
20260109_11:00:00   7.5057e-02   2.1095e+01   4.9237e+00   0.0000e+00   7.2158e-02   3.4389e+02
20260109_12:00:00   7.4926e-02   2.1029e+01   4.9403e+00   0.0000e+00   3.1199e-02   3.4077e+02
20260109_13:00:00   7.1386e-02   2.0194e+01   4.4154e+00   0.0000e+00   2.1308e-02   3.4327e+02
20260109_14:00:00   6.6271e-02   1.8964e+01   3.6847e+00   0.0000e+00   3.3980e-06   3.4751e+02
20260109_15:00:00   6.2266e-02   1.7992e+01   3.1288e+00   0.0000e+00   0.0000e+00   3.4756e+02
20260109_16:00:00   6.0940e-02   1.7659e+01   2.9500e+00   0.0000e+00   7.9360e-07   3.4910e+02
20260109_17:00:00   5.9909e-02   1.7402e+01   2.8053e+00   0.0000e+00   0.0000e+00   3.5459e+02
20260109_18:00:00   5.9214e-02   1.7236e+01   2.6957e+00   0.0000e+00   7.9360e-07   3.5738e+02
20260109_19:00:00   6.0478e-02   1.7536e+01   2.8449e+00   0.0000e+00   0.0000e+00   3.5537e+02
20260109_20:00:00   6.0441e-02   1.7536e+01   2.8115e+00   0.0000e+00   0.0000e+00   3.5225e+02
20260109_21:00:00   6.0336e-02   1.7524e+01   2.7567e+00   0.0000e+00   3.2122e-05   3.4448e+02
20260109_22:00:00   6.0457e-02   1.7561e+01   2.7418e+00   0.0000e+00   2.9460e-04   3.4121e+02
20260109_23:00:00   6.0522e-02   1.7582e+01   2.7335e+00   0.0000e+00   6.4940e-06   3.4130e+02
20260110_00:00:00   5.9806e-02   1.7410e+01   2.6104e+00   0.0000e+00   1.2018e-05   3.4089e+02
20260110_01:00:00   5.8842e-02   1.7183e+01   2.4407e+00   0.0000e+00   3.4587e-05   3.4377e+02
20260110_02:00:00   5.6896e-02   1.6721e+01   2.1211e+00   0.0000e+00   2.0180e-05   3.4556e+02
20260110_03:00:00   5.6054e-02   1.6514e+01   1.9921e+00   0.0000e+00   0.0000e+00   3.4401e+02
20260110_04:00:00   5.5219e-02   1.6311e+01   1.8848e+00   0.0000e+00   0.0000e+00   3.4435e+02
20260110_05:00:00   5.4199e-02   1.6062e+01   1.7449e+00   0.0000e+00   0.0000e+00   3.4691e+02
20260110_06:00:00   5.2594e-02   1.5673e+01   1.5266e+00   0.0000e+00   0.0000e+00   3.4811e+02
20260110_07:00:00   5.2261e-02   1.5605e+01   1.5031e+00   0.0000e+00   0.0000e+00   3.5042e+02
20260110_08:00:00   5.2248e-02   1.5610e+01   1.5546e+00   0.0000e+00   0.0000e+00   3.4940e+02
20260110_09:00:00   5.1198e-02   1.5361e+01   1.4446e+00   0.0000e+00   0.0000e+00   3.5094e+02
20260110_10:00:00   5.1099e-02   1.5345e+01   1.4628e+00   0.0000e+00   0.0000e+00   3.5104e+02
20260110_11:00:00   5.1750e-02   1.5513e+01   1.5745e+00   0.0000e+00   0.0000e+00   3.5246e+02
20260110_12:00:00   5.2564e-02   1.5719e+01   1.7031e+00   0.0000e+00   0.0000e+00   3.5010e+02
20260110_13:00:00   5.3259e-02   1.5896e+01   1.8054e+00   0.0000e+00   0.0000e+00   3.4626e+02
20260110_14:00:00   5.3364e-02   1.5935e+01   1.8365e+00   0.0000e+00   0.0000e+00   3.4579e+02
20260110_15:00:00   5.3315e-02   1.5946e+01   1.8539e+00   0.0000e+00   0.0000e+00   3.4627e+02
20260110_16:00:00   5.3430e-02   1.5998e+01   1.9273e+00   0.0000e+00   0.0000e+00   3.4487e+02
20260110_17:00:00   5.3775e-02   1.6104e+01   2.0178e+00   0.0000e+00   0.0000e+00   3.4330e+02
20260110_18:00:00   5.4525e-02   1.6317e+01   2.1644e+00   0.0000e+00   0.0000e+00   3.4299e+02
20260110_19:00:00   5.6486e-02   1.6817e+01   2.4651e+00   0.0000e+00   0.0000e+00   3.4138e+02
20260110_20:00:00   5.7732e-02   1.7144e+01   2.6692e+00   0.0000e+00   0.0000e+00   3.4008e+02
20260110_21:00:00   5.8540e-02   1.7366e+01   2.8051e+00   0.0000e+00   0.0000e+00   3.3830e+02
20260110_22:00:00   5.9821e-02   1.7690e+01   3.0342e+00   0.0000e+00   0.0000e+00   3.3672e+02
20260110_23:00:00   6.0503e-02   1.7872e+01   3.1938e+00   0.0000e+00   0.0000e+00   3.3493e+02
20260111_00:00:00   6.0527e-02   1.7891e+01   3.2596e+00   0.0000e+00   0.0000e+00   3.3533e+02
20260111_01:00:00   6.0530e-02   1.7910e+01   3.2811e+00   0.0000e+00   0.0000e+00   3.3633e+02
20260111_02:00:00   6.0925e-02   1.8028e+01   3.3273e+00   0.0000e+00   0.0000e+00   3.3582e+02
20260111_03:00:00   6.1071e-02   1.8073e+01   3.3428e+00   0.0000e+00   0.0000e+00   3.3444e+02
20260111_04:00:00   6.0549e-02   1.7952e+01   3.2855e+00   0.0000e+00   0.0000e+00   3.3433e+02
20260111_05:00:00   5.9366e-02   1.7658e+01   3.1400e+00   0.0000e+00   0.0000e+00   3.3631e+02
20260111_06:00:00   5.7742e-02   1.7254e+01   2.9060e+00   0.0000e+00   0.0000e+00   3.3524e+02
20260111_07:00:00   5.6819e-02   1.7031e+01   2.7662e+00   0.0000e+00   0.0000e+00   3.3344e+02
20260111_08:00:00   5.6185e-02   1.6882e+01   2.6564e+00   0.0000e+00   0.0000e+00   3.2887e+02
20260111_09:00:00   5.6062e-02   1.6858e+01   2.6301e+00   0.0000e+00   0.0000e+00   3.2691e+02
20260111_10:00:00   5.6031e-02   1.6853e+01   2.6385e+00   0.0000e+00   0.0000e+00   3.2355e+02
20260111_11:00:00   5.5871e-02   1.6816e+01   2.6357e+00   0.0000e+00   0.0000e+00   3.2155e+02
20260111_12:00:00   5.5572e-02   1.6743e+01   2.6057e+00   0.0000e+00   0.0000e+00   3.1768e+02
20260111_13:00:00   5.5219e-02   1.6658e+01   2.5564e+00   0.0000e+00   0.0000e+00   3.1317e+02
20260111_14:00:00   5.5207e-02   1.6655e+01   2.5474e+00   0.0000e+00   0.0000e+00   3.0907e+02
20260111_15:00:00   5.4919e-02   1.6581e+01   2.4990e+00   0.0000e+00   0.0000e+00   3.0324e+02
20260111_16:00:00   5.4458e-02   1.6471e+01   2.4479e+00   0.0000e+00   0.0000e+00   2.9978e+02
20260111_17:00:00   5.4392e-02   1.6456e+01   2.4397e+00   0.0000e+00   0.0000e+00   2.9878e+02
20260111_18:00:00   5.5356e-02   1.6697e+01   2.5784e+00   0.0000e+00   0.0000e+00   2.9999e+02
20260111_19:00:00   5.5730e-02   1.6792e+01   2.6643e+00   0.0000e+00   0.0000e+00   3.0052e+02
20260111_20:00:00   5.5797e-02   1.6809e+01   2.7046e+00   0.0000e+00   0.0000e+00   3.0050e+02
20260111_21:00:00   5.5761e-02   1.6792e+01   2.7318e+00   0.0000e+00   0.0000e+00   2.9851e+02
20260111_22:00:00   5.5840e-02   1.6804e+01   2.7861e+00   0.0000e+00   0.0000e+00   2.9807e+02
20260111_23:00:00   5.5678e-02   1.6761e+01   2.7970e+00   0.0000e+00   0.0000e+00   3.0038e+02
20260112_00:00:00   5.5090e-02   1.6610e+01   2.7170e+00   0.0000e+00   0.0000e+00   3.0092e+02
20260112_01:00:00   5.4994e-02   1.6580e+01   2.7041e+00   0.0000e+00   1.9840e-06   3.0209e+02
20260112_02:00:00   5.4974e-02   1.6571e+01   2.6960e+00   0.0000e+00   2.9561e-04   3.0303e+02
20260112_03:00:00   5.5038e-02   1.6582e+01   2.7317e+00   0.0000e+00   5.2419e-04   3.0499e+02
20260112_04:00:00   5.5107e-02   1.6591e+01   2.7638e+00   0.0000e+00   1.6259e-03   3.0574e+02
20260112_05:00:00   5.5112e-02   1.6582e+01   2.7820e+00   0.0000e+00   2.3471e-03   3.0735e+02
20260112_06:00:00   5.5502e-02   1.6663e+01   2.8614e+00   0.0000e+00   2.7375e-03   3.0655e+02
20260112_07:00:00   5.5713e-02   1.6705e+01   2.9013e+00   0.0000e+00   3.1176e-03   3.0729e+02
20260112_08:00:00   5.5497e-02   1.6648e+01   2.8720e+00   0.0000e+00   3.1769e-03   3.0847e+02
20260112_09:00:00   5.5223e-02   1.6584e+01   2.8285e+00   0.0000e+00   2.3439e-03   3.1052e+02
20260112_10:00:00   5.5240e-02   1.6591e+01   2.8291e+00   0.0000e+00   3.7788e-03   3.1229e+02
20260112_11:00:00   5.5532e-02   1.6663e+01   2.8857e+00   0.0000e+00   8.5221e-03   3.1632e+02
20260112_12:00:00   5.6243e-02   1.6834e+01   3.0058e+00   0.0000e+00   7.9460e-03   3.1600e+02
20260112_13:00:00   5.7186e-02   1.7074e+01   3.1590e+00   0.0000e+00   2.6324e-03   3.1644e+02
20260112_14:00:00   5.7026e-02   1.7059e+01   3.0926e+00   0.0000e+00   0.0000e+00   3.1470e+02
20260112_15:00:00   5.5818e-02   1.6805e+01   2.7949e+00   0.0000e+00   0.0000e+00   3.1463e+02
20260112_16:00:00   5.4612e-02   1.6527e+01   2.5085e+00   0.0000e+00   0.0000e+00   3.1346e+02
20260112_17:00:00   5.3685e-02   1.6313e+01   2.2873e+00   0.0000e+00   0.0000e+00   3.1469e+02
20260112_18:00:00   5.4224e-02   1.6464e+01   2.3358e+00   0.0000e+00   0.0000e+00   3.1312e+02
20260112_19:00:00   5.4959e-02   1.6666e+01   2.4504e+00   0.0000e+00   0.0000e+00   3.1420e+02
20260112_20:00:00   5.5420e-02   1.6796e+01   2.5365e+00   0.0000e+00   0.0000e+00   3.1493e+02
20260112_21:00:00   5.5222e-02   1.6759e+01   2.5115e+00   0.0000e+00   0.0000e+00   3.1297e+02
20260112_22:00:00   5.5533e-02   1.6851e+01   2.5614e+00   0.0000e+00   0.0000e+00   3.1336e+02
20260112_23:00:00   5.6027e-02   1.6980e+01   2.6334e+00   0.0000e+00   0.0000e+00   3.1370e+02
20260113_00:00:00   5.6247e-02   1.7033e+01   2.6642e+00   0.0000e+00   0.0000e+00   3.1282e+02
20260113_01:00:00   5.5219e-02   1.6775e+01   2.5197e+00   0.0000e+00   0.0000e+00   3.1206e+02
20260113_02:00:00   5.6111e-02   1.6991e+01   2.7077e+00   0.0000e+00   1.0884e-06   3.1319e+02
20260113_03:00:00   5.6644e-02   1.7126e+01   2.8283e+00   0.0000e+00   0.0000e+00   3.1290e+02
20260113_04:00:00   5.6852e-02   1.7190e+01   2.8752e+00   0.0000e+00   8.6796e-05   3.1253e+02
20260113_05:00:00   5.7324e-02   1.7305e+01   2.9696e+00   0.0000e+00   8.3198e-04   3.1226e+02
20260113_06:00:00   5.8061e-02   1.7491e+01   3.0851e+00   0.0000e+00   0.0000e+00   3.1308e+02
20260113_07:00:00   5.8041e-02   1.7493e+01   3.0740e+00   0.0000e+00   0.0000e+00   3.1422e+02
20260113_08:00:00   5.8149e-02   1.7521e+01   3.1312e+00   0.0000e+00   1.7224e-04   3.1450e+02
20260113_09:00:00   5.7878e-02   1.7460e+01   3.1130e+00   0.0000e+00   1.9840e-06   3.1544e+02
20260113_10:00:00   5.7435e-02   1.7354e+01   3.0456e+00   0.0000e+00   0.0000e+00   3.1165e+02
20260113_11:00:00   5.7394e-02   1.7340e+01   3.0344e+00   0.0000e+00   0.0000e+00   3.0812e+02
20260113_12:00:00   5.7134e-02   1.7281e+01   3.0115e+00   0.0000e+00   0.0000e+00   3.0693e+02
20260113_13:00:00   5.6669e-02   1.7175e+01   2.9371e+00   0.0000e+00   0.0000e+00   3.0424e+02
20260113_14:00:00   5.6683e-02   1.7184e+01   2.9290e+00   0.0000e+00   0.0000e+00   3.0601e+02
20260113_15:00:00   5.7473e-02   1.7378e+01   3.0615e+00   0.0000e+00   0.0000e+00   3.0265e+02
20260113_16:00:00   5.8267e-02   1.7586e+01   3.1931e+00   0.0000e+00   0.0000e+00   3.0007e+02
20260113_17:00:00   5.9252e-02   1.7849e+01   3.3383e+00   0.0000e+00   0.0000e+00   2.9806e+02
20260113_18:00:00   6.0720e-02   1.8236e+01   3.5662e+00   0.0000e+00   0.0000e+00   2.9879e+02
20260113_19:00:00   6.1379e-02   1.8422e+01   3.7091e+00   0.0000e+00   2.7720e-05   2.9654e+02
20260113_20:00:00   6.1653e-02   1.8498e+01   3.7950e+00   0.0000e+00   5.6040e-05   2.9501e+02
20260113_21:00:00   6.2797e-02   1.8780e+01   4.0612e+00   0.0000e+00   5.1618e-04   2.9378e+02
20260113_22:00:00   6.5444e-02   1.9426e+01   4.5930e+00   0.0000e+00   1.8178e-03   2.9375e+02
20260113_23:00:00   6.8024e-02   2.0074e+01   5.1435e+00   0.0000e+00   1.7865e-03   2.9469e+02
20260114_00:00:00   6.9303e-02   2.0450e+01   5.1365e+00   0.0000e+00   0.0000e+00   2.9740e+02
20260114_03:00:00   6.9180e-02   2.0447e+01   4.9928e+00   0.0000e+00   0.0000e+00   2.9901e+02
20260114_06:00:00   6.2109e-02   1.8678e+01   3.8534e+00   0.0000e+00   8.8520e-05   2.9688e+02
20260114_09:00:00   6.0218e-02   1.8167e+01   3.6261e+00   0.0000e+00   1.8192e-04   2.9533e+02
20260114_12:00:00   6.3498e-02   1.8953e+01   4.3961e+00   0.0000e+00   7.6470e-05   2.9001e+02
20260114_15:00:00   7.0221e-02   2.0589e+01   5.6736e+00   0.0000e+00   1.7634e-04   2.8819e+02
20260114_18:00:00   7.3381e-02   2.1428e+01   6.1608e+00   0.0000e+00   0.0000e+00   2.8750e+02
20260114_21:00:00   7.2435e-02   2.1233e+01   5.9128e+00   0.0000e+00   0.0000e+00   2.8442e+02
20260115_00:00:00   6.7011e-02   1.9918e+01   4.7409e+00   0.0000e+00   0.0000e+00   2.8183e+02
20260115_03:00:00   6.6395e-02   1.9752e+01   4.5489e+00   0.0000e+00   0.0000e+00   2.8252e+02
20260115_06:00:00   6.5954e-02   1.9636e+01   4.4120e+00   0.0000e+00   0.0000e+00   2.7901e+02
20260115_09:00:00   6.3400e-02   1.8977e+01   4.0374e+00   0.0000e+00   0.0000e+00   2.7883e+02
20260115_12:00:00   6.1761e-02   1.8548e+01   3.8107e+00   0.0000e+00   0.0000e+00   2.7610e+02
20260115_15:00:00   6.1135e-02   1.8353e+01   3.7676e+00   0.0000e+00   0.0000e+00   2.7484e+02
20260115_18:00:00   5.8030e-02   1.7576e+01   3.3406e+00   0.0000e+00   0.0000e+00   2.7871e+02
20260115_21:00:00   5.9805e-02   1.7996e+01   3.6181e+00   0.0000e+00   0.0000e+00   2.8330e+02
20260116_00:00:00   5.1877e-02   1.5922e+01   2.3712e+00   0.0000e+00   0.0000e+00   2.8734e+02
20260116_03:00:00   4.7683e-02   1.4815e+01   1.5354e+00   0.0000e+00   8.4560e-05   2.9001e+02
20260116_06:00:00   4.6524e-02   1.4527e+01   1.2339e+00   0.0000e+00   0.0000e+00   2.9496e+02
20260116_09:00:00   4.6516e-02   1.4490e+01   1.1742e+00   0.0000e+00   0.0000e+00   2.9958e+02
20260116_12:00:00   4.6297e-02   1.4416e+01   1.1842e+00   0.0000e+00   0.0000e+00   3.0203e+02
20260116_15:00:00   4.5452e-02   1.4179e+01   1.0815e+00   0.0000e+00   0.0000e+00   3.1066e+02
20260116_18:00:00   4.5747e-02   1.4258e+01   1.1828e+00   0.0000e+00   0.0000e+00   3.1383e+02
20260116_21:00:00   5.0412e-02   1.5447e+01   2.1123e+00   0.0000e+00   7.6034e-05   3.1293e+02
20260117_00:00:00   5.6491e-02   1.6984e+01   3.1303e+00   0.0000e+00   4.9160e-06   3.1235e+02
20260117_03:00:00   6.1920e-02   1.8336e+01   3.8882e+00   0.0000e+00   0.0000e+00   3.0919e+02
20260117_06:00:00   6.1861e-02   1.8311e+01   3.7752e+00   0.0000e+00   0.0000e+00   3.1323e+02
20260117_09:00:00   6.5927e-02   1.9324e+01   4.0721e+00   0.0000e+00   0.0000e+00   3.1280e+02
20260117_12:00:00   6.7483e-02   1.9642e+01   4.2290e+00   0.0000e+00   7.4462e-05   3.1127e+02
20260117_15:00:00   6.4096e-02   1.8657e+01   3.5857e+00   2.8860e-04   2.2081e-02   3.1590e+02
20260117_18:00:00   6.3750e-02   1.8525e+01   3.5935e+00   0.0000e+00   1.3697e-02   3.1677e+02
20260117_21:00:00   6.4092e-02   1.8605e+01   3.6005e+00   3.5160e-04   1.6810e-02   3.2065e+02
20260118_00:00:00   6.2943e-02   1.8272e+01   3.4237e+00   4.3240e-05   1.9374e-02   3.4145e+02
20260118_03:00:00   6.0444e-02   1.7581e+01   2.9466e+00   1.9840e-05   3.4081e-02   3.5334e+02
20260118_06:00:00   6.4493e-02   1.8517e+01   3.3309e+00   1.8154e-04   7.4930e-03   3.6710e+02
20260118_09:00:00   6.2762e-02   1.8022e+01   3.0276e+00   3.3140e-05   8.8214e-03   3.8031e+02
20260118_12:00:00   6.2548e-02   1.7884e+01   2.8920e+00   0.0000e+00   7.3049e-02   4.0201e+02
20260118_15:00:00   6.1833e-02   1.7695e+01   2.7688e+00   0.0000e+00   1.2825e-02   4.1101e+02
20260118_18:00:00   6.0128e-02   1.7332e+01   2.5500e+00   0.0000e+00   2.7292e-04   4.0401e+02
20260118_21:00:00   5.7053e-02   1.6677e+01   2.2323e+00   0.0000e+00   1.7243e-05   3.8622e+02
20260119_00:00:00   5.5947e-02   1.6472e+01   2.2034e+00   0.0000e+00   0.0000e+00   3.7994e+02
20260119_03:00:00   5.4265e-02   1.6117e+01   2.0048e+00   0.0000e+00   0.0000e+00   3.6102e+02
20260119_06:00:00   5.3122e-02   1.5895e+01   1.8806e+00   0.0000e+00   0.0000e+00   3.4889e+02
20260119_09:00:00   5.0603e-02   1.5331e+01   1.5579e+00   0.0000e+00   0.0000e+00   3.4426e+02
20260119_12:00:00   4.9673e-02   1.5128e+01   1.4416e+00   0.0000e+00   0.0000e+00   3.4252e+02
20260119_15:00:00   4.9228e-02   1.5047e+01   1.4177e+00   0.0000e+00   0.0000e+00   3.3633e+02
20260119_18:00:00   4.9219e-02   1.5084e+01   1.4970e+00   0.0000e+00   0.0000e+00   3.4093e+02
20260119_21:00:00   4.9590e-02   1.5199e+01   1.6264e+00   0.0000e+00   0.0000e+00   3.4510e+02
20260120_00:00:00   4.9518e-02   1.5198e+01   1.6287e+00   0.0000e+00   0.0000e+00   3.4206e+02
20260120_03:00:00   4.9040e-02   1.5078e+01   1.5431e+00   0.0000e+00   0.0000e+00   3.2996e+02
20260120_06:00:00   4.9751e-02   1.5257e+01   1.6624e+00   0.0000e+00   0.0000e+00   3.2464e+02
20260120_09:00:00   4.9658e-02   1.5240e+01   1.6688e+00   0.0000e+00   0.0000e+00   3.2007e+02
20260120_12:00:00   4.8830e-02   1.5033e+01   1.5519e+00   0.0000e+00   0.0000e+00   3.1595e+02
20260120_15:00:00   4.7757e-02   1.4770e+01   1.3757e+00   0.0000e+00   0.0000e+00   3.1892e+02
20260120_18:00:00   4.6133e-02   1.4376e+01   1.1228e+00   0.0000e+00   0.0000e+00   3.2012e+02
20260120_21:00:00   4.6286e-02   1.4432e+01   1.1973e+00   0.0000e+00   0.0000e+00   3.2197e+02
20260121_00:00:00   4.7351e-02   1.4714e+01   1.4091e+00   0.0000e+00   0.0000e+00   3.1483e+02
20260121_03:00:00   4.7678e-02   1.4787e+01   1.4482e+00   0.0000e+00   0.0000e+00   3.1113e+02
20260121_06:00:00   4.7758e-02   1.4798e+01   1.5095e+00   0.0000e+00   0.0000e+00   2.9964e+02
20260121_09:00:00   4.7534e-02   1.4747e+01   1.4706e+00   0.0000e+00   0.0000e+00   2.9507e+02
20260121_12:00:00   4.6932e-02   1.4582e+01   1.3698e+00   0.0000e+00   0.0000e+00   2.9286e+02
20260121_15:00:00   4.8468e-02   1.4951e+01   1.6588e+00   0.0000e+00   0.0000e+00   2.9467e+02
20260121_18:00:00   4.8694e-02   1.5022e+01   1.6965e+00   0.0000e+00   0.0000e+00   2.8805e+02
20260121_21:00:00   4.9729e-02   1.5307e+01   1.9165e+00   0.0000e+00   0.0000e+00   2.8372e+02
20260122_00:00:00   4.8861e-02   1.5096e+01   1.7070e+00   0.0000e+00   0.0000e+00   2.8305e+02
20260122_03:00:00   4.7833e-02   1.4838e+01   1.4780e+00   0.0000e+00   0.0000e+00   2.8060e+02
20260122_06:00:00   4.6376e-02   1.4486e+01   1.1887e+00   0.0000e+00   0.0000e+00   2.8158e+02
20260122_09:00:00   4.7316e-02   1.4722e+01   1.3674e+00   0.0000e+00   0.0000e+00   2.8301e+02
20260122_12:00:00   4.8085e-02   1.4920e+01   1.4947e+00   0.0000e+00   0.0000e+00   2.8779e+02
20260122_15:00:00   4.7014e-02   1.4664e+01   1.2590e+00   0.0000e+00   0.0000e+00   2.8865e+02
20260122_18:00:00   4.5687e-02   1.4343e+01   1.0669e+00   0.0000e+00   0.0000e+00   2.9207e+02
20260122_21:00:00   4.6312e-02   1.4490e+01   1.2449e+00   0.0000e+00   3.3610e-03   2.8680e+02
20260123_00:00:00   4.6548e-02   1.4518e+01   1.3936e+00   0.0000e+00   1.9135e-02   2.8152e+02
20260123_03:00:00   5.0104e-02   1.5375e+01   2.2093e+00   0.0000e+00   2.1723e-02   2.8099e+02
20260123_06:00:00   5.2250e-02   1.5955e+01   2.5790e+00   0.0000e+00   4.7030e-03   2.8287e+02
20260123_09:00:00   4.9334e-02   1.5240e+01   1.9815e+00   0.0000e+00   6.4158e-03   2.8498e+02
20260123_12:00:00   4.9365e-02   1.5208e+01   2.0071e+00   0.0000e+00   1.9549e-02   2.9286e+02
20260123_15:00:00   6.0670e-02   1.7941e+01   4.1481e+00   0.0000e+00   4.9608e-02   2.9668e+02
20260123_18:00:00   6.3626e-02   1.8699e+01   4.5899e+00   0.0000e+00   7.0382e-03   3.0487e+02
20260123_21:00:00   6.0201e-02   1.7886e+01   4.0589e+00   0.0000e+00   2.2132e-03   3.0159e+02
20260124_00:00:00   6.2491e-02   1.8480e+01   4.4283e+00   0.0000e+00   6.8880e-04   3.0311e+02
20260124_03:00:00   6.4589e-02   1.8968e+01   4.6778e+00   0.0000e+00   4.3260e-04   3.0257e+02
20260124_06:00:00   6.3322e-02   1.8601e+01   4.4220e+00   0.0000e+00   4.2774e-03   2.9823e+02
20260124_09:00:00   6.5452e-02   1.9085e+01   4.7230e+00   0.0000e+00   4.5911e-03   3.0042e+02
20260124_12:00:00   7.7809e-02   2.2112e+01   6.5366e+00   0.0000e+00   7.0110e-04   3.0805e+02
20260124_15:00:00   7.5563e-02   2.1527e+01   6.1713e+00   0.0000e+00   1.3729e-03   3.2182e+02
20260124_18:00:00   6.8287e-02   1.9711e+01   4.9997e+00   0.0000e+00   8.4473e-02   3.2312e+02
20260124_21:00:00   6.5035e-02   1.8918e+01   4.4626e+00   0.0000e+00   2.5999e-02   3.2670e+02
20260125_00:00:00   6.4679e-02   1.8829e+01   4.3838e+00   0.0000e+00   5.9901e-03   3.3048e+02
