#            date       tau255        Tb[K]      pwv[mm] lwp[kg*m^-2] iwp[kg*m^-2]       o3[DU]
20260604_06:00:00   1.1094e-01   3.1219e+01   1.2689e+01   0.0000e+00   1.3307e-03   3.2627e+02
20260604_07:00:00   1.1325e-01   3.1792e+01   1.2897e+01   0.0000e+00   3.5810e-03   3.2903e+02
20260604_08:00:00   1.1438e-01   3.2065e+01   1.2984e+01   0.0000e+00   4.3267e-03   3.3196e+02
20260604_09:00:00   1.1315e-01   3.1773e+01   1.2752e+01   0.0000e+00   1.4674e-03   3.3635e+02
20260604_10:00:00   1.1246e-01   3.1576e+01   1.2671e+01   0.0000e+00   1.2508e-03   3.3494e+02
20260604_11:00:00   1.0865e-01   3.0630e+01   1.2107e+01   0.0000e+00   1.3120e-03   3.3497e+02
20260604_12:00:00   1.0281e-01   2.9193e+01   1.1196e+01   0.0000e+00   1.4368e-03   3.3406e+02
20260604_13:00:00   1.0052e-01   2.8651e+01   1.0794e+01   0.0000e+00   9.9350e-04   3.3300e+02
20260604_14:00:00   9.8232e-02   2.8118e+01   1.0364e+01   0.0000e+00   6.5960e-04   3.3127e+02
20260604_15:00:00   9.5693e-02   2.7517e+01   9.9825e+00   0.0000e+00   1.2926e-03   3.3071e+02
20260604_16:00:00   9.3712e-02   2.7048e+01   9.7496e+00   0.0000e+00   2.4056e-03   3.2835e+02
20260604_17:00:00   9.3287e-02   2.6971e+01   9.7406e+00   0.0000e+00   8.6599e-04   3.2778e+02
20260604_18:00:00   9.2866e-02   2.6884e+01   9.7582e+00   0.0000e+00   2.3060e-04   3.2839e+02
20260604_19:00:00   9.4360e-02   2.7222e+01   1.0123e+01   0.0000e+00   1.6463e-04   3.2820e+02
20260604_20:00:00   9.6208e-02   2.7642e+01   1.0483e+01   7.8580e-04   1.3864e-03   3.2786e+02
20260604_21:00:00   9.4719e-02   2.7273e+01   1.0471e+01   2.6440e-04   5.3255e-03   3.2746e+02
20260604_22:00:00   9.3655e-02   2.7022e+01   1.0429e+01   7.7280e-05   8.3253e-03   3.3043e+02
20260604_23:00:00   9.6680e-02   2.7726e+01   1.0842e+01   1.1310e-03   4.7264e-02   3.3397e+02
20260605_00:00:00   1.2232e-01   3.3663e+01   1.1441e+01   2.5434e-02   2.2167e-01   3.3187e+02
20260605_01:00:00   1.0949e-01   3.1000e+01   1.2698e+01   3.9059e-04   1.3739e-01   3.2794e+02
20260605_02:00:00   1.2913e-01   3.5778e+01   1.5077e+01   1.5560e-03   1.1430e-01   3.2315e+02
20260605_03:00:00   1.2170e-01   3.4057e+01   1.4185e+01   0.0000e+00   9.4885e-03   3.2411e+02
20260605_04:00:00   1.1560e-01   3.2526e+01   1.3435e+01   0.0000e+00   1.3394e-02   3.2522e+02
20260605_05:00:00   1.1964e-01   3.3519e+01   1.3859e+01   0.0000e+00   3.4244e-03   3.2882e+02
20260605_06:00:00   1.2381e-01   3.4498e+01   1.4386e+01   0.0000e+00   3.5590e-03   3.3612e+02
20260605_07:00:00   1.1300e-01   3.1838e+01   1.3051e+01   0.0000e+00   1.5759e-03   3.2885e+02
20260605_08:00:00   1.0971e-01   3.1009e+01   1.2561e+01   0.0000e+00   1.8382e-05   3.2388e+02
20260605_09:00:00   1.0591e-01   3.0063e+01   1.1970e+01   0.0000e+00   2.0680e-04   3.2081e+02
20260605_10:00:00   1.0090e-01   2.8826e+01   1.1213e+01   0.0000e+00   8.5420e-05   3.2339e+02
20260605_11:00:00   9.7301e-02   2.7916e+01   1.0670e+01   0.0000e+00   5.8060e-04   3.2213e+02
20260605_12:00:00   9.4020e-02   2.7092e+01   1.0168e+01   0.0000e+00   5.3963e-04   3.2313e+02
20260605_13:00:00   9.1049e-02   2.6356e+01   9.6814e+00   0.0000e+00   2.4333e-04   3.2458e+02
20260605_14:00:00   9.0873e-02   2.6301e+01   9.6397e+00   0.0000e+00   4.5921e-04   3.2672e+02
20260605_15:00:00   8.9291e-02   2.5933e+01   9.3851e+00   0.0000e+00   9.3761e-04   3.2763e+02
20260605_16:00:00   8.9085e-02   2.5906e+01   9.3680e+00   0.0000e+00   1.1216e-03   3.2728e+02
20260605_17:00:00   9.1248e-02   2.6462e+01   9.7294e+00   0.0000e+00   1.5047e-03   3.2871e+02
20260605_18:00:00   9.5884e-02   2.7571e+01   1.0559e+01   0.0000e+00   3.9457e-03   3.3010e+02
20260605_19:00:00   9.8606e-02   2.8219e+01   1.1107e+01   2.3680e-04   1.5544e-02   3.2895e+02
20260605_20:00:00   1.0621e-01   2.9996e+01   1.1577e+01   6.4000e-03   1.0269e-01   3.2784e+02
20260605_21:00:00   1.1671e-01   3.2546e+01   1.3029e+01   7.0339e-03   3.1352e-01   3.2641e+02
20260605_22:00:00   1.1476e-01   3.2195e+01   1.3631e+01   2.8110e-04   2.3084e-01   3.2454e+02
20260605_23:00:00   1.1325e-01   3.1885e+01   1.3514e+01   0.0000e+00   7.2959e-02   3.2447e+02
20260606_00:00:00   1.1437e-01   3.2120e+01   1.3746e+01   0.0000e+00   4.2197e-02   3.2516e+02
20260606_01:00:00   1.1516e-01   3.2261e+01   1.3893e+01   0.0000e+00   2.1206e-01   3.2438e+02
20260606_02:00:00   1.1210e-01   3.1552e+01   1.3382e+01   2.8020e-04   9.9588e-02   3.2699e+02
20260606_03:00:00   1.1380e-01   3.2004e+01   1.3571e+01   0.0000e+00   2.9575e-02   3.2794e+02
20260606_04:00:00   1.1148e-01   3.1461e+01   1.3218e+01   0.0000e+00   1.3706e-02   3.2900e+02
20260606_05:00:00   1.1673e-01   3.2709e+01   1.3822e+01   3.7980e-04   4.0576e-02   3.2789e+02
20260606_06:00:00   1.1999e-01   3.3482e+01   1.4155e+01   0.0000e+00   1.1212e-01   3.2790e+02
20260606_07:00:00   1.1596e-01   3.2513e+01   1.3672e+01   0.0000e+00   2.4475e-02   3.2807e+02
20260606_08:00:00   1.1422e-01   3.2049e+01   1.3556e+01   0.0000e+00   2.1306e-02   3.2507e+02
20260606_09:00:00   1.1442e-01   3.2026e+01   1.3597e+01   0.0000e+00   2.3321e-02   3.2310e+02
20260606_10:00:00   1.0893e-01   3.0677e+01   1.2747e+01   0.0000e+00   4.3891e-03   3.2518e+02
20260606_11:00:00   1.0340e-01   2.9300e+01   1.2010e+01   0.0000e+00   5.2205e-03   3.2865e+02
20260606_12:00:00   1.0159e-01   2.8858e+01   1.1726e+01   0.0000e+00   6.9124e-03   3.3320e+02
20260606_13:00:00   1.0225e-01   2.9013e+01   1.1813e+01   0.0000e+00   1.8346e-02   3.3434e+02
20260606_14:00:00   1.0187e-01   2.8917e+01   1.1753e+01   0.0000e+00   1.1986e-02   3.3108e+02
20260606_15:00:00   1.0143e-01   2.8806e+01   1.1639e+01   0.0000e+00   5.7980e-04   3.2882e+02
20260606_16:00:00   1.0207e-01   2.8997e+01   1.1688e+01   0.0000e+00   0.0000e+00   3.2793e+02
20260606_17:00:00   1.0194e-01   2.9002e+01   1.1710e+01   0.0000e+00   0.0000e+00   3.2754e+02
20260606_18:00:00   1.0318e-01   2.9341e+01   1.1917e+01   0.0000e+00   0.0000e+00   3.2926e+02
20260606_19:00:00   1.0342e-01   2.9436e+01   1.1995e+01   0.0000e+00   7.9360e-07   3.2839e+02
20260606_20:00:00   1.0318e-01   2.9384e+01   1.1978e+01   1.0192e-04   1.9800e-03   3.2539e+02
20260606_21:00:00   1.0063e-01   2.8804e+01   1.1539e+01   6.1260e-04   7.1403e-03   3.2424e+02
20260606_22:00:00   9.8943e-02   2.8407e+01   1.1411e+01   0.0000e+00   1.3467e-02   3.2282e+02
20260606_23:00:00   9.6385e-02   2.7786e+01   1.1064e+01   8.4920e-06   9.1408e-03   3.2245e+02
20260607_00:00:00   9.3209e-02   2.7012e+01   1.0570e+01   0.0000e+00   2.7509e-03   3.2111e+02
20260607_01:00:00   9.0907e-02   2.6452e+01   1.0217e+01   0.0000e+00   1.8975e-04   3.2068e+02
20260607_02:00:00   9.6134e-02   2.7728e+01   1.1027e+01   0.0000e+00   7.5576e-03   3.1664e+02
20260607_03:00:00   1.0172e-01   2.9107e+01   1.1686e+01   0.0000e+00   5.4302e-03   3.1903e+02
20260607_04:00:00   9.7494e-02   2.8082e+01   1.0916e+01   0.0000e+00   4.0198e-04   3.1986e+02
20260607_05:00:00   9.4734e-02   2.7392e+01   1.0473e+01   0.0000e+00   1.5274e-03   3.2086e+02
20260607_06:00:00   9.4598e-02   2.7339e+01   1.0392e+01   0.0000e+00   2.5504e-03   3.2217e+02
20260607_07:00:00   9.5174e-02   2.7459e+01   1.0430e+01   0.0000e+00   3.5549e-03   3.1994e+02
20260607_08:00:00   9.4846e-02   2.7352e+01   1.0371e+01   0.0000e+00   7.3265e-04   3.2093e+02
20260607_09:00:00   9.4918e-02   2.7335e+01   1.0427e+01   0.0000e+00   1.9475e-03   3.1922e+02
20260607_10:00:00   9.8599e-02   2.8180e+01   1.1002e+01   0.0000e+00   2.6020e-03   3.1737e+02
20260607_11:00:00   1.0090e-01   2.8727e+01   1.1301e+01   0.0000e+00   5.0460e-03   3.1573e+02
20260607_12:00:00   1.0140e-01   2.8849e+01   1.1390e+01   0.0000e+00   4.2815e-03   3.1572e+02
20260607_13:00:00   1.0240e-01   2.9072e+01   1.1634e+01   0.0000e+00   1.4404e-02   3.1684e+02
20260607_14:00:00   1.0132e-01   2.8818e+01   1.1422e+01   0.0000e+00   2.3523e-02   3.1622e+02
20260607_15:00:00   1.0119e-01   2.8793e+01   1.1413e+01   0.0000e+00   4.8341e-03   3.1701e+02
20260607_16:00:00   1.0182e-01   2.8973e+01   1.1536e+01   0.0000e+00   2.2279e-03   3.1729e+02
20260607_17:00:00   1.0496e-01   2.9770e+01   1.2017e+01   0.0000e+00   1.0112e-03   3.1505e+02
20260607_18:00:00   1.0832e-01   3.0606e+01   1.2493e+01   5.3280e-04   1.4170e-02   3.1286e+02
20260607_19:00:00   1.1685e-01   3.2616e+01   1.3032e+01   6.9720e-03   4.9635e-02   3.1062e+02
20260607_20:00:00   1.2076e-01   3.3551e+01   1.3582e+01   8.0760e-03   8.4822e-02   3.1201e+02
20260607_21:00:00   1.1092e-01   3.1258e+01   1.2988e+01   1.7935e-03   4.7522e-02   3.1457e+02
20260607_22:00:00   1.0337e-01   2.9472e+01   1.2008e+01   2.2137e-04   8.8450e-03   3.1693e+02
20260607_23:00:00   1.0153e-01   2.9034e+01   1.1731e+01   8.7060e-06   4.1622e-03   3.1548e+02
20260608_00:00:00   1.0198e-01   2.9174e+01   1.1693e+01   2.3220e-05   1.7697e-02   3.1402e+02
20260608_01:00:00   1.0296e-01   2.9432e+01   1.1582e+01   8.0680e-04   2.7759e-02   3.1524e+02
20260608_02:00:00   1.0097e-01   2.8982e+01   1.1241e+01   0.0000e+00   1.8584e-03   3.1441e+02
20260608_03:00:00   1.0205e-01   2.9303e+01   1.1090e+01   0.0000e+00   0.0000e+00   3.1412e+02
20260608_04:00:00   9.9041e-02   2.8550e+01   1.0500e+01   0.0000e+00   0.0000e+00   3.1399e+02
20260608_05:00:00   9.4576e-02   2.7412e+01   9.8873e+00   0.0000e+00   0.0000e+00   3.1369e+02
20260608_06:00:00   9.3993e-02   2.7253e+01   9.8308e+00   0.0000e+00   0.0000e+00   3.1477e+02
20260608_07:00:00   9.5412e-02   2.7611e+01   1.0012e+01   0.0000e+00   0.0000e+00   3.1471e+02
20260608_08:00:00   9.5242e-02   2.7561e+01   9.9975e+00   0.0000e+00   0.0000e+00   3.1523e+02
20260608_09:00:00   9.5650e-02   2.7656e+01   1.0042e+01   0.0000e+00   0.0000e+00   3.1434e+02
20260608_10:00:00   9.3948e-02   2.7243e+01   9.6576e+00   0.0000e+00   0.0000e+00   3.1575e+02
20260608_11:00:00   8.7197e-02   2.5551e+01   8.5766e+00   0.0000e+00   0.0000e+00   3.1644e+02
20260608_12:00:00   8.0162e-02   2.3758e+01   7.4784e+00   0.0000e+00   0.0000e+00   3.1978e+02
20260608_13:00:00   7.4909e-02   2.2412e+01   6.6531e+00   0.0000e+00   0.0000e+00   3.1736e+02
20260608_14:00:00   7.2566e-02   2.1811e+01   6.2800e+00   0.0000e+00   0.0000e+00   3.1801e+02
20260608_15:00:00   7.1716e-02   2.1597e+01   6.1814e+00   0.0000e+00   0.0000e+00   3.1758e+02
20260608_16:00:00   7.2810e-02   2.1890e+01   6.4299e+00   0.0000e+00   0.0000e+00   3.1451e+02
20260608_17:00:00   7.3957e-02   2.2198e+01   6.7213e+00   0.0000e+00   0.0000e+00   3.1235e+02
20260608_18:00:00   8.3505e-02   2.4669e+01   8.3498e+00   0.0000e+00   0.0000e+00   3.1043e+02
20260608_19:00:00   8.6793e-02   2.5527e+01   8.9311e+00   0.0000e+00   0.0000e+00   3.0907e+02
20260608_20:00:00   8.7975e-02   2.5825e+01   9.2318e+00   0.0000e+00   0.0000e+00   3.0641e+02
20260608_21:00:00   9.2731e-02   2.7044e+01   1.0025e+01   0.0000e+00   3.3980e-06   3.0551e+02
20260608_22:00:00   9.5904e-02   2.7868e+01   1.0543e+01   0.0000e+00   6.7940e-06   3.0388e+02
20260608_23:00:00   9.8431e-02   2.8521e+01   1.0947e+01   0.0000e+00   3.3980e-06   3.0295e+02
20260609_00:00:00   1.0112e-01   2.9192e+01   1.1408e+01   0.0000e+00   1.6986e-05   3.0261e+02
20260609_01:00:00   1.0355e-01   2.9816e+01   1.1725e+01   0.0000e+00   0.0000e+00   3.0276e+02
20260609_02:00:00   1.0712e-01   3.0708e+01   1.2250e+01   0.0000e+00   0.0000e+00   3.0356e+02
20260609_03:00:00   1.0950e-01   3.1308e+01   1.2598e+01   0.0000e+00   0.0000e+00   3.0380e+02
20260609_04:00:00   1.1218e-01   3.1950e+01   1.3114e+01   0.0000e+00   0.0000e+00   3.0381e+02
20260609_05:00:00   1.0892e-01   3.1137e+01   1.2605e+01   0.0000e+00   0.0000e+00   3.0351e+02
20260609_06:00:00   1.0564e-01   3.0275e+01   1.2106e+01   0.0000e+00   0.0000e+00   3.0241e+02
20260609_09:00:00   1.1264e-01   3.1925e+01   1.2958e+01   0.0000e+00   0.0000e+00   3.0168e+02
20260609_12:00:00   1.2874e-01   3.5834e+01   1.5277e+01   0.0000e+00   3.0960e-06   2.9819e+02
20260609_15:00:00   1.2922e-01   3.6058e+01   1.5392e+01   0.0000e+00   4.6446e-05   2.9722e+02
20260609_18:00:00   1.3234e-01   3.6852e+01   1.5932e+01   2.8240e-03   2.5951e-03   2.9196e+02
20260609_21:00:00   1.4180e-01   3.9103e+01   1.7255e+01   5.0825e-03   7.7555e-02   2.9024e+02
20260610_00:00:00   1.2291e-01   3.4695e+01   1.5316e+01   0.0000e+00   3.1534e-02   2.8793e+02
20260610_03:00:00   1.1993e-01   3.3988e+01   1.4677e+01   0.0000e+00   3.8900e-06   2.8767e+02
20260610_06:00:00   1.2658e-01   3.5607e+01   1.5428e+01   0.0000e+00   8.6920e-05   2.8345e+02
20260610_09:00:00   1.3891e-01   3.8510e+01   1.6490e+01   1.9338e-03   5.9380e-04   2.8255e+02
20260610_12:00:00   1.3531e-01   3.7627e+01   1.6365e+01   1.6466e-04   3.1966e-03   2.8247e+02
20260610_15:00:00   1.4147e-01   3.8984e+01   1.7758e+01   0.0000e+00   4.4847e-02   2.8134e+02
20260610_18:00:00   1.5635e-01   4.2570e+01   2.0175e+01   0.0000e+00   9.1128e-03   2.8302e+02
20260610_21:00:00   1.8627e-01   4.9591e+01   2.2164e+01   1.2536e-02   1.5414e-01   2.8539e+02
20260611_00:00:00   2.5248e-01   6.3876e+01   2.4446e+01   6.6962e-02   2.3043e-01   2.8666e+02
20260611_03:00:00   1.8170e-01   4.8172e+01   2.1508e+01   1.4736e-02   4.9334e-01   2.9171e+02
20260611_06:00:00   1.7439e-01   4.6574e+01   2.1474e+01   6.6660e-04   7.8129e-02   2.9606e+02
20260611_09:00:00   2.1434e-01   5.5282e+01   2.0862e+01   4.9440e-02   2.8645e-02   2.9712e+02
20260611_12:00:00   1.1804e-01   3.3470e+01   1.2676e+01   0.0000e+00   0.0000e+00   3.0517e+02
20260611_15:00:00   9.6344e-02   2.8152e+01   9.2573e+00   0.0000e+00   0.0000e+00   3.0162e+02
20260611_18:00:00   8.4543e-02   2.5100e+01   8.4190e+00   0.0000e+00   0.0000e+00   2.9965e+02
20260611_21:00:00   8.7575e-02   2.5872e+01   9.3937e+00   0.0000e+00   0.0000e+00   2.9710e+02
20260612_00:00:00   9.8727e-02   2.8736e+01   1.1235e+01   0.0000e+00   0.0000e+00   2.9218e+02
20260612_03:00:00   1.0387e-01   3.0134e+01   1.1490e+01   0.0000e+00   0.0000e+00   2.9300e+02
20260612_06:00:00   9.4744e-02   2.7746e+01   9.9419e+00   0.0000e+00   0.0000e+00   2.9211e+02
20260612_09:00:00   9.7830e-02   2.8490e+01   1.0338e+01   0.0000e+00   0.0000e+00   2.9138e+02
20260612_12:00:00   1.0464e-01   3.0152e+01   1.1117e+01   0.0000e+00   0.0000e+00   2.9445e+02
20260612_15:00:00   1.0316e-01   2.9876e+01   1.0703e+01   0.0000e+00   0.0000e+00   2.9170e+02
20260612_18:00:00   1.0804e-01   3.1141e+01   1.1883e+01   0.0000e+00   0.0000e+00   2.9594e+02
20260612_21:00:00   1.1469e-01   3.2661e+01   1.3655e+01   9.9820e-04   6.8559e-04   2.9674e+02
20260613_00:00:00   1.1613e-01   3.2948e+01   1.4088e+01   3.2116e-04   8.0647e-02   2.9767e+02
20260613_03:00:00   9.2422e-02   2.7000e+01   1.0157e+01   0.0000e+00   4.4400e-04   3.0119e+02
20260613_06:00:00   1.0034e-01   2.8948e+01   1.1185e+01   0.0000e+00   0.0000e+00   3.0373e+02
20260613_09:00:00   1.0919e-01   3.1112e+01   1.2172e+01   2.5480e-05   6.8539e-03   3.0381e+02
20260613_12:00:00   1.1772e-01   3.3227e+01   1.2946e+01   5.7540e-05   4.0180e-04   3.0418e+02
20260613_15:00:00   1.0534e-01   3.0210e+01   1.1204e+01   0.0000e+00   0.0000e+00   3.0301e+02
20260613_18:00:00   1.1697e-01   3.3146e+01   1.3349e+01   7.6440e-05   1.0532e-04   3.0339e+02
20260613_21:00:00   1.5616e-01   4.1939e+01   1.4697e+01   4.0620e-02   1.8841e-01   3.0624e+02
20260614_00:00:00   1.0901e-01   3.1029e+01   1.3056e+01   0.0000e+00   5.9680e-02   3.0729e+02
20260614_03:00:00   6.6459e-02   2.0271e+01   5.8373e+00   0.0000e+00   0.0000e+00   3.1108e+02
20260614_06:00:00   7.1206e-02   2.1424e+01   6.5989e+00   0.0000e+00   0.0000e+00   3.1247e+02
20260614_09:00:00   8.2051e-02   2.4108e+01   8.3608e+00   0.0000e+00   1.8420e-04   3.1611e+02
20260614_12:00:00   7.5656e-02   2.2516e+01   7.2586e+00   0.0000e+00   0.0000e+00   3.1549e+02
20260614_15:00:00   6.9265e-02   2.0930e+01   6.0343e+00   0.0000e+00   0.0000e+00   3.2285e+02
20260614_18:00:00   6.6612e-02   2.0293e+01   5.5635e+00   0.0000e+00   0.0000e+00   3.3556e+02
20260614_21:00:00   6.6154e-02   2.0183e+01   5.7024e+00   0.0000e+00   0.0000e+00   3.3348e+02
20260615_00:00:00   6.4870e-02   1.9907e+01   5.5515e+00   0.0000e+00   0.0000e+00   3.2916e+02
20260615_03:00:00   6.9315e-02   2.1042e+01   6.3426e+00   0.0000e+00   0.0000e+00   3.2499e+02
20260615_06:00:00   6.7620e-02   2.0596e+01   5.9795e+00   0.0000e+00   8.5140e-06   3.2458e+02
20260615_09:00:00   7.1503e-02   2.1548e+01   6.6004e+00   0.0000e+00   0.0000e+00   3.1830e+02
20260615_12:00:00   7.2531e-02   2.1802e+01   6.8159e+00   0.0000e+00   4.3464e-05   3.1950e+02
20260615_15:00:00   7.5440e-02   2.2570e+01   7.3237e+00   0.0000e+00   1.5482e-05   3.1939e+02
20260615_18:00:00   7.8280e-02   2.3353e+01   7.8616e+00   0.0000e+00   0.0000e+00   3.2065e+02
20260615_21:00:00   8.2834e-02   2.4524e+01   8.8949e+00   0.0000e+00   0.0000e+00   3.1650e+02
20260616_00:00:00   8.3572e-02   2.4730e+01   9.1387e+00   0.0000e+00   1.9388e-02   3.1499e+02
20260616_03:00:00   8.4184e-02   2.4871e+01   9.2825e+00   0.0000e+00   0.0000e+00   3.1774e+02
20260616_06:00:00   8.6643e-02   2.5537e+01   9.5746e+00   0.0000e+00   8.5314e-04   3.1411e+02
20260616_09:00:00   8.8191e-02   2.5880e+01   9.9070e+00   0.0000e+00   7.5680e-05   3.0570e+02
20260616_12:00:00   9.3110e-02   2.7106e+01   1.0696e+01   0.0000e+00   0.0000e+00   2.9917e+02
20260616_15:00:00   9.5384e-02   2.7762e+01   1.0864e+01   0.0000e+00   0.0000e+00   2.9582e+02
20260616_18:00:00   9.1460e-02   2.6866e+01   1.0300e+01   0.0000e+00   0.0000e+00   2.9654e+02
20260616_21:00:00   8.8448e-02   2.6169e+01   1.0011e+01   0.0000e+00   0.0000e+00   2.9846e+02
20260617_00:00:00   8.6073e-02   2.5615e+01   9.7288e+00   0.0000e+00   0.0000e+00   2.9701e+02
20260617_03:00:00   8.8260e-02   2.6181e+01   9.8819e+00   0.0000e+00   0.0000e+00   2.9283e+02
20260617_06:00:00   8.7031e-02   2.5823e+01   9.4208e+00   0.0000e+00   0.0000e+00   2.9387e+02
20260617_09:00:00   8.3718e-02   2.4942e+01   8.8932e+00   0.0000e+00   0.0000e+00   2.9271e+02
20260617_12:00:00   8.6170e-02   2.5499e+01   9.3087e+00   0.0000e+00   0.0000e+00   2.9221e+02
20260617_15:00:00   8.2240e-02   2.4492e+01   8.4944e+00   0.0000e+00   0.0000e+00   2.9561e+02
20260617_18:00:00   8.0833e-02   2.4200e+01   8.3584e+00   0.0000e+00   0.0000e+00   2.9519e+02
20260617_21:00:00   8.5680e-02   2.5482e+01   9.4219e+00   0.0000e+00   0.0000e+00   2.9541e+02
20260618_00:00:00   8.5842e-02   2.5571e+01   9.4605e+00   0.0000e+00   0.0000e+00   2.9512e+02
20260618_03:00:00   8.4536e-02   2.5247e+01   9.0416e+00   0.0000e+00   0.0000e+00   2.9523e+02
20260618_06:00:00   8.8948e-02   2.6377e+01   9.4716e+00   0.0000e+00   0.0000e+00   2.9407e+02
20260618_09:00:00   9.0007e-02   2.6593e+01   9.4499e+00   0.0000e+00   0.0000e+00   2.9130e+02
20260618_12:00:00   8.7153e-02   2.5830e+01   9.0118e+00   0.0000e+00   0.0000e+00   2.9271e+02
20260618_15:00:00   8.9225e-02   2.6381e+01   9.3557e+00   0.0000e+00   0.0000e+00   2.9438e+02
20260618_18:00:00   9.2759e-02   2.7385e+01   1.0038e+01   0.0000e+00   0.0000e+00   2.9763e+02
20260618_21:00:00   9.8664e-02   2.8866e+01   1.1557e+01   0.0000e+00   0.0000e+00   2.8969e+02
20260619_00:00:00   1.0848e-01   3.1262e+01   1.3351e+01   1.4320e-03   1.6266e-03   2.8803e+02
20260619_03:00:00   1.1421e-01   3.2721e+01   1.4171e+01   0.0000e+00   2.0505e-03   2.8637e+02
20260619_06:00:00   1.0838e-01   3.1271e+01   1.2764e+01   0.0000e+00   0.0000e+00   2.8667e+02
20260619_09:00:00   1.0360e-01   3.0051e+01   1.1723e+01   0.0000e+00   0.0000e+00   2.8708e+02
20260619_12:00:00   9.4061e-02   2.7589e+01   1.0284e+01   0.0000e+00   0.0000e+00   2.8966e+02
20260619_15:00:00   9.6500e-02   2.8249e+01   1.0641e+01   0.0000e+00   0.0000e+00   2.9334e+02
20260619_18:00:00   1.1105e-01   3.1944e+01   1.3107e+01   0.0000e+00   0.0000e+00   2.9372e+02
20260619_21:00:00   1.2644e-01   3.5531e+01   1.4917e+01   9.7020e-03   3.8073e-02   2.9379e+02
20260620_00:00:00   1.5989e-01   4.3446e+01   2.0785e+01   9.7840e-04   6.9107e-01   2.9382e+02
20260620_03:00:00   1.4128e-01   3.9084e+01   1.8410e+01   0.0000e+00   6.2547e-02   2.9097e+02
20260620_06:00:00   1.3026e-01   3.6488e+01   1.6708e+01   0.0000e+00   6.0919e-03   2.9372e+02
