#            date       tau255        Tb[K]      pwv[mm] lwp[kg*m^-2] iwp[kg*m^-2]       o3[DU]
20260414_12:00:00   7.7571e-02   2.2397e+01   5.6069e+00   1.9352e-04   1.5782e-05   3.3822e+02
20260414_13:00:00   7.6838e-02   2.2185e+01   5.4896e+00   2.6740e-04   8.8520e-05   3.3668e+02
20260414_14:00:00   7.7756e-02   2.2373e+01   5.7346e+00   0.0000e+00   0.0000e+00   3.3632e+02
20260414_15:00:00   7.8467e-02   2.2518e+01   5.9451e+00   2.3900e-04   4.2209e-05   3.3479e+02
20260414_16:00:00   7.5199e-02   2.1710e+01   5.6516e+00   0.0000e+00   1.0118e-05   3.3451e+02
20260414_17:00:00   7.4386e-02   2.1498e+01   5.7212e+00   0.0000e+00   1.6986e-05   3.3575e+02
20260414_18:00:00   7.2325e-02   2.0981e+01   5.5669e+00   0.0000e+00   0.0000e+00   3.3690e+02
20260414_19:00:00   7.0583e-02   2.0526e+01   5.4544e+00   0.0000e+00   0.0000e+00   3.3936e+02
20260414_20:00:00   7.0866e-02   2.0568e+01   5.5885e+00   0.0000e+00   9.5780e-06   3.4727e+02
20260414_21:00:00   7.1123e-02   2.0618e+01   5.6741e+00   4.2460e-05   1.2585e-03   3.5438e+02
20260414_22:00:00   7.5846e-02   2.1686e+01   5.8159e+00   4.7779e-03   8.0818e-03   3.5795e+02
20260414_23:00:00   7.2899e-02   2.1021e+01   5.9498e+00   0.0000e+00   3.6458e-02   3.6116e+02
20260415_00:00:00   7.2847e-02   2.1008e+01   5.8958e+00   0.0000e+00   2.5706e-02   3.6546e+02
20260415_01:00:00   7.2669e-02   2.0961e+01   5.8039e+00   0.0000e+00   1.2374e-02   3.7104e+02
20260415_02:00:00   7.4039e-02   2.1318e+01   5.8321e+00   7.7400e-06   2.0918e-02   3.7345e+02
20260415_03:00:00   7.5345e-02   2.1702e+01   5.7290e+00   0.0000e+00   5.0673e-03   3.7133e+02
20260415_04:00:00   7.5647e-02   2.1779e+01   5.6763e+00   0.0000e+00   6.6157e-04   3.6999e+02
20260415_05:00:00   7.7254e-02   2.2168e+01   5.8207e+00   0.0000e+00   5.4040e-05   3.7014e+02
20260415_06:00:00   7.8321e-02   2.2416e+01   5.9462e+00   0.0000e+00   2.8667e-04   3.7734e+02
20260415_07:00:00   8.0235e-02   2.2844e+01   6.2932e+00   0.0000e+00   1.7219e-03   3.8599e+02
20260415_08:00:00   7.8791e-02   2.2497e+01   6.0614e+00   0.0000e+00   0.0000e+00   3.8574e+02
20260415_09:00:00   7.4755e-02   2.1523e+01   5.4896e+00   0.0000e+00   0.0000e+00   3.8014e+02
20260415_10:00:00   7.4298e-02   2.1426e+01   5.3604e+00   0.0000e+00   0.0000e+00   3.7606e+02
20260415_11:00:00   7.2121e-02   2.0903e+01   4.9455e+00   0.0000e+00   0.0000e+00   3.7064e+02
20260415_12:00:00   7.0318e-02   2.0467e+01   4.6075e+00   0.0000e+00   0.0000e+00   3.6675e+02
20260415_13:00:00   6.8793e-02   2.0090e+01   4.3620e+00   0.0000e+00   0.0000e+00   3.6520e+02
20260415_14:00:00   6.7018e-02   1.9653e+01   4.1384e+00   0.0000e+00   0.0000e+00   3.6514e+02
20260415_15:00:00   6.5956e-02   1.9402e+01   4.0045e+00   0.0000e+00   0.0000e+00   3.6540e+02
20260415_16:00:00   6.6381e-02   1.9512e+01   4.1227e+00   0.0000e+00   0.0000e+00   3.6789e+02
20260415_17:00:00   6.5697e-02   1.9358e+01   4.0720e+00   0.0000e+00   0.0000e+00   3.6806e+02
20260415_18:00:00   6.7623e-02   1.9834e+01   4.4436e+00   0.0000e+00   0.0000e+00   3.6791e+02
20260415_19:00:00   6.6194e-02   1.9497e+01   4.2916e+00   0.0000e+00   0.0000e+00   3.6707e+02
20260415_20:00:00   6.4494e-02   1.9096e+01   4.0836e+00   0.0000e+00   0.0000e+00   3.6529e+02
20260415_21:00:00   6.3484e-02   1.8861e+01   4.0023e+00   0.0000e+00   0.0000e+00   3.6156e+02
20260415_22:00:00   6.3375e-02   1.8845e+01   4.0563e+00   0.0000e+00   0.0000e+00   3.5869e+02
20260415_23:00:00   6.5895e-02   1.9476e+01   4.5130e+00   0.0000e+00   0.0000e+00   3.5720e+02
20260416_00:00:00   6.6838e-02   1.9714e+01   4.6907e+00   0.0000e+00   0.0000e+00   3.5511e+02
20260416_01:00:00   6.6670e-02   1.9683e+01   4.6869e+00   0.0000e+00   0.0000e+00   3.5104e+02
20260416_02:00:00   6.6759e-02   1.9718e+01   4.6989e+00   0.0000e+00   0.0000e+00   3.5039e+02
20260416_03:00:00   6.7283e-02   1.9859e+01   4.7677e+00   0.0000e+00   0.0000e+00   3.4987e+02
20260416_04:00:00   6.6994e-02   1.9800e+01   4.6896e+00   0.0000e+00   0.0000e+00   3.5055e+02
20260416_05:00:00   6.5982e-02   1.9559e+01   4.5106e+00   0.0000e+00   0.0000e+00   3.4968e+02
20260416_06:00:00   6.4850e-02   1.9283e+01   4.3252e+00   0.0000e+00   0.0000e+00   3.4849e+02
20260416_07:00:00   6.4938e-02   1.9311e+01   4.3308e+00   0.0000e+00   0.0000e+00   3.5069e+02
20260416_08:00:00   6.4835e-02   1.9284e+01   4.2940e+00   0.0000e+00   0.0000e+00   3.5199e+02
20260416_09:00:00   6.3031e-02   1.8844e+01   3.9785e+00   0.0000e+00   0.0000e+00   3.5152e+02
20260416_10:00:00   6.1258e-02   1.8411e+01   3.6784e+00   0.0000e+00   0.0000e+00   3.4932e+02
20260416_11:00:00   5.9948e-02   1.8076e+01   3.4586e+00   0.0000e+00   3.1960e-05   3.4644e+02
20260416_12:00:00   5.6900e-02   1.7303e+01   2.9816e+00   0.0000e+00   5.6607e-04   3.4528e+02
20260416_13:00:00   5.3999e-02   1.6556e+01   2.5395e+00   0.0000e+00   1.8666e-03   3.4499e+02
20260416_14:00:00   5.2348e-02   1.6128e+01   2.2686e+00   0.0000e+00   3.4709e-03   3.4678e+02
20260416_15:00:00   5.1671e-02   1.5945e+01   2.2022e+00   0.0000e+00   3.8868e-03   3.4536e+02
20260416_16:00:00   5.2998e-02   1.6271e+01   2.5223e+00   0.0000e+00   8.4182e-03   3.4439e+02
20260416_17:00:00   5.6479e-02   1.7114e+01   3.2946e+00   0.0000e+00   1.2790e-02   3.4612e+02
20260416_18:00:00   6.0716e-02   1.8132e+01   4.1424e+00   0.0000e+00   1.0479e-01   3.4730e+02
20260416_19:00:00   5.8696e-02   1.7677e+01   3.7543e+00   0.0000e+00   4.9633e-02   3.4895e+02
20260416_20:00:00   6.3994e-02   1.8955e+01   4.7954e+00   0.0000e+00   1.0076e-01   3.5013e+02
20260416_21:00:00   6.7648e-02   1.9875e+01   5.4977e+00   0.0000e+00   3.2250e-02   3.4931e+02
20260416_22:00:00   6.7409e-02   1.9828e+01   5.4730e+00   0.0000e+00   4.4150e-02   3.4633e+02
20260416_23:00:00   6.5498e-02   1.9372e+01   5.1247e+00   0.0000e+00   6.1339e-02   3.4383e+02
20260417_00:00:00   6.5405e-02   1.9352e+01   5.0578e+00   0.0000e+00   4.1464e-02   3.4622e+02
20260417_01:00:00   6.7147e-02   1.9748e+01   5.4225e+00   0.0000e+00   3.1086e-02   3.4443e+02
20260417_02:00:00   6.8044e-02   2.0002e+01   5.5387e+00   0.0000e+00   8.4712e-03   3.4633e+02
20260417_03:00:00   6.7342e-02   1.9848e+01   5.3383e+00   0.0000e+00   4.5607e-03   3.4723e+02
20260417_04:00:00   6.5326e-02   1.9360e+01   4.9194e+00   0.0000e+00   7.1399e-04   3.4557e+02
20260417_05:00:00   6.7291e-02   1.9840e+01   5.1606e+00   0.0000e+00   0.0000e+00   3.4423e+02
20260417_06:00:00   7.0680e-02   2.0664e+01   5.6491e+00   0.0000e+00   7.0895e-05   3.4443e+02
20260417_07:00:00   7.0403e-02   2.0600e+01   5.5459e+00   0.0000e+00   8.7060e-07   3.4611e+02
20260417_08:00:00   7.0488e-02   2.0607e+01   5.5697e+00   0.0000e+00   1.7856e-06   3.4539e+02
20260417_09:00:00   6.9799e-02   2.0427e+01   5.5023e+00   0.0000e+00   2.3800e-06   3.4827e+02
20260417_10:00:00   6.9867e-02   2.0429e+01   5.5320e+00   0.0000e+00   0.0000e+00   3.4773e+02
20260417_11:00:00   6.9428e-02   2.0296e+01   5.4901e+00   0.0000e+00   0.0000e+00   3.4980e+02
20260417_12:00:00   6.6580e-02   1.9553e+01   5.0027e+00   0.0000e+00   6.2040e-04   3.4864e+02
20260417_13:00:00   6.3775e-02   1.8851e+01   4.4380e+00   0.0000e+00   4.1457e-04   3.5017e+02
20260417_14:00:00   6.2245e-02   1.8474e+01   4.1166e+00   0.0000e+00   8.4920e-06   3.5248e+02
20260417_15:00:00   5.9294e-02   1.7771e+01   3.5597e+00   0.0000e+00   0.0000e+00   3.5576e+02
20260417_16:00:00   5.8845e-02   1.7696e+01   3.3511e+00   0.0000e+00   0.0000e+00   3.5254e+02
20260417_17:00:00   6.0602e-02   1.8176e+01   3.6337e+00   0.0000e+00   0.0000e+00   3.4903e+02
20260417_18:00:00   6.5110e-02   1.9335e+01   4.3260e+00   0.0000e+00   0.0000e+00   3.4593e+02
20260417_19:00:00   6.6386e-02   1.9680e+01   4.5684e+00   0.0000e+00   0.0000e+00   3.4163e+02
20260417_20:00:00   6.5744e-02   1.9541e+01   4.5232e+00   0.0000e+00   0.0000e+00   3.3852e+02
20260417_21:00:00   6.7225e-02   1.9920e+01   4.8011e+00   0.0000e+00   0.0000e+00   3.3879e+02
20260417_22:00:00   6.8686e-02   2.0295e+01   4.9778e+00   0.0000e+00   0.0000e+00   3.4029e+02
20260417_23:00:00   6.6131e-02   1.9635e+01   4.5367e+00   0.0000e+00   0.0000e+00   3.4193e+02
20260418_00:00:00   6.2600e-02   1.8721e+01   4.0062e+00   0.0000e+00   0.0000e+00   3.4648e+02
20260418_01:00:00   6.0716e-02   1.8220e+01   3.7204e+00   0.0000e+00   0.0000e+00   3.5154e+02
20260418_02:00:00   5.8626e-02   1.7658e+01   3.3829e+00   0.0000e+00   0.0000e+00   3.5504e+02
20260418_03:00:00   5.7598e-02   1.7372e+01   3.2052e+00   0.0000e+00   0.0000e+00   3.5253e+02
20260418_04:00:00   5.6669e-02   1.7122e+01   3.0305e+00   0.0000e+00   0.0000e+00   3.4919e+02
20260418_05:00:00   5.5335e-02   1.6766e+01   2.8013e+00   0.0000e+00   0.0000e+00   3.4653e+02
20260418_06:00:00   5.4233e-02   1.6473e+01   2.6120e+00   0.0000e+00   0.0000e+00   3.4332e+02
20260418_07:00:00   5.3280e-02   1.6221e+01   2.4236e+00   0.0000e+00   0.0000e+00   3.4328e+02
20260418_08:00:00   5.2580e-02   1.6036e+01   2.2949e+00   0.0000e+00   0.0000e+00   3.4029e+02
20260418_09:00:00   5.1813e-02   1.5837e+01   2.1735e+00   0.0000e+00   0.0000e+00   3.3916e+02
20260418_10:00:00   5.1618e-02   1.5782e+01   2.1639e+00   0.0000e+00   0.0000e+00   3.3863e+02
20260418_11:00:00   5.1853e-02   1.5836e+01   2.2307e+00   0.0000e+00   0.0000e+00   3.3794e+02
20260418_12:00:00   5.2315e-02   1.5947e+01   2.3263e+00   0.0000e+00   0.0000e+00   3.3736e+02
20260418_13:00:00   5.3152e-02   1.6146e+01   2.4927e+00   0.0000e+00   0.0000e+00   3.3498e+02
20260418_14:00:00   5.3780e-02   1.6293e+01   2.6098e+00   0.0000e+00   0.0000e+00   3.3511e+02
20260418_15:00:00   5.4040e-02   1.6359e+01   2.6777e+00   0.0000e+00   0.0000e+00   3.3519e+02
20260418_16:00:00   5.4385e-02   1.6447e+01   2.7486e+00   0.0000e+00   0.0000e+00   3.3599e+02
20260418_17:00:00   5.4803e-02   1.6568e+01   2.8291e+00   0.0000e+00   0.0000e+00   3.3733e+02
20260418_18:00:00   5.5436e-02   1.6745e+01   2.9678e+00   0.0000e+00   1.4216e-04   3.3942e+02
20260418_19:00:00   5.6067e-02   1.6926e+01   3.1155e+00   0.0000e+00   2.8322e-04   3.4158e+02
20260418_20:00:00   5.7392e-02   1.7285e+01   3.3743e+00   0.0000e+00   4.8356e-05   3.4272e+02
20260418_21:00:00   5.8743e-02   1.7639e+01   3.6881e+00   0.0000e+00   1.7730e-05   3.4303e+02
20260418_22:00:00   6.1675e-02   1.8381e+01   4.2674e+00   0.0000e+00   7.8044e-04   3.4080e+02
20260418_23:00:00   6.4625e-02   1.9120e+01   4.8467e+00   0.0000e+00   5.8702e-03   3.3647e+02
20260419_00:00:00   6.7783e-02   1.9888e+01   5.4202e+00   0.0000e+00   6.0815e-03   3.3570e+02
20260419_01:00:00   6.9475e-02   2.0288e+01   5.7142e+00   0.0000e+00   8.6806e-03   3.3609e+02
20260419_02:00:00   7.0247e-02   2.0448e+01   5.8023e+00   0.0000e+00   1.3523e-02   3.3886e+02
20260419_03:00:00   6.9193e-02   2.0224e+01   5.5757e+00   0.0000e+00   1.7164e-02   3.4252e+02
20260419_04:00:00   7.0032e-02   2.0438e+01   5.7390e+00   0.0000e+00   1.0065e-02   3.3801e+02
20260419_05:00:00   7.0215e-02   2.0471e+01   5.7712e+00   0.0000e+00   1.1460e-02   3.3346e+02
20260419_06:00:00   6.9953e-02   2.0398e+01   5.7122e+00   0.0000e+00   2.1257e-02   3.3244e+02
20260419_07:00:00   6.8253e-02   1.9987e+01   5.4223e+00   0.0000e+00   4.1507e-02   3.3262e+02
20260419_08:00:00   6.6453e-02   1.9566e+01   5.0744e+00   0.0000e+00   5.4793e-02   3.3279e+02
20260419_09:00:00   6.5152e-02   1.9265e+01   4.8302e+00   0.0000e+00   2.7924e-02   3.3684e+02
20260419_10:00:00   6.5295e-02   1.9320e+01   4.8273e+00   0.0000e+00   1.3028e-02   3.3376e+02
20260419_11:00:00   6.7145e-02   1.9775e+01   5.1375e+00   0.0000e+00   4.4845e-03   3.2927e+02
20260419_12:00:00   7.0091e-02   2.0493e+01   5.6126e+00   0.0000e+00   2.2304e-03   3.2863e+02
20260419_15:00:00   7.2050e-02   2.1038e+01   5.7426e+00   0.0000e+00   3.4504e-04   3.2807e+02
20260419_18:00:00   8.0272e-02   2.3077e+01   7.1663e+00   0.0000e+00   1.4150e-03   3.2493e+02
20260419_21:00:00   9.3754e-02   2.6373e+01   9.3118e+00   2.7874e-04   7.1255e-02   3.2471e+02
20260420_00:00:00   9.9609e-02   2.7921e+01   9.9773e+00   0.0000e+00   2.7937e-02   3.2120e+02
20260420_03:00:00   1.0442e-01   2.9190e+01   1.0069e+01   0.0000e+00   7.0290e-03   3.2438e+02
20260420_06:00:00   1.1104e-01   3.0702e+01   1.1089e+01   0.0000e+00   4.9125e-03   3.1756e+02
20260420_09:00:00   1.2566e-01   3.4110e+01   1.3079e+01   0.0000e+00   2.8378e-02   3.1986e+02
20260420_12:00:00   1.1865e-01   3.2520e+01   1.2014e+01   0.0000e+00   1.4882e-04   3.2435e+02
20260420_15:00:00   1.1066e-01   3.0676e+01   1.0880e+01   0.0000e+00   0.0000e+00   3.2984e+02
20260420_18:00:00   1.1063e-01   3.0745e+01   1.0913e+01   2.0421e-03   9.1681e-04   3.2654e+02
20260420_21:00:00   1.0853e-01   3.0113e+01   9.9811e+00   1.1514e-02   3.2353e-02   3.2254e+02
20260421_00:00:00   1.0690e-01   2.9843e+01   1.1257e+01   7.4521e-04   7.1228e-02   3.1533e+02
20260421_03:00:00   1.1074e-01   3.0873e+01   1.1501e+01   0.0000e+00   3.7202e-03   3.1015e+02
20260421_06:00:00   1.0582e-01   2.9734e+01   1.0550e+01   0.0000e+00   0.0000e+00   3.1040e+02
20260421_09:00:00   9.6239e-02   2.7375e+01   9.2541e+00   0.0000e+00   0.0000e+00   3.0726e+02
20260421_12:00:00   9.3312e-02   2.6658e+01   8.7355e+00   0.0000e+00   0.0000e+00   3.0699e+02
20260421_15:00:00   9.2709e-02   2.6496e+01   8.6610e+00   0.0000e+00   0.0000e+00   3.0860e+02
20260421_18:00:00   9.3512e-02   2.6706e+01   9.0435e+00   0.0000e+00   3.4960e-04   3.1195e+02
20260421_21:00:00   1.0333e-01   2.9010e+01   1.0078e+01   6.8760e-03   5.8076e-02   3.2128e+02
20260422_00:00:00   1.0133e-01   2.8585e+01   1.0534e+01   2.1600e-03   3.6770e-02   3.2485e+02
20260422_03:00:00   1.0007e-01   2.8319e+01   1.0411e+01   0.0000e+00   4.4774e-03   3.2944e+02
20260422_06:00:00   9.2994e-02   2.6629e+01   9.0272e+00   0.0000e+00   1.6986e-05   3.1561e+02
20260422_09:00:00   8.5749e-02   2.4791e+01   7.8564e+00   0.0000e+00   0.0000e+00   3.1365e+02
20260422_12:00:00   8.1352e-02   2.3696e+01   7.0534e+00   0.0000e+00   0.0000e+00   3.1126e+02
20260422_15:00:00   7.4662e-02   2.2035e+01   6.0504e+00   0.0000e+00   3.4400e-03   3.1494e+02
20260422_18:00:00   7.0965e-02   2.1126e+01   5.6505e+00   0.0000e+00   1.2414e-02   3.1894e+02
20260422_21:00:00   7.0723e-02   2.1034e+01   6.0008e+00   0.0000e+00   6.2962e-02   3.1875e+02
20260423_00:00:00   7.4175e-02   2.1824e+01   6.8541e+00   0.0000e+00   5.9344e-02   3.2028e+02
20260423_03:00:00   7.1563e-02   2.1119e+01   6.2640e+00   0.0000e+00   1.1696e-01   3.2161e+02
20260423_06:00:00   6.3313e-02   1.9044e+01   4.7688e+00   0.0000e+00   6.9093e-03   3.2335e+02
20260423_09:00:00   6.7307e-02   1.9983e+01   5.5607e+00   0.0000e+00   3.9538e-03   3.1753e+02
20260423_12:00:00   6.5067e-02   1.9344e+01   5.2866e+00   0.0000e+00   6.7486e-04   3.1468e+02
20260423_15:00:00   6.4069e-02   1.9096e+01   5.1217e+00   0.0000e+00   2.0629e-03   3.1179e+02
20260423_18:00:00   6.6188e-02   1.9648e+01   5.5387e+00   0.0000e+00   3.8144e-02   3.0850e+02
20260423_21:00:00   7.2914e-02   2.1279e+01   6.7350e+00   0.0000e+00   1.5151e-01   3.0773e+02
20260424_00:00:00   8.2544e-02   2.3611e+01   8.3029e+00   0.0000e+00   7.8519e-02   3.1994e+02
20260424_03:00:00   8.6437e-02   2.4642e+01   8.4846e+00   0.0000e+00   2.5448e-04   3.2216e+02
20260424_06:00:00   7.1891e-02   2.1082e+01   5.9579e+00   0.0000e+00   0.0000e+00   3.2198e+02
20260424_09:00:00   6.5587e-02   1.9515e+01   4.6338e+00   0.0000e+00   1.4568e-03   3.2037e+02
20260424_12:00:00   6.4260e-02   1.9112e+01   4.3244e+00   0.0000e+00   2.7644e-02   3.1883e+02
20260424_15:00:00   6.3229e-02   1.8851e+01   4.1781e+00   0.0000e+00   5.9970e-03   3.2513e+02
20260424_18:00:00   6.9486e-02   2.0398e+01   5.5039e+00   0.0000e+00   2.0828e-02   3.2663e+02
20260424_21:00:00   7.0013e-02   2.0529e+01   5.8695e+00   0.0000e+00   1.9270e-02   3.2736e+02
20260425_00:00:00   7.3031e-02   2.1312e+01   6.2148e+00   0.0000e+00   7.9200e-04   3.3248e+02
20260425_03:00:00   6.9385e-02   2.0347e+01   5.4515e+00   0.0000e+00   3.4269e-02   3.4175e+02
20260425_06:00:00   6.9346e-02   2.0306e+01   5.3503e+00   0.0000e+00   1.6895e-02   3.4855e+02
20260425_09:00:00   7.2258e-02   2.1017e+01   5.6370e+00   0.0000e+00   3.7576e-04   3.5535e+02
20260425_12:00:00   7.2765e-02   2.1147e+01   5.4702e+00   0.0000e+00   3.0420e-03   3.6119e+02
20260425_15:00:00   8.0435e-02   2.3017e+01   6.6216e+00   0.0000e+00   2.6600e-04   3.6633e+02
20260425_18:00:00   8.5325e-02   2.4223e+01   7.5669e+00   5.4180e-05   1.3622e-03   3.6161e+02
20260425_21:00:00   8.3967e-02   2.3836e+01   7.0148e+00   5.2763e-03   1.1992e-01   3.5429e+02
20260426_00:00:00   9.5563e-02   2.6741e+01   9.0782e+00   0.0000e+00   1.0068e-01   3.4688e+02
20260426_03:00:00   9.0224e-02   2.5477e+01   8.0958e+00   0.0000e+00   1.9074e-03   3.5114e+02
20260426_06:00:00   8.4594e-02   2.4130e+01   6.8848e+00   0.0000e+00   0.0000e+00   3.4816e+02
20260426_09:00:00   8.2657e-02   2.3613e+01   6.6409e+00   0.0000e+00   0.0000e+00   3.4223e+02
20260426_12:00:00   8.2479e-02   2.3519e+01   6.5529e+00   0.0000e+00   6.0860e-05   3.5504e+02
20260426_15:00:00   8.7551e-02   2.4672e+01   7.4775e+00   0.0000e+00   1.3883e-03   3.6183e+02
20260426_18:00:00   7.8856e-02   2.2631e+01   6.3655e+00   1.6136e-04   2.1485e-04   3.5207e+02
20260426_21:00:00   7.6334e-02   2.2089e+01   6.2945e+00   2.5040e-05   3.2637e-04   3.3214e+02
20260427_00:00:00   7.6388e-02   2.2225e+01   6.3540e+00   0.0000e+00   1.7414e-06   3.1998e+02
20260427_03:00:00   8.1316e-02   2.3443e+01   7.0822e+00   0.0000e+00   3.0960e-06   3.1604e+02
20260427_06:00:00   8.4641e-02   2.4254e+01   7.5353e+00   0.0000e+00   0.0000e+00   3.1060e+02
20260427_09:00:00   8.7576e-02   2.4981e+01   7.8099e+00   0.0000e+00   1.1144e-04   3.0865e+02
20260427_12:00:00   8.4524e-02   2.4260e+01   7.2935e+00   0.0000e+00   0.0000e+00   3.1546e+02
20260427_15:00:00   8.3794e-02   2.4102e+01   7.1027e+00   0.0000e+00   0.0000e+00   3.1943e+02
20260427_18:00:00   8.5148e-02   2.4441e+01   7.6221e+00   4.3540e-06   1.5574e-04   3.1502e+02
20260427_21:00:00   7.7755e-02   2.2623e+01   6.9452e+00   0.0000e+00   1.3829e-04   3.1429e+02
20260428_00:00:00   8.0113e-02   2.3221e+01   7.3879e+00   4.5640e-05   8.3178e-03   3.1178e+02
20260428_03:00:00   8.2444e-02   2.3768e+01   7.6308e+00   0.0000e+00   4.4302e-03   3.1323e+02
20260428_06:00:00   7.0220e-02   2.0736e+01   5.6704e+00   0.0000e+00   4.7580e-05   3.1550e+02
20260428_09:00:00   7.7132e-02   2.2457e+01   6.6424e+00   0.0000e+00   1.1904e-05   3.1338e+02
20260428_12:00:00   8.6654e-02   2.4874e+01   7.6120e+00   0.0000e+00   0.0000e+00   3.1128e+02
20260428_15:00:00   8.3635e-02   2.4121e+01   7.2042e+00   0.0000e+00   0.0000e+00   3.1592e+02
20260428_18:00:00   9.1749e-02   2.6125e+01   8.6801e+00   0.0000e+00   8.1540e-05   3.1759e+02
20260428_21:00:00   1.1444e-01   3.1479e+01   1.0719e+01   1.2792e-02   8.5098e-02   3.1660e+02
20260429_00:00:00   1.2717e-01   3.4790e+01   1.2406e+01   9.5760e-03   7.2793e-02   3.1118e+02
20260429_03:00:00   1.0443e-01   2.9470e+01   1.0072e+01   0.0000e+00   0.0000e+00   3.1319e+02
20260429_06:00:00   1.1557e-01   3.2067e+01   1.1175e+01   0.0000e+00   0.0000e+00   3.0714e+02
20260429_09:00:00   1.2501e-01   3.4345e+01   1.1457e+01   7.0982e-03   0.0000e+00   3.0479e+02
20260429_12:00:00   1.6241e-01   4.3262e+01   9.4672e+00   6.5820e-02   0.0000e+00   3.0398e+02
20260429_15:00:00   1.0106e-01   2.8529e+01   8.9557e+00   2.5360e-04   0.0000e+00   3.0597e+02
20260429_18:00:00   1.0370e-01   2.9106e+01   9.7507e+00   3.1276e-03   1.7569e-03   3.0579e+02
20260429_21:00:00   9.7862e-02   2.7564e+01   9.2425e+00   5.4135e-03   6.9672e-03   3.0679e+02
20260430_00:00:00   1.0238e-01   2.8744e+01   1.0570e+01   5.2240e-05   5.4142e-02   3.1169e+02
20260430_03:00:00   8.4996e-02   2.4326e+01   8.0547e+00   0.0000e+00   3.1945e-04   3.1951e+02
20260430_06:00:00   9.7780e-02   2.7408e+01   9.7104e+00   0.0000e+00   1.9249e-02   3.2703e+02
20260430_09:00:00   7.4389e-02   2.1765e+01   5.8565e+00   0.0000e+00   8.5100e-04   3.3137e+02
20260430_12:00:00   7.3163e-02   2.1441e+01   5.4852e+00   0.0000e+00   5.7520e-04   3.3222e+02
