#            date       tau255        Tb[K]      pwv[mm] lwp[kg*m^-2] iwp[kg*m^-2]       o3[DU]
20260520_18:00:00   6.2973e-02   1.8910e+01   4.5037e+00   0.0000e+00   4.9368e-02   3.2608e+02
20260520_19:00:00   6.3140e-02   1.8942e+01   4.6113e+00   0.0000e+00   6.9106e-02   3.2663e+02
20260520_20:00:00   6.5494e-02   1.9498e+01   5.0839e+00   0.0000e+00   1.4750e-01   3.2742e+02
20260520_21:00:00   6.3218e-02   1.8957e+01   4.7154e+00   0.0000e+00   5.3707e-02   3.2824e+02
20260520_22:00:00   6.3502e-02   1.9023e+01   4.8402e+00   0.0000e+00   2.3384e-02   3.3271e+02
20260520_23:00:00   6.5424e-02   1.9501e+01   5.2395e+00   0.0000e+00   1.4524e-02   3.3810e+02
20260521_00:00:00   6.6305e-02   1.9737e+01   5.3784e+00   0.0000e+00   1.2688e-02   3.4203e+02
20260521_01:00:00   6.5502e-02   1.9558e+01   5.1836e+00   0.0000e+00   1.3010e-02   3.4620e+02
20260521_02:00:00   6.3607e-02   1.9117e+01   4.7570e+00   0.0000e+00   1.2512e-02   3.5044e+02
20260521_03:00:00   6.3690e-02   1.9151e+01   4.7072e+00   0.0000e+00   1.2226e-02   3.5113e+02
20260521_04:00:00   6.4218e-02   1.9280e+01   4.7440e+00   0.0000e+00   2.0516e-02   3.5085e+02
20260521_05:00:00   6.4395e-02   1.9310e+01   4.7402e+00   0.0000e+00   3.3385e-02   3.5071e+02
20260521_06:00:00   6.4331e-02   1.9277e+01   4.7352e+00   0.0000e+00   3.0107e-02   3.5279e+02
20260521_07:00:00   6.5213e-02   1.9478e+01   4.9269e+00   0.0000e+00   1.4163e-02   3.5111e+02
20260521_08:00:00   6.5832e-02   1.9631e+01   5.0116e+00   0.0000e+00   3.7322e-03   3.4782e+02
20260521_09:00:00   6.6777e-02   1.9868e+01   5.1283e+00   0.0000e+00   3.7989e-03   3.4684e+02
20260521_10:00:00   7.0132e-02   2.0710e+01   5.6063e+00   0.0000e+00   5.6774e-03   3.4917e+02
20260521_11:00:00   7.1088e-02   2.0946e+01   5.7078e+00   0.0000e+00   5.0167e-03   3.5005e+02
20260521_12:00:00   7.0813e-02   2.0871e+01   5.6263e+00   0.0000e+00   1.7315e-03   3.4895e+02
20260521_13:00:00   7.0179e-02   2.0712e+01   5.4580e+00   0.0000e+00   3.2297e-04   3.5026e+02
20260521_14:00:00   6.9289e-02   2.0497e+01   5.2790e+00   0.0000e+00   5.9446e-05   3.5266e+02
20260521_15:00:00   6.8811e-02   2.0391e+01   5.2129e+00   0.0000e+00   0.0000e+00   3.5499e+02
20260521_16:00:00   6.9614e-02   2.0592e+01   5.4015e+00   0.0000e+00   0.0000e+00   3.5582e+02
20260521_17:00:00   6.9986e-02   2.0695e+01   5.5552e+00   0.0000e+00   0.0000e+00   3.5508e+02
20260521_18:00:00   7.2157e-02   2.1236e+01   5.9853e+00   0.0000e+00   0.0000e+00   3.5504e+02
20260521_19:00:00   7.1832e-02   2.1176e+01   6.0095e+00   0.0000e+00   0.0000e+00   3.5409e+02
20260521_20:00:00   7.4443e-02   2.1815e+01   6.5316e+00   0.0000e+00   1.2386e-05   3.5211e+02
20260521_21:00:00   8.1132e-02   2.3385e+01   6.9739e+00   5.4500e-03   4.0966e-03   3.5413e+02
20260521_22:00:00   8.2415e-02   2.3735e+01   7.5069e+00   3.0700e-03   9.7020e-02   3.5523e+02
20260521_23:00:00   8.4156e-02   2.4196e+01   8.1802e+00   4.2460e-06   1.4191e-01   3.5582e+02
20260522_00:00:00   8.0933e-02   2.3420e+01   7.6822e+00   0.0000e+00   5.5106e-02   3.5759e+02
20260522_01:00:00   7.5260e-02   2.2006e+01   6.7848e+00   0.0000e+00   1.0038e-02   3.6218e+02
20260522_02:00:00   7.1407e-02   2.1058e+01   6.0886e+00   0.0000e+00   1.7380e-03   3.6358e+02
20260522_03:00:00   7.0164e-02   2.0756e+01   5.8314e+00   0.0000e+00   7.9360e-07   3.6195e+02
20260522_04:00:00   6.9289e-02   2.0548e+01   5.6488e+00   0.0000e+00   0.0000e+00   3.6350e+02
20260522_05:00:00   7.0103e-02   2.0768e+01   5.7140e+00   0.0000e+00   0.0000e+00   3.6372e+02
20260522_06:00:00   7.0393e-02   2.0845e+01   5.7197e+00   0.0000e+00   7.9360e-07   3.6227e+02
20260522_07:00:00   7.1587e-02   2.1129e+01   5.9153e+00   0.0000e+00   0.0000e+00   3.5853e+02
20260522_08:00:00   7.2241e-02   2.1281e+01   6.0262e+00   0.0000e+00   0.0000e+00   3.5483e+02
20260522_09:00:00   7.2428e-02   2.1315e+01   6.0605e+00   0.0000e+00   0.0000e+00   3.5250e+02
20260522_10:00:00   7.2779e-02   2.1394e+01   6.1045e+00   0.0000e+00   0.0000e+00   3.5133e+02
20260522_11:00:00   7.2675e-02   2.1365e+01   6.0591e+00   0.0000e+00   0.0000e+00   3.5082e+02
20260522_12:00:00   7.1273e-02   2.1027e+01   5.8081e+00   0.0000e+00   0.0000e+00   3.4974e+02
20260522_13:00:00   7.0449e-02   2.0820e+01   5.6613e+00   0.0000e+00   0.0000e+00   3.5072e+02
20260522_14:00:00   7.0596e-02   2.0862e+01   5.6655e+00   0.0000e+00   0.0000e+00   3.5203e+02
20260522_15:00:00   7.0442e-02   2.0834e+01   5.6455e+00   0.0000e+00   0.0000e+00   3.5125e+02
20260522_16:00:00   7.1388e-02   2.1082e+01   5.8256e+00   0.0000e+00   0.0000e+00   3.5013e+02
20260522_17:00:00   7.3284e-02   2.1569e+01   6.1582e+00   0.0000e+00   0.0000e+00   3.5026e+02
20260522_18:00:00   7.4815e-02   2.1952e+01   6.4758e+00   0.0000e+00   0.0000e+00   3.4855e+02
20260522_19:00:00   7.6511e-02   2.2374e+01   6.8596e+00   0.0000e+00   3.1357e-04   3.4619e+02
20260522_20:00:00   8.9165e-02   2.5306e+01   7.3055e+00   1.2638e-02   7.4800e-03   3.4591e+02
20260522_21:00:00   8.4134e-02   2.4188e+01   7.6527e+00   4.6020e-03   8.2604e-02   3.4470e+02
20260522_22:00:00   8.4414e-02   2.4300e+01   8.3339e+00   3.2240e-04   1.4018e-01   3.4460e+02
20260522_23:00:00   9.1007e-02   2.5907e+01   9.1232e+00   1.8086e-03   2.5586e-01   3.4464e+02
20260523_00:00:00   9.8955e-02   2.7889e+01   1.0427e+01   4.5853e-04   2.2276e-01   3.4571e+02
20260523_01:00:00   1.0023e-01   2.8213e+01   1.0659e+01   3.5950e-04   2.0506e-01   3.4794e+02
20260523_02:00:00   1.0068e-01   2.8288e+01   1.0705e+01   0.0000e+00   2.7151e-01   3.5119e+02
20260523_03:00:00   9.6716e-02   2.7325e+01   1.0170e+01   0.0000e+00   1.3851e-01   3.5258e+02
20260523_04:00:00   9.1757e-02   2.6132e+01   9.4320e+00   0.0000e+00   8.5828e-02   3.5359e+02
20260523_05:00:00   8.9197e-02   2.5498e+01   8.9943e+00   0.0000e+00   5.5907e-03   3.5205e+02
20260523_06:00:00   8.5563e-02   2.4598e+01   8.3224e+00   0.0000e+00   1.7738e-04   3.5287e+02
20260523_07:00:00   8.4676e-02   2.4387e+01   8.0995e+00   0.0000e+00   0.0000e+00   3.5485e+02
20260523_08:00:00   8.4378e-02   2.4320e+01   8.0353e+00   0.0000e+00   3.3980e-06   3.5628e+02
20260523_09:00:00   8.5503e-02   2.4584e+01   8.1697e+00   0.0000e+00   6.4240e-05   3.5572e+02
20260523_10:00:00   8.5770e-02   2.4643e+01   8.1747e+00   0.0000e+00   8.9681e-04   3.5712e+02
20260523_11:00:00   8.5354e-02   2.4538e+01   8.0724e+00   0.0000e+00   7.6210e-04   3.5990e+02
20260523_12:00:00   8.3829e-02   2.4170e+01   7.8407e+00   0.0000e+00   3.5486e-04   3.6009e+02
20260523_13:00:00   8.4264e-02   2.4268e+01   7.9186e+00   0.0000e+00   2.3139e-04   3.5885e+02
20260523_14:00:00   8.4966e-02   2.4445e+01   8.0450e+00   0.0000e+00   2.3880e-04   3.6032e+02
20260523_15:00:00   8.3936e-02   2.4220e+01   7.8816e+00   0.0000e+00   1.6986e-05   3.6122e+02
20260523_16:00:00   8.3904e-02   2.4252e+01   7.8728e+00   0.0000e+00   0.0000e+00   3.5985e+02
20260523_17:00:00   8.5397e-02   2.4642e+01   8.1677e+00   0.0000e+00   0.0000e+00   3.5761e+02
20260523_18:00:00   8.7658e-02   2.5173e+01   8.6487e+00   0.0000e+00   3.1720e-04   3.5435e+02
20260523_19:00:00   9.2844e-02   2.6352e+01   8.8119e+00   5.7920e-03   6.6546e-03   3.5447e+02
20260523_20:00:00   8.8374e-02   2.5338e+01   8.8531e+00   7.7968e-04   4.8907e-02   3.5288e+02
20260523_21:00:00   8.8845e-02   2.5485e+01   8.9804e+00   9.3420e-04   4.3541e-02   3.5079e+02
20260523_22:00:00   8.9536e-02   2.5676e+01   9.2941e+00   1.0883e-05   6.2254e-02   3.5151e+02
20260523_23:00:00   9.2386e-02   2.6374e+01   9.6255e+00   1.0855e-03   8.9400e-02   3.5087e+02
20260524_00:00:00   9.8124e-02   2.7771e+01   1.0189e+01   3.1833e-03   1.6464e-01   3.4922e+02
20260524_01:00:00   1.0223e-01   2.8850e+01   1.1101e+01   0.0000e+00   1.7653e-01   3.4776e+02
20260524_02:00:00   1.0517e-01   2.9608e+01   1.1385e+01   0.0000e+00   6.8054e-02   3.4675e+02
20260524_03:00:00   1.0374e-01   2.9280e+01   1.1135e+01   0.0000e+00   2.4802e-02   3.4525e+02
20260524_04:00:00   1.0275e-01   2.9061e+01   1.0954e+01   0.0000e+00   2.1369e-03   3.4500e+02
20260524_05:00:00   1.0292e-01   2.9100e+01   1.0947e+01   0.0000e+00   6.1614e-03   3.4306e+02
20260524_06:00:00   1.0247e-01   2.8986e+01   1.0837e+01   0.0000e+00   1.0642e-02   3.4109e+02
20260524_07:00:00   1.0153e-01   2.8762e+01   1.0663e+01   0.0000e+00   4.3503e-03   3.4297e+02
20260524_08:00:00   1.0031e-01   2.8459e+01   1.0424e+01   0.0000e+00   3.5862e-03   3.4272e+02
20260524_09:00:00   9.6656e-02   2.7568e+01   9.8591e+00   0.0000e+00   1.3588e-05   3.4260e+02
20260524_10:00:00   9.5073e-02   2.7167e+01   9.6531e+00   0.0000e+00   0.0000e+00   3.4127e+02
20260524_11:00:00   9.3956e-02   2.6881e+01   9.4880e+00   0.0000e+00   0.0000e+00   3.4007e+02
20260524_12:00:00   9.4277e-02   2.6938e+01   9.5437e+00   0.0000e+00   0.0000e+00   3.3857e+02
20260524_13:00:00   9.3148e-02   2.6662e+01   9.3817e+00   0.0000e+00   0.0000e+00   3.3927e+02
20260524_14:00:00   9.2203e-02   2.6440e+01   9.2337e+00   0.0000e+00   0.0000e+00   3.3892e+02
20260524_15:00:00   9.1516e-02   2.6302e+01   9.1331e+00   0.0000e+00   0.0000e+00   3.3893e+02
20260524_16:00:00   9.0362e-02   2.6049e+01   8.9815e+00   0.0000e+00   0.0000e+00   3.3999e+02
20260524_17:00:00   9.0586e-02   2.6134e+01   9.0733e+00   0.0000e+00   0.0000e+00   3.4127e+02
20260524_18:00:00   9.2118e-02   2.6512e+01   9.3864e+00   0.0000e+00   0.0000e+00   3.4194e+02
20260524_19:00:00   9.4204e-02   2.7005e+01   9.8638e+00   0.0000e+00   1.2911e-03   3.4260e+02
20260524_20:00:00   1.1554e-01   3.1852e+01   1.0167e+01   2.3620e-02   4.3283e-02   3.4369e+02
20260524_21:00:00   9.9849e-02   2.8343e+01   1.0727e+01   1.7469e-03   1.3132e-01   3.4243e+02
20260524_22:00:00   1.0114e-01   2.8680e+01   1.1237e+01   1.0474e-04   1.2775e-01   3.4161e+02
20260524_23:00:00   1.1934e-01   3.2993e+01   1.2269e+01   1.2293e-02   3.0898e-01   3.4239e+02
20260525_00:00:00   1.3180e-01   3.6068e+01   1.4907e+01   3.4079e-03   2.1428e-01   3.4541e+02
20260525_01:00:00   1.3637e-01   3.7143e+01   1.5785e+01   8.4920e-06   5.2262e-01   3.4694e+02
20260525_02:00:00   1.3600e-01   3.7047e+01   1.5812e+01   0.0000e+00   3.1916e-01   3.4652e+02
20260525_03:00:00   1.2315e-01   3.4081e+01   1.4171e+01   0.0000e+00   5.7878e-02   3.4351e+02
20260525_04:00:00   1.1849e-01   3.2960e+01   1.3487e+01   0.0000e+00   5.6658e-03   3.4093e+02
20260525_05:00:00   1.1389e-01   3.1871e+01   1.2788e+01   0.0000e+00   1.8278e-04   3.4117e+02
20260525_06:00:00   1.1019e-01   3.0987e+01   1.2209e+01   0.0000e+00   4.9600e-06   3.4017e+02
20260525_07:00:00   1.0831e-01   3.0512e+01   1.1927e+01   0.0000e+00   4.7620e-06   3.3847e+02
20260525_08:00:00   1.0899e-01   3.0672e+01   1.1985e+01   0.0000e+00   4.1220e-06   3.3734e+02
20260525_09:00:00   1.0831e-01   3.0513e+01   1.1812e+01   0.0000e+00   3.9680e-06   3.3633e+02
20260525_10:00:00   1.0434e-01   2.9544e+01   1.1201e+01   0.0000e+00   2.2620e-04   3.3738e+02
20260525_11:00:00   1.0049e-01   2.8571e+01   1.0674e+01   0.0000e+00   3.0400e-05   3.3883e+02
20260525_12:00:00   9.8139e-02   2.7972e+01   1.0352e+01   0.0000e+00   0.0000e+00   3.3812e+02
20260525_13:00:00   9.6527e-02   2.7574e+01   1.0053e+01   0.0000e+00   1.4930e-04   3.3820e+02
20260525_14:00:00   9.0704e-02   2.6198e+01   9.0021e+00   0.0000e+00   1.9840e-05   3.3925e+02
20260525_15:00:00   8.8902e-02   2.5772e+01   8.7097e+00   0.0000e+00   0.0000e+00   3.3950e+02
20260525_16:00:00   9.0896e-02   2.6250e+01   9.1070e+00   0.0000e+00   0.0000e+00   3.4165e+02
20260525_17:00:00   9.1236e-02   2.6308e+01   9.3273e+00   0.0000e+00   8.9800e-05   3.4355e+02
20260525_18:00:00   9.7153e-02   2.7650e+01   9.9303e+00   4.0280e-03   3.3743e-03   3.4295e+02
20260525_21:00:00   1.1225e-01   3.1319e+01   1.2365e+01   4.1829e-03   2.1583e-01   3.4166e+02
20260526_00:00:00   9.9451e-02   2.8254e+01   1.1012e+01   1.4608e-03   2.0784e-01   3.3928e+02
20260526_03:00:00   1.1066e-01   3.1004e+01   1.2750e+01   2.8380e-04   3.7963e-02   3.3831e+02
20260526_06:00:00   2.3254e-01   5.8486e+01   1.7093e+01   9.1858e-02   6.1874e-01   3.3992e+02
20260526_09:00:00   1.4900e-01   3.9933e+01   1.6337e+01   2.3140e-03   3.3802e-01   3.4168e+02
20260526_12:00:00   1.1320e-01   3.1595e+01   1.1621e+01   0.0000e+00   0.0000e+00   3.4880e+02
20260526_15:00:00   1.0730e-01   3.0169e+01   1.0647e+01   0.0000e+00   0.0000e+00   3.5657e+02
20260526_18:00:00   1.0742e-01   2.9973e+01   1.0351e+01   8.1502e-03   8.1858e-02   3.5432e+02
20260526_21:00:00   7.7469e-02   2.2663e+01   7.2716e+00   2.3940e-04   9.5814e-04   3.6150e+02
20260527_00:00:00   7.6821e-02   2.2520e+01   7.1486e+00   0.0000e+00   9.6585e-04   3.6138e+02
20260527_03:00:00   8.2681e-02   2.3916e+01   7.8401e+00   0.0000e+00   4.6392e-03   3.6348e+02
20260527_06:00:00   7.5227e-02   2.1989e+01   6.5736e+00   0.0000e+00   0.0000e+00   3.7008e+02
20260527_09:00:00   7.1392e-02   2.1041e+01   5.8797e+00   0.0000e+00   0.0000e+00   3.6545e+02
20260527_12:00:00   6.7778e-02   2.0156e+01   5.2667e+00   0.0000e+00   0.0000e+00   3.5814e+02
20260527_15:00:00   6.9265e-02   2.0526e+01   5.6972e+00   0.0000e+00   0.0000e+00   3.6061e+02
20260527_18:00:00   7.2677e-02   2.1415e+01   6.4722e+00   0.0000e+00   0.0000e+00   3.4934e+02
20260527_21:00:00   7.7342e-02   2.2665e+01   7.4269e+00   0.0000e+00   2.3020e-05   3.4944e+02
20260528_00:00:00   7.5739e-02   2.2271e+01   7.1261e+00   0.0000e+00   2.2697e-03   3.4737e+02
20260528_03:00:00   7.3165e-02   2.1632e+01   6.4883e+00   0.0000e+00   0.0000e+00   3.5270e+02
20260528_06:00:00   7.5759e-02   2.2289e+01   6.6839e+00   0.0000e+00   0.0000e+00   3.5491e+02
20260528_09:00:00   7.6232e-02   2.2403e+01   6.5669e+00   0.0000e+00   0.0000e+00   3.4966e+02
20260528_12:00:00   8.0391e-02   2.3414e+01   7.0374e+00   0.0000e+00   0.0000e+00   3.4695e+02
20260528_15:00:00   7.6398e-02   2.2423e+01   6.5179e+00   0.0000e+00   0.0000e+00   3.4995e+02
20260528_18:00:00   7.4598e-02   2.2035e+01   6.4736e+00   0.0000e+00   0.0000e+00   3.5915e+02
20260528_21:00:00   7.7402e-02   2.2799e+01   7.1481e+00   0.0000e+00   0.0000e+00   3.6052e+02
20260529_00:00:00   7.1802e-02   2.1425e+01   6.2738e+00   0.0000e+00   0.0000e+00   3.5258e+02
20260529_03:00:00   7.7218e-02   2.2859e+01   6.8295e+00   0.0000e+00   0.0000e+00   3.4567e+02
20260529_06:00:00   8.6230e-02   2.5120e+01   7.9567e+00   0.0000e+00   0.0000e+00   3.3695e+02
20260529_09:00:00   7.5773e-02   2.2435e+01   6.3190e+00   0.0000e+00   0.0000e+00   3.2328e+02
20260529_12:00:00   7.0313e-02   2.1033e+01   5.5118e+00   0.0000e+00   0.0000e+00   3.1911e+02
20260529_15:00:00   6.8036e-02   2.0476e+01   5.1112e+00   0.0000e+00   0.0000e+00   3.2121e+02
20260529_18:00:00   6.6487e-02   2.0159e+01   5.0564e+00   0.0000e+00   0.0000e+00   3.1575e+02
20260529_21:00:00   6.8979e-02   2.0851e+01   5.7742e+00   0.0000e+00   0.0000e+00   3.1714e+02
20260530_00:00:00   7.6409e-02   2.2785e+01   7.2365e+00   0.0000e+00   0.0000e+00   3.1319e+02
20260530_03:00:00   8.1173e-02   2.3923e+01   8.0345e+00   0.0000e+00   9.6979e-04   3.1544e+02
20260530_06:00:00   7.6098e-02   2.2624e+01   7.0456e+00   0.0000e+00   1.1006e-02   3.1574e+02
20260530_09:00:00   7.5383e-02   2.2407e+01   6.9959e+00   0.0000e+00   7.2281e-03   3.1165e+02
20260530_12:00:00   7.6159e-02   2.2533e+01   7.3502e+00   0.0000e+00   6.4929e-04   3.0432e+02
20260530_15:00:00   9.0172e-02   2.5916e+01   9.8776e+00   0.0000e+00   7.6374e-03   3.0078e+02
20260530_18:00:00   1.0646e-01   2.9807e+01   1.2475e+01   0.0000e+00   2.5222e-01   2.9628e+02
20260530_21:00:00   1.2921e-01   3.5275e+01   1.5528e+01   1.1904e-05   3.7849e-01   2.9614e+02
20260531_00:00:00   1.2549e-01   3.4541e+01   1.4990e+01   1.0585e-03   6.0834e-02   2.9782e+02
20260531_03:00:00   5.2827e-01   1.1315e+02   2.0884e+01   3.9418e-01   4.0264e-01   3.0238e+02
20260531_06:00:00   1.7772e-01   4.6984e+01   2.0120e+01   2.8835e-03   9.1248e-02   3.0141e+02
20260531_09:00:00   1.4839e-01   4.0196e+01   1.6734e+01   2.1760e-05   6.9357e-04   3.0206e+02
20260531_12:00:00   1.2944e-01   3.5749e+01   1.3897e+01   0.0000e+00   8.3326e-03   3.0253e+02
20260531_15:00:00   1.1752e-01   3.2902e+01   1.2402e+01   0.0000e+00   6.3520e-04   3.0618e+02
20260531_18:00:00   1.3439e-01   3.6741e+01   1.3614e+01   1.3046e-02   1.0974e-01   3.1105e+02
20260531_21:00:00   1.2514e-01   3.4606e+01   1.3883e+01   5.3352e-03   1.7406e-01   3.1422e+02
20260601_00:00:00   1.1314e-01   3.1769e+01   1.2748e+01   6.3061e-04   4.9473e-02   3.1560e+02
20260601_03:00:00   1.1890e-01   3.3071e+01   1.2974e+01   1.1046e-03   2.9487e-02   3.1627e+02
20260601_06:00:00   1.1817e-01   3.2906e+01   1.2726e+01   0.0000e+00   2.4746e-03   3.1854e+02
20260601_09:00:00   1.1829e-01   3.2901e+01   1.2485e+01   0.0000e+00   0.0000e+00   3.2324e+02
20260601_12:00:00   1.1512e-01   3.2098e+01   1.1916e+01   0.0000e+00   0.0000e+00   3.3530e+02
20260601_15:00:00   1.0979e-01   3.0796e+01   1.1363e+01   0.0000e+00   5.7080e-04   3.4055e+02
20260601_18:00:00   1.5474e-01   4.0989e+01   1.2952e+01   4.1798e-02   1.7491e-01   3.4341e+02
20260601_21:00:00   1.2124e-01   3.3536e+01   1.3160e+01   3.2443e-03   1.1350e-01   3.3252e+02
20260602_00:00:00   1.2658e-01   3.4901e+01   1.3930e+01   2.3822e-03   7.3869e-02   3.3112e+02
20260602_03:00:00   1.2879e-01   3.5427e+01   1.4378e+01   6.8900e-04   1.2536e-03   3.3247e+02
20260602_06:00:00   1.1559e-01   3.2306e+01   1.2423e+01   0.0000e+00   4.8220e-04   3.3938e+02
20260602_09:00:00   1.1569e-01   3.2290e+01   1.2148e+01   0.0000e+00   0.0000e+00   3.3318e+02
20260602_12:00:00   1.3405e-01   3.6739e+01   1.2615e+01   1.4719e-02   0.0000e+00   3.3284e+02
20260602_15:00:00   1.3642e-01   3.7241e+01   1.3941e+01   5.2799e-03   0.0000e+00   3.3602e+02
20260602_18:00:00   1.5881e-01   4.2625e+01   1.5622e+01   1.5924e-02   0.0000e+00   3.3219e+02
20260602_21:00:00   2.6412e-01   6.5808e+01   1.6857e+01   1.2470e-01   5.2712e-03   3.3042e+02
20260603_00:00:00   2.6474e-01   6.5610e+01   2.0257e+01   9.6442e-02   5.4294e-01   3.2701e+02
20260603_03:00:00   1.6305e-01   4.3389e+01   1.8366e+01   3.3104e-03   6.3514e-02   3.3090e+02
20260603_06:00:00   1.5808e-01   4.2200e+01   1.7752e+01   1.2179e-03   2.9109e-02   3.3606e+02
20260603_09:00:00   1.5885e-01   4.2310e+01   1.7245e+01   3.6522e-03   2.2681e-03   3.3754e+02
20260603_12:00:00   1.4574e-01   3.9412e+01   1.5948e+01   5.6230e-04   6.9255e-04   3.3108e+02
20260603_15:00:00   1.6125e-01   4.3172e+01   1.5258e+01   2.2706e-02   0.0000e+00   3.2699e+02
20260603_18:00:00   1.4926e-01   4.0397e+01   1.5603e+01   3.3462e-03   0.0000e+00   3.2624e+02
20260603_21:00:00   2.5285e-01   6.3503e+01   1.6568e+01   1.1675e-01   7.1644e-03   3.2101e+02
20260604_00:00:00   3.5890e-01   8.4327e+01   1.7906e+01   2.2530e-01   5.0569e-02   3.1699e+02
20260604_03:00:00   2.9536e-01   7.1816e+01   1.7246e+01   1.5898e-01   1.4031e-02   3.1413e+02
20260604_06:00:00   1.4982e-01   4.0698e+01   1.6137e+01   4.4120e-04   2.8441e-03   3.1486e+02
20260604_09:00:00   1.4956e-01   4.0580e+01   1.5820e+01   0.0000e+00   3.5123e-03   3.1071e+02
20260604_12:00:00   1.3811e-01   3.7871e+01   1.4386e+01   0.0000e+00   1.4164e-02   3.1675e+02
20260604_15:00:00   1.3722e-01   3.7636e+01   1.4595e+01   0.0000e+00   3.0722e-06   3.1925e+02
20260604_18:00:00   1.4221e-01   3.8895e+01   1.4800e+01   5.7800e-03   5.6660e-05   3.1675e+02
20260604_21:00:00   1.6778e-01   4.4793e+01   1.5655e+01   3.2300e-02   5.4244e-03   3.1980e+02
20260605_00:00:00   4.1010e-01   9.3987e+01   1.7490e+01   2.8653e-01   6.6751e-03   3.2014e+02
20260605_03:00:00   1.5019e-01   4.0883e+01   1.6997e+01   5.1180e-05   1.8521e-02   3.1977e+02
20260605_06:00:00   1.5071e-01   4.0846e+01   1.7486e+01   0.0000e+00   1.0648e-01   3.1815e+02
20260605_09:00:00   1.3719e-01   3.7793e+01   1.4998e+01   0.0000e+00   0.0000e+00   3.1669e+02
20260605_12:00:00   1.2556e-01   3.4983e+01   1.3094e+01   0.0000e+00   0.0000e+00   3.2126e+02
20260605_15:00:00   1.2168e-01   3.3900e+01   1.3130e+01   0.0000e+00   0.0000e+00   3.2510e+02
20260605_18:00:00   1.4091e-01   3.8320e+01   1.4397e+01   1.4297e-02   1.2428e-02   3.2891e+02
