#            date       tau255        Tb[K]      pwv[mm] lwp[kg*m^-2] iwp[kg*m^-2]       o3[DU]
20260526_00:00:00   1.1409e-01   3.1938e+01   1.1985e+01   0.0000e+00   4.7230e-03   3.5654e+02
20260526_01:00:00   1.0840e-01   3.0542e+01   1.1273e+01   0.0000e+00   1.8732e-03   3.5448e+02
20260526_02:00:00   1.1133e-01   3.1168e+01   1.1635e+01   0.0000e+00   3.3798e-02   3.5297e+02
20260526_03:00:00   1.1904e-01   3.3006e+01   1.2132e+01   0.0000e+00   1.1237e-02   3.4805e+02
20260526_04:00:00   1.2133e-01   3.3537e+01   1.2173e+01   0.0000e+00   3.2587e-02   3.4242e+02
20260526_05:00:00   1.1388e-01   3.1767e+01   1.1225e+01   0.0000e+00   3.2633e-02   3.4281e+02
20260526_06:00:00   1.1234e-01   3.1381e+01   1.1061e+01   0.0000e+00   3.7708e-03   3.4799e+02
20260526_07:00:00   1.0968e-01   3.0731e+01   1.0709e+01   0.0000e+00   9.5482e-05   3.4980e+02
20260526_08:00:00   1.0479e-01   2.9525e+01   1.0085e+01   0.0000e+00   0.0000e+00   3.4770e+02
20260526_09:00:00   1.0451e-01   2.9428e+01   1.0011e+01   0.0000e+00   0.0000e+00   3.4719e+02
20260526_10:00:00   1.0180e-01   2.8770e+01   9.5618e+00   0.0000e+00   0.0000e+00   3.4781e+02
20260526_11:00:00   9.7778e-02   2.7783e+01   8.9817e+00   0.0000e+00   0.0000e+00   3.4717e+02
20260526_12:00:00   9.4023e-02   2.6840e+01   8.5161e+00   0.0000e+00   0.0000e+00   3.4911e+02
20260526_13:00:00   8.9294e-02   2.5654e+01   7.9761e+00   0.0000e+00   0.0000e+00   3.5237e+02
20260526_14:00:00   8.7398e-02   2.5166e+01   7.8429e+00   0.0000e+00   0.0000e+00   3.5402e+02
20260526_15:00:00   8.6083e-02   2.4828e+01   7.8425e+00   0.0000e+00   0.0000e+00   3.5620e+02
20260526_16:00:00   8.8736e-02   2.5443e+01   8.3965e+00   0.0000e+00   0.0000e+00   3.5876e+02
20260526_17:00:00   9.2781e-02   2.6419e+01   9.1414e+00   0.0000e+00   0.0000e+00   3.6046e+02
20260526_18:00:00   9.5131e-02   2.7004e+01   9.5977e+00   3.3980e-05   1.3806e-03   3.5755e+02
20260526_19:00:00   1.0309e-01   2.8831e+01   9.8886e+00   8.2740e-03   1.0662e-02   3.5557e+02
20260526_20:00:00   9.6416e-02   2.7213e+01   9.4914e+00   5.0423e-03   3.4374e-02   3.5748e+02
20260526_21:00:00   9.1671e-02   2.6115e+01   9.4048e+00   8.5605e-04   5.0882e-02   3.5924e+02
20260526_22:00:00   9.8037e-02   2.7664e+01   9.9182e+00   4.4180e-03   8.5660e-02   3.5789e+02
20260526_23:00:00   1.0089e-01   2.8378e+01   1.0181e+01   5.7580e-03   7.3391e-02   3.5639e+02
20260527_00:00:00   1.0750e-01   3.0018e+01   1.0972e+01   6.2100e-03   1.3753e-01   3.5889e+02
20260527_01:00:00   1.0350e-01   2.9120e+01   1.1061e+01   1.9958e-04   6.5213e-02   3.6212e+02
20260527_02:00:00   9.7126e-02   2.7575e+01   1.0147e+01   0.0000e+00   5.1617e-02   3.6461e+02
20260527_03:00:00   9.3137e-02   2.6608e+01   9.4996e+00   0.0000e+00   6.9638e-03   3.6547e+02
20260527_04:00:00   9.0486e-02   2.5984e+01   9.0066e+00   0.0000e+00   3.5579e-04   3.6697e+02
20260527_05:00:00   8.9167e-02   2.5662e+01   8.7190e+00   0.0000e+00   1.0678e-04   3.6652e+02
20260527_06:00:00   8.6855e-02   2.5084e+01   8.3130e+00   0.0000e+00   8.7060e-07   3.6436e+02
20260527_07:00:00   8.3758e-02   2.4312e+01   7.8448e+00   0.0000e+00   0.0000e+00   3.6027e+02
20260527_08:00:00   7.8575e-02   2.3025e+01   7.0404e+00   0.0000e+00   0.0000e+00   3.5682e+02
20260527_09:00:00   7.2936e-02   2.1604e+01   6.1497e+00   0.0000e+00   0.0000e+00   3.5142e+02
20260527_10:00:00   6.8024e-02   2.0342e+01   5.4114e+00   0.0000e+00   0.0000e+00   3.4638e+02
20260527_11:00:00   6.6051e-02   1.9832e+01   5.1162e+00   0.0000e+00   0.0000e+00   3.4415e+02
20260527_12:00:00   6.5419e-02   1.9657e+01   5.0324e+00   0.0000e+00   0.0000e+00   3.4315e+02
20260527_13:00:00   6.4959e-02   1.9534e+01   4.9847e+00   0.0000e+00   0.0000e+00   3.4476e+02
20260527_14:00:00   6.4363e-02   1.9389e+01   4.8860e+00   0.0000e+00   0.0000e+00   3.4499e+02
20260527_15:00:00   6.4416e-02   1.9419e+01   4.9027e+00   0.0000e+00   0.0000e+00   3.4506e+02
20260527_16:00:00   6.4977e-02   1.9579e+01   5.0282e+00   0.0000e+00   0.0000e+00   3.4610e+02
20260527_17:00:00   6.4645e-02   1.9517e+01   5.0192e+00   0.0000e+00   0.0000e+00   3.4599e+02
20260527_18:00:00   6.7430e-02   2.0238e+01   5.5579e+00   0.0000e+00   0.0000e+00   3.4311e+02
20260527_19:00:00   6.8261e-02   2.0462e+01   5.7977e+00   0.0000e+00   0.0000e+00   3.4146e+02
20260527_20:00:00   6.8991e-02   2.0650e+01   6.0033e+00   0.0000e+00   0.0000e+00   3.4238e+02
20260527_21:00:00   6.8017e-02   2.0394e+01   5.9257e+00   0.0000e+00   0.0000e+00   3.4154e+02
20260527_22:00:00   6.6339e-02   1.9962e+01   5.6648e+00   0.0000e+00   0.0000e+00   3.4020e+02
20260527_23:00:00   6.3675e-02   1.9288e+01   5.1973e+00   0.0000e+00   0.0000e+00   3.3919e+02
20260528_00:00:00   6.1815e-02   1.8824e+01   4.8369e+00   0.0000e+00   0.0000e+00   3.3968e+02
20260528_01:00:00   6.2590e-02   1.9020e+01   4.9073e+00   0.0000e+00   0.0000e+00   3.4042e+02
20260528_02:00:00   6.3834e-02   1.9347e+01   5.0430e+00   0.0000e+00   0.0000e+00   3.4045e+02
20260528_03:00:00   6.3903e-02   1.9367e+01   5.0285e+00   0.0000e+00   0.0000e+00   3.4118e+02
20260528_04:00:00   6.3613e-02   1.9297e+01   4.9702e+00   0.0000e+00   0.0000e+00   3.4037e+02
20260528_05:00:00   6.4223e-02   1.9441e+01   5.0605e+00   0.0000e+00   0.0000e+00   3.3920e+02
20260528_06:00:00   6.3072e-02   1.9165e+01   4.8359e+00   0.0000e+00   0.0000e+00   3.4032e+02
20260528_07:00:00   6.2857e-02   1.9112e+01   4.7652e+00   0.0000e+00   0.0000e+00   3.4166e+02
20260528_08:00:00   6.2047e-02   1.8901e+01   4.5868e+00   0.0000e+00   0.0000e+00   3.4256e+02
20260528_09:00:00   6.2591e-02   1.9027e+01   4.6319e+00   0.0000e+00   0.0000e+00   3.4151e+02
20260528_10:00:00   6.4042e-02   1.9406e+01   4.8614e+00   0.0000e+00   0.0000e+00   3.3936e+02
20260528_11:00:00   6.4749e-02   1.9577e+01   4.9603e+00   0.0000e+00   0.0000e+00   3.3927e+02
20260528_12:00:00   6.4591e-02   1.9536e+01   4.9246e+00   0.0000e+00   0.0000e+00   3.3918e+02
20260528_13:00:00   6.6032e-02   1.9896e+01   5.1237e+00   0.0000e+00   0.0000e+00   3.3656e+02
20260528_14:00:00   6.7343e-02   2.0222e+01   5.3317e+00   0.0000e+00   0.0000e+00   3.3560e+02
20260528_15:00:00   6.9592e-02   2.0799e+01   5.7166e+00   0.0000e+00   0.0000e+00   3.3449e+02
20260528_16:00:00   7.0271e-02   2.0978e+01   5.8910e+00   0.0000e+00   3.0140e-03   3.3391e+02
20260528_17:00:00   7.4744e-02   2.2146e+01   6.6142e+00   0.0000e+00   1.0248e-02   3.3402e+02
20260528_18:00:00   7.8996e-02   2.3202e+01   7.4446e+00   0.0000e+00   1.5952e-02   3.3317e+02
20260528_19:00:00   7.7952e-02   2.2936e+01   7.4076e+00   0.0000e+00   1.3742e-02   3.3225e+02
20260528_20:00:00   7.9454e-02   2.3236e+01   7.9044e+00   0.0000e+00   6.4040e-02   3.3131e+02
20260528_21:00:00   7.7471e-02   2.2702e+01   7.6088e+00   0.0000e+00   1.3575e-01   3.3170e+02
20260528_22:00:00   7.1465e-02   2.1238e+01   6.4996e+00   0.0000e+00   1.1356e-01   3.2884e+02
20260528_23:00:00   7.0729e-02   2.1032e+01   6.4370e+00   0.0000e+00   8.3215e-02   3.2594e+02
20260529_00:00:00   7.0990e-02   2.1062e+01   6.5064e+00   0.0000e+00   1.3870e-01   3.2430e+02
20260529_01:00:00   7.2095e-02   2.1313e+01   6.6798e+00   0.0000e+00   1.8841e-01   3.2379e+02
20260529_02:00:00   7.4475e-02   2.1883e+01   7.0564e+00   0.0000e+00   2.2193e-01   3.2312e+02
20260529_03:00:00   7.8154e-02   2.2773e+01   7.7012e+00   0.0000e+00   6.7198e-02   3.2347e+02
20260529_04:00:00   8.0195e-02   2.3268e+01   7.8886e+00   0.0000e+00   9.4044e-02   3.2413e+02
20260529_05:00:00   7.4945e-02   2.2004e+01   6.9636e+00   0.0000e+00   9.4204e-03   3.2417e+02
20260529_06:00:00   7.4953e-02   2.1984e+01   6.9442e+00   0.0000e+00   8.2660e-03   3.2503e+02
20260529_07:00:00   7.3438e-02   2.1568e+01   6.6973e+00   0.0000e+00   5.0650e-02   3.2484e+02
20260529_08:00:00   7.9093e-02   2.2937e+01   7.5994e+00   0.0000e+00   8.0348e-02   3.2420e+02
20260529_09:00:00   8.2978e-02   2.3914e+01   8.1486e+00   0.0000e+00   3.0067e-02   3.2624e+02
20260529_10:00:00   8.4488e-02   2.4309e+01   8.3536e+00   0.0000e+00   1.2918e-02   3.2408e+02
20260529_11:00:00   8.3654e-02   2.4154e+01   8.1430e+00   0.0000e+00   5.7143e-03   3.2578e+02
20260529_12:00:00   8.0973e-02   2.3504e+01   7.5991e+00   0.0000e+00   1.2630e-03   3.2703e+02
20260529_13:00:00   8.2116e-02   2.3808e+01   7.6664e+00   0.0000e+00   1.2225e-03   3.2436e+02
20260529_14:00:00   8.2801e-02   2.4016e+01   7.6890e+00   0.0000e+00   2.4340e-05   3.2673e+02
20260529_15:00:00   8.1461e-02   2.3719e+01   7.4441e+00   0.0000e+00   0.0000e+00   3.2710e+02
20260529_16:00:00   7.9306e-02   2.3239e+01   7.1255e+00   0.0000e+00   0.0000e+00   3.2557e+02
20260529_17:00:00   8.1678e-02   2.3897e+01   7.4819e+00   0.0000e+00   0.0000e+00   3.2573e+02
20260529_18:00:00   8.7370e-02   2.5341e+01   8.4271e+00   0.0000e+00   0.0000e+00   3.2662e+02
20260529_19:00:00   8.4648e-02   2.4679e+01   8.1532e+00   0.0000e+00   0.0000e+00   3.2707e+02
20260529_20:00:00   7.7863e-02   2.2929e+01   7.3186e+00   0.0000e+00   0.0000e+00   3.2659e+02
20260529_21:00:00   7.0345e-02   2.1018e+01   6.1408e+00   0.0000e+00   4.5702e-06   3.2689e+02
20260529_22:00:00   6.8495e-02   2.0546e+01   5.8393e+00   0.0000e+00   0.0000e+00   3.2691e+02
20260529_23:00:00   6.8358e-02   2.0513e+01   5.8128e+00   0.0000e+00   0.0000e+00   3.2719e+02
20260530_00:00:00   6.8724e-02   2.0625e+01   5.8482e+00   0.0000e+00   0.0000e+00   3.2662e+02
20260530_01:00:00   6.9707e-02   2.0885e+01   5.9757e+00   0.0000e+00   0.0000e+00   3.2484e+02
20260530_02:00:00   7.1206e-02   2.1273e+01   6.1605e+00   0.0000e+00   0.0000e+00   3.2310e+02
20260530_03:00:00   7.3198e-02   2.1778e+01   6.4314e+00   0.0000e+00   0.0000e+00   3.2044e+02
20260530_04:00:00   7.3540e-02   2.1869e+01   6.3424e+00   0.0000e+00   0.0000e+00   3.1976e+02
20260530_05:00:00   7.4098e-02   2.1978e+01   6.3524e+00   0.0000e+00   0.0000e+00   3.1736e+02
20260530_06:00:00   7.2482e-02   2.1544e+01   6.0650e+00   0.0000e+00   0.0000e+00   3.1599e+02
20260530_07:00:00   6.9672e-02   2.0814e+01   5.6050e+00   0.0000e+00   0.0000e+00   3.1249e+02
20260530_08:00:00   6.8231e-02   2.0432e+01   5.3603e+00   0.0000e+00   0.0000e+00   3.1165e+02
20260530_09:00:00   6.7921e-02   2.0335e+01   5.3187e+00   0.0000e+00   0.0000e+00   3.1053e+02
20260530_10:00:00   7.0069e-02   2.0857e+01   5.6269e+00   0.0000e+00   0.0000e+00   3.1121e+02
20260530_11:00:00   7.1379e-02   2.1177e+01   5.7864e+00   0.0000e+00   0.0000e+00   3.1347e+02
20260530_12:00:00   7.1715e-02   2.1261e+01   5.7937e+00   0.0000e+00   0.0000e+00   3.1363e+02
20260530_13:00:00   7.1468e-02   2.1210e+01   5.6944e+00   0.0000e+00   0.0000e+00   3.1279e+02
20260530_14:00:00   7.1039e-02   2.1112e+01   5.6029e+00   0.0000e+00   0.0000e+00   3.1148e+02
20260530_15:00:00   7.0974e-02   2.1114e+01   5.5958e+00   0.0000e+00   0.0000e+00   3.1054e+02
20260530_16:00:00   6.8987e-02   2.0631e+01   5.3788e+00   0.0000e+00   0.0000e+00   3.1062e+02
20260530_17:00:00   6.9879e-02   2.0877e+01   5.6093e+00   0.0000e+00   0.0000e+00   3.1176e+02
20260530_18:00:00   6.9511e-02   2.0810e+01   5.6402e+00   0.0000e+00   0.0000e+00   3.1201e+02
20260530_19:00:00   7.2136e-02   2.1489e+01   6.1943e+00   0.0000e+00   0.0000e+00   3.1156e+02
20260530_20:00:00   7.3358e-02   2.1821e+01   6.5000e+00   0.0000e+00   0.0000e+00   3.1128e+02
20260530_21:00:00   7.4487e-02   2.2126e+01   6.7706e+00   0.0000e+00   0.0000e+00   3.1101e+02
20260530_22:00:00   7.5718e-02   2.2452e+01   7.0706e+00   0.0000e+00   0.0000e+00   3.0985e+02
20260530_23:00:00   7.8038e-02   2.3036e+01   7.5371e+00   0.0000e+00   0.0000e+00   3.0960e+02
20260531_00:00:00   7.9228e-02   2.3356e+01   7.7308e+00   0.0000e+00   0.0000e+00   3.1032e+02
20260531_03:00:00   8.1384e-02   2.3952e+01   7.8026e+00   0.0000e+00   0.0000e+00   3.0953e+02
20260531_06:00:00   7.6404e-02   2.2672e+01   6.8445e+00   0.0000e+00   0.0000e+00   3.0842e+02
20260531_09:00:00   7.1208e-02   2.1329e+01   5.9050e+00   0.0000e+00   0.0000e+00   3.0731e+02
20260531_12:00:00   7.1570e-02   2.1395e+01   5.9254e+00   0.0000e+00   0.0000e+00   3.0516e+02
20260531_15:00:00   6.9731e-02   2.0940e+01   5.6348e+00   0.0000e+00   0.0000e+00   3.0668e+02
20260531_18:00:00   6.8920e-02   2.0780e+01   5.6898e+00   0.0000e+00   0.0000e+00   3.1176e+02
20260531_21:00:00   7.8952e-02   2.3264e+01   7.7888e+00   0.0000e+00   1.7340e-04   3.1064e+02
20260601_00:00:00   7.0904e-02   2.1212e+01   6.4717e+00   0.0000e+00   1.6403e-03   3.0992e+02
20260601_03:00:00   7.1693e-02   2.1433e+01   6.4067e+00   0.0000e+00   0.0000e+00   3.1155e+02
20260601_06:00:00   7.4869e-02   2.2230e+01   6.6179e+00   0.0000e+00   0.0000e+00   3.1766e+02
20260601_09:00:00   7.5236e-02   2.2305e+01   6.5013e+00   0.0000e+00   0.0000e+00   3.3003e+02
20260601_12:00:00   8.4266e-02   2.4497e+01   7.9367e+00   0.0000e+00   4.0460e-04   3.2505e+02
20260601_15:00:00   8.0351e-02   2.3563e+01   7.2446e+00   0.0000e+00   0.0000e+00   3.1881e+02
20260601_18:00:00   7.7373e-02   2.2910e+01   6.9839e+00   0.0000e+00   0.0000e+00   3.1375e+02
20260601_21:00:00   7.8415e-02   2.3091e+01   7.7592e+00   2.3220e-05   1.9129e-03   3.1306e+02
20260602_00:00:00   7.7635e-02   2.2963e+01   7.6076e+00   0.0000e+00   2.0364e-04   3.1143e+02
20260602_03:00:00   6.1179e-02   1.8711e+01   4.6664e+00   0.0000e+00   0.0000e+00   3.1159e+02
20260602_06:00:00   6.2782e-02   1.9116e+01   4.8874e+00   0.0000e+00   1.5358e-03   3.0960e+02
20260602_09:00:00   6.6153e-02   1.9996e+01   5.3683e+00   0.0000e+00   7.0140e-05   3.0683e+02
20260602_12:00:00   6.8064e-02   2.0477e+01   5.6347e+00   0.0000e+00   1.6332e-04   3.0537e+02
20260602_15:00:00   6.7212e-02   2.0288e+01   5.4514e+00   0.0000e+00   0.0000e+00   3.1125e+02
20260602_18:00:00   7.0629e-02   2.1174e+01   6.2106e+00   0.0000e+00   0.0000e+00   3.1140e+02
20260602_21:00:00   6.9468e-02   2.0889e+01   6.2807e+00   0.0000e+00   1.5840e-04   3.1152e+02
20260603_00:00:00   6.9303e-02   2.0837e+01   6.4102e+00   0.0000e+00   5.6636e-05   3.1139e+02
20260603_03:00:00   7.5614e-02   2.2343e+01   7.5742e+00   0.0000e+00   1.9004e-02   3.1207e+02
20260603_06:00:00   8.0106e-02   2.3573e+01   8.2290e+00   0.0000e+00   1.0554e-03   3.1412e+02
20260603_09:00:00   8.4091e-02   2.4643e+01   8.7519e+00   0.0000e+00   3.8979e-04   3.1578e+02
20260603_12:00:00   8.9838e-02   2.6087e+01   9.4953e+00   0.0000e+00   1.2140e-03   3.1806e+02
20260603_15:00:00   9.5791e-02   2.7543e+01   1.0541e+01   0.0000e+00   5.3519e-03   3.2265e+02
20260603_18:00:00   1.0248e-01   2.9258e+01   1.1680e+01   0.0000e+00   1.0080e-02   3.2138e+02
20260603_21:00:00   1.0954e-01   3.0933e+01   1.2848e+01   1.8037e-03   4.1857e-02   3.1761e+02
20260604_00:00:00   1.4801e-01   4.0195e+01   1.7060e+01   8.1269e-03   1.5631e-01   3.1857e+02
20260604_03:00:00   1.3211e-01   3.6454e+01   1.6035e+01   0.0000e+00   3.3705e-02   3.2243e+02
20260604_06:00:00   1.1462e-01   3.2270e+01   1.3602e+01   0.0000e+00   2.1892e-04   3.2130e+02
20260604_09:00:00   1.0982e-01   3.1126e+01   1.2665e+01   0.0000e+00   1.6761e-03   3.2066e+02
20260604_12:00:00   1.1657e-01   3.2815e+01   1.3461e+01   0.0000e+00   7.9449e-04   3.1958e+02
20260604_15:00:00   1.0993e-01   3.1227e+01   1.2445e+01   0.0000e+00   3.3186e-03   3.1602e+02
20260604_18:00:00   1.2256e-01   3.4292e+01   1.4624e+01   0.0000e+00   1.8122e-02   3.1324e+02
20260604_21:00:00   1.2123e-01   3.3926e+01   1.4478e+01   2.9422e-03   1.4549e-02   3.1347e+02
20260605_00:00:00   1.5752e-01   4.2458e+01   1.7168e+01   2.1626e-02   2.0032e-01   3.1145e+02
20260605_03:00:00   1.4955e-01   4.0818e+01   1.7937e+01   2.9720e-05   1.4219e-02   3.0784e+02
20260605_06:00:00   1.4237e-01   3.9142e+01   1.6952e+01   0.0000e+00   4.4850e-04   3.1171e+02
20260605_09:00:00   1.3671e-01   3.7765e+01   1.6258e+01   0.0000e+00   2.4254e-03   3.0583e+02
20260605_12:00:00   1.3781e-01   3.7893e+01   1.6507e+01   0.0000e+00   1.8292e-02   3.1234e+02
20260605_15:00:00   1.3805e-01   3.7925e+01   1.6517e+01   0.0000e+00   2.7047e-02   3.2003e+02
20260605_18:00:00   1.9987e-01   5.1905e+01   1.8875e+01   4.9925e-02   7.0763e-02   3.2191e+02
20260605_21:00:00   1.8769e-01   4.9174e+01   2.0517e+01   1.6800e-02   1.5890e-01   3.1773e+02
20260606_00:00:00   1.4873e-01   4.0394e+01   1.7840e+01   0.0000e+00   1.1946e-01   3.2177e+02
20260606_03:00:00   1.6689e-01   4.4513e+01   1.9172e+01   7.7216e-03   4.2352e-02   3.1178e+02
20260606_06:00:00   1.6151e-01   4.3269e+01   1.9478e+01   0.0000e+00   1.6658e-01   3.1167e+02
20260606_09:00:00   1.6434e-01   4.4018e+01   1.8297e+01   9.2300e-03   4.3979e-03   3.0770e+02
20260606_12:00:00   1.4820e-01   4.0346e+01   1.6694e+01   0.0000e+00   6.0360e-04   3.1389e+02
20260606_15:00:00   1.3035e-01   3.6215e+01   1.4288e+01   0.0000e+00   3.1460e-03   3.1205e+02
20260606_18:00:00   1.3646e-01   3.7770e+01   1.5181e+01   6.3957e-04   3.4820e-06   3.1155e+02
20260606_21:00:00   1.4972e-01   4.0745e+01   1.4981e+01   2.4531e-02   3.6839e-02   3.0749e+02
20260607_00:00:00   1.5853e-01   4.2762e+01   1.8116e+01   7.6308e-03   3.0940e-02   3.0632e+02
20260607_03:00:00   1.3707e-01   3.7803e+01   1.6155e+01   0.0000e+00   4.3540e-05   3.0601e+02
20260607_06:00:00   1.4227e-01   3.8993e+01   1.6405e+01   1.7572e-03   1.8053e-03   3.0747e+02
20260607_09:00:00   1.4078e-01   3.8645e+01   1.6107e+01   5.5822e-04   2.3332e-02   3.0929e+02
20260607_12:00:00   1.3951e-01   3.8296e+01   1.6069e+01   0.0000e+00   4.7942e-04   3.1381e+02
20260607_15:00:00   1.4675e-01   3.9985e+01   1.6589e+01   2.7960e-03   2.1542e-03   3.1506e+02
20260607_18:00:00   3.4334e-01   8.0942e+01   1.8193e+01   2.1050e-01   2.3330e-01   3.1544e+02
20260607_21:00:00   5.6460e-01   1.1769e+02   2.0194e+01   4.4559e-01   6.2462e-01   3.1115e+02
20260608_00:00:00   4.0620e-01   9.2936e+01   2.0690e+01   2.5710e-01   2.9268e-01   3.1309e+02
20260608_03:00:00   1.3540e-01   3.7240e+01   1.6174e+01   0.0000e+00   7.0228e-02   3.1178e+02
20260608_06:00:00   1.2467e-01   3.4846e+01   1.3877e+01   0.0000e+00   0.0000e+00   3.1110e+02
20260608_09:00:00   1.2742e-01   3.5480e+01   1.4017e+01   0.0000e+00   1.2081e-02   3.0606e+02
20260608_12:00:00   1.2448e-01   3.4812e+01   1.3618e+01   0.0000e+00   4.3140e-03   3.0639e+02
20260608_15:00:00   1.2460e-01   3.4937e+01   1.3505e+01   0.0000e+00   0.0000e+00   3.0450e+02
20260608_18:00:00   1.3274e-01   3.6927e+01   1.4912e+01   2.9760e-05   6.3407e-04   3.0263e+02
20260608_21:00:00   1.5833e-01   4.2724e+01   1.5856e+01   2.7175e-02   1.1042e-02   3.0528e+02
20260609_00:00:00   1.8809e-01   4.9440e+01   2.0363e+01   1.8592e-02   5.9179e-01   3.0229e+02
20260609_03:00:00   1.5337e-01   4.1509e+01   1.8338e+01   0.0000e+00   1.7921e-01   3.0693e+02
20260609_06:00:00   1.5015e-01   4.0758e+01   1.7898e+01   0.0000e+00   3.7091e-02   3.0826e+02
20260609_09:00:00   1.5802e-01   4.2702e+01   1.8562e+01   0.0000e+00   4.7905e-03   3.0184e+02
20260609_12:00:00   1.6146e-01   4.3440e+01   1.9265e+01   0.0000e+00   9.3415e-03   3.0446e+02
20260609_15:00:00   1.7508e-01   4.6628e+01   2.0374e+01   1.3588e-03   6.8864e-04   3.0577e+02
20260609_18:00:00   1.9832e-01   5.1890e+01   2.1941e+01   1.7130e-02   4.2185e-03   3.1033e+02
20260609_21:00:00   8.5919e-01   1.5905e+02   2.3934e+01   7.4577e-01   1.3411e-02   3.0425e+02
20260610_00:00:00   4.0104e-01   9.2032e+01   2.2948e+01   2.3632e-01   1.0765e-01   3.0458e+02
20260610_03:00:00   1.8010e-01   4.7779e+01   2.1922e+01   0.0000e+00   2.6656e-01   3.0014e+02
20260610_06:00:00   1.9696e-01   5.1568e+01   2.2525e+01   1.2006e-02   1.8739e-02   2.9843e+02
20260610_09:00:00   1.8302e-01   4.8465e+01   2.2088e+01   8.4920e-06   2.4088e-03   3.0274e+02
20260610_12:00:00   3.3434e-01   7.9786e+01   2.1592e+01   1.7060e-01   1.3490e-03   3.0442e+02
20260610_15:00:00   4.5777e-01   1.0224e+02   2.0827e+01   3.1347e-01   9.3883e-04   3.0133e+02
20260610_18:00:00   1.9825e-01   5.2142e+01   1.9256e+01   3.7097e-02   7.8320e-05   3.0334e+02
20260610_21:00:00   3.5122e-01   8.3499e+01   2.0321e+01   2.0202e-01   2.6674e-03   2.9996e+02
20260611_00:00:00   4.0203e-01   9.2639e+01   2.0234e+01   2.6126e-01   3.4240e-02   2.9698e+02
