#            date       tau255        Tb[K]      pwv[mm] lwp[kg*m^-2] iwp[kg*m^-2]       o3[DU]
20260106_00:00:00   7.6388e-02   2.2059e+01   6.2213e+00   0.0000e+00   9.0884e-03   2.6322e+02
20260106_01:00:00   7.8372e-02   2.2563e+01   6.3522e+00   0.0000e+00   3.9814e-03   2.6047e+02
20260106_02:00:00   7.7279e-02   2.2298e+01   6.1042e+00   0.0000e+00   9.5106e-04   2.6050e+02
20260106_03:00:00   7.7128e-02   2.2254e+01   6.0259e+00   0.0000e+00   8.4478e-04   2.5946e+02
20260106_04:00:00   7.6297e-02   2.2038e+01   5.8713e+00   0.0000e+00   3.7345e-03   2.5848e+02
20260106_05:00:00   7.7345e-02   2.2274e+01   6.0160e+00   0.0000e+00   4.8000e-03   2.6049e+02
20260106_06:00:00   7.8004e-02   2.2434e+01   6.0543e+00   0.0000e+00   1.2267e-04   2.6205e+02
20260106_07:00:00   7.7283e-02   2.2245e+01   5.9744e+00   0.0000e+00   1.7856e-04   2.6271e+02
20260106_08:00:00   7.5328e-02   2.1761e+01   5.7110e+00   0.0000e+00   2.0202e-04   2.6222e+02
20260106_09:00:00   7.3547e-02   2.1293e+01   5.5917e+00   0.0000e+00   1.0691e-03   2.6087e+02
20260106_10:00:00   7.2572e-02   2.1039e+01   5.4804e+00   0.0000e+00   2.2581e-03   2.6113e+02
20260106_11:00:00   7.0446e-02   2.0517e+01   5.1655e+00   0.0000e+00   2.0594e-03   2.6282e+02
20260106_12:00:00   6.9405e-02   2.0256e+01   5.0217e+00   0.0000e+00   7.3792e-03   2.6161e+02
20260106_13:00:00   6.8302e-02   1.9988e+01   4.8623e+00   0.0000e+00   2.3337e-02   2.6029e+02
20260106_14:00:00   6.7418e-02   1.9758e+01   4.8001e+00   0.0000e+00   8.7669e-03   2.6229e+02
20260106_15:00:00   6.5171e-02   1.9203e+01   4.5253e+00   0.0000e+00   9.2968e-03   2.6309e+02
20260106_16:00:00   6.3641e-02   1.8811e+01   4.3389e+00   0.0000e+00   1.8676e-02   2.6365e+02
20260106_17:00:00   6.1868e-02   1.8385e+01   4.0464e+00   0.0000e+00   1.1339e-02   2.6437e+02
20260106_18:00:00   5.9668e-02   1.7843e+01   3.7595e+00   0.0000e+00   8.5816e-03   2.6435e+02
20260106_19:00:00   5.9983e-02   1.7900e+01   3.9155e+00   0.0000e+00   1.1112e-02   2.6302e+02
20260106_20:00:00   6.0039e-02   1.7954e+01   3.8480e+00   0.0000e+00   7.4681e-03   2.6092e+02
20260106_21:00:00   6.2280e-02   1.8487e+01   4.3385e+00   0.0000e+00   1.2703e-02   2.5947e+02
20260106_22:00:00   6.1267e-02   1.8288e+01   4.0517e+00   0.0000e+00   2.5968e-03   2.5923e+02
20260106_23:00:00   6.3683e-02   1.8892e+01   4.5078e+00   0.0000e+00   1.0874e-02   2.5851e+02
20260107_00:00:00   6.7761e-02   1.9873e+01   5.2408e+00   0.0000e+00   3.7950e-02   2.5725e+02
20260107_01:00:00   6.5116e-02   1.9273e+01   4.6733e+00   0.0000e+00   9.0940e-04   2.5934e+02
20260107_02:00:00   6.5685e-02   1.9407e+01   4.7324e+00   0.0000e+00   1.8738e-03   2.5974e+02
20260107_03:00:00   6.5228e-02   1.9294e+01   4.6338e+00   0.0000e+00   7.1614e-03   2.5767e+02
20260107_04:00:00   6.5542e-02   1.9349e+01   4.7885e+00   0.0000e+00   1.6435e-02   2.5957e+02
20260107_05:00:00   6.5642e-02   1.9352e+01   4.8385e+00   0.0000e+00   3.4759e-03   2.6237e+02
20260107_06:00:00   6.5930e-02   1.9409e+01   4.8894e+00   0.0000e+00   1.0099e-02   2.6469e+02
20260107_07:00:00   6.5587e-02   1.9312e+01   4.8844e+00   0.0000e+00   1.4616e-02   2.6515e+02
20260107_08:00:00   6.5931e-02   1.9372e+01   5.0291e+00   0.0000e+00   4.9915e-03   2.6440e+02
20260107_09:00:00   6.5753e-02   1.9303e+01   5.0049e+00   0.0000e+00   7.0819e-03   2.6493e+02
20260107_10:00:00   6.5393e-02   1.9203e+01   4.9479e+00   0.0000e+00   1.5282e-02   2.6815e+02
20260107_11:00:00   6.5225e-02   1.9148e+01   4.8710e+00   0.0000e+00   2.1461e-02   2.6842e+02
20260107_12:00:00   6.6911e-02   1.9542e+01   5.2284e+00   0.0000e+00   7.0993e-03   2.7083e+02
20260107_13:00:00   6.7463e-02   1.9660e+01   5.3092e+00   0.0000e+00   2.5595e-02   2.7025e+02
20260107_14:00:00   6.8652e-02   1.9946e+01   5.5155e+00   0.0000e+00   1.2568e-02   2.7093e+02
20260107_15:00:00   7.0961e-02   2.0496e+01   5.8722e+00   0.0000e+00   2.1347e-02   2.7086e+02
20260107_16:00:00   7.4180e-02   2.1277e+01   6.3913e+00   0.0000e+00   3.7450e-02   2.7037e+02
20260107_17:00:00   7.8102e-02   2.2250e+01   7.0337e+00   0.0000e+00   1.3249e-02   2.7098e+02
20260107_18:00:00   8.0159e-02   2.2753e+01   7.3428e+00   0.0000e+00   3.1702e-02   2.7426e+02
20260107_19:00:00   8.3167e-02   2.3489e+01   7.7857e+00   0.0000e+00   5.4399e-02   2.7428e+02
20260107_20:00:00   8.5004e-02   2.3918e+01   8.0018e+00   0.0000e+00   1.5517e-01   2.7473e+02
20260107_21:00:00   9.0573e-02   2.5254e+01   8.7352e+00   0.0000e+00   2.2700e-01   2.7437e+02
20260107_22:00:00   1.0307e-01   2.8277e+01   1.0248e+01   0.0000e+00   5.0893e-01   2.7476e+02
20260107_23:00:00   1.1401e-01   3.0879e+01   1.1483e+01   0.0000e+00   5.7654e-01   2.7911e+02
20260108_00:00:00   1.1786e-01   3.1797e+01   1.1884e+01   0.0000e+00   3.5759e-01   2.8087e+02
20260108_01:00:00   1.1769e-01   3.1793e+01   1.1996e+01   0.0000e+00   1.1079e-01   2.8453e+02
20260108_02:00:00   1.1880e-01   3.2059e+01   1.1727e+01   3.1740e-03   9.7935e-02   2.8740e+02
20260108_03:00:00   1.1566e-01   3.1367e+01   1.1386e+01   1.3268e-03   7.2759e-02   2.9223e+02
20260108_04:00:00   1.4124e-01   3.7364e+01   1.1517e+01   2.6228e-02   4.9167e-01   2.9570e+02
20260108_05:00:00   1.7616e-01   4.5400e+01   1.1198e+01   6.7146e-02   7.0507e-01   3.0910e+02
20260108_06:00:00   2.5446e-01   6.2343e+01   1.0502e+01   1.6009e-01   7.7146e-01   3.2259e+02
20260108_07:00:00   3.0375e-01   7.2473e+01   9.8083e+00   2.2198e-01   5.6517e-01   3.2030e+02
20260108_08:00:00   3.9491e-01   8.9731e+01   9.2725e+00   3.3018e-01   2.1749e-01   3.0897e+02
20260108_09:00:00   2.8088e-01   6.7779e+01   8.9464e+00   2.0387e-01   1.5594e-01   2.9334e+02
20260108_10:00:00   2.5228e-01   6.1921e+01   8.6317e+00   1.7364e-01   1.4928e-01   2.9236e+02
20260108_11:00:00   1.4629e-01   3.8474e+01   8.5017e+00   5.5144e-02   1.0255e-01   2.9341e+02
20260108_12:00:00   1.9583e-01   4.9605e+01   7.9172e+00   1.1463e-01   9.3292e-02   2.9639e+02
20260108_13:00:00   1.6299e-01   4.2352e+01   7.2533e+00   8.2126e-02   1.1729e-01   2.9852e+02
20260108_14:00:00   2.1016e-01   5.2882e+01   6.7375e+00   1.3899e-01   1.0351e-01   3.0379e+02
20260108_15:00:00   1.1425e-01   3.0920e+01   5.5613e+00   4.0655e-02   7.2774e-03   3.0790e+02
20260108_16:00:00   7.3426e-02   2.1079e+01   4.6452e+00   7.7532e-04   2.3918e-03   3.1240e+02
20260108_17:00:00   7.2756e-02   2.0954e+01   3.9971e+00   4.8166e-03   8.6060e-04   3.1783e+02
20260108_18:00:00   7.4614e-02   2.1418e+01   3.9016e+00   7.8560e-03   3.8868e-04   3.1876e+02
20260108_19:00:00   7.8111e-02   2.2264e+01   4.5446e+00   7.2022e-03   6.2945e-04   3.2366e+02
20260108_20:00:00   8.0792e-02   2.2864e+01   5.6253e+00   2.1721e-03   4.9387e-03   3.2497e+02
20260108_21:00:00   9.0159e-02   2.5085e+01   6.7647e+00   2.8837e-03   1.2556e-01   3.3285e+02
20260108_22:00:00   8.5006e-02   2.3805e+01   6.5135e+00   1.1612e-05   5.8824e-02   3.3779e+02
20260108_23:00:00   8.5299e-02   2.3807e+01   6.7109e+00   8.4920e-06   4.8530e-02   3.4294e+02
20260109_00:00:00   8.5915e-02   2.3927e+01   6.7622e+00   3.7300e-04   8.8444e-02   3.4678e+02
20260109_01:00:00   9.3991e-02   2.5826e+01   7.5230e+00   0.0000e+00   6.7782e-01   3.4294e+02
20260109_02:00:00   8.7686e-02   2.4283e+01   6.4956e+00   1.2322e-03   4.3080e-01   3.4323e+02
20260109_03:00:00   7.1591e-02   2.0396e+01   4.5164e+00   6.9440e-05   9.1857e-04   3.3869e+02
20260109_04:00:00   7.4440e-02   2.1026e+01   4.9109e+00   0.0000e+00   3.5564e-02   3.3596e+02
20260109_05:00:00   7.6310e-02   2.1448e+01   5.0286e+00   0.0000e+00   1.6986e-01   3.3763e+02
20260109_06:00:00   7.1662e-02   2.0340e+01   4.4177e+00   0.0000e+00   1.8146e-02   3.3594e+02
20260109_07:00:00   7.2610e-02   2.0545e+01   4.5697e+00   2.9730e-05   2.2427e-02   3.3611e+02
20260109_08:00:00   7.2230e-02   2.0442e+01   4.4180e+00   2.2820e-05   1.2501e-01   3.3791e+02
20260109_09:00:00   6.6230e-02   1.8949e+01   3.6661e+00   0.0000e+00   1.7784e-03   3.3934e+02
20260109_10:00:00   6.5780e-02   1.8830e+01   3.5055e+00   7.3400e-05   3.0423e-02   3.3894e+02
20260109_11:00:00   6.4970e-02   1.8621e+01   3.3898e+00   0.0000e+00   2.5490e-02   3.4027e+02
20260109_12:00:00   6.1931e-02   1.7865e+01   3.0156e+00   0.0000e+00   6.5686e-04   3.4606e+02
20260109_13:00:00   6.0048e-02   1.7389e+01   2.7328e+00   0.0000e+00   6.2960e-04   3.4581e+02
20260109_14:00:00   5.8866e-02   1.7103e+01   2.5159e+00   0.0000e+00   9.1121e-04   3.4035e+02
20260109_15:00:00   5.5680e-02   1.6332e+01   2.0420e+00   0.0000e+00   7.3370e-05   3.4502e+02
20260109_16:00:00   5.4319e-02   1.6013e+01   1.8357e+00   0.0000e+00   0.0000e+00   3.5085e+02
20260109_17:00:00   5.3689e-02   1.5871e+01   1.7183e+00   0.0000e+00   0.0000e+00   3.5117e+02
20260109_18:00:00   5.5087e-02   1.6228e+01   1.8570e+00   0.0000e+00   9.6300e-05   3.4916e+02
20260109_19:00:00   5.4641e-02   1.6138e+01   1.8196e+00   0.0000e+00   2.0920e-05   3.4446e+02
20260109_20:00:00   5.4913e-02   1.6220e+01   1.8712e+00   0.0000e+00   2.6160e-05   3.4315e+02
20260109_21:00:00   5.5182e-02   1.6299e+01   1.9080e+00   0.0000e+00   1.8284e-05   3.4121e+02
20260109_22:00:00   5.4941e-02   1.6252e+01   1.8779e+00   0.0000e+00   1.7414e-06   3.3917e+02
20260109_23:00:00   5.4038e-02   1.6034e+01   1.7765e+00   0.0000e+00   0.0000e+00   3.3879e+02
20260110_00:00:00   5.3299e-02   1.5855e+01   1.6792e+00   0.0000e+00   0.0000e+00   3.3833e+02
20260110_01:00:00   5.3141e-02   1.5816e+01   1.6518e+00   0.0000e+00   0.0000e+00   3.3948e+02
20260110_02:00:00   5.2068e-02   1.5561e+01   1.5032e+00   0.0000e+00   0.0000e+00   3.4140e+02
20260110_03:00:00   5.0843e-02   1.5261e+01   1.3268e+00   0.0000e+00   0.0000e+00   3.3987e+02
20260110_04:00:00   5.0388e-02   1.5146e+01   1.2568e+00   0.0000e+00   0.0000e+00   3.3618e+02
20260110_05:00:00   5.0103e-02   1.5075e+01   1.2149e+00   0.0000e+00   0.0000e+00   3.3493e+02
20260110_06:00:00   5.0200e-02   1.5105e+01   1.2310e+00   0.0000e+00   0.0000e+00   3.3573e+02
20260110_07:00:00   4.9854e-02   1.5037e+01   1.1982e+00   0.0000e+00   0.0000e+00   3.3653e+02
20260110_08:00:00   4.9967e-02   1.5069e+01   1.2171e+00   0.0000e+00   0.0000e+00   3.3868e+02
20260110_09:00:00   4.9727e-02   1.5010e+01   1.1791e+00   0.0000e+00   0.0000e+00   3.4283e+02
20260110_10:00:00   4.9513e-02   1.4961e+01   1.1507e+00   0.0000e+00   0.0000e+00   3.4463e+02
20260110_11:00:00   4.9372e-02   1.4929e+01   1.1344e+00   0.0000e+00   0.0000e+00   3.4467e+02
20260110_12:00:00   4.9102e-02   1.4871e+01   1.1083e+00   0.0000e+00   0.0000e+00   3.4769e+02
20260110_13:00:00   4.9026e-02   1.4862e+01   1.1248e+00   0.0000e+00   0.0000e+00   3.5193e+02
20260110_14:00:00   4.9281e-02   1.4936e+01   1.1975e+00   0.0000e+00   0.0000e+00   3.5538e+02
20260110_15:00:00   4.9753e-02   1.5063e+01   1.3054e+00   0.0000e+00   0.0000e+00   3.5499e+02
20260110_16:00:00   5.0338e-02   1.5219e+01   1.4440e+00   0.0000e+00   0.0000e+00   3.5483e+02
20260110_17:00:00   5.1306e-02   1.5471e+01   1.6315e+00   0.0000e+00   0.0000e+00   3.5491e+02
20260110_18:00:00   5.2450e-02   1.5781e+01   1.8297e+00   0.0000e+00   0.0000e+00   3.5300e+02
20260110_19:00:00   5.3839e-02   1.6149e+01   2.0751e+00   0.0000e+00   0.0000e+00   3.4806e+02
20260110_20:00:00   5.5793e-02   1.6654e+01   2.3952e+00   0.0000e+00   0.0000e+00   3.4735e+02
20260110_21:00:00   5.7145e-02   1.7004e+01   2.6195e+00   0.0000e+00   0.0000e+00   3.4706e+02
20260110_22:00:00   5.7813e-02   1.7191e+01   2.7338e+00   0.0000e+00   0.0000e+00   3.4914e+02
20260110_23:00:00   5.8309e-02   1.7331e+01   2.8069e+00   0.0000e+00   0.0000e+00   3.5036e+02
20260111_00:00:00   5.8705e-02   1.7440e+01   2.8758e+00   0.0000e+00   0.0000e+00   3.4665e+02
20260111_03:00:00   5.9090e-02   1.7572e+01   3.0407e+00   0.0000e+00   0.0000e+00   3.3983e+02
20260111_06:00:00   5.8620e-02   1.7469e+01   3.0265e+00   0.0000e+00   0.0000e+00   3.4368e+02
20260111_09:00:00   5.6835e-02   1.7050e+01   2.7330e+00   0.0000e+00   0.0000e+00   3.3928e+02
20260111_12:00:00   5.5190e-02   1.6667e+01   2.4690e+00   0.0000e+00   0.0000e+00   3.3189e+02
20260111_15:00:00   5.3506e-02   1.6248e+01   2.1751e+00   0.0000e+00   0.0000e+00   3.3357e+02
20260111_18:00:00   5.2537e-02   1.6014e+01   1.9533e+00   0.0000e+00   0.0000e+00   3.3914e+02
20260111_21:00:00   5.0002e-02   1.5384e+01   1.5268e+00   0.0000e+00   0.0000e+00   3.3087e+02
20260112_00:00:00   4.8346e-02   1.4965e+01   1.2884e+00   0.0000e+00   0.0000e+00   3.2459e+02
20260112_03:00:00   5.3556e-02   1.6243e+01   2.3875e+00   0.0000e+00   2.1240e-05   3.1033e+02
20260112_06:00:00   5.6821e-02   1.7076e+01   2.9144e+00   0.0000e+00   0.0000e+00   3.0773e+02
20260112_09:00:00   6.5800e-02   1.9368e+01   4.2069e+00   0.0000e+00   2.1240e-05   3.0468e+02
20260112_12:00:00   7.1641e-02   2.0800e+01   5.1819e+00   0.0000e+00   1.7020e-03   3.0409e+02
20260112_15:00:00   7.6800e-02   2.2036e+01   6.0716e+00   0.0000e+00   3.3162e-04   3.0623e+02
20260112_18:00:00   8.1981e-02   2.3318e+01   6.8876e+00   0.0000e+00   1.6300e-03   3.1043e+02
20260112_21:00:00   8.6921e-02   2.4514e+01   7.6526e+00   0.0000e+00   2.3133e-03   3.0582e+02
20260113_00:00:00   8.7735e-02   2.4678e+01   7.7765e+00   0.0000e+00   3.1632e-03   3.0189e+02
20260113_03:00:00   8.2977e-02   2.3475e+01   7.0471e+00   0.0000e+00   1.9616e-02   2.9918e+02
20260113_06:00:00   7.8298e-02   2.2290e+01   6.3144e+00   0.0000e+00   2.9188e-03   2.9937e+02
20260113_09:00:00   8.0450e-02   2.2809e+01   6.4364e+00   0.0000e+00   7.5260e-04   3.0916e+02
20260113_12:00:00   7.3811e-02   2.1203e+01   5.3306e+00   0.0000e+00   0.0000e+00   3.1003e+02
20260113_15:00:00   6.4470e-02   1.8915e+01   3.8944e+00   0.0000e+00   0.0000e+00   3.1401e+02
20260113_18:00:00   6.0880e-02   1.8063e+01   3.2720e+00   0.0000e+00   0.0000e+00   3.1015e+02
20260113_21:00:00   6.1961e-02   1.8351e+01   3.5949e+00   0.0000e+00   2.5780e-05   3.0232e+02
20260114_00:00:00   6.5932e-02   1.9333e+01   4.1945e+00   0.0000e+00   0.0000e+00   3.0398e+02
20260114_03:00:00   6.1513e-02   1.8219e+01   3.4573e+00   0.0000e+00   0.0000e+00   3.0588e+02
20260114_06:00:00   6.2590e-02   1.8425e+01   3.7485e+00   0.0000e+00   0.0000e+00   3.0749e+02
20260114_09:00:00   5.9457e-02   1.7651e+01   3.0630e+00   0.0000e+00   0.0000e+00   3.1370e+02
20260114_12:00:00   6.2048e-02   1.8277e+01   3.3701e+00   0.0000e+00   0.0000e+00   3.1670e+02
20260114_15:00:00   5.8919e-02   1.7500e+01   2.8827e+00   0.0000e+00   0.0000e+00   3.2013e+02
20260114_18:00:00   5.9206e-02   1.7588e+01   2.9500e+00   0.0000e+00   0.0000e+00   3.1874e+02
20260114_21:00:00   5.5681e-02   1.6686e+01   2.4908e+00   0.0000e+00   2.4560e-05   3.1377e+02
20260115_00:00:00   5.6352e-02   1.6846e+01   2.6368e+00   0.0000e+00   0.0000e+00   3.1708e+02
20260115_03:00:00   5.5716e-02   1.6696e+01   2.4499e+00   0.0000e+00   0.0000e+00   3.1913e+02
20260115_06:00:00   5.3837e-02   1.6209e+01   2.2802e+00   0.0000e+00   0.0000e+00   3.1201e+02
20260115_09:00:00   5.5770e-02   1.6686e+01   2.6819e+00   0.0000e+00   0.0000e+00   3.1011e+02
20260115_12:00:00   5.7545e-02   1.7170e+01   2.9568e+00   0.0000e+00   0.0000e+00   3.1047e+02
20260115_15:00:00   5.7060e-02   1.7090e+01   2.8853e+00   0.0000e+00   0.0000e+00   3.0818e+02
20260115_18:00:00   5.7879e-02   1.7339e+01   3.0531e+00   0.0000e+00   0.0000e+00   3.0667e+02
20260115_21:00:00   5.5530e-02   1.6803e+01   2.7114e+00   0.0000e+00   0.0000e+00   2.9696e+02
20260116_00:00:00   5.4901e-02   1.6667e+01   2.5731e+00   0.0000e+00   0.0000e+00   2.9017e+02
20260116_03:00:00   5.6073e-02   1.6954e+01   2.8507e+00   0.0000e+00   0.0000e+00   2.9044e+02
20260116_06:00:00   5.7201e-02   1.7232e+01   3.1090e+00   0.0000e+00   0.0000e+00   2.9131e+02
20260116_09:00:00   5.7330e-02   1.7258e+01   3.1265e+00   0.0000e+00   0.0000e+00   2.8892e+02
20260116_12:00:00   5.6463e-02   1.7043e+01   2.9432e+00   0.0000e+00   0.0000e+00   2.8291e+02
20260116_15:00:00   5.7279e-02   1.7253e+01   3.0814e+00   0.0000e+00   0.0000e+00   2.8624e+02
20260116_18:00:00   5.8461e-02   1.7580e+01   3.2914e+00   0.0000e+00   0.0000e+00   2.8722e+02
20260116_21:00:00   5.7888e-02   1.7480e+01   3.1993e+00   0.0000e+00   0.0000e+00   2.8604e+02
20260117_00:00:00   5.5421e-02   1.6883e+01   2.7643e+00   0.0000e+00   6.2680e-05   2.8349e+02
20260117_03:00:00   5.1846e-02   1.5974e+01   2.1454e+00   0.0000e+00   3.3580e-04   2.8989e+02
20260117_06:00:00   5.1666e-02   1.5918e+01   2.1160e+00   0.0000e+00   1.8512e-03   2.9256e+02
20260117_09:00:00   5.0586e-02   1.5635e+01   1.9678e+00   0.0000e+00   2.2702e-03   2.8965e+02
20260117_12:00:00   4.8900e-02   1.5207e+01   1.7215e+00   0.0000e+00   2.9479e-03   2.8629e+02
20260117_15:00:00   4.7858e-02   1.4956e+01   1.5591e+00   0.0000e+00   3.0925e-03   2.8432e+02
20260117_18:00:00   4.7979e-02   1.4989e+01   1.5735e+00   0.0000e+00   4.5100e-03   2.8301e+02
20260117_21:00:00   4.7638e-02   1.4914e+01   1.5777e+00   0.0000e+00   5.1340e-03   2.8299e+02
20260118_00:00:00   4.9725e-02   1.5466e+01   1.9273e+00   0.0000e+00   4.3780e-03   2.8221e+02
20260118_03:00:00   4.8856e-02   1.5216e+01   1.7371e+00   0.0000e+00   8.4855e-03   2.8570e+02
20260118_06:00:00   5.1480e-02   1.5875e+01   2.0820e+00   0.0000e+00   2.3221e-02   2.8599e+02
20260118_09:00:00   5.1897e-02   1.5973e+01   2.1563e+00   0.0000e+00   4.2007e-02   2.8585e+02
20260118_12:00:00   5.3006e-02   1.6204e+01   2.4464e+00   0.0000e+00   1.1967e-01   2.8775e+02
20260118_15:00:00   5.6391e-02   1.7007e+01   3.1705e+00   0.0000e+00   7.9805e-02   2.9086e+02
20260118_18:00:00   6.2897e-02   1.8591e+01   4.3986e+00   0.0000e+00   1.5445e-01   2.9130e+02
20260118_21:00:00   7.9249e-02   2.2658e+01   7.2899e+00   0.0000e+00   1.6901e-02   2.9277e+02
20260119_00:00:00   1.3716e-01   3.6614e+01   1.2995e+01   1.7687e-02   7.5171e-02   2.9468e+02
20260119_03:00:00   1.9176e-01   4.9181e+01   1.4068e+01   6.7974e-02   2.7498e-02   2.9798e+02
20260119_06:00:00   3.2762e-01   7.7639e+01   1.4034e+01   2.2126e-01   2.2907e-02   3.0026e+02
20260119_09:00:00   3.6536e-01   8.4811e+01   1.3772e+01   2.6455e-01   1.0531e-01   2.9964e+02
20260119_12:00:00   6.7451e-01   1.3487e+02   1.3594e+01   6.1708e-01   1.0724e-01   3.0314e+02
20260119_15:00:00   6.4417e-01   1.3070e+02   1.3059e+01   5.8756e-01   4.3158e-02   3.0420e+02
20260119_18:00:00   4.9603e-01   1.0775e+02   1.2506e+01   4.2304e-01   1.5104e-02   3.0873e+02
20260119_21:00:00   7.2058e-01   1.4057e+02   1.1761e+01   6.8050e-01   2.6368e-02   3.0297e+02
20260120_00:00:00   7.7521e-01   1.4750e+02   1.0005e+01   7.5420e-01   8.2385e-03   2.9665e+02
20260120_03:00:00   7.8045e-01   1.4837e+02   8.5072e+00   7.7011e-01   8.5013e-03   2.9968e+02
20260120_06:00:00   6.7694e-01   1.3511e+02   7.8888e+00   6.5845e-01   4.4778e-03   2.9328e+02
20260120_09:00:00   3.0873e-01   7.3708e+01   7.1646e+00   2.4649e-01   6.3469e-03   2.8780e+02
20260120_12:00:00   1.7422e-01   4.5416e+01   6.1986e+00   1.0327e-01   2.0907e-03   2.8257e+02
20260120_15:00:00   1.4346e-01   3.8180e+01   5.2011e+00   7.6920e-02   4.7960e-04   2.8049e+02
20260120_18:00:00   7.3338e-02   2.1312e+01   5.1930e+00   1.3588e-04   6.0463e-04   2.8273e+02
20260120_21:00:00   6.9437e-02   2.0271e+01   5.1938e+00   0.0000e+00   9.2061e-03   2.8039e+02
20260121_00:00:00   6.2923e-02   1.8695e+01   3.8574e+00   0.0000e+00   1.3271e-03   2.8080e+02
20260121_03:00:00   7.3827e-02   2.1381e+01   5.5357e+00   0.0000e+00   0.0000e+00   2.8354e+02
20260121_06:00:00   6.9487e-02   2.0298e+01   4.8191e+00   0.0000e+00   6.1020e-05   2.8982e+02
20260121_09:00:00   7.0211e-02   2.0451e+01   4.8503e+00   0.0000e+00   2.7553e-04   2.9508e+02
20260121_12:00:00   6.7241e-02   1.9636e+01   4.5287e+00   0.0000e+00   1.1131e-03   2.9814e+02
20260121_15:00:00   6.6698e-02   1.9437e+01   4.5546e+00   0.0000e+00   2.4530e-02   3.0000e+02
20260121_18:00:00   6.7919e-02   1.9695e+01   4.8221e+00   0.0000e+00   9.2588e-02   3.0070e+02
20260121_21:00:00   7.5378e-02   2.1452e+01   5.9541e+00   0.0000e+00   2.8259e-01   3.0395e+02
20260122_00:00:00   7.6433e-02   2.1740e+01   6.1737e+00   0.0000e+00   6.1876e-03   3.0201e+02
