#            date       tau255        Tb[K]      pwv[mm] lwp[kg*m^-2] iwp[kg*m^-2]       o3[DU]
20260512_18:00:00   6.8980e-02   2.0736e+01   5.7790e+00   0.0000e+00   0.0000e+00   3.3479e+02
20260512_19:00:00   6.9403e-02   2.0840e+01   5.9208e+00   0.0000e+00   0.0000e+00   3.3216e+02
20260512_20:00:00   7.0059e-02   2.0994e+01   6.1416e+00   0.0000e+00   9.2900e-06   3.3056e+02
20260512_21:00:00   7.2105e-02   2.1483e+01   6.5960e+00   0.0000e+00   1.2696e-04   3.2921e+02
20260512_22:00:00   7.2167e-02   2.1512e+01   6.6596e+00   0.0000e+00   1.2904e-03   3.2646e+02
20260512_23:00:00   7.3071e-02   2.1736e+01   6.8785e+00   0.0000e+00   3.0780e-03   3.2637e+02
20260513_00:00:00   7.4601e-02   2.2106e+01   7.1947e+00   0.0000e+00   6.0984e-03   3.2738e+02
20260513_01:00:00   7.6250e-02   2.2506e+01   7.5019e+00   0.0000e+00   9.3411e-03   3.2790e+02
20260513_02:00:00   8.0074e-02   2.3515e+01   8.0787e+00   0.0000e+00   5.4636e-02   3.2834e+02
20260513_03:00:00   8.6919e-02   2.5268e+01   9.1262e+00   0.0000e+00   7.4519e-02   3.2810e+02
20260513_04:00:00   9.4070e-02   2.7097e+01   1.0116e+01   0.0000e+00   4.2771e-02   3.2666e+02
20260513_05:00:00   9.7581e-02   2.7957e+01   1.0623e+01   0.0000e+00   6.0850e-03   3.2674e+02
20260513_06:00:00   9.7770e-02   2.7996e+01   1.0662e+01   0.0000e+00   2.8422e-03   3.2719e+02
20260513_07:00:00   9.8701e-02   2.8216e+01   1.0772e+01   0.0000e+00   1.7842e-04   3.2865e+02
20260513_08:00:00   9.7920e-02   2.8048e+01   1.0530e+01   0.0000e+00   1.1176e-04   3.2874e+02
20260513_09:00:00   9.9142e-02   2.8325e+01   1.0771e+01   0.0000e+00   2.5551e-03   3.2716e+02
20260513_10:00:00   9.9840e-02   2.8476e+01   1.0923e+01   0.0000e+00   3.5947e-03   3.2624e+02
20260513_11:00:00   9.9494e-02   2.8374e+01   1.0818e+01   0.0000e+00   5.9402e-03   3.2519e+02
20260513_12:00:00   9.9029e-02   2.8240e+01   1.0744e+01   0.0000e+00   4.1499e-03   3.2692e+02
20260513_13:00:00   1.0040e-01   2.8558e+01   1.0949e+01   0.0000e+00   6.9557e-04   3.3000e+02
20260513_14:00:00   1.0564e-01   2.9775e+01   1.1817e+01   0.0000e+00   3.9511e-03   3.2986e+02
20260513_15:00:00   1.0456e-01   2.9539e+01   1.1611e+01   0.0000e+00   3.3500e-03   3.2981e+02
20260513_16:00:00   1.0749e-01   3.0248e+01   1.2096e+01   0.0000e+00   1.3403e-02   3.3212e+02
20260513_17:00:00   1.0850e-01   3.0519e+01   1.2290e+01   0.0000e+00   6.8477e-03   3.3181e+02
20260513_18:00:00   1.2266e-01   3.3666e+01   1.2830e+01   1.3192e-02   1.6534e-01   3.3027e+02
20260513_19:00:00   1.1185e-01   3.1175e+01   1.2423e+01   4.5460e-03   1.9221e-01   3.3013e+02
20260513_20:00:00   1.2368e-01   3.4067e+01   1.3625e+01   7.9715e-03   2.1005e-01   3.3201e+02
20260513_21:00:00   1.4439e-01   3.8884e+01   1.5044e+01   1.8259e-02   4.0120e-01   3.3298e+02
20260513_22:00:00   1.3125e-01   3.5957e+01   1.5239e+01   2.5880e-03   1.8860e-01   3.3308e+02
20260513_23:00:00   1.4062e-01   3.8131e+01   1.5978e+01   5.4480e-03   6.0436e-01   3.3257e+02
20260514_00:00:00   1.2623e-01   3.4853e+01   1.4868e+01   1.9352e-05   1.3210e-01   3.3317e+02
20260514_01:00:00   1.3246e-01   3.6365e+01   1.5008e+01   3.5508e-03   9.4542e-02   3.3569e+02
20260514_02:00:00   1.3102e-01   3.6041e+01   1.5080e+01   4.5017e-04   2.6088e-02   3.3768e+02
20260514_03:00:00   1.3609e-01   3.7191e+01   1.5737e+01   1.0064e-04   4.6752e-02   3.3699e+02
20260514_04:00:00   1.2611e-01   3.4891e+01   1.4211e+01   6.7940e-05   1.8706e-04   3.3788e+02
20260514_05:00:00   1.2075e-01   3.3586e+01   1.3501e+01   0.0000e+00   0.0000e+00   3.3742e+02
20260514_06:00:00   1.1915e-01   3.3151e+01   1.3302e+01   0.0000e+00   2.5038e-05   3.3662e+02
20260514_07:00:00   1.2163e-01   3.3682e+01   1.3669e+01   0.0000e+00   2.1134e-03   3.3767e+02
20260514_08:00:00   1.1756e-01   3.2731e+01   1.2947e+01   0.0000e+00   1.0930e-02   3.3625e+02
20260514_09:00:00   1.1296e-01   3.1614e+01   1.2228e+01   1.6234e-05   1.6690e-02   3.3578e+02
20260514_10:00:00   1.0565e-01   2.9807e+01   1.1273e+01   0.0000e+00   1.9704e-04   3.3562e+02
20260514_11:00:00   9.9377e-02   2.8225e+01   1.0485e+01   0.0000e+00   0.0000e+00   3.3741e+02
20260514_12:00:00   9.3566e-02   2.6784e+01   9.5991e+00   0.0000e+00   0.0000e+00   3.3694e+02
20260514_13:00:00   8.7246e-02   2.5208e+01   8.6114e+00   0.0000e+00   0.0000e+00   3.3800e+02
20260514_14:00:00   8.2765e-02   2.4100e+01   7.8398e+00   0.0000e+00   0.0000e+00   3.3747e+02
20260514_15:00:00   8.1082e-02   2.3675e+01   7.5917e+00   0.0000e+00   0.0000e+00   3.3679e+02
20260514_16:00:00   7.3907e-02   2.1906e+01   6.3755e+00   0.0000e+00   0.0000e+00   3.3757e+02
20260514_17:00:00   6.7466e-02   2.0296e+01   5.2592e+00   0.0000e+00   0.0000e+00   3.3471e+02
20260514_18:00:00   6.5762e-02   1.9871e+01   5.0366e+00   0.0000e+00   0.0000e+00   3.3358e+02
20260514_19:00:00   6.5323e-02   1.9774e+01   5.0437e+00   0.0000e+00   0.0000e+00   3.3462e+02
20260514_20:00:00   6.7195e-02   2.0248e+01   5.4706e+00   0.0000e+00   0.0000e+00   3.3643e+02
20260514_21:00:00   6.7441e-02   2.0307e+01   5.6386e+00   0.0000e+00   0.0000e+00   3.3711e+02
20260514_22:00:00   6.7645e-02   2.0353e+01   5.7161e+00   0.0000e+00   0.0000e+00   3.3683e+02
20260514_23:00:00   6.7166e-02   2.0226e+01   5.6405e+00   0.0000e+00   0.0000e+00   3.3986e+02
20260515_00:00:00   6.7100e-02   2.0203e+01   5.6173e+00   0.0000e+00   0.0000e+00   3.4308e+02
20260515_01:00:00   6.6808e-02   2.0135e+01   5.5357e+00   0.0000e+00   0.0000e+00   3.4316e+02
20260515_02:00:00   6.6898e-02   2.0160e+01   5.4985e+00   0.0000e+00   0.0000e+00   3.4650e+02
20260515_03:00:00   6.8333e-02   2.0520e+01   5.6775e+00   0.0000e+00   0.0000e+00   3.4687e+02
20260515_04:00:00   6.8983e-02   2.0665e+01   5.7283e+00   0.0000e+00   0.0000e+00   3.4585e+02
20260515_05:00:00   6.7322e-02   2.0237e+01   5.3979e+00   0.0000e+00   0.0000e+00   3.4471e+02
20260515_06:00:00   6.7139e-02   2.0189e+01   5.3046e+00   0.0000e+00   0.0000e+00   3.4495e+02
20260515_07:00:00   6.7873e-02   2.0371e+01   5.4086e+00   0.0000e+00   0.0000e+00   3.4491e+02
20260515_08:00:00   6.7796e-02   2.0343e+01   5.3844e+00   0.0000e+00   0.0000e+00   3.4493e+02
20260515_09:00:00   6.7766e-02   2.0328e+01   5.3811e+00   0.0000e+00   0.0000e+00   3.4711e+02
20260515_10:00:00   6.7919e-02   2.0360e+01   5.4001e+00   0.0000e+00   0.0000e+00   3.5019e+02
20260515_11:00:00   6.8032e-02   2.0377e+01   5.3981e+00   0.0000e+00   0.0000e+00   3.4974e+02
20260515_12:00:00   6.8092e-02   2.0386e+01   5.3886e+00   0.0000e+00   0.0000e+00   3.5055e+02
20260515_13:00:00   6.7987e-02   2.0356e+01   5.3310e+00   0.0000e+00   0.0000e+00   3.5227e+02
20260515_14:00:00   6.8096e-02   2.0391e+01   5.3269e+00   0.0000e+00   0.0000e+00   3.5293e+02
20260515_15:00:00   6.8399e-02   2.0487e+01   5.3800e+00   0.0000e+00   0.0000e+00   3.5210e+02
20260515_16:00:00   6.9147e-02   2.0689e+01   5.5057e+00   0.0000e+00   0.0000e+00   3.5497e+02
20260515_17:00:00   6.9480e-02   2.0800e+01   5.5844e+00   0.0000e+00   0.0000e+00   3.5705e+02
20260515_18:00:00   7.0629e-02   2.1109e+01   5.8161e+00   0.0000e+00   0.0000e+00   3.5621e+02
20260515_19:00:00   7.1248e-02   2.1255e+01   6.0417e+00   0.0000e+00   0.0000e+00   3.5443e+02
20260515_20:00:00   7.0389e-02   2.1050e+01   5.9684e+00   0.0000e+00   0.0000e+00   3.5043e+02
20260515_21:00:00   6.9987e-02   2.0964e+01   5.9717e+00   0.0000e+00   0.0000e+00   3.4787e+02
20260515_22:00:00   7.0027e-02   2.0983e+01   6.0570e+00   0.0000e+00   0.0000e+00   3.4893e+02
20260515_23:00:00   7.0968e-02   2.1218e+01   6.2838e+00   0.0000e+00   3.3980e-06   3.4817e+02
20260516_00:00:00   7.4685e-02   2.2146e+01   6.9663e+00   0.0000e+00   3.8360e-05   3.4669e+02
20260516_01:00:00   7.9586e-02   2.3360e+01   7.8045e+00   0.0000e+00   8.0700e-03   3.4533e+02
20260516_02:00:00   8.3406e-02   2.4300e+01   8.3504e+00   0.0000e+00   1.4834e-02   3.4442e+02
20260516_03:00:00   8.2999e-02   2.4207e+01   8.1831e+00   0.0000e+00   2.2726e-03   3.4485e+02
20260516_04:00:00   8.0590e-02   2.3619e+01   7.7382e+00   0.0000e+00   2.0380e-05   3.4457e+02
20260516_05:00:00   7.7120e-02   2.2751e+01   7.1289e+00   0.0000e+00   0.0000e+00   3.4054e+02
20260516_06:00:00   7.5441e-02   2.2318e+01   6.8419e+00   0.0000e+00   0.0000e+00   3.3556e+02
20260516_07:00:00   7.7065e-02   2.2701e+01   7.1382e+00   0.0000e+00   0.0000e+00   3.3333e+02
20260516_08:00:00   7.6966e-02   2.2678e+01   7.0842e+00   0.0000e+00   0.0000e+00   3.3027e+02
20260516_09:00:00   7.7309e-02   2.2764e+01   7.0927e+00   0.0000e+00   0.0000e+00   3.2812e+02
20260516_10:00:00   7.7156e-02   2.2730e+01   7.0174e+00   0.0000e+00   0.0000e+00   3.2706e+02
20260516_11:00:00   7.5542e-02   2.2331e+01   6.6881e+00   0.0000e+00   0.0000e+00   3.2581e+02
20260516_12:00:00   7.4217e-02   2.1996e+01   6.4424e+00   0.0000e+00   0.0000e+00   3.2649e+02
20260516_13:00:00   7.2623e-02   2.1595e+01   6.1749e+00   0.0000e+00   0.0000e+00   3.2708e+02
20260516_14:00:00   7.0821e-02   2.1145e+01   5.8672e+00   0.0000e+00   0.0000e+00   3.2773e+02
20260516_15:00:00   7.0134e-02   2.0972e+01   5.7723e+00   0.0000e+00   0.0000e+00   3.2811e+02
20260516_16:00:00   6.9633e-02   2.0865e+01   5.6891e+00   0.0000e+00   0.0000e+00   3.2863e+02
20260516_17:00:00   6.9078e-02   2.0755e+01   5.5936e+00   0.0000e+00   0.0000e+00   3.3007e+02
20260516_18:00:00   6.9620e-02   2.0905e+01   5.8048e+00   0.0000e+00   0.0000e+00   3.3104e+02
20260516_19:00:00   6.8530e-02   2.0618e+01   5.7673e+00   0.0000e+00   0.0000e+00   3.3044e+02
20260516_20:00:00   6.4689e-02   1.9618e+01   5.2119e+00   0.0000e+00   0.0000e+00   3.2751e+02
20260516_21:00:00   6.3893e-02   1.9397e+01   5.1573e+00   0.0000e+00   0.0000e+00   3.2602e+02
20260516_22:00:00   6.6949e-02   2.0172e+01   5.7791e+00   0.0000e+00   0.0000e+00   3.2598e+02
20260516_23:00:00   6.9416e-02   2.0790e+01   6.2454e+00   0.0000e+00   0.0000e+00   3.2468e+02
20260517_00:00:00   6.9358e-02   2.0795e+01   6.1584e+00   0.0000e+00   0.0000e+00   3.2593e+02
20260517_01:00:00   7.0948e-02   2.1208e+01   6.3454e+00   0.0000e+00   0.0000e+00   3.2981e+02
20260517_02:00:00   7.0006e-02   2.1007e+01   6.0473e+00   0.0000e+00   0.0000e+00   3.3079e+02
20260517_03:00:00   6.8460e-02   2.0633e+01   5.6497e+00   0.0000e+00   0.0000e+00   3.2910e+02
20260517_04:00:00   6.5085e-02   1.9778e+01   4.9773e+00   0.0000e+00   0.0000e+00   3.2772e+02
20260517_05:00:00   6.1175e-02   1.8746e+01   4.2749e+00   0.0000e+00   0.0000e+00   3.2755e+02
20260517_06:00:00   5.8301e-02   1.7967e+01   3.7760e+00   0.0000e+00   0.0000e+00   3.2894e+02
20260517_07:00:00   5.6862e-02   1.7575e+01   3.5390e+00   0.0000e+00   0.0000e+00   3.2915e+02
20260517_08:00:00   5.5411e-02   1.7184e+01   3.3091e+00   0.0000e+00   0.0000e+00   3.2899e+02
20260517_09:00:00   5.6026e-02   1.7332e+01   3.4073e+00   0.0000e+00   0.0000e+00   3.2724e+02
20260517_10:00:00   5.6223e-02   1.7369e+01   3.4281e+00   0.0000e+00   0.0000e+00   3.2837e+02
20260517_11:00:00   5.5813e-02   1.7249e+01   3.3424e+00   0.0000e+00   0.0000e+00   3.2957e+02
20260517_12:00:00   5.5080e-02   1.7051e+01   3.2278e+00   0.0000e+00   0.0000e+00   3.3145e+02
20260517_13:00:00   5.3517e-02   1.6639e+01   2.9803e+00   0.0000e+00   0.0000e+00   3.3465e+02
20260517_14:00:00   5.2032e-02   1.6250e+01   2.7557e+00   0.0000e+00   6.7302e-04   3.3462e+02
20260517_15:00:00   5.1033e-02   1.5985e+01   2.6294e+00   0.0000e+00   1.3354e-03   3.3279e+02
20260517_16:00:00   5.3575e-02   1.6645e+01   3.1149e+00   0.0000e+00   2.2738e-03   3.3095e+02
20260517_17:00:00   5.8435e-02   1.7900e+01   4.0030e+00   0.0000e+00   4.9905e-03   3.3033e+02
20260517_18:00:00   6.1419e-02   1.8655e+01   4.6158e+00   0.0000e+00   1.9463e-02   3.2983e+02
20260517_21:00:00   6.5257e-02   1.9676e+01   5.3734e+00   0.0000e+00   0.0000e+00   3.3329e+02
20260518_00:00:00   7.0191e-02   2.0967e+01   6.1028e+00   0.0000e+00   8.4920e-06   3.4960e+02
20260518_03:00:00   6.8898e-02   2.0626e+01   5.8581e+00   0.0000e+00   0.0000e+00   3.4747e+02
20260518_06:00:00   6.5791e-02   1.9749e+01   5.3525e+00   0.0000e+00   0.0000e+00   3.4671e+02
20260518_09:00:00   6.8959e-02   2.0545e+01   5.7546e+00   0.0000e+00   0.0000e+00   3.3849e+02
20260518_12:00:00   6.9094e-02   2.0593e+01   5.6666e+00   0.0000e+00   0.0000e+00   3.3520e+02
20260518_15:00:00   7.3212e-02   2.1631e+01   6.4016e+00   0.0000e+00   0.0000e+00   3.3291e+02
20260518_18:00:00   7.8792e-02   2.3070e+01   7.4980e+00   0.0000e+00   4.2460e-06   3.3574e+02
20260518_21:00:00   8.1480e-02   2.3776e+01   8.1086e+00   0.0000e+00   1.4642e-03   3.3390e+02
20260519_00:00:00   8.2111e-02   2.4026e+01   7.6718e+00   0.0000e+00   0.0000e+00   3.4402e+02
20260519_03:00:00   7.6480e-02   2.2632e+01   6.3755e+00   0.0000e+00   0.0000e+00   3.5605e+02
20260519_06:00:00   7.4405e-02   2.2082e+01   5.9034e+00   0.0000e+00   0.0000e+00   3.4973e+02
20260519_09:00:00   7.8698e-02   2.3148e+01   6.4368e+00   0.0000e+00   0.0000e+00   3.4307e+02
20260519_12:00:00   7.8414e-02   2.3036e+01   6.2498e+00   0.0000e+00   0.0000e+00   3.4008e+02
20260519_15:00:00   7.5582e-02   2.2354e+01   5.8834e+00   0.0000e+00   0.0000e+00   3.3763e+02
20260519_18:00:00   7.3712e-02   2.1970e+01   6.0543e+00   0.0000e+00   0.0000e+00   3.3162e+02
20260519_21:00:00   7.6276e-02   2.2649e+01   6.9979e+00   0.0000e+00   0.0000e+00   3.2569e+02
20260520_00:00:00   8.7548e-02   2.5464e+01   9.0377e+00   0.0000e+00   1.7160e-03   3.2375e+02
20260520_03:00:00   8.7680e-02   2.5511e+01   8.7046e+00   0.0000e+00   1.8052e-04   3.2372e+02
20260520_06:00:00   8.3704e-02   2.4513e+01   7.9022e+00   0.0000e+00   0.0000e+00   3.2243e+02
20260520_09:00:00   7.7572e-02   2.2931e+01   6.8476e+00   0.0000e+00   0.0000e+00   3.1957e+02
20260520_12:00:00   7.4114e-02   2.2027e+01   6.1864e+00   0.0000e+00   4.8019e-03   3.2202e+02
20260520_15:00:00   7.1121e-02   2.1283e+01   5.6855e+00   0.0000e+00   2.0800e-06   3.2932e+02
20260520_18:00:00   7.3193e-02   2.1812e+01   6.4665e+00   0.0000e+00   2.7764e-04   3.2649e+02
20260520_21:00:00   8.0376e-02   2.3625e+01   8.1055e+00   0.0000e+00   0.0000e+00   3.1879e+02
20260521_00:00:00   8.5625e-02   2.4929e+01   9.1568e+00   0.0000e+00   2.0286e-03   3.2487e+02
20260521_03:00:00   7.9874e-02   2.3539e+01   7.8238e+00   0.0000e+00   2.9882e-03   3.2792e+02
20260521_06:00:00   7.5102e-02   2.2275e+01   6.9884e+00   0.0000e+00   5.2440e-04   3.2647e+02
20260521_09:00:00   7.0995e-02   2.1197e+01   6.1681e+00   0.0000e+00   1.3478e-03   3.2604e+02
20260521_12:00:00   6.7612e-02   2.0348e+01   5.3533e+00   0.0000e+00   1.2990e-03   3.2602e+02
20260521_15:00:00   6.8789e-02   2.0559e+01   5.8461e+00   0.0000e+00   4.8152e-03   3.3016e+02
20260521_18:00:00   7.1295e-02   2.1281e+01   6.3606e+00   0.0000e+00   1.2920e-04   3.3066e+02
20260521_21:00:00   7.8801e-02   2.3260e+01   7.8204e+00   0.0000e+00   0.0000e+00   3.2899e+02
20260522_00:00:00   8.2397e-02   2.4149e+01   8.5827e+00   0.0000e+00   1.9957e-02   3.2662e+02
20260522_03:00:00   8.6252e-02   2.5026e+01   9.3128e+00   0.0000e+00   1.6287e-01   3.2158e+02
20260522_06:00:00   8.7632e-02   2.5415e+01   9.2964e+00   0.0000e+00   3.8502e-02   3.2184e+02
20260522_09:00:00   9.2888e-02   2.6572e+01   1.0350e+01   0.0000e+00   5.3832e-02   3.2166e+02
20260522_12:00:00   9.5892e-02   2.7268e+01   1.0695e+01   0.0000e+00   3.5640e-02   3.1218e+02
20260522_15:00:00   9.6304e-02   2.7434e+01   1.0586e+01   0.0000e+00   4.4303e-03   3.1333e+02
20260522_18:00:00   9.8063e-02   2.7953e+01   1.0923e+01   0.0000e+00   1.4324e-04   3.1307e+02
20260522_21:00:00   8.8518e-02   2.5446e+01   9.7260e+00   3.3720e-05   2.7488e-01   3.1284e+02
20260523_00:00:00   8.6794e-02   2.5195e+01   9.3385e+00   0.0000e+00   1.3483e-02   3.1139e+02
20260523_03:00:00   9.4508e-02   2.7163e+01   1.0440e+01   0.0000e+00   3.1685e-02   3.0819e+02
20260523_06:00:00   9.0788e-02   2.6267e+01   9.7203e+00   0.0000e+00   9.7944e-03   3.0918e+02
20260523_09:00:00   9.1569e-02   2.6364e+01   9.9814e+00   0.0000e+00   2.8205e-02   3.0836e+02
20260523_12:00:00   8.0675e-02   2.3832e+01   7.6119e+00   0.0000e+00   4.0710e-03   3.0802e+02
20260523_15:00:00   7.3789e-02   2.1832e+01   7.0237e+00   0.0000e+00   9.0252e-02   3.0645e+02
20260523_18:00:00   7.2222e-02   2.1369e+01   6.9201e+00   0.0000e+00   1.9801e-01   3.0479e+02
20260523_21:00:00   7.7259e-02   2.2599e+01   8.0337e+00   0.0000e+00   2.1723e-01   3.0695e+02
20260524_00:00:00   7.3634e-02   2.1762e+01   7.4068e+00   0.0000e+00   3.4172e-02   3.0233e+02
20260524_03:00:00   8.2652e-02   2.4115e+01   8.5356e+00   0.0000e+00   2.7195e-01   2.9608e+02
20260524_06:00:00   9.2387e-02   2.6604e+01   9.9291e+00   0.0000e+00   2.5525e-01   2.9602e+02
20260524_09:00:00   9.0490e-02   2.6239e+01   9.2578e+00   0.0000e+00   9.8149e-02   2.9587e+02
20260524_12:00:00   8.9551e-02   2.5915e+01   9.1051e+00   0.0000e+00   5.6755e-02   2.9535e+02
20260524_15:00:00   9.3510e-02   2.6815e+01   9.7674e+00   0.0000e+00   8.3500e-02   2.9538e+02
20260524_18:00:00   1.0429e-01   2.9526e+01   1.1621e+01   0.0000e+00   4.9895e-02   3.0056e+02
20260524_21:00:00   1.1447e-01   3.1981e+01   1.2909e+01   3.8980e-03   4.6464e-02   2.9984e+02
20260525_00:00:00   1.1695e-01   3.2453e+01   1.3471e+01   9.5400e-04   1.7916e-01   3.0232e+02
20260525_03:00:00   7.9493e-02   2.3414e+01   7.2950e+00   0.0000e+00   3.7840e-05   3.0872e+02
20260525_06:00:00   6.5202e-02   1.9772e+01   4.7406e+00   0.0000e+00   3.0242e-04   3.1123e+02
20260525_09:00:00   5.6435e-02   1.7464e+01   3.2293e+00   0.0000e+00   1.2668e-03   3.1168e+02
20260525_12:00:00   5.9052e-02   1.8097e+01   3.6282e+00   0.0000e+00   7.9380e-04   3.1474e+02
20260525_15:00:00   6.0283e-02   1.8420e+01   3.8281e+00   0.0000e+00   8.1750e-04   3.1549e+02
20260525_18:00:00   6.0257e-02   1.8452e+01   4.0659e+00   0.0000e+00   2.7482e-04   3.1960e+02
20260525_21:00:00   5.8933e-02   1.8140e+01   4.0954e+00   0.0000e+00   0.0000e+00   3.2276e+02
20260526_00:00:00   6.0205e-02   1.8481e+01   4.3847e+00   0.0000e+00   0.0000e+00   3.2519e+02
20260526_03:00:00   6.1795e-02   1.8879e+01   4.5440e+00   0.0000e+00   0.0000e+00   3.2506e+02
20260526_06:00:00   5.8755e-02   1.8119e+01   3.8825e+00   0.0000e+00   0.0000e+00   3.2264e+02
20260526_09:00:00   6.4868e-02   1.9638e+01   5.0459e+00   0.0000e+00   0.0000e+00   3.1974e+02
20260526_12:00:00   7.7312e-02   2.2788e+01   7.0919e+00   0.0000e+00   5.3700e-04   3.1291e+02
20260526_15:00:00   8.4478e-02   2.4605e+01   8.4595e+00   0.0000e+00   4.4680e-04   3.0700e+02
20260526_18:00:00   8.8014e-02   2.5539e+01   9.3466e+00   0.0000e+00   3.1605e-02   3.0911e+02
20260526_21:00:00   8.9548e-02   2.5899e+01   9.9761e+00   0.0000e+00   9.3782e-02   3.0416e+02
20260527_00:00:00   9.0682e-02   2.6202e+01   1.0261e+01   0.0000e+00   5.2750e-02   3.0085e+02
20260527_03:00:00   8.3573e-02   2.4444e+01   9.0524e+00   0.0000e+00   6.3469e-03   2.9946e+02
20260527_06:00:00   9.0815e-02   2.6292e+01   1.0217e+01   0.0000e+00   1.1282e-04   2.9792e+02
20260527_09:00:00   9.8135e-02   2.8081e+01   1.1227e+01   0.0000e+00   3.4821e-03   2.9354e+02
20260527_12:00:00   1.1048e-01   3.1312e+01   1.2898e+01   0.0000e+00   8.1529e-03   2.9558e+02
20260527_15:00:00   1.1029e-01   3.1291e+01   1.3034e+01   0.0000e+00   1.2811e-01   2.9569e+02
20260527_18:00:00   1.2940e-01   3.6111e+01   1.5744e+01   0.0000e+00   7.8448e-02   2.9388e+02
20260527_21:00:00   2.5716e-01   6.4021e+01   2.0175e+01   1.1122e-01   3.3239e-01   2.9158e+02
20260528_00:00:00   3.2458e-01   7.7687e+01   2.1729e+01   1.7358e-01   1.4817e-01   2.9095e+02
20260528_03:00:00   1.9836e-01   5.1978e+01   2.2674e+01   2.0985e-02   5.1355e-01   2.9185e+02
20260528_06:00:00   1.8696e-01   4.9667e+01   2.2973e+01   0.0000e+00   4.1395e-03   2.9438e+02
20260528_09:00:00   1.7592e-01   4.7197e+01   2.1600e+01   0.0000e+00   1.4983e-03   2.9388e+02
20260528_12:00:00   1.7322e-01   4.6555e+01   2.0963e+01   0.0000e+00   1.0606e-01   2.9286e+02
20260528_15:00:00   1.6836e-01   4.5469e+01   2.0615e+01   0.0000e+00   6.5435e-04   2.9254e+02
20260528_18:00:00   1.9164e-01   5.0889e+01   2.3604e+01   6.0060e-04   7.3980e-02   2.9173e+02
