#            date       tau255        Tb[K]      pwv[mm] lwp[kg*m^-2] iwp[kg*m^-2]       o3[DU]
20260321_00:00:00   5.5292e-02   1.7262e+01   3.4477e+00   0.0000e+00   0.0000e+00   2.8565e+02
20260321_01:00:00   5.5654e-02   1.7359e+01   3.5083e+00   0.0000e+00   0.0000e+00   2.8737e+02
20260321_02:00:00   5.6065e-02   1.7464e+01   3.5645e+00   0.0000e+00   0.0000e+00   2.8853e+02
20260321_03:00:00   5.5706e-02   1.7381e+01   3.4502e+00   0.0000e+00   0.0000e+00   2.8881e+02
20260321_04:00:00   5.5173e-02   1.7232e+01   3.3319e+00   0.0000e+00   0.0000e+00   2.8880e+02
20260321_05:00:00   5.4376e-02   1.7019e+01   3.1692e+00   0.0000e+00   0.0000e+00   2.8867e+02
20260321_06:00:00   5.3786e-02   1.6859e+01   3.0421e+00   0.0000e+00   0.0000e+00   2.8758e+02
20260321_07:00:00   5.3414e-02   1.6758e+01   2.9567e+00   0.0000e+00   0.0000e+00   2.8653e+02
20260321_08:00:00   5.3202e-02   1.6698e+01   2.9047e+00   0.0000e+00   0.0000e+00   2.8608e+02
20260321_09:00:00   5.2509e-02   1.6512e+01   2.7683e+00   0.0000e+00   0.0000e+00   2.8640e+02
20260321_10:00:00   5.1591e-02   1.6262e+01   2.5994e+00   0.0000e+00   0.0000e+00   2.8727e+02
20260321_11:00:00   5.0848e-02   1.6060e+01   2.4611e+00   0.0000e+00   0.0000e+00   2.8726e+02
20260321_12:00:00   5.0486e-02   1.5957e+01   2.3902e+00   0.0000e+00   0.0000e+00   2.8560e+02
20260321_13:00:00   5.0316e-02   1.5905e+01   2.3590e+00   0.0000e+00   0.0000e+00   2.8354e+02
20260321_14:00:00   4.9966e-02   1.5807e+01   2.2905e+00   0.0000e+00   0.0000e+00   2.8300e+02
20260321_15:00:00   4.9412e-02   1.5662e+01   2.1911e+00   0.0000e+00   0.0000e+00   2.8336e+02
20260321_16:00:00   4.9283e-02   1.5631e+01   2.1637e+00   0.0000e+00   0.0000e+00   2.8314e+02
20260321_17:00:00   4.9567e-02   1.5715e+01   2.2352e+00   0.0000e+00   0.0000e+00   2.8270e+02
20260321_18:00:00   5.0003e-02   1.5834e+01   2.3556e+00   0.0000e+00   0.0000e+00   2.8219e+02
20260321_19:00:00   5.0955e-02   1.6089e+01   2.5856e+00   0.0000e+00   0.0000e+00   2.8182e+02
20260321_20:00:00   5.1823e-02   1.6314e+01   2.8131e+00   0.0000e+00   0.0000e+00   2.8123e+02
20260321_21:00:00   5.3091e-02   1.6636e+01   3.1235e+00   0.0000e+00   0.0000e+00   2.7941e+02
20260321_22:00:00   5.3744e-02   1.6799e+01   3.2992e+00   0.0000e+00   0.0000e+00   2.7767e+02
20260321_23:00:00   5.4819e-02   1.7062e+01   3.5525e+00   0.0000e+00   0.0000e+00   2.7808e+02
20260322_00:00:00   5.6439e-02   1.7477e+01   3.8780e+00   0.0000e+00   0.0000e+00   2.7969e+02
20260322_01:00:00   6.0115e-02   1.8434e+01   4.5518e+00   0.0000e+00   0.0000e+00   2.8105e+02
20260322_02:00:00   6.2733e-02   1.9126e+01   5.0051e+00   0.0000e+00   0.0000e+00   2.8234e+02
20260322_03:00:00   6.3657e-02   1.9389e+01   5.0827e+00   0.0000e+00   0.0000e+00   2.8199e+02
20260322_04:00:00   6.0620e-02   1.8605e+01   4.4631e+00   0.0000e+00   0.0000e+00   2.8214e+02
20260322_05:00:00   6.0516e-02   1.8572e+01   4.4069e+00   0.0000e+00   2.1760e-06   2.8142e+02
20260322_06:00:00   6.0603e-02   1.8588e+01   4.4013e+00   0.0000e+00   1.3378e-04   2.8191e+02
20260322_07:00:00   6.0790e-02   1.8633e+01   4.3999e+00   0.0000e+00   8.9060e-05   2.8108e+02
20260322_08:00:00   6.0925e-02   1.8665e+01   4.3799e+00   0.0000e+00   4.5944e-04   2.7948e+02
20260322_09:00:00   6.0977e-02   1.8670e+01   4.3524e+00   0.0000e+00   4.5742e-04   2.7924e+02
20260322_10:00:00   6.0119e-02   1.8441e+01   4.1828e+00   0.0000e+00   6.1306e-04   2.7853e+02
20260322_11:00:00   5.8965e-02   1.8138e+01   3.9512e+00   0.0000e+00   7.7278e-04   2.7955e+02
20260322_12:00:00   5.8099e-02   1.7915e+01   3.7600e+00   0.0000e+00   2.3144e-04   2.8008e+02
20260322_13:00:00   5.7661e-02   1.7800e+01   3.6604e+00   0.0000e+00   1.7965e-04   2.7987e+02
20260322_14:00:00   5.7542e-02   1.7764e+01   3.6226e+00   0.0000e+00   1.1653e-03   2.7986e+02
20260322_15:00:00   5.6961e-02   1.7611e+01   3.5028e+00   0.0000e+00   2.8517e-03   2.8037e+02
20260322_16:00:00   5.6106e-02   1.7386e+01   3.3452e+00   0.0000e+00   1.5686e-02   2.8148e+02
20260322_17:00:00   5.6461e-02   1.7466e+01   3.4515e+00   0.0000e+00   5.4418e-02   2.8194e+02
20260322_18:00:00   5.6611e-02   1.7507e+01   3.5381e+00   0.0000e+00   1.8688e-02   2.8085e+02
20260322_19:00:00   5.8494e-02   1.8001e+01   3.9351e+00   0.0000e+00   1.2086e-03   2.7858e+02
20260322_20:00:00   6.1439e-02   1.8763e+01   4.5524e+00   0.0000e+00   3.5976e-03   2.7732e+02
20260322_21:00:00   6.3352e-02   1.9255e+01   4.9814e+00   0.0000e+00   3.6888e-03   2.7704e+02
20260322_22:00:00   6.4211e-02   1.9460e+01   5.1939e+00   0.0000e+00   2.8807e-03   2.7704e+02
20260322_23:00:00   6.4169e-02   1.9446e+01   5.1889e+00   0.0000e+00   5.2070e-04   2.7714e+02
20260323_00:00:00   6.4293e-02   1.9472e+01   5.2080e+00   0.0000e+00   2.5660e-04   2.7858e+02
20260323_01:00:00   6.3700e-02   1.9305e+01   5.1038e+00   0.0000e+00   3.1493e-03   2.7854e+02
20260323_02:00:00   6.4568e-02   1.9503e+01   5.2398e+00   0.0000e+00   1.3200e-02   2.7847e+02
20260323_03:00:00   6.4953e-02   1.9599e+01   5.2084e+00   0.0000e+00   7.9869e-03   2.7883e+02
20260323_04:00:00   6.4029e-02   1.9381e+01   4.9383e+00   5.0960e-06   5.2748e-03   2.7990e+02
20260323_05:00:00   6.3278e-02   1.9176e+01   4.8068e+00   0.0000e+00   4.7102e-03   2.8045e+02
20260323_06:00:00   6.2699e-02   1.9022e+01   4.6878e+00   0.0000e+00   3.2484e-03   2.8229e+02
20260323_07:00:00   6.2871e-02   1.9044e+01   4.7269e+00   0.0000e+00   6.9366e-03   2.8223e+02
20260323_08:00:00   6.3081e-02   1.9069e+01   4.7497e+00   0.0000e+00   3.0314e-02   2.8342e+02
20260323_09:00:00   6.0982e-02   1.8526e+01   4.3601e+00   0.0000e+00   1.8370e-02   2.8482e+02
20260323_10:00:00   5.8825e-02   1.7994e+01   3.9282e+00   0.0000e+00   5.4015e-03   2.8328e+02
20260323_11:00:00   5.8290e-02   1.7869e+01   3.8190e+00   0.0000e+00   1.2738e-05   2.8443e+02
20260323_12:00:00   5.8665e-02   1.7960e+01   3.9141e+00   0.0000e+00   0.0000e+00   2.8580e+02
20260323_13:00:00   5.8709e-02   1.7964e+01   3.9490e+00   0.0000e+00   0.0000e+00   2.9053e+02
20260323_14:00:00   5.9788e-02   1.8243e+01   4.1022e+00   0.0000e+00   0.0000e+00   2.9191e+02
20260323_15:00:00   5.8938e-02   1.8033e+01   3.9082e+00   0.0000e+00   0.0000e+00   2.9505e+02
20260323_16:00:00   5.9356e-02   1.8168e+01   3.8844e+00   0.0000e+00   0.0000e+00   2.9846e+02
20260323_17:00:00   5.9178e-02   1.8130e+01   3.8856e+00   0.0000e+00   0.0000e+00   2.9828e+02
20260323_18:00:00   5.8963e-02   1.8076e+01   3.9482e+00   0.0000e+00   0.0000e+00   2.9414e+02
20260323_19:00:00   5.9992e-02   1.8345e+01   4.2378e+00   0.0000e+00   0.0000e+00   2.9496e+02
20260323_20:00:00   5.9791e-02   1.8291e+01   4.2973e+00   0.0000e+00   0.0000e+00   2.9283e+02
20260323_21:00:00   6.0883e-02   1.8561e+01   4.6162e+00   0.0000e+00   1.4358e-05   2.9264e+02
20260323_22:00:00   6.3156e-02   1.9129e+01   5.0977e+00   0.0000e+00   7.3194e-04   2.9119e+02
20260323_23:00:00   6.4308e-02   1.9400e+01   5.3603e+00   0.0000e+00   1.6688e-02   2.8962e+02
20260324_00:00:00   6.4881e-02   1.9544e+01   5.5021e+00   0.0000e+00   3.1407e-03   2.8895e+02
20260324_01:00:00   6.6744e-02   2.0009e+01   5.8443e+00   0.0000e+00   3.5972e-03   2.8915e+02
20260324_02:00:00   6.8147e-02   2.0368e+01   6.0758e+00   0.0000e+00   1.1766e-02   2.9011e+02
20260324_03:00:00   6.8934e-02   2.0569e+01   6.2124e+00   0.0000e+00   1.7354e-02   2.9065e+02
20260324_04:00:00   7.0556e-02   2.0970e+01   6.4889e+00   0.0000e+00   1.7924e-02   2.9024e+02
20260324_05:00:00   7.2068e-02   2.1339e+01   6.7443e+00   0.0000e+00   1.0014e-02   2.8893e+02
20260324_06:00:00   7.2430e-02   2.1425e+01   6.7828e+00   0.0000e+00   2.0088e-03   2.8768e+02
20260324_07:00:00   7.2812e-02   2.1529e+01   6.8090e+00   0.0000e+00   1.1300e-04   2.8755e+02
20260324_08:00:00   7.2995e-02   2.1586e+01   6.8302e+00   0.0000e+00   0.0000e+00   2.8775e+02
20260324_09:00:00   7.3008e-02   2.1589e+01   6.8295e+00   0.0000e+00   1.1806e-05   2.8737e+02
20260324_10:00:00   7.2352e-02   2.1416e+01   6.7272e+00   0.0000e+00   7.7400e-06   2.8704e+02
20260324_11:00:00   7.0911e-02   2.1054e+01   6.4371e+00   0.0000e+00   1.2688e-04   2.8605e+02
20260324_12:00:00   7.0511e-02   2.0953e+01   6.3496e+00   0.0000e+00   7.4500e-04   2.8379e+02
20260324_13:00:00   7.1541e-02   2.1196e+01   6.5407e+00   0.0000e+00   2.7520e-03   2.8279e+02
20260324_14:00:00   7.3697e-02   2.1724e+01   6.9481e+00   0.0000e+00   1.8448e-03   2.8155e+02
20260324_15:00:00   7.5803e-02   2.2267e+01   7.3115e+00   0.0000e+00   3.0338e-04   2.8106e+02
20260324_16:00:00   7.8688e-02   2.3016e+01   7.8484e+00   0.0000e+00   1.6026e-04   2.8065e+02
20260324_17:00:00   8.0947e-02   2.3617e+01   8.2099e+00   0.0000e+00   6.9420e-06   2.7972e+02
20260324_18:00:00   7.9680e-02   2.3322e+01   7.9901e+00   0.0000e+00   7.9360e-06   2.7770e+02
20260324_19:00:00   7.9979e-02   2.3422e+01   8.0468e+00   0.0000e+00   1.3751e-04   2.7770e+02
20260324_20:00:00   8.0587e-02   2.3605e+01   8.1885e+00   0.0000e+00   4.2193e-04   2.7509e+02
20260324_21:00:00   8.0947e-02   2.3729e+01   8.2480e+00   0.0000e+00   4.4305e-04   2.7283e+02
20260324_22:00:00   8.1126e-02   2.3797e+01   8.2798e+00   0.0000e+00   2.0138e-04   2.7238e+02
20260324_23:00:00   8.1811e-02   2.3990e+01   8.4169e+00   0.0000e+00   1.5481e-05   2.7435e+02
20260325_00:00:00   8.2879e-02   2.4283e+01   8.5987e+00   0.0000e+00   0.0000e+00   2.7525e+02
20260325_01:00:00   8.4094e-02   2.4601e+01   8.7395e+00   0.0000e+00   0.0000e+00   2.7595e+02
20260325_02:00:00   8.5014e-02   2.4841e+01   8.8250e+00   0.0000e+00   0.0000e+00   2.7576e+02
20260325_03:00:00   8.4320e-02   2.4674e+01   8.6646e+00   0.0000e+00   0.0000e+00   2.7469e+02
20260325_04:00:00   8.2620e-02   2.4266e+01   8.3505e+00   0.0000e+00   0.0000e+00   2.7503e+02
20260325_05:00:00   7.9918e-02   2.3595e+01   7.8948e+00   0.0000e+00   0.0000e+00   2.7270e+02
20260325_06:00:00   7.8965e-02   2.3358e+01   7.7174e+00   0.0000e+00   0.0000e+00   2.7066e+02
20260325_07:00:00   7.9584e-02   2.3517e+01   7.7724e+00   0.0000e+00   0.0000e+00   2.7055e+02
20260325_08:00:00   7.9248e-02   2.3439e+01   7.6938e+00   0.0000e+00   0.0000e+00   2.6910e+02
20260325_09:00:00   7.8222e-02   2.3169e+01   7.4968e+00   0.0000e+00   0.0000e+00   2.6708e+02
20260325_10:00:00   7.8051e-02   2.3109e+01   7.4353e+00   0.0000e+00   0.0000e+00   2.6637e+02
20260325_11:00:00   7.8484e-02   2.3212e+01   7.4880e+00   0.0000e+00   0.0000e+00   2.6655e+02
20260325_12:00:00   7.8988e-02   2.3348e+01   7.5272e+00   0.0000e+00   0.0000e+00   2.6701e+02
20260325_13:00:00   7.8451e-02   2.3216e+01   7.3933e+00   0.0000e+00   0.0000e+00   2.6696e+02
20260325_14:00:00   7.7741e-02   2.3041e+01   7.2398e+00   0.0000e+00   0.0000e+00   2.6707e+02
20260325_15:00:00   7.7417e-02   2.2966e+01   7.1939e+00   0.0000e+00   0.0000e+00   2.6711e+02
20260325_16:00:00   7.7450e-02   2.2989e+01   7.2354e+00   0.0000e+00   0.0000e+00   2.6656e+02
20260325_17:00:00   7.7176e-02   2.2948e+01   7.2354e+00   0.0000e+00   0.0000e+00   2.6647e+02
20260325_18:00:00   7.7016e-02   2.2926e+01   7.2615e+00   0.0000e+00   0.0000e+00   2.6757e+02
20260325_19:00:00   7.8066e-02   2.3206e+01   7.5045e+00   0.0000e+00   0.0000e+00   2.6872e+02
20260325_20:00:00   7.9244e-02   2.3515e+01   7.7791e+00   0.0000e+00   0.0000e+00   2.6915e+02
20260325_21:00:00   8.0945e-02   2.3942e+01   8.1527e+00   0.0000e+00   0.0000e+00   2.6878e+02
20260325_22:00:00   8.1199e-02   2.4012e+01   8.2785e+00   0.0000e+00   0.0000e+00   2.6811e+02
20260325_23:00:00   8.3604e-02   2.4591e+01   8.7610e+00   0.0000e+00   0.0000e+00   2.6589e+02
20260326_00:00:00   8.4349e-02   2.4775e+01   8.9060e+00   0.0000e+00   0.0000e+00   2.6520e+02
20260326_03:00:00   8.2252e-02   2.4213e+01   8.4181e+00   0.0000e+00   0.0000e+00   2.6505e+02
20260326_06:00:00   7.5157e-02   2.2372e+01   7.1249e+00   0.0000e+00   0.0000e+00   2.6733e+02
20260326_09:00:00   7.4370e-02   2.2157e+01   6.9113e+00   0.0000e+00   0.0000e+00   2.6741e+02
20260326_12:00:00   7.2964e-02   2.1771e+01   6.6160e+00   0.0000e+00   0.0000e+00   2.6790e+02
20260326_15:00:00   6.2758e-02   1.9105e+01   4.8244e+00   0.0000e+00   0.0000e+00   2.7082e+02
20260326_18:00:00   5.8839e-02   1.8105e+01   4.1463e+00   0.0000e+00   0.0000e+00   2.7244e+02
20260326_21:00:00   6.2634e-02   1.9083e+01   4.9968e+00   0.0000e+00   0.0000e+00   2.7097e+02
20260327_00:00:00   6.2534e-02   1.9052e+01   4.9857e+00   0.0000e+00   0.0000e+00   2.7301e+02
20260327_03:00:00   6.4287e-02   1.9459e+01   5.2439e+00   0.0000e+00   0.0000e+00   2.7378e+02
20260327_06:00:00   6.6908e-02   2.0077e+01   5.6687e+00   0.0000e+00   1.0117e-03   2.7656e+02
20260327_09:00:00   6.9393e-02   2.0630e+01   6.0790e+00   0.0000e+00   1.6802e-03   2.7716e+02
20260327_12:00:00   7.1677e-02   2.1222e+01   6.3735e+00   0.0000e+00   2.5080e-03   2.7742e+02
20260327_15:00:00   7.5978e-02   2.2319e+01   6.8529e+00   0.0000e+00   1.7594e-04   2.7695e+02
20260327_18:00:00   7.4892e-02   2.2059e+01   6.7246e+00   0.0000e+00   0.0000e+00   2.7339e+02
20260327_21:00:00   7.7114e-02   2.2703e+01   7.2908e+00   0.0000e+00   3.7367e-05   2.7205e+02
20260328_00:00:00   7.7784e-02   2.2904e+01   7.3895e+00   0.0000e+00   1.9186e-03   2.7837e+02
20260328_03:00:00   7.6180e-02   2.2492e+01   6.9361e+00   0.0000e+00   0.0000e+00   2.7990e+02
20260328_06:00:00   7.7938e-02   2.2919e+01   7.1176e+00   0.0000e+00   8.4920e-06   2.8083e+02
20260328_09:00:00   8.0217e-02   2.3510e+01   7.3395e+00   0.0000e+00   4.9460e-05   2.8179e+02
20260328_12:00:00   9.0266e-02   2.5945e+01   8.8987e+00   0.0000e+00   0.0000e+00   2.8199e+02
20260328_15:00:00   9.2441e-02   2.6468e+01   9.2766e+00   0.0000e+00   7.7400e-06   2.8074e+02
20260328_18:00:00   1.1001e-01   3.0853e+01   1.1967e+01   0.0000e+00   2.3260e-04   2.7970e+02
20260328_21:00:00   2.6017e-01   6.3517e+01   1.5246e+01   1.4497e-01   4.5382e-01   2.7991e+02
20260329_00:00:00   1.4865e-01   4.0078e+01   1.6837e+01   9.9860e-04   1.1302e-01   2.7442e+02
20260329_03:00:00   1.3052e-01   3.5843e+01   1.4701e+01   1.3076e-04   4.7178e-03   2.7327e+02
20260329_06:00:00   1.1385e-01   3.1744e+01   1.2612e+01   0.0000e+00   1.7668e-03   2.7572e+02
20260329_09:00:00   1.3631e-01   3.7007e+01   1.5486e+01   0.0000e+00   3.1950e-01   2.7641e+02
20260329_12:00:00   1.2892e-01   3.5278e+01   1.4609e+01   0.0000e+00   9.7947e-02   2.7973e+02
20260329_15:00:00   1.2834e-01   3.5157e+01   1.4401e+01   0.0000e+00   8.8509e-02   2.8069e+02
20260329_18:00:00   1.3497e-01   3.6792e+01   1.5391e+01   0.0000e+00   5.5934e-02   2.8157e+02
20260329_21:00:00   1.3067e-01   3.5813e+01   1.4807e+01   1.5632e-03   1.1606e-01   2.8426e+02
20260330_00:00:00   2.4872e-01   6.1694e+01   1.6801e+01   1.1367e-01   5.1653e-01   2.8770e+02
20260330_03:00:00   1.6893e-01   4.4389e+01   1.6634e+01   2.0669e-02   2.2188e-01   2.9300e+02
20260330_06:00:00   1.2751e-01   3.4640e+01   1.3966e+01   0.0000e+00   1.0852e-01   2.9813e+02
20260330_09:00:00   1.2484e-01   3.3942e+01   1.3533e+01   0.0000e+00   2.4423e-01   2.9907e+02
20260330_12:00:00   1.1760e-01   3.2257e+01   1.2552e+01   0.0000e+00   3.2414e-01   2.9852e+02
20260330_15:00:00   1.1445e-01   3.1522e+01   1.2049e+01   0.0000e+00   3.2820e-01   3.0205e+02
20260330_18:00:00   1.2129e-01   3.3131e+01   1.2904e+01   1.8022e-04   3.6038e-01   3.0516e+02
20260330_21:00:00   1.1439e-01   3.1622e+01   1.1889e+01   2.9004e-04   8.3174e-02   3.0907e+02
20260331_00:00:00   1.2271e-01   3.3559e+01   1.2624e+01   1.9534e-04   9.9372e-02   3.1777e+02
20260331_03:00:00   8.8242e-02   2.5294e+01   7.9292e+00   0.0000e+00   5.3542e-02   3.2921e+02
20260331_06:00:00   8.4656e-02   2.4347e+01   7.2575e+00   0.0000e+00   2.9907e-02   3.3103e+02
20260331_09:00:00   7.3408e-02   2.1490e+01   5.4737e+00   0.0000e+00   8.2283e-03   3.3733e+02
20260331_12:00:00   7.2953e-02   2.1328e+01   5.4074e+00   0.0000e+00   0.0000e+00   3.4437e+02
20260331_15:00:00   7.3527e-02   2.1484e+01   5.3393e+00   0.0000e+00   0.0000e+00   3.4719e+02
20260331_18:00:00   6.9553e-02   2.0519e+01   4.9784e+00   0.0000e+00   0.0000e+00   3.4169e+02
20260331_21:00:00   6.8267e-02   2.0250e+01   5.0196e+00   0.0000e+00   0.0000e+00   3.3907e+02
20260401_00:00:00   7.1261e-02   2.0986e+01   5.6413e+00   0.0000e+00   0.0000e+00   3.4194e+02
20260401_03:00:00   6.8531e-02   2.0268e+01   5.0662e+00   0.0000e+00   0.0000e+00   3.4196e+02
20260401_06:00:00   6.6119e-02   1.9640e+01   4.6089e+00   0.0000e+00   0.0000e+00   3.3686e+02
20260401_09:00:00   6.4355e-02   1.9179e+01   4.3064e+00   0.0000e+00   0.0000e+00   3.3607e+02
20260401_12:00:00   6.4504e-02   1.9241e+01   4.2421e+00   0.0000e+00   0.0000e+00   3.3771e+02
20260401_15:00:00   6.3503e-02   1.8994e+01   4.0118e+00   0.0000e+00   0.0000e+00   3.3212e+02
20260401_18:00:00   6.2912e-02   1.8885e+01   4.0343e+00   0.0000e+00   0.0000e+00   3.3164e+02
20260401_21:00:00   6.6012e-02   1.9687e+01   4.7992e+00   0.0000e+00   0.0000e+00   3.3110e+02
20260402_00:00:00   6.8165e-02   2.0262e+01   5.2287e+00   0.0000e+00   0.0000e+00   3.2757e+02
20260402_03:00:00   7.1869e-02   2.1163e+01   5.7501e+00   0.0000e+00   1.1456e-04   3.2545e+02
20260402_06:00:00   7.3354e-02   2.1530e+01   5.8328e+00   0.0000e+00   0.0000e+00   3.1956e+02
20260402_09:00:00   7.3022e-02   2.1472e+01   5.6336e+00   0.0000e+00   0.0000e+00   3.1996e+02
20260402_12:00:00   7.4373e-02   2.1804e+01   5.7515e+00   0.0000e+00   0.0000e+00   3.2132e+02
20260402_15:00:00   7.4589e-02   2.1861e+01   5.6630e+00   0.0000e+00   0.0000e+00   3.2546e+02
20260402_18:00:00   7.8987e-02   2.3002e+01   6.3906e+00   0.0000e+00   0.0000e+00   3.2300e+02
20260402_21:00:00   8.7486e-02   2.5075e+01   8.0569e+00   0.0000e+00   5.3605e-04   3.2259e+02
20260403_00:00:00   9.4157e-02   2.6739e+01   8.9912e+00   1.8054e-04   7.0200e-03   3.2175e+02
20260403_03:00:00   8.1873e-02   2.3674e+01   7.0094e+00   0.0000e+00   0.0000e+00   3.1029e+02
20260403_06:00:00   7.0210e-02   2.0726e+01   5.2007e+00   0.0000e+00   0.0000e+00   3.1154e+02
20260403_09:00:00   5.9285e-02   1.7937e+01   3.3607e+00   0.0000e+00   0.0000e+00   3.1016e+02
20260403_12:00:00   7.2616e-02   2.1353e+01   5.1558e+00   0.0000e+00   2.7484e-04   3.0552e+02
20260403_15:00:00   7.7620e-02   2.2593e+01   5.9951e+00   0.0000e+00   5.1607e-04   3.0728e+02
20260403_18:00:00   8.5899e-02   2.4713e+01   7.5308e+00   0.0000e+00   1.6752e-03   3.0883e+02
20260403_21:00:00   1.0192e-01   2.8473e+01   9.4210e+00   8.1600e-03   2.6282e-02   3.1091e+02
20260404_00:00:00   1.3288e-01   3.5759e+01   1.4008e+01   0.0000e+00   5.6470e-01   3.0832e+02
20260404_03:00:00   1.2388e-01   3.3787e+01   1.3143e+01   0.0000e+00   2.0719e-02   3.0969e+02
20260404_06:00:00   1.2432e-01   3.3829e+01   1.3131e+01   0.0000e+00   1.0983e-01   3.0694e+02
20260404_09:00:00   1.2123e-01   3.3092e+01   1.2489e+01   0.0000e+00   1.8403e-03   3.0601e+02
20260404_12:00:00   1.1421e-01   3.1404e+01   1.1601e+01   2.9760e-05   4.3366e-02   3.0749e+02
20260404_15:00:00   1.2199e-01   3.3217e+01   1.2533e+01   6.0140e-04   8.2742e-03   3.0412e+02
20260404_18:00:00   2.4596e-01   6.1131e+01   1.4411e+01   1.2329e-01   3.5487e-01   3.0494e+02
20260404_21:00:00   5.0752e-01   1.0888e+02   1.3938e+01   4.1842e-01   8.7495e-01   3.1295e+02
20260405_00:00:00   1.1055e-01   3.0373e+01   1.1264e+01   0.0000e+00   8.5221e-02   3.1748e+02
20260405_03:00:00   1.1032e-01   3.0364e+01   1.1162e+01   0.0000e+00   6.7269e-03   3.1941e+02
20260405_06:00:00   1.0838e-01   2.9879e+01   1.0811e+01   0.0000e+00   3.3896e-03   3.1534e+02
20260405_09:00:00   9.7831e-02   2.7348e+01   9.2417e+00   0.0000e+00   7.5318e-03   3.2803e+02
20260405_12:00:00   9.4514e-02   2.6535e+01   8.5579e+00   0.0000e+00   7.2134e-03   3.3502e+02
20260405_15:00:00   9.9854e-02   2.7749e+01   9.5208e+00   0.0000e+00   6.9486e-03   3.3788e+02
20260405_18:00:00   1.2671e-01   3.4081e+01   1.1948e+01   7.6549e-03   1.6041e-01   3.3801e+02
20260405_21:00:00   1.6032e-01   4.2060e+01   1.2230e+01   4.2818e-02   2.1085e-01   3.3898e+02
20260406_00:00:00   1.2552e-01   3.3864e+01   1.2257e+01   4.5554e-03   1.7587e-01   3.3896e+02
