#            date       tau255        Tb[K]      pwv[mm] lwp[kg*m^-2] iwp[kg*m^-2]       o3[DU]
20260316_18:00:00   8.3201e-02   2.3849e+01   7.6925e+00   0.0000e+00   5.2512e-03   3.2286e+02
20260316_19:00:00   8.2637e-02   2.3734e+01   7.6789e+00   0.0000e+00   5.9466e-03   3.2173e+02
20260316_20:00:00   8.1221e-02   2.3416e+01   7.4358e+00   0.0000e+00   4.3974e-03   3.2474e+02
20260316_21:00:00   7.9606e-02   2.3043e+01   7.1853e+00   0.0000e+00   9.3707e-03   3.2940e+02
20260316_22:00:00   7.8767e-02   2.2872e+01   6.9746e+00   0.0000e+00   2.1224e-03   3.3343e+02
20260316_23:00:00   7.7871e-02   2.2681e+01   6.7960e+00   0.0000e+00   6.9340e-04   3.3229e+02
20260317_00:00:00   7.7119e-02   2.2498e+01   6.6974e+00   0.0000e+00   1.0088e-03   3.3035e+02
20260317_01:00:00   7.4806e-02   2.1923e+01   6.3259e+00   0.0000e+00   2.9820e-04   3.2555e+02
20260317_02:00:00   7.3398e-02   2.1569e+01   6.1055e+00   0.0000e+00   1.3648e-04   3.2273e+02
20260317_03:00:00   7.2698e-02   2.1391e+01   6.0536e+00   0.0000e+00   5.3340e-06   3.2374e+02
20260317_04:00:00   7.2307e-02   2.1302e+01   6.0013e+00   0.0000e+00   5.9500e-06   3.2189e+02
20260317_05:00:00   7.2665e-02   2.1401e+01   6.0901e+00   0.0000e+00   0.0000e+00   3.1910e+02
20260317_06:00:00   7.3258e-02   2.1558e+01   6.2465e+00   0.0000e+00   1.7290e-04   3.1823e+02
20260317_07:00:00   7.2048e-02   2.1281e+01   6.0476e+00   0.0000e+00   1.0458e-04   3.1622e+02
20260317_08:00:00   7.2210e-02   2.1327e+01   6.1267e+00   0.0000e+00   1.1606e-04   3.1277e+02
20260317_09:00:00   7.4668e-02   2.1928e+01   6.5667e+00   0.0000e+00   3.6920e-04   3.0927e+02
20260317_10:00:00   7.6523e-02   2.2383e+01   6.8855e+00   0.0000e+00   4.6180e-05   3.0687e+02
20260317_11:00:00   7.8920e-02   2.2968e+01   7.3342e+00   0.0000e+00   1.0557e-03   3.0259e+02
20260317_12:00:00   8.2971e-02   2.3974e+01   8.1010e+00   0.0000e+00   1.9898e-04   3.0242e+02
20260317_13:00:00   8.7803e-02   2.5168e+01   8.9302e+00   0.0000e+00   1.5740e-03   3.0151e+02
20260317_14:00:00   9.2567e-02   2.6366e+01   9.5990e+00   0.0000e+00   3.0881e-03   3.0133e+02
20260317_15:00:00   9.6795e-02   2.7455e+01   1.0152e+01   0.0000e+00   1.9562e-03   3.0293e+02
20260317_16:00:00   9.1694e-02   2.6243e+01   9.3418e+00   0.0000e+00   2.3780e-04   3.0507e+02
20260317_17:00:00   8.8926e-02   2.5656e+01   8.5867e+00   0.0000e+00   2.2140e-04   3.0393e+02
20260317_18:00:00   7.9480e-02   2.3378e+01   6.9556e+00   0.0000e+00   3.9380e-05   3.0102e+02
20260317_19:00:00   7.1570e-02   2.1433e+01   5.6984e+00   0.0000e+00   2.7020e-04   2.9862e+02
20260317_20:00:00   6.5166e-02   1.9795e+01   4.7456e+00   0.0000e+00   8.4100e-05   2.9770e+02
20260317_21:00:00   6.0391e-02   1.8561e+01   4.0048e+00   0.0000e+00   0.0000e+00   2.9959e+02
20260317_22:00:00   6.0088e-02   1.8481e+01   3.9658e+00   0.0000e+00   0.0000e+00   2.9955e+02
20260317_23:00:00   5.9595e-02   1.8342e+01   3.9011e+00   0.0000e+00   0.0000e+00   2.9951e+02
20260318_00:00:00   6.1226e-02   1.8770e+01   4.1604e+00   0.0000e+00   0.0000e+00   2.9886e+02
20260318_01:00:00   6.3086e-02   1.9256e+01   4.4101e+00   0.0000e+00   0.0000e+00   3.0031e+02
20260318_02:00:00   6.1003e-02   1.8707e+01   4.0679e+00   0.0000e+00   0.0000e+00   3.0119e+02
20260318_03:00:00   5.7197e-02   1.7699e+01   3.4549e+00   0.0000e+00   0.0000e+00   2.9955e+02
20260318_04:00:00   5.5096e-02   1.7116e+01   3.1777e+00   0.0000e+00   2.0000e-03   2.9891e+02
20260318_05:00:00   5.4084e-02   1.6832e+01   3.0547e+00   0.0000e+00   8.4555e-03   2.9887e+02
20260318_06:00:00   5.4527e-02   1.6953e+01   3.1485e+00   0.0000e+00   3.8165e-03   3.0017e+02
20260318_07:00:00   5.4945e-02   1.7070e+01   3.2490e+00   0.0000e+00   3.4151e-03   2.9977e+02
20260318_08:00:00   5.6076e-02   1.7354e+01   3.5347e+00   0.0000e+00   6.0801e-03   2.9948e+02
20260318_09:00:00   5.8752e-02   1.8017e+01   4.1068e+00   0.0000e+00   5.4035e-03   2.9898e+02
20260318_10:00:00   5.9989e-02   1.8323e+01   4.3047e+00   0.0000e+00   1.2817e-03   2.9928e+02
20260318_11:00:00   6.2309e-02   1.8907e+01   4.7090e+00   0.0000e+00   5.1016e-04   2.9902e+02
20260318_12:00:00   6.3707e-02   1.9256e+01   4.9366e+00   0.0000e+00   8.7702e-04   2.9795e+02
20260318_13:00:00   6.2662e-02   1.8999e+01   4.7019e+00   0.0000e+00   1.4634e-04   2.9864e+02
20260318_14:00:00   6.2022e-02   1.8845e+01   4.5413e+00   0.0000e+00   5.1260e-04   2.9872e+02
20260318_15:00:00   6.0212e-02   1.8407e+01   4.1134e+00   0.0000e+00   1.5588e-04   2.9813e+02
20260318_16:00:00   5.9342e-02   1.8203e+01   3.8914e+00   0.0000e+00   8.8080e-05   2.9880e+02
20260318_17:00:00   5.9794e-02   1.8348e+01   3.9818e+00   0.0000e+00   3.7380e-05   2.9925e+02
20260318_18:00:00   6.0392e-02   1.8535e+01   4.0589e+00   0.0000e+00   1.0112e-05   2.9862e+02
20260318_19:00:00   5.9214e-02   1.8264e+01   3.8672e+00   0.0000e+00   3.4280e-05   2.9770e+02
20260318_20:00:00   5.9489e-02   1.8356e+01   3.9357e+00   0.0000e+00   0.0000e+00   2.9816e+02
20260318_21:00:00   5.8816e-02   1.8197e+01   3.8564e+00   0.0000e+00   0.0000e+00   2.9846e+02
20260318_22:00:00   5.7487e-02   1.7860e+01   3.6724e+00   0.0000e+00   0.0000e+00   2.9828e+02
20260318_23:00:00   5.6851e-02   1.7693e+01   3.6095e+00   0.0000e+00   0.0000e+00   2.9798e+02
20260319_00:00:00   5.6177e-02   1.7510e+01   3.5169e+00   0.0000e+00   0.0000e+00   2.9750e+02
20260319_01:00:00   5.5375e-02   1.7284e+01   3.3726e+00   0.0000e+00   0.0000e+00   2.9575e+02
20260319_02:00:00   5.4005e-02   1.6899e+01   3.1315e+00   0.0000e+00   0.0000e+00   2.9651e+02
20260319_03:00:00   5.3363e-02   1.6716e+01   3.0160e+00   0.0000e+00   0.0000e+00   2.9558e+02
20260319_04:00:00   5.3157e-02   1.6663e+01   2.9684e+00   0.0000e+00   0.0000e+00   2.9570e+02
20260319_05:00:00   5.3003e-02   1.6630e+01   2.8742e+00   0.0000e+00   0.0000e+00   2.9621e+02
20260319_06:00:00   5.2329e-02   1.6453e+01   2.6934e+00   0.0000e+00   0.0000e+00   2.9538e+02
20260319_07:00:00   5.1791e-02   1.6306e+01   2.5757e+00   0.0000e+00   0.0000e+00   2.9313e+02
20260319_08:00:00   5.0910e-02   1.6068e+01   2.4135e+00   0.0000e+00   0.0000e+00   2.9112e+02
20260319_09:00:00   4.9378e-02   1.5656e+01   2.1291e+00   0.0000e+00   1.6610e-05   2.8866e+02
20260319_10:00:00   4.8631e-02   1.5451e+01   1.9932e+00   0.0000e+00   0.0000e+00   2.8771e+02
20260319_11:00:00   4.8377e-02   1.5374e+01   1.9637e+00   0.0000e+00   0.0000e+00   2.8963e+02
20260319_12:00:00   4.8514e-02   1.5400e+01   2.0091e+00   0.0000e+00   0.0000e+00   2.9053e+02
20260319_13:00:00   4.8770e-02   1.5457e+01   2.0624e+00   0.0000e+00   0.0000e+00   2.9175e+02
20260319_14:00:00   4.9000e-02   1.5504e+01   2.1049e+00   0.0000e+00   0.0000e+00   2.9105e+02
20260319_15:00:00   4.9053e-02   1.5514e+01   2.1026e+00   0.0000e+00   1.0670e-05   2.9053e+02
20260319_16:00:00   4.9207e-02   1.5566e+01   2.1040e+00   0.0000e+00   0.0000e+00   2.8965e+02
20260319_17:00:00   4.8849e-02   1.5485e+01   2.0528e+00   0.0000e+00   0.0000e+00   2.8864e+02
20260319_18:00:00   4.9768e-02   1.5743e+01   2.2347e+00   0.0000e+00   0.0000e+00   2.8899e+02
20260319_19:00:00   4.9665e-02   1.5730e+01   2.2352e+00   0.0000e+00   0.0000e+00   2.8923e+02
20260319_20:00:00   5.0655e-02   1.6011e+01   2.4276e+00   0.0000e+00   0.0000e+00   2.8966e+02
20260319_21:00:00   5.0646e-02   1.6027e+01   2.4408e+00   0.0000e+00   0.0000e+00   2.9101e+02
20260319_22:00:00   5.0483e-02   1.5991e+01   2.4361e+00   0.0000e+00   0.0000e+00   2.9143e+02
20260319_23:00:00   5.0878e-02   1.6097e+01   2.5303e+00   0.0000e+00   0.0000e+00   2.9059e+02
20260320_00:00:00   5.0985e-02   1.6129e+01   2.5573e+00   0.0000e+00   0.0000e+00   2.9070e+02
20260320_01:00:00   5.0812e-02   1.6088e+01   2.5050e+00   0.0000e+00   0.0000e+00   2.9101e+02
20260320_02:00:00   5.0622e-02   1.6037e+01   2.4468e+00   0.0000e+00   0.0000e+00   2.9158e+02
20260320_03:00:00   5.0718e-02   1.6062e+01   2.4434e+00   0.0000e+00   0.0000e+00   2.9282e+02
20260320_04:00:00   5.1469e-02   1.6257e+01   2.5666e+00   0.0000e+00   0.0000e+00   2.9387e+02
20260320_05:00:00   5.1592e-02   1.6283e+01   2.5812e+00   0.0000e+00   0.0000e+00   2.9396e+02
20260320_06:00:00   5.0975e-02   1.6114e+01   2.4554e+00   0.0000e+00   0.0000e+00   2.9269e+02
20260320_07:00:00   5.1116e-02   1.6144e+01   2.4702e+00   0.0000e+00   0.0000e+00   2.9145e+02
20260320_08:00:00   5.1302e-02   1.6188e+01   2.4997e+00   0.0000e+00   0.0000e+00   2.9055e+02
20260320_09:00:00   5.1313e-02   1.6184e+01   2.4962e+00   0.0000e+00   0.0000e+00   2.8926e+02
20260320_10:00:00   5.1432e-02   1.6209e+01   2.5237e+00   0.0000e+00   0.0000e+00   2.8944e+02
20260320_11:00:00   5.1721e-02   1.6272e+01   2.5849e+00   0.0000e+00   0.0000e+00   2.9004e+02
20260320_12:00:00   5.1715e-02   1.6268e+01   2.5852e+00   0.0000e+00   0.0000e+00   2.9022e+02
20260320_13:00:00   5.1828e-02   1.6293e+01   2.6015e+00   0.0000e+00   0.0000e+00   2.8915e+02
20260320_14:00:00   5.2226e-02   1.6396e+01   2.6741e+00   0.0000e+00   0.0000e+00   2.8916e+02
20260320_15:00:00   5.2308e-02   1.6419e+01   2.6828e+00   0.0000e+00   0.0000e+00   2.8963e+02
20260320_16:00:00   5.2556e-02   1.6489e+01   2.7257e+00   0.0000e+00   0.0000e+00   2.9005e+02
20260320_17:00:00   5.2798e-02   1.6560e+01   2.7853e+00   0.0000e+00   0.0000e+00   2.8929e+02
20260320_18:00:00   5.3295e-02   1.6704e+01   2.8947e+00   0.0000e+00   0.0000e+00   2.8762e+02
20260320_19:00:00   5.4608e-02   1.7057e+01   3.1534e+00   0.0000e+00   0.0000e+00   2.8565e+02
20260320_20:00:00   5.4803e-02   1.7119e+01   3.2315e+00   0.0000e+00   0.0000e+00   2.8466e+02
20260320_21:00:00   5.5878e-02   1.7406e+01   3.4690e+00   0.0000e+00   0.0000e+00   2.8508e+02
20260320_22:00:00   5.5873e-02   1.7411e+01   3.4964e+00   0.0000e+00   0.0000e+00   2.8627e+02
20260320_23:00:00   5.6335e-02   1.7530e+01   3.6084e+00   0.0000e+00   0.0000e+00   2.8688e+02
20260321_00:00:00   5.6278e-02   1.7519e+01   3.5892e+00   0.0000e+00   0.0000e+00   2.8759e+02
20260321_01:00:00   5.6552e-02   1.7590e+01   3.6169e+00   0.0000e+00   0.0000e+00   2.8790e+02
20260321_02:00:00   5.5945e-02   1.7432e+01   3.4870e+00   0.0000e+00   0.0000e+00   2.8750e+02
20260321_03:00:00   5.6089e-02   1.7465e+01   3.5016e+00   0.0000e+00   0.0000e+00   2.8564e+02
20260321_04:00:00   5.6157e-02   1.7482e+01   3.4990e+00   0.0000e+00   0.0000e+00   2.8458e+02
20260321_05:00:00   5.6689e-02   1.7615e+01   3.5950e+00   0.0000e+00   0.0000e+00   2.8451e+02
20260321_06:00:00   5.7391e-02   1.7790e+01   3.7232e+00   0.0000e+00   0.0000e+00   2.8442e+02
20260321_07:00:00   5.6355e-02   1.7517e+01   3.5207e+00   0.0000e+00   0.0000e+00   2.8505e+02
20260321_08:00:00   5.5611e-02   1.7315e+01   3.3670e+00   0.0000e+00   0.0000e+00   2.8419e+02
20260321_09:00:00   5.5260e-02   1.7219e+01   3.2851e+00   0.0000e+00   0.0000e+00   2.8325e+02
20260321_10:00:00   5.4222e-02   1.6946e+01   3.0787e+00   0.0000e+00   0.0000e+00   2.8287e+02
20260321_11:00:00   5.3357e-02   1.6717e+01   2.9057e+00   0.0000e+00   0.0000e+00   2.8277e+02
20260321_12:00:00   5.2571e-02   1.6509e+01   2.7517e+00   0.0000e+00   0.0000e+00   2.8198e+02
20260321_13:00:00   5.2127e-02   1.6389e+01   2.6666e+00   0.0000e+00   0.0000e+00   2.8110e+02
20260321_14:00:00   5.2287e-02   1.6426e+01   2.6942e+00   0.0000e+00   0.0000e+00   2.8054e+02
20260321_15:00:00   5.2321e-02   1.6433e+01   2.7020e+00   0.0000e+00   0.0000e+00   2.8107e+02
20260321_16:00:00   5.2509e-02   1.6487e+01   2.7412e+00   0.0000e+00   0.0000e+00   2.8130e+02
20260321_17:00:00   5.2345e-02   1.6453e+01   2.7254e+00   0.0000e+00   0.0000e+00   2.8126e+02
20260321_18:00:00   5.2703e-02   1.6553e+01   2.8212e+00   0.0000e+00   0.0000e+00   2.8027e+02
20260321_21:00:00   5.2503e-02   1.6492e+01   2.9597e+00   0.0000e+00   0.0000e+00   2.7985e+02
20260322_00:00:00   5.8133e-02   1.7981e+01   4.0672e+00   0.0000e+00   3.2640e-06   2.8252e+02
20260322_03:00:00   5.8678e-02   1.8121e+01   4.0721e+00   0.0000e+00   1.4176e-03   2.8516e+02
20260322_06:00:00   5.8450e-02   1.8053e+01   3.8578e+00   0.0000e+00   8.3059e-05   2.8493e+02
20260322_09:00:00   6.0411e-02   1.8567e+01   4.0437e+00   0.0000e+00   0.0000e+00   2.8285e+02
20260322_12:00:00   5.7636e-02   1.7816e+01   3.5380e+00   0.0000e+00   5.6742e-04   2.8218e+02
20260322_15:00:00   5.6026e-02   1.7378e+01   3.2483e+00   0.0000e+00   2.8339e-03   2.8101e+02
20260322_18:00:00   5.7935e-02   1.7889e+01   3.6684e+00   0.0000e+00   1.4168e-03   2.8234e+02
20260322_21:00:00   6.4356e-02   1.9495e+01   5.1622e+00   0.0000e+00   2.7260e-04   2.8062e+02
20260323_00:00:00   6.5518e-02   1.9773e+01   5.4395e+00   0.0000e+00   1.0750e-02   2.8113e+02
20260323_03:00:00   6.8491e-02   2.0551e+01   5.6734e+00   0.0000e+00   4.5107e-02   2.8245e+02
20260323_06:00:00   7.4283e-02   2.1898e+01   6.5274e+00   1.2041e-03   1.0783e-02   2.8473e+02
20260323_09:00:00   6.9216e-02   2.0622e+01   5.6907e+00   0.0000e+00   9.3721e-04   2.8395e+02
20260323_12:00:00   6.9122e-02   2.0512e+01   5.7127e+00   0.0000e+00   4.4678e-03   2.8944e+02
20260323_15:00:00   6.9576e-02   2.0574e+01   5.9116e+00   0.0000e+00   1.7735e-04   2.9048e+02
20260323_18:00:00   7.2227e-02   2.1257e+01   6.5082e+00   0.0000e+00   8.1737e-03   2.9149e+02
20260323_21:00:00   6.8950e-02   2.0541e+01   5.9194e+00   0.0000e+00   0.0000e+00   2.9140e+02
20260324_00:00:00   6.8947e-02   2.0581e+01   5.9081e+00   0.0000e+00   1.5618e-04   2.9520e+02
20260324_03:00:00   6.7638e-02   2.0209e+01   5.6016e+00   0.0000e+00   1.2154e-03   2.9787e+02
20260324_06:00:00   7.4376e-02   2.1754e+01   7.0704e+00   0.0000e+00   2.9133e-02   2.9517e+02
20260324_09:00:00   8.1690e-02   2.3566e+01   8.3897e+00   0.0000e+00   6.0028e-03   2.9010e+02
20260324_12:00:00   7.9604e-02   2.3130e+01   7.7806e+00   0.0000e+00   8.1578e-04   2.8773e+02
20260324_15:00:00   7.9220e-02   2.3093e+01   7.4903e+00   0.0000e+00   1.1951e-03   2.8682e+02
20260324_18:00:00   7.5405e-02   2.2263e+01   6.7772e+00   0.0000e+00   0.0000e+00   2.8869e+02
20260324_21:00:00   7.8506e-02   2.3121e+01   7.2424e+00   0.0000e+00   8.0166e-05   2.8568e+02
20260325_00:00:00   8.0673e-02   2.3663e+01   7.8549e+00   0.0000e+00   8.3319e-03   2.8601e+02
20260325_03:00:00   8.5053e-02   2.4703e+01   8.6495e+00   0.0000e+00   2.0687e-02   2.8513e+02
20260325_06:00:00   9.0494e-02   2.6028e+01   9.4670e+00   0.0000e+00   3.6776e-05   2.8322e+02
20260325_09:00:00   8.0522e-02   2.3512e+01   7.8829e+00   0.0000e+00   2.9580e-04   2.8180e+02
20260325_12:00:00   8.3641e-02   2.4308e+01   8.4573e+00   0.0000e+00   0.0000e+00   2.7914e+02
20260325_15:00:00   9.4422e-02   2.7139e+01   9.6353e+00   0.0000e+00   0.0000e+00   2.7827e+02
20260325_18:00:00   1.0251e-01   2.9323e+01   1.0714e+01   0.0000e+00   0.0000e+00   2.7900e+02
20260325_21:00:00   9.3449e-02   2.7170e+01   9.6940e+00   0.0000e+00   0.0000e+00   2.8157e+02
20260326_00:00:00   1.0107e-01   2.8999e+01   1.0380e+01   0.0000e+00   0.0000e+00   2.8304e+02
20260326_03:00:00   1.0669e-01   3.0269e+01   1.0797e+01   0.0000e+00   0.0000e+00   2.8750e+02
20260326_06:00:00   1.0177e-01   2.8990e+01   1.0123e+01   0.0000e+00   0.0000e+00   2.8510e+02
20260326_09:00:00   1.0711e-01   3.0105e+01   1.0814e+01   0.0000e+00   0.0000e+00   2.8359e+02
20260326_12:00:00   1.0052e-01   2.8344e+01   1.0041e+01   0.0000e+00   0.0000e+00   2.7864e+02
20260326_15:00:00   8.1259e-02   2.3568e+01   7.4737e+00   0.0000e+00   0.0000e+00   2.8101e+02
20260326_18:00:00   6.9488e-02   2.0573e+01   5.9673e+00   0.0000e+00   0.0000e+00   2.8335e+02
20260326_21:00:00   7.4587e-02   2.1847e+01   6.9264e+00   0.0000e+00   8.1464e-04   2.8227e+02
20260327_00:00:00   7.4804e-02   2.1845e+01   7.0000e+00   0.0000e+00   4.1742e-02   2.8157e+02
20260327_03:00:00   7.8135e-02   2.2601e+01   7.4826e+00   0.0000e+00   3.5712e-03   2.8256e+02
20260327_06:00:00   7.5616e-02   2.1871e+01   7.0657e+00   0.0000e+00   1.2735e-02   2.8311e+02
20260327_09:00:00   6.9493e-02   2.0340e+01   5.9090e+00   0.0000e+00   6.1186e-03   2.8607e+02
20260327_12:00:00   6.7052e-02   1.9753e+01   5.2208e+00   0.0000e+00   1.0207e-02   2.8969e+02
20260327_15:00:00   5.4167e-02   1.6591e+01   2.5129e+00   0.0000e+00   3.2412e-04   2.9094e+02
20260327_18:00:00   4.9316e-02   1.5356e+01   1.7972e+00   0.0000e+00   2.8898e-03   2.9316e+02
20260327_21:00:00   4.7203e-02   1.4813e+01   1.5003e+00   0.0000e+00   2.1917e-03   2.9297e+02
20260328_00:00:00   4.5659e-02   1.4414e+01   1.2304e+00   0.0000e+00   4.1208e-03   2.9539e+02
20260328_03:00:00   4.9223e-02   1.5330e+01   1.8938e+00   0.0000e+00   2.6295e-03   2.9213e+02
20260328_06:00:00   5.0570e-02   1.5664e+01   2.1232e+00   0.0000e+00   5.2981e-03   2.8937e+02
20260328_09:00:00   5.0070e-02   1.5538e+01   2.0100e+00   0.0000e+00   1.8526e-02   2.8841e+02
20260328_12:00:00   5.2692e-02   1.6178e+01   2.5564e+00   0.0000e+00   9.2820e-03   2.8857e+02
20260328_15:00:00   5.6919e-02   1.7201e+01   3.3348e+00   0.0000e+00   7.4295e-02   2.8960e+02
20260328_18:00:00   7.6852e-02   2.2056e+01   6.7932e+00   0.0000e+00   2.4040e-01   3.0137e+02
20260328_21:00:00   9.6350e-02   2.6817e+01   9.6173e+00   0.0000e+00   4.1280e-01   3.0184e+02
20260329_00:00:00   1.2439e-01   3.3767e+01   1.3259e+01   0.0000e+00   1.3876e-01   2.9958e+02
20260329_03:00:00   1.2726e-01   3.4461e+01   1.3591e+01   0.0000e+00   6.9000e-02   3.0321e+02
20260329_06:00:00   1.1537e-01   3.1655e+01   1.1981e+01   3.4920e-05   4.9176e-03   3.0847e+02
20260329_09:00:00   1.2075e-01   3.2927e+01   1.2578e+01   0.0000e+00   1.2492e-03   3.1303e+02
20260329_12:00:00   1.3364e-01   3.6106e+01   1.2769e+01   9.5428e-03   3.0960e-06   3.1542e+02
20260329_15:00:00   1.2082e-01   3.3140e+01   1.2090e+01   0.0000e+00   2.5400e-05   3.1116e+02
20260329_18:00:00   1.2074e-01   3.3352e+01   1.1682e+01   2.4140e-03   1.9590e-05   3.1155e+02
20260329_21:00:00   2.2357e-01   5.6511e+01   1.2287e+01   1.1481e-01   6.3986e-03   3.0152e+02
20260330_00:00:00   1.6801e-01   4.4447e+01   1.4243e+01   3.6927e-02   7.5614e-02   2.8987e+02
20260330_03:00:00   1.4464e-01   3.8984e+01   1.4014e+01   1.8097e-02   2.3442e-02   2.9087e+02
20260330_06:00:00   1.9214e-01   4.9758e+01   1.5556e+01   5.3140e-02   1.2702e-02   2.8934e+02
20260330_09:00:00   1.4227e-01   3.8242e+01   1.5703e+01   0.0000e+00   4.9814e-02   2.8797e+02
20260330_12:00:00   1.4295e-01   3.8340e+01   1.5512e+01   1.3210e-04   2.1870e-02   2.8919e+02
20260330_15:00:00   1.1325e-01   3.1444e+01   1.1451e+01   0.0000e+00   0.0000e+00   2.9111e+02
20260330_18:00:00   1.0445e-01   2.9377e+01   1.0165e+01   1.6986e-04   1.0139e-03   2.9098e+02
20260330_21:00:00   8.8367e-02   2.5462e+01   8.2912e+00   0.0000e+00   5.1380e-06   2.9269e+02
20260331_00:00:00   7.5937e-02   2.2349e+01   6.6008e+00   0.0000e+00   4.6324e-05   2.9420e+02
20260331_03:00:00   6.9805e-02   2.0740e+01   5.6360e+00   0.0000e+00   0.0000e+00   2.9787e+02
20260331_06:00:00   6.7022e-02   2.0040e+01   5.0378e+00   0.0000e+00   3.8700e-06   2.9810e+02
20260331_09:00:00   7.1626e-02   2.1188e+01   5.6088e+00   0.0000e+00   2.2789e-04   2.9732e+02
20260331_12:00:00   6.6114e-02   1.9750e+01   4.7617e+00   0.0000e+00   2.7454e-03   3.0452e+02
20260331_15:00:00   6.7657e-02   2.0097e+01   4.9411e+00   0.0000e+00   0.0000e+00   3.0985e+02
20260331_18:00:00   6.8599e-02   2.0359e+01   5.1880e+00   0.0000e+00   0.0000e+00   3.1300e+02
20260331_21:00:00   6.9386e-02   2.0556e+01   5.5367e+00   0.0000e+00   0.0000e+00   3.1158e+02
20260401_00:00:00   7.5876e-02   2.2126e+01   6.8563e+00   0.0000e+00   4.3530e-06   3.0827e+02
20260401_03:00:00   8.0498e-02   2.3338e+01   7.3230e+00   0.0000e+00   4.0920e-04   3.1294e+02
20260401_06:00:00   7.9998e-02   2.3209e+01   6.9425e+00   0.0000e+00   1.0720e-05   3.1596e+02
20260401_09:00:00   7.4526e-02   2.1912e+01   5.9785e+00   0.0000e+00   1.1321e-04   3.1381e+02
20260401_12:00:00   7.1955e-02   2.1251e+01   5.5376e+00   0.0000e+00   6.8760e-05   3.1005e+02
20260401_15:00:00   7.0940e-02   2.0950e+01   5.4686e+00   0.0000e+00   1.0884e-06   3.0503e+02
20260401_18:00:00   6.8823e-02   2.0442e+01   5.3062e+00   0.0000e+00   0.0000e+00   3.1198e+02
