#            date       tau255        Tb[K]      pwv[mm] lwp[kg*m^-2] iwp[kg*m^-2]       o3[DU]
20260324_00:00:00   6.4262e-02   1.9426e+01   5.2076e+00   0.0000e+00   2.6486e-04   2.8813e+02
20260324_01:00:00   6.4696e-02   1.9535e+01   5.3202e+00   0.0000e+00   2.3678e-04   2.8963e+02
20260324_02:00:00   6.4497e-02   1.9481e+01   5.2378e+00   0.0000e+00   8.0517e-03   2.9001e+02
20260324_03:00:00   6.6119e-02   1.9892e+01   5.5316e+00   0.0000e+00   3.8384e-03   2.8987e+02
20260324_04:00:00   6.5634e-02   1.9778e+01   5.4212e+00   0.0000e+00   4.9911e-03   2.8993e+02
20260324_05:00:00   6.6647e-02   2.0006e+01   5.6343e+00   0.0000e+00   1.1836e-02   2.9048e+02
20260324_06:00:00   6.8104e-02   2.0390e+01   5.8345e+00   0.0000e+00   0.0000e+00   2.9022e+02
20260324_07:00:00   6.7883e-02   2.0358e+01   5.6977e+00   0.0000e+00   0.0000e+00   2.8868e+02
20260324_08:00:00   6.7818e-02   2.0335e+01   5.6622e+00   0.0000e+00   2.1760e-06   2.8653e+02
20260324_09:00:00   6.7142e-02   2.0159e+01   5.5397e+00   0.0000e+00   8.0120e-05   2.8640e+02
20260324_10:00:00   6.5089e-02   1.9621e+01   5.2190e+00   0.0000e+00   2.3460e-04   2.8702e+02
20260324_11:00:00   6.5062e-02   1.9605e+01   5.2362e+00   0.0000e+00   8.1580e-06   2.8609e+02
20260324_12:00:00   6.5767e-02   1.9765e+01   5.4037e+00   0.0000e+00   0.0000e+00   2.8452e+02
20260324_13:00:00   6.6345e-02   1.9902e+01   5.5461e+00   0.0000e+00   1.9840e-06   2.8203e+02
20260324_14:00:00   6.8796e-02   2.0534e+01   6.0003e+00   0.0000e+00   4.6080e-05   2.7889e+02
20260324_15:00:00   7.2733e-02   2.1556e+01   6.6526e+00   0.0000e+00   2.1344e-04   2.7676e+02
20260324_16:00:00   7.4896e-02   2.2140e+01   7.0105e+00   0.0000e+00   9.0230e-06   2.7715e+02
20260324_17:00:00   7.7089e-02   2.2715e+01   7.4287e+00   0.0000e+00   1.4146e-04   2.7608e+02
20260324_18:00:00   7.8741e-02   2.3166e+01   7.7858e+00   0.0000e+00   1.1969e-03   2.7485e+02
20260324_19:00:00   8.0695e-02   2.3688e+01   8.1349e+00   0.0000e+00   1.4921e-04   2.7334e+02
20260324_20:00:00   8.2266e-02   2.4118e+01   8.4022e+00   0.0000e+00   7.4160e-06   2.7173e+02
20260324_21:00:00   8.3717e-02   2.4514e+01   8.6639e+00   0.0000e+00   3.8380e-05   2.6925e+02
20260324_22:00:00   8.4955e-02   2.4847e+01   8.8506e+00   0.0000e+00   2.9274e-04   2.6760e+02
20260324_23:00:00   8.6478e-02   2.5239e+01   9.0653e+00   0.0000e+00   2.5500e-05   2.6758e+02
20260325_00:00:00   8.6747e-02   2.5312e+01   9.0950e+00   0.0000e+00   0.0000e+00   2.6725e+02
20260325_01:00:00   8.6411e-02   2.5235e+01   9.0099e+00   0.0000e+00   0.0000e+00   2.6800e+02
20260325_02:00:00   8.5890e-02   2.5112e+01   8.8877e+00   0.0000e+00   0.0000e+00   2.6911e+02
20260325_03:00:00   8.5266e-02   2.4968e+01   8.7523e+00   0.0000e+00   0.0000e+00   2.6831e+02
20260325_04:00:00   8.5276e-02   2.4982e+01   8.7092e+00   0.0000e+00   0.0000e+00   2.6673e+02
20260325_05:00:00   8.5958e-02   2.5161e+01   8.7687e+00   0.0000e+00   0.0000e+00   2.6604e+02
20260325_06:00:00   8.6276e-02   2.5247e+01   8.7685e+00   0.0000e+00   0.0000e+00   2.6606e+02
20260325_07:00:00   8.5857e-02   2.5137e+01   8.6661e+00   0.0000e+00   0.0000e+00   2.6555e+02
20260325_08:00:00   8.4614e-02   2.4812e+01   8.4630e+00   0.0000e+00   0.0000e+00   2.6595e+02
20260325_09:00:00   8.3241e-02   2.4451e+01   8.2324e+00   0.0000e+00   0.0000e+00   2.6639e+02
20260325_10:00:00   8.2557e-02   2.4266e+01   8.1124e+00   0.0000e+00   0.0000e+00   2.6578e+02
20260325_11:00:00   8.2025e-02   2.4123e+01   8.0336e+00   0.0000e+00   0.0000e+00   2.6486e+02
20260325_12:00:00   8.1471e-02   2.3980e+01   7.9531e+00   0.0000e+00   0.0000e+00   2.6491e+02
20260325_13:00:00   8.1167e-02   2.3901e+01   7.8787e+00   0.0000e+00   0.0000e+00   2.6523e+02
20260325_14:00:00   8.0940e-02   2.3850e+01   7.8153e+00   0.0000e+00   0.0000e+00   2.6582e+02
20260325_15:00:00   8.0865e-02   2.3836e+01   7.7807e+00   0.0000e+00   0.0000e+00   2.6534e+02
20260325_16:00:00   8.0753e-02   2.3831e+01   7.7530e+00   0.0000e+00   0.0000e+00   2.6658e+02
20260325_17:00:00   8.0151e-02   2.3708e+01   7.6681e+00   0.0000e+00   0.0000e+00   2.6688e+02
20260325_18:00:00   8.0252e-02   2.3755e+01   7.7256e+00   0.0000e+00   0.0000e+00   2.6629e+02
20260325_19:00:00   8.0508e-02   2.3825e+01   7.8457e+00   0.0000e+00   0.0000e+00   2.6520e+02
20260325_20:00:00   8.0758e-02   2.3885e+01   7.9747e+00   0.0000e+00   0.0000e+00   2.6347e+02
20260325_21:00:00   8.2281e-02   2.4267e+01   8.3132e+00   0.0000e+00   0.0000e+00   2.6327e+02
20260325_22:00:00   8.1817e-02   2.4156e+01   8.3095e+00   0.0000e+00   0.0000e+00   2.6194e+02
20260325_23:00:00   8.4294e-02   2.4756e+01   8.7826e+00   0.0000e+00   0.0000e+00   2.6185e+02
20260326_00:00:00   8.5438e-02   2.5040e+01   8.9782e+00   0.0000e+00   0.0000e+00   2.6212e+02
20260326_01:00:00   8.5925e-02   2.5162e+01   9.0076e+00   0.0000e+00   0.0000e+00   2.6259e+02
20260326_02:00:00   8.4949e-02   2.4935e+01   8.7305e+00   0.0000e+00   0.0000e+00   2.6360e+02
20260326_03:00:00   8.2515e-02   2.4333e+01   8.2141e+00   0.0000e+00   0.0000e+00   2.6471e+02
20260326_04:00:00   7.6625e-02   2.2797e+01   7.2114e+00   0.0000e+00   0.0000e+00   2.6486e+02
20260326_05:00:00   7.2256e-02   2.1637e+01   6.4724e+00   0.0000e+00   0.0000e+00   2.6389e+02
20260326_06:00:00   6.9632e-02   2.0943e+01   6.0165e+00   0.0000e+00   0.0000e+00   2.6318e+02
20260326_07:00:00   6.9042e-02   2.0782e+01   5.9083e+00   0.0000e+00   0.0000e+00   2.6333e+02
20260326_08:00:00   6.7661e-02   2.0413e+01   5.6487e+00   0.0000e+00   0.0000e+00   2.6328e+02
20260326_09:00:00   6.5998e-02   1.9972e+01   5.3361e+00   0.0000e+00   0.0000e+00   2.6354e+02
20260326_10:00:00   6.4524e-02   1.9579e+01   5.0696e+00   0.0000e+00   0.0000e+00   2.6401e+02
20260326_11:00:00   6.1352e-02   1.8751e+01   4.4870e+00   0.0000e+00   0.0000e+00   2.6404e+02
20260326_12:00:00   5.8314e-02   1.7957e+01   3.9038e+00   0.0000e+00   0.0000e+00   2.6401e+02
20260326_13:00:00   5.6854e-02   1.7562e+01   3.5875e+00   0.0000e+00   0.0000e+00   2.6448e+02
20260326_14:00:00   5.4921e-02   1.7057e+01   3.2265e+00   0.0000e+00   0.0000e+00   2.6536e+02
20260326_15:00:00   5.4574e-02   1.6968e+01   3.1447e+00   0.0000e+00   0.0000e+00   2.6693e+02
20260326_16:00:00   5.4809e-02   1.7042e+01   3.1799e+00   0.0000e+00   0.0000e+00   2.6878e+02
20260326_17:00:00   5.4103e-02   1.6868e+01   3.0523e+00   0.0000e+00   0.0000e+00   2.6859e+02
20260326_18:00:00   5.3772e-02   1.6787e+01   2.9878e+00   0.0000e+00   0.0000e+00   2.6920e+02
20260326_19:00:00   5.3319e-02   1.6686e+01   2.9116e+00   0.0000e+00   0.0000e+00   2.6844e+02
20260326_20:00:00   5.4256e-02   1.6944e+01   3.1404e+00   0.0000e+00   0.0000e+00   2.6922e+02
20260326_21:00:00   5.4932e-02   1.7132e+01   3.3058e+00   0.0000e+00   0.0000e+00   2.7021e+02
20260326_22:00:00   5.6064e-02   1.7437e+01   3.5384e+00   0.0000e+00   0.0000e+00   2.7042e+02
20260326_23:00:00   5.6820e-02   1.7642e+01   3.6923e+00   0.0000e+00   0.0000e+00   2.7019e+02
20260327_00:00:00   5.6166e-02   1.7468e+01   3.5713e+00   0.0000e+00   0.0000e+00   2.7020e+02
20260327_01:00:00   5.6358e-02   1.7513e+01   3.5725e+00   0.0000e+00   0.0000e+00   2.7064e+02
20260327_02:00:00   5.6423e-02   1.7515e+01   3.5588e+00   0.0000e+00   0.0000e+00   2.7118e+02
20260327_03:00:00   5.6491e-02   1.7515e+01   3.5334e+00   0.0000e+00   0.0000e+00   2.7153e+02
20260327_04:00:00   5.5543e-02   1.7268e+01   3.3297e+00   0.0000e+00   0.0000e+00   2.7222e+02
20260327_05:00:00   5.5089e-02   1.7137e+01   3.2126e+00   0.0000e+00   0.0000e+00   2.7274e+02
20260327_06:00:00   5.5174e-02   1.7144e+01   3.2161e+00   0.0000e+00   0.0000e+00   2.7215e+02
20260327_07:00:00   5.5615e-02   1.7242e+01   3.3078e+00   0.0000e+00   0.0000e+00   2.7241e+02
20260327_08:00:00   5.6073e-02   1.7345e+01   3.4041e+00   0.0000e+00   0.0000e+00   2.7214e+02
20260327_09:00:00   5.6472e-02   1.7432e+01   3.4853e+00   0.0000e+00   0.0000e+00   2.7114e+02
20260327_10:00:00   5.6857e-02   1.7519e+01   3.5784e+00   0.0000e+00   0.0000e+00   2.7026e+02
20260327_11:00:00   5.7452e-02   1.7654e+01   3.6978e+00   0.0000e+00   0.0000e+00   2.6976e+02
20260327_12:00:00   5.8427e-02   1.7888e+01   3.8766e+00   0.0000e+00   0.0000e+00   2.7065e+02
20260327_13:00:00   5.9234e-02   1.8085e+01   4.0286e+00   0.0000e+00   0.0000e+00   2.7331e+02
20260327_14:00:00   5.9918e-02   1.8259e+01   4.1523e+00   0.0000e+00   0.0000e+00   2.7321e+02
20260327_15:00:00   6.1369e-02   1.8632e+01   4.3542e+00   0.0000e+00   0.0000e+00   2.7159e+02
20260327_16:00:00   6.5271e-02   1.9644e+01   4.9531e+00   0.0000e+00   0.0000e+00   2.7130e+02
20260327_17:00:00   6.9635e-02   2.0767e+01   5.6311e+00   0.0000e+00   0.0000e+00   2.7038e+02
20260327_18:00:00   7.7264e-02   2.2707e+01   6.7809e+00   0.0000e+00   0.0000e+00   2.7006e+02
20260327_19:00:00   8.2800e-02   2.4095e+01   7.6842e+00   0.0000e+00   0.0000e+00   2.7055e+02
20260327_20:00:00   8.8842e-02   2.5619e+01   8.7257e+00   0.0000e+00   0.0000e+00   2.7191e+02
20260327_21:00:00   9.1826e-02   2.6382e+01   9.2858e+00   0.0000e+00   0.0000e+00   2.7263e+02
20260327_22:00:00   9.0875e-02   2.6156e+01   9.2590e+00   0.0000e+00   0.0000e+00   2.7274e+02
20260327_23:00:00   9.3799e-02   2.6885e+01   9.6818e+00   0.0000e+00   6.0687e-03   2.7329e+02
20260328_00:00:00   9.6438e-02   2.7532e+01   9.9355e+00   0.0000e+00   3.2920e-03   2.7350e+02
20260328_01:00:00   9.7072e-02   2.7652e+01   9.9422e+00   0.0000e+00   2.0092e-03   2.7503e+02
20260328_02:00:00   9.7552e-02   2.7731e+01   9.9149e+00   0.0000e+00   4.8866e-03   2.7658e+02
20260328_03:00:00   9.8237e-02   2.7867e+01   1.0037e+01   0.0000e+00   1.9145e-02   2.7737e+02
20260328_04:00:00   9.8992e-02   2.8032e+01   1.0162e+01   0.0000e+00   1.8464e-02   2.7891e+02
20260328_05:00:00   9.8145e-02   2.7798e+01   1.0045e+01   0.0000e+00   1.4395e-02   2.7976e+02
20260328_06:00:00   9.5320e-02   2.7081e+01   9.6908e+00   0.0000e+00   9.4128e-03   2.8048e+02
20260328_07:00:00   9.4580e-02   2.6893e+01   9.5230e+00   0.0000e+00   9.2715e-03   2.8201e+02
20260328_08:00:00   9.3648e-02   2.6665e+01   9.3312e+00   0.0000e+00   1.7907e-02   2.8163e+02
20260328_09:00:00   9.1391e-02   2.6113e+01   8.9806e+00   0.0000e+00   1.3618e-02   2.8181e+02
20260328_10:00:00   9.1936e-02   2.6235e+01   9.0584e+00   0.0000e+00   5.3705e-03   2.8262e+02
20260328_11:00:00   9.3790e-02   2.6687e+01   9.2965e+00   0.0000e+00   2.1758e-03   2.8100e+02
20260328_12:00:00   9.4387e-02   2.6820e+01   9.4164e+00   0.0000e+00   4.2640e-03   2.8084e+02
20260328_13:00:00   9.5379e-02   2.7027e+01   9.6601e+00   0.0000e+00   2.3355e-03   2.7981e+02
20260328_14:00:00   9.5831e-02   2.7118e+01   9.7464e+00   0.0000e+00   1.3190e-04   2.7978e+02
20260328_15:00:00   9.6564e-02   2.7291e+01   9.8608e+00   0.0000e+00   5.3899e-04   2.7981e+02
20260328_16:00:00   9.6099e-02   2.7189e+01   9.8516e+00   0.0000e+00   4.4422e-03   2.8024e+02
20260328_17:00:00   9.6291e-02   2.7227e+01   1.0008e+01   0.0000e+00   4.2575e-03   2.8233e+02
20260328_18:00:00   9.9998e-02   2.8153e+01   1.0541e+01   0.0000e+00   2.9337e-02   2.8337e+02
20260328_19:00:00   9.8795e-02   2.7913e+01   1.0390e+01   0.0000e+00   2.5404e-03   2.8337e+02
20260328_20:00:00   9.8388e-02   2.7829e+01   1.0442e+01   0.0000e+00   2.9276e-03   2.8341e+02
20260328_21:00:00   1.0016e-01   2.8266e+01   1.0777e+01   0.0000e+00   3.1464e-03   2.8200e+02
20260328_22:00:00   1.0226e-01   2.8776e+01   1.1148e+01   7.7400e-05   7.7308e-03   2.8285e+02
20260328_23:00:00   1.0492e-01   2.9414e+01   1.1333e+01   1.7616e-03   3.9326e-02   2.8333e+02
20260329_00:00:00   1.0738e-01   3.0042e+01   1.1799e+01   4.8040e-04   1.0125e-01   2.8367e+02
20260329_03:00:00   1.1057e-01   3.0891e+01   1.2105e+01   0.0000e+00   4.7450e-03   2.8544e+02
20260329_06:00:00   1.1032e-01   3.0803e+01   1.1960e+01   0.0000e+00   1.0682e-02   2.8247e+02
20260329_09:00:00   1.1190e-01   3.1132e+01   1.2074e+01   0.0000e+00   2.8563e-03   2.8088e+02
20260329_12:00:00   1.1224e-01   3.1198e+01   1.1959e+01   0.0000e+00   7.1140e-03   2.8413e+02
20260329_15:00:00   1.0913e-01   3.0442e+01   1.1564e+01   0.0000e+00   4.8983e-03   2.8942e+02
20260329_18:00:00   1.0892e-01   3.0464e+01   1.1712e+01   0.0000e+00   1.0467e-02   2.9416e+02
20260329_21:00:00   1.2299e-01   3.3779e+01   1.3355e+01   4.4220e-03   1.0455e-01   2.9779e+02
20260330_00:00:00   1.4457e-01   3.8880e+01   1.6095e+01   0.0000e+00   1.1542e-01   2.9630e+02
20260330_03:00:00   1.8963e-01   4.9057e+01   1.6141e+01   4.8525e-02   1.8734e-02   2.9536e+02
20260330_06:00:00   1.8654e-01   4.8140e+01   1.6744e+01   3.8252e-02   3.9384e-01   2.9738e+02
20260330_09:00:00   1.6784e-01   4.3974e+01   1.6415e+01   1.8604e-02   5.8582e-01   3.0097e+02
20260330_12:00:00   1.3094e-01   3.5545e+01   1.3871e+01   0.0000e+00   2.7541e-04   2.9852e+02
20260330_15:00:00   1.1460e-01   3.1735e+01   1.1875e+01   0.0000e+00   1.8604e-03   2.9899e+02
20260330_18:00:00   1.1644e-01   3.2123e+01   1.1932e+01   5.5460e-03   2.6514e-03   2.8804e+02
20260330_21:00:00   1.4188e-01   3.8246e+01   1.4758e+01   1.1252e-02   1.6734e-02   2.8543e+02
20260331_00:00:00   1.3447e-01   3.6485e+01   1.5146e+01   1.4438e-04   4.8789e-02   2.8449e+02
20260331_03:00:00   1.1333e-01   3.1527e+01   1.2268e+01   0.0000e+00   4.1111e-03   2.8611e+02
20260331_06:00:00   9.5978e-02   2.7224e+01   9.8481e+00   0.0000e+00   5.0465e-03   2.8657e+02
20260331_09:00:00   1.0250e-01   2.8637e+01   1.1086e+01   0.0000e+00   2.4012e-01   2.8154e+02
20260331_12:00:00   1.0421e-01   2.8937e+01   1.1474e+01   0.0000e+00   8.4999e-03   2.8117e+02
20260331_15:00:00   1.1307e-01   3.0990e+01   1.2408e+01   1.5872e-05   4.0312e-02   2.7951e+02
20260331_18:00:00   1.0574e-01   2.9483e+01   1.0472e+01   2.1820e-03   1.0265e-02   2.8269e+02
20260331_21:00:00   8.7209e-02   2.5125e+01   7.8217e+00   0.0000e+00   1.2045e-03   2.8098e+02
20260401_00:00:00   8.1949e-02   2.3823e+01   7.1783e+00   0.0000e+00   2.0578e-04   2.8069e+02
20260401_03:00:00   6.3902e-02   1.9204e+01   4.1493e+00   0.0000e+00   0.0000e+00   2.9312e+02
20260401_06:00:00   5.8697e-02   1.7870e+01   3.2716e+00   0.0000e+00   0.0000e+00   2.9694e+02
20260401_09:00:00   6.3495e-02   1.9091e+01   3.9834e+00   0.0000e+00   0.0000e+00   2.9994e+02
20260401_12:00:00   6.3023e-02   1.8959e+01   3.9096e+00   0.0000e+00   4.9676e-04   2.9590e+02
20260401_15:00:00   6.1401e-02   1.8554e+01   3.6493e+00   0.0000e+00   2.1920e-03   2.9785e+02
20260401_18:00:00   5.8589e-02   1.7883e+01   3.4724e+00   0.0000e+00   2.2635e-03   2.9772e+02
20260401_21:00:00   6.5659e-02   1.9734e+01   4.9442e+00   0.0000e+00   7.0109e-03   2.8912e+02
20260402_00:00:00   6.6079e-02   1.9786e+01   5.3238e+00   0.0000e+00   5.5080e-03   2.8799e+02
20260402_03:00:00   6.6329e-02   1.9815e+01   5.2693e+00   0.0000e+00   5.0945e-03   2.8769e+02
20260402_06:00:00   7.1451e-02   2.1038e+01   6.1679e+00   0.0000e+00   9.7837e-02   2.8598e+02
20260402_09:00:00   7.6021e-02   2.2076e+01   7.0498e+00   0.0000e+00   1.7910e-01   2.8361e+02
20260402_12:00:00   7.8375e-02   2.2583e+01   7.5316e+00   0.0000e+00   1.5814e-01   2.8222e+02
20260402_15:00:00   8.5943e-02   2.4413e+01   8.6322e+00   9.2450e-04   1.9860e-01   2.8404e+02
20260402_18:00:00   9.3189e-02   2.6211e+01   1.0043e+01   0.0000e+00   4.1134e-02   2.8573e+02
20260402_21:00:00   8.8419e-02   2.5168e+01   9.1909e+00   0.0000e+00   1.0469e-02   2.7946e+02
20260403_00:00:00   9.4267e-02   2.6672e+01   9.9717e+00   0.0000e+00   9.6841e-04   2.8069e+02
20260403_03:00:00   8.4333e-02   2.4243e+01   8.0696e+00   0.0000e+00   4.9092e-03   2.8466e+02
20260403_06:00:00   8.6457e-02   2.4790e+01   7.7485e+00   0.0000e+00   8.2160e-04   2.8149e+02
20260403_09:00:00   7.5928e-02   2.2154e+01   6.0784e+00   0.0000e+00   6.3960e-05   2.8194e+02
20260403_12:00:00   7.9919e-02   2.3078e+01   6.3442e+00   1.0542e-03   1.9126e-04   2.8286e+02
20260403_15:00:00   7.7900e-02   2.2543e+01   6.0487e+00   4.4120e-04   6.1059e-04   2.8679e+02
20260403_18:00:00   6.0134e-02   1.8127e+01   3.7933e+00   0.0000e+00   3.7973e-03   2.8780e+02
20260403_21:00:00   5.2003e-02   1.6052e+01   2.5340e+00   0.0000e+00   6.1100e-03   2.8728e+02
20260404_00:00:00   5.3349e-02   1.6382e+01   2.7077e+00   0.0000e+00   2.0301e-03   2.8849e+02
20260404_03:00:00   5.5546e-02   1.6925e+01   2.8844e+00   0.0000e+00   4.7619e-03   2.9258e+02
20260404_06:00:00   5.2154e-02   1.6008e+01   2.2279e+00   0.0000e+00   4.7853e-03   2.9446e+02
20260404_09:00:00   5.0997e-02   1.5684e+01   1.9842e+00   0.0000e+00   4.6740e-03   2.9468e+02
20260404_12:00:00   5.0225e-02   1.5459e+01   1.8186e+00   0.0000e+00   6.9840e-03   2.9634e+02
20260404_15:00:00   4.9819e-02   1.5334e+01   1.8281e+00   0.0000e+00   1.2698e-02   2.9916e+02
20260404_18:00:00   5.0101e-02   1.5445e+01   1.9582e+00   0.0000e+00   3.7001e-03   3.0113e+02
20260404_21:00:00   5.4907e-02   1.6700e+01   3.0308e+00   0.0000e+00   5.4363e-03   2.9566e+02
20260405_00:00:00   5.6963e-02   1.7247e+01   3.4636e+00   0.0000e+00   1.7274e-03   2.9712e+02
20260405_03:00:00   5.5705e-02   1.6946e+01   3.0201e+00   0.0000e+00   0.0000e+00   2.9399e+02
20260405_06:00:00   5.1947e-02   1.5998e+01   2.2969e+00   0.0000e+00   4.3320e-05   2.9230e+02
20260405_09:00:00   5.0275e-02   1.5571e+01   1.9899e+00   0.0000e+00   0.0000e+00   2.9065e+02
20260405_12:00:00   5.0131e-02   1.5529e+01   1.9574e+00   0.0000e+00   0.0000e+00   2.9145e+02
20260405_15:00:00   5.0188e-02   1.5542e+01   1.9851e+00   0.0000e+00   0.0000e+00   2.9267e+02
20260405_18:00:00   5.1302e-02   1.5869e+01   2.2520e+00   0.0000e+00   0.0000e+00   2.9128e+02
20260405_21:00:00   5.3065e-02   1.6343e+01   2.7090e+00   0.0000e+00   0.0000e+00   2.9086e+02
20260406_00:00:00   5.6965e-02   1.7352e+01   3.4171e+00   0.0000e+00   0.0000e+00   2.8894e+02
20260406_03:00:00   5.5919e-02   1.7076e+01   3.0768e+00   0.0000e+00   0.0000e+00   2.9018e+02
20260406_06:00:00   5.4633e-02   1.6717e+01   2.8007e+00   0.0000e+00   4.2460e-06   2.9213e+02
20260406_09:00:00   5.4944e-02   1.6769e+01   2.8363e+00   0.0000e+00   5.9659e-04   2.9347e+02
20260406_12:00:00   5.5622e-02   1.6919e+01   2.8904e+00   0.0000e+00   1.4112e-03   2.9643e+02
20260406_15:00:00   5.5010e-02   1.6757e+01   2.6439e+00   0.0000e+00   0.0000e+00   3.0577e+02
20260406_18:00:00   5.5873e-02   1.7008e+01   2.8360e+00   0.0000e+00   0.0000e+00   3.1082e+02
20260406_21:00:00   6.1139e-02   1.8312e+01   3.9557e+00   0.0000e+00   0.0000e+00   3.0907e+02
20260407_00:00:00   6.5441e-02   1.9349e+01   4.7343e+00   0.0000e+00   6.2440e-04   3.0775e+02
20260407_03:00:00   7.0441e-02   2.0494e+01   5.0967e+00   1.8464e-03   7.9363e-03   3.1041e+02
20260407_06:00:00   1.1824e-01   3.2283e+01   7.2020e+00   3.2536e-02   1.6570e-04   3.1529e+02
20260407_09:00:00   2.3158e-01   5.7820e+01   6.9890e+00   1.5938e-01   6.2160e-04   3.1703e+02
20260407_12:00:00   1.3415e-01   3.5962e+01   6.2056e+00   5.5560e-02   1.2449e-03   3.1640e+02
20260407_15:00:00   8.3306e-02   2.3747e+01   5.4781e+00   4.7710e-03   1.1807e-04   3.1800e+02
20260407_18:00:00   7.9263e-02   2.2797e+01   5.5705e+00   2.1300e-04   2.7260e-05   3.1999e+02
20260407_21:00:00   8.1410e-02   2.3382e+01   6.2816e+00   0.0000e+00   4.2068e-04   3.1747e+02
20260408_00:00:00   8.0906e-02   2.3316e+01   6.3350e+00   0.0000e+00   8.1640e-04   3.0892e+02
20260408_03:00:00   7.2439e-02   2.1242e+01   4.9266e+00   0.0000e+00   1.5384e-04   3.0299e+02
20260408_06:00:00   6.4554e-02   1.9262e+01   3.6997e+00   0.0000e+00   1.9678e-03   2.9946e+02
20260408_09:00:00   6.6189e-02   1.9662e+01   3.9672e+00   0.0000e+00   5.9760e-05   2.9943e+02
20260408_12:00:00   6.3945e-02   1.9076e+01   3.6758e+00   0.0000e+00   1.1878e-03   2.9742e+02
20260408_15:00:00   6.3741e-02   1.9035e+01   3.6550e+00   0.0000e+00   2.5540e-04   3.0002e+02
20260408_18:00:00   7.2585e-02   2.1330e+01   5.1733e+00   0.0000e+00   9.5540e-04   2.9792e+02
20260408_21:00:00   9.1972e-02   2.6090e+01   8.6835e+00   9.2860e-04   9.5577e-03   2.9481e+02
20260409_00:00:00   1.2034e-01   3.2919e+01   1.2270e+01   3.6374e-03   1.1060e-01   2.9755e+02
