#            date       tau255        Tb[K]      pwv[mm] lwp[kg*m^-2] iwp[kg*m^-2]       o3[DU]
20260627_00:00:00   1.6418e-01   4.4563e+01   1.9620e+01   2.9363e-03   1.8146e-02   3.0143e+02
20260627_01:00:00   1.6597e-01   4.4846e+01   1.8529e+01   1.6081e-02   3.9505e-02   3.0156e+02
20260627_02:00:00   1.6330e-01   4.4129e+01   1.7704e+01   2.0241e-02   3.5219e-02   3.0424e+02
20260627_03:00:00   1.3883e-01   3.8466e+01   1.6454e+01   2.9116e-03   5.5342e-03   3.0703e+02
20260627_04:00:00   1.2357e-01   3.4810e+01   1.4610e+01   0.0000e+00   0.0000e+00   3.0541e+02
20260627_05:00:00   1.1641e-01   3.3032e+01   1.3520e+01   0.0000e+00   7.9815e-04   3.0600e+02
20260627_06:00:00   1.2260e-01   3.4507e+01   1.4364e+01   0.0000e+00   6.2966e-03   3.0777e+02
20260627_07:00:00   1.2424e-01   3.4917e+01   1.4573e+01   0.0000e+00   4.9641e-04   3.0879e+02
20260627_08:00:00   1.2783e-01   3.5782e+01   1.4946e+01   0.0000e+00   1.8194e-03   3.0613e+02
20260627_09:00:00   1.3237e-01   3.6845e+01   1.5464e+01   0.0000e+00   1.6136e-04   3.0672e+02
20260627_10:00:00   1.3039e-01   3.6359e+01   1.5200e+01   0.0000e+00   3.9456e-05   3.0654e+02
20260627_11:00:00   1.2072e-01   3.4004e+01   1.3832e+01   0.0000e+00   4.6340e-05   3.0709e+02
20260627_12:00:00   1.0660e-01   3.0520e+01   1.1762e+01   0.0000e+00   0.0000e+00   3.0790e+02
20260627_13:00:00   9.7954e-02   2.8359e+01   1.0398e+01   0.0000e+00   0.0000e+00   3.0749e+02
20260627_14:00:00   1.0076e-01   2.9067e+01   1.0752e+01   0.0000e+00   0.0000e+00   3.0890e+02
20260627_15:00:00   1.0331e-01   2.9747e+01   1.1090e+01   0.0000e+00   0.0000e+00   3.1047e+02
20260627_16:00:00   1.0446e-01   3.0081e+01   1.1281e+01   0.0000e+00   0.0000e+00   3.1387e+02
20260627_17:00:00   1.0582e-01   3.0458e+01   1.1550e+01   0.0000e+00   0.0000e+00   3.1574e+02
20260627_18:00:00   1.0941e-01   3.1367e+01   1.2116e+01   0.0000e+00   0.0000e+00   3.1626e+02
20260627_19:00:00   1.1288e-01   3.2210e+01   1.2799e+01   0.0000e+00   0.0000e+00   3.1564e+02
20260627_20:00:00   1.1453e-01   3.2664e+01   1.3161e+01   0.0000e+00   0.0000e+00   3.1572e+02
20260627_21:00:00   1.1739e-01   3.3409e+01   1.3663e+01   0.0000e+00   0.0000e+00   3.1575e+02
20260627_22:00:00   1.1856e-01   3.3708e+01   1.3860e+01   0.0000e+00   0.0000e+00   3.1588e+02
20260627_23:00:00   1.1550e-01   3.2965e+01   1.3388e+01   0.0000e+00   0.0000e+00   3.1432e+02
20260628_00:00:00   1.1554e-01   3.2992e+01   1.3228e+01   0.0000e+00   0.0000e+00   3.1408e+02
20260628_01:00:00   1.0840e-01   3.1261e+01   1.2024e+01   0.0000e+00   0.0000e+00   3.1477e+02
20260628_02:00:00   1.1084e-01   3.1890e+01   1.2126e+01   0.0000e+00   0.0000e+00   3.1441e+02
20260628_03:00:00   1.1081e-01   3.1891e+01   1.1931e+01   0.0000e+00   0.0000e+00   3.1508e+02
20260628_04:00:00   1.0908e-01   3.1429e+01   1.1614e+01   0.0000e+00   0.0000e+00   3.1860e+02
20260628_05:00:00   1.0751e-01   3.0998e+01   1.1430e+01   0.0000e+00   0.0000e+00   3.2090e+02
20260628_06:00:00   1.0586e-01   3.0560e+01   1.1214e+01   0.0000e+00   0.0000e+00   3.2024e+02
20260628_07:00:00   1.0740e-01   3.0890e+01   1.1481e+01   0.0000e+00   0.0000e+00   3.1977e+02
20260628_08:00:00   1.0887e-01   3.1220e+01   1.1728e+01   0.0000e+00   0.0000e+00   3.1924e+02
20260628_09:00:00   1.0620e-01   3.0539e+01   1.1432e+01   0.0000e+00   7.7400e-06   3.1838e+02
20260628_10:00:00   1.0255e-01   2.9570e+01   1.1093e+01   0.0000e+00   1.8162e-03   3.1947e+02
20260628_11:00:00   1.0020e-01   2.8941e+01   1.0989e+01   0.0000e+00   2.8180e-04   3.1700e+02
20260628_12:00:00   1.0053e-01   2.8979e+01   1.1248e+01   0.0000e+00   1.1836e-04   3.1617e+02
20260628_13:00:00   1.0439e-01   2.9853e+01   1.2131e+01   0.0000e+00   5.3820e-03   3.1669e+02
20260628_14:00:00   1.0314e-01   2.9491e+01   1.1982e+01   0.0000e+00   1.3849e-02   3.1424e+02
20260628_15:00:00   9.7399e-02   2.8058e+01   1.0992e+01   0.0000e+00   6.9027e-02   3.1456e+02
20260628_16:00:00   9.0092e-02   2.6312e+01   9.6363e+00   0.0000e+00   2.6571e-02   3.1480e+02
20260628_17:00:00   9.2917e-02   2.7075e+01   1.0022e+01   0.0000e+00   5.8440e-04   3.1394e+02
20260628_18:00:00   9.4375e-02   2.7450e+01   1.0363e+01   0.0000e+00   1.4801e-02   3.0816e+02
20260628_19:00:00   9.9658e-02   2.8748e+01   1.1375e+01   0.0000e+00   4.8930e-03   3.0642e+02
20260628_20:00:00   1.0307e-01   2.9573e+01   1.2096e+01   0.0000e+00   0.0000e+00   3.0508e+02
20260628_21:00:00   1.1247e-01   3.1899e+01   1.3535e+01   0.0000e+00   0.0000e+00   3.0610e+02
20260628_22:00:00   1.2026e-01   3.3864e+01   1.4468e+01   0.0000e+00   0.0000e+00   3.0812e+02
20260628_23:00:00   1.2800e-01   3.5828e+01   1.5354e+01   0.0000e+00   3.0960e-06   3.0571e+02
20260629_00:00:00   1.3343e-01   3.7173e+01   1.5982e+01   0.0000e+00   2.3480e-05   3.0590e+02
20260629_01:00:00   1.2491e-01   3.5134e+01   1.4589e+01   4.3540e-06   1.4802e-05   3.0493e+02
20260629_02:00:00   1.1628e-01   3.3057e+01   1.3047e+01   0.0000e+00   0.0000e+00   3.0428e+02
20260629_03:00:00   1.1282e-01   3.2202e+01   1.2414e+01   0.0000e+00   0.0000e+00   3.0460e+02
20260629_04:00:00   1.1315e-01   3.2260e+01   1.2313e+01   0.0000e+00   0.0000e+00   3.0464e+02
20260629_05:00:00   1.1341e-01   3.2278e+01   1.2280e+01   0.0000e+00   0.0000e+00   3.0594e+02
20260629_06:00:00   1.1476e-01   3.2568e+01   1.2501e+01   0.0000e+00   0.0000e+00   3.0629e+02
20260629_07:00:00   1.1623e-01   3.2895e+01   1.2712e+01   0.0000e+00   0.0000e+00   3.0636e+02
20260629_08:00:00   1.1524e-01   3.2622e+01   1.2562e+01   0.0000e+00   0.0000e+00   3.0688e+02
20260629_09:00:00   1.1479e-01   3.2476e+01   1.2410e+01   0.0000e+00   0.0000e+00   3.0706e+02
20260629_10:00:00   1.1256e-01   3.1906e+01   1.2014e+01   0.0000e+00   0.0000e+00   3.0981e+02
20260629_11:00:00   1.0895e-01   3.1010e+01   1.1456e+01   0.0000e+00   0.0000e+00   3.0837e+02
20260629_12:00:00   1.0792e-01   3.0745e+01   1.1257e+01   0.0000e+00   0.0000e+00   3.0871e+02
20260629_13:00:00   1.0770e-01   3.0672e+01   1.1170e+01   0.0000e+00   0.0000e+00   3.0867e+02
20260629_14:00:00   1.0556e-01   3.0167e+01   1.0818e+01   0.0000e+00   0.0000e+00   3.0811e+02
20260629_15:00:00   1.0084e-01   2.9021e+01   1.0155e+01   0.0000e+00   0.0000e+00   3.0669e+02
20260629_16:00:00   1.0024e-01   2.8888e+01   1.0071e+01   0.0000e+00   0.0000e+00   3.0607e+02
20260629_17:00:00   9.7438e-02   2.8198e+01   9.8138e+00   0.0000e+00   0.0000e+00   3.0621e+02
20260629_18:00:00   9.7066e-02   2.8128e+01   9.9043e+00   0.0000e+00   0.0000e+00   3.0685e+02
20260629_19:00:00   9.4476e-02   2.7497e+01   9.7625e+00   0.0000e+00   0.0000e+00   3.0536e+02
20260629_20:00:00   9.5643e-02   2.7784e+01   1.0064e+01   0.0000e+00   0.0000e+00   3.0416e+02
20260629_21:00:00   9.3782e-02   2.7346e+01   9.8879e+00   0.0000e+00   0.0000e+00   3.0341e+02
20260629_22:00:00   9.5340e-02   2.7748e+01   1.0186e+01   0.0000e+00   0.0000e+00   3.0297e+02
20260629_23:00:00   9.8172e-02   2.8469e+01   1.0633e+01   0.0000e+00   0.0000e+00   3.0238e+02
20260630_00:00:00   1.0230e-01   2.9495e+01   1.1224e+01   0.0000e+00   0.0000e+00   3.0145e+02
20260630_01:00:00   1.0030e-01   2.9000e+01   1.0870e+01   0.0000e+00   0.0000e+00   3.0155e+02
20260630_02:00:00   1.0163e-01   2.9395e+01   1.0860e+01   0.0000e+00   0.0000e+00   3.0088e+02
20260630_03:00:00   1.0231e-01   2.9569e+01   1.0796e+01   0.0000e+00   0.0000e+00   2.9879e+02
20260630_04:00:00   9.6981e-02   2.8217e+01   9.9315e+00   0.0000e+00   0.0000e+00   2.9725e+02
20260630_05:00:00   9.4475e-02   2.7562e+01   9.5220e+00   0.0000e+00   0.0000e+00   2.9742e+02
20260630_06:00:00   9.2201e-02   2.6972e+01   9.1309e+00   0.0000e+00   0.0000e+00   2.9786e+02
20260630_07:00:00   9.1422e-02   2.6763e+01   8.9687e+00   0.0000e+00   0.0000e+00   2.9863e+02
20260630_08:00:00   9.4652e-02   2.7565e+01   9.3514e+00   0.0000e+00   0.0000e+00   2.9915e+02
20260630_09:00:00   9.5280e-02   2.7732e+01   9.3690e+00   0.0000e+00   0.0000e+00   3.0177e+02
20260630_10:00:00   9.1918e-02   2.6880e+01   8.8153e+00   0.0000e+00   0.0000e+00   2.9996e+02
20260630_11:00:00   8.5947e-02   2.5333e+01   8.0024e+00   0.0000e+00   0.0000e+00   2.9970e+02
20260630_12:00:00   7.9180e-02   2.3561e+01   7.0865e+00   0.0000e+00   0.0000e+00   2.9855e+02
20260630_13:00:00   7.7869e-02   2.3202e+01   6.8664e+00   0.0000e+00   0.0000e+00   2.9569e+02
20260630_14:00:00   7.7074e-02   2.2997e+01   6.7638e+00   0.0000e+00   0.0000e+00   2.9753e+02
20260630_15:00:00   7.6685e-02   2.2915e+01   6.7312e+00   0.0000e+00   0.0000e+00   2.9861e+02
20260630_16:00:00   7.7171e-02   2.3036e+01   6.9230e+00   0.0000e+00   0.0000e+00   2.9671e+02
20260630_17:00:00   7.3700e-02   2.2143e+01   6.5165e+00   0.0000e+00   0.0000e+00   2.9586e+02
20260630_18:00:00   7.3860e-02   2.2182e+01   6.6436e+00   0.0000e+00   0.0000e+00   2.9564e+02
20260630_19:00:00   7.3720e-02   2.2154e+01   6.6875e+00   0.0000e+00   0.0000e+00   2.9680e+02
20260630_20:00:00   7.6334e-02   2.2827e+01   7.1630e+00   0.0000e+00   0.0000e+00   2.9592e+02
20260630_21:00:00   7.9286e-02   2.3602e+01   7.6572e+00   0.0000e+00   0.0000e+00   2.9492e+02
20260630_22:00:00   8.0702e-02   2.3962e+01   7.9148e+00   0.0000e+00   0.0000e+00   2.9532e+02
20260630_23:00:00   7.8934e-02   2.3510e+01   7.6494e+00   0.0000e+00   0.0000e+00   2.9576e+02
20260701_00:00:00   8.0159e-02   2.3831e+01   7.8155e+00   0.0000e+00   0.0000e+00   2.9719e+02
20260701_01:00:00   7.9694e-02   2.3720e+01   7.6937e+00   0.0000e+00   0.0000e+00   2.9843e+02
20260701_02:00:00   7.3495e-02   2.2126e+01   6.6200e+00   0.0000e+00   0.0000e+00   2.9989e+02
20260701_03:00:00   7.1299e-02   2.1551e+01   6.1344e+00   0.0000e+00   0.0000e+00   2.9927e+02
20260701_04:00:00   7.0935e-02   2.1438e+01   6.0156e+00   0.0000e+00   0.0000e+00   3.0037e+02
20260701_05:00:00   6.8369e-02   2.0746e+01   5.5677e+00   0.0000e+00   0.0000e+00   3.0106e+02
20260701_06:00:00   6.5929e-02   2.0099e+01   5.1376e+00   0.0000e+00   0.0000e+00   2.9989e+02
20260701_07:00:00   6.4592e-02   1.9735e+01   4.8994e+00   0.0000e+00   0.0000e+00   3.0045e+02
20260701_08:00:00   6.4809e-02   1.9773e+01   4.9320e+00   0.0000e+00   0.0000e+00   3.0188e+02
20260701_09:00:00   6.6383e-02   2.0178e+01   5.1642e+00   0.0000e+00   0.0000e+00   3.0498e+02
20260701_10:00:00   6.6736e-02   2.0271e+01   5.1785e+00   0.0000e+00   0.0000e+00   3.0609e+02
20260701_11:00:00   6.5360e-02   1.9913e+01   4.9367e+00   0.0000e+00   0.0000e+00   3.0772e+02
20260701_12:00:00   6.3132e-02   1.9331e+01   4.5654e+00   0.0000e+00   0.0000e+00   3.0711e+02
20260701_13:00:00   6.0935e-02   1.8743e+01   4.2249e+00   0.0000e+00   0.0000e+00   3.0775e+02
20260701_14:00:00   5.9445e-02   1.8347e+01   3.9749e+00   0.0000e+00   0.0000e+00   3.0688e+02
20260701_15:00:00   5.8351e-02   1.8070e+01   3.8156e+00   0.0000e+00   0.0000e+00   3.0676e+02
20260701_16:00:00   5.6953e-02   1.7705e+01   3.6532e+00   0.0000e+00   0.0000e+00   3.0912e+02
20260701_17:00:00   5.5989e-02   1.7459e+01   3.5464e+00   0.0000e+00   0.0000e+00   3.1061e+02
20260701_18:00:00   5.6933e-02   1.7713e+01   3.7840e+00   0.0000e+00   0.0000e+00   3.0913e+02
20260701_19:00:00   5.6745e-02   1.7669e+01   3.8281e+00   0.0000e+00   0.0000e+00   3.0940e+02
20260701_20:00:00   5.6215e-02   1.7538e+01   3.7878e+00   0.0000e+00   0.0000e+00   3.1025e+02
20260701_21:00:00   5.6192e-02   1.7535e+01   3.8436e+00   0.0000e+00   0.0000e+00   3.0823e+02
20260701_22:00:00   5.6187e-02   1.7537e+01   3.8767e+00   0.0000e+00   0.0000e+00   3.0535e+02
20260701_23:00:00   5.6705e-02   1.7675e+01   3.9826e+00   0.0000e+00   0.0000e+00   3.0374e+02
20260702_00:00:00   5.7622e-02   1.7921e+01   4.1484e+00   0.0000e+00   0.0000e+00   3.0273e+02
20260702_03:00:00   6.0627e-02   1.8717e+01   4.5890e+00   0.0000e+00   0.0000e+00   3.0222e+02
20260702_06:00:00   5.8413e-02   1.8135e+01   4.0814e+00   0.0000e+00   0.0000e+00   3.0498e+02
20260702_09:00:00   5.7285e-02   1.7814e+01   3.8863e+00   0.0000e+00   0.0000e+00   3.0154e+02
20260702_12:00:00   6.9685e-02   2.1056e+01   5.9576e+00   0.0000e+00   0.0000e+00   2.9900e+02
20260702_15:00:00   7.3769e-02   2.2121e+01   6.5989e+00   0.0000e+00   0.0000e+00   3.0123e+02
20260702_18:00:00   7.6706e-02   2.2953e+01   7.3502e+00   0.0000e+00   4.2464e-03   2.9851e+02
20260702_21:00:00   8.7084e-02   2.5553e+01   9.5994e+00   0.0000e+00   6.0475e-02   2.9501e+02
20260703_00:00:00   8.4229e-02   2.4888e+01   9.1183e+00   0.0000e+00   0.0000e+00   2.9759e+02
20260703_03:00:00   8.3980e-02   2.4808e+01   8.9741e+00   0.0000e+00   1.5858e-03   2.9789e+02
20260703_06:00:00   9.3097e-02   2.7120e+01   1.0199e+01   0.0000e+00   8.4073e-03   2.9892e+02
20260703_09:00:00   9.1108e-02   2.6685e+01   9.6427e+00   0.0000e+00   1.2720e-02   2.9840e+02
20260703_12:00:00   1.0469e-01   3.0126e+01   1.1603e+01   0.0000e+00   2.0931e-03   2.9676e+02
20260703_15:00:00   1.1797e-01   3.3467e+01   1.3556e+01   0.0000e+00   3.0158e-03   2.9723e+02
20260703_18:00:00   1.3483e-01   3.7554e+01   1.6338e+01   1.3888e-05   4.3495e-03   2.9288e+02
20260703_21:00:00   2.0292e-01   5.2772e+01   1.8429e+01   6.4944e-02   2.0025e-01   2.9006e+02
20260704_00:00:00   2.2303e-01   5.7442e+01   2.1562e+01   6.0233e-02   1.1260e-01   2.8887e+02
20260704_03:00:00   1.6709e-01   4.5061e+01   2.1164e+01   3.1543e-04   3.5541e-01   2.9074e+02
20260704_06:00:00   1.6117e-01   4.3743e+01   1.7381e+01   2.1620e-02   2.5245e-02   2.8885e+02
20260704_09:00:00   1.7307e-01   4.6252e+01   1.7858e+01   2.9000e-02   8.9423e-02   2.8824e+02
20260704_12:00:00   1.3400e-01   3.7256e+01   1.6141e+01   0.0000e+00   1.7424e-03   2.8816e+02
20260704_15:00:00   1.3023e-01   3.6385e+01   1.5611e+01   0.0000e+00   3.2823e-04   2.9281e+02
20260704_18:00:00   1.3477e-01   3.7516e+01   1.6478e+01   3.2520e-04   1.0766e-04   2.9038e+02
20260704_21:00:00   1.9503e-01   5.1187e+01   1.9118e+01   4.9230e-02   9.8155e-02   2.8957e+02
20260705_00:00:00   1.7176e-01   4.6297e+01   2.0459e+01   1.2073e-02   2.7799e-02   2.8910e+02
20260705_03:00:00   1.5557e-01   4.2524e+01   1.9670e+01   0.0000e+00   7.0762e-02   2.8894e+02
20260705_06:00:00   1.4326e-01   3.9436e+01   1.8031e+01   0.0000e+00   1.7829e-02   2.8826e+02
20260705_09:00:00   1.3278e-01   3.6728e+01   1.6531e+01   0.0000e+00   7.8134e-05   2.8966e+02
20260705_12:00:00   1.3367e-01   3.6924e+01   1.6579e+01   0.0000e+00   1.6046e-04   2.9359e+02
20260705_15:00:00   1.3349e-01   3.6911e+01   1.6482e+01   0.0000e+00   5.7580e-04   2.9586e+02
20260705_18:00:00   1.3377e-01   3.7102e+01   1.6702e+01   0.0000e+00   1.0698e-04   2.9430e+02
20260705_21:00:00   1.2949e-01   3.6199e+01   1.6471e+01   2.3819e-04   2.9180e-03   2.9703e+02
20260706_00:00:00   1.6315e-01   4.4008e+01   1.9248e+01   1.5626e-02   1.5247e-01   2.9829e+02
20260706_03:00:00   1.5921e-01   4.3300e+01   2.0174e+01   1.1024e-03   1.1831e-01   2.9789e+02
20260706_06:00:00   1.9270e-01   5.0704e+01   2.0485e+01   3.2922e-02   1.1364e-01   2.9913e+02
20260706_09:00:00   1.6396e-01   4.4314e+01   2.0163e+01   0.0000e+00   2.4370e-02   3.0203e+02
20260706_12:00:00   1.5331e-01   4.1821e+01   1.8658e+01   0.0000e+00   2.1292e-04   3.0103e+02
20260706_15:00:00   1.3996e-01   3.8750e+01   1.7003e+01   0.0000e+00   0.0000e+00   3.0329e+02
20260706_18:00:00   1.3690e-01   3.8041e+01   1.6664e+01   2.5640e-04   2.9320e-04   3.0306e+02
20260706_21:00:00   1.2822e-01   3.6080e+01   1.5788e+01   1.2895e-04   1.3353e-03   3.0296e+02
20260707_00:00:00   1.4307e-01   3.9675e+01   1.7581e+01   3.1783e-03   9.1853e-02   3.0385e+02
20260707_03:00:00   1.6570e-01   4.4872e+01   1.9382e+01   8.9664e-03   8.6326e-02   2.9959e+02
20260707_06:00:00   1.6402e-01   4.4517e+01   2.0146e+01   3.9178e-05   4.1663e-03   3.0065e+02
20260707_09:00:00   1.5782e-01   4.3062e+01   1.9176e+01   7.7400e-05   4.1838e-04   3.0203e+02
20260707_12:00:00   1.4511e-01   4.0100e+01   1.7413e+01   0.0000e+00   8.7800e-04   3.0106e+02
20260707_15:00:00   1.4028e-01   3.8953e+01   1.6781e+01   0.0000e+00   7.2360e-05   3.0299e+02
20260707_18:00:00   1.3575e-01   3.7936e+01   1.6442e+01   0.0000e+00   1.3888e-05   3.0442e+02
20260707_21:00:00   1.6436e-01   4.4387e+01   1.7767e+01   2.6759e-02   1.3327e-01   3.0097e+02
20260708_00:00:00   2.1189e-01   5.4962e+01   1.9160e+01   7.0487e-02   9.5092e-02   2.9600e+02
20260708_03:00:00   2.1341e-01   5.5232e+01   2.0742e+01   5.6746e-02   1.6269e-01   2.9644e+02
20260708_06:00:00   1.6443e-01   4.4651e+01   2.0834e+01   0.0000e+00   1.7364e-02   2.9688e+02
20260708_09:00:00   1.4531e-01   4.0196e+01   1.8103e+01   0.0000e+00   2.8244e-03   2.9392e+02
20260708_12:00:00   1.4560e-01   4.0202e+01   1.8130e+01   0.0000e+00   0.0000e+00   2.9742e+02
20260708_15:00:00   1.4320e-01   3.9645e+01   1.7663e+01   0.0000e+00   1.6836e-05   2.9917e+02
20260708_18:00:00   1.3677e-01   3.8273e+01   1.6843e+01   0.0000e+00   1.9398e-05   3.0236e+02
20260708_21:00:00   1.2657e-01   3.5724e+01   1.5968e+01   7.3540e-04   9.9189e-04   2.9948e+02
20260709_00:00:00   1.1899e-01   3.3972e+01   1.5079e+01   0.0000e+00   3.1160e-04   2.9970e+02
20260709_03:00:00   1.4195e-01   3.9424e+01   1.8374e+01   8.4920e-06   1.7986e-02   3.0108e+02
20260709_06:00:00   1.4521e-01   4.0275e+01   1.8282e+01   0.0000e+00   1.0224e-03   2.9997e+02
20260709_09:00:00   1.4061e-01   3.9121e+01   1.7875e+01   0.0000e+00   1.3844e-04   2.9974e+02
20260709_12:00:00   1.3809e-01   3.8489e+01   1.7309e+01   0.0000e+00   2.3420e-03   3.0048e+02
20260709_15:00:00   1.3116e-01   3.6758e+01   1.6443e+01   0.0000e+00   0.0000e+00   3.0379e+02
20260709_18:00:00   1.2763e-01   3.6005e+01   1.6077e+01   0.0000e+00   0.0000e+00   3.0223e+02
20260709_21:00:00   1.3132e-01   3.6602e+01   1.4790e+01   1.6497e-02   5.0452e-02   3.0160e+02
20260710_00:00:00   9.8517e-02   2.8679e+01   1.2240e+01   0.0000e+00   6.1838e-03   2.9992e+02
20260710_03:00:00   9.9172e-02   2.8813e+01   1.2177e+01   0.0000e+00   4.6104e-02   3.0086e+02
20260710_06:00:00   8.3307e-02   2.4767e+01   9.3697e+00   0.0000e+00   0.0000e+00   3.0273e+02
20260710_09:00:00   8.9018e-02   2.6353e+01   9.8631e+00   0.0000e+00   0.0000e+00   3.0039e+02
20260710_12:00:00   8.1506e-02   2.4373e+01   8.6236e+00   0.0000e+00   0.0000e+00   2.9967e+02
20260710_15:00:00   7.7229e-02   2.3294e+01   7.8450e+00   0.0000e+00   0.0000e+00   2.9999e+02
20260710_18:00:00   7.6103e-02   2.3030e+01   7.8329e+00   0.0000e+00   0.0000e+00   2.9904e+02
20260710_21:00:00   7.9078e-02   2.3713e+01   8.6838e+00   0.0000e+00   0.0000e+00   2.9819e+02
20260711_00:00:00   7.8825e-02   2.3600e+01   8.8337e+00   1.1972e-05   2.6067e-02   2.9739e+02
20260711_03:00:00   9.9738e-02   2.9347e+01   1.1011e+01   0.0000e+00   2.4724e-03   2.9727e+02
20260711_06:00:00   9.6645e-02   2.8551e+01   1.0550e+01   0.0000e+00   1.3294e-02   2.9705e+02
20260711_09:00:00   9.5734e-02   2.8238e+01   1.0520e+01   0.0000e+00   3.1520e-03   2.9632e+02
20260711_12:00:00   1.1323e-01   3.2665e+01   1.2680e+01   0.0000e+00   2.1580e-04   2.9393e+02
20260711_15:00:00   1.0808e-01   3.1423e+01   1.1825e+01   0.0000e+00   0.0000e+00   2.9949e+02
20260711_18:00:00   1.1049e-01   3.2050e+01   1.2808e+01   0.0000e+00   0.0000e+00   2.9656e+02
20260711_21:00:00   1.1552e-01   3.3071e+01   1.4494e+01   0.0000e+00   2.8720e-04   2.9371e+02
20260712_00:00:00   1.6356e-01   4.4343e+01   1.6968e+01   3.6705e-02   7.9507e-02   2.9221e+02
20260712_03:00:00   1.3030e-01   3.6904e+01   1.6691e+01   0.0000e+00   0.0000e+00   2.9141e+02
20260712_06:00:00   1.5010e-01   4.1671e+01   1.9163e+01   0.0000e+00   2.3402e-03   2.9484e+02
20260712_09:00:00   1.5221e-01   4.2127e+01   1.9234e+01   0.0000e+00   2.5393e-03   2.9344e+02
20260712_12:00:00   1.5186e-01   4.2021e+01   1.8808e+01   0.0000e+00   2.5200e-04   2.9327e+02
20260712_15:00:00   1.4263e-01   3.9832e+01   1.7623e+01   0.0000e+00   2.5480e-05   2.9548e+02
20260712_18:00:00   1.4652e-01   4.0833e+01   1.8332e+01   0.0000e+00   2.3220e-05   2.9464e+02
20260712_21:00:00   1.4820e-01   4.1069e+01   1.8390e+01   7.3257e-03   3.8445e-02   2.9118e+02
20260713_00:00:00   9.7775e-01   1.6683e+02   2.5102e+01   9.0909e-01   1.5317e+00   2.9306e+02
