#            date       tau255        Tb[K]      pwv[mm] lwp[kg*m^-2] iwp[kg*m^-2]       o3[DU]
20260310_06:00:00   1.0028e-01   2.7776e+01   9.6876e+00   0.0000e+00   4.6361e-01   3.3716e+02
20260310_07:00:00   1.0567e-01   2.9075e+01   1.0375e+01   0.0000e+00   2.9422e-01   3.3496e+02
20260310_08:00:00   1.0838e-01   2.9763e+01   1.0642e+01   0.0000e+00   7.6587e-02   3.4114e+02
20260310_09:00:00   1.1446e-01   3.1170e+01   1.1178e+01   3.9480e-04   1.5223e-01   3.4917e+02
20260310_10:00:00   1.1716e-01   3.1765e+01   1.1498e+01   0.0000e+00   2.8267e-01   3.5097e+02
20260310_11:00:00   1.2071e-01   3.2643e+01   1.1068e+01   6.9485e-03   1.8402e-01   3.5226e+02
20260310_12:00:00   1.5436e-01   4.0761e+01   1.0370e+01   5.1399e-02   5.7750e-02   3.5647e+02
20260310_13:00:00   1.5728e-01   4.1471e+01   9.7892e+00   5.9552e-02   3.4901e-02   3.5864e+02
20260310_14:00:00   1.6676e-01   4.3647e+01   9.3586e+00   7.3700e-02   9.1982e-03   3.6079e+02
20260310_15:00:00   1.2328e-01   3.3447e+01   8.8036e+00   2.8920e-02   5.0897e-04   3.6525e+02
20260310_16:00:00   9.8287e-02   2.7353e+01   8.8707e+00   0.0000e+00   3.3170e-05   3.6743e+02
20260310_17:00:00   1.0145e-01   2.8138e+01   9.2530e+00   0.0000e+00   1.4288e-05   3.6853e+02
20260310_18:00:00   1.0446e-01   2.8896e+01   9.2826e+00   4.3400e-03   1.2536e-04   3.6877e+02
20260310_19:00:00   1.0519e-01   2.9068e+01   9.6005e+00   3.8065e-03   9.5118e-04   3.6240e+02
20260310_20:00:00   1.4055e-01   3.7321e+01   9.9425e+00   4.1437e-02   1.2548e-02   3.4743e+02
20260310_21:00:00   1.1661e-01   3.1775e+01   9.9895e+00   1.4229e-02   3.7524e-02   3.2688e+02
20260310_22:00:00   1.0747e-01   2.9681e+01   1.0107e+01   1.8227e-03   3.3816e-02   3.2678e+02
20260310_23:00:00   1.0047e-01   2.8038e+01   9.3154e+00   1.1088e-03   1.7850e-04   3.2668e+02
20260311_00:00:00   9.5982e-02   2.6967e+01   8.8547e+00   2.3980e-05   7.3772e-05   3.1212e+02
20260311_01:00:00   9.1788e-02   2.5986e+01   8.2464e+00   0.0000e+00   0.0000e+00   3.1049e+02
20260311_02:00:00   8.6227e-02   2.4634e+01   7.5251e+00   0.0000e+00   0.0000e+00   3.1135e+02
20260311_03:00:00   8.8779e-02   2.5260e+01   7.8564e+00   0.0000e+00   0.0000e+00   3.1270e+02
20260311_04:00:00   9.0741e-02   2.5755e+01   8.0782e+00   0.0000e+00   1.5078e-05   3.1129e+02
20260311_05:00:00   9.5768e-02   2.6993e+01   8.5097e+00   0.0000e+00   0.0000e+00   3.0668e+02
20260311_06:00:00   9.4512e-02   2.6692e+01   8.2886e+00   0.0000e+00   0.0000e+00   3.0520e+02
20260311_07:00:00   9.3979e-02   2.6555e+01   8.1631e+00   0.0000e+00   0.0000e+00   3.0616e+02
20260311_08:00:00   9.0759e-02   2.5754e+01   7.7633e+00   0.0000e+00   0.0000e+00   3.0750e+02
20260311_09:00:00   8.9515e-02   2.5440e+01   7.6690e+00   0.0000e+00   0.0000e+00   3.0472e+02
20260311_10:00:00   8.6277e-02   2.4655e+01   7.2614e+00   0.0000e+00   0.0000e+00   2.9998e+02
20260311_11:00:00   8.2076e-02   2.3612e+01   6.7108e+00   0.0000e+00   0.0000e+00   3.0184e+02
20260311_12:00:00   8.1316e-02   2.3426e+01   6.5744e+00   0.0000e+00   0.0000e+00   3.0414e+02
20260311_13:00:00   8.0030e-02   2.3108e+01   6.4074e+00   0.0000e+00   0.0000e+00   3.0208e+02
20260311_14:00:00   7.7536e-02   2.2493e+01   6.0704e+00   0.0000e+00   0.0000e+00   3.0021e+02
20260311_15:00:00   7.6087e-02   2.2127e+01   5.9195e+00   0.0000e+00   0.0000e+00   3.0211e+02
20260311_16:00:00   7.7547e-02   2.2476e+01   6.1926e+00   0.0000e+00   0.0000e+00   3.0632e+02
20260311_17:00:00   7.7650e-02   2.2516e+01   6.2107e+00   0.0000e+00   0.0000e+00   3.0891e+02
20260311_18:00:00   7.4856e-02   2.1859e+01   5.8312e+00   0.0000e+00   3.9800e-04   3.1089e+02
20260311_19:00:00   7.3585e-02   2.1573e+01   5.6507e+00   0.0000e+00   1.7402e-03   3.1108e+02
20260311_20:00:00   7.4874e-02   2.1925e+01   5.8306e+00   0.0000e+00   1.3488e-03   3.0837e+02
20260311_21:00:00   7.3164e-02   2.1520e+01   5.5612e+00   0.0000e+00   0.0000e+00   3.0486e+02
20260311_22:00:00   7.0329e-02   2.0822e+01   5.1580e+00   0.0000e+00   0.0000e+00   3.0569e+02
20260311_23:00:00   6.8648e-02   2.0387e+01   4.9799e+00   0.0000e+00   0.0000e+00   3.0751e+02
20260312_00:00:00   6.6349e-02   1.9792e+01   4.6314e+00   0.0000e+00   0.0000e+00   3.0769e+02
20260312_01:00:00   6.4646e-02   1.9355e+01   4.3248e+00   0.0000e+00   0.0000e+00   3.0621e+02
20260312_02:00:00   6.3421e-02   1.9037e+01   4.1048e+00   0.0000e+00   0.0000e+00   3.0402e+02
20260312_03:00:00   6.2351e-02   1.8748e+01   3.9210e+00   0.0000e+00   0.0000e+00   3.0426e+02
20260312_04:00:00   6.1514e-02   1.8518e+01   3.7729e+00   0.0000e+00   0.0000e+00   3.0796e+02
20260312_05:00:00   6.0464e-02   1.8236e+01   3.6015e+00   0.0000e+00   0.0000e+00   3.1163e+02
20260312_06:00:00   5.9559e-02   1.7993e+01   3.4473e+00   0.0000e+00   0.0000e+00   3.1455e+02
20260312_07:00:00   5.9043e-02   1.7849e+01   3.3597e+00   0.0000e+00   0.0000e+00   3.1469e+02
20260312_08:00:00   5.8527e-02   1.7718e+01   3.2917e+00   0.0000e+00   0.0000e+00   3.1212e+02
20260312_09:00:00   5.8665e-02   1.7751e+01   3.3234e+00   0.0000e+00   0.0000e+00   3.0996e+02
20260312_10:00:00   5.9135e-02   1.7859e+01   3.4507e+00   0.0000e+00   0.0000e+00   3.0778e+02
20260312_11:00:00   5.9537e-02   1.7951e+01   3.5514e+00   0.0000e+00   0.0000e+00   3.0732e+02
20260312_12:00:00   5.9392e-02   1.7917e+01   3.4988e+00   0.0000e+00   0.0000e+00   3.0247e+02
20260312_13:00:00   5.9838e-02   1.8029e+01   3.5573e+00   0.0000e+00   0.0000e+00   3.0171e+02
20260312_14:00:00   5.9354e-02   1.7915e+01   3.4640e+00   0.0000e+00   0.0000e+00   3.0473e+02
20260312_15:00:00   5.8731e-02   1.7771e+01   3.3545e+00   0.0000e+00   0.0000e+00   3.1064e+02
20260312_16:00:00   5.8859e-02   1.7816e+01   3.3836e+00   0.0000e+00   0.0000e+00   3.1026e+02
20260312_17:00:00   5.9599e-02   1.8014e+01   3.5341e+00   0.0000e+00   0.0000e+00   3.0867e+02
20260312_18:00:00   6.0148e-02   1.8165e+01   3.6741e+00   0.0000e+00   0.0000e+00   3.0495e+02
20260312_19:00:00   6.0641e-02   1.8294e+01   3.8291e+00   0.0000e+00   0.0000e+00   3.0203e+02
20260312_20:00:00   6.1134e-02   1.8423e+01   3.9897e+00   0.0000e+00   0.0000e+00   2.9977e+02
20260312_21:00:00   6.0769e-02   1.8345e+01   3.9579e+00   0.0000e+00   0.0000e+00   2.9874e+02
20260312_22:00:00   6.0485e-02   1.8287e+01   3.9097e+00   0.0000e+00   0.0000e+00   2.9746e+02
20260312_23:00:00   5.9447e-02   1.8041e+01   3.7027e+00   0.0000e+00   0.0000e+00   2.9712e+02
20260313_00:00:00   5.8444e-02   1.7790e+01   3.5113e+00   0.0000e+00   0.0000e+00   2.9824e+02
20260313_01:00:00   5.7131e-02   1.7459e+01   3.2803e+00   0.0000e+00   0.0000e+00   2.9967e+02
20260313_02:00:00   5.6988e-02   1.7423e+01   3.2544e+00   0.0000e+00   0.0000e+00   2.9979e+02
20260313_03:00:00   5.6780e-02   1.7371e+01   3.2136e+00   0.0000e+00   0.0000e+00   2.9874e+02
20260313_04:00:00   5.6046e-02   1.7185e+01   3.0744e+00   0.0000e+00   0.0000e+00   2.9688e+02
20260313_05:00:00   5.6207e-02   1.7231e+01   3.0878e+00   0.0000e+00   0.0000e+00   2.9422e+02
20260313_06:00:00   5.6309e-02   1.7252e+01   3.0890e+00   0.0000e+00   0.0000e+00   2.9196e+02
20260313_07:00:00   5.6267e-02   1.7239e+01   3.0647e+00   0.0000e+00   0.0000e+00   2.9344e+02
20260313_08:00:00   5.5969e-02   1.7158e+01   3.0019e+00   0.0000e+00   0.0000e+00   2.9239e+02
20260313_09:00:00   5.6248e-02   1.7228e+01   3.0314e+00   0.0000e+00   0.0000e+00   2.9261e+02
20260313_10:00:00   5.6642e-02   1.7326e+01   3.0837e+00   0.0000e+00   0.0000e+00   2.9253e+02
20260313_11:00:00   5.6998e-02   1.7410e+01   3.1468e+00   0.0000e+00   0.0000e+00   2.9501e+02
20260313_12:00:00   5.7618e-02   1.7563e+01   3.2621e+00   0.0000e+00   0.0000e+00   2.9463e+02
20260313_13:00:00   5.7721e-02   1.7585e+01   3.2951e+00   0.0000e+00   0.0000e+00   2.9662e+02
20260313_14:00:00   5.8082e-02   1.7669e+01   3.3808e+00   0.0000e+00   0.0000e+00   2.9654e+02
20260313_15:00:00   5.7985e-02   1.7637e+01   3.3858e+00   0.0000e+00   0.0000e+00   2.9540e+02
20260313_16:00:00   5.7938e-02   1.7641e+01   3.3812e+00   0.0000e+00   0.0000e+00   2.9627e+02
20260313_17:00:00   5.8804e-02   1.7864e+01   3.5762e+00   0.0000e+00   0.0000e+00   2.9591e+02
20260313_18:00:00   5.8146e-02   1.7709e+01   3.5312e+00   0.0000e+00   0.0000e+00   2.9552e+02
20260313_19:00:00   5.8792e-02   1.7880e+01   3.7035e+00   0.0000e+00   0.0000e+00   2.9246e+02
20260313_20:00:00   6.0792e-02   1.8380e+01   4.1526e+00   0.0000e+00   0.0000e+00   2.8985e+02
20260313_21:00:00   6.0949e-02   1.8422e+01   4.2523e+00   0.0000e+00   0.0000e+00   2.8935e+02
20260313_22:00:00   6.0748e-02   1.8375e+01   4.2804e+00   0.0000e+00   0.0000e+00   2.8905e+02
20260313_23:00:00   6.0055e-02   1.8210e+01   4.1747e+00   0.0000e+00   0.0000e+00   2.8986e+02
20260314_00:00:00   5.7467e-02   1.7572e+01   3.6614e+00   0.0000e+00   0.0000e+00   2.9123e+02
20260314_01:00:00   5.5174e-02   1.6998e+01   3.1990e+00   0.0000e+00   4.7560e-04   2.9143e+02
20260314_02:00:00   5.3924e-02   1.6673e+01   2.9601e+00   0.0000e+00   3.1546e-03   2.9206e+02
20260314_03:00:00   5.6284e-02   1.7296e+01   3.3484e+00   0.0000e+00   1.0668e-02   2.9255e+02
20260314_04:00:00   5.8923e-02   1.7975e+01   3.8110e+00   0.0000e+00   1.6100e-02   2.9351e+02
20260314_05:00:00   5.9413e-02   1.8095e+01   3.8930e+00   0.0000e+00   5.0825e-03   2.9452e+02
20260314_06:00:00   5.9205e-02   1.8073e+01   3.7477e+00   0.0000e+00   2.9392e-03   2.9316e+02
20260314_07:00:00   5.9214e-02   1.8072e+01   3.7583e+00   0.0000e+00   3.5146e-03   2.9216e+02
20260314_08:00:00   5.9838e-02   1.8206e+01   3.9358e+00   0.0000e+00   7.4956e-03   2.9262e+02
20260314_09:00:00   5.8836e-02   1.7960e+01   3.6926e+00   0.0000e+00   7.0140e-03   2.9290e+02
20260314_10:00:00   5.8045e-02   1.7744e+01   3.5482e+00   0.0000e+00   6.5624e-03   2.9311e+02
20260314_11:00:00   5.7399e-02   1.7574e+01   3.4234e+00   0.0000e+00   2.5512e-03   2.9224e+02
20260314_12:00:00   5.7006e-02   1.7466e+01   3.3464e+00   0.0000e+00   3.4870e-03   2.9172e+02
20260314_13:00:00   5.6308e-02   1.7264e+01   3.2584e+00   0.0000e+00   1.1024e-03   2.8983e+02
20260314_14:00:00   5.6120e-02   1.7200e+01   3.2344e+00   0.0000e+00   9.7998e-04   2.9109e+02
20260314_15:00:00   5.5722e-02   1.7096e+01   3.1516e+00   0.0000e+00   3.5281e-04   2.9163e+02
20260314_16:00:00   5.5334e-02   1.7001e+01   3.0896e+00   0.0000e+00   2.1544e-03   2.9072e+02
20260314_17:00:00   5.4667e-02   1.6836e+01   2.9911e+00   0.0000e+00   1.2431e-04   2.9050e+02
20260314_18:00:00   5.4955e-02   1.6904e+01   3.1152e+00   0.0000e+00   5.9722e-05   2.8982e+02
20260314_19:00:00   5.4752e-02   1.6840e+01   3.1338e+00   0.0000e+00   2.3469e-03   2.8837e+02
20260314_20:00:00   5.7277e-02   1.7451e+01   3.7252e+00   0.0000e+00   6.1013e-03   2.8558e+02
20260314_21:00:00   5.8159e-02   1.7692e+01   3.9267e+00   0.0000e+00   1.1167e-03   2.8410e+02
20260314_22:00:00   5.9411e-02   1.8023e+01   4.1316e+00   0.0000e+00   7.3525e-04   2.8480e+02
20260314_23:00:00   6.3452e-02   1.9012e+01   4.8897e+00   0.0000e+00   4.1751e-02   2.8449e+02
20260315_00:00:00   6.5886e-02   1.9599e+01   5.3451e+00   0.0000e+00   5.6389e-02   2.8426e+02
20260315_01:00:00   6.6800e-02   1.9810e+01   5.5342e+00   0.0000e+00   2.2741e-02   2.8532e+02
20260315_02:00:00   6.4274e-02   1.9181e+01   4.9572e+00   0.0000e+00   4.1769e-02   2.8708e+02
20260315_03:00:00   6.6712e-02   1.9772e+01   5.3907e+00   0.0000e+00   3.5378e-02   2.8915e+02
20260315_04:00:00   6.8063e-02   2.0119e+01   5.5616e+00   0.0000e+00   4.5035e-02   2.9013e+02
20260315_05:00:00   7.0912e-02   2.0827e+01   6.0400e+00   0.0000e+00   3.6474e-02   2.8931e+02
20260315_06:00:00   6.8379e-02   2.0261e+01   5.3870e+00   0.0000e+00   1.2110e-02   2.8783e+02
20260315_09:00:00   6.3885e-02   1.9125e+01   4.4677e+00   0.0000e+00   2.4072e-02   2.9398e+02
20260315_12:00:00   6.0168e-02   1.8200e+01   3.6816e+00   0.0000e+00   5.8362e-03   2.9793e+02
20260315_15:00:00   5.7401e-02   1.7499e+01   3.0914e+00   0.0000e+00   1.2514e-04   3.1480e+02
20260315_18:00:00   5.5060e-02   1.6929e+01   2.8411e+00   0.0000e+00   0.0000e+00   3.2314e+02
20260315_21:00:00   5.8939e-02   1.7942e+01   3.6440e+00   0.0000e+00   0.0000e+00   3.3211e+02
20260316_00:00:00   6.4196e-02   1.9229e+01   4.6879e+00   0.0000e+00   2.2177e-04   3.3634e+02
20260316_03:00:00   6.7307e-02   1.9991e+01   5.2324e+00   0.0000e+00   2.5507e-03   3.4255e+02
20260316_06:00:00   7.1972e-02   2.1140e+01   5.9704e+00   0.0000e+00   2.3508e-04   3.4376e+02
20260316_09:00:00   7.3777e-02   2.1608e+01   6.2995e+00   0.0000e+00   3.9654e-04   3.3858e+02
20260316_12:00:00   7.5499e-02   2.2060e+01   6.6413e+00   0.0000e+00   7.5710e-04   3.3351e+02
20260316_15:00:00   7.6849e-02   2.2406e+01   6.8752e+00   0.0000e+00   8.2108e-04   3.2772e+02
20260316_18:00:00   8.4078e-02   2.4219e+01   8.1172e+00   0.0000e+00   1.5695e-03   3.2648e+02
20260316_21:00:00   8.1315e-02   2.3660e+01   7.6552e+00   0.0000e+00   1.1548e-03   3.2497e+02
20260317_00:00:00   7.9370e-02   2.3251e+01   7.3202e+00   0.0000e+00   5.2883e-04   3.2660e+02
20260317_03:00:00   8.9528e-02   2.5738e+01   8.8720e+00   0.0000e+00   4.9317e-04   3.2832e+02
20260317_06:00:00   8.1739e-02   2.3857e+01   7.6733e+00   0.0000e+00   7.6420e-05   3.2627e+02
20260317_09:00:00   7.8676e-02   2.3106e+01   7.0482e+00   0.0000e+00   4.5945e-05   3.2314e+02
20260317_12:00:00   7.4597e-02   2.2067e+01   6.2247e+00   0.0000e+00   0.0000e+00   3.1963e+02
20260317_15:00:00   7.2620e-02   2.1553e+01   5.8612e+00   0.0000e+00   4.7000e-04   3.1298e+02
20260317_18:00:00   7.2574e-02   2.1593e+01   6.1145e+00   0.0000e+00   0.0000e+00   3.1012e+02
20260317_21:00:00   7.6650e-02   2.2685e+01   7.0155e+00   0.0000e+00   0.0000e+00   3.1134e+02
20260318_00:00:00   7.7864e-02   2.3041e+01   7.1820e+00   0.0000e+00   0.0000e+00   3.0891e+02
20260318_03:00:00   7.4916e-02   2.2321e+01   6.5761e+00   0.0000e+00   0.0000e+00   3.0878e+02
20260318_06:00:00   7.1244e-02   2.1393e+01   5.7814e+00   0.0000e+00   0.0000e+00   3.0710e+02
20260318_09:00:00   6.4581e-02   1.9646e+01   4.6505e+00   0.0000e+00   0.0000e+00   3.0693e+02
20260318_12:00:00   5.7517e-02   1.7763e+01   3.4729e+00   0.0000e+00   0.0000e+00   3.0774e+02
20260318_15:00:00   5.8263e-02   1.7956e+01   3.4816e+00   0.0000e+00   0.0000e+00   3.0570e+02
20260318_18:00:00   5.5482e-02   1.7252e+01   3.1058e+00   0.0000e+00   0.0000e+00   3.0650e+02
20260318_21:00:00   5.4818e-02   1.7090e+01   3.1759e+00   0.0000e+00   0.0000e+00   3.0739e+02
20260319_00:00:00   5.5906e-02   1.7391e+01   3.3874e+00   0.0000e+00   0.0000e+00   3.0546e+02
20260319_03:00:00   5.6007e-02   1.7413e+01   3.3805e+00   0.0000e+00   0.0000e+00   3.0840e+02
20260319_06:00:00   6.2926e-02   1.9216e+01   4.5646e+00   0.0000e+00   0.0000e+00   3.1042e+02
20260319_09:00:00   6.2632e-02   1.9116e+01   4.4168e+00   0.0000e+00   0.0000e+00   3.0977e+02
20260319_12:00:00   6.9139e-02   2.0805e+01   5.3869e+00   0.0000e+00   0.0000e+00   3.1229e+02
20260319_15:00:00   7.3164e-02   2.1823e+01   5.9971e+00   0.0000e+00   0.0000e+00   3.1302e+02
20260319_18:00:00   7.4016e-02   2.2076e+01   6.2376e+00   0.0000e+00   0.0000e+00   3.1163e+02
20260319_21:00:00   7.4911e-02   2.2284e+01   6.7187e+00   0.0000e+00   3.8700e-06   3.1288e+02
20260320_00:00:00   7.7733e-02   2.2968e+01   7.3576e+00   0.0000e+00   2.4517e-03   3.0990e+02
20260320_03:00:00   8.1952e-02   2.4022e+01   7.8864e+00   0.0000e+00   4.6264e-03   3.0791e+02
20260320_06:00:00   7.8118e-02   2.3028e+01   7.1415e+00   0.0000e+00   1.9245e-02   3.0808e+02
20260320_09:00:00   7.4769e-02   2.2181e+01   6.5330e+00   0.0000e+00   7.0600e-04   3.0645e+02
20260320_12:00:00   7.3702e-02   2.1875e+01   6.3820e+00   0.0000e+00   1.8799e-03   3.0780e+02
20260320_15:00:00   7.8928e-02   2.3176e+01   7.2469e+00   0.0000e+00   3.6710e-03   3.0592e+02
20260320_18:00:00   8.8578e-02   2.5655e+01   8.7799e+00   0.0000e+00   7.0994e-03   3.0818e+02
20260320_21:00:00   9.6249e-02   2.7405e+01   1.0449e+01   5.6320e-04   5.5455e-02   3.0669e+02
20260321_00:00:00   1.0207e-01   2.8786e+01   1.1458e+01   0.0000e+00   1.4322e-01   3.0418e+02
20260321_03:00:00   1.0732e-01   3.0078e+01   1.1917e+01   0.0000e+00   2.8146e-01   3.0585e+02
20260321_06:00:00   1.0965e-01   3.0546e+01   1.2059e+01   0.0000e+00   2.1083e-01   3.0671e+02
20260321_09:00:00   9.0201e-02   2.5694e+01   9.2228e+00   0.0000e+00   8.0792e-02   3.0598e+02
20260321_12:00:00   1.1124e-01   3.0683e+01   1.2243e+01   0.0000e+00   2.5778e-01   3.1021e+02
20260321_15:00:00   1.1194e-01   3.0862e+01   1.2356e+01   0.0000e+00   4.1747e-02   3.0888e+02
20260321_18:00:00   1.1577e-01   3.1858e+01   1.2711e+01   2.3940e-05   1.3535e-01   3.1146e+02
20260321_21:00:00   1.2424e-01   3.3900e+01   1.2031e+01   1.4860e-02   6.7591e-02   3.0939e+02
20260322_00:00:00   1.0249e-01   2.8719e+01   1.0921e+01   3.7800e-04   5.0264e-02   3.0791e+02
20260322_03:00:00   1.0136e-01   2.8412e+01   1.0568e+01   0.0000e+00   2.9455e-02   3.0806e+02
20260322_06:00:00   1.0922e-01   3.0193e+01   1.1592e+01   0.0000e+00   7.1215e-02   3.1176e+02
20260322_09:00:00   8.9119e-02   2.5365e+01   8.4155e+00   0.0000e+00   8.6089e-03   3.1266e+02
20260322_12:00:00   7.2430e-02   2.1289e+01   5.6559e+00   0.0000e+00   1.0581e-03   3.1527e+02
20260322_15:00:00   7.1841e-02   2.1148e+01   5.4499e+00   0.0000e+00   6.4520e-03   3.2131e+02
20260322_18:00:00   7.2741e-02   2.1406e+01   5.6395e+00   0.0000e+00   3.8587e-03   3.2240e+02
20260322_21:00:00   6.9944e-02   2.0678e+01   5.5040e+00   0.0000e+00   6.5646e-03   3.2463e+02
20260323_00:00:00   7.2019e-02   2.1137e+01   5.9534e+00   0.0000e+00   6.1454e-03   3.2779e+02
20260323_03:00:00   6.1349e-02   1.8481e+01   4.0146e+00   0.0000e+00   3.4474e-03   3.3214e+02
20260323_06:00:00   6.2661e-02   1.8844e+01   3.9654e+00   0.0000e+00   1.8098e-04   3.4420e+02
20260323_09:00:00   5.8464e-02   1.7779e+01   3.2788e+00   0.0000e+00   0.0000e+00   3.4329e+02
20260323_12:00:00   5.1719e-02   1.5997e+01   2.2246e+00   0.0000e+00   0.0000e+00   3.3803e+02
20260323_15:00:00   4.9504e-02   1.5407e+01   1.9690e+00   0.0000e+00   0.0000e+00   3.2844e+02
20260323_18:00:00   5.4697e-02   1.6799e+01   2.9300e+00   0.0000e+00   4.1600e-06   3.2527e+02
20260323_21:00:00   6.0585e-02   1.8351e+01   4.1353e+00   0.0000e+00   9.9591e-04   3.2322e+02
20260324_00:00:00   6.3865e-02   1.9189e+01   4.5233e+00   0.0000e+00   8.8040e-02   3.2674e+02
20260324_03:00:00   7.9583e-02   2.3089e+01   6.8177e+00   0.0000e+00   1.5281e-01   3.3147e+02
20260324_06:00:00   9.2518e-02   2.6150e+01   7.7599e+00   5.7618e-03   5.1022e-02   3.3534e+02
20260324_09:00:00   9.6815e-02   2.7083e+01   9.3391e+00   6.1920e-05   8.1981e-03   3.4555e+02
20260324_12:00:00   6.9843e-02   2.0500e+01   5.0865e+00   0.0000e+00   1.8580e-02   3.5353e+02
20260324_15:00:00   6.0859e-02   1.8227e+01   3.4031e+00   0.0000e+00   0.0000e+00   3.6686e+02
20260324_18:00:00   5.2281e-02   1.6044e+01   2.3069e+00   0.0000e+00   0.0000e+00   3.7220e+02
20260324_21:00:00   5.3409e-02   1.6284e+01   2.5810e+00   0.0000e+00   0.0000e+00   3.7023e+02
20260325_00:00:00   5.9716e-02   1.7771e+01   3.5242e+00   0.0000e+00   0.0000e+00   3.7453e+02
20260325_03:00:00   6.8155e-02   1.9792e+01   4.4550e+00   0.0000e+00   9.7220e-05   3.7893e+02
20260325_06:00:00   9.3108e-02   2.5643e+01   5.2406e+00   1.9246e-02   6.1713e-02   3.7955e+02
20260325_09:00:00   6.8695e-02   1.9682e+01   4.0766e+00   8.9280e-04   1.9718e-02   3.8243e+02
20260325_12:00:00   5.6380e-02   1.6663e+01   2.3911e+00   0.0000e+00   0.0000e+00   3.8808e+02
20260325_15:00:00   5.4384e-02   1.6146e+01   2.0621e+00   0.0000e+00   8.3220e-07   3.9380e+02
20260325_18:00:00   6.0254e-02   1.7632e+01   2.9210e+00   0.0000e+00   0.0000e+00   3.8760e+02
20260325_21:00:00   5.8685e-02   1.7279e+01   2.8490e+00   4.3540e-05   5.8982e-04   3.8803e+02
20260326_00:00:00   5.6876e-02   1.6891e+01   2.6339e+00   0.0000e+00   2.0580e-05   3.7013e+02
20260326_03:00:00   5.2451e-02   1.5831e+01   1.8931e+00   0.0000e+00   0.0000e+00   3.6517e+02
20260326_06:00:00   5.2746e-02   1.5915e+01   1.9799e+00   0.0000e+00   0.0000e+00   3.5998e+02
