#            date       tau255        Tb[K]      pwv[mm] lwp[kg*m^-2] iwp[kg*m^-2]       o3[DU]
20260617_18:00:00   9.4093e-02   2.7486e+01   1.0302e+01   0.0000e+00   0.0000e+00   3.1026e+02
20260617_19:00:00   9.8534e-02   2.8592e+01   1.1061e+01   0.0000e+00   0.0000e+00   3.0742e+02
20260617_20:00:00   1.0226e-01   2.9469e+01   1.1795e+01   0.0000e+00   0.0000e+00   3.0586e+02
20260617_21:00:00   1.0025e-01   2.8986e+01   1.1620e+01   0.0000e+00   4.6450e-05   3.0618e+02
20260617_22:00:00   1.0359e-01   2.9763e+01   1.2216e+01   8.5920e-04   1.8210e-03   3.0615e+02
20260617_23:00:00   1.2653e-01   3.5199e+01   1.4003e+01   1.3800e-02   5.4520e-02   3.0524e+02
20260618_00:00:00   1.3365e-01   3.7163e+01   1.6572e+01   5.8177e-04   9.0967e-02   3.0468e+02
20260618_01:00:00   1.3212e-01   3.6905e+01   1.6012e+01   0.0000e+00   1.5060e-02   3.0591e+02
20260618_02:00:00   1.3561e-01   3.7585e+01   1.6535e+01   0.0000e+00   4.7199e-02   3.0602e+02
20260618_03:00:00   1.2915e-01   3.6081e+01   1.5659e+01   0.0000e+00   5.6265e-03   3.0726e+02
20260618_04:00:00   1.2210e-01   3.4370e+01   1.4857e+01   0.0000e+00   7.0501e-03   3.0630e+02
20260618_05:00:00   1.2464e-01   3.4950e+01   1.5313e+01   0.0000e+00   1.6735e-02   3.0602e+02
20260618_06:00:00   1.2998e-01   3.6249e+01   1.5938e+01   0.0000e+00   2.1792e-02   3.0519e+02
20260618_07:00:00   1.3045e-01   3.6334e+01   1.5934e+01   4.6633e-04   5.0518e-02   3.0455e+02
20260618_08:00:00   1.3304e-01   3.6925e+01   1.6359e+01   0.0000e+00   2.8570e-02   3.0226e+02
20260618_09:00:00   1.3371e-01   3.7047e+01   1.6474e+01   0.0000e+00   2.9261e-02   3.0379e+02
20260618_10:00:00   1.3591e-01   3.7566e+01   1.6667e+01   0.0000e+00   2.0940e-02   3.0333e+02
20260618_11:00:00   1.3707e-01   3.7813e+01   1.6701e+01   0.0000e+00   2.9414e-02   3.0501e+02
20260618_12:00:00   1.3518e-01   3.7365e+01   1.6398e+01   0.0000e+00   1.0030e-02   3.0454e+02
20260618_13:00:00   1.3340e-01   3.6916e+01   1.6235e+01   0.0000e+00   1.0186e-02   3.0512e+02
20260618_14:00:00   1.2961e-01   3.5953e+01   1.5900e+01   0.0000e+00   5.7737e-03   3.0673e+02
20260618_15:00:00   1.2917e-01   3.5804e+01   1.5940e+01   0.0000e+00   1.9104e-02   3.0757e+02
20260618_16:00:00   1.2649e-01   3.5130e+01   1.5650e+01   0.0000e+00   5.0084e-02   3.0756e+02
20260618_17:00:00   1.2589e-01   3.5001e+01   1.5607e+01   0.0000e+00   1.3241e-01   3.0679e+02
20260618_18:00:00   1.3002e-01   3.6014e+01   1.6169e+01   0.0000e+00   1.8103e-01   3.0381e+02
20260618_19:00:00   1.2974e-01   3.5946e+01   1.6209e+01   0.0000e+00   1.6649e-01   3.0329e+02
20260618_20:00:00   1.2735e-01   3.5378e+01   1.5953e+01   0.0000e+00   1.5966e-01   3.0478e+02
20260618_21:00:00   1.2364e-01   3.4492e+01   1.5523e+01   0.0000e+00   8.1971e-02   3.0442e+02
20260618_22:00:00   1.1793e-01   3.3179e+01   1.4788e+01   0.0000e+00   3.3804e-02   3.0342e+02
20260618_23:00:00   1.2729e-01   3.5375e+01   1.5908e+01   1.8958e-03   9.7552e-02   3.0324e+02
20260619_00:00:00   1.2937e-01   3.5918e+01   1.6395e+01   0.0000e+00   4.2264e-02   3.0528e+02
20260619_01:00:00   1.2991e-01   3.6062e+01   1.6470e+01   0.0000e+00   1.0170e-01   3.0394e+02
20260619_02:00:00   1.4366e-01   3.9365e+01   1.8129e+01   2.2817e-04   1.4407e-01   3.0229e+02
20260619_03:00:00   1.4656e-01   4.0114e+01   1.8380e+01   0.0000e+00   3.7697e-02   3.0088e+02
20260619_04:00:00   1.4469e-01   3.9714e+01   1.7951e+01   0.0000e+00   9.9807e-03   3.0024e+02
20260619_05:00:00   1.4331e-01   3.9358e+01   1.7821e+01   7.7520e-06   1.1834e-02   2.9909e+02
20260619_06:00:00   1.4599e-01   3.9942e+01   1.8091e+01   0.0000e+00   2.5716e-02   2.9959e+02
20260619_07:00:00   1.4526e-01   3.9778e+01   1.7950e+01   0.0000e+00   3.6640e-03   3.0039e+02
20260619_08:00:00   1.4723e-01   4.0235e+01   1.8249e+01   0.0000e+00   8.9898e-03   3.0008e+02
20260619_09:00:00   1.4333e-01   3.9366e+01   1.7621e+01   0.0000e+00   2.6041e-04   3.0122e+02
20260619_10:00:00   1.4097e-01   3.8812e+01   1.7243e+01   0.0000e+00   1.6642e-06   3.0296e+02
20260619_11:00:00   1.4054e-01   3.8716e+01   1.7034e+01   0.0000e+00   1.6642e-06   3.0466e+02
20260619_12:00:00   1.3835e-01   3.8207e+01   1.6645e+01   0.0000e+00   8.7060e-07   3.0450e+02
20260619_13:00:00   1.3736e-01   3.7964e+01   1.6451e+01   0.0000e+00   0.0000e+00   3.0144e+02
20260619_14:00:00   1.3750e-01   3.7995e+01   1.6459e+01   0.0000e+00   0.0000e+00   2.9949e+02
20260619_15:00:00   1.3531e-01   3.7509e+01   1.6131e+01   0.0000e+00   0.0000e+00   2.9924e+02
20260619_16:00:00   1.3594e-01   3.7700e+01   1.6183e+01   0.0000e+00   0.0000e+00   2.9979e+02
20260619_17:00:00   1.3518e-01   3.7557e+01   1.6162e+01   0.0000e+00   1.1904e-05   2.9787e+02
20260619_18:00:00   1.3840e-01   3.8365e+01   1.6614e+01   0.0000e+00   2.5580e-04   2.9676e+02
20260619_19:00:00   1.3989e-01   3.8741e+01   1.6816e+01   5.7835e-04   1.9098e-04   2.9741e+02
20260619_20:00:00   1.6068e-01   4.3460e+01   1.6825e+01   2.5138e-02   4.2382e-03   2.9726e+02
20260619_21:00:00   1.5819e-01   4.2940e+01   1.7074e+01   2.1664e-02   2.8431e-02   2.9622e+02
20260619_22:00:00   2.2247e-01   5.7049e+01   1.8060e+01   8.6092e-02   9.3479e-02   2.9317e+02
20260619_23:00:00   2.5956e-01   6.5011e+01   1.9473e+01   1.1473e-01   2.3687e-01   2.9162e+02
20260620_00:00:00   1.7459e-01   4.6917e+01   2.0561e+01   8.4083e-03   1.2664e-01   2.8978e+02
20260620_01:00:00   1.6623e-01   4.5062e+01   2.0103e+01   3.5401e-03   7.3144e-02   2.8823e+02
20260620_02:00:00   1.6922e-01   4.5764e+01   1.9843e+01   9.7842e-03   6.4971e-03   2.8814e+02
20260620_03:00:00   1.5404e-01   4.2297e+01   1.8808e+01   0.0000e+00   5.3194e-05   2.8881e+02
20260620_04:00:00   1.4734e-01   4.0656e+01   1.7791e+01   0.0000e+00   1.9460e-04   2.8862e+02
20260620_05:00:00   1.3043e-01   3.6487e+01   1.5386e+01   0.0000e+00   0.0000e+00   2.8740e+02
20260620_06:00:00   1.2784e-01   3.5852e+01   1.5092e+01   0.0000e+00   0.0000e+00   2.8899e+02
20260620_07:00:00   1.3119e-01   3.6608e+01   1.5516e+01   0.0000e+00   0.0000e+00   2.8705e+02
20260620_08:00:00   1.3076e-01   3.6461e+01   1.5360e+01   3.4820e-05   1.1318e-05   2.8855e+02
20260620_09:00:00   1.2646e-01   3.5403e+01   1.4737e+01   3.9180e-05   5.2240e-06   2.8914e+02
20260620_10:00:00   1.1880e-01   3.3502e+01   1.3710e+01   0.0000e+00   0.0000e+00   2.8858e+02
20260620_11:00:00   1.1481e-01   3.2482e+01   1.3172e+01   0.0000e+00   0.0000e+00   2.8914e+02
20260620_12:00:00   1.1082e-01   3.1452e+01   1.2636e+01   0.0000e+00   0.0000e+00   2.8998e+02
20260620_13:00:00   1.0658e-01   3.0395e+01   1.1959e+01   0.0000e+00   0.0000e+00   2.9018e+02
20260620_14:00:00   1.0249e-01   2.9396e+01   1.1265e+01   0.0000e+00   0.0000e+00   2.9072e+02
20260620_15:00:00   9.6387e-02   2.7911e+01   1.0342e+01   0.0000e+00   0.0000e+00   2.9206e+02
20260620_16:00:00   8.9791e-02   2.6280e+01   9.4531e+00   0.0000e+00   0.0000e+00   2.9154e+02
20260620_17:00:00   8.6970e-02   2.5619e+01   9.0587e+00   0.0000e+00   0.0000e+00   2.8987e+02
20260620_18:00:00   8.6873e-02   2.5660e+01   9.0789e+00   0.0000e+00   0.0000e+00   2.9046e+02
20260620_19:00:00   8.5788e-02   2.5403e+01   9.0422e+00   0.0000e+00   0.0000e+00   2.9098e+02
20260620_20:00:00   8.1995e-02   2.4440e+01   8.5377e+00   0.0000e+00   0.0000e+00   2.9069e+02
20260620_21:00:00   8.0621e-02   2.4105e+01   8.3983e+00   0.0000e+00   0.0000e+00   2.9120e+02
20260620_22:00:00   8.1759e-02   2.4406e+01   8.6910e+00   0.0000e+00   0.0000e+00   2.9196e+02
20260620_23:00:00   8.2258e-02   2.4503e+01   8.8960e+00   0.0000e+00   0.0000e+00   2.9218e+02
20260621_00:00:00   7.5705e-02   2.2791e+01   7.7986e+00   0.0000e+00   0.0000e+00   2.9218e+02
20260621_01:00:00   6.3492e-02   1.9591e+01   5.4768e+00   0.0000e+00   0.0000e+00   2.9141e+02
20260621_02:00:00   5.9066e-02   1.8418e+01   4.5610e+00   0.0000e+00   0.0000e+00   2.9059e+02
20260621_03:00:00   5.4971e-02   1.7331e+01   3.6810e+00   0.0000e+00   0.0000e+00   2.9064e+02
20260621_04:00:00   5.2896e-02   1.6776e+01   3.2592e+00   0.0000e+00   0.0000e+00   2.9216e+02
20260621_05:00:00   5.2133e-02   1.6566e+01   3.0895e+00   0.0000e+00   0.0000e+00   2.9354e+02
20260621_06:00:00   5.1420e-02   1.6360e+01   2.9452e+00   0.0000e+00   0.0000e+00   2.9283e+02
20260621_07:00:00   5.1243e-02   1.6307e+01   2.8892e+00   0.0000e+00   0.0000e+00   2.9266e+02
20260621_08:00:00   5.1310e-02   1.6321e+01   2.8720e+00   0.0000e+00   0.0000e+00   2.9318e+02
20260621_09:00:00   5.1651e-02   1.6404e+01   2.9154e+00   0.0000e+00   0.0000e+00   2.9364e+02
20260621_10:00:00   5.2920e-02   1.6727e+01   3.1456e+00   0.0000e+00   0.0000e+00   2.9265e+02
20260621_11:00:00   5.4406e-02   1.7119e+01   3.3646e+00   0.0000e+00   0.0000e+00   2.9226e+02
20260621_12:00:00   5.6712e-02   1.7715e+01   3.7611e+00   0.0000e+00   0.0000e+00   2.9264e+02
20260621_13:00:00   5.7101e-02   1.7818e+01   3.8137e+00   0.0000e+00   0.0000e+00   2.9232e+02
20260621_14:00:00   5.7127e-02   1.7813e+01   3.8278e+00   0.0000e+00   0.0000e+00   2.9421e+02
20260621_15:00:00   5.7766e-02   1.7979e+01   3.9677e+00   0.0000e+00   0.0000e+00   2.9480e+02
20260621_16:00:00   5.7790e-02   1.7997e+01   3.9825e+00   0.0000e+00   0.0000e+00   2.9349e+02
20260621_17:00:00   5.8357e-02   1.8187e+01   4.0713e+00   0.0000e+00   0.0000e+00   2.9700e+02
20260621_18:00:00   5.7256e-02   1.7929e+01   3.8904e+00   0.0000e+00   0.0000e+00   3.0044e+02
20260621_19:00:00   5.8115e-02   1.8161e+01   4.1184e+00   0.0000e+00   0.0000e+00   3.0194e+02
20260621_20:00:00   5.6656e-02   1.7794e+01   3.8949e+00   0.0000e+00   0.0000e+00   3.0245e+02
20260621_21:00:00   5.5863e-02   1.7588e+01   3.8121e+00   0.0000e+00   0.0000e+00   3.0255e+02
20260621_22:00:00   5.6538e-02   1.7760e+01   4.0034e+00   0.0000e+00   0.0000e+00   3.0194e+02
20260621_23:00:00   5.8465e-02   1.8274e+01   4.3960e+00   0.0000e+00   0.0000e+00   3.0204e+02
20260622_00:00:00   6.0473e-02   1.8809e+01   4.7884e+00   0.0000e+00   0.0000e+00   3.0120e+02
20260622_01:00:00   6.0368e-02   1.8763e+01   4.7827e+00   0.0000e+00   0.0000e+00   2.9936e+02
20260622_02:00:00   5.9557e-02   1.8534e+01   4.6104e+00   0.0000e+00   0.0000e+00   2.9848e+02
20260622_03:00:00   5.8620e-02   1.8294e+01   4.3989e+00   0.0000e+00   0.0000e+00   2.9974e+02
20260622_04:00:00   5.8324e-02   1.8229e+01   4.2804e+00   0.0000e+00   0.0000e+00   3.0079e+02
20260622_05:00:00   5.8192e-02   1.8185e+01   4.1933e+00   0.0000e+00   0.0000e+00   3.0072e+02
20260622_06:00:00   5.8995e-02   1.8393e+01   4.2765e+00   0.0000e+00   0.0000e+00   2.9928e+02
20260622_07:00:00   5.9800e-02   1.8596e+01   4.3960e+00   0.0000e+00   0.0000e+00   2.9955e+02
20260622_08:00:00   5.9538e-02   1.8519e+01   4.3378e+00   0.0000e+00   0.0000e+00   3.0099e+02
20260622_09:00:00   5.9919e-02   1.8604e+01   4.4073e+00   0.0000e+00   0.0000e+00   3.0319e+02
20260622_10:00:00   6.0848e-02   1.8830e+01   4.5953e+00   0.0000e+00   0.0000e+00   3.0265e+02
20260622_11:00:00   6.1305e-02   1.8940e+01   4.6708e+00   0.0000e+00   0.0000e+00   3.0424e+02
20260622_12:00:00   6.1749e-02   1.9046e+01   4.7349e+00   0.0000e+00   0.0000e+00   3.0404e+02
20260622_13:00:00   6.2118e-02   1.9144e+01   4.7792e+00   0.0000e+00   0.0000e+00   3.0273e+02
20260622_14:00:00   6.2805e-02   1.9320e+01   4.8663e+00   0.0000e+00   0.0000e+00   3.0155e+02
20260622_15:00:00   6.4211e-02   1.9699e+01   5.0602e+00   0.0000e+00   0.0000e+00   2.9979e+02
20260622_16:00:00   6.4848e-02   1.9880e+01   5.1540e+00   0.0000e+00   0.0000e+00   2.9884e+02
20260622_17:00:00   6.5318e-02   2.0026e+01   5.2576e+00   0.0000e+00   0.0000e+00   2.9983e+02
20260622_18:00:00   6.7451e-02   2.0600e+01   5.6714e+00   0.0000e+00   0.0000e+00   3.0019e+02
20260622_21:00:00   6.8155e-02   2.0774e+01   6.2193e+00   0.0000e+00   0.0000e+00   3.0386e+02
20260623_00:00:00   6.5525e-02   2.0071e+01   5.9173e+00   0.0000e+00   0.0000e+00   3.0052e+02
20260623_03:00:00   6.0956e-02   1.8870e+01   4.8941e+00   0.0000e+00   0.0000e+00   3.0561e+02
20260623_06:00:00   6.0791e-02   1.8861e+01   4.6449e+00   0.0000e+00   0.0000e+00   3.0406e+02
20260623_09:00:00   6.0890e-02   1.8863e+01   4.5516e+00   0.0000e+00   0.0000e+00   3.0082e+02
20260623_12:00:00   6.1540e-02   1.9004e+01   4.6351e+00   0.0000e+00   0.0000e+00   3.0147e+02
20260623_15:00:00   6.2438e-02   1.9243e+01   4.7863e+00   0.0000e+00   0.0000e+00   3.0107e+02
20260623_18:00:00   6.3438e-02   1.9542e+01   5.0852e+00   0.0000e+00   0.0000e+00   3.0218e+02
20260623_21:00:00   6.5842e-02   2.0176e+01   5.7795e+00   0.0000e+00   0.0000e+00   3.0221e+02
20260624_00:00:00   7.2840e-02   2.2007e+01   7.1211e+00   0.0000e+00   0.0000e+00   3.0221e+02
20260624_03:00:00   7.8617e-02   2.3547e+01   8.0286e+00   0.0000e+00   0.0000e+00   3.0063e+02
20260624_06:00:00   6.7351e-02   2.0624e+01   5.8006e+00   0.0000e+00   0.0000e+00   2.9941e+02
20260624_09:00:00   7.2390e-02   2.1897e+01   6.5889e+00   0.0000e+00   0.0000e+00   2.9870e+02
20260624_12:00:00   7.3213e-02   2.2028e+01   6.8031e+00   0.0000e+00   0.0000e+00   2.9825e+02
20260624_15:00:00   7.2007e-02   2.1733e+01   6.5761e+00   0.0000e+00   0.0000e+00   3.0044e+02
20260624_18:00:00   7.3299e-02   2.2136e+01   6.8588e+00   0.0000e+00   0.0000e+00   3.0411e+02
20260624_21:00:00   7.2428e-02   2.1895e+01   6.9706e+00   0.0000e+00   0.0000e+00   2.9982e+02
20260625_00:00:00   7.7371e-02   2.3217e+01   7.9323e+00   0.0000e+00   0.0000e+00   2.9997e+02
20260625_03:00:00   7.4857e-02   2.2493e+01   7.4687e+00   0.0000e+00   0.0000e+00   2.9997e+02
20260625_06:00:00   7.3409e-02   2.2168e+01   7.0744e+00   0.0000e+00   0.0000e+00   3.0032e+02
20260625_09:00:00   7.7924e-02   2.3307e+01   7.7073e+00   0.0000e+00   0.0000e+00   2.9962e+02
20260625_12:00:00   7.6040e-02   2.2786e+01   7.3021e+00   0.0000e+00   0.0000e+00   2.9696e+02
20260625_15:00:00   7.9526e-02   2.3695e+01   7.9183e+00   0.0000e+00   0.0000e+00   2.9882e+02
20260625_18:00:00   8.1373e-02   2.4183e+01   8.3894e+00   0.0000e+00   0.0000e+00   2.9854e+02
20260625_21:00:00   8.8691e-02   2.6042e+01   9.9222e+00   0.0000e+00   1.6324e-05   2.9818e+02
20260626_00:00:00   8.3912e-02   2.4926e+01   9.1748e+00   0.0000e+00   0.0000e+00   2.9899e+02
20260626_03:00:00   8.1001e-02   2.4142e+01   8.6815e+00   0.0000e+00   0.0000e+00   2.9730e+02
20260626_06:00:00   9.6121e-02   2.8027e+01   1.0960e+01   0.0000e+00   0.0000e+00   3.0084e+02
20260626_09:00:00   1.0091e-01   2.9161e+01   1.1622e+01   0.0000e+00   0.0000e+00   2.9602e+02
20260626_12:00:00   9.2064e-02   2.6965e+01   1.0152e+01   0.0000e+00   0.0000e+00   2.9457e+02
20260626_15:00:00   9.3163e-02   2.7221e+01   1.0400e+01   0.0000e+00   0.0000e+00   2.9411e+02
20260626_18:00:00   1.0132e-01   2.9307e+01   1.1799e+01   0.0000e+00   0.0000e+00   2.9416e+02
20260626_21:00:00   1.0389e-01   2.9955e+01   1.2516e+01   0.0000e+00   7.6180e-06   2.9424e+02
20260627_00:00:00   9.8302e-02   2.8520e+01   1.1831e+01   6.4474e-04   3.5604e-03   2.9657e+02
20260627_03:00:00   1.1800e-01   3.3453e+01   1.4500e+01   8.4100e-04   9.8599e-04   2.9799e+02
20260627_06:00:00   1.2471e-01   3.5004e+01   1.5415e+01   0.0000e+00   1.4246e-01   3.0235e+02
20260627_09:00:00   1.2529e-01   3.5014e+01   1.5724e+01   0.0000e+00   2.0408e-02   3.0519e+02
20260627_12:00:00   1.1894e-01   3.3430e+01   1.4715e+01   0.0000e+00   1.7940e-03   3.0797e+02
20260627_15:00:00   1.2079e-01   3.3836e+01   1.5017e+01   0.0000e+00   2.5340e-02   3.1737e+02
20260627_18:00:00   1.1663e-01   3.2925e+01   1.4390e+01   4.5020e-04   2.9403e-03   3.2495e+02
20260627_21:00:00   9.9921e-02   2.8913e+01   1.1962e+01   4.5617e-04   7.8251e-03   3.2350e+02
20260628_00:00:00   1.0895e-01   3.1050e+01   1.3359e+01   2.1821e-03   1.0378e-01   3.1950e+02
20260628_03:00:00   1.1900e-01   3.3590e+01   1.5055e+01   0.0000e+00   1.4193e-01   3.2153e+02
20260628_06:00:00   1.0680e-01   3.0870e+01   1.2284e+01   0.0000e+00   6.1440e-06   3.2312e+02
20260628_09:00:00   1.0046e-01   2.9197e+01   1.1494e+01   0.0000e+00   9.4840e-05   3.2385e+02
20260628_12:00:00   9.2063e-02   2.7055e+01   1.0160e+01   0.0000e+00   0.0000e+00   3.1931e+02
20260628_15:00:00   8.6965e-02   2.5716e+01   9.4850e+00   0.0000e+00   0.0000e+00   3.2257e+02
20260628_18:00:00   8.9307e-02   2.6321e+01   1.0128e+01   0.0000e+00   4.2281e-04   3.1641e+02
20260628_21:00:00   9.9690e-02   2.8638e+01   1.1650e+01   5.0534e-03   4.2481e-02   3.1013e+02
20260629_00:00:00   1.1585e-01   3.2667e+01   1.4532e+01   2.6124e-03   2.6917e-01   3.0864e+02
20260629_03:00:00   1.1573e-01   3.2685e+01   1.4837e+01   0.0000e+00   1.0735e-01   3.0948e+02
20260629_06:00:00   1.3079e-01   3.6648e+01   1.6532e+01   0.0000e+00   6.0621e-03   3.0879e+02
20260629_09:00:00   1.2592e-01   3.5431e+01   1.5765e+01   0.0000e+00   2.6565e-03   3.1198e+02
20260629_12:00:00   1.1750e-01   3.3270e+01   1.4587e+01   0.0000e+00   6.8678e-03   3.1181e+02
20260629_15:00:00   1.2709e-01   3.5618e+01   1.5900e+01   0.0000e+00   2.2467e-03   3.1031e+02
20260629_18:00:00   1.3247e-01   3.7066e+01   1.6836e+01   0.0000e+00   4.3284e-03   3.1181e+02
20260629_21:00:00   1.2714e-01   3.5776e+01   1.6400e+01   3.7360e-04   4.5593e-03   3.1113e+02
20260630_00:00:00   1.4158e-01   3.9360e+01   1.7878e+01   2.7320e-03   3.3840e-02   3.0594e+02
20260630_03:00:00   1.6392e-01   4.4362e+01   2.1047e+01   0.0000e+00   3.1943e-01   3.0765e+02
20260630_06:00:00   1.5759e-01   4.2829e+01   2.0459e+01   0.0000e+00   2.1089e-01   3.0918e+02
20260630_09:00:00   1.5404e-01   4.2016e+01   1.9820e+01   0.0000e+00   3.1007e-02   3.0455e+02
20260630_12:00:00   1.4791e-01   4.0534e+01   1.8926e+01   0.0000e+00   5.3662e-02   3.0565e+02
20260630_15:00:00   1.4168e-01   3.9128e+01   1.7971e+01   0.0000e+00   3.6603e-04   3.0432e+02
20260630_18:00:00   1.4553e-01   4.0176e+01   1.8516e+01   0.0000e+00   1.7900e-04   3.0331e+02
20260630_21:00:00   1.5617e-01   4.2651e+01   1.8470e+01   1.6080e-02   3.7365e-02   3.0150e+02
20260701_00:00:00   3.0334e-01   7.3684e+01   2.2190e+01   1.4886e-01   2.8310e-01   2.9988e+02
20260701_03:00:00   2.2181e-01   5.7469e+01   2.4373e+01   3.2586e-02   6.7730e-02   3.0038e+02
20260701_06:00:00   1.7292e-01   4.6690e+01   2.1446e+01   5.2440e-04   1.9223e-02   2.9966e+02
20260701_09:00:00   1.5731e-01   4.3084e+01   1.9285e+01   0.0000e+00   0.0000e+00   2.9969e+02
20260701_12:00:00   1.4061e-01   3.9097e+01   1.6953e+01   0.0000e+00   0.0000e+00   2.9921e+02
20260701_15:00:00   1.3256e-01   3.7245e+01   1.5479e+01   0.0000e+00   0.0000e+00   2.9769e+02
20260701_18:00:00   1.3517e-01   3.7960e+01   1.6171e+01   0.0000e+00   0.0000e+00   2.9753e+02
20260701_21:00:00   1.5167e-01   4.1688e+01   1.7362e+01   1.6342e-02   2.1727e-02   2.9877e+02
20260702_00:00:00   1.6314e-01   4.4668e+01   2.0478e+01   0.0000e+00   1.9003e-03   2.9489e+02
20260702_03:00:00   1.7555e-01   4.7392e+01   2.0607e+01   9.9920e-03   1.9309e-03   2.9467e+02
20260702_06:00:00   2.3295e-01   5.9828e+01   2.1646e+01   6.3219e-02   3.0506e-02   2.9598e+02
20260702_09:00:00   1.7894e-01   4.8123e+01   2.1748e+01   0.0000e+00   4.2460e-06   2.9294e+02
20260702_12:00:00   1.7608e-01   4.7453e+01   2.1509e+01   0.0000e+00   0.0000e+00   2.9299e+02
20260702_15:00:00   1.7142e-01   4.6417e+01   2.0777e+01   0.0000e+00   0.0000e+00   2.9251e+02
20260702_18:00:00   2.0823e-01   5.4663e+01   2.2653e+01   2.8714e-02   6.2175e-03   2.9354e+02
20260702_21:00:00   1.9340e-01   5.1566e+01   2.2524e+01   1.8619e-02   5.3421e-04   2.9258e+02
20260703_00:00:00   3.9026e-01   9.1111e+01   2.8538e+01   1.7463e-01   4.9167e-01   2.9118e+02
20260703_03:00:00   1.8647e-01   4.9796e+01   2.3091e+01   0.0000e+00   2.3946e-01   2.9581e+02
20260703_06:00:00   1.9381e-01   5.1523e+01   2.3537e+01   0.0000e+00   3.6604e-04   2.9270e+02
20260703_09:00:00   2.1345e-01   5.5629e+01   2.4994e+01   1.1836e-02   3.1185e-02   2.9041e+02
20260703_12:00:00   1.6208e-01   4.4293e+01   1.8872e+01   0.0000e+00   9.2140e-04   2.9248e+02
20260703_15:00:00   1.6237e-01   4.4400e+01   1.9207e+01   0.0000e+00   0.0000e+00   2.9469e+02
20260703_18:00:00   1.8002e-01   4.8584e+01   2.0485e+01   9.2680e-03   4.2980e-05   2.9331e+02
