#            date       tau255        Tb[K]      pwv[mm] lwp[kg*m^-2] iwp[kg*m^-2]       o3[DU]
20260703_12:00:00   5.8795e-02   1.8206e+01   4.1701e+00   0.0000e+00   0.0000e+00   3.1215e+02
20260703_13:00:00   5.8806e-02   1.8198e+01   4.1622e+00   0.0000e+00   0.0000e+00   3.1265e+02
20260703_14:00:00   5.7852e-02   1.7956e+01   3.9660e+00   0.0000e+00   0.0000e+00   3.1474e+02
20260703_15:00:00   6.1900e-02   1.9035e+01   4.6688e+00   0.0000e+00   1.3318e-03   3.1262e+02
20260703_16:00:00   6.8701e-02   2.0817e+01   5.8406e+00   0.0000e+00   3.9060e-04   3.1136e+02
20260703_17:00:00   7.3592e-02   2.2154e+01   6.6721e+00   0.0000e+00   5.3920e-04   3.1345e+02
20260703_18:00:00   8.2696e-02   2.4515e+01   8.3162e+00   0.0000e+00   3.1260e-05   3.1424e+02
20260703_19:00:00   8.5613e-02   2.5288e+01   8.9359e+00   0.0000e+00   2.1760e-06   3.1485e+02
20260703_20:00:00   8.8438e-02   2.5959e+01   9.5962e+00   0.0000e+00   0.0000e+00   3.1373e+02
20260703_21:00:00   8.9610e-02   2.6263e+01   9.8914e+00   0.0000e+00   0.0000e+00   3.1195e+02
20260703_22:00:00   9.1860e-02   2.6819e+01   1.0395e+01   0.0000e+00   0.0000e+00   3.0876e+02
20260703_23:00:00   9.4957e-02   2.7558e+01   1.0989e+01   0.0000e+00   4.3434e-04   3.0630e+02
20260704_00:00:00   9.8667e-02   2.8439e+01   1.1068e+01   3.7960e-03   2.5414e-03   3.0581e+02
20260704_01:00:00   9.5472e-02   2.7671e+01   1.1080e+01   0.0000e+00   1.8364e-02   3.0422e+02
20260704_02:00:00   9.1961e-02   2.6749e+01   1.0352e+01   7.4740e-04   8.7267e-03   3.0164e+02
20260704_03:00:00   8.4635e-02   2.4876e+01   9.1138e+00   0.0000e+00   5.5910e-02   3.0122e+02
20260704_04:00:00   8.1060e-02   2.3933e+01   8.4867e+00   0.0000e+00   3.7078e-02   3.0144e+02
20260704_05:00:00   7.8723e-02   2.3325e+01   8.0267e+00   0.0000e+00   3.4275e-02   3.0247e+02
20260704_06:00:00   7.6388e-02   2.2723e+01   7.5981e+00   0.0000e+00   4.7809e-02   3.0476e+02
20260704_07:00:00   7.3154e-02   2.1853e+01   7.1058e+00   0.0000e+00   3.7267e-02   3.0284e+02
20260704_08:00:00   7.4891e-02   2.2242e+01   7.4700e+00   0.0000e+00   2.2512e-02   3.0608e+02
20260704_09:00:00   7.7417e-02   2.2870e+01   7.9278e+00   0.0000e+00   1.6704e-02   3.0799e+02
20260704_10:00:00   8.0413e-02   2.3627e+01   8.4695e+00   0.0000e+00   2.7838e-02   3.0518e+02
20260704_11:00:00   8.4130e-02   2.4596e+01   9.0585e+00   0.0000e+00   1.5137e-02   3.0554e+02
20260704_12:00:00   8.5764e-02   2.5056e+01   9.2388e+00   0.0000e+00   2.0797e-02   3.0759e+02
20260704_13:00:00   8.6715e-02   2.5337e+01   9.1917e+00   0.0000e+00   4.0902e-02   3.0558e+02
20260704_14:00:00   8.9260e-02   2.5987e+01   9.5109e+00   0.0000e+00   2.0433e-02   3.0440e+02
20260704_15:00:00   9.4127e-02   2.7161e+01   1.0407e+01   0.0000e+00   5.8562e-02   3.0657e+02
20260704_16:00:00   9.9934e-02   2.8567e+01   1.1516e+01   0.0000e+00   9.8018e-02   3.0698e+02
20260704_17:00:00   1.0420e-01   2.9608e+01   1.2274e+01   0.0000e+00   1.1139e-01   3.0597e+02
20260704_18:00:00   1.0706e-01   3.0316e+01   1.2828e+01   0.0000e+00   1.2892e-01   3.0683e+02
20260704_19:00:00   1.1128e-01   3.1336e+01   1.3543e+01   0.0000e+00   1.9568e-01   3.0924e+02
20260704_20:00:00   1.1470e-01   3.2170e+01   1.4064e+01   0.0000e+00   2.9222e-01   3.0803e+02
20260704_21:00:00   1.1559e-01   3.2424e+01   1.4252e+01   0.0000e+00   1.9921e-01   3.0743e+02
20260704_22:00:00   1.1833e-01   3.3090e+01   1.4722e+01   6.1920e-05   1.3961e-01   3.0996e+02
20260704_23:00:00   1.2469e-01   3.4592e+01   1.5331e+01   2.4760e-03   1.8569e-01   3.1097e+02
20260705_00:00:00   1.3141e-01   3.6181e+01   1.5833e+01   5.9540e-03   2.4388e-01   3.0744e+02
20260705_01:00:00   1.2590e-01   3.4953e+01   1.5826e+01   0.0000e+00   1.9899e-01   3.0400e+02
20260705_02:00:00   1.2421e-01   3.4571e+01   1.5546e+01   0.0000e+00   1.8673e-01   3.0083e+02
20260705_03:00:00   1.2157e-01   3.3971e+01   1.5195e+01   0.0000e+00   1.0571e-01   3.0020e+02
20260705_04:00:00   1.1980e-01   3.3561e+01   1.4872e+01   0.0000e+00   8.9317e-02   2.9798e+02
20260705_05:00:00   1.1913e-01   3.3400e+01   1.4786e+01   0.0000e+00   3.8696e-02   2.9747e+02
20260705_06:00:00   1.1747e-01   3.3025e+01   1.4560e+01   0.0000e+00   1.1862e-02   2.9492e+02
20260705_07:00:00   1.1867e-01   3.3333e+01   1.4678e+01   0.0000e+00   1.4932e-02   2.9275e+02
20260705_08:00:00   1.2151e-01   3.3985e+01   1.5092e+01   0.0000e+00   2.7913e-02   2.9211e+02
20260705_09:00:00   1.2502e-01   3.4801e+01   1.5553e+01   0.0000e+00   6.3843e-02   2.9042e+02
20260705_10:00:00   1.2904e-01   3.5740e+01   1.6098e+01   0.0000e+00   7.7622e-02   2.9024e+02
20260705_11:00:00   1.2914e-01   3.5764e+01   1.6108e+01   0.0000e+00   7.9698e-02   2.8984e+02
20260705_12:00:00   1.3137e-01   3.6280e+01   1.6371e+01   0.0000e+00   1.4018e-01   2.8994e+02
20260705_13:00:00   1.3676e-01   3.7551e+01   1.7049e+01   0.0000e+00   7.9599e-02   2.9255e+02
20260705_14:00:00   1.3995e-01   3.8275e+01   1.7518e+01   0.0000e+00   1.2512e-01   2.9185e+02
20260705_15:00:00   1.3800e-01   3.7827e+01   1.7268e+01   0.0000e+00   1.4556e-01   2.9170e+02
20260705_16:00:00   1.3758e-01   3.7724e+01   1.7210e+01   0.0000e+00   2.4527e-01   2.9196e+02
20260705_17:00:00   1.4288e-01   3.8958e+01   1.7909e+01   6.7940e-05   2.5752e-01   2.9199e+02
20260705_18:00:00   1.4712e-01   3.9942e+01   1.8463e+01   3.6400e-04   1.9266e-01   2.9157e+02
20260705_19:00:00   1.4894e-01   4.0395e+01   1.8708e+01   6.9100e-04   2.0519e-01   2.8984e+02
20260705_20:00:00   1.6253e-01   4.3531e+01   1.9187e+01   1.1746e-02   2.4238e-01   2.8661e+02
20260705_21:00:00   1.6855e-01   4.4993e+01   1.9636e+01   1.5424e-02   1.0543e-01   2.8539e+02
20260705_22:00:00   1.9804e-01   5.1650e+01   2.0533e+01   3.9410e-02   1.1666e-01   2.8595e+02
20260705_23:00:00   1.7335e-01   4.6270e+01   2.0550e+01   1.1502e-02   2.2806e-02   2.8641e+02
20260706_00:00:00   1.5942e-01   4.3161e+01   1.9956e+01   1.0276e-03   2.0470e-03   2.8594e+02
20260706_01:00:00   1.5690e-01   4.2685e+01   1.9475e+01   1.3442e-03   2.3800e-05   2.8644e+02
20260706_02:00:00   1.5466e-01   4.2251e+01   1.9259e+01   0.0000e+00   6.4940e-06   2.8852e+02
20260706_03:00:00   1.5133e-01   4.1510e+01   1.8851e+01   0.0000e+00   0.0000e+00   2.8830e+02
20260706_04:00:00   1.5526e-01   4.2414e+01   1.9237e+01   0.0000e+00   0.0000e+00   2.8824e+02
20260706_05:00:00   1.5818e-01   4.3065e+01   1.9549e+01   0.0000e+00   2.3440e-04   2.8807e+02
20260706_06:00:00   1.5553e-01   4.2445e+01   1.9151e+01   0.0000e+00   4.5780e-04   2.9144e+02
20260706_07:00:00   1.5411e-01   4.2099e+01   1.8964e+01   0.0000e+00   3.3084e-04   2.8920e+02
20260706_08:00:00   1.5206e-01   4.1605e+01   1.8685e+01   0.0000e+00   4.4961e-05   2.8901e+02
20260706_09:00:00   1.5029e-01   4.1200e+01   1.8427e+01   1.7414e-05   2.2640e-05   2.8875e+02
20260706_10:00:00   1.5491e-01   4.2251e+01   1.8622e+01   3.0820e-03   3.2260e-04   2.8854e+02
20260706_11:00:00   1.5869e-01   4.3106e+01   1.8738e+01   5.5120e-03   4.2360e-04   2.8675e+02
20260706_12:00:00   1.5394e-01   4.1998e+01   1.8666e+01   2.4180e-04   9.9940e-05   2.8605e+02
20260706_13:00:00   1.5221e-01   4.1602e+01   1.8448e+01   8.4920e-06   9.2900e-06   2.8697e+02
20260706_14:00:00   1.5018e-01   4.1141e+01   1.8196e+01   0.0000e+00   0.0000e+00   2.8808e+02
20260706_15:00:00   1.4942e-01   4.0992e+01   1.8113e+01   0.0000e+00   0.0000e+00   2.8673e+02
20260706_16:00:00   1.4928e-01   4.0998e+01   1.8083e+01   0.0000e+00   0.0000e+00   2.8510e+02
20260706_17:00:00   1.4831e-01   4.0796e+01   1.8003e+01   2.8880e-04   1.7856e-05   2.8543e+02
20260706_18:00:00   1.5338e-01   4.1946e+01   1.8097e+01   6.6232e-03   9.0205e-04   2.8497e+02
20260706_19:00:00   1.8694e-01   4.9368e+01   1.8056e+01   4.6236e-02   1.3286e-02   2.8511e+02
20260706_20:00:00   1.5168e-01   4.1536e+01   1.7910e+01   9.2805e-03   1.5195e-02   2.8680e+02
20260706_21:00:00   1.6987e-01   4.5598e+01   1.7960e+01   3.0745e-02   5.9071e-02   2.8686e+02
20260706_22:00:00   1.6160e-01   4.3754e+01   1.7955e+01   2.2518e-02   4.6113e-02   2.8670e+02
20260706_23:00:00   1.7379e-01   4.6564e+01   1.8610e+01   3.0564e-02   1.2940e-01   2.8517e+02
20260707_00:00:00   2.0179e-01   5.2789e+01   1.9930e+01   5.0195e-02   1.3834e-01   2.8690e+02
20260707_01:00:00   2.6336e-01   6.5816e+01   2.1479e+01   1.0382e-01   1.5103e-01   2.8815e+02
20260707_02:00:00   2.4735e-01   6.2671e+01   2.2884e+01   7.0655e-02   1.8956e-01   2.8917e+02
20260707_03:00:00   1.8833e-01   5.0000e+01   2.3489e+01   1.1056e-03   3.4624e-01   2.8717e+02
20260707_04:00:00   1.9793e-01   5.2032e+01   2.2806e+01   1.9144e-02   3.2086e-01   2.8558e+02
20260707_05:00:00   1.6994e-01   4.5790e+01   2.1707e+01   0.0000e+00   1.3078e-01   2.8631e+02
20260707_06:00:00   1.8006e-01   4.8010e+01   2.1692e+01   1.1403e-02   1.6818e-01   2.8562e+02
20260707_07:00:00   1.8205e-01   4.8433e+01   2.1195e+01   1.8010e-02   1.1879e-01   2.8562e+02
20260707_08:00:00   1.6046e-01   4.3571e+01   2.0530e+01   4.8139e-05   7.5852e-02   2.8650e+02
20260707_09:00:00   1.5970e-01   4.3387e+01   2.0430e+01   1.9840e-06   1.1604e-02   2.8797e+02
20260707_10:00:00   1.5566e-01   4.2486e+01   1.9732e+01   0.0000e+00   3.4186e-03   2.8855e+02
20260707_11:00:00   1.5299e-01   4.1866e+01   1.9241e+01   0.0000e+00   9.2983e-03   2.8891e+02
20260707_12:00:00   1.5166e-01   4.1547e+01   1.8958e+01   0.0000e+00   1.0074e-02   2.8799e+02
20260707_13:00:00   1.5061e-01   4.1307e+01   1.8744e+01   0.0000e+00   7.5738e-04   2.8861e+02
20260707_14:00:00   1.4667e-01   4.0395e+01   1.8197e+01   0.0000e+00   3.1782e-04   2.8760e+02
20260707_15:00:00   1.4298e-01   3.9565e+01   1.7670e+01   0.0000e+00   1.0828e-04   2.8753e+02
20260707_16:00:00   1.4273e-01   3.9568e+01   1.7630e+01   0.0000e+00   0.0000e+00   2.8882e+02
20260707_17:00:00   1.4437e-01   3.9991e+01   1.7902e+01   0.0000e+00   0.0000e+00   2.8799e+02
20260707_18:00:00   1.5014e-01   4.1339e+01   1.8752e+01   0.0000e+00   0.0000e+00   2.8777e+02
20260707_19:00:00   1.7616e-01   4.7158e+01   1.8997e+01   2.8780e-02   1.6085e-03   2.8742e+02
20260707_20:00:00   1.4768e-01   4.0715e+01   1.8574e+01   2.2162e-03   1.7004e-02   2.8588e+02
20260707_21:00:00   1.6182e-01   4.3898e+01   1.8300e+01   2.1498e-02   3.9013e-02   2.8552e+02
20260707_22:00:00   1.6962e-01   4.5696e+01   1.9111e+01   2.4185e-02   7.9018e-02   2.8501e+02
20260707_23:00:00   1.7920e-01   4.7981e+01   1.9538e+01   3.0405e-02   7.7497e-02   2.8473e+02
20260708_00:00:00   4.3529e-01   9.8113e+01   2.2319e+01   2.9150e-01   1.9331e-01   2.8687e+02
20260708_01:00:00   3.6811e-01   8.6621e+01   2.2428e+01   2.1159e-01   1.3155e-01   2.8625e+02
20260708_02:00:00   3.6599e-01   8.6130e+01   2.2052e+01   2.1164e-01   3.3211e-02   2.8641e+02
20260708_03:00:00   1.7473e-01   4.7173e+01   2.1673e+01   0.0000e+00   8.4027e-05   2.8762e+02
20260708_04:00:00   1.7017e-01   4.6093e+01   2.1301e+01   0.0000e+00   1.9055e-03   2.8742e+02
20260708_05:00:00   1.7651e-01   4.7473e+01   2.1494e+01   5.9883e-03   7.8981e-03   2.8766e+02
20260708_06:00:00   1.7218e-01   4.6512e+01   2.1521e+01   0.0000e+00   3.7326e-04   2.8856e+02
20260708_07:00:00   1.6996e-01   4.5934e+01   2.1499e+01   0.0000e+00   4.8167e-03   2.8862e+02
20260708_08:00:00   1.6681e-01   4.5172e+01   2.1126e+01   0.0000e+00   2.5078e-02   2.8676e+02
20260708_09:00:00   1.6549e-01   4.4855e+01   2.0896e+01   0.0000e+00   5.8587e-03   2.8870e+02
20260708_10:00:00   1.6120e-01   4.3841e+01   2.0410e+01   0.0000e+00   3.4427e-03   2.8749e+02
20260708_11:00:00   1.5444e-01   4.2309e+01   1.9310e+01   0.0000e+00   6.4860e-04   2.8579e+02
20260708_12:00:00   1.5454e-01   4.2372e+01   1.9053e+01   0.0000e+00   1.6936e-04   2.8671e+02
20260708_15:00:00   1.3846e-01   3.8701e+01   1.6430e+01   0.0000e+00   0.0000e+00   2.9189e+02
20260708_18:00:00   1.3503e-01   3.7922e+01   1.6250e+01   0.0000e+00   0.0000e+00   2.8837e+02
20260708_21:00:00   1.5707e-01   4.2839e+01   1.7322e+01   2.2092e-02   7.6121e-02   2.8442e+02
20260709_00:00:00   1.3746e-01   3.8456e+01   1.7380e+01   1.7718e-03   1.3528e-02   2.8595e+02
20260709_03:00:00   2.8848e-01   7.0741e+01   2.1899e+01   1.2886e-01   2.6583e-01   2.8701e+02
20260709_06:00:00   1.6546e-01   4.4904e+01   2.1259e+01   1.5474e-04   4.8611e-02   2.8593e+02
20260709_09:00:00   1.5671e-01   4.2866e+01   1.9700e+01   1.6934e-03   5.1224e-03   2.8237e+02
20260709_12:00:00   1.3034e-01   3.6656e+01   1.5963e+01   0.0000e+00   1.0840e-03   2.8456e+02
20260709_15:00:00   1.1530e-01   3.2988e+01   1.3690e+01   0.0000e+00   9.8840e-04   2.8619e+02
20260709_18:00:00   1.1348e-01   3.2597e+01   1.3669e+01   0.0000e+00   3.3980e-05   2.8566e+02
20260709_21:00:00   1.2199e-01   3.4487e+01   1.4907e+01   5.2760e-03   2.9905e-03   2.8796e+02
20260710_00:00:00   1.1541e-01   3.2927e+01   1.4686e+01   9.1680e-04   4.4488e-02   2.8423e+02
20260710_03:00:00   1.5227e-01   4.1685e+01   1.8728e+01   9.7784e-03   2.3374e-01   2.8532e+02
20260710_06:00:00   1.5127e-01   4.1720e+01   1.9265e+01   2.2520e-04   7.8780e-03   2.8766e+02
20260710_09:00:00   1.4733e-01   4.0800e+01   1.8500e+01   0.0000e+00   1.0192e-05   2.8768e+02
20260710_12:00:00   1.2781e-01   3.6118e+01   1.5391e+01   0.0000e+00   0.0000e+00   2.8664e+02
20260710_15:00:00   1.1898e-01   3.3987e+01   1.4123e+01   0.0000e+00   0.0000e+00   2.8763e+02
20260710_18:00:00   1.2487e-01   3.5569e+01   1.5046e+01   0.0000e+00   0.0000e+00   2.8467e+02
20260710_21:00:00   1.2364e-01   3.5184e+01   1.5425e+01   0.0000e+00   7.9340e-05   2.8548e+02
20260711_00:00:00   1.1630e-01   3.3338e+01   1.4552e+01   8.9180e-04   3.6144e-03   2.8875e+02
20260711_03:00:00   1.9623e-01   5.1781e+01   2.2766e+01   2.2628e-02   2.1514e-01   2.8606e+02
20260711_06:00:00   1.3933e-01   3.8979e+01   1.7321e+01   0.0000e+00   1.5044e-03   2.8700e+02
20260711_09:00:00   1.3096e-01   3.6939e+01   1.6015e+01   0.0000e+00   1.7932e-05   2.8727e+02
20260711_12:00:00   1.2743e-01   3.5978e+01   1.5545e+01   0.0000e+00   0.0000e+00   2.8916e+02
20260711_15:00:00   1.2002e-01   3.4267e+01   1.4200e+01   0.0000e+00   0.0000e+00   2.8696e+02
20260711_18:00:00   1.0962e-01   3.1827e+01   1.2978e+01   0.0000e+00   0.0000e+00   2.8757e+02
20260711_21:00:00   1.0625e-01   3.0736e+01   1.3301e+01   0.0000e+00   5.3702e-04   2.8735e+02
20260712_00:00:00   9.7192e-02   2.8519e+01   1.1924e+01   0.0000e+00   3.1820e-05   2.8653e+02
20260712_03:00:00   1.2524e-01   3.5499e+01   1.5796e+01   2.5920e-03   1.2152e-02   2.8354e+02
20260712_06:00:00   1.5528e-01   4.2797e+01   2.0016e+01   0.0000e+00   2.1422e-02   2.8452e+02
20260712_09:00:00   1.6070e-01   4.4021e+01   2.0361e+01   0.0000e+00   3.7640e-03   2.8158e+02
20260712_12:00:00   1.6148e-01   4.4219e+01   2.0248e+01   0.0000e+00   2.9205e-04   2.8253e+02
20260712_15:00:00   1.6550e-01   4.5185e+01   2.0358e+01   0.0000e+00   0.0000e+00   2.8111e+02
20260712_18:00:00   1.4767e-01   4.1155e+01   1.7696e+01   0.0000e+00   0.0000e+00   2.8407e+02
20260712_21:00:00   1.2265e-01   3.4960e+01   1.4607e+01   0.0000e+00   0.0000e+00   2.8158e+02
20260713_00:00:00   1.1689e-01   3.3489e+01   1.4009e+01   0.0000e+00   0.0000e+00   2.8220e+02
20260713_03:00:00   1.4342e-01   3.9981e+01   1.7518e+01   0.0000e+00   4.4322e-04   2.8650e+02
20260713_06:00:00   1.4793e-01   4.1039e+01   1.7470e+01   0.0000e+00   2.4580e-06   2.8650e+02
20260713_09:00:00   1.5420e-01   4.2443e+01   1.8082e+01   0.0000e+00   0.0000e+00   2.8527e+02
20260713_12:00:00   1.4606e-01   4.0511e+01   1.6570e+01   0.0000e+00   0.0000e+00   2.8408e+02
20260713_15:00:00   1.3037e-01   3.6760e+01   1.4379e+01   0.0000e+00   0.0000e+00   2.8928e+02
20260713_18:00:00   1.0873e-01   3.1399e+01   1.1818e+01   0.0000e+00   0.0000e+00   2.8626e+02
20260713_21:00:00   1.0663e-01   3.0846e+01   1.2002e+01   0.0000e+00   0.0000e+00   2.8421e+02
20260714_00:00:00   1.0115e-01   2.9470e+01   1.1477e+01   0.0000e+00   0.0000e+00   2.8599e+02
20260714_03:00:00   1.0684e-01   3.0885e+01   1.2264e+01   0.0000e+00   0.0000e+00   2.8725e+02
20260714_06:00:00   1.2132e-01   3.4448e+01   1.4216e+01   0.0000e+00   0.0000e+00   2.8732e+02
20260714_09:00:00   1.2406e-01   3.5093e+01   1.4171e+01   0.0000e+00   0.0000e+00   2.8590e+02
20260714_12:00:00   1.3102e-01   3.6763e+01   1.4815e+01   0.0000e+00   0.0000e+00   2.8503e+02
20260714_15:00:00   1.2226e-01   3.4669e+01   1.3709e+01   0.0000e+00   0.0000e+00   2.8663e+02
20260714_18:00:00   1.1458e-01   3.2812e+01   1.3264e+01   0.0000e+00   0.0000e+00   2.8699e+02
20260714_21:00:00   1.1335e-01   3.2554e+01   1.3520e+01   0.0000e+00   0.0000e+00   2.8732e+02
20260715_00:00:00   9.7195e-02   2.8443e+01   1.1320e+01   0.0000e+00   0.0000e+00   2.8619e+02
20260715_03:00:00   8.9289e-02   2.6502e+01   9.7383e+00   0.0000e+00   0.0000e+00   2.8837e+02
20260715_06:00:00   9.8996e-02   2.8895e+01   1.1395e+01   0.0000e+00   8.7060e-06   2.8843e+02
20260715_09:00:00   1.0723e-01   3.0876e+01   1.2848e+01   0.0000e+00   2.3340e-05   2.8845e+02
20260715_12:00:00   1.0758e-01   3.0936e+01   1.2744e+01   0.0000e+00   0.0000e+00   2.9004e+02
20260715_15:00:00   1.0354e-01   3.0016e+01   1.1988e+01   0.0000e+00   0.0000e+00   2.8901e+02
20260715_18:00:00   1.0414e-01   3.0275e+01   1.2289e+01   0.0000e+00   8.4920e-06   2.9110e+02
20260715_21:00:00   1.0008e-01   2.9257e+01   1.2118e+01   0.0000e+00   0.0000e+00   2.9257e+02
20260716_00:00:00   9.5806e-02   2.8235e+01   1.1577e+01   0.0000e+00   0.0000e+00   2.9222e+02
20260716_03:00:00   1.0469e-01   3.0519e+01   1.2845e+01   0.0000e+00   0.0000e+00   2.9196e+02
20260716_06:00:00   1.2388e-01   3.5311e+01   1.5408e+01   0.0000e+00   0.0000e+00   2.8980e+02
20260716_09:00:00   1.2911e-01   3.6657e+01   1.5950e+01   0.0000e+00   0.0000e+00   2.9185e+02
20260716_12:00:00   1.2764e-01   3.6313e+01   1.5617e+01   0.0000e+00   4.1600e-06   2.9232e+02
20260716_15:00:00   1.2316e-01   3.5213e+01   1.4962e+01   0.0000e+00   1.0522e-03   2.9315e+02
20260716_18:00:00   1.1930e-01   3.4340e+01   1.4774e+01   0.0000e+00   0.0000e+00   2.9380e+02
20260716_21:00:00   1.2877e-01   3.6421e+01   1.6625e+01   2.5140e-03   1.0549e-02   2.9276e+02
20260717_00:00:00   2.4698e-01   6.2126e+01   2.0691e+01   1.0380e-01   4.9644e-01   2.9096e+02
20260717_03:00:00   1.4270e-01   3.9775e+01   1.9013e+01   0.0000e+00   3.7230e-02   2.9498e+02
20260717_06:00:00   1.5368e-01   4.2371e+01   2.0362e+01   0.0000e+00   3.9707e-02   2.9786e+02
20260717_09:00:00   1.5475e-01   4.2577e+01   2.0272e+01   0.0000e+00   1.5344e-03   2.9319e+02
20260717_12:00:00   1.5329e-01   4.2274e+01   1.9926e+01   0.0000e+00   7.8458e-04   2.9307e+02
20260717_15:00:00   1.4970e-01   4.1512e+01   1.9216e+01   0.0000e+00   7.1676e-03   2.9411e+02
20260717_18:00:00   1.5759e-01   4.3467e+01   2.0572e+01   0.0000e+00   1.8287e-03   2.9551e+02
20260717_21:00:00   1.4906e-01   4.1556e+01   1.9651e+01   1.2740e-04   6.5393e-05   2.8945e+02
20260718_00:00:00   5.8821e-01   1.2329e+02   2.8025e+01   4.1706e-01   5.2536e-01   2.8898e+02
20260718_03:00:00   1.4297e-01   3.9832e+01   1.8562e+01   1.9264e-04   6.6770e-03   2.9044e+02
20260718_06:00:00   1.6333e-01   4.4754e+01   2.0286e+01   1.3588e-04   1.4201e-02   2.9343e+02
20260718_09:00:00   1.7370e-01   4.7096e+01   2.1488e+01   0.0000e+00   5.4380e-02   2.9116e+02
20260718_12:00:00   1.7456e-01   4.7165e+01   2.2272e+01   0.0000e+00   3.7905e-03   2.9230e+02
20260718_15:00:00   1.6103e-01   4.4223e+01   1.9516e+01   0.0000e+00   7.8921e-03   2.9179e+02
20260718_18:00:00   1.5174e-01   4.2209e+01   1.8560e+01   0.0000e+00   7.7504e-04   2.9094e+02
20260718_21:00:00   1.5405e-01   4.2631e+01   1.9820e+01   4.2759e-04   4.5686e-03   2.9209e+02
20260719_00:00:00   2.3786e-01   6.1058e+01   2.2548e+01   7.6204e-02   8.0277e-02   2.9216e+02
20260719_03:00:00   1.9393e-01   5.1844e+01   2.3855e+01   4.6559e-03   4.8737e-02   2.9464e+02
20260719_06:00:00   1.8583e-01   4.9857e+01   2.3112e+01   0.0000e+00   1.1552e-02   2.9700e+02
20260719_09:00:00   1.7351e-01   4.6992e+01   2.2024e+01   0.0000e+00   8.2281e-03   2.9403e+02
20260719_12:00:00   1.7137e-01   4.6476e+01   2.1577e+01   0.0000e+00   0.0000e+00   2.9242e+02
