#            date       tau255        Tb[K]      pwv[mm] lwp[kg*m^-2] iwp[kg*m^-2]       o3[DU]
20260705_18:00:00   1.5625e-01   4.2077e+01   1.8702e+01   8.2289e-03   3.0926e-01   2.9265e+02
20260705_19:00:00   1.6114e-01   4.3256e+01   1.9457e+01   6.2619e-03   4.2524e-01   2.9013e+02
20260705_20:00:00   1.7000e-01   4.5309e+01   2.0042e+01   1.1112e-02   3.2512e-01   2.8789e+02
20260705_21:00:00   1.7181e-01   4.5798e+01   2.0013e+01   1.4406e-02   1.1098e-01   2.8707e+02
20260705_22:00:00   1.6689e-01   4.4785e+01   1.9668e+01   1.2866e-02   1.8775e-02   2.8608e+02
20260705_23:00:00   1.5606e-01   4.2379e+01   1.9628e+01   2.1097e-03   2.8637e-03   2.8565e+02
20260706_00:00:00   1.5173e-01   4.1406e+01   1.9349e+01   2.9420e-04   9.4997e-03   2.8486e+02
20260706_01:00:00   1.5494e-01   4.2153e+01   1.9219e+01   4.4878e-03   1.1688e-02   2.8500e+02
20260706_02:00:00   1.9253e-01   5.0658e+01   2.0253e+01   3.5277e-02   2.7718e-02   2.8553e+02
20260706_03:00:00   1.6770e-01   4.5264e+01   2.0901e+01   3.9575e-04   3.9847e-02   2.8826e+02
20260706_04:00:00   1.6177e-01   4.3936e+01   2.0118e+01   0.0000e+00   1.8511e-04   2.8586e+02
20260706_05:00:00   1.5755e-01   4.2954e+01   1.9547e+01   0.0000e+00   7.6000e-05   2.8556e+02
20260706_06:00:00   1.5503e-01   4.2286e+01   1.9435e+01   0.0000e+00   7.9060e-05   2.8417e+02
20260706_07:00:00   1.5534e-01   4.2311e+01   1.9469e+01   0.0000e+00   2.2672e-03   2.8670e+02
20260706_08:00:00   1.5564e-01   4.2374e+01   1.9323e+01   6.3380e-06   1.7149e-03   2.8770e+02
20260706_09:00:00   1.5650e-01   4.2580e+01   1.8978e+01   2.7740e-03   9.4380e-04   2.8878e+02
20260706_10:00:00   1.5402e-01   4.2017e+01   1.8662e+01   1.2084e-03   7.6420e-04   2.9027e+02
20260706_11:00:00   1.4876e-01   4.0821e+01   1.8082e+01   0.0000e+00   0.0000e+00   2.8889e+02
20260706_12:00:00   1.4523e-01   3.9980e+01   1.7628e+01   0.0000e+00   1.2021e-04   2.8803e+02
20260706_13:00:00   1.4269e-01   3.9373e+01   1.7298e+01   0.0000e+00   6.4940e-06   2.8774e+02
20260706_14:00:00   1.4033e-01   3.8833e+01   1.6940e+01   0.0000e+00   0.0000e+00   2.8696e+02
20260706_15:00:00   1.4245e-01   3.9346e+01   1.7199e+01   0.0000e+00   0.0000e+00   2.8838e+02
20260706_16:00:00   1.4572e-01   4.0142e+01   1.7602e+01   0.0000e+00   0.0000e+00   2.8885e+02
20260706_17:00:00   1.4645e-01   4.0331e+01   1.7729e+01   0.0000e+00   0.0000e+00   2.8846e+02
20260706_18:00:00   1.4581e-01   4.0196e+01   1.7458e+01   2.8200e-03   1.5680e-04   2.8792e+02
20260706_19:00:00   1.7579e-01   4.6889e+01   1.7242e+01   3.9820e-02   2.6346e-03   2.8828e+02
20260706_20:00:00   1.4277e-01   3.9488e+01   1.6995e+01   5.7489e-03   1.5352e-02   2.8963e+02
20260706_21:00:00   1.5862e-01   4.3102e+01   1.7508e+01   2.0258e-02   1.4738e-02   2.9002e+02
20260706_22:00:00   1.5056e-01   4.1417e+01   1.8034e+01   6.2360e-03   2.4582e-02   2.9015e+02
20260706_23:00:00   1.5991e-01   4.3546e+01   1.8367e+01   1.4960e-02   4.3198e-02   2.8995e+02
20260707_00:00:00   3.0393e-01   7.3724e+01   1.9829e+01   1.6487e-01   1.7943e-01   2.8832e+02
20260707_01:00:00   1.6726e-01   4.5376e+01   2.0385e+01   8.6461e-04   2.1753e-02   2.8909e+02
20260707_02:00:00   1.7128e-01   4.6239e+01   2.0999e+01   0.0000e+00   2.5275e-02   2.8798e+02
20260707_03:00:00   1.8090e-01   4.8345e+01   2.0858e+01   1.2051e-02   3.3404e-02   2.8867e+02
20260707_04:00:00   1.6317e-01   4.4326e+01   2.0205e+01   0.0000e+00   2.6874e-02   2.8909e+02
20260707_05:00:00   1.5856e-01   4.3196e+01   1.9794e+01   1.0608e-03   2.1208e-02   2.8930e+02
20260707_06:00:00   1.8644e-01   4.9330e+01   2.0511e+01   2.7822e-02   4.7693e-02   2.8800e+02
20260707_07:00:00   1.5949e-01   4.3319e+01   2.0168e+01   5.7184e-04   5.8886e-02   2.8781e+02
20260707_08:00:00   1.5983e-01   4.3404e+01   2.0208e+01   3.0100e-04   1.8189e-02   2.8604e+02
20260707_09:00:00   1.6148e-01   4.3790e+01   2.0439e+01   2.5800e-05   4.4914e-03   2.8771e+02
20260707_10:00:00   1.6371e-01   4.4273e+01   2.0703e+01   0.0000e+00   2.4351e-03   2.8701e+02
20260707_11:00:00   1.6252e-01   4.3994e+01   2.0478e+01   0.0000e+00   6.7245e-04   2.8925e+02
20260707_12:00:00   1.6001e-01   4.3426e+01   2.0079e+01   0.0000e+00   5.6923e-05   2.8796e+02
20260707_13:00:00   1.5577e-01   4.2456e+01   1.9491e+01   0.0000e+00   8.7196e-04   2.8748e+02
20260707_14:00:00   1.5048e-01   4.1244e+01   1.8719e+01   0.0000e+00   1.6522e-04   2.8844e+02
20260707_15:00:00   1.4842e-01   4.0779e+01   1.8475e+01   0.0000e+00   0.0000e+00   2.8826e+02
20260707_16:00:00   1.4856e-01   4.0841e+01   1.8500e+01   0.0000e+00   0.0000e+00   2.8896e+02
20260707_17:00:00   1.5055e-01   4.1352e+01   1.8793e+01   0.0000e+00   0.0000e+00   2.8803e+02
20260707_18:00:00   1.5225e-01   4.1765e+01   1.9138e+01   0.0000e+00   0.0000e+00   2.8518e+02
20260707_19:00:00   1.9181e-01   5.0557e+01   1.9430e+01   4.3200e-02   1.4506e-03   2.8406e+02
20260707_20:00:00   1.7090e-01   4.5970e+01   1.9388e+01   2.1077e-02   4.5925e-02   2.8385e+02
20260707_21:00:00   1.6334e-01   4.4386e+01   1.9054e+01   1.5266e-02   1.2206e-02   2.8405e+02
20260707_22:00:00   3.1420e-01   7.5706e+01   2.0109e+01   1.7543e-01   1.2267e-01   2.8365e+02
20260707_23:00:00   4.4849e-01   1.0009e+02   2.2719e+01   3.0316e-01   3.7797e-01   2.8327e+02
20260708_00:00:00   3.8786e-01   9.0384e+01   2.4375e+01   2.1864e-01   2.9165e-01   2.8250e+02
20260708_01:00:00   3.8369e-01   8.9361e+01   2.4651e+01   2.0744e-01   1.1958e-01   2.8466e+02
20260708_02:00:00   3.3493e-01   8.0541e+01   2.4933e+01   1.4738e-01   8.3312e-02   2.8564e+02
20260708_03:00:00   1.9445e-01   5.1591e+01   2.3505e+01   1.2345e-03   1.0982e-02   2.8659e+02
20260708_04:00:00   1.8108e-01   4.8504e+01   2.2740e+01   0.0000e+00   3.3144e-02   2.8558e+02
20260708_05:00:00   1.7196e-01   4.6398e+01   2.1806e+01   0.0000e+00   5.8212e-03   2.8652e+02
20260708_06:00:00   1.6936e-01   4.5729e+01   2.1563e+01   0.0000e+00   3.6723e-02   2.8405e+02
20260708_07:00:00   1.7266e-01   4.6429e+01   2.1784e+01   0.0000e+00   2.3818e-01   2.8164e+02
20260708_08:00:00   1.7000e-01   4.5791e+01   2.1549e+01   1.2868e-04   8.0036e-02   2.8118e+02
20260708_09:00:00   1.6920e-01   4.5605e+01   2.1427e+01   4.9540e-05   2.4637e-02   2.8231e+02
20260708_10:00:00   1.6851e-01   4.5498e+01   2.1093e+01   2.5480e-05   3.0274e-03   2.8230e+02
20260708_11:00:00   1.6933e-01   4.5722e+01   2.0977e+01   1.7834e-04   2.0863e-04   2.8346e+02
20260708_12:00:00   1.7050e-01   4.5987e+01   2.0902e+01   1.3089e-03   1.3830e-03   2.8390e+02
20260708_13:00:00   1.6541e-01   4.4848e+01   2.0339e+01   0.0000e+00   1.2230e-04   2.8255e+02
20260708_14:00:00   1.6003e-01   4.3653e+01   1.9571e+01   0.0000e+00   0.0000e+00   2.8348e+02
20260708_15:00:00   1.5760e-01   4.3136e+01   1.9171e+01   0.0000e+00   0.0000e+00   2.8594e+02
20260708_16:00:00   1.5566e-01   4.2725e+01   1.9049e+01   0.0000e+00   0.0000e+00   2.8416e+02
20260708_17:00:00   1.5610e-01   4.2850e+01   1.9262e+01   0.0000e+00   0.0000e+00   2.8298e+02
20260708_18:00:00   1.5745e-01   4.3140e+01   1.9707e+01   0.0000e+00   8.3920e-05   2.8321e+02
20260708_19:00:00   1.6124e-01   4.4007e+01   2.0091e+01   2.7100e-03   2.8346e-04   2.8349e+02
20260708_20:00:00   2.6931e-01   6.7098e+01   2.0256e+01   1.2379e-01   2.3703e-02   2.8494e+02
20260708_21:00:00   2.2746e-01   5.8427e+01   2.0365e+01   7.5955e-02   7.1768e-02   2.8471e+02
20260708_22:00:00   3.0421e-01   7.3992e+01   2.1734e+01   1.5147e-01   3.0056e-01   2.8503e+02
20260708_23:00:00   2.0179e-01   5.2975e+01   2.2217e+01   3.0773e-02   1.8718e-01   2.8555e+02
20260709_00:00:00   1.7496e-01   4.7160e+01   2.0595e+01   1.3637e-02   6.2072e-02   2.8430e+02
20260709_01:00:00   2.6713e-01   6.6922e+01   2.3037e+01   8.7613e-02   2.5859e-02   2.8500e+02
20260709_02:00:00   1.7658e-01   4.7479e+01   2.2329e+01   3.0380e-04   1.2072e-01   2.8590e+02
20260709_03:00:00   1.7968e-01   4.8100e+01   2.2609e+01   0.0000e+00   3.7815e-01   2.8586e+02
20260709_04:00:00   1.5880e-01   4.3439e+01   2.0016e+01   0.0000e+00   5.2716e-03   2.8563e+02
20260709_05:00:00   1.4834e-01   4.1039e+01   1.8588e+01   0.0000e+00   1.1470e-03   2.8503e+02
20260709_06:00:00   1.4863e-01   4.1040e+01   1.8642e+01   4.0756e-05   5.0318e-03   2.8483e+02
20260709_07:00:00   1.4879e-01   4.1153e+01   1.8437e+01   0.0000e+00   3.8514e-03   2.8223e+02
20260709_08:00:00   1.4310e-01   3.9792e+01   1.7621e+01   0.0000e+00   3.3980e-05   2.8216e+02
20260709_09:00:00   1.4197e-01   3.9486e+01   1.7280e+01   1.1380e-03   7.4560e-04   2.8267e+02
20260709_10:00:00   1.4671e-01   4.0599e+01   1.7924e+01   0.0000e+00   1.7658e-03   2.8303e+02
20260709_11:00:00   1.4612e-01   4.0424e+01   1.7853e+01   0.0000e+00   0.0000e+00   2.8317e+02
20260709_12:00:00   1.4015e-01   3.8978e+01   1.7112e+01   0.0000e+00   0.0000e+00   2.8361e+02
20260709_13:00:00   1.3378e-01   3.7421e+01   1.6180e+01   0.0000e+00   0.0000e+00   2.8316e+02
20260709_14:00:00   1.2942e-01   3.6406e+01   1.5354e+01   0.0000e+00   0.0000e+00   2.8254e+02
20260709_15:00:00   1.2354e-01   3.5010e+01   1.4538e+01   0.0000e+00   0.0000e+00   2.8349e+02
20260709_16:00:00   1.2347e-01   3.5040e+01   1.4497e+01   0.0000e+00   0.0000e+00   2.8360e+02
20260709_17:00:00   1.2307e-01   3.4974e+01   1.4521e+01   0.0000e+00   0.0000e+00   2.8382e+02
20260709_18:00:00   1.2425e-01   3.5272e+01   1.4832e+01   0.0000e+00   0.0000e+00   2.8401e+02
20260709_19:00:00   1.2788e-01   3.6111e+01   1.5584e+01   0.0000e+00   0.0000e+00   2.8464e+02
20260709_20:00:00   1.2966e-01   3.6464e+01   1.6032e+01   7.5700e-04   1.2778e-03   2.8512e+02
20260709_21:00:00   1.2268e-01   3.4748e+01   1.5290e+01   5.8120e-04   6.0368e-03   2.8628e+02
20260709_22:00:00   1.3355e-01   3.7116e+01   1.4630e+01   1.8988e-02   6.7238e-02   2.8582e+02
20260709_23:00:00   1.3119e-01   3.6671e+01   1.5487e+01   1.0230e-02   6.4396e-02   2.8431e+02
20260710_00:00:00   1.3330e-01   3.7267e+01   1.6511e+01   4.2800e-03   1.0578e-01   2.8447e+02
20260710_01:00:00   1.3980e-01   3.8755e+01   1.6422e+01   1.1635e-02   8.4212e-02   2.8478e+02
20260710_02:00:00   1.4907e-01   4.1051e+01   1.8290e+01   5.6542e-03   3.7439e-02   2.8451e+02
20260710_03:00:00   1.5255e-01   4.1982e+01   1.9312e+01   0.0000e+00   1.1544e-02   2.8444e+02
20260710_04:00:00   1.4869e-01   4.1113e+01   1.8848e+01   0.0000e+00   5.0880e-03   2.8516e+02
20260710_05:00:00   1.5716e-01   4.3167e+01   1.9639e+01   0.0000e+00   3.5356e-03   2.8589e+02
20260710_06:00:00   1.5203e-01   4.1949e+01   1.8828e+01   0.0000e+00   2.4007e-04   2.8814e+02
20260710_07:00:00   1.4568e-01   4.0441e+01   1.7980e+01   0.0000e+00   4.7019e-03   2.8730e+02
20260710_08:00:00   1.4414e-01   4.0000e+01   1.7835e+01   0.0000e+00   2.6475e-03   2.8599e+02
20260710_09:00:00   1.4789e-01   4.0904e+01   1.8198e+01   0.0000e+00   3.2283e-03   2.8400e+02
20260710_10:00:00   1.4322e-01   3.9776e+01   1.7488e+01   0.0000e+00   2.0738e-04   2.8360e+02
20260710_11:00:00   1.4161e-01   3.9394e+01   1.7103e+01   0.0000e+00   2.0380e-05   2.8679e+02
20260710_12:00:00   1.3970e-01   3.8967e+01   1.6625e+01   0.0000e+00   0.0000e+00   2.8661e+02
20260710_13:00:00   1.3693e-01   3.8344e+01   1.6059e+01   0.0000e+00   0.0000e+00   2.8454e+02
20260710_14:00:00   1.3066e-01   3.6846e+01   1.5191e+01   0.0000e+00   0.0000e+00   2.8427e+02
20260710_15:00:00   1.2357e-01   3.5155e+01   1.4245e+01   0.0000e+00   0.0000e+00   2.8352e+02
20260710_16:00:00   1.2664e-01   3.5967e+01   1.4541e+01   0.0000e+00   0.0000e+00   2.8136e+02
20260710_17:00:00   1.2657e-01   3.5976e+01   1.4676e+01   0.0000e+00   0.0000e+00   2.8286e+02
20260710_18:00:00   1.2894e-01   3.6590e+01   1.5115e+01   0.0000e+00   0.0000e+00   2.8406e+02
20260710_21:00:00   1.3980e-01   3.8764e+01   1.5992e+01   1.4014e-02   3.6667e-03   2.8426e+02
20260711_00:00:00   1.2269e-01   3.4824e+01   1.5416e+01   3.1740e-04   1.9012e-03   2.8484e+02
20260711_03:00:00   1.7127e-01   4.6306e+01   2.1578e+01   2.6440e-04   9.3529e-02   2.8491e+02
20260711_06:00:00   1.5929e-01   4.3453e+01   2.0341e+01   0.0000e+00   2.6126e-02   2.8763e+02
20260711_09:00:00   1.3959e-01   3.8731e+01   1.7467e+01   0.0000e+00   2.3965e-02   2.8806e+02
20260711_12:00:00   1.3710e-01   3.8309e+01   1.6249e+01   0.0000e+00   0.0000e+00   2.9086e+02
20260711_15:00:00   1.2996e-01   3.6576e+01   1.5286e+01   0.0000e+00   0.0000e+00   2.9151e+02
20260711_18:00:00   1.2500e-01   3.5530e+01   1.4926e+01   0.0000e+00   0.0000e+00   2.9512e+02
20260711_21:00:00   1.2055e-01   3.4203e+01   1.4947e+01   7.6780e-04   3.3782e-02   2.9384e+02
20260712_00:00:00   1.5407e-01   4.1923e+01   1.7143e+01   2.4132e-02   1.7955e-01   2.9129e+02
20260712_03:00:00   2.0003e-01   5.2579e+01   2.1345e+01   3.3478e-02   1.1504e-01   2.9211e+02
20260712_06:00:00   1.5600e-01   4.2885e+01   1.9442e+01   0.0000e+00   6.1722e-04   2.9218e+02
20260712_09:00:00   1.5209e-01   4.1936e+01   1.8830e+01   0.0000e+00   2.3823e-04   2.9054e+02
20260712_12:00:00   1.5485e-01   4.2538e+01   1.8754e+01   0.0000e+00   5.0600e-05   2.9141e+02
20260712_15:00:00   1.4178e-01   3.9453e+01   1.7135e+01   0.0000e+00   0.0000e+00   2.9258e+02
20260712_18:00:00   1.3996e-01   3.9182e+01   1.6911e+01   0.0000e+00   0.0000e+00   2.9338e+02
20260712_21:00:00   1.7428e-01   4.6753e+01   1.8103e+01   3.6477e-02   8.9050e-03   2.9235e+02
20260713_00:00:00   4.2943e-01   9.7527e+01   2.5119e+01   2.5392e-01   1.6492e-01   2.9220e+02
20260713_03:00:00   1.8176e-01   4.8829e+01   2.3047e+01   0.0000e+00   7.0436e-02   2.9427e+02
20260713_06:00:00   1.9048e-01   5.0664e+01   2.4271e+01   5.7120e-04   1.8046e-02   2.9753e+02
20260713_09:00:00   2.0531e-01   5.3973e+01   2.5027e+01   3.9840e-03   6.4619e-04   2.9404e+02
20260713_12:00:00   1.9974e-01   5.2783e+01   2.4661e+01   0.0000e+00   4.4158e-03   2.9277e+02
20260713_15:00:00   1.9761e-01   5.2384e+01   2.4376e+01   0.0000e+00   3.4820e-04   2.9351e+02
20260713_18:00:00   2.0813e-01   5.4940e+01   2.5172e+01   4.7280e-03   0.0000e+00   2.9214e+02
20260713_21:00:00   4.2643e-01   9.7835e+01   2.4853e+01   2.6189e-01   7.1229e-03   2.9018e+02
20260714_00:00:00   9.7619e-01   1.7275e+02   3.0328e+01   8.2314e-01   1.3419e-01   2.8968e+02
20260714_03:00:00   2.7569e-01   6.8952e+01   2.8954e+01   4.5231e-02   9.7218e-01   2.8947e+02
20260714_06:00:00   4.2655e-01   9.7545e+01   2.9929e+01   2.0618e-01   1.4319e-01   2.8985e+02
20260714_09:00:00   2.3043e-01   5.9518e+01   2.8495e+01   1.7848e-04   1.1216e-01   2.8698e+02
20260714_12:00:00   3.2593e-01   7.8949e+01   2.9068e+01   9.9333e-02   8.7932e-03   2.8841e+02
20260714_15:00:00   5.1120e-01   1.1212e+02   3.0258e+01   2.9555e-01   2.3634e-02   2.8934e+02
20260714_18:00:00   3.3850e-01   8.1641e+01   3.0592e+01   9.6327e-02   2.3754e-02   2.8780e+02
20260714_21:00:00   4.9757e-01   1.0986e+02   3.1864e+01   2.6799e-01   1.2078e-01   2.8667e+02
20260715_00:00:00   2.5229e-01   6.4482e+01   3.0339e+01   3.7280e-03   1.5163e-01   2.8462e+02
20260715_03:00:00   2.3422e-01   6.0635e+01   2.7901e+01   3.1674e-04   7.7400e-06   2.8421e+02
20260715_06:00:00   2.2677e-01   5.8845e+01   2.6786e+01   0.0000e+00   4.2460e-06   2.8441e+02
20260715_09:00:00   1.9431e-01   5.1446e+01   2.2922e+01   0.0000e+00   0.0000e+00   2.8364e+02
20260715_12:00:00   1.8184e-01   4.8632e+01   2.0884e+01   0.0000e+00   0.0000e+00   2.8520e+02
20260715_15:00:00   1.7947e-01   4.8120e+01   2.0761e+01   0.0000e+00   0.0000e+00   2.8110e+02
20260715_18:00:00   1.6619e-01   4.5136e+01   1.9617e+01   0.0000e+00   0.0000e+00   2.8127e+02
20260715_21:00:00   1.5744e-01   4.3123e+01   1.8919e+01   4.1660e-04   0.0000e+00   2.8156e+02
20260716_00:00:00   1.4607e-01   4.0466e+01   1.7504e+01   4.5700e-05   3.4820e-06   2.8110e+02
20260716_03:00:00   1.3002e-01   3.6577e+01   1.5219e+01   0.0000e+00   0.0000e+00   2.8314e+02
20260716_06:00:00   1.2052e-01   3.4196e+01   1.3860e+01   0.0000e+00   0.0000e+00   2.8283e+02
20260716_09:00:00   1.2552e-01   3.5391e+01   1.4425e+01   0.0000e+00   0.0000e+00   2.8361e+02
20260716_12:00:00   1.2592e-01   3.5471e+01   1.4341e+01   0.0000e+00   0.0000e+00   2.8634e+02
20260716_15:00:00   1.2774e-01   3.5933e+01   1.4565e+01   0.0000e+00   0.0000e+00   2.8718e+02
20260716_18:00:00   1.2831e-01   3.6174e+01   1.4759e+01   0.0000e+00   0.0000e+00   2.8661e+02
20260716_21:00:00   1.3063e-01   3.6767e+01   1.5652e+01   0.0000e+00   0.0000e+00   2.8662e+02
20260717_00:00:00   1.2713e-01   3.5971e+01   1.5458e+01   0.0000e+00   0.0000e+00   2.8751e+02
20260717_03:00:00   1.3049e-01   3.6761e+01   1.5966e+01   0.0000e+00   6.1920e-06   2.9075e+02
20260717_06:00:00   1.4019e-01   3.9150e+01   1.7089e+01   0.0000e+00   3.4688e-04   2.9155e+02
20260717_09:00:00   1.4366e-01   3.9997e+01   1.7559e+01   0.0000e+00   7.8221e-04   2.9098e+02
20260717_12:00:00   1.5609e-01   4.2945e+01   1.8661e+01   1.3712e-04   1.1779e-02   2.9377e+02
20260717_15:00:00   1.5100e-01   4.1712e+01   1.8038e+01   0.0000e+00   2.5538e-03   2.9363e+02
20260717_18:00:00   1.5806e-01   4.3499e+01   1.9168e+01   9.1680e-05   1.3306e-02   2.9209e+02
20260717_21:00:00   3.1351e-01   7.6390e+01   2.0271e+01   1.7103e-01   4.8556e-02   2.9224e+02
20260718_00:00:00   2.0857e-01   5.4590e+01   1.8775e+01   6.7360e-02   5.0269e-02   2.9192e+02
20260718_03:00:00   1.8432e-01   4.9293e+01   1.9460e+01   3.1939e-02   6.5936e-03   2.9028e+02
20260718_06:00:00   2.9558e-01   7.3005e+01   2.0837e+01   1.4015e-01   2.3310e-02   2.8934e+02
20260718_09:00:00   1.6268e-01   4.4493e+01   1.9716e+01   0.0000e+00   3.4103e-05   2.8711e+02
20260718_12:00:00   1.6910e-01   4.5922e+01   2.0686e+01   0.0000e+00   4.8497e-04   2.8779e+02
20260718_15:00:00   1.7185e-01   4.6552e+01   2.1159e+01   0.0000e+00   7.9360e-07   2.8924e+02
20260718_18:00:00   1.7950e-01   4.8443e+01   2.2057e+01   2.3840e-03   3.8700e-06   2.8966e+02
20260718_21:00:00   3.1186e-01   7.6204e+01   2.3262e+01   1.4291e-01   9.4569e-03   2.8943e+02
20260719_00:00:00   1.7593e-01   4.7786e+01   2.1324e+01   7.1581e-03   2.2798e-04   2.9060e+02
20260719_03:00:00   1.5476e-01   4.2987e+01   1.8415e+01   0.0000e+00   0.0000e+00   2.8788e+02
20260719_06:00:00   1.6539e-01   4.5340e+01   1.9378e+01   1.6966e-03   1.5078e-05   2.8826e+02
20260719_09:00:00   1.4364e-01   4.0150e+01   1.6862e+01   0.0000e+00   1.5708e-03   2.8716e+02
20260719_12:00:00   1.4103e-01   3.9592e+01   1.6316e+01   0.0000e+00   0.0000e+00   2.8885e+02
20260719_15:00:00   1.4645e-01   4.0953e+01   1.7103e+01   0.0000e+00   4.1600e-06   2.9041e+02
20260719_18:00:00   1.4623e-01   4.0959e+01   1.7657e+01   0.0000e+00   0.0000e+00   2.8875e+02
20260719_21:00:00   1.4355e-01   4.0166e+01   1.8478e+01   2.8300e-05   8.5599e-04   2.8720e+02
20260720_00:00:00   1.4716e-01   4.0923e+01   1.8096e+01   1.0772e-02   1.5330e-02   2.8391e+02
20260720_03:00:00   3.3271e-01   7.9740e+01   2.3074e+01   1.7374e-01   2.1444e-01   2.8892e+02
20260720_06:00:00   1.5886e-01   4.3706e+01   2.0642e+01   0.0000e+00   5.2484e-02   2.9080e+02
20260720_09:00:00   1.6542e-01   4.5166e+01   2.1563e+01   0.0000e+00   1.7874e-01   2.9118e+02
20260720_12:00:00   1.3695e-01   3.8542e+01   1.7372e+01   0.0000e+00   3.6645e-02   2.9200e+02
20260720_15:00:00   1.5378e-01   4.2595e+01   1.9426e+01   0.0000e+00   1.3776e-03   2.9199e+02
20260720_18:00:00   1.5033e-01   4.1932e+01   1.8976e+01   0.0000e+00   2.9838e-02   2.8997e+02
20260720_21:00:00   1.3965e-01   3.9162e+01   1.8182e+01   8.7220e-04   7.6053e-03   2.8954e+02
20260721_00:00:00   1.3565e-01   3.8196e+01   1.7381e+01   4.3860e-03   1.0974e-02   2.9072e+02
20260721_03:00:00   1.6331e-01   4.4535e+01   1.9361e+01   1.9443e-02   2.7193e-02   2.9203e+02
20260721_06:00:00   1.7739e-01   4.8092e+01   2.1570e+01   9.7940e-03   6.3057e-03   2.9325e+02
20260721_09:00:00   1.5686e-01   4.3281e+01   1.9994e+01   0.0000e+00   1.8496e-03   2.9115e+02
20260721_12:00:00   1.4322e-01   4.0051e+01   1.7853e+01   1.9840e-06   1.2774e-05   2.9076e+02
20260721_15:00:00   1.4458e-01   4.0423e+01   1.7819e+01   0.0000e+00   0.0000e+00   2.9196e+02
20260721_18:00:00   1.2643e-01   3.5998e+01   1.5760e+01   0.0000e+00   2.1080e-04   2.9143e+02
