#            date       tau255        Tb[K]      pwv[mm] lwp[kg*m^-2] iwp[kg*m^-2]       o3[DU]
20260628_00:00:00   1.0376e-01   3.0042e+01   1.1579e+01   0.0000e+00   0.0000e+00   3.1176e+02
20260628_01:00:00   9.9330e-02   2.8981e+01   1.0690e+01   0.0000e+00   0.0000e+00   3.1162e+02
20260628_02:00:00   1.0404e-01   3.0180e+01   1.1152e+01   0.0000e+00   0.0000e+00   3.1291e+02
20260628_03:00:00   9.6341e-02   2.8227e+01   9.9090e+00   0.0000e+00   0.0000e+00   3.1411e+02
20260628_04:00:00   9.5102e-02   2.7894e+01   9.6247e+00   0.0000e+00   0.0000e+00   3.1769e+02
20260628_05:00:00   9.3434e-02   2.7449e+01   9.3446e+00   0.0000e+00   0.0000e+00   3.1889e+02
20260628_06:00:00   9.2821e-02   2.7274e+01   9.2235e+00   0.0000e+00   0.0000e+00   3.1950e+02
20260628_07:00:00   9.1496e-02   2.6925e+01   8.9879e+00   0.0000e+00   0.0000e+00   3.2090e+02
20260628_08:00:00   9.0193e-02   2.6569e+01   8.7858e+00   0.0000e+00   0.0000e+00   3.2470e+02
20260628_09:00:00   9.1451e-02   2.6871e+01   8.9862e+00   0.0000e+00   0.0000e+00   3.2435e+02
20260628_10:00:00   9.3005e-02   2.7244e+01   9.3150e+00   0.0000e+00   0.0000e+00   3.2171e+02
20260628_11:00:00   9.4718e-02   2.7633e+01   9.7401e+00   0.0000e+00   0.0000e+00   3.1974e+02
20260628_12:00:00   9.7047e-02   2.8168e+01   1.0283e+01   0.0000e+00   0.0000e+00   3.1966e+02
20260628_13:00:00   1.0018e-01   2.8895e+01   1.0959e+01   0.0000e+00   0.0000e+00   3.1940e+02
20260628_14:00:00   1.0091e-01   2.9052e+01   1.1187e+01   0.0000e+00   0.0000e+00   3.1828e+02
20260628_15:00:00   9.7258e-02   2.8164e+01   1.0628e+01   0.0000e+00   0.0000e+00   3.1710e+02
20260628_16:00:00   9.7580e-02   2.8263e+01   1.0683e+01   0.0000e+00   0.0000e+00   3.1414e+02
20260628_17:00:00   1.0009e-01   2.8899e+01   1.1225e+01   0.0000e+00   6.5310e-05   3.1293e+02
20260628_18:00:00   1.0491e-01   3.0057e+01   1.2155e+01   0.0000e+00   1.0559e-02   3.1060e+02
20260628_19:00:00   1.0601e-01   3.0338e+01   1.2437e+01   0.0000e+00   2.2615e-04   3.0808e+02
20260628_20:00:00   1.0290e-01   2.9621e+01   1.1914e+01   0.0000e+00   2.3980e-05   3.0623e+02
20260628_21:00:00   1.0570e-01   3.0297e+01   1.2399e+01   0.0000e+00   5.3440e-04   3.0529e+02
20260628_22:00:00   1.1839e-01   3.3376e+01   1.4461e+01   0.0000e+00   4.2460e-06   3.0308e+02
20260628_23:00:00   1.2535e-01   3.5162e+01   1.5074e+01   0.0000e+00   0.0000e+00   3.0390e+02
20260629_00:00:00   1.2053e-01   3.4054e+01   1.4122e+01   0.0000e+00   0.0000e+00   3.0591e+02
20260629_01:00:00   1.0988e-01   3.1516e+01   1.2369e+01   0.0000e+00   0.0000e+00   3.0732e+02
20260629_02:00:00   1.0934e-01   3.1380e+01   1.2084e+01   0.0000e+00   0.0000e+00   3.0779e+02
20260629_03:00:00   1.0982e-01   3.1475e+01   1.2042e+01   0.0000e+00   0.0000e+00   3.0670e+02
20260629_04:00:00   1.0987e-01   3.1465e+01   1.1997e+01   0.0000e+00   0.0000e+00   3.0609e+02
20260629_05:00:00   1.0883e-01   3.1174e+01   1.1795e+01   0.0000e+00   0.0000e+00   3.0758e+02
20260629_06:00:00   1.0770e-01   3.0873e+01   1.1559e+01   0.0000e+00   0.0000e+00   3.0928e+02
20260629_07:00:00   1.0876e-01   3.1091e+01   1.1690e+01   0.0000e+00   0.0000e+00   3.0916e+02
20260629_08:00:00   1.0788e-01   3.0848e+01   1.1543e+01   0.0000e+00   0.0000e+00   3.0686e+02
20260629_09:00:00   1.0411e-01   2.9896e+01   1.1018e+01   0.0000e+00   0.0000e+00   3.0363e+02
20260629_10:00:00   1.0066e-01   2.9009e+01   1.0512e+01   0.0000e+00   0.0000e+00   3.0325e+02
20260629_11:00:00   9.8726e-02   2.8507e+01   1.0174e+01   0.0000e+00   0.0000e+00   3.0237e+02
20260629_12:00:00   1.0092e-01   2.9037e+01   1.0394e+01   0.0000e+00   0.0000e+00   3.0306e+02
20260629_13:00:00   1.0194e-01   2.9286e+01   1.0475e+01   0.0000e+00   0.0000e+00   3.0215e+02
20260629_14:00:00   1.0310e-01   2.9579e+01   1.0597e+01   0.0000e+00   0.0000e+00   3.0377e+02
20260629_15:00:00   1.0576e-01   3.0257e+01   1.0919e+01   0.0000e+00   0.0000e+00   3.0560e+02
20260629_16:00:00   1.0903e-01   3.1104e+01   1.1404e+01   0.0000e+00   0.0000e+00   3.0601e+02
20260629_17:00:00   1.0912e-01   3.1151e+01   1.1648e+01   0.0000e+00   0.0000e+00   3.0538e+02
20260629_18:00:00   1.1270e-01   3.2044e+01   1.2378e+01   0.0000e+00   0.0000e+00   3.0416e+02
20260629_19:00:00   1.1760e-01   3.3235e+01   1.3319e+01   0.0000e+00   0.0000e+00   3.0188e+02
20260629_20:00:00   1.1874e-01   3.3539e+01   1.3636e+01   0.0000e+00   0.0000e+00   3.0000e+02
20260629_21:00:00   1.1995e-01   3.3836e+01   1.3986e+01   0.0000e+00   1.0126e-04   3.0012e+02
20260629_22:00:00   1.1957e-01   3.3750e+01   1.3976e+01   1.2190e-04   3.1320e-04   3.0110e+02
20260629_23:00:00   1.2004e-01   3.3874e+01   1.4041e+01   0.0000e+00   1.2562e-04   3.0045e+02
20260630_00:00:00   1.2448e-01   3.4947e+01   1.4628e+01   0.0000e+00   3.1034e-04   2.9716e+02
20260630_01:00:00   1.2321e-01   3.4651e+01   1.4320e+01   0.0000e+00   1.9828e-04   2.9414e+02
20260630_02:00:00   1.1921e-01   3.3695e+01   1.3631e+01   7.4000e-05   1.0488e-03   2.9260e+02
20260630_03:00:00   1.2447e-01   3.5014e+01   1.4196e+01   0.0000e+00   2.0500e-05   2.9073e+02
20260630_04:00:00   1.2745e-01   3.5744e+01   1.4381e+01   0.0000e+00   0.0000e+00   2.9174e+02
20260630_05:00:00   1.2606e-01   3.5422e+01   1.4076e+01   0.0000e+00   0.0000e+00   2.9191e+02
20260630_06:00:00   1.2389e-01   3.4885e+01   1.3695e+01   0.0000e+00   0.0000e+00   2.9498e+02
20260630_07:00:00   1.2059e-01   3.4057e+01   1.3217e+01   0.0000e+00   0.0000e+00   2.9505e+02
20260630_08:00:00   1.1765e-01   3.3338e+01   1.2783e+01   0.0000e+00   0.0000e+00   2.9391e+02
20260630_09:00:00   1.1483e-01   3.2623e+01   1.2392e+01   0.0000e+00   0.0000e+00   2.9424e+02
20260630_10:00:00   1.1389e-01   3.2363e+01   1.2185e+01   0.0000e+00   0.0000e+00   2.9386e+02
20260630_11:00:00   1.1306e-01   3.2137e+01   1.2012e+01   0.0000e+00   0.0000e+00   2.9295e+02
20260630_12:00:00   1.1072e-01   3.1524e+01   1.1707e+01   0.0000e+00   0.0000e+00   2.9192e+02
20260630_13:00:00   1.0936e-01   3.1155e+01   1.1596e+01   0.0000e+00   0.0000e+00   2.9211e+02
20260630_14:00:00   1.0957e-01   3.1207e+01   1.1627e+01   0.0000e+00   0.0000e+00   2.9422e+02
20260630_15:00:00   1.0565e-01   3.0230e+01   1.1131e+01   0.0000e+00   0.0000e+00   2.9346e+02
20260630_16:00:00   9.8980e-02   2.8556e+01   1.0240e+01   0.0000e+00   0.0000e+00   2.9314e+02
20260630_17:00:00   9.1756e-02   2.6704e+01   9.4794e+00   0.0000e+00   0.0000e+00   2.9531e+02
20260630_18:00:00   8.5552e-02   2.5117e+01   8.7531e+00   0.0000e+00   0.0000e+00   2.9620e+02
20260630_19:00:00   8.7319e-02   2.5564e+01   9.1090e+00   0.0000e+00   0.0000e+00   2.9610e+02
20260630_20:00:00   9.2676e-02   2.6928e+01   9.9568e+00   0.0000e+00   0.0000e+00   2.9460e+02
20260630_21:00:00   9.8897e-02   2.8517e+01   1.0930e+01   0.0000e+00   0.0000e+00   2.9427e+02
20260630_22:00:00   1.0005e-01   2.8823e+01   1.1145e+01   0.0000e+00   0.0000e+00   2.9450e+02
20260630_23:00:00   9.9421e-02   2.8670e+01   1.1100e+01   0.0000e+00   0.0000e+00   2.9540e+02
20260701_00:00:00   1.0177e-01   2.9274e+01   1.1385e+01   0.0000e+00   0.0000e+00   2.9689e+02
20260701_01:00:00   1.0279e-01   2.9534e+01   1.1434e+01   0.0000e+00   0.0000e+00   2.9708e+02
20260701_02:00:00   9.9335e-02   2.8651e+01   1.0858e+01   0.0000e+00   9.3460e-06   2.9798e+02
20260701_03:00:00   9.5785e-02   2.7750e+01   1.0241e+01   0.0000e+00   0.0000e+00   2.9711e+02
20260701_04:00:00   9.0297e-02   2.6365e+01   9.3144e+00   0.0000e+00   0.0000e+00   2.9761e+02
20260701_05:00:00   8.5062e-02   2.5010e+01   8.4516e+00   0.0000e+00   0.0000e+00   2.9686e+02
20260701_06:00:00   8.1784e-02   2.4148e+01   7.8905e+00   0.0000e+00   0.0000e+00   2.9670e+02
20260701_07:00:00   7.9405e-02   2.3538e+01   7.4465e+00   0.0000e+00   0.0000e+00   2.9689e+02
20260701_08:00:00   7.9193e-02   2.3485e+01   7.3166e+00   0.0000e+00   0.0000e+00   2.9771e+02
20260701_09:00:00   7.7801e-02   2.3134e+01   7.0206e+00   0.0000e+00   0.0000e+00   2.9868e+02
20260701_10:00:00   7.3980e-02   2.2151e+01   6.3964e+00   0.0000e+00   0.0000e+00   3.0091e+02
20260701_11:00:00   7.0594e-02   2.1268e+01   5.8322e+00   0.0000e+00   0.0000e+00   3.0458e+02
20260701_12:00:00   6.7108e-02   2.0366e+01   5.2277e+00   0.0000e+00   0.0000e+00   3.0781e+02
20260701_13:00:00   6.4400e-02   1.9659e+01   4.7501e+00   0.0000e+00   0.0000e+00   3.0776e+02
20260701_14:00:00   6.1083e-02   1.8799e+01   4.1811e+00   0.0000e+00   0.0000e+00   3.0637e+02
20260701_15:00:00   5.8097e-02   1.8027e+01   3.6808e+00   0.0000e+00   0.0000e+00   3.0995e+02
20260701_16:00:00   5.5794e-02   1.7424e+01   3.3437e+00   0.0000e+00   0.0000e+00   3.1175e+02
20260701_17:00:00   5.4515e-02   1.7094e+01   3.1853e+00   0.0000e+00   0.0000e+00   3.1123e+02
20260701_18:00:00   5.3810e-02   1.6904e+01   3.1444e+00   0.0000e+00   0.0000e+00   3.0958e+02
20260701_19:00:00   5.3260e-02   1.6754e+01   3.1319e+00   0.0000e+00   0.0000e+00   3.0861e+02
20260701_20:00:00   5.3849e-02   1.6913e+01   3.2988e+00   0.0000e+00   0.0000e+00   3.0780e+02
20260701_21:00:00   5.5108e-02   1.7248e+01   3.5896e+00   0.0000e+00   0.0000e+00   3.0750e+02
20260701_22:00:00   5.6944e-02   1.7741e+01   3.9738e+00   0.0000e+00   0.0000e+00   3.0692e+02
20260701_23:00:00   5.8489e-02   1.8155e+01   4.2880e+00   0.0000e+00   0.0000e+00   3.0603e+02
20260702_00:00:00   5.9283e-02   1.8371e+01   4.4315e+00   0.0000e+00   0.0000e+00   3.0437e+02
20260702_01:00:00   6.0235e-02   1.8626e+01   4.5872e+00   0.0000e+00   0.0000e+00   3.0488e+02
20260702_02:00:00   6.0011e-02   1.8563e+01   4.5067e+00   0.0000e+00   0.0000e+00   3.0628e+02
20260702_03:00:00   5.8001e-02   1.8023e+01   4.1066e+00   0.0000e+00   0.0000e+00   3.0824e+02
20260702_04:00:00   5.5889e-02   1.7454e+01   3.6858e+00   0.0000e+00   0.0000e+00   3.0868e+02
20260702_05:00:00   5.4341e-02   1.7036e+01   3.3786e+00   0.0000e+00   0.0000e+00   3.0989e+02
20260702_06:00:00   5.3753e-02   1.6875e+01   3.2547e+00   0.0000e+00   0.0000e+00   3.0861e+02
20260702_07:00:00   5.4026e-02   1.6943e+01   3.3000e+00   0.0000e+00   0.0000e+00   3.0595e+02
20260702_08:00:00   5.4567e-02   1.7075e+01   3.4025e+00   0.0000e+00   0.0000e+00   3.0418e+02
20260702_09:00:00   5.5193e-02   1.7231e+01   3.5232e+00   0.0000e+00   0.0000e+00   3.0176e+02
20260702_10:00:00   5.5243e-02   1.7238e+01   3.5315e+00   0.0000e+00   0.0000e+00   3.0041e+02
20260702_11:00:00   5.4611e-02   1.7074e+01   3.4063e+00   0.0000e+00   0.0000e+00   3.0202e+02
20260702_12:00:00   5.4067e-02   1.6933e+01   3.2926e+00   0.0000e+00   0.0000e+00   3.0207e+02
20260702_13:00:00   5.3463e-02   1.6783e+01   3.1638e+00   0.0000e+00   0.0000e+00   3.0207e+02
20260702_14:00:00   5.3155e-02   1.6709e+01   3.0964e+00   0.0000e+00   1.1902e-05   3.0170e+02
20260702_15:00:00   5.3630e-02   1.6839e+01   3.1746e+00   0.0000e+00   0.0000e+00   3.0322e+02
20260702_16:00:00   5.3986e-02   1.6936e+01   3.2617e+00   0.0000e+00   2.4360e-05   3.0367e+02
20260702_17:00:00   5.4678e-02   1.7126e+01   3.4167e+00   0.0000e+00   4.2180e-04   3.0351e+02
20260702_18:00:00   5.4799e-02   1.7169e+01   3.4975e+00   0.0000e+00   3.6460e-04   3.0378e+02
20260702_19:00:00   5.3989e-02   1.6962e+01   3.4148e+00   0.0000e+00   1.4602e-03   3.0494e+02
20260702_20:00:00   5.2856e-02   1.6664e+01   3.2528e+00   0.0000e+00   1.4577e-02   3.0547e+02
20260702_21:00:00   5.3511e-02   1.6839e+01   3.3844e+00   0.0000e+00   5.4214e-02   3.0408e+02
20260702_22:00:00   5.5360e-02   1.7309e+01   3.7293e+00   0.0000e+00   1.5039e-01   3.0368e+02
20260702_23:00:00   5.5458e-02   1.7326e+01   3.8131e+00   0.0000e+00   1.0638e-01   3.0318e+02
20260703_00:00:00   5.5257e-02   1.7255e+01   3.8778e+00   0.0000e+00   3.2889e-02   3.0196e+02
20260703_03:00:00   5.5876e-02   1.7451e+01   3.9407e+00   0.0000e+00   2.4480e-02   3.0269e+02
20260703_06:00:00   5.8440e-02   1.8147e+01   4.3059e+00   0.0000e+00   1.4020e-03   2.9946e+02
20260703_09:00:00   6.9212e-02   2.0910e+01   6.2977e+00   0.0000e+00   9.0196e-04   2.9927e+02
20260703_12:00:00   8.3320e-02   2.4501e+01   8.5669e+00   0.0000e+00   2.9998e-03   2.9669e+02
20260703_15:00:00   9.7559e-02   2.8014e+01   1.0670e+01   2.4780e-04   2.4762e-02   2.9738e+02
20260703_18:00:00   8.9988e-02   2.6380e+01   9.4922e+00   0.0000e+00   4.2019e-04   2.9649e+02
20260703_21:00:00   9.8664e-02   2.8463e+01   1.1567e+01   1.9840e-06   7.7011e-03   2.9525e+02
20260704_00:00:00   1.2598e-01   3.5263e+01   1.5496e+01   1.1717e-03   1.3451e-01   2.9676e+02
20260704_03:00:00   1.3650e-01   3.7809e+01   1.6827e+01   3.3456e-04   4.4950e-02   2.9968e+02
20260704_06:00:00   1.3902e-01   3.8258e+01   1.7424e+01   0.0000e+00   6.0902e-02   3.0115e+02
20260704_09:00:00   1.3894e-01   3.8141e+01   1.7408e+01   2.3520e-05   1.2202e-01   3.0080e+02
20260704_12:00:00   1.4382e-01   3.9289e+01   1.7912e+01   0.0000e+00   2.8151e-02   3.0335e+02
20260704_15:00:00   1.4726e-01   4.0118e+01   1.8106e+01   0.0000e+00   9.5433e-02   3.0583e+02
20260704_18:00:00   1.5402e-01   4.1678e+01   1.9084e+01   0.0000e+00   4.5667e-01   3.0412e+02
20260704_21:00:00   1.4611e-01   3.9896e+01   1.8320e+01   0.0000e+00   2.9962e-01   3.0049e+02
20260705_00:00:00   1.4611e-01   4.0142e+01   1.8375e+01   0.0000e+00   1.3216e-01   3.0308e+02
20260705_03:00:00   1.5234e-01   4.1682e+01   1.9009e+01   6.3700e-05   6.7763e-03   3.0195e+02
20260705_06:00:00   1.6161e-01   4.3739e+01   2.0185e+01   0.0000e+00   4.6770e-02   3.0069e+02
20260705_09:00:00   1.4136e-01   3.9031e+01   1.7134e+01   0.0000e+00   9.0694e-04   3.0158e+02
20260705_12:00:00   1.4210e-01   3.9245e+01   1.6774e+01   0.0000e+00   0.0000e+00   3.0837e+02
20260705_15:00:00   1.4902e-01   4.0877e+01   1.7611e+01   0.0000e+00   1.8954e-03   3.0666e+02
20260705_18:00:00   1.7470e-01   4.6830e+01   1.8512e+01   2.2583e-02   1.0004e-02   3.0130e+02
20260705_21:00:00   2.2588e-01   5.8138e+01   1.8870e+01   7.7840e-02   3.9605e-02   3.0014e+02
20260706_00:00:00   1.8228e-01   4.8538e+01   1.9572e+01   2.7504e-02   9.8183e-02   2.9838e+02
20260706_03:00:00   1.7180e-01   4.6305e+01   2.1056e+01   9.7940e-06   1.3507e-02   2.9758e+02
20260706_06:00:00   1.7790e-01   4.7712e+01   2.1430e+01   0.0000e+00   1.1258e-04   2.9716e+02
20260706_09:00:00   1.7331e-01   4.6714e+01   2.0535e+01   0.0000e+00   5.8503e-04   2.9633e+02
20260706_12:00:00   1.6507e-01   4.4799e+01   1.9504e+01   0.0000e+00   1.0910e-05   2.9591e+02
20260706_15:00:00   1.6379e-01   4.4580e+01   1.9279e+01   0.0000e+00   0.0000e+00   2.9471e+02
20260706_18:00:00   1.9976e-01   5.2815e+01   2.0765e+01   2.8420e-02   2.3270e-04   2.9995e+02
20260706_21:00:00   7.0660e-01   1.3987e+02   2.2544e+01   5.9058e-01   1.0330e-01   3.0233e+02
20260707_00:00:00   3.4701e-01   8.2827e+01   2.6053e+01   1.4989e-01   6.1550e-01   3.0046e+02
20260707_03:00:00   1.9164e-01   5.0656e+01   2.3420e+01   4.8100e-03   2.0505e-01   3.0117e+02
20260707_06:00:00   1.5324e-01   4.1942e+01   1.9136e+01   0.0000e+00   3.6675e-02   3.0257e+02
20260707_09:00:00   1.6475e-01   4.4693e+01   1.9471e+01   1.5236e-03   1.4193e-03   2.9896e+02
20260707_12:00:00   1.6828e-01   4.5566e+01   1.9645e+01   0.0000e+00   0.0000e+00   2.9784e+02
20260707_15:00:00   1.6387e-01   4.4515e+01   1.9222e+01   0.0000e+00   0.0000e+00   2.9937e+02
20260707_18:00:00   1.6421e-01   4.4678e+01   1.9651e+01   0.0000e+00   0.0000e+00   2.9891e+02
20260707_21:00:00   1.6613e-01   4.5257e+01   1.9762e+01   4.7981e-03   3.4478e-04   2.9642e+02
20260708_00:00:00   3.6971e-01   8.7393e+01   2.5153e+01   1.8427e-01   6.1143e-02   2.9899e+02
20260708_03:00:00   1.8434e-01   4.9350e+01   2.2858e+01   4.1243e-04   7.8121e-02   2.9818e+02
20260708_06:00:00   1.8604e-01   4.9663e+01   2.3105e+01   0.0000e+00   1.1704e-02   2.9728e+02
20260708_09:00:00   2.7449e-01   6.8357e+01   2.3547e+01   9.2184e-02   7.4575e-02   2.9743e+02
20260708_12:00:00   4.5002e-01   1.0140e+02   2.2576e+01   2.9780e-01   6.6034e-04   2.9750e+02
20260708_15:00:00   1.7635e-01   4.7255e+01   2.1645e+01   2.3720e-04   1.3410e-02   2.9879e+02
20260708_18:00:00   2.2163e-01   5.7352e+01   2.3319e+01   3.9280e-02   3.5046e-03   3.0012e+02
20260708_21:00:00   4.9313e-01   1.0848e+02   2.4441e+01   3.3744e-01   4.9018e-02   2.9773e+02
20260709_00:00:00   2.8047e-01   6.9862e+01   2.5558e+01   8.4443e-02   8.3680e-02   2.9584e+02
20260709_03:00:00   2.2585e-01   5.8285e+01   2.3801e+01   2.5981e-02   7.9682e-02   2.9654e+02
20260709_06:00:00   2.1192e-01   5.5262e+01   2.4050e+01   9.9140e-03   1.3339e-01   2.9873e+02
20260709_09:00:00   1.8098e-01   4.8378e+01   2.1731e+01   5.3600e-04   2.1622e-02   2.9736e+02
20260709_12:00:00   1.6479e-01   4.4673e+01   1.9782e+01   2.6320e-04   3.6208e-05   2.9934e+02
20260709_15:00:00   1.5281e-01   4.2037e+01   1.7763e+01   0.0000e+00   0.0000e+00   3.0325e+02
20260709_18:00:00   1.5448e-01   4.2430e+01   1.8280e+01   3.4400e-04   7.7920e-05   3.0367e+02
20260709_21:00:00   3.0082e-01   7.3192e+01   2.1463e+01   1.4681e-01   3.5207e-01   3.0139e+02
20260710_00:00:00   1.9023e-01   5.0054e+01   1.9393e+01   4.2815e-02   9.0635e-02   2.9963e+02
20260710_03:00:00   6.2342e-01   1.2815e+02   2.4546e+01   4.7304e-01   2.1676e-01   2.9862e+02
20260710_06:00:00   2.7031e-01   6.7463e+01   2.3675e+01   8.5798e-02   2.7418e-02   3.0050e+02
20260710_09:00:00   1.7959e-01   4.8002e+01   2.1934e+01   0.0000e+00   3.5543e-03   2.9988e+02
20260710_12:00:00   1.7946e-01   4.7913e+01   2.1869e+01   0.0000e+00   1.6098e-03   2.9905e+02
20260710_15:00:00   1.7739e-01   4.7392e+01   2.2071e+01   3.2960e-04   2.7498e-02   2.9988e+02
20260710_18:00:00   2.3539e-01   6.0346e+01   2.5209e+01   3.6362e-02   2.3594e-01   2.9818e+02
20260710_21:00:00   3.5907e-01   8.5214e+01   2.5250e+01   1.7626e-01   1.3094e-01   2.9684e+02
20260711_00:00:00   2.6376e-01   6.6334e+01   2.3935e+01   8.3827e-02   2.1391e-01   2.9862e+02
20260711_03:00:00   1.9766e-01   5.2127e+01   2.2915e+01   1.4747e-02   2.1078e-03   3.0083e+02
20260711_06:00:00   2.0099e-01   5.2927e+01   2.4264e+01   3.0576e-04   7.1015e-03   3.0175e+02
20260711_09:00:00   2.0407e-01   5.3377e+01   2.5055e+01   5.7879e-04   3.7580e-01   2.9987e+02
20260711_12:00:00   2.6993e-01   6.7441e+01   2.4793e+01   7.8234e-02   7.8113e-02   2.9938e+02
20260711_15:00:00   1.8874e-01   5.0039e+01   2.3348e+01   0.0000e+00   7.8268e-04   3.0398e+02
20260711_18:00:00   1.7197e-01   4.6351e+01   2.1119e+01   2.2660e-03   2.2267e-03   3.0151e+02
20260711_21:00:00   3.0796e-01   7.5040e+01   2.1354e+01   1.5527e-01   3.6287e-02   2.9960e+02
20260712_00:00:00   3.5104e-01   8.3635e+01   2.3133e+01   1.8922e-01   7.2570e-03   2.9810e+02
20260712_03:00:00   1.8476e-01   4.9436e+01   2.2059e+01   8.2795e-03   2.8493e-03   2.9985e+02
20260712_06:00:00   1.7548e-01   4.7254e+01   2.1968e+01   3.7580e-04   1.7721e-02   2.9890e+02
20260712_09:00:00   1.7176e-01   4.6363e+01   2.1307e+01   0.0000e+00   4.9200e-03   2.9513e+02
20260712_12:00:00   1.8109e-01   4.8489e+01   2.2124e+01   0.0000e+00   0.0000e+00   2.9375e+02
20260712_15:00:00   1.6934e-01   4.5859e+01   2.0484e+01   0.0000e+00   2.3220e-05   2.9417e+02
20260712_18:00:00   2.2212e-01   5.7656e+01   2.1104e+01   5.6831e-02   6.1023e-03   2.9549e+02
20260712_21:00:00   1.9782e-01   5.2397e+01   2.2139e+01   2.5420e-02   1.0202e-02   2.9638e+02
20260713_00:00:00   2.2358e-01   5.7905e+01   2.3999e+01   3.8418e-02   7.7987e-02   2.9457e+02
20260713_03:00:00   1.7910e-01   4.8146e+01   2.2315e+01   0.0000e+00   5.0240e-03   2.9398e+02
20260713_06:00:00   1.6368e-01   4.4696e+01   1.9995e+01   0.0000e+00   6.2680e-05   2.9390e+02
20260713_09:00:00   1.7179e-01   4.6490e+01   2.1149e+01   0.0000e+00   1.3160e-04   2.9427e+02
20260713_12:00:00   1.6642e-01   4.5239e+01   2.0327e+01   0.0000e+00   0.0000e+00   2.9465e+02
20260713_15:00:00   1.6890e-01   4.5804e+01   2.0809e+01   0.0000e+00   0.0000e+00   2.9421e+02
20260713_18:00:00   1.7921e-01   4.8226e+01   2.2283e+01   1.4774e-03   6.1920e-06   2.9536e+02
20260713_21:00:00   2.5131e-01   6.3755e+01   2.3364e+01   7.6608e-02   1.3549e-01   2.9744e+02
20260714_00:00:00   2.4144e-01   6.1682e+01   2.5130e+01   4.6234e-02   2.0795e-01   2.9438e+02
