#            date       tau255        Tb[K]      pwv[mm] lwp[kg*m^-2] iwp[kg*m^-2]       o3[DU]
20260602_18:00:00   1.2010e-01   3.3347e+01   1.3528e+01   3.8260e-03   4.3811e-02   3.1762e+02
20260602_19:00:00   1.1479e-01   3.2205e+01   1.2718e+01   3.7285e-03   4.6835e-02   3.1770e+02
20260602_20:00:00   1.7691e-01   4.6253e+01   1.5213e+01   5.5019e-02   3.8135e-01   3.1788e+02
20260602_21:00:00   1.7063e-01   4.5094e+01   1.8666e+01   1.1775e-02   7.0632e-01   3.1898e+02
20260602_22:00:00   1.5975e-01   4.2591e+01   1.8544e+01   0.0000e+00   9.2313e-01   3.1647e+02
20260602_23:00:00   1.5718e-01   4.2003e+01   1.8392e+01   0.0000e+00   8.4127e-01   3.1569e+02
20260603_00:00:00   1.4847e-01   4.0033e+01   1.7513e+01   0.0000e+00   5.3667e-01   3.1471e+02
20260603_01:00:00   1.2973e-01   3.5727e+01   1.5290e+01   0.0000e+00   1.4408e-01   3.1416e+02
20260603_02:00:00   1.2451e-01   3.4508e+01   1.4464e+01   0.0000e+00   1.4641e-01   3.1685e+02
20260603_03:00:00   1.2067e-01   3.3652e+01   1.3661e+01   0.0000e+00   9.1004e-03   3.1873e+02
20260603_04:00:00   1.1790e-01   3.3050e+01   1.2990e+01   0.0000e+00   5.7196e-03   3.2319e+02
20260603_05:00:00   1.1805e-01   3.3106e+01   1.2795e+01   0.0000e+00   9.6608e-03   3.2485e+02
20260603_06:00:00   1.1760e-01   3.2989e+01   1.2654e+01   0.0000e+00   5.6079e-03   3.2290e+02
20260603_07:00:00   1.2099e-01   3.3788e+01   1.3053e+01   0.0000e+00   5.0400e-03   3.2016e+02
20260603_08:00:00   1.2025e-01   3.3639e+01   1.2801e+01   0.0000e+00   1.4548e-03   3.2061e+02
20260603_09:00:00   1.1978e-01   3.3518e+01   1.2696e+01   0.0000e+00   3.5280e-05   3.2182e+02
20260603_10:00:00   1.1567e-01   3.2539e+01   1.2107e+01   0.0000e+00   1.7282e-05   3.2296e+02
20260603_11:00:00   1.1613e-01   3.2615e+01   1.2265e+01   0.0000e+00   8.7060e-06   3.2397e+02
20260603_12:00:00   1.1567e-01   3.2485e+01   1.2286e+01   0.0000e+00   2.9222e-04   3.2459e+02
20260603_13:00:00   1.1600e-01   3.2551e+01   1.2382e+01   0.0000e+00   1.0784e-03   3.2489e+02
20260603_14:00:00   1.2202e-01   3.4001e+01   1.3161e+01   0.0000e+00   0.0000e+00   3.2513e+02
20260603_15:00:00   1.2466e-01   3.4629e+01   1.3620e+01   0.0000e+00   2.4600e-05   3.2776e+02
20260603_16:00:00   1.2552e-01   3.4851e+01   1.3838e+01   0.0000e+00   1.8330e-05   3.2709e+02
20260603_17:00:00   1.3051e-01   3.6080e+01   1.4565e+01   0.0000e+00   1.5842e-04   3.2575e+02
20260603_18:00:00   1.3666e-01   3.7497e+01   1.5160e+01   3.3508e-03   7.6720e-04   3.2577e+02
20260603_19:00:00   1.5903e-01   4.2540e+01   1.5361e+01   2.8178e-02   4.1004e-02   3.2612e+02
20260603_20:00:00   1.2553e-01   3.4965e+01   1.4208e+01   1.5236e-04   2.2263e-04   3.2526e+02
20260603_21:00:00   1.5006e-01   4.0543e+01   1.4925e+01   2.3254e-02   1.1347e-02   3.2583e+02
20260603_22:00:00   2.0755e-01   5.3150e+01   1.5840e+01   8.0569e-02   1.3852e-01   3.2716e+02
20260603_23:00:00   3.9135e-01   8.9083e+01   1.7977e+01   2.6540e-01   2.5108e-01   3.2505e+02
20260604_00:00:00   4.1294e-01   9.3275e+01   1.9616e+01   2.7255e-01   6.0756e-01   3.2367e+02
20260604_01:00:00   1.5707e-01   4.2165e+01   1.8110e+01   0.0000e+00   3.3259e-01   3.2600e+02
20260604_02:00:00   1.3810e-01   3.7804e+01   1.6227e+01   0.0000e+00   2.1383e-01   3.2460e+02
20260604_03:00:00   1.2605e-01   3.4988e+01   1.4714e+01   0.0000e+00   9.9320e-02   3.2971e+02
20260604_04:00:00   1.2440e-01   3.4589e+01   1.4522e+01   0.0000e+00   7.0053e-03   3.3066e+02
20260604_05:00:00   1.2050e-01   3.3670e+01   1.3942e+01   0.0000e+00   1.0355e-03   3.2758e+02
20260604_06:00:00   1.1669e-01   3.2778e+01   1.3336e+01   0.0000e+00   1.2784e-03   3.2783e+02
20260604_07:00:00   1.2215e-01   3.4037e+01   1.4172e+01   0.0000e+00   2.7530e-03   3.2856e+02
20260604_08:00:00   1.2855e-01   3.5521e+01   1.5020e+01   0.0000e+00   6.7558e-03   3.3005e+02
20260604_09:00:00   1.2541e-01   3.4798e+01   1.4489e+01   0.0000e+00   2.9683e-03   3.3129e+02
20260604_10:00:00   1.2199e-01   3.3990e+01   1.3946e+01   0.0000e+00   3.6964e-04   3.3033e+02
20260604_11:00:00   1.1703e-01   3.2829e+01   1.3136e+01   0.0000e+00   2.5138e-04   3.2881e+02
20260604_12:00:00   1.1079e-01   3.1331e+01   1.2168e+01   0.0000e+00   4.3740e-04   3.3035e+02
20260604_13:00:00   1.0471e-01   2.9842e+01   1.1211e+01   0.0000e+00   1.6532e-04   3.3014e+02
20260604_14:00:00   9.9274e-02   2.8508e+01   1.0395e+01   0.0000e+00   1.1784e-04   3.3136e+02
20260604_15:00:00   9.5720e-02   2.7631e+01   9.9326e+00   0.0000e+00   4.0024e-04   3.3119e+02
20260604_16:00:00   9.6145e-02   2.7754e+01   1.0028e+01   0.0000e+00   5.5062e-04   3.3052e+02
20260604_17:00:00   9.5890e-02   2.7727e+01   1.0045e+01   0.0000e+00   9.2199e-04   3.2989e+02
20260604_18:00:00   9.7084e-02   2.8012e+01   1.0344e+01   0.0000e+00   7.6200e-04   3.3019e+02
20260604_19:00:00   9.8113e-02   2.8229e+01   1.0657e+01   0.0000e+00   4.2380e-05   3.3030e+02
20260604_20:00:00   1.0020e-01   2.8686e+01   1.1151e+01   2.3080e-04   5.7626e-04   3.2944e+02
20260604_21:00:00   1.0578e-01   2.9905e+01   1.0855e+01   9.8780e-03   1.4282e-02   3.2901e+02
20260604_22:00:00   9.2558e-02   2.6807e+01   1.0221e+01   0.0000e+00   2.7982e-03   3.3133e+02
20260604_23:00:00   8.9832e-02   2.6136e+01   9.8505e+00   0.0000e+00   4.5350e-03   3.3161e+02
20260605_00:00:00   9.4138e-02   2.7142e+01   1.0323e+01   1.9046e-03   1.2797e-02   3.2839e+02
20260605_01:00:00   1.2157e-01   3.4021e+01   1.3982e+01   2.1780e-03   6.0610e-02   3.2555e+02
20260605_02:00:00   1.2716e-01   3.5401e+01   1.4886e+01   0.0000e+00   1.1326e-01   3.2574e+02
20260605_03:00:00   1.2202e-01   3.4154e+01   1.4171e+01   0.0000e+00   2.9999e-02   3.2475e+02
20260605_04:00:00   1.2233e-01   3.4180e+01   1.4221e+01   0.0000e+00   1.2552e-02   3.2608e+02
20260605_05:00:00   1.1264e-01   3.1806e+01   1.2954e+01   0.0000e+00   6.1298e-05   3.2594e+02
20260605_06:00:00   1.1040e-01   3.1257e+01   1.2621e+01   0.0000e+00   0.0000e+00   3.2256e+02
20260605_07:00:00   1.0787e-01   3.0655e+01   1.2217e+01   0.0000e+00   0.0000e+00   3.2450e+02
20260605_08:00:00   1.0094e-01   2.8940e+01   1.1118e+01   0.0000e+00   0.0000e+00   3.2375e+02
20260605_09:00:00   1.0067e-01   2.8853e+01   1.1074e+01   0.0000e+00   0.0000e+00   3.2072e+02
20260605_10:00:00   9.8945e-02   2.8373e+01   1.0842e+01   0.0000e+00   0.0000e+00   3.1902e+02
20260605_11:00:00   9.5532e-02   2.7478e+01   1.0375e+01   0.0000e+00   0.0000e+00   3.2101e+02
20260605_12:00:00   9.5206e-02   2.7374e+01   1.0367e+01   0.0000e+00   0.0000e+00   3.2083e+02
20260605_13:00:00   9.4505e-02   2.7174e+01   1.0248e+01   0.0000e+00   0.0000e+00   3.2135e+02
20260605_14:00:00   9.1650e-02   2.6479e+01   9.7934e+00   0.0000e+00   0.0000e+00   3.2422e+02
20260605_15:00:00   8.8769e-02   2.5795e+01   9.3340e+00   0.0000e+00   0.0000e+00   3.2460e+02
20260605_16:00:00   8.5986e-02   2.5135e+01   8.9126e+00   0.0000e+00   0.0000e+00   3.2509e+02
20260605_17:00:00   8.6370e-02   2.5280e+01   8.9793e+00   0.0000e+00   0.0000e+00   3.2439e+02
20260605_18:00:00   8.9771e-02   2.6130e+01   9.5732e+00   0.0000e+00   0.0000e+00   3.2526e+02
20260605_19:00:00   9.3265e-02   2.6973e+01   1.0217e+01   2.1760e-06   4.2240e-04   3.2648e+02
20260605_20:00:00   9.6179e-02   2.7634e+01   1.0658e+01   1.3268e-03   3.6795e-02   3.2851e+02
20260605_21:00:00   9.9367e-02   2.8385e+01   1.0933e+01   3.2420e-03   1.2715e-01   3.2717e+02
20260605_22:00:00   1.0644e-01   3.0053e+01   1.1618e+01   6.7740e-03   1.9945e-01   3.2690e+02
20260605_23:00:00   1.1292e-01   3.1590e+01   1.2296e+01   9.3560e-03   2.8609e-01   3.2227e+02
20260606_00:00:00   1.0629e-01   3.0115e+01   1.2474e+01   7.9540e-04   1.4901e-01   3.2301e+02
20260606_01:00:00   1.0359e-01   2.9494e+01   1.2162e+01   2.1520e-04   7.2163e-02   3.1909e+02
20260606_02:00:00   1.0687e-01   3.0244e+01   1.2644e+01   5.5340e-04   1.3552e-01   3.1806e+02
20260606_03:00:00   1.1108e-01   3.1262e+01   1.3306e+01   0.0000e+00   1.5216e-01   3.1817e+02
20260606_04:00:00   1.0762e-01   3.0452e+01   1.2706e+01   0.0000e+00   5.8587e-02   3.2150e+02
20260606_05:00:00   1.0402e-01   2.9626e+01   1.2080e+01   0.0000e+00   2.6138e-02   3.2137e+02
20260606_06:00:00   1.0278e-01   2.9321e+01   1.1906e+01   0.0000e+00   1.8004e-03   3.2270e+02
20260606_07:00:00   9.8450e-02   2.8210e+01   1.1249e+01   0.0000e+00   7.8155e-04   3.2075e+02
20260606_08:00:00   9.7253e-02   2.7909e+01   1.0982e+01   2.2860e-05   1.4767e-03   3.1689e+02
20260606_09:00:00   9.5039e-02   2.7349e+01   1.0641e+01   0.0000e+00   1.1608e-03   3.1419e+02
20260606_10:00:00   9.2798e-02   2.6805e+01   1.0257e+01   0.0000e+00   2.5666e-03   3.1387e+02
20260606_11:00:00   9.0213e-02   2.6156e+01   9.8691e+00   0.0000e+00   3.5773e-03   3.1558e+02
20260606_12:00:00   8.9241e-02   2.5884e+01   9.7230e+00   0.0000e+00   2.4614e-03   3.1392e+02
20260606_13:00:00   8.9186e-02   2.5847e+01   9.7165e+00   0.0000e+00   8.9936e-04   3.1375e+02
20260606_14:00:00   9.0311e-02   2.6129e+01   9.8936e+00   0.0000e+00   1.0543e-03   3.1462e+02
20260606_15:00:00   9.1808e-02   2.6496e+01   1.0148e+01   0.0000e+00   1.0074e-03   3.1362e+02
20260606_16:00:00   9.6111e-02   2.7571e+01   1.0814e+01   0.0000e+00   2.1279e-04   3.1499e+02
20260606_17:00:00   9.9673e-02   2.8491e+01   1.1356e+01   0.0000e+00   2.2640e-05   3.2056e+02
20260606_18:00:00   1.0094e-01   2.8853e+01   1.1543e+01   0.0000e+00   3.1340e-05   3.2178e+02
20260606_19:00:00   1.0324e-01   2.9454e+01   1.1773e+01   8.8380e-04   1.1224e-03   3.2091e+02
20260606_20:00:00   1.0752e-01   3.0462e+01   1.2047e+01   4.7419e-03   2.1987e-02   3.2197e+02
20260606_21:00:00   1.0424e-01   2.9668e+01   1.1760e+01   3.9475e-03   4.2366e-02   3.2390e+02
20260606_22:00:00   1.0156e-01   2.9008e+01   1.1540e+01   3.2040e-03   6.3962e-02   3.2307e+02
20260606_23:00:00   1.0808e-01   3.0653e+01   1.2568e+01   2.8100e-03   1.3034e-01   3.2002e+02
20260607_00:00:00   1.1005e-01   3.1199e+01   1.3306e+01   0.0000e+00   4.6405e-02   3.1683e+02
20260607_01:00:00   1.0127e-01   2.9075e+01   1.2005e+01   0.0000e+00   1.0709e-03   3.1667e+02
20260607_02:00:00   1.0058e-01   2.8847e+01   1.1859e+01   0.0000e+00   1.4587e-02   3.1626e+02
20260607_03:00:00   1.0168e-01   2.9155e+01   1.1839e+01   0.0000e+00   3.3324e-02   3.1767e+02
20260607_04:00:00   1.1011e-01   3.1174e+01   1.2805e+01   0.0000e+00   6.7338e-02   3.1699e+02
20260607_05:00:00   1.0440e-01   2.9738e+01   1.1868e+01   0.0000e+00   5.1232e-04   3.1862e+02
20260607_06:00:00   1.0543e-01   2.9950e+01   1.2053e+01   0.0000e+00   2.1446e-03   3.1862e+02
20260607_07:00:00   1.0167e-01   2.8992e+01   1.1541e+01   0.0000e+00   2.4336e-03   3.1981e+02
20260607_08:00:00   1.0005e-01   2.8616e+01   1.1250e+01   0.0000e+00   6.5306e-04   3.1990e+02
20260607_09:00:00   9.9535e-02   2.8505e+01   1.1174e+01   0.0000e+00   5.7705e-04   3.1713e+02
20260607_10:00:00   9.9852e-02   2.8598e+01   1.1207e+01   0.0000e+00   1.8188e-04   3.1590e+02
20260607_11:00:00   1.0154e-01   2.9006e+01   1.1418e+01   0.0000e+00   0.0000e+00   3.1519e+02
20260607_12:00:00   1.0239e-01   2.9217e+01   1.1482e+01   0.0000e+00   0.0000e+00   3.1461e+02
20260607_13:00:00   1.0190e-01   2.9108e+01   1.1356e+01   0.0000e+00   0.0000e+00   3.1040e+02
20260607_14:00:00   1.0143e-01   2.8995e+01   1.1273e+01   0.0000e+00   0.0000e+00   3.1021e+02
20260607_15:00:00   1.0114e-01   2.8922e+01   1.1288e+01   0.0000e+00   0.0000e+00   3.0968e+02
20260607_16:00:00   1.0224e-01   2.9201e+01   1.1571e+01   0.0000e+00   0.0000e+00   3.1077e+02
20260607_17:00:00   1.0259e-01   2.9304e+01   1.1693e+01   0.0000e+00   1.3480e-03   3.1131e+02
20260607_18:00:00   1.0534e-01   2.9994e+01   1.2185e+01   0.0000e+00   3.5629e-03   3.1011e+02
20260607_21:00:00   1.2421e-01   3.4509e+01   1.4200e+01   7.8013e-03   1.0751e-01   3.0644e+02
20260608_00:00:00   1.3909e-01   3.8136e+01   1.6946e+01   1.4256e-03   1.3724e-01   3.0399e+02
20260608_03:00:00   1.3338e-01   3.6827e+01   1.6116e+01   0.0000e+00   5.0994e-03   3.0604e+02
20260608_06:00:00   1.2067e-01   3.3871e+01   1.3833e+01   0.0000e+00   1.5472e-03   3.0332e+02
20260608_09:00:00   1.1230e-01   3.1771e+01   1.2729e+01   0.0000e+00   2.4060e-03   3.0547e+02
20260608_12:00:00   1.1434e-01   3.2194e+01   1.3149e+01   0.0000e+00   2.6956e-03   3.0416e+02
20260608_15:00:00   1.2050e-01   3.3757e+01   1.3912e+01   0.0000e+00   0.0000e+00   3.0745e+02
20260608_18:00:00   1.2098e-01   3.3953e+01   1.4264e+01   0.0000e+00   1.2416e-03   3.0681e+02
20260608_21:00:00   1.7462e-01   4.6048e+01   1.7936e+01   3.2564e-02   4.1034e-01   3.0360e+02
20260609_00:00:00   1.4829e-01   4.0488e+01   1.8152e+01   8.9317e-04   8.5427e-02   2.9869e+02
20260609_03:00:00   1.2780e-01   3.5739e+01   1.5062e+01   1.6986e-05   5.0642e-04   3.0343e+02
20260609_06:00:00   1.2631e-01   3.5278e+01   1.4983e+01   0.0000e+00   3.6539e-03   3.0043e+02
20260609_09:00:00   1.3777e-01   3.7948e+01   1.6499e+01   0.0000e+00   7.5237e-02   3.0166e+02
20260609_12:00:00   1.3528e-01   3.7372e+01   1.6161e+01   0.0000e+00   1.2136e-02   3.0735e+02
20260609_15:00:00   1.4419e-01   3.9573e+01   1.6958e+01   0.0000e+00   8.2915e-04   3.0141e+02
20260609_18:00:00   1.3737e-01   3.8090e+01   1.6017e+01   2.8620e-03   1.5317e-03   2.9705e+02
20260609_21:00:00   1.3492e-01   3.7531e+01   1.6468e+01   8.0500e-04   1.7018e-02   2.9710e+02
20260610_00:00:00   1.1981e-01   3.3962e+01   1.4371e+01   0.0000e+00   4.8000e-04   3.0330e+02
20260610_03:00:00   1.2092e-01   3.4173e+01   1.4329e+01   5.9440e-04   8.7180e-04   3.0325e+02
20260610_06:00:00   1.2192e-01   3.4374e+01   1.4364e+01   1.6760e-04   1.4801e-05   3.0152e+02
20260610_09:00:00   1.2262e-01   3.4536e+01   1.4173e+01   0.0000e+00   0.0000e+00   3.0011e+02
20260610_12:00:00   1.2102e-01   3.4175e+01   1.3861e+01   0.0000e+00   0.0000e+00   3.0131e+02
20260610_15:00:00   1.2081e-01   3.4213e+01   1.3551e+01   0.0000e+00   0.0000e+00   3.0030e+02
20260610_18:00:00   1.2266e-01   3.4660e+01   1.4498e+01   0.0000e+00   0.0000e+00   3.0056e+02
20260610_21:00:00   1.2023e-01   3.4049e+01   1.4581e+01   0.0000e+00   9.1520e-05   2.9855e+02
20260611_00:00:00   1.1919e-01   3.3845e+01   1.4423e+01   0.0000e+00   0.0000e+00   2.9810e+02
20260611_03:00:00   7.2769e-02   2.2087e+01   6.8196e+00   0.0000e+00   0.0000e+00   3.0199e+02
20260611_06:00:00   5.5263e-02   1.7392e+01   3.6124e+00   0.0000e+00   0.0000e+00   3.0074e+02
20260611_09:00:00   5.5326e-02   1.7387e+01   3.6135e+00   0.0000e+00   0.0000e+00   2.9992e+02
20260611_12:00:00   5.6056e-02   1.7572e+01   3.6764e+00   0.0000e+00   0.0000e+00   2.9898e+02
20260611_15:00:00   5.4697e-02   1.7235e+01   3.4698e+00   0.0000e+00   0.0000e+00   3.0048e+02
20260611_18:00:00   5.5143e-02   1.7395e+01   3.6919e+00   0.0000e+00   0.0000e+00   2.9574e+02
20260611_21:00:00   5.6939e-02   1.7894e+01   4.2611e+00   0.0000e+00   0.0000e+00   3.0238e+02
20260612_00:00:00   6.0828e-02   1.8932e+01   5.0891e+00   0.0000e+00   0.0000e+00   3.0386e+02
20260612_03:00:00   6.0901e-02   1.8949e+01   4.9457e+00   0.0000e+00   0.0000e+00   3.0399e+02
20260612_06:00:00   6.0198e-02   1.8744e+01   4.6974e+00   0.0000e+00   0.0000e+00   3.0585e+02
20260612_09:00:00   6.8699e-02   2.0953e+01   6.1499e+00   0.0000e+00   0.0000e+00   3.0803e+02
20260612_12:00:00   8.7981e-02   2.5877e+01   9.1396e+00   0.0000e+00   0.0000e+00   3.0609e+02
20260612_15:00:00   9.7508e-02   2.8300e+01   1.0661e+01   0.0000e+00   0.0000e+00   3.0303e+02
20260612_18:00:00   1.0834e-01   3.1111e+01   1.2465e+01   0.0000e+00   0.0000e+00   3.0421e+02
20260612_21:00:00   1.1166e-01   3.1879e+01   1.3520e+01   2.5480e-05   4.5099e-04   3.0112e+02
20260613_00:00:00   1.0931e-01   3.1425e+01   1.2970e+01   0.0000e+00   1.6642e-06   2.9840e+02
20260613_03:00:00   1.0620e-01   3.0664e+01   1.2205e+01   0.0000e+00   0.0000e+00   2.9911e+02
20260613_06:00:00   1.1115e-01   3.1765e+01   1.2971e+01   0.0000e+00   1.0192e-05   2.9898e+02
20260613_09:00:00   1.1826e-01   3.3534e+01   1.3573e+01   0.0000e+00   0.0000e+00   3.0080e+02
20260613_12:00:00   1.2525e-01   3.5243e+01   1.4453e+01   0.0000e+00   0.0000e+00   2.9889e+02
20260613_15:00:00   1.2920e-01   3.6235e+01   1.5049e+01   0.0000e+00   0.0000e+00   3.0127e+02
20260613_18:00:00   1.3565e-01   3.7849e+01   1.6215e+01   1.3278e-04   9.5777e-06   3.0059e+02
20260613_21:00:00   2.4409e-01   6.1548e+01   1.9967e+01   9.7066e-02   3.0149e-01   2.9924e+02
20260614_00:00:00   3.7253e-01   8.6807e+01   2.1673e+01   2.2079e-01   3.7798e-01   2.9877e+02
20260614_03:00:00   1.6720e-01   4.5256e+01   1.8631e+01   1.1444e-02   2.1708e-03   3.0359e+02
20260614_06:00:00   1.6473e-01   4.4645e+01   1.8933e+01   4.9478e-03   4.3199e-04   3.0076e+02
20260614_09:00:00   1.5349e-01   4.2031e+01   1.7914e+01   0.0000e+00   6.8120e-05   2.9760e+02
20260614_12:00:00   1.6178e-01   4.3978e+01   1.8810e+01   0.0000e+00   5.6283e-04   2.9499e+02
20260614_15:00:00   1.4867e-01   4.0959e+01   1.6877e+01   2.5180e-03   5.5740e-05   2.9729e+02
20260614_18:00:00   1.4912e-01   4.1095e+01   1.7264e+01   2.6338e-03   7.7295e-04   2.9820e+02
20260614_21:00:00   6.3121e-01   1.2793e+02   2.2484e+01   5.0887e-01   6.7476e-01   2.9828e+02
20260615_00:00:00   1.6359e-01   4.4513e+01   1.9881e+01   2.2760e-04   1.1638e-02   2.9936e+02
20260615_03:00:00   1.9113e-01   5.0533e+01   2.1223e+01   2.1214e-02   3.8873e-02   2.9906e+02
20260615_06:00:00   1.4025e-01   3.8813e+01   1.6645e+01   0.0000e+00   7.8120e-04   3.0057e+02
20260615_09:00:00   1.4320e-01   3.9279e+01   1.7364e+01   3.0340e-04   5.9403e-04   3.0041e+02
20260615_12:00:00   1.4180e-01   3.9052e+01   1.6791e+01   0.0000e+00   2.8296e-05   2.9970e+02
20260615_15:00:00   1.6015e-01   4.3272e+01   1.7055e+01   1.6792e-02   7.0964e-03   3.0219e+02
20260615_18:00:00   1.7331e-01   4.6489e+01   1.7765e+01   2.4220e-02   7.6238e-04   3.0435e+02
20260615_21:00:00   2.1722e-01   5.5869e+01   2.1131e+01   4.8532e-02   4.5392e-01   3.0715e+02
20260616_00:00:00   1.9420e-01   5.1180e+01   2.0736e+01   2.7213e-02   9.4939e-02   3.0570e+02
20260616_03:00:00   1.7143e-01   4.6114e+01   1.9788e+01   5.0944e-03   5.1953e-02   3.0813e+02
20260616_06:00:00   1.2615e-01   3.5501e+01   1.4185e+01   0.0000e+00   7.3032e-05   3.0591e+02
20260616_09:00:00   1.1606e-01   3.2970e+01   1.2775e+01   0.0000e+00   1.3498e-03   3.0278e+02
20260616_12:00:00   1.1312e-01   3.2236e+01   1.2103e+01   0.0000e+00   1.5286e-04   3.0885e+02
20260616_15:00:00   1.0806e-01   3.0973e+01   1.1448e+01   0.0000e+00   2.5480e-05   3.0661e+02
20260616_18:00:00   9.9883e-02   2.8816e+01   1.0827e+01   0.0000e+00   6.7940e-06   3.1171e+02
20260616_21:00:00   9.3912e-02   2.7284e+01   1.0415e+01   6.7940e-05   2.9626e-03   3.1354e+02
20260617_00:00:00   1.1736e-01   3.3076e+01   1.4247e+01   3.0260e-04   6.9494e-02   3.1119e+02
20260617_03:00:00   9.5574e-02   2.7782e+01   1.0636e+01   0.0000e+00   1.7104e-05   3.1133e+02
20260617_06:00:00   9.5917e-02   2.7830e+01   1.0608e+01   0.0000e+00   3.2924e-03   3.0770e+02
20260617_09:00:00   8.9610e-02   2.6181e+01   9.4507e+00   0.0000e+00   0.0000e+00   3.0899e+02
20260617_12:00:00   8.6478e-02   2.5393e+01   8.8641e+00   0.0000e+00   0.0000e+00   3.1134e+02
20260617_15:00:00   8.4375e-02   2.4880e+01   8.5198e+00   0.0000e+00   0.0000e+00   3.1493e+02
20260617_18:00:00   8.9391e-02   2.6142e+01   9.4852e+00   0.0000e+00   0.0000e+00   3.1476e+02
20260617_21:00:00   8.9231e-02   2.6032e+01   9.9423e+00   1.3212e-04   1.3071e-02   3.1249e+02
20260618_00:00:00   9.9324e-02   2.8581e+01   1.1691e+01   5.0100e-04   3.0799e-02   3.1245e+02
20260618_03:00:00   9.0443e-02   2.6430e+01   1.0101e+01   0.0000e+00   6.1922e-03   3.1111e+02
20260618_06:00:00   9.0647e-02   2.6439e+01   1.0042e+01   0.0000e+00   1.2184e-03   3.1051e+02
20260618_09:00:00   9.3458e-02   2.7227e+01   1.0144e+01   0.0000e+00   0.0000e+00   3.0929e+02
20260618_12:00:00   8.9176e-02   2.6123e+01   9.4885e+00   0.0000e+00   0.0000e+00   3.1087e+02
20260618_15:00:00   9.0388e-02   2.6402e+01   9.7555e+00   0.0000e+00   0.0000e+00   3.2859e+02
20260618_18:00:00   9.1973e-02   2.6838e+01   1.0150e+01   0.0000e+00   0.0000e+00   3.2439e+02
