#            date       tau255        Tb[K]      pwv[mm] lwp[kg*m^-2] iwp[kg*m^-2]       o3[DU]
20260607_18:00:00   9.7589e-02   2.7958e+01   1.0885e+01   0.0000e+00   3.0161e-02   3.1733e+02
20260607_19:00:00   1.0007e-01   2.8584e+01   1.1416e+01   0.0000e+00   1.5515e-02   3.1291e+02
20260607_20:00:00   1.0692e-01   3.0134e+01   1.2345e+01   3.1840e-03   3.2240e-02   3.1099e+02
20260607_21:00:00   1.1702e-01   3.2503e+01   1.3272e+01   7.1519e-03   2.7356e-01   3.0903e+02
20260607_22:00:00   1.2389e-01   3.4193e+01   1.4221e+01   6.7997e-03   3.2555e-01   3.0963e+02
20260607_23:00:00   1.4497e-01   3.9104e+01   1.5074e+01   2.3400e-02   3.5343e-01   3.0997e+02
20260608_00:00:00   1.4529e-01   3.9217e+01   1.5386e+01   2.0920e-02   3.0741e-01   3.1067e+02
20260608_01:00:00   1.4120e-01   3.8355e+01   1.5593e+01   1.3034e-02   2.3499e-01   3.1008e+02
20260608_02:00:00   1.3080e-01   3.6026e+01   1.5485e+01   1.6410e-03   9.3261e-02   3.1130e+02
20260608_03:00:00   1.1938e-01   3.3358e+01   1.4100e+01   0.0000e+00   1.3147e-02   3.1104e+02
20260608_04:00:00   1.1217e-01   3.1651e+01   1.2881e+01   0.0000e+00   9.1799e-03   3.1347e+02
20260608_05:00:00   1.1343e-01   3.1953e+01   1.3006e+01   0.0000e+00   1.6710e-02   3.1585e+02
20260608_06:00:00   1.1477e-01   3.2278e+01   1.3174e+01   0.0000e+00   2.3644e-03   3.1863e+02
20260608_07:00:00   1.1453e-01   3.2225e+01   1.3084e+01   0.0000e+00   4.6700e-05   3.1756e+02
20260608_08:00:00   1.1863e-01   3.3173e+01   1.3787e+01   0.0000e+00   2.0964e-03   3.1509e+02
20260608_09:00:00   1.1292e-01   3.1838e+01   1.2798e+01   0.0000e+00   3.3620e-04   3.1515e+02
20260608_10:00:00   1.0880e-01   3.0856e+01   1.2074e+01   0.0000e+00   8.5140e-04   3.1456e+02
20260608_11:00:00   1.0624e-01   3.0235e+01   1.1672e+01   0.0000e+00   1.5016e-03   3.1048e+02
20260608_12:00:00   1.0415e-01   2.9716e+01   1.1398e+01   0.0000e+00   3.4347e-03   3.0862e+02
20260608_13:00:00   1.0676e-01   3.0351e+01   1.1801e+01   0.0000e+00   7.2760e-04   3.0966e+02
20260608_14:00:00   1.0704e-01   3.0404e+01   1.1862e+01   0.0000e+00   1.4394e-03   3.1093e+02
20260608_15:00:00   1.1488e-01   3.2321e+01   1.2966e+01   0.0000e+00   1.1228e-03   3.1235e+02
20260608_16:00:00   1.1665e-01   3.2794e+01   1.3208e+01   1.7860e-05   3.5694e-04   3.1040e+02
20260608_17:00:00   1.1952e-01   3.3520e+01   1.3669e+01   0.0000e+00   3.7049e-04   3.0909e+02
20260608_18:00:00   1.2200e-01   3.4047e+01   1.4141e+01   2.1504e-03   9.2057e-03   3.0686e+02
20260608_19:00:00   2.9928e-01   7.1416e+01   1.6099e+01   1.8730e-01   5.9389e-01   3.0472e+02
20260608_20:00:00   1.3468e-01   3.7036e+01   1.6291e+01   1.5658e-03   1.9127e-01   3.0487e+02
20260608_21:00:00   1.6148e-01   4.3154e+01   1.6729e+01   2.7462e-02   2.9831e-01   3.0584e+02
20260608_22:00:00   1.3405e-01   3.7013e+01   1.6217e+01   1.0352e-03   5.4410e-02   3.0511e+02
20260608_23:00:00   1.7354e-01   4.5957e+01   1.6782e+01   4.0268e-02   1.7769e-01   3.0462e+02
20260609_00:00:00   1.5461e-01   4.1741e+01   1.6393e+01   2.1990e-02   1.5996e-01   3.0453e+02
20260609_01:00:00   1.1731e-01   3.3150e+01   1.3774e+01   5.1580e-05   1.8790e-02   3.0687e+02
20260609_02:00:00   1.0687e-01   3.0631e+01   1.2200e+01   4.5700e-05   9.5780e-06   3.0721e+02
20260609_03:00:00   1.0290e-01   2.9612e+01   1.1690e+01   0.0000e+00   6.3510e-05   3.0726e+02
20260609_04:00:00   1.1593e-01   3.2680e+01   1.3769e+01   0.0000e+00   8.0602e-03   3.0730e+02
20260609_05:00:00   1.3757e-01   3.7706e+01   1.6278e+01   4.4634e-03   8.6177e-02   3.0350e+02
20260609_06:00:00   1.4131e-01   3.8622e+01   1.7165e+01   2.2650e-05   1.0220e-01   3.0448e+02
20260609_07:00:00   1.4203e-01   3.8826e+01   1.7286e+01   5.0510e-05   4.4401e-02   3.0302e+02
20260609_08:00:00   1.3646e-01   3.7569e+01   1.6461e+01   0.0000e+00   2.5452e-02   3.0636e+02
20260609_09:00:00   1.3960e-01   3.8249e+01   1.7018e+01   0.0000e+00   4.0147e-02   3.1064e+02
20260609_10:00:00   1.4574e-01   3.9646e+01   1.7673e+01   0.0000e+00   1.5935e-01   3.1293e+02
20260609_11:00:00   1.3675e-01   3.7636e+01   1.6375e+01   0.0000e+00   2.8190e-04   3.1757e+02
20260609_12:00:00   1.3776e-01   3.7877e+01   1.6412e+01   0.0000e+00   4.5326e-04   3.1951e+02
20260609_13:00:00   1.3735e-01   3.7823e+01   1.6214e+01   0.0000e+00   1.4174e-04   3.2154e+02
20260609_14:00:00   1.3404e-01   3.7142e+01   1.5497e+01   0.0000e+00   2.4580e-06   3.2305e+02
20260609_15:00:00   1.3387e-01   3.7166e+01   1.5480e+01   0.0000e+00   0.0000e+00   3.2451e+02
20260609_16:00:00   1.3162e-01   3.6691e+01   1.5105e+01   0.0000e+00   0.0000e+00   3.2407e+02
20260609_17:00:00   1.3522e-01   3.7590e+01   1.5457e+01   1.4554e-03   2.0160e-04   3.2370e+02
20260609_18:00:00   1.4653e-01   4.0131e+01   1.5816e+01   1.4956e-02   6.0814e-03   3.2323e+02
20260609_19:00:00   1.4583e-01   3.9815e+01   1.5769e+01   1.7632e-02   5.3828e-02   3.2398e+02
20260609_20:00:00   1.3663e-01   3.7696e+01   1.4988e+01   1.4926e-02   3.6297e-02   3.2433e+02
20260609_21:00:00   1.3265e-01   3.6741e+01   1.4969e+01   1.1864e-02   1.3534e-02   3.2194e+02
20260609_22:00:00   1.2784e-01   3.5740e+01   1.5476e+01   2.5958e-03   2.9103e-02   3.2098e+02
20260609_23:00:00   1.2586e-01   3.5303e+01   1.4845e+01   5.0040e-03   1.0182e-02   3.1994e+02
20260610_00:00:00   1.2110e-01   3.4228e+01   1.4518e+01   1.0012e-03   7.5992e-03   3.1831e+02
20260610_01:00:00   1.2079e-01   3.4155e+01   1.4324e+01   1.0298e-03   1.7078e-03   3.1627e+02
20260610_02:00:00   1.1555e-01   3.2917e+01   1.3525e+01   0.0000e+00   0.0000e+00   3.1653e+02
20260610_03:00:00   1.1030e-01   3.1652e+01   1.2543e+01   0.0000e+00   0.0000e+00   3.1890e+02
20260610_04:00:00   9.9531e-02   2.8974e+01   1.0775e+01   0.0000e+00   0.0000e+00   3.1886e+02
20260610_05:00:00   1.0330e-01   2.9861e+01   1.1307e+01   0.0000e+00   0.0000e+00   3.1364e+02
20260610_06:00:00   9.9060e-02   2.8727e+01   1.0629e+01   0.0000e+00   0.0000e+00   3.0813e+02
20260610_07:00:00   7.5903e-02   2.2754e+01   7.2327e+00   0.0000e+00   0.0000e+00   3.0495e+02
20260610_08:00:00   7.5082e-02   2.2530e+01   7.1155e+00   0.0000e+00   0.0000e+00   3.0409e+02
20260610_09:00:00   6.7048e-02   2.0451e+01   5.7229e+00   0.0000e+00   0.0000e+00   3.0419e+02
20260610_10:00:00   5.9732e-02   1.8531e+01   4.3836e+00   0.0000e+00   0.0000e+00   3.0589e+02
20260610_11:00:00   5.6881e-02   1.7778e+01   3.8298e+00   0.0000e+00   0.0000e+00   3.0599e+02
20260610_12:00:00   5.5362e-02   1.7374e+01   3.5344e+00   0.0000e+00   0.0000e+00   3.0514e+02
20260610_13:00:00   5.3852e-02   1.6970e+01   3.2173e+00   0.0000e+00   0.0000e+00   3.0358e+02
20260610_14:00:00   5.2691e-02   1.6662e+01   2.9928e+00   0.0000e+00   0.0000e+00   3.0412e+02
20260610_15:00:00   5.2451e-02   1.6609e+01   2.9531e+00   0.0000e+00   0.0000e+00   3.0412e+02
20260610_16:00:00   5.2018e-02   1.6502e+01   2.9170e+00   0.0000e+00   0.0000e+00   3.0457e+02
20260610_17:00:00   5.2641e-02   1.6674e+01   3.0793e+00   0.0000e+00   0.0000e+00   3.0573e+02
20260610_18:00:00   5.3433e-02   1.6896e+01   3.2800e+00   0.0000e+00   0.0000e+00   3.0514e+02
20260610_19:00:00   5.5417e-02   1.7436e+01   3.7052e+00   0.0000e+00   0.0000e+00   3.0328e+02
20260610_20:00:00   5.5988e-02   1.7602e+01   3.8659e+00   0.0000e+00   0.0000e+00   3.0082e+02
20260610_21:00:00   5.6489e-02   1.7742e+01   4.0015e+00   0.0000e+00   0.0000e+00   3.0024e+02
20260610_22:00:00   5.7006e-02   1.7898e+01   4.1205e+00   0.0000e+00   0.0000e+00   2.9994e+02
20260610_23:00:00   5.7609e-02   1.8077e+01   4.2465e+00   0.0000e+00   0.0000e+00   2.9822e+02
20260611_00:00:00   5.8285e-02   1.8260e+01   4.3795e+00   0.0000e+00   0.0000e+00   2.9655e+02
20260611_01:00:00   5.7792e-02   1.8122e+01   4.2781e+00   0.0000e+00   0.0000e+00   2.9690e+02
20260611_02:00:00   5.7391e-02   1.8005e+01   4.1794e+00   0.0000e+00   0.0000e+00   2.9558e+02
20260611_03:00:00   5.6678e-02   1.7801e+01   4.0244e+00   0.0000e+00   0.0000e+00   2.9334e+02
20260611_04:00:00   5.5363e-02   1.7451e+01   3.7510e+00   0.0000e+00   0.0000e+00   2.9395e+02
20260611_05:00:00   5.5050e-02   1.7358e+01   3.6676e+00   0.0000e+00   0.0000e+00   2.9376e+02
20260611_06:00:00   5.5970e-02   1.7588e+01   3.8359e+00   0.0000e+00   0.0000e+00   2.9498e+02
20260611_07:00:00   5.6505e-02   1.7722e+01   3.9317e+00   0.0000e+00   0.0000e+00   2.9347e+02
20260611_08:00:00   5.7315e-02   1.7923e+01   4.0847e+00   0.0000e+00   0.0000e+00   2.9321e+02
20260611_09:00:00   5.7396e-02   1.7934e+01   4.0857e+00   0.0000e+00   0.0000e+00   2.9073e+02
20260611_10:00:00   5.6072e-02   1.7582e+01   3.8198e+00   0.0000e+00   0.0000e+00   2.8916e+02
20260611_11:00:00   5.4473e-02   1.7155e+01   3.4995e+00   0.0000e+00   0.0000e+00   2.8878e+02
20260611_12:00:00   5.3103e-02   1.6783e+01   3.2072e+00   0.0000e+00   0.0000e+00   2.8765e+02
20260611_13:00:00   5.1763e-02   1.6422e+01   2.9477e+00   0.0000e+00   0.0000e+00   2.8742e+02
20260611_14:00:00   5.1523e-02   1.6349e+01   2.8929e+00   0.0000e+00   0.0000e+00   2.8703e+02
20260611_15:00:00   5.0605e-02   1.6106e+01   2.7337e+00   0.0000e+00   0.0000e+00   2.8745e+02
20260611_16:00:00   5.0814e-02   1.6164e+01   2.7872e+00   0.0000e+00   7.7400e-06   2.8758e+02
20260611_17:00:00   5.1501e-02   1.6355e+01   2.9583e+00   0.0000e+00   9.0240e-06   2.8821e+02
20260611_18:00:00   5.2648e-02   1.6678e+01   3.2089e+00   0.0000e+00   7.0680e-05   2.8886e+02
20260611_19:00:00   5.3119e-02   1.6822e+01   3.3309e+00   0.0000e+00   8.4920e-06   2.9061e+02
20260611_20:00:00   5.4569e-02   1.7216e+01   3.6395e+00   0.0000e+00   4.1480e-04   2.9006e+02
20260611_21:00:00   5.4985e-02   1.7337e+01   3.7634e+00   0.0000e+00   1.4726e-03   2.8950e+02
20260611_22:00:00   5.5888e-02   1.7574e+01   3.9525e+00   0.0000e+00   3.0860e-04   2.9077e+02
20260611_23:00:00   5.6408e-02   1.7709e+01   4.0881e+00   0.0000e+00   3.7440e-03   2.9182e+02
20260612_00:00:00   5.7631e-02   1.8032e+01   4.3578e+00   0.0000e+00   6.2645e-03   2.9180e+02
20260612_01:00:00   6.2275e-02   1.9208e+01   5.3228e+00   0.0000e+00   2.3601e-03   2.9043e+02
20260612_02:00:00   6.6039e-02   2.0157e+01   6.0584e+00   0.0000e+00   2.4380e-03   2.8768e+02
20260612_03:00:00   6.8125e-02   2.0667e+01   6.5322e+00   0.0000e+00   4.7524e-03   2.8603e+02
20260612_04:00:00   6.9003e-02   2.0894e+01   6.7028e+00   0.0000e+00   5.3264e-04   2.8576e+02
20260612_05:00:00   7.0988e-02   2.1374e+01   7.1327e+00   0.0000e+00   3.1716e-03   2.8681e+02
20260612_06:00:00   7.1260e-02   2.1423e+01   7.1625e+00   0.0000e+00   5.9803e-03   2.8693e+02
20260612_07:00:00   7.0872e-02   2.1315e+01   7.0381e+00   0.0000e+00   1.3400e-02   2.8739e+02
20260612_08:00:00   7.1557e-02   2.1498e+01   7.0970e+00   0.0000e+00   5.2326e-04   2.8778e+02
20260612_09:00:00   7.2689e-02   2.1794e+01   7.2685e+00   0.0000e+00   1.5638e-03   2.8600e+02
20260612_10:00:00   7.5857e-02   2.2584e+01   7.8643e+00   0.0000e+00   0.0000e+00   2.8837e+02
20260612_11:00:00   7.6749e-02   2.2823e+01   7.9910e+00   0.0000e+00   0.0000e+00   2.9051e+02
20260612_12:00:00   7.7807e-02   2.3113e+01   8.0929e+00   0.0000e+00   1.0884e-06   2.9342e+02
20260612_13:00:00   8.0601e-02   2.3823e+01   8.6019e+00   0.0000e+00   1.0884e-05   2.9650e+02
20260612_14:00:00   8.5689e-02   2.5120e+01   9.4651e+00   0.0000e+00   4.5986e-05   2.9733e+02
20260612_15:00:00   9.1204e-02   2.6500e+01   1.0423e+01   0.0000e+00   1.6418e-03   2.9485e+02
20260612_16:00:00   9.4093e-02   2.7219e+01   1.0948e+01   0.0000e+00   5.2287e-03   2.9248e+02
20260612_17:00:00   9.7277e-02   2.8042e+01   1.1508e+01   0.0000e+00   8.0641e-03   2.9235e+02
20260612_18:00:00   1.0017e-01   2.8806e+01   1.2017e+01   0.0000e+00   3.5711e-03   2.9162e+02
20260612_21:00:00   1.2344e-01   3.4262e+01   1.4312e+01   1.2038e-02   8.8554e-02   2.8793e+02
20260613_00:00:00   1.3216e-01   3.6489e+01   1.6545e+01   4.2340e-03   1.6386e-01   2.8723e+02
20260613_03:00:00   1.3669e-01   3.7567e+01   1.7609e+01   0.0000e+00   2.9241e-02   2.8597e+02
20260613_06:00:00   1.6245e-01   4.3624e+01   2.0603e+01   0.0000e+00   3.1067e-01   2.9145e+02
20260613_09:00:00   1.5064e-01   4.1036e+01   1.8698e+01   0.0000e+00   5.7035e-03   2.8961e+02
20260613_12:00:00   1.5272e-01   4.1621e+01   1.8497e+01   0.0000e+00   8.7060e-07   2.9032e+02
20260613_15:00:00   1.5632e-01   4.2611e+01   1.8211e+01   1.3060e-05   1.7414e-06   2.9112e+02
20260613_18:00:00   3.5388e-01   8.3788e+01   2.0307e+01   2.0836e-01   9.7401e-02   2.9468e+02
20260613_21:00:00   2.8496e-01   6.9906e+01   2.0584e+01   1.3013e-01   3.2088e-01   2.9245e+02
20260614_00:00:00   1.4805e-01   4.0755e+01   1.7730e+01   2.6240e-03   8.3901e-03   2.9433e+02
20260614_03:00:00   1.3873e-01   3.8578e+01   1.6258e+01   8.4920e-06   3.5463e-04   2.9510e+02
20260614_06:00:00   1.3008e-01   3.6582e+01   1.4270e+01   0.0000e+00   0.0000e+00   2.9648e+02
20260614_09:00:00   1.2103e-01   3.4362e+01   1.2648e+01   0.0000e+00   0.0000e+00   2.9544e+02
20260614_12:00:00   1.2330e-01   3.4900e+01   1.2797e+01   0.0000e+00   0.0000e+00   2.9774e+02
20260614_15:00:00   1.2171e-01   3.4543e+01   1.2621e+01   0.0000e+00   0.0000e+00   2.9901e+02
20260614_18:00:00   1.2581e-01   3.5429e+01   1.4105e+01   0.0000e+00   1.1318e-04   2.9480e+02
20260614_21:00:00   1.3019e-01   3.6384e+01   1.4832e+01   7.0564e-03   3.8782e-02   2.9293e+02
20260615_00:00:00   1.5332e-01   4.1840e+01   1.7435e+01   1.4118e-02   8.1802e-02   2.9246e+02
20260615_03:00:00   1.3381e-01   3.7414e+01   1.5875e+01   0.0000e+00   5.3924e-03   2.8968e+02
20260615_06:00:00   1.3511e-01   3.7614e+01   1.5834e+01   0.0000e+00   8.2332e-04   2.9108e+02
20260615_09:00:00   1.2676e-01   3.5498e+01   1.4561e+01   3.3920e-04   6.9441e-04   2.8916e+02
20260615_12:00:00   9.4924e-02   2.7660e+01   9.8767e+00   0.0000e+00   3.5072e-05   2.9131e+02
20260615_15:00:00   1.1458e-01   3.2609e+01   1.2051e+01   0.0000e+00   0.0000e+00   2.8907e+02
20260615_18:00:00   1.3562e-01   3.7573e+01   1.5106e+01   7.1520e-03   1.8197e-03   2.8889e+02
20260615_21:00:00   1.0476e-01   3.0084e+01   1.1876e+01   2.1680e-03   1.4729e-02   2.8910e+02
20260616_00:00:00   7.6052e-02   2.2825e+01   7.6655e+00   0.0000e+00   1.7112e-03   2.8971e+02
20260616_03:00:00   8.9521e-02   2.6285e+01   9.4536e+00   0.0000e+00   1.1442e-03   2.8678e+02
20260616_06:00:00   7.8259e-02   2.3420e+01   7.2858e+00   0.0000e+00   1.6024e-04   2.8875e+02
20260616_09:00:00   7.7921e-02   2.3332e+01   6.9453e+00   0.0000e+00   0.0000e+00   2.9003e+02
20260616_12:00:00   7.4707e-02   2.2484e+01   6.2599e+00   0.0000e+00   0.0000e+00   2.9441e+02
20260616_15:00:00   7.9211e-02   2.3622e+01   6.8691e+00   0.0000e+00   0.0000e+00   2.9526e+02
20260616_18:00:00   7.8114e-02   2.3305e+01   7.3084e+00   0.0000e+00   0.0000e+00   2.9210e+02
20260616_21:00:00   7.6718e-02   2.2935e+01   7.5690e+00   0.0000e+00   0.0000e+00   2.9437e+02
20260617_00:00:00   8.4432e-02   2.4906e+01   8.8624e+00   0.0000e+00   0.0000e+00   2.9462e+02
20260617_03:00:00   8.2520e-02   2.4451e+01   8.0588e+00   0.0000e+00   0.0000e+00   2.9515e+02
20260617_06:00:00   7.0673e-02   2.1389e+01   5.8435e+00   0.0000e+00   0.0000e+00   2.9886e+02
20260617_09:00:00   6.9150e-02   2.0931e+01   5.5719e+00   0.0000e+00   0.0000e+00   3.0363e+02
20260617_12:00:00   6.9089e-02   2.0865e+01   5.5075e+00   0.0000e+00   0.0000e+00   3.0888e+02
20260617_15:00:00   7.0147e-02   2.1132e+01   5.6630e+00   0.0000e+00   0.0000e+00   3.2069e+02
20260617_18:00:00   6.6955e-02   2.0327e+01   5.4510e+00   0.0000e+00   0.0000e+00   3.1708e+02
20260617_21:00:00   7.1116e-02   2.1409e+01   6.5631e+00   0.0000e+00   0.0000e+00   3.1390e+02
20260618_00:00:00   7.9199e-02   2.3452e+01   8.1444e+00   0.0000e+00   4.2460e-06   3.1371e+02
20260618_03:00:00   8.3137e-02   2.4418e+01   8.6277e+00   0.0000e+00   0.0000e+00   3.1364e+02
20260618_06:00:00   8.0591e-02   2.3809e+01   7.8184e+00   0.0000e+00   0.0000e+00   3.1581e+02
20260618_09:00:00   7.6038e-02   2.2589e+01   7.0571e+00   0.0000e+00   0.0000e+00   3.2249e+02
20260618_12:00:00   7.6860e-02   2.2713e+01   7.2539e+00   0.0000e+00   0.0000e+00   3.2569e+02
20260618_15:00:00   6.9097e-02   2.0821e+01   5.7676e+00   0.0000e+00   0.0000e+00   3.2143e+02
20260618_18:00:00   6.9692e-02   2.1013e+01   6.1193e+00   0.0000e+00   0.0000e+00   3.2127e+02
20260618_21:00:00   6.7490e-02   2.0490e+01   6.0105e+00   0.0000e+00   0.0000e+00   3.1608e+02
20260619_00:00:00   6.1436e-02   1.8912e+01   4.9192e+00   0.0000e+00   0.0000e+00   3.1361e+02
20260619_03:00:00   6.8586e-02   2.0764e+01   6.0674e+00   0.0000e+00   0.0000e+00   3.0973e+02
20260619_06:00:00   8.1500e-02   2.4088e+01   7.9076e+00   0.0000e+00   0.0000e+00   3.0368e+02
20260619_09:00:00   7.5738e-02   2.2654e+01   6.6005e+00   0.0000e+00   0.0000e+00   2.9638e+02
20260619_12:00:00   6.1345e-02   1.8866e+01   4.2825e+00   0.0000e+00   0.0000e+00   2.9630e+02
20260619_15:00:00   5.8732e-02   1.8182e+01   4.0082e+00   0.0000e+00   0.0000e+00   2.9813e+02
20260619_18:00:00   5.6760e-02   1.7694e+01   3.8950e+00   0.0000e+00   0.0000e+00   3.0023e+02
20260619_21:00:00   6.0569e-02   1.8744e+01   4.6878e+00   0.0000e+00   0.0000e+00   2.9811e+02
20260620_00:00:00   6.6817e-02   2.0407e+01   5.6648e+00   0.0000e+00   0.0000e+00   2.9586e+02
20260620_03:00:00   6.7546e-02   2.0594e+01   5.6681e+00   0.0000e+00   0.0000e+00   2.9769e+02
20260620_06:00:00   7.1117e-02   2.1522e+01   6.0818e+00   0.0000e+00   0.0000e+00   2.9594e+02
20260620_09:00:00   7.0445e-02   2.1348e+01   5.8606e+00   0.0000e+00   0.0000e+00   2.9475e+02
20260620_12:00:00   6.2376e-02   1.9206e+01   4.5626e+00   0.0000e+00   0.0000e+00   2.9232e+02
20260620_15:00:00   5.8137e-02   1.8063e+01   4.0417e+00   0.0000e+00   0.0000e+00   2.9303e+02
20260620_18:00:00   5.7340e-02   1.7891e+01   4.0621e+00   0.0000e+00   0.0000e+00   2.9098e+02
20260620_21:00:00   5.1996e-02   1.6493e+01   3.1918e+00   0.0000e+00   0.0000e+00   2.8936e+02
20260621_00:00:00   6.0979e-02   1.8798e+01   5.1005e+00   0.0000e+00   0.0000e+00   2.8745e+02
20260621_03:00:00   6.4552e-02   1.9722e+01   5.6856e+00   0.0000e+00   0.0000e+00   2.8631e+02
20260621_06:00:00   6.4981e-02   1.9805e+01   5.7549e+00   0.0000e+00   0.0000e+00   2.8690e+02
20260621_09:00:00   7.9350e-02   2.3519e+01   8.0857e+00   0.0000e+00   0.0000e+00   2.8526e+02
20260621_12:00:00   8.1001e-02   2.3884e+01   8.4161e+00   0.0000e+00   0.0000e+00   2.8556e+02
20260621_15:00:00   8.1299e-02   2.4003e+01   8.4286e+00   0.0000e+00   0.0000e+00   2.8481e+02
20260621_18:00:00   8.3554e-02   2.4679e+01   8.9215e+00   0.0000e+00   0.0000e+00   2.8464e+02
20260621_21:00:00   9.2884e-02   2.7134e+01   1.0610e+01   0.0000e+00   0.0000e+00   2.8481e+02
20260622_00:00:00   9.5346e-02   2.7813e+01   1.1059e+01   0.0000e+00   7.9360e-07   2.8613e+02
20260622_03:00:00   9.0103e-02   2.6342e+01   1.0055e+01   0.0000e+00   0.0000e+00   2.8689e+02
20260622_06:00:00   8.2027e-02   2.4179e+01   8.5659e+00   0.0000e+00   0.0000e+00   2.8673e+02
20260622_09:00:00   8.0553e-02   2.3784e+01   8.0617e+00   0.0000e+00   0.0000e+00   2.8828e+02
20260622_12:00:00   7.5577e-02   2.2568e+01   7.2860e+00   0.0000e+00   0.0000e+00   2.8956e+02
20260622_15:00:00   7.5670e-02   2.2636e+01   7.1942e+00   0.0000e+00   0.0000e+00   2.9122e+02
20260622_18:00:00   8.3980e-02   2.4928e+01   8.5918e+00   0.0000e+00   0.0000e+00   2.9129e+02
20260622_21:00:00   9.0154e-02   2.6509e+01   9.9890e+00   0.0000e+00   2.0380e-05   2.9111e+02
20260623_00:00:00   1.0287e-01   2.9631e+01   1.2330e+01   5.3520e-04   2.1059e-02   2.9091e+02
20260623_03:00:00   9.9889e-02   2.8961e+01   1.1656e+01   0.0000e+00   3.8700e-06   2.9018e+02
20260623_06:00:00   8.6376e-02   2.5581e+01   9.1914e+00   0.0000e+00   0.0000e+00   2.8978e+02
20260623_09:00:00   7.8352e-02   2.3499e+01   7.8210e+00   0.0000e+00   0.0000e+00   2.9046e+02
20260623_12:00:00   7.9468e-02   2.3676e+01   8.1798e+00   0.0000e+00   0.0000e+00   2.8848e+02
20260623_15:00:00   8.5349e-02   2.5121e+01   9.3483e+00   0.0000e+00   0.0000e+00   2.9176e+02
20260623_18:00:00   1.0331e-01   2.9683e+01   1.2442e+01   0.0000e+00   8.8940e-03   2.9239e+02
