#            date       tau255        Tb[K]      pwv[mm] lwp[kg*m^-2] iwp[kg*m^-2]       o3[DU]
20260129_00:00:00   7.0888e-02   2.0557e+01   5.6960e+00   0.0000e+00   6.9022e-03   2.7535e+02
20260129_01:00:00   6.9838e-02   2.0283e+01   5.5259e+00   0.0000e+00   9.5355e-03   2.7694e+02
20260129_02:00:00   6.9398e-02   2.0194e+01   5.3742e+00   0.0000e+00   9.3546e-03   2.7910e+02
20260129_03:00:00   6.1580e-02   1.8264e+01   3.9528e+00   0.0000e+00   4.1626e-03   2.8107e+02
20260129_04:00:00   5.7678e-02   1.7279e+01   3.2447e+00   0.0000e+00   1.2397e-03   2.7856e+02
20260129_05:00:00   5.5192e-02   1.6652e+01   2.8088e+00   0.0000e+00   7.2587e-04   2.8259e+02
20260129_06:00:00   5.4253e-02   1.6406e+01   2.6488e+00   0.0000e+00   2.7083e-03   2.8197e+02
20260129_07:00:00   5.4924e-02   1.6568e+01   2.7546e+00   0.0000e+00   5.4275e-03   2.8286e+02
20260129_08:00:00   5.5263e-02   1.6652e+01   2.7762e+00   0.0000e+00   4.5309e-03   2.8261e+02
20260129_09:00:00   5.5806e-02   1.6780e+01   2.8580e+00   0.0000e+00   4.8572e-03   2.7888e+02
20260129_10:00:00   5.6273e-02   1.6885e+01   2.9299e+00   0.0000e+00   6.9338e-03   2.7634e+02
20260129_11:00:00   5.6048e-02   1.6821e+01   2.9140e+00   0.0000e+00   1.7864e-03   2.7667e+02
20260129_12:00:00   5.5053e-02   1.6563e+01   2.7298e+00   0.0000e+00   2.9653e-03   2.7746e+02
20260129_13:00:00   5.3928e-02   1.6277e+01   2.5105e+00   0.0000e+00   2.7467e-03   2.7851e+02
20260129_14:00:00   5.3447e-02   1.6152e+01   2.4033e+00   0.0000e+00   4.4905e-03   2.7905e+02
20260129_15:00:00   5.3338e-02   1.6118e+01   2.3472e+00   0.0000e+00   3.8588e-03   2.7986e+02
20260129_16:00:00   5.3045e-02   1.6050e+01   2.2537e+00   0.0000e+00   5.7994e-03   2.8194e+02
20260129_17:00:00   5.1705e-02   1.5738e+01   1.9565e+00   0.0000e+00   3.0754e-03   2.8232e+02
20260129_18:00:00   5.0545e-02   1.5470e+01   1.7299e+00   0.0000e+00   3.1576e-03   2.8166e+02
20260129_19:00:00   5.0681e-02   1.5508e+01   1.7851e+00   0.0000e+00   1.7858e-03   2.7995e+02
20260129_20:00:00   5.3219e-02   1.6151e+01   2.2249e+00   0.0000e+00   4.4840e-03   2.7903e+02
20260129_21:00:00   5.4149e-02   1.6394e+01   2.3773e+00   0.0000e+00   1.2327e-03   2.7931e+02
20260129_22:00:00   5.5764e-02   1.6791e+01   2.6614e+00   0.0000e+00   8.1862e-04   2.7836e+02
20260129_23:00:00   5.6574e-02   1.6992e+01   2.8051e+00   0.0000e+00   1.1902e-04   2.8020e+02
20260130_00:00:00   5.6811e-02   1.7041e+01   2.8466e+00   0.0000e+00   2.0955e-04   2.8147e+02
20260130_01:00:00   5.7495e-02   1.7192e+01   2.9658e+00   0.0000e+00   4.2460e-06   2.8141e+02
20260130_02:00:00   5.8108e-02   1.7332e+01   3.0875e+00   0.0000e+00   0.0000e+00   2.8238e+02
20260130_03:00:00   5.8860e-02   1.7495e+01   3.2421e+00   0.0000e+00   0.0000e+00   2.8480e+02
20260130_04:00:00   6.0820e-02   1.7940e+01   3.6380e+00   0.0000e+00   5.2733e-04   2.8519e+02
20260130_05:00:00   6.2370e-02   1.8305e+01   3.9037e+00   0.0000e+00   1.2740e-05   2.8709e+02
20260130_06:00:00   6.1165e-02   1.8015e+01   3.6674e+00   0.0000e+00   7.6481e-04   2.9127e+02
20260130_07:00:00   6.0980e-02   1.7962e+01   3.6305e+00   0.0000e+00   1.5019e-03   2.9687e+02
20260130_08:00:00   6.3095e-02   1.8427e+01   3.9559e+00   0.0000e+00   2.7660e-02   3.0009e+02
20260130_09:00:00   6.4560e-02   1.8772e+01   4.1574e+00   0.0000e+00   2.6606e-02   3.0640e+02
20260130_10:00:00   6.6104e-02   1.9153e+01   4.3822e+00   0.0000e+00   2.8834e-03   3.1056e+02
20260130_11:00:00   6.6522e-02   1.9276e+01   4.3908e+00   0.0000e+00   9.3633e-06   3.0896e+02
20260130_12:00:00   6.5151e-02   1.8984e+01   4.1261e+00   0.0000e+00   0.0000e+00   3.0728e+02
20260130_13:00:00   6.4713e-02   1.8903e+01   4.0495e+00   0.0000e+00   0.0000e+00   3.0226e+02
20260130_14:00:00   6.3266e-02   1.8570e+01   3.7843e+00   0.0000e+00   0.0000e+00   2.9880e+02
20260130_15:00:00   6.2730e-02   1.8456e+01   3.6655e+00   0.0000e+00   0.0000e+00   2.9525e+02
20260130_16:00:00   6.2113e-02   1.8320e+01   3.5547e+00   0.0000e+00   0.0000e+00   2.9116e+02
20260130_17:00:00   6.1565e-02   1.8206e+01   3.4982e+00   0.0000e+00   0.0000e+00   2.8880e+02
20260130_18:00:00   6.1594e-02   1.8233e+01   3.5124e+00   0.0000e+00   0.0000e+00   2.8701e+02
20260130_19:00:00   6.1006e-02   1.8116e+01   3.4333e+00   0.0000e+00   0.0000e+00   2.8724e+02
20260130_20:00:00   6.1370e-02   1.8227e+01   3.5163e+00   0.0000e+00   0.0000e+00   2.8634e+02
20260130_21:00:00   6.1571e-02   1.8300e+01   3.5857e+00   0.0000e+00   0.0000e+00   2.8663e+02
20260130_22:00:00   6.2798e-02   1.8628e+01   3.8137e+00   0.0000e+00   0.0000e+00   2.8536e+02
20260130_23:00:00   6.2118e-02   1.8485e+01   3.7355e+00   0.0000e+00   0.0000e+00   2.8553e+02
20260131_00:00:00   6.2086e-02   1.8485e+01   3.7242e+00   0.0000e+00   0.0000e+00   2.8539e+02
20260131_01:00:00   6.1679e-02   1.8375e+01   3.6729e+00   0.0000e+00   0.0000e+00   2.8283e+02
20260131_02:00:00   6.0195e-02   1.8007e+01   3.5068e+00   0.0000e+00   0.0000e+00   2.7954e+02
20260131_03:00:00   6.0551e-02   1.8091e+01   3.5990e+00   0.0000e+00   0.0000e+00   2.7821e+02
20260131_04:00:00   6.1215e-02   1.8246e+01   3.7783e+00   0.0000e+00   0.0000e+00   2.7804e+02
20260131_05:00:00   6.1931e-02   1.8418e+01   3.9345e+00   0.0000e+00   0.0000e+00   2.7740e+02
20260131_06:00:00   6.2624e-02   1.8589e+01   4.0772e+00   0.0000e+00   0.0000e+00   2.7606e+02
20260131_07:00:00   6.3525e-02   1.8808e+01   4.2286e+00   0.0000e+00   0.0000e+00   2.7752e+02
20260131_08:00:00   6.4088e-02   1.8942e+01   4.3608e+00   0.0000e+00   0.0000e+00   2.7584e+02
20260131_09:00:00   6.4859e-02   1.9124e+01   4.5042e+00   0.0000e+00   0.0000e+00   2.7672e+02
20260131_10:00:00   6.5117e-02   1.9196e+01   4.5297e+00   0.0000e+00   0.0000e+00   2.7506e+02
20260131_11:00:00   6.5844e-02   1.9379e+01   4.6461e+00   0.0000e+00   0.0000e+00   2.7475e+02
20260131_12:00:00   6.6647e-02   1.9582e+01   4.7984e+00   0.0000e+00   0.0000e+00   2.7269e+02
20260131_13:00:00   6.7308e-02   1.9747e+01   4.9049e+00   0.0000e+00   0.0000e+00   2.7338e+02
20260131_14:00:00   6.8007e-02   1.9920e+01   5.0347e+00   0.0000e+00   0.0000e+00   2.7250e+02
20260131_15:00:00   6.8006e-02   1.9927e+01   5.0269e+00   0.0000e+00   0.0000e+00   2.7429e+02
20260131_16:00:00   6.7794e-02   1.9889e+01   5.0248e+00   0.0000e+00   0.0000e+00   2.7676e+02
20260131_17:00:00   6.8121e-02   1.9991e+01   5.0701e+00   0.0000e+00   0.0000e+00   2.7950e+02
20260131_18:00:00   6.8128e-02   2.0012e+01   5.0367e+00   0.0000e+00   0.0000e+00   2.8024e+02
20260131_19:00:00   6.7766e-02   1.9948e+01   4.9782e+00   0.0000e+00   0.0000e+00   2.8132e+02
20260131_20:00:00   6.8051e-02   2.0039e+01   5.0567e+00   0.0000e+00   0.0000e+00   2.8059e+02
20260131_21:00:00   6.8821e-02   2.0245e+01   5.2088e+00   0.0000e+00   0.0000e+00   2.8204e+02
20260131_22:00:00   7.0233e-02   2.0600e+01   5.4455e+00   0.0000e+00   0.0000e+00   2.8303e+02
20260131_23:00:00   7.2200e-02   2.1088e+01   5.7457e+00   0.0000e+00   0.0000e+00   2.8212e+02
20260201_00:00:00   7.2698e-02   2.1210e+01   5.8024e+00   0.0000e+00   0.0000e+00   2.8118e+02
20260201_01:00:00   7.2828e-02   2.1240e+01   5.8030e+00   0.0000e+00   0.0000e+00   2.8157e+02
20260201_02:00:00   7.2442e-02   2.1151e+01   5.7066e+00   0.0000e+00   0.0000e+00   2.8222e+02
20260201_03:00:00   7.1470e-02   2.0913e+01   5.5319e+00   0.0000e+00   0.0000e+00   2.8353e+02
20260201_04:00:00   6.9871e-02   2.0517e+01   5.2708e+00   0.0000e+00   0.0000e+00   2.8513e+02
20260201_05:00:00   6.7670e-02   1.9973e+01   4.9155e+00   0.0000e+00   0.0000e+00   2.8711e+02
20260201_06:00:00   6.6235e-02   1.9611e+01   4.6558e+00   0.0000e+00   0.0000e+00   2.8816e+02
20260201_07:00:00   6.5445e-02   1.9410e+01   4.5027e+00   0.0000e+00   0.0000e+00   2.8749e+02
20260201_08:00:00   6.5244e-02   1.9346e+01   4.4594e+00   0.0000e+00   0.0000e+00   2.8647e+02
20260201_09:00:00   6.4337e-02   1.9114e+01   4.3236e+00   0.0000e+00   0.0000e+00   2.8504e+02
20260201_10:00:00   6.3272e-02   1.8845e+01   4.1687e+00   0.0000e+00   0.0000e+00   2.8447e+02
20260201_11:00:00   6.3249e-02   1.8836e+01   4.1519e+00   0.0000e+00   0.0000e+00   2.8598e+02
20260201_12:00:00   6.3232e-02   1.8828e+01   4.1354e+00   0.0000e+00   0.0000e+00   2.8665e+02
20260201_13:00:00   6.2606e-02   1.8672e+01   4.0365e+00   0.0000e+00   0.0000e+00   2.8723e+02
20260201_14:00:00   6.2133e-02   1.8550e+01   3.9712e+00   0.0000e+00   0.0000e+00   2.8520e+02
20260201_15:00:00   6.1646e-02   1.8429e+01   3.9015e+00   0.0000e+00   0.0000e+00   2.8500e+02
20260201_16:00:00   6.1273e-02   1.8341e+01   3.8491e+00   0.0000e+00   0.0000e+00   2.8534e+02
20260201_17:00:00   6.1507e-02   1.8410e+01   3.8814e+00   0.0000e+00   0.0000e+00   2.8524e+02
20260201_18:00:00   6.1220e-02   1.8352e+01   3.8631e+00   0.0000e+00   0.0000e+00   2.8518e+02
20260201_19:00:00   6.2556e-02   1.8702e+01   4.0938e+00   0.0000e+00   0.0000e+00   2.8512e+02
20260201_20:00:00   6.3805e-02   1.9031e+01   4.3211e+00   0.0000e+00   0.0000e+00   2.8447e+02
20260201_21:00:00   6.5164e-02   1.9387e+01   4.5694e+00   0.0000e+00   0.0000e+00   2.8349e+02
20260201_22:00:00   6.6537e-02   1.9746e+01   4.8008e+00   0.0000e+00   0.0000e+00   2.8241e+02
20260201_23:00:00   6.7466e-02   1.9989e+01   4.9522e+00   0.0000e+00   0.0000e+00   2.8205e+02
20260202_00:00:00   6.8549e-02   2.0256e+01   5.1195e+00   0.0000e+00   0.0000e+00   2.8072e+02
20260202_01:00:00   6.9498e-02   2.0482e+01   5.2536e+00   0.0000e+00   0.0000e+00   2.8209e+02
20260202_02:00:00   7.0154e-02   2.0638e+01   5.3460e+00   0.0000e+00   0.0000e+00   2.8224e+02
20260202_03:00:00   7.0509e-02   2.0709e+01   5.4057e+00   0.0000e+00   0.0000e+00   2.8060e+02
20260202_04:00:00   7.0969e-02   2.0815e+01   5.4857e+00   0.0000e+00   0.0000e+00   2.8044e+02
20260202_05:00:00   7.1487e-02   2.0931e+01   5.5749e+00   0.0000e+00   0.0000e+00   2.8039e+02
20260202_06:00:00   7.1948e-02   2.1032e+01   5.6466e+00   0.0000e+00   0.0000e+00   2.7972e+02
20260202_07:00:00   7.2502e-02   2.1152e+01   5.7366e+00   0.0000e+00   0.0000e+00   2.8009e+02
20260202_08:00:00   7.3351e-02   2.1337e+01   5.9167e+00   0.0000e+00   9.5683e-04   2.7953e+02
20260202_09:00:00   7.4041e-02   2.1488e+01   6.0352e+00   0.0000e+00   1.2923e-03   2.7753e+02
20260202_10:00:00   7.5393e-02   2.1797e+01   6.2526e+00   0.0000e+00   8.3192e-03   2.7794e+02
20260202_11:00:00   7.6642e-02   2.2090e+01   6.4162e+00   0.0000e+00   2.9539e-03   2.7864e+02
20260202_12:00:00   7.7086e-02   2.2184e+01   6.4689e+00   0.0000e+00   3.8967e-03   2.7984e+02
20260202_13:00:00   7.6031e-02   2.1899e+01   6.3124e+00   0.0000e+00   4.7621e-02   2.7915e+02
20260202_14:00:00   7.4061e-02   2.1404e+01   6.0189e+00   0.0000e+00   5.8071e-02   2.8056e+02
20260202_15:00:00   7.4271e-02   2.1460e+01   6.0383e+00   0.0000e+00   2.0541e-02   2.8174e+02
20260202_16:00:00   7.5578e-02   2.1799e+01   6.1735e+00   0.0000e+00   1.2250e-03   2.8242e+02
20260202_17:00:00   7.5333e-02   2.1770e+01   6.0877e+00   0.0000e+00   1.5168e-04   2.8262e+02
20260202_18:00:00   7.5757e-02   2.1891e+01   6.1010e+00   0.0000e+00   0.0000e+00   2.8206e+02
20260202_19:00:00   7.5483e-02   2.1830e+01   6.0747e+00   0.0000e+00   0.0000e+00   2.8105e+02
20260202_20:00:00   7.3797e-02   2.1421e+01   5.8078e+00   0.0000e+00   0.0000e+00   2.8052e+02
20260202_21:00:00   7.3099e-02   2.1264e+01   5.7127e+00   0.0000e+00   0.0000e+00   2.7822e+02
20260202_22:00:00   7.4168e-02   2.1529e+01   5.8827e+00   0.0000e+00   6.3184e-04   2.7656e+02
20260202_23:00:00   7.5063e-02   2.1750e+01   6.0058e+00   0.0000e+00   1.0814e-05   2.7576e+02
20260203_00:00:00   7.5430e-02   2.1821e+01   6.0821e+00   0.0000e+00   1.2740e-05   2.7622e+02
20260203_03:00:00   7.2145e-02   2.0951e+01   5.6735e+00   0.0000e+00   6.8542e-03   2.7932e+02
20260203_06:00:00   7.1967e-02   2.0840e+01   5.7251e+00   0.0000e+00   1.3612e-03   2.8337e+02
20260203_09:00:00   7.6462e-02   2.1910e+01   6.3970e+00   0.0000e+00   4.0993e-03   2.8518e+02
20260203_12:00:00   6.5456e-02   1.9130e+01   4.5367e+00   0.0000e+00   4.4244e-02   2.8131e+02
20260203_15:00:00   5.7855e-02   1.7265e+01   3.1738e+00   0.0000e+00   1.0543e-02   2.8514e+02
20260203_18:00:00   5.1015e-02   1.5616e+01   1.8232e+00   0.0000e+00   4.0891e-03   2.8532e+02
20260203_21:00:00   5.1871e-02   1.5864e+01   2.0051e+00   0.0000e+00   5.5827e-03   2.8627e+02
20260204_00:00:00   5.2768e-02   1.6107e+01   2.1866e+00   0.0000e+00   7.2549e-04   2.9139e+02
20260204_03:00:00   5.3799e-02   1.6367e+01   2.3100e+00   0.0000e+00   2.2600e-04   2.9806e+02
20260204_06:00:00   5.5268e-02   1.6726e+01   2.6062e+00   0.0000e+00   2.2282e-04   3.0171e+02
20260204_09:00:00   5.5921e-02   1.6889e+01   2.7011e+00   0.0000e+00   0.0000e+00   3.0239e+02
20260204_12:00:00   5.3513e-02   1.6270e+01   2.3106e+00   0.0000e+00   0.0000e+00   3.0554e+02
20260204_15:00:00   5.7624e-02   1.7289e+01   2.9470e+00   0.0000e+00   0.0000e+00   3.1998e+02
20260204_18:00:00   6.3981e-02   1.8806e+01   4.0718e+00   0.0000e+00   0.0000e+00   3.2259e+02
20260204_21:00:00   7.1640e-02   2.0656e+01   5.2077e+00   0.0000e+00   5.9998e-05   3.3603e+02
20260205_00:00:00   7.0095e-02   2.0350e+01   4.6687e+00   6.5300e-05   6.1536e-03   3.4228e+02
20260205_03:00:00   7.2656e-02   2.0950e+01   4.5409e+00   0.0000e+00   7.1270e-06   3.2986e+02
20260205_06:00:00   7.7102e-02   2.1991e+01   5.2293e+00   0.0000e+00   1.5586e-05   3.3459e+02
20260205_09:00:00   8.7653e-02   2.4624e+01   4.8466e+00   1.4154e-02   5.8470e-04   3.3409e+02
20260205_12:00:00   7.4230e-02   2.1348e+01   3.9476e+00   7.3290e-03   3.8210e-04   3.2552e+02
20260205_15:00:00   7.1666e-02   2.0697e+01   4.5844e+00   1.1524e-03   2.1952e-04   3.1946e+02
20260205_18:00:00   7.9223e-02   2.2568e+01   6.3606e+00   0.0000e+00   0.0000e+00   3.1959e+02
20260205_21:00:00   9.2900e-02   2.5875e+01   8.4118e+00   0.0000e+00   1.2904e-02   3.1812e+02
20260206_00:00:00   1.0260e-01   2.8171e+01   9.7734e+00   0.0000e+00   7.7998e-02   3.1535e+02
20260206_03:00:00   1.1202e-01   3.0413e+01   1.0683e+01   3.4420e-04   2.2871e-01   3.1408e+02
20260206_06:00:00   1.2107e-01   3.2620e+01   1.0480e+01   1.0004e-02   1.1198e-01   3.0510e+02
20260206_09:00:00   1.0179e-01   2.8125e+01   8.0903e+00   7.2152e-03   3.8743e-04   3.0127e+02
20260206_12:00:00   9.7240e-02   2.7070e+01   6.8701e+00   1.0127e-02   6.0260e-04   2.9673e+02
20260206_15:00:00   1.0444e-01   2.8826e+01   7.1705e+00   1.6291e-02   1.5291e-03   2.9527e+02
20260206_18:00:00   1.6975e-01   4.4105e+01   7.4651e+00   8.7542e-02   4.2025e-04   2.9469e+02
20260206_21:00:00   9.4062e-02   2.6395e+01   6.8219e+00   9.6601e-03   1.0540e-04   2.9465e+02
20260207_00:00:00   8.3981e-02   2.3953e+01   6.6088e+00   0.0000e+00   0.0000e+00   2.9268e+02
20260207_03:00:00   8.0113e-02   2.3006e+01   6.0488e+00   0.0000e+00   1.9450e-06   2.9201e+02
20260207_06:00:00   8.2447e-02   2.3574e+01   6.3007e+00   0.0000e+00   0.0000e+00   2.9079e+02
20260207_09:00:00   8.0853e-02   2.3182e+01   6.0647e+00   0.0000e+00   0.0000e+00   2.9143e+02
20260207_12:00:00   7.9013e-02   2.2710e+01   5.8443e+00   0.0000e+00   0.0000e+00   2.9146e+02
20260207_15:00:00   7.5124e-02   2.1741e+01   5.3147e+00   0.0000e+00   0.0000e+00   2.9185e+02
20260207_18:00:00   7.2970e-02   2.1230e+01   5.0719e+00   0.0000e+00   0.0000e+00   2.9175e+02
20260207_21:00:00   7.1860e-02   2.0965e+01   5.1224e+00   0.0000e+00   0.0000e+00   2.9479e+02
20260208_00:00:00   8.2557e-02   2.3581e+01   6.6930e+00   4.2460e-06   1.9505e-04   2.9951e+02
20260208_03:00:00   8.5957e-02   2.4304e+01   7.3128e+00   0.0000e+00   2.8281e-03   3.0269e+02
20260208_06:00:00   9.1120e-02   2.5477e+01   8.1488e+00   0.0000e+00   6.9760e-04   3.0366e+02
20260208_09:00:00   8.6246e-02   2.4276e+01   7.5252e+00   0.0000e+00   3.1277e-03   3.0306e+02
20260208_12:00:00   8.2418e-02   2.3310e+01   6.9265e+00   0.0000e+00   2.1018e-02   2.9965e+02
20260208_15:00:00   8.2751e-02   2.3374e+01   6.9634e+00   0.0000e+00   5.5230e-02   2.9865e+02
20260208_18:00:00   8.0558e-02   2.2873e+01   6.5335e+00   0.0000e+00   6.4287e-02   3.0442e+02
20260208_21:00:00   8.4021e-02   2.3723e+01   6.8219e+00   1.5250e-03   9.5147e-03   3.1951e+02
20260209_00:00:00   8.4370e-02   2.3804e+01   7.0021e+00   0.0000e+00   1.0345e-02   3.2952e+02
20260209_03:00:00   9.7907e-02   2.6985e+01   8.3834e+00   1.3798e-03   2.2659e-01   3.3134e+02
20260209_06:00:00   1.0287e-01   2.8277e+01   7.9762e+00   1.0398e-02   1.9064e-05   3.3306e+02
20260209_09:00:00   7.8661e-02   2.2486e+01   5.9719e+00   0.0000e+00   0.0000e+00   3.2150e+02
20260209_12:00:00   6.5361e-02   1.9299e+01   3.9087e+00   0.0000e+00   0.0000e+00   3.0746e+02
20260209_15:00:00   6.1649e-02   1.8387e+01   3.3812e+00   0.0000e+00   0.0000e+00   2.9839e+02
20260209_18:00:00   6.3777e-02   1.8947e+01   3.7722e+00   0.0000e+00   0.0000e+00   2.9081e+02
20260209_21:00:00   6.3474e-02   1.8925e+01   3.8716e+00   0.0000e+00   0.0000e+00   2.8938e+02
20260210_00:00:00   6.5904e-02   1.9536e+01   4.3713e+00   0.0000e+00   0.0000e+00   2.8542e+02
20260210_03:00:00   6.6643e-02   1.9694e+01   4.4595e+00   0.0000e+00   2.3070e-03   2.8025e+02
20260210_06:00:00   6.0678e-02   1.8134e+01   3.5479e+00   0.0000e+00   2.7548e-03   2.8125e+02
20260210_09:00:00   6.5542e-02   1.9324e+01   4.2095e+00   0.0000e+00   2.4687e-02   2.7930e+02
20260210_12:00:00   7.1909e-02   2.0813e+01   5.1867e+00   0.0000e+00   2.4841e-02   2.8148e+02
20260210_15:00:00   7.5624e-02   2.1636e+01   5.8222e+00   1.3790e-04   9.4377e-02   2.8143e+02
20260210_18:00:00   8.0639e-02   2.2795e+01   6.7797e+00   0.0000e+00   9.8748e-02   2.8221e+02
20260210_21:00:00   8.5071e-02   2.3841e+01   7.4041e+00   0.0000e+00   1.8316e-01   2.8225e+02
20260211_00:00:00   7.8943e-02   2.2400e+01   6.4386e+00   0.0000e+00   9.9329e-02   2.8370e+02
20260211_03:00:00   7.7207e-02   2.1981e+01   5.9705e+00   0.0000e+00   7.1723e-02   2.9278e+02
20260211_06:00:00   7.2288e-02   2.0812e+01   4.9982e+00   0.0000e+00   8.4017e-02   3.0027e+02
20260211_09:00:00   7.2371e-02   2.0831e+01   4.7916e+00   0.0000e+00   5.4192e-02   3.0884e+02
20260211_12:00:00   6.8753e-02   1.9907e+01   4.1388e+00   0.0000e+00   1.0450e-04   3.3819e+02
20260211_15:00:00   6.9679e-02   1.9998e+01   4.5805e+00   0.0000e+00   4.6896e-03   3.2131e+02
20260211_18:00:00   7.7583e-02   2.1851e+01   5.8475e+00   1.4880e-05   3.2017e-02   3.1454e+02
20260211_21:00:00   9.6294e-02   2.5973e+01   5.3274e+00   2.7702e-02   4.0503e-02   3.1245e+02
20260212_00:00:00   7.9217e-02   2.2196e+01   5.8657e+00   0.0000e+00   6.0636e-02   3.2073e+02
20260212_03:00:00   8.1396e-02   2.2658e+01   5.9322e+00   0.0000e+00   2.1161e-01   3.2990e+02
20260212_06:00:00   8.0785e-02   2.2498e+01   5.7871e+00   0.0000e+00   4.9890e-02   3.5264e+02
20260212_09:00:00   8.1283e-02   2.2639e+01   5.2798e+00   4.0695e-03   2.7458e-02   3.6747e+02
20260212_12:00:00   9.4371e-02   2.5767e+01   4.5016e+00   2.4943e-02   2.0114e-02   3.9220e+02
20260212_15:00:00   6.2928e-02   1.8243e+01   3.1499e+00   8.4920e-06   9.4999e-04   4.0141e+02
20260212_18:00:00   5.8732e-02   1.7292e+01   2.6623e+00   0.0000e+00   6.5694e-04   3.8338e+02
20260212_21:00:00   5.9182e-02   1.7446e+01   2.9937e+00   0.0000e+00   5.8440e-05   3.7653e+02
20260213_00:00:00   5.7098e-02   1.6957e+01   2.7975e+00   0.0000e+00   9.0051e-03   3.5928e+02
20260213_03:00:00   6.0214e-02   1.7729e+01   3.3628e+00   0.0000e+00   1.5431e-03   3.5245e+02
20260213_06:00:00   6.4284e-02   1.8787e+01   3.9269e+00   0.0000e+00   1.3804e-04   3.4424e+02
20260213_09:00:00   6.3310e-02   1.8569e+01   3.9922e+00   0.0000e+00   3.1095e-04   3.2964e+02
20260213_12:00:00   6.5541e-02   1.9138e+01   4.6244e+00   0.0000e+00   2.0835e-04   3.2226e+02
20260213_15:00:00   7.1366e-02   2.0566e+01   5.8508e+00   0.0000e+00   5.1864e-04   3.1931e+02
20260213_18:00:00   8.0908e-02   2.2893e+01   7.6250e+00   0.0000e+00   6.1130e-03   3.1484e+02
20260213_21:00:00   9.4842e-02   2.6266e+01   9.6963e+00   0.0000e+00   6.8268e-02   3.2056e+02
20260214_00:00:00   1.1032e-01   3.0033e+01   1.1647e+01   0.0000e+00   3.9561e-02   3.2825e+02
