#            date       tau255        Tb[K]      pwv[mm] lwp[kg*m^-2] iwp[kg*m^-2]       o3[DU]
20251212_06:00:00   1.3236e-01   3.4853e+01   8.1522e+00   0.0000e+00   1.7929e-03   3.2140e+02
20251212_07:00:00   1.2698e-01   3.3637e+01   7.4456e+00   0.0000e+00   1.7536e-04   3.2350e+02
20251212_08:00:00   1.2424e-01   3.3002e+01   7.1314e+00   0.0000e+00   3.0131e-05   3.1971e+02
20251212_09:00:00   1.2229e-01   3.2527e+01   6.8935e+00   0.0000e+00   1.7856e-05   3.1763e+02
20251212_10:00:00   1.1860e-01   3.1682e+01   6.4481e+00   0.0000e+00   2.4395e-05   3.2182e+02
20251212_11:00:00   1.1855e-01   3.1642e+01   6.4033e+00   0.0000e+00   1.4885e-03   3.2971e+02
20251212_12:00:00   1.1869e-01   3.1662e+01   6.4191e+00   0.0000e+00   9.7781e-05   3.2904e+02
20251212_13:00:00   1.2054e-01   3.2051e+01   6.6828e+00   0.0000e+00   2.1025e-03   3.2681e+02
20251212_14:00:00   1.2266e-01   3.2529e+01   6.8880e+00   0.0000e+00   2.4634e-03   3.3433e+02
20251212_15:00:00   1.2578e-01   3.3258e+01   7.3692e+00   0.0000e+00   1.6990e-03   3.4415e+02
20251212_16:00:00   1.2975e-01   3.4167e+01   7.8684e+00   0.0000e+00   1.2941e-02   3.4883e+02
20251212_17:00:00   1.3064e-01   3.4393e+01   7.9871e+00   0.0000e+00   3.1552e-02   3.5232e+02
20251212_18:00:00   1.3078e-01   3.4418e+01   8.0626e+00   3.9480e-04   5.0769e-02   3.4999e+02
20251212_19:00:00   1.3287e-01   3.4870e+01   8.3806e+00   1.7314e-03   6.2083e-02   3.4239e+02
20251212_20:00:00   1.3871e-01   3.6192e+01   8.5167e+00   7.3783e-03   5.7579e-02   3.3981e+02
20251212_21:00:00   1.4060e-01   3.6583e+01   8.6229e+00   8.9765e-03   4.0483e-02   3.4067e+02
20251212_22:00:00   1.3767e-01   3.5863e+01   9.3746e+00   9.9180e-05   1.9281e-01   3.4520e+02
20251212_23:00:00   1.4099e-01   3.6582e+01   9.9450e+00   0.0000e+00   5.6204e-02   3.3613e+02
20251213_00:00:00   1.3925e-01   3.6142e+01   9.8790e+00   0.0000e+00   7.4004e-02   3.3781e+02
20251213_01:00:00   1.3583e-01   3.5336e+01   9.5637e+00   0.0000e+00   1.6448e-02   3.3348e+02
20251213_02:00:00   1.2946e-01   3.3865e+01   8.8704e+00   0.0000e+00   1.9399e-02   3.2728e+02
20251213_03:00:00   1.2423e-01   3.2628e+01   8.2686e+00   0.0000e+00   2.0330e-02   3.2709e+02
20251213_04:00:00   1.2275e-01   3.2267e+01   8.1190e+00   0.0000e+00   1.0341e-02   3.2431e+02
20251213_05:00:00   1.2248e-01   3.2194e+01   8.1068e+00   0.0000e+00   1.6073e-02   3.2539e+02
20251213_06:00:00   1.2429e-01   3.2584e+01   8.3680e+00   0.0000e+00   3.6837e-02   3.2141e+02
20251213_07:00:00   1.2684e-01   3.3152e+01   8.6674e+00   0.0000e+00   4.1959e-02   3.2281e+02
20251213_08:00:00   1.3099e-01   3.4092e+01   9.0668e+00   0.0000e+00   2.1521e-01   3.2094e+02
20251213_09:00:00   1.3587e-01   3.5195e+01   9.6036e+00   0.0000e+00   2.9676e-01   3.1624e+02
20251213_10:00:00   1.3706e-01   3.5454e+01   9.7956e+00   0.0000e+00   1.7376e-01   3.0915e+02
20251213_11:00:00   1.4055e-01   3.6205e+01   1.0077e+01   0.0000e+00   3.7580e-01   3.0674e+02
20251213_12:00:00   1.4258e-01   3.6650e+01   1.0267e+01   0.0000e+00   4.2232e-01   3.1170e+02
20251213_13:00:00   1.4395e-01   3.6927e+01   1.0347e+01   0.0000e+00   4.7905e-01   3.1580e+02
20251213_14:00:00   1.4354e-01   3.6818e+01   1.0239e+01   0.0000e+00   4.9942e-01   3.1788e+02
20251213_15:00:00   1.4067e-01   3.6121e+01   9.8964e+00   0.0000e+00   3.4174e-01   3.1549e+02
20251213_16:00:00   1.3883e-01   3.5670e+01   9.5310e+00   0.0000e+00   4.4973e-01   3.1734e+02
20251213_17:00:00   1.3690e-01   3.5201e+01   9.1946e+00   0.0000e+00   5.0376e-01   3.2106e+02
20251213_18:00:00   1.3472e-01   3.4688e+01   8.8299e+00   0.0000e+00   5.0586e-01   3.2187e+02
20251213_19:00:00   1.3047e-01   3.3715e+01   8.2115e+00   0.0000e+00   2.9414e-01   3.2608e+02
20251213_20:00:00   1.2572e-01   3.2637e+01   7.4473e+00   2.0180e-04   1.4545e-01   3.3614e+02
20251213_21:00:00   1.2074e-01   3.1478e+01   6.7418e+00   4.9150e-06   3.6264e-02   3.4643e+02
20251213_22:00:00   1.1041e-01   2.9128e+01   5.2323e+00   0.0000e+00   1.0912e-02   3.5072e+02
20251213_23:00:00   1.0000e-01   2.6713e+01   3.8804e+00   0.0000e+00   7.5591e-05   3.5941e+02
20251214_00:00:00   9.0044e-02   2.4391e+01   2.4986e+00   0.0000e+00   6.9600e-06   3.6145e+02
20251214_01:00:00   8.4973e-02   2.3192e+01   1.7102e+00   0.0000e+00   6.0929e-06   3.5580e+02
20251214_02:00:00   8.4959e-02   2.3165e+01   1.6873e+00   0.0000e+00   6.0869e-06   3.5509e+02
20251214_03:00:00   8.5341e-02   2.3229e+01   1.7019e+00   0.0000e+00   5.8085e-06   3.5658e+02
20251214_04:00:00   8.5575e-02   2.3262e+01   1.6967e+00   0.0000e+00   3.9339e-06   3.5739e+02
20251214_05:00:00   8.5616e-02   2.3255e+01   1.6628e+00   0.0000e+00   3.7179e-06   3.6186e+02
20251214_06:00:00   8.5477e-02   2.3220e+01   1.6257e+00   0.0000e+00   3.8069e-06   3.6124e+02
20251214_07:00:00   8.5398e-02   2.3207e+01   1.6048e+00   0.0000e+00   6.5372e-06   3.5724e+02
20251214_08:00:00   8.7213e-02   2.3642e+01   1.8728e+00   0.0000e+00   8.0776e-06   3.5198e+02
20251214_09:00:00   8.9688e-02   2.4235e+01   2.2473e+00   0.0000e+00   1.0200e-05   3.4268e+02
20251214_10:00:00   8.9379e-02   2.4186e+01   2.2480e+00   0.0000e+00   8.7130e-06   3.3630e+02
20251214_11:00:00   8.7674e-02   2.3826e+01   2.0714e+00   0.0000e+00   6.5530e-06   3.3095e+02
20251214_12:00:00   8.5907e-02   2.3454e+01   1.8943e+00   0.0000e+00   5.9569e-06   3.2998e+02
20251214_13:00:00   8.4541e-02   2.3185e+01   1.8057e+00   0.0000e+00   5.0980e-06   3.2279e+02
20251214_14:00:00   8.4369e-02   2.3158e+01   1.8518e+00   0.0000e+00   5.0980e-06   3.1541e+02
20251214_15:00:00   8.4484e-02   2.3228e+01   1.9515e+00   0.0000e+00   4.4009e-06   3.0757e+02
20251214_16:00:00   8.5508e-02   2.3505e+01   2.1767e+00   0.0000e+00   3.1729e-06   3.0418e+02
20251214_17:00:00   8.5947e-02   2.3655e+01   2.3242e+00   0.0000e+00   2.5499e-06   3.0247e+02
20251214_18:00:00   8.7706e-02   2.4106e+01   2.7380e+00   0.0000e+00   2.5499e-06   2.9442e+02
20251214_19:00:00   8.8225e-02   2.4268e+01   2.8838e+00   0.0000e+00   2.5499e-06   2.9081e+02
20251214_20:00:00   8.8888e-02   2.4460e+01   3.0753e+00   0.0000e+00   2.5499e-06   2.8786e+02
20251214_21:00:00   9.0584e-02   2.4886e+01   3.4360e+00   0.0000e+00   2.5499e-06   2.9117e+02
20251214_22:00:00   9.3207e-02   2.5544e+01   4.0275e+00   0.0000e+00   2.1428e-06   2.9244e+02
20251214_23:00:00   9.5583e-02   2.6127e+01   4.5615e+00   0.0000e+00   1.1658e-06   2.8777e+02
20251215_00:00:00   9.7146e-02   2.6525e+01   4.8671e+00   0.0000e+00   2.2256e-04   2.8569e+02
20251215_01:00:00   1.0147e-01   2.7554e+01   5.4850e+00   0.0000e+00   2.2413e-05   2.8676e+02
20251215_02:00:00   1.0412e-01   2.8266e+01   5.8514e+00   0.0000e+00   1.1427e-06   2.8529e+02
20251215_03:00:00   1.0808e-01   2.9295e+01   6.4403e+00   0.0000e+00   1.1156e-06   2.7803e+02
20251215_04:00:00   1.0822e-01   2.9380e+01   6.5301e+00   0.0000e+00   1.0961e-06   2.7679e+02
20251215_05:00:00   1.1114e-01   3.0111e+01   7.0369e+00   0.0000e+00   7.5510e-07   2.7677e+02
20251215_06:00:00   1.1233e-01   3.0439e+01   7.2614e+00   0.0000e+00   6.2913e-04   2.7570e+02
20251215_07:00:00   1.1273e-01   3.0577e+01   7.3676e+00   0.0000e+00   2.7740e-05   2.7531e+02
20251215_08:00:00   1.1120e-01   3.0295e+01   7.2143e+00   0.0000e+00   1.8304e-03   2.7388e+02
20251215_09:00:00   1.0778e-01   2.9544e+01   6.7124e+00   0.0000e+00   6.4905e-03   2.7411e+02
20251215_10:00:00   1.0729e-01   2.9478e+01   6.7183e+00   0.0000e+00   2.0890e-02   2.7492e+02
20251215_11:00:00   1.0982e-01   3.0070e+01   7.1660e+00   0.0000e+00   2.1222e-02   2.7750e+02
20251215_12:00:00   1.1355e-01   3.0990e+01   7.8002e+00   0.0000e+00   1.0790e-03   2.7962e+02
20251215_13:00:00   1.1660e-01   3.1766e+01   8.2731e+00   0.0000e+00   3.5862e-04   2.8560e+02
20251215_14:00:00   1.2310e-01   3.3298e+01   9.2978e+00   0.0000e+00   6.6473e-04   2.8934e+02
20251215_15:00:00   1.2573e-01   3.3942e+01   9.6367e+00   0.0000e+00   1.9788e-05   2.9202e+02
20251215_16:00:00   1.3101e-01   3.5293e+01   1.0425e+01   0.0000e+00   1.5332e-04   2.9234e+02
20251215_17:00:00   1.4278e-01   3.8111e+01   1.2087e+01   0.0000e+00   8.6240e-06   2.8983e+02
20251215_18:00:00   1.4778e-01   3.9310e+01   1.2741e+01   0.0000e+00   0.0000e+00   2.8945e+02
20251215_19:00:00   1.5059e-01   3.9989e+01   1.3036e+01   0.0000e+00   0.0000e+00   2.9015e+02
20251215_20:00:00   1.5553e-01   4.1141e+01   1.3651e+01   0.0000e+00   0.0000e+00   2.8761e+02
20251215_21:00:00   1.5789e-01   4.1679e+01   1.3949e+01   0.0000e+00   6.1600e-07   2.8758e+02
20251215_22:00:00   1.5699e-01   4.1484e+01   1.3803e+01   0.0000e+00   2.9320e-04   2.8802e+02
20251215_23:00:00   1.5936e-01   4.2030e+01   1.4081e+01   0.0000e+00   6.1240e-05   2.9209e+02
20251216_00:00:00   1.5941e-01   4.2053e+01   1.4130e+01   0.0000e+00   1.3130e-03   2.9020e+02
20251216_01:00:00   1.6128e-01   4.2441e+01   1.4376e+01   0.0000e+00   6.5735e-03   2.9009e+02
20251216_02:00:00   1.6302e-01   4.2813e+01   1.4564e+01   0.0000e+00   4.8023e-05   2.8849e+02
20251216_03:00:00   1.5791e-01   4.1727e+01   1.3635e+01   0.0000e+00   0.0000e+00   2.8567e+02
20251216_04:00:00   1.5418e-01   4.0912e+01   1.3079e+01   0.0000e+00   7.8320e-06   2.8309e+02
20251216_05:00:00   1.5102e-01   4.0203e+01   1.2672e+01   0.0000e+00   1.8591e-06   2.8462e+02
20251216_06:00:00   1.4739e-01   3.9370e+01   1.2169e+01   0.0000e+00   6.9991e-04   2.8318e+02
20251216_07:00:00   1.4972e-01   3.9937e+01   1.2494e+01   0.0000e+00   8.9741e-04   2.8608e+02
20251216_08:00:00   1.5230e-01   4.0545e+01   1.2954e+01   0.0000e+00   4.1734e-03   2.8824e+02
20251216_09:00:00   1.5231e-01   4.0577e+01   1.2945e+01   0.0000e+00   1.5219e-02   2.8727e+02
20251216_10:00:00   1.5364e-01   4.0909e+01   1.3161e+01   0.0000e+00   1.4367e-02   2.8595e+02
20251216_11:00:00   1.5624e-01   4.1497e+01   1.3514e+01   0.0000e+00   3.1361e-02   2.8285e+02
20251216_12:00:00   1.5793e-01   4.1901e+01   1.3723e+01   0.0000e+00   1.7603e-02   2.8115e+02
20251216_13:00:00   1.5858e-01   4.2089e+01   1.3893e+01   0.0000e+00   5.3361e-03   2.7942e+02
20251216_14:00:00   1.6370e-01   4.3250e+01   1.4619e+01   0.0000e+00   3.8640e-03   2.7747e+02
20251216_15:00:00   1.7283e-01   4.5324e+01   1.5893e+01   0.0000e+00   4.8454e-03   2.7792e+02
20251216_16:00:00   1.7773e-01   4.6494e+01   1.6611e+01   0.0000e+00   2.3142e-02   2.7896e+02
20251216_17:00:00   1.7732e-01   4.6415e+01   1.6806e+01   0.0000e+00   1.1693e-01   2.8462e+02
20251216_18:00:00   1.7544e-01   4.6035e+01   1.6705e+01   0.0000e+00   3.3945e-02   2.8548e+02
20251216_19:00:00   1.6211e-01   4.3130e+01   1.4815e+01   0.0000e+00   2.2134e-04   2.8408e+02
20251216_20:00:00   1.5300e-01   4.1079e+01   1.3401e+01   0.0000e+00   1.5718e-04   2.8332e+02
20251216_21:00:00   1.5381e-01   4.1269e+01   1.3286e+01   0.0000e+00   9.0137e-04   2.8524e+02
20251216_22:00:00   1.6385e-01   4.3574e+01   1.4135e+01   3.3780e-03   1.6283e-02   2.8689e+02
20251216_23:00:00   2.4168e-01   6.0932e+01   1.4194e+01   9.2225e-02   5.2896e-03   2.8781e+02
20251217_00:00:00   3.2753e-01   7.8575e+01   1.4919e+01   1.8449e-01   1.3328e-02   2.8433e+02
20251217_01:00:00   3.9581e-01   9.1547e+01   1.5287e+01   2.5949e-01   2.9132e-02   2.8652e+02
20251217_02:00:00   3.8902e-01   9.0358e+01   1.4195e+01   2.6039e-01   2.0179e-02   2.9128e+02
20251217_03:00:00   3.4716e-01   8.2470e+01   1.4030e+01   2.1782e-01   2.4991e-02   2.9562e+02
20251217_04:00:00   3.2414e-01   7.7969e+01   1.3734e+01   1.9365e-01   3.1953e-03   2.9696e+02
20251217_05:00:00   3.0615e-01   7.4372e+01   1.3191e+01   1.7935e-01   2.1533e-02   2.9986e+02
20251217_06:00:00   3.0043e-01   7.3274e+01   1.2979e+01   1.7271e-01   2.1400e-03   2.9802e+02
20251217_09:00:00   2.6408e-01   6.5712e+01   1.4916e+01   1.1089e-01   1.2126e-02   2.9914e+02
20251217_12:00:00   2.8845e-01   7.0643e+01   1.6712e+01   1.2752e-01   1.1620e-02   2.9712e+02
20251217_15:00:00   2.3402e-01   5.9099e+01   1.7735e+01   5.9320e-02   6.4963e-02   2.9556e+02
20251217_18:00:00   1.9633e-01   5.0641e+01   1.8712e+01   9.3500e-03   2.0512e-01   2.9662e+02
20251217_21:00:00   2.0491e-01   5.2754e+01   1.8251e+01   2.4152e-02   7.2144e-02   2.9439e+02
20251218_00:00:00   5.4663e-01   1.1837e+02   1.9758e+01   4.0077e-01   3.1799e-02   2.8771e+02
20251218_03:00:00   4.0111e-01   9.3835e+01   1.7555e+01   2.5128e-01   1.4313e-02   2.9291e+02
20251218_06:00:00   2.8361e-01   7.0438e+01   1.6054e+01   1.2430e-01   4.2623e-05   2.9456e+02
20251218_09:00:00   1.6158e-01   4.3328e+01   1.3720e+01   2.6871e-05   2.2360e-03   2.9552e+02
20251218_12:00:00   1.2790e-01   3.5191e+01   9.6320e+00   0.0000e+00   0.0000e+00   2.9764e+02
20251218_15:00:00   1.3579e-01   3.6783e+01   1.1329e+01   0.0000e+00   4.8378e-05   2.9877e+02
20251218_18:00:00   1.4964e-01   3.9989e+01   1.3155e+01   0.0000e+00   3.4709e-03   3.0076e+02
20251218_21:00:00   1.5577e-01   4.1490e+01   1.3533e+01   0.0000e+00   3.1423e-03   3.0006e+02
20251219_00:00:00   1.4153e-01   3.8034e+01   1.1506e+01   0.0000e+00   3.8713e-03   2.9580e+02
20251219_03:00:00   1.4299e-01   3.8401e+01   1.1310e+01   0.0000e+00   3.4786e-03   2.9787e+02
20251219_06:00:00   1.3441e-01   3.6316e+01   1.0123e+01   0.0000e+00   1.4553e-02   3.0222e+02
20251219_09:00:00   1.3905e-01   3.7482e+01   9.7399e+00   7.5460e-03   4.4467e-02   3.0167e+02
20251219_12:00:00   4.1836e-01   9.5496e+01   1.2396e+01   3.0680e-01   1.3034e-01   3.0069e+02
20251219_15:00:00   3.4824e-01   8.2429e+01   1.5669e+01   1.9684e-01   6.5289e-02   2.9791e+02
20251219_18:00:00   8.0365e-01   1.5351e+02   2.4986e+01   6.2530e-01   6.9815e-02   2.9647e+02
20251219_21:00:00   8.8004e-01   1.6399e+02   2.3505e+01   7.3032e-01   2.0319e-04   2.9857e+02
20251220_00:00:00   7.6921e-01   1.5046e+02   2.1652e+01   6.1374e-01   1.6929e-03   2.9335e+02
20251220_03:00:00   4.5255e-01   1.0289e+02   1.7186e+01   2.9079e-01   1.5499e-02   2.8829e+02
20251220_06:00:00   2.0304e-01   5.2670e+01   1.5954e+01   1.6718e-02   6.4517e-02   2.9029e+02
20251220_09:00:00   1.6049e-01   4.2446e+01   1.3466e+01   0.0000e+00   2.4996e-01   2.9240e+02
20251220_12:00:00   1.3814e-01   3.7027e+01   1.1301e+01   0.0000e+00   8.1657e-02   2.9838e+02
20251220_15:00:00   1.5972e-01   4.1731e+01   1.3782e+01   0.0000e+00   3.5405e-01   3.1271e+02
20251220_18:00:00   2.1394e-01   5.3729e+01   1.8352e+01   6.6119e-03   7.7055e-01   3.1449e+02
20251220_21:00:00   1.5698e-01   4.1096e+01   1.2695e+01   0.0000e+00   5.3303e-03   3.1838e+02
20251221_00:00:00   1.0911e-01   2.9960e+01   6.0864e+00   0.0000e+00   2.8616e-03   3.1833e+02
20251221_03:00:00   1.0890e-01   2.9851e+01   5.9800e+00   0.0000e+00   5.2762e-06   3.2412e+02
20251221_06:00:00   1.1035e-01   3.0177e+01   6.2550e+00   0.0000e+00   1.1980e-06   3.2736e+02
20251221_09:00:00   1.1049e-01   3.0186e+01   6.5366e+00   0.0000e+00   0.0000e+00   3.2750e+02
20251221_12:00:00   1.0639e-01   2.9204e+01   6.1425e+00   0.0000e+00   0.0000e+00   3.3882e+02
20251221_15:00:00   1.2436e-01   3.3461e+01   8.7101e+00   0.0000e+00   5.1241e-04   3.4163e+02
20251221_18:00:00   1.4831e-01   3.9137e+01   1.1910e+01   0.0000e+00   4.5778e-03   3.4331e+02
20251221_21:00:00   1.5537e-01   4.0902e+01   1.2842e+01   0.0000e+00   1.2211e-02   3.2599e+02
20251222_00:00:00   1.6020e-01   4.2212e+01   1.3450e+01   0.0000e+00   1.3436e-02   3.2223e+02
20251222_03:00:00   1.8119e-01   4.7127e+01   1.5888e+01   0.0000e+00   8.8403e-02   3.2010e+02
20251222_06:00:00   2.9943e-01   7.2818e+01   1.8419e+01   1.1077e-01   8.9746e-02   3.2500e+02
20251222_09:00:00   3.4022e-01   8.0857e+01   1.9191e+01   1.4932e-01   1.1601e-01   3.1892e+02
20251222_12:00:00   2.5441e-01   6.3382e+01   1.9902e+01   4.2893e-02   1.7809e-03   3.1086e+02
20251222_15:00:00   3.5125e-01   8.2857e+01   2.0345e+01   1.4820e-01   4.7731e-03   3.1058e+02
20251222_18:00:00   8.1274e-01   1.5263e+02   1.2223e+01   7.3651e-01   1.7643e-02   3.0460e+02
20251222_21:00:00   1.2285e-01   3.3200e+01   7.5952e+00   1.0650e-04   3.8523e-03   3.0059e+02
20251223_00:00:00   9.2919e-02   2.5871e+01   3.7163e+00   0.0000e+00   3.3583e-03   3.0300e+02
20251223_03:00:00   8.8883e-02   2.4820e+01   3.2408e+00   0.0000e+00   2.2060e-03   3.0682e+02
20251223_06:00:00   8.8530e-02   2.4709e+01   3.2563e+00   0.0000e+00   1.0962e-06   3.0384e+02
20251223_09:00:00   9.5117e-02   2.6237e+01   4.4400e+00   0.0000e+00   1.5150e-04   2.9817e+02
20251223_12:00:00   9.9787e-02   2.7330e+01   5.2533e+00   0.0000e+00   1.3104e-03   2.9772e+02
20251223_15:00:00   1.0855e-01   2.9406e+01   6.8065e+00   0.0000e+00   3.0174e-02   2.9260e+02
20251223_18:00:00   1.2995e-01   3.4454e+01   9.7701e+00   0.0000e+00   2.6389e-02   2.8381e+02
20251223_21:00:00   1.2485e-01   3.3387e+01   9.3891e+00   0.0000e+00   8.8102e-03   2.8505e+02
20251224_00:00:00   1.2407e-01   3.3334e+01   9.4248e+00   0.0000e+00   2.7514e-02   2.7782e+02
20251224_03:00:00   1.3900e-01   3.6909e+01   1.1521e+01   0.0000e+00   7.8345e-03   2.8014e+02
20251224_06:00:00   1.4224e-01   3.7820e+01   1.1979e+01   0.0000e+00   2.9971e-03   2.7865e+02
20251224_09:00:00   1.5662e-01   4.1395e+01   1.3781e+01   0.0000e+00   0.0000e+00   2.7366e+02
20251224_12:00:00   1.7431e-01   4.5659e+01   1.5781e+01   0.0000e+00   0.0000e+00   2.7486e+02
20251224_15:00:00   1.8381e-01   4.8026e+01   1.6822e+01   0.0000e+00   9.6339e-04   2.7295e+02
20251224_18:00:00   1.9777e-01   5.1490e+01   1.8394e+01   0.0000e+00   4.4699e-04   2.7234e+02
20251224_21:00:00   2.0066e-01   5.2256e+01   1.8738e+01   0.0000e+00   7.7960e-04   2.8202e+02
20251225_00:00:00   2.8134e-01   6.9953e+01   2.0549e+01   7.1300e-02   2.6674e-03   2.8505e+02
20251225_03:00:00   2.6445e-01   6.6465e+01   2.2093e+01   3.4260e-02   1.2132e-02   2.7963e+02
20251225_06:00:00   2.5146e-01   6.3439e+01   2.2942e+01   9.2729e-03   1.9933e-02   2.8315e+02
20251225_09:00:00   2.3443e-01   5.9610e+01   2.2393e+01   1.9662e-05   5.0017e-03   2.8770e+02
20251225_12:00:00   5.5454e-01   1.2023e+02   2.4717e+01   3.4656e-01   4.0839e-04   2.9374e+02
20251225_15:00:00   1.2783e+00   2.0177e+02   2.4709e+01   1.1769e+00   2.0996e-05   2.9409e+02
20251225_18:00:00   4.5636e-01   1.0258e+02   1.5312e+01   3.0852e-01   6.1290e-03   3.0274e+02
20251225_21:00:00   1.6166e-01   4.2282e+01   1.2339e+01   3.0819e-03   2.3291e-02   3.1201e+02
20251226_00:00:00   1.2004e-01   3.2017e+01   7.5334e+00   3.7320e-04   6.6368e-02   3.3447e+02
20251226_03:00:00   1.0174e-01   2.7375e+01   4.6472e+00   0.0000e+00   1.9303e-02   3.5530e+02
20251226_06:00:00   9.5172e-02   2.5652e+01   3.2927e+00   0.0000e+00   1.3090e-05   3.7339e+02
20251226_09:00:00   9.2662e-02   2.4909e+01   2.6708e+00   0.0000e+00   4.3784e-05   3.9462e+02
20251226_12:00:00   8.7734e-02   2.3721e+01   1.8967e+00   0.0000e+00   5.4836e-04   3.8868e+02
20251226_15:00:00   8.6103e-02   2.3443e+01   1.9747e+00   0.0000e+00   1.2388e-06   3.5331e+02
20251226_18:00:00   9.0227e-02   2.4523e+01   2.9642e+00   0.0000e+00   0.0000e+00   3.4499e+02
20251226_21:00:00   9.5495e-02   2.5848e+01   4.0174e+00   0.0000e+00   0.0000e+00   3.4579e+02
20251227_00:00:00   9.9719e-02   2.6947e+01   4.8733e+00   0.0000e+00   0.0000e+00   3.4776e+02
20251227_03:00:00   1.0426e-01   2.8089e+01   5.5962e+00   0.0000e+00   1.1383e-02   3.4264e+02
20251227_06:00:00   1.1352e-01   3.0307e+01   7.2508e+00   0.0000e+00   4.9967e-02   3.3556e+02
20251227_09:00:00   1.1177e-01   3.0010e+01   7.1496e+00   0.0000e+00   3.9668e-02   3.3871e+02
20251227_12:00:00   1.0861e-01   2.9461e+01   6.8315e+00   0.0000e+00   1.1076e-03   3.2596e+02
20251227_15:00:00   1.1758e-01   3.1675e+01   8.3819e+00   0.0000e+00   9.9163e-02   3.2322e+02
20251227_18:00:00   1.2595e-01   3.3788e+01   9.7858e+00   0.0000e+00   9.1387e-04   3.1312e+02
20251227_21:00:00   1.2556e-01   3.3926e+01   9.7958e+00   0.0000e+00   6.8015e-03   3.1417e+02
20251228_00:00:00   1.2686e-01   3.4343e+01   1.0160e+01   0.0000e+00   6.3971e-03   3.1713e+02
20251228_03:00:00   1.3814e-01   3.7034e+01   1.1832e+01   0.0000e+00   3.8657e-03   3.1747e+02
20251228_06:00:00   1.4995e-01   3.9751e+01   1.3533e+01   0.0000e+00   1.5827e-01   3.1377e+02
