#            date       tau255        Tb[K]      pwv[mm] lwp[kg*m^-2] iwp[kg*m^-2]       o3[DU]
20260625_18:00:00   2.4779e-01   6.4267e+01   2.2816e+01   2.2440e-03   2.2712e-03   3.4099e+02
20260625_19:00:00   2.7003e-01   6.9139e+01   2.3562e+01   2.0342e-02   8.1893e-03   3.3759e+02
20260625_20:00:00   2.7876e-01   7.1085e+01   2.3262e+01   3.2640e-02   8.2344e-03   3.3611e+02
20260625_21:00:00   2.6875e-01   6.9013e+01   2.3287e+01   2.1181e-02   1.2510e-03   3.3561e+02
20260625_22:00:00   2.3401e-01   6.1467e+01   2.1703e+01   0.0000e+00   1.2835e-03   3.3606e+02
20260625_23:00:00   2.4180e-01   6.3114e+01   2.2886e+01   0.0000e+00   6.1770e-03   3.3649e+02
20260626_00:00:00   2.5129e-01   6.5126e+01   2.4144e+01   0.0000e+00   8.0701e-03   3.3568e+02
20260626_01:00:00   2.4552e-01   6.3867e+01   2.3600e+01   0.0000e+00   4.7519e-03   3.3381e+02
20260626_02:00:00   2.3830e-01   6.2239e+01   2.2900e+01   0.0000e+00   1.1843e-03   3.3301e+02
20260626_03:00:00   2.3649e-01   6.1757e+01   2.2883e+01   0.0000e+00   1.2071e-02   3.3378e+02
20260626_04:00:00   2.4932e-01   6.4486e+01   2.4430e+01   0.0000e+00   5.7872e-02   3.3464e+02
20260626_05:00:00   2.6087e-01   6.6935e+01   2.5962e+01   0.0000e+00   9.1651e-02   3.3359e+02
20260626_06:00:00   2.7973e-01   7.0863e+01   2.8544e+01   0.0000e+00   9.7070e-02   3.3169e+02
20260626_07:00:00   3.0062e-01   7.5100e+01   3.0932e+01   5.8660e-04   1.7606e-01   3.2720e+02
20260626_08:00:00   3.3384e-01   8.1594e+01   3.4001e+01   8.0462e-03   5.1995e-01   3.2709e+02
20260626_09:00:00   3.4269e-01   8.3318e+01   3.5255e+01   4.5347e-03   4.9508e-01   3.3070e+02
20260626_10:00:00   6.7490e-01   1.3751e+02   3.6489e+01   3.6366e-01   3.4132e-01   3.3040e+02
20260626_11:00:00   1.2066e+00   1.9409e+02   3.7826e+01   9.4838e-01   5.0906e-01   3.3037e+02
20260626_12:00:00   1.0885e+00   1.8402e+02   3.7891e+01   8.1154e-01   1.6514e-01   3.3132e+02
20260626_13:00:00   1.0987e+00   1.8538e+02   3.8895e+01   8.1843e-01   1.5246e-01   3.3084e+02
20260626_14:00:00   1.0336e+00   1.7921e+02   3.9802e+01   7.3256e-01   7.0881e-01   3.3113e+02
20260626_15:00:00   1.0718e+00   1.8271e+02   3.8725e+01   7.8454e-01   4.0344e-01   3.3359e+02
20260626_16:00:00   7.9465e-01   1.5342e+02   3.8843e+01   4.7368e-01   2.8362e-01   3.3484e+02
20260626_17:00:00   8.0197e-01   1.5461e+02   3.7908e+01   4.8790e-01   1.2075e-01   3.4182e+02
20260626_18:00:00   8.5005e-01   1.6063e+02   3.7693e+01   5.4109e-01   1.8296e-02   3.4507e+02
20260626_19:00:00   9.9556e-01   1.7630e+02   3.8321e+01   6.9415e-01   2.9862e-03   3.4356e+02
20260626_20:00:00   6.8164e-01   1.3953e+02   3.7813e+01   3.4127e-01   8.6480e-05   3.4120e+02
20260626_21:00:00   4.6489e-01   1.0630e+02   3.7481e+01   9.8412e-02   1.1034e-05   3.4082e+02
20260626_22:00:00   4.4481e-01   1.0302e+02   3.6596e+01   8.6392e-02   2.5980e-05   3.3831e+02
20260626_23:00:00   4.2188e-01   9.9017e+01   3.5296e+01   7.0547e-02   0.0000e+00   3.3882e+02
20260627_00:00:00   4.5274e-01   1.0461e+02   3.4137e+01   1.1714e-01   0.0000e+00   3.3708e+02
20260627_01:00:00   4.6342e-01   1.0653e+02   3.3594e+01   1.3574e-01   0.0000e+00   3.3684e+02
20260627_02:00:00   4.5187e-01   1.0453e+02   3.3757e+01   1.2322e-01   0.0000e+00   3.3686e+02
20260627_03:00:00   3.5137e-01   8.5721e+01   3.3596e+01   6.9760e-03   0.0000e+00   3.3808e+02
20260627_04:00:00   3.4302e-01   8.4116e+01   3.3220e+01   0.0000e+00   0.0000e+00   3.3633e+02
20260627_05:00:00   3.3541e-01   8.2690e+01   3.2358e+01   0.0000e+00   0.0000e+00   3.3586e+02
20260627_06:00:00   3.4000e-01   8.3547e+01   3.2881e+01   0.0000e+00   0.0000e+00   3.4364e+02
20260627_07:00:00   3.3884e-01   8.3316e+01   3.2722e+01   0.0000e+00   0.0000e+00   3.4154e+02
20260627_08:00:00   3.3330e-01   8.2268e+01   3.1926e+01   2.4617e-04   0.0000e+00   3.3663e+02
20260627_09:00:00   3.2924e-01   8.1515e+01   3.1283e+01   1.5437e-03   0.0000e+00   3.2950e+02
20260627_10:00:00   3.3090e-01   8.1847e+01   3.1445e+01   2.6833e-03   0.0000e+00   3.3059e+02
20260627_11:00:00   3.2659e-01   8.1034e+01   3.1183e+01   3.7260e-03   0.0000e+00   3.2823e+02
20260627_12:00:00   3.3852e-01   8.3477e+01   3.1355e+01   1.6370e-02   0.0000e+00   3.2469e+02
20260627_13:00:00   3.7602e-01   9.1025e+01   3.1159e+01   6.3140e-02   0.0000e+00   3.2380e+02
20260627_14:00:00   4.3320e-01   1.0195e+02   3.1392e+01   1.3048e-01   5.7827e-04   3.2314e+02
20260627_15:00:00   3.9631e-01   9.5159e+01   3.1047e+01   8.8120e-02   3.1742e-03   3.2278e+02
20260627_16:00:00   3.2188e-01   8.0542e+01   3.0546e+01   3.8576e-03   7.4930e-03   3.2375e+02
20260627_17:00:00   3.2513e-01   8.1456e+01   2.9830e+01   1.6635e-02   5.9701e-03   3.2202e+02
20260627_18:00:00   3.5963e-01   8.8533e+01   3.1422e+01   4.7430e-02   9.6830e-03   3.2010e+02
20260627_19:00:00   4.1671e-01   9.9574e+01   3.3880e+01   9.9291e-02   5.6892e-02   3.1702e+02
20260627_20:00:00   3.8036e-01   9.2428e+01   3.6146e+01   2.8787e-02   3.1339e-02   3.1516e+02
20260627_21:00:00   5.0457e-01   1.1515e+02   3.9552e+01   1.4800e-01   8.7162e-02   3.1455e+02
20260627_22:00:00   4.3877e-01   1.0333e+02   4.2005e+01   4.2851e-02   5.3965e-01   3.1405e+02
20260627_23:00:00   7.4941e-01   1.4937e+02   4.5378e+01   3.5746e-01   4.9561e-01   3.1254e+02
20260628_00:00:00   6.1796e-01   1.3196e+02   4.4724e+01   2.2016e-01   6.9576e-03   3.1184e+02
20260628_01:00:00   4.5353e-01   1.0622e+02   4.5843e+01   5.3437e-03   3.6957e-05   3.1206e+02
20260628_02:00:00   4.7830e-01   1.1062e+02   4.8085e+01   5.2258e-03   1.4570e-04   3.1595e+02
20260628_03:00:00   4.7919e-01   1.1081e+02   4.8905e+01   0.0000e+00   3.7914e-02   3.1268e+02
20260628_04:00:00   5.0784e-01   1.1569e+02   5.0722e+01   8.4843e-03   2.6822e-02   3.1724e+02
20260628_05:00:00   6.0078e-01   1.3031e+02   5.3639e+01   8.9920e-02   4.1808e-01   3.1553e+02
20260628_06:00:00   6.2615e-01   1.3432e+02   5.5826e+01   8.7976e-02   9.2417e-01   3.1101e+02
20260628_07:00:00   5.3317e-01   1.2038e+02   5.4290e+01   1.0632e-03   5.0588e-02   3.2100e+02
20260628_08:00:00   5.2655e-01   1.1955e+02   5.1903e+01   7.6132e-03   1.6619e-03   3.2342e+02
20260628_09:00:00   5.5378e-01   1.2444e+02   5.0091e+01   5.0069e-02   0.0000e+00   3.2526e+02
20260628_10:00:00   5.6383e-01   1.2655e+02   4.7240e+01   1.0088e-01   0.0000e+00   3.2254e+02
20260628_11:00:00   5.2647e-01   1.2045e+02   4.4072e+01   1.0419e-01   0.0000e+00   3.2054e+02
20260628_12:00:00   4.8668e-01   1.1340e+02   4.3783e+01   7.5800e-02   5.4901e-04   3.1795e+02
20260628_13:00:00   4.8243e-01   1.1263e+02   4.4036e+01   7.0987e-02   0.0000e+00   3.1740e+02
20260628_14:00:00   4.7417e-01   1.1129e+02   4.4006e+01   6.6296e-02   2.2140e-06   3.1663e+02
20260628_15:00:00   4.5419e-01   1.0765e+02   4.5008e+01   2.9218e-02   0.0000e+00   3.1449e+02
20260628_16:00:00   4.5388e-01   1.0773e+02   4.6303e+01   8.3483e-03   0.0000e+00   3.1317e+02
20260628_17:00:00   4.4851e-01   1.0702e+02   4.6494e+01   3.5218e-04   0.0000e+00   3.1268e+02
20260628_18:00:00   4.4645e-01   1.0687e+02   4.6548e+01   0.0000e+00   0.0000e+00   3.1251e+02
20260628_19:00:00   4.5262e-01   1.0813e+02   4.7458e+01   0.0000e+00   0.0000e+00   3.1169e+02
20260628_20:00:00   4.5879e-01   1.0944e+02   4.7945e+01   0.0000e+00   0.0000e+00   3.1068e+02
20260628_21:00:00   4.6807e-01   1.1131e+02   4.8206e+01   5.0660e-05   0.0000e+00   3.1166e+02
20260628_22:00:00   4.6414e-01   1.1074e+02   4.7709e+01   4.9280e-06   0.0000e+00   3.1154e+02
20260628_23:00:00   4.6818e-01   1.1152e+02   4.7930e+01   0.0000e+00   0.0000e+00   3.0949e+02
20260629_00:00:00   4.7325e-01   1.1247e+02   4.7959e+01   0.0000e+00   0.0000e+00   3.0916e+02
20260629_01:00:00   4.6907e-01   1.1172e+02   4.7288e+01   7.9720e-05   0.0000e+00   3.0971e+02
20260629_02:00:00   4.6008e-01   1.1004e+02   4.6156e+01   2.4640e-06   0.0000e+00   3.0985e+02
20260629_03:00:00   4.3974e-01   1.0622e+02   4.4107e+01   0.0000e+00   0.0000e+00   3.1097e+02
20260629_04:00:00   4.1036e-01   1.0056e+02   4.1351e+01   0.0000e+00   0.0000e+00   3.1185e+02
20260629_05:00:00   3.9166e-01   9.6844e+01   3.9577e+01   0.0000e+00   0.0000e+00   3.1154e+02
20260629_06:00:00   3.7321e-01   9.3176e+01   3.7638e+01   0.0000e+00   1.9662e-05   3.1108e+02
20260629_07:00:00   3.5053e-01   8.8554e+01   3.5741e+01   0.0000e+00   1.9100e-04   3.1155e+02
20260629_08:00:00   3.4317e-01   8.6874e+01   3.5769e+01   0.0000e+00   2.3560e-03   3.1141e+02
20260629_09:00:00   3.4427e-01   8.6893e+01   3.6573e+01   0.0000e+00   2.9820e-03   3.0883e+02
20260629_10:00:00   3.3688e-01   8.5285e+01   3.6146e+01   0.0000e+00   2.9741e-03   3.0970e+02
20260629_11:00:00   3.4694e-01   8.7303e+01   3.6956e+01   0.0000e+00   8.7220e-03   3.0968e+02
20260629_12:00:00   3.3495e-01   8.4949e+01   3.5735e+01   0.0000e+00   2.3141e-02   3.0909e+02
20260629_13:00:00   3.3452e-01   8.4851e+01   3.5564e+01   0.0000e+00   2.4211e-02   3.0880e+02
20260629_14:00:00   3.2744e-01   8.3427e+01   3.4722e+01   0.0000e+00   7.5676e-03   3.0959e+02
20260629_15:00:00   3.3257e-01   8.4584e+01   3.5043e+01   0.0000e+00   5.4492e-03   3.0989e+02
20260629_16:00:00   3.4244e-01   8.6696e+01   3.6154e+01   0.0000e+00   1.1950e-02   3.0985e+02
20260629_17:00:00   3.5624e-01   8.9636e+01   3.7383e+01   0.0000e+00   2.1608e-02   3.0957e+02
20260629_18:00:00   3.7148e-01   9.2876e+01   3.8512e+01   0.0000e+00   1.7657e-02   3.1029e+02
20260629_19:00:00   3.7647e-01   9.4013e+01   3.8934e+01   0.0000e+00   3.2104e-02   3.0973e+02
20260629_20:00:00   3.8635e-01   9.6097e+01   3.9662e+01   0.0000e+00   2.3384e-02   3.0857e+02
20260629_21:00:00   3.9528e-01   9.7982e+01   4.0041e+01   0.0000e+00   2.5237e-02   3.0826e+02
20260629_22:00:00   3.9054e-01   9.7095e+01   3.9294e+01   0.0000e+00   9.4380e-03   3.0915e+02
20260629_23:00:00   3.8407e-01   9.5799e+01   3.8408e+01   0.0000e+00   7.4087e-03   3.0887e+02
20260630_00:00:00   3.7066e-01   9.3056e+01   3.6875e+01   0.0000e+00   1.2704e-02   3.0691e+02
20260630_01:00:00   3.5195e-01   8.9204e+01   3.4531e+01   0.0000e+00   1.4149e-03   3.0303e+02
20260630_02:00:00   3.4812e-01   8.8335e+01   3.4069e+01   0.0000e+00   3.9448e-03   3.0083e+02
20260630_03:00:00   3.4323e-01   8.7279e+01   3.3679e+01   0.0000e+00   1.3924e-02   2.9976e+02
20260630_04:00:00   3.4508e-01   8.7614e+01   3.3752e+01   0.0000e+00   1.4666e-02   2.9825e+02
20260630_05:00:00   3.4548e-01   8.7658e+01   3.3773e+01   0.0000e+00   3.5286e-03   2.9791e+02
20260630_06:00:00   3.2531e-01   8.3416e+01   3.1862e+01   0.0000e+00   8.2460e-05   2.9982e+02
20260630_07:00:00   3.3086e-01   8.4609e+01   3.2229e+01   0.0000e+00   0.0000e+00   3.0013e+02
20260630_08:00:00   3.2539e-01   8.3403e+01   3.2109e+01   0.0000e+00   0.0000e+00   3.0146e+02
20260630_09:00:00   3.2330e-01   8.2938e+01   3.2056e+01   0.0000e+00   5.2020e-07   3.0047e+02
20260630_10:00:00   3.2346e-01   8.2964e+01   3.2261e+01   0.0000e+00   1.5546e-04   3.0015e+02
20260630_11:00:00   3.2745e-01   8.3747e+01   3.2915e+01   0.0000e+00   7.9740e-04   3.0071e+02
20260630_12:00:00   3.3211e-01   8.4657e+01   3.3462e+01   0.0000e+00   1.0178e-03   3.0023e+02
20260630_13:00:00   3.3112e-01   8.4425e+01   3.3627e+01   0.0000e+00   1.6648e-04   2.9887e+02
20260630_14:00:00   3.4728e-01   8.7692e+01   3.5256e+01   0.0000e+00   1.4658e-04   2.9969e+02
20260630_15:00:00   3.4885e-01   8.8101e+01   3.5446e+01   0.0000e+00   0.0000e+00   2.9873e+02
20260630_16:00:00   3.5803e-01   9.0045e+01   3.6307e+01   0.0000e+00   0.0000e+00   2.9834e+02
20260630_17:00:00   3.7312e-01   9.3155e+01   3.8046e+01   0.0000e+00   0.0000e+00   2.9888e+02
20260630_18:00:00   3.7215e-01   9.3162e+01   3.7536e+01   0.0000e+00   0.0000e+00   3.0077e+02
20260630_21:00:00   3.8171e-01   9.5483e+01   3.8023e+01   0.0000e+00   0.0000e+00   3.0278e+02
20260701_00:00:00   4.2183e-01   1.0326e+02   4.1695e+01   0.0000e+00   0.0000e+00   3.0106e+02
20260701_03:00:00   3.8231e-01   9.5452e+01   3.7925e+01   0.0000e+00   0.0000e+00   2.9991e+02
20260701_06:00:00   3.2674e-01   8.3765e+01   3.3435e+01   0.0000e+00   0.0000e+00   2.9805e+02
20260701_09:00:00   2.8680e-01   7.5006e+01   2.9327e+01   0.0000e+00   0.0000e+00   3.0187e+02
20260701_12:00:00   3.1385e-01   8.0809e+01   3.1845e+01   0.0000e+00   0.0000e+00   3.0052e+02
20260701_15:00:00   3.4174e-01   8.6581e+01   3.5186e+01   0.0000e+00   0.0000e+00   3.0013e+02
20260701_18:00:00   3.6030e-01   9.0660e+01   3.6920e+01   0.0000e+00   0.0000e+00   2.9905e+02
20260701_21:00:00   3.4849e-01   8.8504e+01   3.5465e+01   0.0000e+00   0.0000e+00   3.0366e+02
20260702_00:00:00   3.5134e-01   8.9066e+01   3.5986e+01   0.0000e+00   0.0000e+00   3.0818e+02
20260702_03:00:00   3.5778e-01   9.0263e+01   3.6990e+01   0.0000e+00   0.0000e+00   3.0523e+02
20260702_06:00:00   4.1860e-01   1.0207e+02   4.3088e+01   0.0000e+00   6.8740e-05   3.1161e+02
20260702_09:00:00   4.2927e-01   1.0390e+02   4.4492e+01   0.0000e+00   3.0671e-03   3.0984e+02
20260702_12:00:00   4.1828e-01   1.0139e+02   4.4705e+01   0.0000e+00   1.8320e-03   3.1156e+02
20260702_15:00:00   4.1393e-01   1.0069e+02   4.3602e+01   0.0000e+00   6.7621e-06   3.1581e+02
20260702_18:00:00   4.6303e-01   1.1009e+02   4.7690e+01   0.0000e+00   0.0000e+00   3.1668e+02
20260702_21:00:00   4.8770e-01   1.1495e+02   4.8872e+01   0.0000e+00   2.7582e-04   3.1961e+02
20260703_00:00:00   4.6770e-01   1.1131e+02   4.7871e+01   0.0000e+00   5.5340e-06   3.2075e+02
20260703_03:00:00   4.6043e-01   1.0990e+02   4.6948e+01   0.0000e+00   0.0000e+00   3.1670e+02
20260703_06:00:00   4.2898e-01   1.0387e+02   4.3116e+01   0.0000e+00   6.3597e-03   3.1838e+02
20260703_09:00:00   4.2060e-01   1.0157e+02   4.4436e+01   0.0000e+00   1.7615e-02   3.1592e+02
20260703_12:00:00   3.6512e-01   9.0038e+01   4.0774e+01   0.0000e+00   1.7734e-03   3.1483e+02
20260703_15:00:00   4.1300e-01   9.9194e+01   4.5586e+01   3.0040e-04   4.1116e-02   3.1310e+02
20260703_18:00:00   8.1354e-01   1.5835e+02   4.7741e+01   4.2690e-01   1.5886e-02   3.1373e+02
20260703_21:00:00   4.6518e-01   1.0881e+02   4.7811e+01   2.2407e-02   1.8946e-04   3.1341e+02
20260704_00:00:00   4.6868e-01   1.0992e+02   4.8489e+01   6.2840e-05   2.9940e-04   3.1310e+02
20260704_03:00:00   4.4557e-01   1.0580e+02   4.6230e+01   0.0000e+00   2.8917e-03   3.1379e+02
20260704_06:00:00   4.4452e-01   1.0556e+02   4.6067e+01   0.0000e+00   0.0000e+00   3.1366e+02
20260704_09:00:00   4.4823e-01   1.0615e+02   4.5738e+01   0.0000e+00   0.0000e+00   3.1433e+02
20260704_12:00:00   4.4485e-01   1.0559e+02   4.4848e+01   0.0000e+00   0.0000e+00   3.1579e+02
20260704_15:00:00   4.5009e-01   1.0676e+02   4.5501e+01   0.0000e+00   4.6820e-06   3.1495e+02
20260704_18:00:00   4.4017e-01   1.0539e+02   4.5159e+01   0.0000e+00   0.0000e+00   3.1461e+02
20260704_21:00:00   4.5477e-01   1.0849e+02   4.5723e+01   5.5320e-04   0.0000e+00   3.1459e+02
20260705_00:00:00   4.2725e-01   1.0353e+02   4.4093e+01   0.0000e+00   0.0000e+00   3.1585e+02
20260705_03:00:00   4.0612e-01   9.9443e+01   4.2084e+01   0.0000e+00   0.0000e+00   3.1328e+02
20260705_06:00:00   3.9314e-01   9.6703e+01   4.1570e+01   0.0000e+00   0.0000e+00   3.1279e+02
20260705_09:00:00   4.1354e-01   1.0020e+02   4.3921e+01   0.0000e+00   5.2020e-07   3.0871e+02
20260705_12:00:00   4.3153e-01   1.0350e+02   4.5836e+01   0.0000e+00   0.0000e+00   3.0860e+02
20260705_15:00:00   4.5206e-01   1.0764e+02   4.7008e+01   0.0000e+00   0.0000e+00   3.1622e+02
20260705_18:00:00   5.1411e-01   1.1892e+02   5.3493e+01   0.0000e+00   2.3774e-05   3.1498e+02
20260705_21:00:00   1.1758e+00   1.9810e+02   5.8182e+01   6.8066e-01   2.3704e-02   3.1496e+02
20260706_00:00:00   5.4829e-01   1.2375e+02   5.3949e+01   3.6876e-02   1.6862e-01   3.1336e+02
20260706_03:00:00   4.3591e-01   1.0468e+02   4.7177e+01   0.0000e+00   8.4919e-03   3.1207e+02
20260706_06:00:00   4.4926e-01   1.0694e+02   4.8290e+01   1.1068e-05   1.1198e-04   3.1567e+02
20260706_09:00:00   4.5348e-01   1.0758e+02   4.7864e+01   0.0000e+00   0.0000e+00   3.1892e+02
20260706_12:00:00   4.4994e-01   1.0707e+02   4.6445e+01   0.0000e+00   0.0000e+00   3.2224e+02
20260706_15:00:00   4.6126e-01   1.0947e+02   4.6314e+01   0.0000e+00   1.2782e-05   3.2036e+02
20260706_18:00:00   4.4128e-01   1.0661e+02   4.3180e+01   0.0000e+00   5.2020e-07   3.1854e+02
20260706_21:00:00   5.1782e-01   1.2061e+02   4.7510e+01   2.3681e-02   2.3220e-05   3.1898e+02
20260707_00:00:00   4.9158e-01   1.1586e+02   4.6815e+01   8.7140e-03   1.4624e-04   3.1980e+02
20260707_03:00:00   4.1187e-01   1.0097e+02   3.9538e+01   0.0000e+00   1.3074e-04   3.2266e+02
20260707_06:00:00   4.3251e-01   1.0412e+02   4.2018e+01   0.0000e+00   0.0000e+00   3.2305e+02
20260707_09:00:00   4.2414e-01   1.0196e+02   4.3559e+01   0.0000e+00   2.9083e-03   3.2084e+02
20260707_12:00:00   4.1900e-01   1.0062e+02   4.4102e+01   0.0000e+00   2.6737e-04   3.2087e+02
20260707_15:00:00   4.2006e-01   1.0098e+02   4.3881e+01   0.0000e+00   8.9335e-05   3.1719e+02
20260707_18:00:00   4.3757e-01   1.0464e+02   4.5245e+01   0.0000e+00   5.7680e-05   3.1641e+02
20260707_21:00:00   4.7420e-01   1.1154e+02   4.9043e+01   0.0000e+00   7.1944e-05   3.1607e+02
20260708_00:00:00   4.9328e-01   1.1499e+02   5.0705e+01   0.0000e+00   2.5128e-03   3.1570e+02
20260708_03:00:00   4.5048e-01   1.0742e+02   4.6292e+01   0.0000e+00   0.0000e+00   3.1609e+02
20260708_06:00:00   4.5410e-01   1.0785e+02   4.6261e+01   0.0000e+00   1.5090e-03   3.1688e+02
20260708_09:00:00   4.5774e-01   1.0791e+02   4.7477e+01   0.0000e+00   4.4286e-02   3.1547e+02
20260708_12:00:00   5.3339e-01   1.2021e+02   5.3265e+01   1.8569e-02   2.1332e-01   3.1473e+02
20260708_15:00:00   5.3196e-01   1.1966e+02   5.3421e+01   1.4019e-02   3.9383e-01   3.1587e+02
20260708_18:00:00   4.2076e-01   1.0106e+02   4.3809e+01   0.0000e+00   1.8033e-01   3.1828e+02
20260708_21:00:00   4.2370e-01   1.0234e+02   4.0788e+01   1.6184e-03   2.7214e-02   3.2469e+02
20260709_00:00:00   4.0971e-01   1.0007e+02   3.8802e+01   0.0000e+00   1.9495e-02   3.2422e+02
20260709_03:00:00   4.1758e-01   1.0151e+02   4.0110e+01   0.0000e+00   2.7543e-03   3.2561e+02
20260709_06:00:00   4.1250e-01   1.0066e+02   3.9035e+01   0.0000e+00   2.3947e-02   3.2087e+02
20260709_09:00:00   4.6025e-01   1.0668e+02   4.5511e+01   5.2883e-02   1.1156e+00   3.1645e+02
20260709_12:00:00   4.4605e-01   1.0476e+02   4.7605e+01   2.7199e-03   6.6681e-01   3.2145e+02
20260709_15:00:00   4.4555e-01   1.0554e+02   4.7711e+01   3.3678e-03   1.7100e-03   3.2202e+02
20260709_18:00:00   4.7173e-01   1.1132e+02   4.6370e+01   3.1354e-04   6.7400e-04   3.2792e+02
20260709_21:00:00   6.8704e-01   1.4698e+02   4.7438e+01   2.4524e-01   3.0980e-03   3.2779e+02
20260710_00:00:00   4.2800e-01   1.0408e+02   4.0189e+01   3.5220e-03   0.0000e+00   3.2757e+02
20260710_03:00:00   4.1189e-01   1.0087e+02   3.8035e+01   0.0000e+00   0.0000e+00   3.3473e+02
20260710_06:00:00   3.3092e-01   8.4521e+01   3.0601e+01   0.0000e+00   3.2400e-03   3.3553e+02
20260710_09:00:00   2.7792e-01   7.2992e+01   2.5633e+01   0.0000e+00   3.0803e-03   3.3489e+02
20260710_12:00:00   2.7920e-01   7.3074e+01   2.5567e+01   0.0000e+00   8.0258e-03   3.3300e+02
20260710_15:00:00   2.7219e-01   7.1620e+01   2.5724e+01   0.0000e+00   7.9792e-04   3.3684e+02
20260710_18:00:00   2.9302e-01   7.6393e+01   2.9122e+01   0.0000e+00   0.0000e+00   3.3765e+02
20260710_21:00:00   2.9265e-01   7.6541e+01   3.0271e+01   0.0000e+00   0.0000e+00   3.3426e+02
20260711_00:00:00   3.2058e-01   8.2670e+01   3.3348e+01   0.0000e+00   0.0000e+00   3.3869e+02
20260711_03:00:00   3.7489e-01   9.3729e+01   3.8719e+01   0.0000e+00   2.0612e-02   3.3260e+02
20260711_06:00:00   4.1100e-01   1.0042e+02   4.1162e+01   0.0000e+00   3.1995e-02   3.2950e+02
20260711_09:00:00   4.1357e-01   1.0074e+02   4.3546e+01   0.0000e+00   9.0777e-04   3.2573e+02
20260711_12:00:00   3.8892e-01   9.5828e+01   4.2105e+01   0.0000e+00   8.2400e-07   3.2834e+02
20260711_15:00:00   3.9288e-01   9.6882e+01   4.1879e+01   0.0000e+00   0.0000e+00   3.2073e+02
20260711_18:00:00   4.2012e-01   1.0258e+02   4.3716e+01   0.0000e+00   0.0000e+00   3.1419e+02
