#            date       tau255        Tb[K]      pwv[mm] lwp[kg*m^-2] iwp[kg*m^-2]       o3[DU]
20260209_06:00:00   1.2375e-01   3.3567e+01   8.3784e+00   0.0000e+00   5.9256e-04   3.2655e+02
20260209_07:00:00   1.2275e-01   3.3346e+01   8.3719e+00   0.0000e+00   2.5950e-03   3.2696e+02
20260209_08:00:00   1.2434e-01   3.3712e+01   8.7363e+00   0.0000e+00   4.6648e-03   3.2444e+02
20260209_09:00:00   1.2559e-01   3.4023e+01   8.8668e+00   0.0000e+00   3.6460e-03   3.2391e+02
20260209_10:00:00   1.2529e-01   3.3969e+01   8.8502e+00   0.0000e+00   4.1799e-03   3.2611e+02
20260209_11:00:00   1.2486e-01   3.3886e+01   8.7339e+00   0.0000e+00   4.3287e-03   3.2850e+02
20260209_12:00:00   1.2697e-01   3.4453e+01   9.1652e+00   0.0000e+00   4.4778e-03   3.3049e+02
20260209_13:00:00   1.3558e-01   3.6459e+01   1.0582e+01   0.0000e+00   9.9052e-03   3.3225e+02
20260209_14:00:00   1.4307e-01   3.8202e+01   1.1721e+01   0.0000e+00   7.9040e-03   3.3156e+02
20260209_15:00:00   1.4851e-01   3.9535e+01   1.2540e+01   0.0000e+00   2.2903e-02   3.3179e+02
20260209_16:00:00   1.4946e-01   3.9781e+01   1.2800e+01   0.0000e+00   4.3059e-02   3.2929e+02
20260209_17:00:00   1.4777e-01   3.9415e+01   1.2713e+01   0.0000e+00   8.2393e-02   3.2850e+02
20260209_18:00:00   1.5214e-01   4.0455e+01   1.3288e+01   0.0000e+00   2.3507e-01   3.2785e+02
20260209_19:00:00   1.5343e-01   4.0792e+01   1.3601e+01   0.0000e+00   9.7968e-02   3.3075e+02
20260209_20:00:00   1.4854e-01   3.9706e+01   1.3075e+01   0.0000e+00   5.0110e-02   3.3011e+02
20260209_21:00:00   1.5127e-01   4.0460e+01   1.3452e+01   0.0000e+00   2.7358e-02   3.2970e+02
20260209_22:00:00   1.5077e-01   4.0425e+01   1.3415e+01   0.0000e+00   3.2698e-02   3.2873e+02
20260209_23:00:00   1.5265e-01   4.0931e+01   1.3695e+01   0.0000e+00   1.1726e-01   3.2856e+02
20260210_00:00:00   1.5565e-01   4.1661e+01   1.4135e+01   0.0000e+00   2.0268e-01   3.2903e+02
20260210_01:00:00   1.5662e-01   4.1962e+01   1.4297e+01   0.0000e+00   1.4550e-01   3.2827e+02
20260210_02:00:00   1.6032e-01   4.2904e+01   1.4677e+01   0.0000e+00   1.4809e-01   3.2435e+02
20260210_03:00:00   1.6551e-01   4.4239e+01   1.5236e+01   0.0000e+00   8.7440e-02   3.2381e+02
20260210_04:00:00   1.6640e-01   4.4548e+01   1.5251e+01   0.0000e+00   3.4690e-02   3.2341e+02
20260210_05:00:00   1.6629e-01   4.4547e+01   1.5198e+01   0.0000e+00   3.8168e-02   3.2178e+02
20260210_06:00:00   1.6753e-01   4.4862e+01   1.5336e+01   0.0000e+00   4.5078e-03   3.2058e+02
20260210_07:00:00   1.7079e-01   4.5650e+01   1.5454e+01   0.0000e+00   1.0135e-04   3.1974e+02
20260210_08:00:00   1.7816e-01   4.7229e+01   1.6049e+01   0.0000e+00   1.2081e-03   3.2038e+02
20260210_09:00:00   1.7401e-01   4.6148e+01   1.5277e+01   0.0000e+00   1.8268e-04   3.2195e+02
20260210_10:00:00   1.6080e-01   4.2862e+01   1.3978e+01   0.0000e+00   4.7664e-04   3.2168e+02
20260210_11:00:00   1.5236e-01   4.0747e+01   1.2932e+01   0.0000e+00   2.9182e-03   3.2105e+02
20260210_12:00:00   1.4976e-01   3.9976e+01   1.2490e+01   0.0000e+00   3.0002e-03   3.2078e+02
20260210_13:00:00   1.4798e-01   3.9472e+01   1.2049e+01   0.0000e+00   7.1976e-03   3.2267e+02
20260210_14:00:00   1.4139e-01   3.7781e+01   1.1182e+01   1.8090e-04   3.2382e-03   3.2323e+02
20260210_15:00:00   1.2856e-01   3.4641e+01   9.6436e+00   0.0000e+00   5.1038e-04   3.2544e+02
20260210_16:00:00   1.1936e-01   3.2429e+01   8.2923e+00   0.0000e+00   2.1354e-03   3.2545e+02
20260210_17:00:00   1.1908e-01   3.2320e+01   8.3530e+00   0.0000e+00   5.4343e-03   3.2581e+02
20260210_18:00:00   1.1758e-01   3.1983e+01   8.0392e+00   0.0000e+00   3.7196e-02   3.2671e+02
20260210_19:00:00   1.1077e-01   3.0401e+01   6.8498e+00   0.0000e+00   5.2877e-02   3.2613e+02
20260210_20:00:00   1.1018e-01   3.0259e+01   6.6789e+00   0.0000e+00   1.4798e-02   3.2408e+02
20260210_21:00:00   1.0896e-01   2.9953e+01   6.5563e+00   0.0000e+00   1.0595e-02   3.2558e+02
20260210_22:00:00   1.0855e-01   2.9853e+01   6.5292e+00   0.0000e+00   1.2415e-03   3.2555e+02
20260210_23:00:00   1.0764e-01   2.9642e+01   6.3692e+00   0.0000e+00   3.8977e-04   3.2766e+02
20260211_00:00:00   1.1060e-01   3.0329e+01   6.7519e+00   0.0000e+00   0.0000e+00   3.2819e+02
20260211_01:00:00   1.0987e-01   3.0165e+01   6.5390e+00   0.0000e+00   0.0000e+00   3.3012e+02
20260211_02:00:00   1.1024e-01   3.0233e+01   6.5812e+00   0.0000e+00   0.0000e+00   3.3185e+02
20260211_03:00:00   1.0918e-01   2.9962e+01   6.4083e+00   0.0000e+00   0.0000e+00   3.3188e+02
20260211_04:00:00   1.0649e-01   2.9310e+01   5.9614e+00   0.0000e+00   0.0000e+00   3.2835e+02
20260211_05:00:00   1.0602e-01   2.9175e+01   5.8797e+00   0.0000e+00   0.0000e+00   3.2753e+02
20260211_06:00:00   1.0509e-01   2.8935e+01   5.6956e+00   0.0000e+00   0.0000e+00   3.2943e+02
20260211_07:00:00   1.0314e-01   2.8454e+01   5.3930e+00   0.0000e+00   0.0000e+00   3.2868e+02
20260211_08:00:00   1.0080e-01   2.7886e+01   5.0341e+00   0.0000e+00   5.9420e-06   3.2696e+02
20260211_09:00:00   1.0012e-01   2.7708e+01   4.9377e+00   0.0000e+00   3.4514e-05   3.2595e+02
20260211_10:00:00   9.8922e-02   2.7412e+01   4.7546e+00   0.0000e+00   0.0000e+00   3.2719e+02
20260211_11:00:00   9.7707e-02   2.7112e+01   4.5318e+00   0.0000e+00   0.0000e+00   3.3104e+02
20260211_12:00:00   9.5943e-02   2.6675e+01   4.2272e+00   0.0000e+00   0.0000e+00   3.3455e+02
20260211_13:00:00   9.5548e-02   2.6569e+01   4.1253e+00   0.0000e+00   8.3611e-05   3.3863e+02
20260211_14:00:00   9.5976e-02   2.6651e+01   4.1912e+00   0.0000e+00   6.1600e-07   3.3939e+02
20260211_15:00:00   9.6212e-02   2.6703e+01   4.2709e+00   0.0000e+00   5.7277e-04   3.3751e+02
20260211_16:00:00   9.7620e-02   2.7031e+01   4.5181e+00   0.0000e+00   0.0000e+00   3.3961e+02
20260211_17:00:00   9.9255e-02   2.7418e+01   4.8271e+00   0.0000e+00   7.6312e-04   3.4257e+02
20260211_18:00:00   1.0102e-01   2.7837e+01   5.1335e+00   0.0000e+00   2.1426e-03   3.4271e+02
20260211_19:00:00   1.0213e-01   2.8113e+01   5.3353e+00   0.0000e+00   2.2911e-03   3.4491e+02
20260211_20:00:00   1.0574e-01   2.8976e+01   5.9331e+00   0.0000e+00   1.8895e-03   3.4206e+02
20260211_21:00:00   1.1082e-01   3.0181e+01   6.6764e+00   0.0000e+00   9.7259e-04   3.4005e+02
20260211_22:00:00   1.1318e-01   3.0750e+01   7.0279e+00   0.0000e+00   9.5814e-04   3.4070e+02
20260211_23:00:00   1.1661e-01   3.1535e+01   7.5298e+00   0.0000e+00   2.8159e-03   3.3935e+02
20260212_00:00:00   1.2009e-01   3.2335e+01   8.0761e+00   0.0000e+00   7.6702e-03   3.4020e+02
20260212_01:00:00   1.2355e-01   3.3150e+01   8.5955e+00   0.0000e+00   8.7936e-03   3.4274e+02
20260212_02:00:00   1.2701e-01   3.3938e+01   9.0624e+00   0.0000e+00   4.8669e-02   3.4297e+02
20260212_03:00:00   1.3278e-01   3.5236e+01   9.8084e+00   0.0000e+00   9.6324e-02   3.4275e+02
20260212_04:00:00   1.3820e-01   3.6461e+01   1.0481e+01   0.0000e+00   1.4072e-01   3.3723e+02
20260212_05:00:00   1.4344e-01   3.7662e+01   1.1105e+01   0.0000e+00   1.7297e-01   3.4015e+02
20260212_06:00:00   1.5239e-01   3.9713e+01   1.2019e+01   0.0000e+00   3.9882e-01   3.4322e+02
20260212_07:00:00   1.6000e-01   4.1441e+01   1.2785e+01   0.0000e+00   5.9049e-01   3.4626e+02
20260212_08:00:00   1.6134e-01   4.1768e+01   1.3024e+01   0.0000e+00   4.4851e-01   3.4491e+02
20260212_09:00:00   1.5790e-01   4.0976e+01   1.2711e+01   0.0000e+00   1.6195e-01   3.4241e+02
20260212_10:00:00   1.5376e-01   4.0081e+01   1.2226e+01   0.0000e+00   8.3909e-02   3.4489e+02
20260212_11:00:00   1.5343e-01   3.9989e+01   1.2156e+01   0.0000e+00   4.6528e-02   3.4515e+02
20260212_12:00:00   1.4546e-01   3.8174e+01   1.1223e+01   0.0000e+00   3.0785e-02   3.4490e+02
20260212_13:00:00   1.4439e-01   3.7897e+01   1.1098e+01   0.0000e+00   6.7530e-02   3.4331e+02
20260212_14:00:00   1.4065e-01   3.7062e+01   1.0687e+01   0.0000e+00   2.1830e-02   3.4000e+02
20260212_15:00:00   1.3932e-01   3.6765e+01   1.0522e+01   0.0000e+00   1.7836e-02   3.4112e+02
20260212_16:00:00   1.4053e-01   3.7064e+01   1.0690e+01   0.0000e+00   1.6076e-02   3.4604e+02
20260212_17:00:00   1.4180e-01   3.7381e+01   1.0794e+01   0.0000e+00   4.6004e-02   3.5640e+02
20260212_18:00:00   1.4562e-01   3.8305e+01   1.1212e+01   0.0000e+00   4.0477e-02   3.6868e+02
20260212_19:00:00   1.5041e-01   3.9426e+01   1.1809e+01   0.0000e+00   3.4980e-02   3.7300e+02
20260212_20:00:00   1.5043e-01   3.9470e+01   1.1771e+01   0.0000e+00   2.8087e-02   3.8010e+02
20260212_21:00:00   1.5015e-01   3.9458e+01   1.1636e+01   1.3560e-04   2.0470e-02   3.8295e+02
20260212_22:00:00   1.5518e-01   4.0629e+01   1.1850e+01   2.8804e-03   9.4220e-02   3.8660e+02
20260212_23:00:00   1.7153e-01   4.4293e+01   1.2045e+01   1.8070e-02   1.5187e-01   3.8490e+02
20260213_00:00:00   1.7812e-01   4.5780e+01   1.2321e+01   2.2217e-02   5.2608e-02   3.8511e+02
20260213_01:00:00   2.6309e-01   6.4042e+01   1.3036e+01   1.0958e-01   2.1831e-02   3.8270e+02
20260213_02:00:00   2.7870e-01   6.7191e+01   1.2984e+01   1.2659e-01   9.2655e-02   3.8471e+02
20260213_03:00:00   3.2342e-01   7.5981e+01   1.2931e+01   1.7771e-01   4.0665e-02   3.8812e+02
20260213_04:00:00   3.9444e-01   8.9393e+01   1.3532e+01   2.5063e-01   1.6102e-01   3.9010e+02
20260213_05:00:00   3.2773e-01   7.7008e+01   1.3653e+01   1.7268e-01   1.1855e-01   3.9124e+02
20260213_06:00:00   2.4352e-01   5.9990e+01   1.3982e+01   7.1700e-02   1.4578e-01   3.9493e+02
20260213_07:00:00   4.1030e-01   9.2410e+01   1.3783e+01   2.5980e-01   2.1598e-01   3.9685e+02
20260213_08:00:00   4.1495e-01   9.3215e+01   1.2799e+01   2.7308e-01   1.9304e-01   3.9343e+02
20260213_09:00:00   2.9451e-01   7.0452e+01   1.1786e+01   1.4533e-01   1.7087e-01   3.9253e+02
20260213_10:00:00   2.2803e-01   5.6888e+01   1.1235e+01   7.6221e-02   5.5510e-02   3.9290e+02
20260213_11:00:00   2.4146e-01   5.9798e+01   1.0764e+01   9.6233e-02   1.9439e-02   3.9297e+02
20260213_12:00:00   2.6619e-01   6.4978e+01   1.0537e+01   1.2740e-01   1.7292e-03   3.8961e+02
20260213_13:00:00   2.7698e-01   6.7150e+01   1.0475e+01   1.4086e-01   1.1963e-03   3.9076e+02
20260213_14:00:00   2.5717e-01   6.3025e+01   1.0340e+01   1.2039e-01   1.3661e-03   3.9069e+02
20260213_15:00:00   2.4481e-01   6.0406e+01   1.0276e+01   1.0724e-01   1.2297e-03   3.9164e+02
20260213_16:00:00   2.5977e-01   6.3517e+01   1.0191e+01   1.2469e-01   1.7511e-03   3.9625e+02
20260213_17:00:00   2.5537e-01   6.2625e+01   1.0068e+01   1.2085e-01   1.5935e-03   3.9989e+02
20260213_18:00:00   2.2702e-01   5.6669e+01   9.8918e+00   9.0773e-02   7.8824e-04   4.0211e+02
20260213_19:00:00   2.2752e-01   5.6770e+01   9.9927e+00   9.0507e-02   1.0901e-03   4.0181e+02
20260213_20:00:00   2.2766e-01   5.6809e+01   9.9624e+00   9.1283e-02   8.6221e-04   3.9816e+02
20260213_21:00:00   2.3931e-01   5.9285e+01   9.9044e+00   1.0511e-01   8.6485e-04   3.9340e+02
20260213_22:00:00   2.4353e-01   6.0190e+01   9.7941e+00   1.1079e-01   6.6844e-04   3.9380e+02
20260213_23:00:00   2.5196e-01   6.1961e+01   9.7050e+00   1.2063e-01   6.7163e-04   3.9784e+02
20260214_00:00:00   2.1238e-01   5.3568e+01   9.4840e+00   7.8088e-02   4.5547e-04   4.0514e+02
20260214_01:00:00   2.0959e-01   5.2944e+01   9.5953e+00   7.3885e-02   4.8189e-04   4.1140e+02
20260214_02:00:00   1.7496e-01   4.5283e+01   9.3010e+00   3.7966e-02   2.4889e-04   4.1386e+02
20260214_03:00:00   2.2669e-01   5.6666e+01   9.0554e+00   9.8320e-02   2.9281e-04   4.1745e+02
20260214_04:00:00   2.4753e-01   6.1116e+01   8.8317e+00   1.2332e-01   4.0694e-04   4.1987e+02
20260214_05:00:00   2.0389e-01   5.1727e+01   8.7937e+00   7.4210e-02   9.5196e-04   4.2248e+02
20260214_06:00:00   2.1199e-01   5.3505e+01   8.4712e+00   8.6150e-02   2.2419e-03   4.2157e+02
20260214_09:00:00   1.5656e-01   4.1180e+01   7.7802e+00   3.1080e-02   9.2721e-04   4.1032e+02
20260214_12:00:00   1.3803e-01   3.6829e+01   8.1916e+00   8.1591e-03   1.4660e-03   3.8782e+02
20260214_15:00:00   1.3408e-01   3.5916e+01   8.9149e+00   0.0000e+00   2.2686e-04   3.8716e+02
20260214_18:00:00   1.3721e-01   3.6796e+01   9.4151e+00   6.0370e-05   0.0000e+00   3.8751e+02
20260214_21:00:00   1.3873e-01   3.7297e+01   9.6447e+00   0.0000e+00   0.0000e+00   3.7909e+02
20260215_00:00:00   1.4297e-01   3.8376e+01   1.0188e+01   0.0000e+00   3.5040e-07   3.6728e+02
20260215_03:00:00   1.4962e-01   3.9910e+01   1.0893e+01   0.0000e+00   2.6220e-06   3.7159e+02
20260215_06:00:00   1.4413e-01   3.8663e+01   1.0306e+01   0.0000e+00   0.0000e+00   3.5764e+02
20260215_09:00:00   1.4014e-01   3.7709e+01   9.8388e+00   0.0000e+00   0.0000e+00   3.5024e+02
20260215_12:00:00   1.3994e-01   3.7660e+01   1.0060e+01   0.0000e+00   0.0000e+00   3.5312e+02
20260215_15:00:00   1.4107e-01   3.7894e+01   1.0410e+01   0.0000e+00   1.5680e-03   3.4736e+02
20260215_18:00:00   1.4174e-01   3.8064e+01   1.0782e+01   0.0000e+00   5.2469e-04   3.3898e+02
20260215_21:00:00   1.3762e-01   3.7214e+01   1.0492e+01   0.0000e+00   5.9083e-04   3.3643e+02
20260216_00:00:00   1.2978e-01   3.5409e+01   9.5728e+00   0.0000e+00   7.2105e-03   3.3362e+02
20260216_03:00:00   1.2550e-01   3.4362e+01   9.1019e+00   0.0000e+00   2.6292e-03   3.3889e+02
20260216_06:00:00   1.2060e-01   3.3125e+01   8.6012e+00   0.0000e+00   5.9099e-03   3.3756e+02
20260216_09:00:00   1.2024e-01   3.2984e+01   8.8497e+00   0.0000e+00   1.9459e-02   3.3922e+02
20260216_12:00:00   1.4037e-01   3.7783e+01   1.1721e+01   0.0000e+00   6.5178e-03   3.3118e+02
20260216_15:00:00   1.7741e-01   4.6604e+01   1.6086e+01   0.0000e+00   9.3419e-02   3.3235e+02
20260216_18:00:00   1.9204e-01   5.0190e+01   1.6999e+01   0.0000e+00   7.3355e-02   3.3243e+02
20260216_21:00:00   1.8183e-01   4.8116e+01   1.5961e+01   0.0000e+00   1.6272e-02   3.3797e+02
20260217_00:00:00   1.8099e-01   4.8087e+01   1.5980e+01   0.0000e+00   3.7252e-02   3.4254e+02
20260217_03:00:00   2.0306e-01   5.3155e+01   1.8461e+01   0.0000e+00   1.2847e-02   3.4876e+02
20260217_06:00:00   2.0648e-01   5.3847e+01   1.8864e+01   0.0000e+00   7.7152e-02   3.5154e+02
20260217_09:00:00   1.8576e-01   4.9142e+01   1.6232e+01   0.0000e+00   2.3349e-03   3.5235e+02
20260217_12:00:00   1.7918e-01   4.7656e+01   1.4497e+01   0.0000e+00   0.0000e+00   3.5183e+02
20260217_15:00:00   1.6325e-01   4.3560e+01   1.2726e+01   0.0000e+00   7.4560e-05   3.4909e+02
20260217_18:00:00   1.1143e-01   3.1110e+01   6.5312e+00   0.0000e+00   0.0000e+00   3.4577e+02
20260217_21:00:00   1.1307e-01   3.1566e+01   6.5183e+00   0.0000e+00   0.0000e+00   3.3837e+02
20260218_00:00:00   1.1291e-01   3.1453e+01   6.4918e+00   0.0000e+00   5.4120e-04   3.3767e+02
20260218_03:00:00   1.1074e-01   3.0830e+01   6.1988e+00   0.0000e+00   0.0000e+00   3.4025e+02
20260218_06:00:00   1.0359e-01   2.9015e+01   5.3003e+00   0.0000e+00   0.0000e+00   3.3579e+02
20260218_09:00:00   1.0118e-01   2.8356e+01   5.0032e+00   0.0000e+00   0.0000e+00   3.3525e+02
20260218_12:00:00   1.0897e-01   3.0126e+01   6.3156e+00   0.0000e+00   3.1510e-05   3.3642e+02
20260218_15:00:00   1.1932e-01   3.2517e+01   8.0904e+00   0.0000e+00   7.5663e-03   3.4117e+02
20260218_18:00:00   1.5409e-01   4.0837e+01   1.2645e+01   2.3860e-03   5.0872e-03   3.3989e+02
20260218_21:00:00   6.2012e-01   1.2719e+02   2.1283e+01   4.4109e-01   7.3291e-01   3.3911e+02
20260219_00:00:00   2.6866e-01   6.6604e+01   2.3357e+01   1.6714e-02   1.8462e-01   3.6268e+02
20260219_03:00:00   4.3769e-01   1.0015e+02   2.3082e+01   2.0956e-01   2.2920e-05   3.6528e+02
20260219_06:00:00   7.7766e-01   1.5328e+02   2.2356e+01   6.3340e-01   4.1854e-03   3.7055e+02
20260219_09:00:00   3.9961e-01   9.4051e+01   2.4478e+01   1.7233e-01   1.1806e-01   3.7089e+02
20260219_12:00:00   9.3885e-01   1.7151e+02   2.2642e+01   8.0916e-01   3.4543e-02   3.6682e+02
20260219_15:00:00   5.3603e-01   1.1526e+02   2.0152e+01   3.5398e-01   7.0832e-03   3.6109e+02
20260219_18:00:00   1.9178e-01   4.9336e+01   1.5176e+01   2.0417e-02   2.3423e-02   3.6163e+02
20260219_21:00:00   4.3136e-01   9.6142e+01   1.2819e+01   3.1535e-01   4.9103e-02   3.5946e+02
20260220_00:00:00   4.8324e-01   1.0450e+02   1.2749e+01   3.6943e-01   2.2664e-01   3.6404e+02
20260220_03:00:00   1.4430e-01   3.8182e+01   1.1591e+01   1.1279e-03   4.6385e-02   3.6799e+02
20260220_06:00:00   1.6418e-01   4.2423e+01   1.3625e+01   9.1750e-04   5.2079e-01   3.7432e+02
20260220_09:00:00   2.5108e-01   6.1162e+01   1.5393e+01   7.3581e-02   5.4814e-01   3.7973e+02
20260220_12:00:00   3.7484e-01   8.5948e+01   1.4174e+01   2.2656e-01   1.4416e-02   3.9013e+02
20260220_15:00:00   1.0554e+00   1.7568e+02   1.2738e+01   9.9739e-01   5.2509e-01   4.1573e+02
20260220_18:00:00   1.4706e-01   3.8108e+01   9.9797e+00   5.2730e-03   2.5811e-01   4.5070e+02
20260220_21:00:00   1.3462e-01   3.5197e+01   8.8385e+00   0.0000e+00   1.9243e-01   4.6948e+02
20260221_00:00:00   1.2996e-01   3.3847e+01   8.1847e+00   0.0000e+00   2.4241e-01   4.8195e+02
20260221_03:00:00   1.2047e-01   3.1451e+01   6.9790e+00   0.0000e+00   1.1069e-01   4.8754e+02
20260221_06:00:00   1.1834e-01   3.0872e+01   6.6673e+00   0.0000e+00   1.3252e-01   4.8187e+02
20260221_09:00:00   1.0911e-01   2.8791e+01   5.4799e+00   0.0000e+00   7.9545e-03   4.7353e+02
20260221_12:00:00   1.0160e-01   2.7090e+01   4.5102e+00   0.0000e+00   3.3779e-03   4.6960e+02
20260221_15:00:00   9.0740e-02   2.4636e+01   2.9505e+00   0.0000e+00   1.9120e-04   4.6274e+02
20260221_18:00:00   1.0235e-01   2.7352e+01   4.8306e+00   0.0000e+00   1.0194e-02   4.5517e+02
20260221_21:00:00   1.2080e-01   3.1651e+01   7.1702e+00   0.0000e+00   2.3772e-01   4.3511e+02
20260222_00:00:00   1.3618e-01   3.5156e+01   8.6635e+00   0.0000e+00   5.8149e-01   4.2632e+02
20260222_03:00:00   1.3182e-01   3.4077e+01   7.9689e+00   0.0000e+00   6.0856e-01   4.2722e+02
20260222_06:00:00   1.2105e-01   3.1720e+01   6.5812e+00   0.0000e+00   4.4388e-02   4.2796e+02
20260222_09:00:00   1.1544e-01   3.0399e+01   5.9175e+00   0.0000e+00   1.8614e-04   4.2990e+02
20260222_12:00:00   1.0413e-01   2.7802e+01   4.3807e+00   0.0000e+00   3.9817e-05   4.1058e+02
20260222_15:00:00   9.8985e-02   2.6579e+01   3.6972e+00   0.0000e+00   9.9546e-04   4.0438e+02
20260222_18:00:00   9.7918e-02   2.6335e+01   3.4766e+00   1.2617e-03   2.2355e-02   3.9631e+02
20260222_21:00:00   9.4343e-02   2.5512e+01   3.3692e+00   0.0000e+00   5.0465e-03   3.9557e+02
20260223_00:00:00   9.3797e-02   2.5404e+01   3.5680e+00   0.0000e+00   1.7338e-05   3.8773e+02
20260223_03:00:00   1.0019e-01   2.6914e+01   4.6563e+00   0.0000e+00   1.6826e-05   3.7485e+02
20260223_06:00:00   1.0944e-01   2.9055e+01   5.9681e+00   0.0000e+00   1.2473e-02   3.7202e+02
20260223_09:00:00   1.1476e-01   3.0316e+01   6.5888e+00   0.0000e+00   2.2334e-03   3.7565e+02
20260223_12:00:00   1.2164e-01   3.1884e+01   7.5200e+00   0.0000e+00   3.7667e-03   3.7377e+02
20260223_15:00:00   1.2568e-01   3.2827e+01   7.8323e+00   0.0000e+00   5.4253e-02   3.7832e+02
20260223_18:00:00   1.3139e-01   3.4168e+01   8.5584e+00   0.0000e+00   7.5037e-02   3.8054e+02
20260223_21:00:00   1.2365e-01   3.2545e+01   7.6498e+00   0.0000e+00   1.0178e-03   3.6995e+02
20260224_00:00:00   1.2421e-01   3.2786e+01   7.8784e+00   0.0000e+00   6.9358e-06   3.6767e+02
20260224_03:00:00   1.2629e-01   3.3362e+01   8.3131e+00   0.0000e+00   3.2924e-04   3.7006e+02
20260224_06:00:00   1.3262e-01   3.4866e+01   9.1956e+00   0.0000e+00   9.0860e-03   3.7213e+02
20260224_09:00:00   2.2719e-01   5.5749e+01   1.0828e+01   9.2320e-02   2.9952e-02   3.7682e+02
20260224_12:00:00   4.4230e-01   9.7041e+01   1.3144e+01   3.1183e-01   6.2865e-02   3.7894e+02
20260224_15:00:00   2.7474e-01   6.6041e+01   1.3409e+01   1.2274e-01   5.6207e-02   3.7733e+02
20260224_18:00:00   2.2041e-01   5.4737e+01   1.5758e+01   3.9375e-02   2.8251e-01   3.7804e+02
20260224_21:00:00   4.3003e-01   9.5203e+01   1.5422e+01   2.7703e-01   4.8065e-01   3.7161e+02
20260225_00:00:00   3.3518e-01   7.7635e+01   1.4655e+01   1.7621e-01   5.3250e-01   3.7633e+02
20260225_03:00:00   1.7758e-01   4.5250e+01   1.2870e+01   1.5458e-02   1.7547e-01   3.7856e+02
20260225_06:00:00   1.5450e-01   4.0035e+01   1.1826e+01   0.0000e+00   2.0080e-03   3.7466e+02
