#            date       tau255        Tb[K]      pwv[mm] lwp[kg*m^-2] iwp[kg*m^-2]       o3[DU]
20260622_12:00:00   2.3791e-01   6.1351e+01   2.3066e+01   0.0000e+00   0.0000e+00   3.3721e+02
20260622_13:00:00   2.3753e-01   6.1332e+01   2.2934e+01   0.0000e+00   0.0000e+00   3.3629e+02
20260622_14:00:00   2.4357e-01   6.2750e+01   2.3469e+01   0.0000e+00   0.0000e+00   3.3588e+02
20260622_15:00:00   2.5293e-01   6.4863e+01   2.4206e+01   0.0000e+00   0.0000e+00   3.3557e+02
20260622_16:00:00   2.6068e-01   6.6586e+01   2.4989e+01   0.0000e+00   0.0000e+00   3.3934e+02
20260622_17:00:00   2.6882e-01   6.8360e+01   2.5954e+01   0.0000e+00   0.0000e+00   3.4153e+02
20260622_18:00:00   2.7314e-01   6.9340e+01   2.6667e+01   0.0000e+00   0.0000e+00   3.4240e+02
20260622_19:00:00   2.7570e-01   6.9966e+01   2.7085e+01   6.3520e-04   0.0000e+00   3.4273e+02
20260622_20:00:00   3.2542e-01   8.0275e+01   2.7605e+01   5.3820e-02   0.0000e+00   3.4201e+02
20260622_21:00:00   5.3989e-01   1.1924e+02   2.7635e+01   3.1124e-01   0.0000e+00   3.4298e+02
20260622_22:00:00   3.1524e-01   7.8123e+01   2.7800e+01   4.2223e-02   0.0000e+00   3.4492e+02
20260622_23:00:00   3.3837e-01   8.2722e+01   2.7819e+01   7.0659e-02   0.0000e+00   3.4482e+02
20260623_00:00:00   4.0174e-01   9.4889e+01   2.7877e+01   1.4289e-01   0.0000e+00   3.5007e+02
20260623_01:00:00   4.4984e-01   1.0351e+02   2.8329e+01   1.8999e-01   0.0000e+00   3.5335e+02
20260623_02:00:00   3.6293e-01   8.7576e+01   2.7064e+01   1.0022e-01   0.0000e+00   3.5464e+02
20260623_03:00:00   3.0747e-01   7.6587e+01   2.7110e+01   3.6184e-02   0.0000e+00   3.5441e+02
20260623_04:00:00   4.4508e-01   1.0261e+02   2.6430e+01   2.0200e-01   0.0000e+00   3.5689e+02
20260623_05:00:00   4.7952e-01   1.0848e+02   2.6311e+01   2.4220e-01   0.0000e+00   3.5725e+02
20260623_06:00:00   4.2250e-01   9.8466e+01   2.5600e+01   1.8044e-01   0.0000e+00   3.5699e+02
20260623_07:00:00   2.8650e-01   7.2107e+01   2.5318e+01   2.8900e-02   2.4180e-05   3.5428e+02
20260623_08:00:00   2.6968e-01   6.8597e+01   2.5297e+01   1.0172e-02   0.0000e+00   3.5424e+02
20260623_09:00:00   2.6245e-01   6.7050e+01   2.5264e+01   1.7006e-03   0.0000e+00   3.5787e+02
20260623_10:00:00   2.5922e-01   6.6369e+01   2.5005e+01   5.2020e-07   0.0000e+00   3.5628e+02
20260623_11:00:00   2.5685e-01   6.5857e+01   2.4714e+01   1.5606e-06   0.0000e+00   3.5400e+02
20260623_12:00:00   2.7047e-01   6.8690e+01   2.5988e+01   6.1600e-07   4.1860e-04   3.5309e+02
20260623_13:00:00   2.7656e-01   6.9984e+01   2.6453e+01   0.0000e+00   0.0000e+00   3.5013e+02
20260623_14:00:00   2.7820e-01   7.0374e+01   2.6621e+01   0.0000e+00   0.0000e+00   3.4978e+02
20260623_15:00:00   2.8168e-01   7.1205e+01   2.6963e+01   0.0000e+00   1.6864e-04   3.4930e+02
20260623_16:00:00   2.8284e-01   7.1584e+01   2.7182e+01   0.0000e+00   1.1322e-05   3.4995e+02
20260623_17:00:00   2.9314e-01   7.3840e+01   2.8339e+01   0.0000e+00   0.0000e+00   3.4958e+02
20260623_18:00:00   2.9143e-01   7.3561e+01   2.8446e+01   0.0000e+00   0.0000e+00   3.5028e+02
20260623_19:00:00   3.0186e-01   7.5783e+01   2.9663e+01   1.1068e-05   1.2584e-04   3.4979e+02
20260623_20:00:00   3.6216e-01   8.7955e+01   3.0725e+01   5.8198e-02   3.2608e-03   3.4833e+02
20260623_21:00:00   5.4650e-01   1.2088e+02   3.1409e+01   2.7165e-01   9.2430e-03   3.4605e+02
20260623_22:00:00   3.7549e-01   9.0581e+01   3.1138e+01   6.6020e-02   8.7242e-03   3.4549e+02
20260623_23:00:00   3.1337e-01   7.8359e+01   3.0737e+01   2.1940e-04   1.1497e-02   3.4638e+02
20260624_00:00:00   3.3094e-01   8.1909e+01   3.2940e+01   4.3120e-05   7.9562e-03   3.4417e+02
20260624_01:00:00   3.3594e-01   8.2971e+01   3.3459e+01   0.0000e+00   8.2240e-04   3.4230e+02
20260624_02:00:00   3.3968e-01   8.3706e+01   3.3924e+01   0.0000e+00   1.5874e-05   3.4216e+02
20260624_03:00:00   3.4518e-01   8.4713e+01   3.4533e+01   0.0000e+00   0.0000e+00   3.4135e+02
20260624_04:00:00   3.4848e-01   8.5290e+01   3.4717e+01   0.0000e+00   1.0240e-05   3.4196e+02
20260624_05:00:00   3.5285e-01   8.6082e+01   3.5101e+01   0.0000e+00   1.1712e-04   3.4091e+02
20260624_06:00:00   3.5554e-01   8.6564e+01   3.5483e+01   0.0000e+00   0.0000e+00   3.4058e+02
20260624_07:00:00   3.7274e-01   8.9802e+01   3.6962e+01   2.8400e-03   5.5541e-04   3.4257e+02
20260624_08:00:00   3.7595e-01   9.0371e+01   3.7454e+01   1.6850e-03   1.3490e-03   3.4472e+02
20260624_09:00:00   3.7794e-01   9.0831e+01   3.6424e+01   1.1392e-02   0.0000e+00   3.4514e+02
20260624_10:00:00   4.5026e-01   1.0405e+02   3.5909e+01   9.4052e-02   1.9464e-03   3.4435e+02
20260624_11:00:00   4.3397e-01   1.0121e+02   3.4684e+01   8.7317e-02   5.5978e-04   3.4323e+02
20260624_12:00:00   5.9177e-01   1.2727e+02   3.4697e+01   2.6527e-01   1.6072e-03   3.4389e+02
20260624_13:00:00   8.9102e-01   1.6617e+02   3.6052e+01   5.8793e-01   0.0000e+00   3.4512e+02
20260624_14:00:00   7.6394e-01   1.5159e+02   3.5841e+01   4.4818e-01   0.0000e+00   3.4546e+02
20260624_15:00:00   3.6496e-01   8.8697e+01   3.2846e+01   1.2896e-02   0.0000e+00   3.4773e+02
20260624_16:00:00   3.6578e-01   8.9111e+01   3.2078e+01   1.4693e-02   0.0000e+00   3.4544e+02
20260624_17:00:00   4.3519e-01   1.0234e+02   3.4238e+01   8.2037e-02   0.0000e+00   3.4416e+02
20260624_18:00:00   3.7406e-01   9.0879e+01   3.2941e+01   2.9179e-02   0.0000e+00   3.4445e+02
20260624_19:00:00   3.2286e-01   8.0758e+01   2.9861e+01   3.7158e-03   0.0000e+00   3.4552e+02
20260624_20:00:00   3.0754e-01   7.7629e+01   2.9217e+01   8.0777e-04   0.0000e+00   3.4478e+02
20260624_21:00:00   3.0892e-01   7.7971e+01   2.9677e+01   6.5540e-06   0.0000e+00   3.4261e+02
20260624_22:00:00   2.7923e-01   7.1757e+01   2.6955e+01   0.0000e+00   1.2320e-06   3.4208e+02
20260624_23:00:00   2.6598e-01   6.8964e+01   2.5167e+01   3.6960e-04   0.0000e+00   3.4129e+02
20260625_00:00:00   2.6428e-01   6.8582e+01   2.4816e+01   1.0350e-04   0.0000e+00   3.4403e+02
20260625_01:00:00   2.3336e-01   6.1705e+01   2.1568e+01   0.0000e+00   0.0000e+00   3.4860e+02
20260625_02:00:00   2.2893e-01   6.0588e+01   2.1300e+01   0.0000e+00   0.0000e+00   3.4958e+02
20260625_03:00:00   2.4358e-01   6.3790e+01   2.2488e+01   0.0000e+00   0.0000e+00   3.5184e+02
20260625_04:00:00   2.2254e-01   5.8925e+01   2.0750e+01   0.0000e+00   0.0000e+00   3.5082e+02
20260625_05:00:00   2.2100e-01   5.8445e+01   2.0766e+01   0.0000e+00   1.1890e-04   3.4655e+02
20260625_06:00:00   2.1923e-01   5.7934e+01   2.1008e+01   0.0000e+00   3.0348e-04   3.4334e+02
20260625_07:00:00   2.3065e-01   6.0340e+01   2.2957e+01   0.0000e+00   5.2528e-04   3.4095e+02
20260625_08:00:00   2.4599e-01   6.3610e+01   2.4893e+01   0.0000e+00   3.7156e-03   3.3883e+02
20260625_09:00:00   2.5029e-01   6.4488e+01   2.5457e+01   0.0000e+00   9.7545e-03   3.3959e+02
20260625_10:00:00   2.5263e-01   6.4970e+01   2.5844e+01   0.0000e+00   1.6358e-02   3.4114e+02
20260625_11:00:00   2.6839e-01   6.8325e+01   2.7770e+01   0.0000e+00   2.6307e-02   3.3700e+02
20260625_12:00:00   2.7650e-01   7.0075e+01   2.8496e+01   0.0000e+00   1.6454e-02   3.4096e+02
20260625_13:00:00   2.8350e-01   7.1437e+01   2.9572e+01   1.2352e-04   4.3537e-02   3.4127e+02
20260625_14:00:00   2.9036e-01   7.2777e+01   3.0345e+01   5.9500e-03   3.9381e-02   3.4129e+02
20260625_15:00:00   5.2253e-01   1.1453e+02   3.1172e+01   2.5794e-01   1.0490e-01   3.3977e+02
20260625_16:00:00   5.8819e-01   1.2499e+02   3.2536e+01   3.1865e-01   2.6676e-01   3.3983e+02
20260625_17:00:00   3.8386e-01   9.0922e+01   3.4163e+01   7.0160e-02   4.9601e-01   3.3799e+02
20260625_18:00:00   3.3094e-01   8.0948e+01   3.3804e+01   1.4936e-02   1.1082e-01   3.3679e+02
20260625_19:00:00   3.5752e-01   8.6007e+01   3.5293e+01   3.0172e-02   2.5284e-01   3.3209e+02
20260625_20:00:00   1.0327e+00   1.7897e+02   3.5271e+01   7.9563e-01   6.9859e-02   3.2829e+02
20260625_21:00:00   8.8646e-01   1.6372e+02   3.5537e+01   6.2677e-01   3.0544e-01   3.2383e+02
20260625_22:00:00   7.6520e-01   1.4955e+02   3.4411e+01   5.0067e-01   2.2272e-01   3.2187e+02
20260625_23:00:00   5.0266e-01   1.1198e+02   3.1437e+01   2.2863e-01   5.6775e-02   3.2074e+02
20260626_00:00:00   4.7228e-01   1.0703e+02   3.0614e+01   2.0182e-01   1.8201e-01   3.2168e+02
20260626_01:00:00   4.0027e-01   9.4416e+01   2.9267e+01   1.2892e-01   4.1408e-02   3.2053e+02
20260626_02:00:00   2.6897e-01   6.8766e+01   2.6934e+01   0.0000e+00   2.2993e-03   3.2090e+02
20260626_03:00:00   2.7051e-01   6.9011e+01   2.6975e+01   0.0000e+00   6.1600e-07   3.2331e+02
20260626_04:00:00   2.6502e-01   6.7863e+01   2.6470e+01   0.0000e+00   0.0000e+00   3.2401e+02
20260626_05:00:00   2.7066e-01   6.8986e+01   2.6956e+01   0.0000e+00   0.0000e+00   3.2942e+02
20260626_06:00:00   2.7051e-01   6.9013e+01   2.6886e+01   0.0000e+00   1.1024e-05   3.3482e+02
20260626_07:00:00   2.7480e-01   7.0030e+01   2.7152e+01   0.0000e+00   3.4700e-04   3.3141e+02
20260626_08:00:00   2.8416e-01   7.2046e+01   2.7630e+01   0.0000e+00   3.3700e-04   3.2556e+02
20260626_09:00:00   2.7962e-01   7.1181e+01   2.6801e+01   0.0000e+00   8.7760e-04   3.2590e+02
20260626_10:00:00   2.7689e-01   7.0646e+01   2.6654e+01   0.0000e+00   3.9320e-05   3.3215e+02
20260626_11:00:00   2.8346e-01   7.1976e+01   2.7389e+01   0.0000e+00   5.7960e-05   3.2898e+02
20260626_12:00:00   2.8973e-01   7.3230e+01   2.7916e+01   0.0000e+00   0.0000e+00   3.3180e+02
20260626_13:00:00   2.8785e-01   7.2849e+01   2.8117e+01   0.0000e+00   0.0000e+00   3.3229e+02
20260626_14:00:00   2.8599e-01   7.2508e+01   2.8179e+01   0.0000e+00   5.5441e-05   3.3525e+02
20260626_15:00:00   2.8200e-01   7.1723e+01   2.8347e+01   0.0000e+00   1.1421e-03   3.3265e+02
20260626_16:00:00   2.9024e-01   7.3447e+01   3.0025e+01   0.0000e+00   5.6435e-03   3.3376e+02
20260626_17:00:00   3.0592e-01   7.6729e+01   3.2110e+01   0.0000e+00   5.3544e-03   3.3536e+02
20260626_18:00:00   3.5656e-01   8.7051e+01   3.4940e+01   1.9836e-02   1.1668e-02   3.3595e+02
20260626_19:00:00   4.4048e-01   1.0331e+02   3.4843e+01   1.2302e-01   4.9590e-02   3.3683e+02
20260626_20:00:00   3.7649e-01   9.1313e+01   3.5396e+01   3.4300e-02   2.5250e-02   3.3924e+02
20260626_21:00:00   3.8077e-01   9.2158e+01   3.7938e+01   7.8260e-03   5.1390e-03   3.3734e+02
20260626_22:00:00   4.1898e-01   9.9519e+01   4.0443e+01   2.3641e-02   4.6928e-03   3.3707e+02
20260626_23:00:00   6.7205e-01   1.4128e+02   4.4403e+01   2.8269e-01   4.1080e-05   3.3620e+02
20260627_00:00:00   7.5827e-01   1.5346e+02   4.4869e+01   3.8239e-01   0.0000e+00   3.3508e+02
20260627_01:00:00   7.1137e-01   1.4716e+02   4.5080e+01   3.2090e-01   0.0000e+00   3.3541e+02
20260627_02:00:00   6.2466e-01   1.3455e+02   4.4973e+01   2.0976e-01   2.7920e-06   3.3319e+02
20260627_03:00:00   5.0931e-01   1.1591e+02   4.4965e+01   6.3039e-02   3.3700e-05   3.3223e+02
20260627_04:00:00   5.5455e-01   1.2365e+02   4.3501e+01   1.3224e-01   1.4062e-05   3.3094e+02
20260627_05:00:00   9.4970e-01   1.7712e+02   4.4395e+01   6.1202e-01   2.3680e-06   3.2858e+02
20260627_06:00:00   1.0769e+00   1.9065e+02   4.4839e+01   7.7195e-01   0.0000e+00   3.2626e+02
20260627_07:00:00   6.7982e-01   1.4352e+02   4.4667e+01   2.8426e-01   0.0000e+00   3.2344e+02
20260627_08:00:00   8.4571e-01   1.6606e+02   4.4963e+01   4.9731e-01   0.0000e+00   3.2327e+02
20260627_09:00:00   6.9998e-01   1.4670e+02   4.5052e+01   3.1082e-01   0.0000e+00   3.2625e+02
20260627_10:00:00   7.0596e-01   1.4751e+02   4.3775e+01   3.3787e-01   0.0000e+00   3.2625e+02
20260627_11:00:00   7.1387e-01   1.4857e+02   4.4137e+01   3.4327e-01   1.0052e-04   3.2932e+02
20260627_12:00:00   6.7702e-01   1.4326e+02   4.4940e+01   2.8765e-01   1.3652e-04   3.2703e+02
20260627_15:00:00   5.3847e-01   1.2204e+02   4.1891e+01   1.3845e-01   2.1520e-03   3.2448e+02
20260627_18:00:00   6.4285e-01   1.3930e+02   4.6133e+01   2.2438e-01   3.4988e-03   3.2758e+02
20260627_21:00:00   5.2042e-01   1.1955e+02   5.0666e+01   9.3327e-03   3.5479e-04   3.2859e+02
20260628_00:00:00   5.4172e-01   1.2332e+02   5.4010e+01   1.9732e-03   2.2140e-06   3.2668e+02
20260628_03:00:00   5.1036e-01   1.1785e+02   5.2106e+01   0.0000e+00   2.4293e-04   3.2267e+02
20260628_06:00:00   4.9265e-01   1.1468e+02   4.9685e+01   0.0000e+00   1.3161e-03   3.1843e+02
20260628_09:00:00   4.3727e-01   1.0439e+02   4.6383e+01   0.0000e+00   4.2600e-03   3.1539e+02
20260628_12:00:00   4.1215e-01   9.9938e+01   4.3676e+01   0.0000e+00   2.8068e-03   3.1354e+02
20260628_15:00:00   4.1953e-01   1.0136e+02   4.4814e+01   0.0000e+00   7.8650e-05   3.1254e+02
20260628_18:00:00   4.5350e-01   1.0821e+02   4.7792e+01   0.0000e+00   0.0000e+00   3.1229e+02
20260628_21:00:00   4.9071e-01   1.1529e+02   5.0283e+01   2.4340e-04   0.0000e+00   3.1085e+02
20260629_00:00:00   5.0787e-01   1.1825e+02   5.1481e+01   0.0000e+00   3.1620e-05   3.1275e+02
20260629_03:00:00   4.7207e-01   1.1185e+02   4.8330e+01   0.0000e+00   2.7440e-05   3.0908e+02
20260629_06:00:00   4.6004e-01   1.0946e+02   4.7597e+01   0.0000e+00   0.0000e+00   3.0814e+02
20260629_09:00:00   4.3662e-01   1.0496e+02   4.6096e+01   0.0000e+00   9.6780e-04   3.0649e+02
20260629_12:00:00   4.0610e-01   9.9080e+01   4.3919e+01   0.0000e+00   0.0000e+00   3.0667e+02
20260629_15:00:00   4.1566e-01   1.0106e+02   4.4119e+01   0.0000e+00   0.0000e+00   3.0596e+02
20260629_18:00:00   4.2534e-01   1.0337e+02   4.3964e+01   0.0000e+00   0.0000e+00   3.0544e+02
20260629_21:00:00   4.5924e-01   1.1014e+02   4.6615e+01   0.0000e+00   0.0000e+00   3.0585e+02
20260630_00:00:00   4.4565e-01   1.0753e+02   4.4558e+01   0.0000e+00   0.0000e+00   3.0799e+02
20260630_03:00:00   3.9280e-01   9.7294e+01   3.8684e+01   0.0000e+00   0.0000e+00   3.0500e+02
20260630_06:00:00   3.5354e-01   8.9236e+01   3.5491e+01   0.0000e+00   0.0000e+00   3.0543e+02
20260630_09:00:00   3.3100e-01   8.4327e+01   3.4464e+01   0.0000e+00   0.0000e+00   3.0753e+02
20260630_12:00:00   3.2999e-01   8.3946e+01   3.4684e+01   0.0000e+00   0.0000e+00   3.0632e+02
20260630_15:00:00   3.2100e-01   8.2199e+01   3.4035e+01   0.0000e+00   0.0000e+00   3.0627e+02
20260630_18:00:00   3.5268e-01   8.9017e+01   3.6883e+01   0.0000e+00   0.0000e+00   2.9875e+02
20260630_21:00:00   3.4619e-01   8.7961e+01   3.5909e+01   0.0000e+00   0.0000e+00   3.0031e+02
20260701_00:00:00   3.2718e-01   8.3890e+01   3.3842e+01   0.0000e+00   0.0000e+00   2.9973e+02
20260701_03:00:00   2.8063e-01   7.3776e+01   2.9288e+01   0.0000e+00   0.0000e+00   2.9921e+02
20260701_06:00:00   2.6127e-01   6.9117e+01   2.7889e+01   0.0000e+00   6.5410e-05   2.9812e+02
20260701_09:00:00   3.1071e-01   7.9649e+01   3.3112e+01   0.0000e+00   2.9554e-04   2.9998e+02
20260701_12:00:00   3.7357e-01   9.2551e+01   3.9149e+01   0.0000e+00   3.7459e-04   3.0284e+02
20260701_15:00:00   3.7641e-01   9.3381e+01   3.9218e+01   0.0000e+00   2.1102e-02   3.0048e+02
20260701_18:00:00   3.8828e-01   9.6137e+01   4.0182e+01   0.0000e+00   3.1484e-03   2.9926e+02
20260701_21:00:00   4.0352e-01   9.9391e+01   4.1096e+01   0.0000e+00   2.2596e-04   3.0000e+02
20260702_00:00:00   4.5616e-01   1.0947e+02   4.5353e+01   0.0000e+00   5.0558e-04   3.0059e+02
20260702_03:00:00   4.4396e-01   1.0673e+02   4.5799e+01   0.0000e+00   0.0000e+00   3.0322e+02
20260702_06:00:00   4.2242e-01   1.0260e+02   4.3050e+01   0.0000e+00   8.3500e-06   3.0660e+02
20260702_09:00:00   4.3159e-01   1.0419e+02   4.2804e+01   0.0000e+00   2.4595e-04   3.0601e+02
20260702_12:00:00   4.1766e-01   1.0126e+02   4.2562e+01   0.0000e+00   1.4340e-05   3.0885e+02
20260702_15:00:00   4.4273e-01   1.0585e+02   4.4580e+01   1.3006e-07   8.8990e-06   3.0771e+02
20260702_18:00:00   4.6398e-01   1.1014e+02   4.6292e+01   0.0000e+00   6.2601e-04   3.0718e+02
20260702_21:00:00   4.6463e-01   1.1057e+02   4.6072e+01   2.6880e-04   0.0000e+00   3.0924e+02
20260703_00:00:00   4.1043e-01   1.0057e+02   4.1724e+01   0.0000e+00   0.0000e+00   3.1245e+02
20260703_03:00:00   4.7092e-01   1.1125e+02   4.8280e+01   0.0000e+00   0.0000e+00   3.0933e+02
20260703_06:00:00   4.5161e-01   1.0770e+02   4.5456e+01   0.0000e+00   0.0000e+00   3.0800e+02
20260703_09:00:00   4.7801e-01   1.1210e+02   4.7945e+01   1.7040e-04   1.3465e-03   3.0858e+02
20260703_12:00:00   6.5289e-01   1.3805e+02   5.3687e+01   1.4584e-01   4.2894e-02   3.1186e+02
20260703_15:00:00   4.8442e-01   1.1239e+02   5.0237e+01   3.2703e-04   7.3788e-04   3.1447e+02
20260703_18:00:00   4.4535e-01   1.0643e+02   4.2976e+01   3.9020e-07   1.7025e-02   3.1314e+02
20260703_21:00:00   4.6317e-01   1.0991e+02   4.4073e+01   2.7934e-03   1.8552e-03   3.1306e+02
20260704_00:00:00   4.4346e-01   1.0618e+02   4.1973e+01   6.4232e-05   1.0982e-04   3.0852e+02
20260704_03:00:00   3.8989e-01   9.5774e+01   3.5531e+01   7.6540e-05   0.0000e+00   3.1282e+02
20260704_06:00:00   3.4770e-01   8.6808e+01   3.3548e+01   0.0000e+00   0.0000e+00   3.1277e+02
20260704_09:00:00   2.4841e-01   6.5251e+01   2.4888e+01   0.0000e+00   0.0000e+00   3.1003e+02
20260704_12:00:00   2.0497e-01   5.5276e+01   2.0014e+01   0.0000e+00   0.0000e+00   3.0825e+02
20260704_15:00:00   2.3535e-01   6.2379e+01   2.2541e+01   0.0000e+00   0.0000e+00   3.0750e+02
20260704_18:00:00   2.6314e-01   6.8720e+01   2.5493e+01   0.0000e+00   0.0000e+00   3.0854e+02
20260704_21:00:00   2.6887e-01   7.0141e+01   2.6125e+01   0.0000e+00   0.0000e+00   3.0991e+02
20260705_00:00:00   2.5895e-01   6.7859e+01   2.6068e+01   0.0000e+00   0.0000e+00   3.1102e+02
20260705_03:00:00   2.5025e-01   6.5773e+01   2.6106e+01   0.0000e+00   0.0000e+00   3.0920e+02
20260705_06:00:00   2.5171e-01   6.6143e+01   2.5804e+01   0.0000e+00   0.0000e+00   3.0740e+02
20260705_09:00:00   2.4720e-01   6.4956e+01   2.5181e+01   0.0000e+00   0.0000e+00   3.1124e+02
20260705_12:00:00   2.2999e-01   6.0939e+01   2.3938e+01   0.0000e+00   0.0000e+00   3.1342e+02
20260705_15:00:00   2.2609e-01   6.0363e+01   2.2833e+01   0.0000e+00   0.0000e+00   3.0843e+02
20260705_18:00:00   2.4602e-01   6.5116e+01   2.5165e+01   0.0000e+00   0.0000e+00   3.0800e+02
20260705_21:00:00   2.9136e-01   7.5275e+01   2.9878e+01   0.0000e+00   0.0000e+00   3.0861e+02
20260706_00:00:00   2.9441e-01   7.6104e+01   2.9993e+01   0.0000e+00   0.0000e+00   3.0550e+02
20260706_03:00:00   2.8180e-01   7.3391e+01   2.8885e+01   0.0000e+00   0.0000e+00   3.0392e+02
20260706_06:00:00   2.6529e-01   6.9715e+01   2.7062e+01   0.0000e+00   0.0000e+00   3.0522e+02
20260706_09:00:00   2.4729e-01   6.5568e+01   2.5127e+01   0.0000e+00   0.0000e+00   3.0757e+02
20260706_12:00:00   2.3866e-01   6.3397e+01   2.4431e+01   0.0000e+00   0.0000e+00   3.0802e+02
20260706_15:00:00   2.4322e-01   6.4521e+01   2.4693e+01   0.0000e+00   0.0000e+00   3.0792e+02
20260706_18:00:00   2.6495e-01   6.9636e+01   2.6375e+01   0.0000e+00   1.8642e-05   3.0612e+02
20260706_21:00:00   2.5603e-01   6.7953e+01   2.5156e+01   0.0000e+00   0.0000e+00   3.0690e+02
20260707_00:00:00   2.4778e-01   6.6199e+01   2.3862e+01   0.0000e+00   1.5606e-06   3.0662e+02
20260707_03:00:00   2.2487e-01   6.0805e+01   2.1653e+01   0.0000e+00   9.4738e-04   3.0615e+02
20260707_06:00:00   1.9783e-01   5.4334e+01   1.8714e+01   0.0000e+00   7.5680e-04   3.0819e+02
20260707_09:00:00   1.9262e-01   5.2994e+01   1.8053e+01   0.0000e+00   2.7742e-04   3.0894e+02
20260707_12:00:00   2.0541e-01   5.6007e+01   1.9300e+01   0.0000e+00   1.2652e-03   3.0737e+02
20260707_15:00:00   2.2311e-01   6.0161e+01   2.0705e+01   0.0000e+00   4.8834e-03   3.0787e+02
20260707_18:00:00   2.3041e-01   6.2147e+01   2.1300e+01   0.0000e+00   3.2880e-02   3.0983e+02
20260707_21:00:00   2.5875e-01   6.8772e+01   2.4447e+01   0.0000e+00   3.5943e-02   3.0658e+02
20260708_00:00:00   2.7462e-01   7.2204e+01   2.8008e+01   0.0000e+00   2.0838e-02   3.0755e+02
20260708_03:00:00   3.1206e-01   7.9966e+01   3.3500e+01   0.0000e+00   9.0458e-03   3.0699e+02
20260708_06:00:00   2.9228e-01   7.5587e+01   3.1996e+01   0.0000e+00   6.1600e-07   3.0827e+02
20260708_09:00:00   2.9477e-01   7.5779e+01   3.2506e+01   0.0000e+00   0.0000e+00   3.1022e+02
20260708_12:00:00   3.1854e-01   8.0869e+01   3.5192e+01   0.0000e+00   0.0000e+00   3.1107e+02
