#            date       tau255        Tb[K]      pwv[mm] lwp[kg*m^-2] iwp[kg*m^-2]       o3[DU]
20260522_12:00:00   3.2598e-01   7.8782e+01   2.9428e+01   3.6092e-02   1.0893e-01   3.4492e+02
20260522_13:00:00   3.1234e-01   7.6206e+01   2.9640e+01   1.8652e-02   1.1365e-01   3.4508e+02
20260522_14:00:00   3.1757e-01   7.7377e+01   3.0574e+01   1.3315e-02   1.2064e-01   3.4413e+02
20260522_15:00:00   3.2209e-01   7.8401e+01   3.0809e+01   1.6914e-02   1.3887e-02   3.4527e+02
20260522_16:00:00   3.1238e-01   7.6419e+01   3.1355e+01   8.6078e-04   8.5933e-02   3.4627e+02
20260522_17:00:00   3.3900e-01   8.1776e+01   3.1993e+01   2.4256e-02   1.5557e-01   3.4800e+02
20260522_18:00:00   3.3664e-01   8.1512e+01   3.1927e+01   2.1668e-02   1.9292e-02   3.4831e+02
20260522_19:00:00   3.4334e-01   8.2947e+01   3.2169e+01   2.6617e-02   1.3319e-02   3.4659e+02
20260522_20:00:00   3.6707e-01   8.7718e+01   3.2455e+01   5.0010e-02   1.8695e-02   3.4439e+02
20260522_21:00:00   4.3802e-01   1.0111e+02   3.3234e+01   1.2384e-01   6.6277e-03   3.4337e+02
20260522_22:00:00   3.5780e-01   8.6185e+01   3.3441e+01   2.6303e-02   7.4461e-03   3.4240e+02
20260522_23:00:00   3.3337e-01   8.1398e+01   3.3170e+01   3.5480e-04   1.0019e-02   3.4301e+02
20260523_00:00:00   3.2868e-01   8.0470e+01   3.2804e+01   0.0000e+00   1.3295e-02   3.4360e+02
20260523_01:00:00   3.3151e-01   8.0993e+01   3.3111e+01   0.0000e+00   1.5087e-02   3.4476e+02
20260523_02:00:00   3.3648e-01   8.1933e+01   3.3445e+01   1.5552e-03   5.7355e-03   3.4719e+02
20260523_03:00:00   3.2645e-01   7.9950e+01   3.2789e+01   4.1620e-06   5.5409e-03   3.4955e+02
20260523_04:00:00   3.2179e-01   7.9048e+01   3.2004e+01   0.0000e+00   5.4858e-03   3.5219e+02
20260523_05:00:00   3.1960e-01   7.8656e+01   3.1334e+01   1.5580e-03   5.3008e-05   3.5426e+02
20260523_06:00:00   3.2672e-01   8.0155e+01   3.1045e+01   1.1718e-02   1.1444e-03   3.5533e+02
20260523_07:00:00   3.4732e-01   8.4267e+01   3.1315e+01   3.1300e-02   2.2889e-04   3.5672e+02
20260523_08:00:00   3.5892e-01   8.6561e+01   3.1290e+01   4.5440e-02   1.7832e-03   3.6026e+02
20260523_09:00:00   3.8464e-01   9.1552e+01   3.1248e+01   7.6940e-02   3.8501e-05   3.6379e+02
20260523_10:00:00   3.8197e-01   9.1087e+01   3.1084e+01   7.4900e-02   0.0000e+00   3.6544e+02
20260523_11:00:00   3.6529e-01   8.7930e+01   3.0485e+01   5.8320e-02   0.0000e+00   3.6719e+02
20260523_12:00:00   3.2914e-01   8.0840e+01   2.9531e+01   2.1340e-02   0.0000e+00   3.6014e+02
20260523_13:00:00   3.0955e-01   7.6929e+01   2.8820e+01   5.2440e-05   7.7120e-05   3.5883e+02
20260523_14:00:00   3.2202e-01   7.9494e+01   2.9551e+01   0.0000e+00   2.6020e-07   3.5335e+02
20260523_15:00:00   3.2503e-01   8.0226e+01   2.9935e+01   2.7720e-06   1.2110e-05   3.4998e+02
20260523_16:00:00   3.5375e-01   8.6147e+01   3.0442e+01   2.7147e-02   3.0240e-05   3.4883e+02
20260523_17:00:00   3.7276e-01   8.9799e+01   3.1386e+01   4.0479e-02   3.6422e-06   3.4697e+02
20260523_18:00:00   3.9831e-01   9.4720e+01   3.1569e+01   6.7794e-02   2.1016e-04   3.4704e+02
20260523_19:00:00   3.4818e-01   8.5202e+01   3.0600e+01   1.6274e-02   1.7088e-03   3.4846e+02
20260523_20:00:00   3.4334e-01   8.4256e+01   3.0650e+01   1.0530e-02   6.1264e-04   3.5068e+02
20260523_21:00:00   3.2680e-01   8.0947e+01   3.0049e+01   2.2368e-03   1.0869e-02   3.5269e+02
20260523_22:00:00   3.1478e-01   7.8421e+01   2.9511e+01   5.7234e-04   3.1738e-02   3.5269e+02
20260523_23:00:00   2.9161e-01   7.3504e+01   2.7997e+01   6.5540e-06   5.7222e-02   3.5445e+02
20260524_00:00:00   2.7452e-01   6.9699e+01   2.6928e+01   0.0000e+00   1.4077e-01   3.5573e+02
20260524_01:00:00   2.4448e-01   6.3122e+01   2.4156e+01   0.0000e+00   8.9368e-02   3.5696e+02
20260524_02:00:00   2.2844e-01   5.9480e+01   2.2496e+01   0.0000e+00   1.7528e-02   3.5567e+02
20260524_03:00:00   2.2165e-01   5.7857e+01   2.1826e+01   0.0000e+00   1.8555e-02   3.5913e+02
20260524_04:00:00   2.2062e-01   5.7567e+01   2.1635e+01   0.0000e+00   5.7613e-02   3.6556e+02
20260524_05:00:00   2.2164e-01   5.7783e+01   2.1526e+01   0.0000e+00   5.3186e-02   3.6492e+02
20260524_06:00:00   2.1477e-01   5.6275e+01   2.0444e+01   0.0000e+00   4.8111e-02   3.6531e+02
20260524_07:00:00   2.0985e-01   5.5199e+01   1.9563e+01   0.0000e+00   5.4915e-03   3.7122e+02
20260524_08:00:00   1.9215e-01   5.1233e+01   1.7150e+01   0.0000e+00   0.0000e+00   3.7509e+02
20260524_09:00:00   1.7471e-01   4.7207e+01   1.4861e+01   0.0000e+00   0.0000e+00   3.8047e+02
20260524_10:00:00   1.5795e-01   4.3182e+01   1.2907e+01   0.0000e+00   0.0000e+00   3.8463e+02
20260524_11:00:00   1.4636e-01   4.0362e+01   1.1567e+01   0.0000e+00   0.0000e+00   3.8464e+02
20260524_12:00:00   1.4387e-01   3.9776e+01   1.1384e+01   0.0000e+00   0.0000e+00   3.8300e+02
20260524_13:00:00   1.6357e-01   4.4475e+01   1.4139e+01   0.0000e+00   0.0000e+00   3.8095e+02
20260524_14:00:00   1.7867e-01   4.8060e+01   1.5907e+01   0.0000e+00   0.0000e+00   3.8018e+02
20260524_15:00:00   1.8580e-01   4.9805e+01   1.6624e+01   0.0000e+00   0.0000e+00   3.7663e+02
20260524_16:00:00   1.9462e-01   5.1912e+01   1.7714e+01   0.0000e+00   0.0000e+00   3.7604e+02
20260524_17:00:00   1.9989e-01   5.3208e+01   1.8371e+01   0.0000e+00   0.0000e+00   3.7384e+02
20260524_18:00:00   2.0420e-01   5.4282e+01   1.8858e+01   0.0000e+00   0.0000e+00   3.7180e+02
20260524_19:00:00   2.1556e-01   5.6923e+01   2.0181e+01   0.0000e+00   0.0000e+00   3.6684e+02
20260524_20:00:00   2.1901e-01   5.7764e+01   2.0684e+01   0.0000e+00   0.0000e+00   3.6478e+02
20260524_21:00:00   2.2114e-01   5.8318e+01   2.0983e+01   0.0000e+00   0.0000e+00   3.6714e+02
20260524_22:00:00   2.2152e-01   5.8478e+01   2.0983e+01   0.0000e+00   0.0000e+00   3.7081e+02
20260524_23:00:00   2.1884e-01   5.7939e+01   2.0824e+01   0.0000e+00   0.0000e+00   3.6814e+02
20260525_00:00:00   2.1823e-01   5.7779e+01   2.1017e+01   0.0000e+00   0.0000e+00   3.5971e+02
20260525_01:00:00   2.1409e-01   5.6857e+01   2.0517e+01   0.0000e+00   0.0000e+00   3.6041e+02
20260525_02:00:00   2.1074e-01   5.6073e+01   2.0093e+01   0.0000e+00   0.0000e+00   3.5983e+02
20260525_03:00:00   2.1554e-01   5.7118e+01   2.0579e+01   0.0000e+00   0.0000e+00   3.5985e+02
20260525_04:00:00   2.1525e-01   5.6983e+01   2.0724e+01   0.0000e+00   0.0000e+00   3.5789e+02
20260525_05:00:00   2.1466e-01   5.6763e+01   2.1031e+01   0.0000e+00   0.0000e+00   3.6021e+02
20260525_06:00:00   2.1515e-01   5.6751e+01   2.1538e+01   0.0000e+00   0.0000e+00   3.5745e+02
20260525_07:00:00   2.1691e-01   5.7078e+01   2.1869e+01   0.0000e+00   0.0000e+00   3.5567e+02
20260525_08:00:00   2.1908e-01   5.7517e+01   2.2215e+01   0.0000e+00   0.0000e+00   3.5652e+02
20260525_09:00:00   2.1977e-01   5.7670e+01   2.2314e+01   0.0000e+00   0.0000e+00   3.5539e+02
20260525_10:00:00   2.2307e-01   5.8349e+01   2.2646e+01   0.0000e+00   2.6020e-07   3.5483e+02
20260525_11:00:00   2.2531e-01   5.8829e+01   2.2751e+01   0.0000e+00   2.0800e-07   3.5396e+02
20260525_12:00:00   2.2693e-01   5.9198e+01   2.2965e+01   0.0000e+00   4.9280e-07   3.5485e+02
20260525_13:00:00   2.2919e-01   5.9737e+01   2.3221e+01   0.0000e+00   2.6020e-07   3.5538e+02
20260525_14:00:00   2.3175e-01   6.0345e+01   2.3641e+01   0.0000e+00   0.0000e+00   3.5566e+02
20260525_15:00:00   2.3286e-01   6.0655e+01   2.3711e+01   0.0000e+00   0.0000e+00   3.5519e+02
20260525_16:00:00   2.3884e-01   6.2183e+01   2.4082e+01   0.0000e+00   0.0000e+00   3.5499e+02
20260525_17:00:00   2.4057e-01   6.2844e+01   2.4032e+01   0.0000e+00   0.0000e+00   3.5448e+02
20260525_18:00:00   2.3630e-01   6.2092e+01   2.3321e+01   0.0000e+00   0.0000e+00   3.5429e+02
20260525_19:00:00   2.4442e-01   6.3999e+01   2.4191e+01   0.0000e+00   0.0000e+00   3.5514e+02
20260525_20:00:00   2.4977e-01   6.5270e+01   2.4883e+01   0.0000e+00   0.0000e+00   3.5678e+02
20260525_21:00:00   2.5071e-01   6.5639e+01   2.4809e+01   0.0000e+00   1.3108e-05   3.5706e+02
20260525_22:00:00   2.5856e-01   6.7488e+01   2.5405e+01   0.0000e+00   0.0000e+00   3.5738e+02
20260525_23:00:00   2.7158e-01   7.0346e+01   2.6603e+01   0.0000e+00   0.0000e+00   3.6043e+02
20260526_00:00:00   2.6987e-01   7.0032e+01   2.6221e+01   0.0000e+00   0.0000e+00   3.5888e+02
20260526_01:00:00   2.7011e-01   7.0114e+01   2.6143e+01   0.0000e+00   0.0000e+00   3.5736e+02
20260526_02:00:00   2.6733e-01   6.9518e+01   2.5787e+01   0.0000e+00   0.0000e+00   3.5596e+02
20260526_03:00:00   2.6902e-01   6.9851e+01   2.5953e+01   0.0000e+00   0.0000e+00   3.5551e+02
20260526_04:00:00   2.7054e-01   7.0115e+01   2.6091e+01   0.0000e+00   2.3400e-06   3.5522e+02
20260526_05:00:00   2.6605e-01   6.9049e+01   2.5792e+01   0.0000e+00   3.7700e-05   3.5446e+02
20260526_06:00:00   2.6600e-01   6.8926e+01   2.6039e+01   0.0000e+00   9.1980e-05   3.5409e+02
20260526_07:00:00   2.6586e-01   6.8775e+01   2.6244e+01   0.0000e+00   2.6020e-07   3.4987e+02
20260526_08:00:00   2.5864e-01   6.7139e+01   2.5587e+01   0.0000e+00   3.0280e-06   3.4955e+02
20260526_09:00:00   2.5707e-01   6.6775e+01   2.5260e+01   7.6600e-04   6.4460e-05   3.5006e+02
20260526_10:00:00   2.5384e-01   6.6079e+01   2.4818e+01   3.9120e-04   2.0800e-07   3.5268e+02
20260526_11:00:00   2.5034e-01   6.5279e+01   2.4520e+01   0.0000e+00   0.0000e+00   3.5242e+02
20260526_12:00:00   2.4637e-01   6.4387e+01   2.4208e+01   0.0000e+00   0.0000e+00   3.4989e+02
20260526_13:00:00   2.4682e-01   6.4489e+01   2.4268e+01   2.5540e-04   5.0400e-05   3.4771e+02
20260526_14:00:00   2.4665e-01   6.4506e+01   2.4224e+01   2.3500e-04   2.5200e-05   3.4685e+02
20260526_15:00:00   2.4833e-01   6.4939e+01   2.4498e+01   0.0000e+00   5.2560e-06   3.4822e+02
20260526_16:00:00   2.5664e-01   6.6841e+01   2.5311e+01   0.0000e+00   1.3108e-05   3.4880e+02
20260526_17:00:00   2.6254e-01   6.8214e+01   2.5993e+01   0.0000e+00   6.9040e-05   3.5046e+02
20260526_18:00:00   2.5743e-01   6.7134e+01   2.5679e+01   0.0000e+00   9.5240e-05   3.5098e+02
20260526_19:00:00   2.6883e-01   6.9683e+01   2.6898e+01   0.0000e+00   1.3108e-05   3.5089e+02
20260526_20:00:00   2.7186e-01   7.0405e+01   2.7281e+01   0.0000e+00   0.0000e+00   3.5120e+02
20260526_21:00:00   2.7224e-01   7.0545e+01   2.7425e+01   0.0000e+00   1.1418e-03   3.4989e+02
20260526_22:00:00   2.7559e-01   7.1294e+01   2.7864e+01   0.0000e+00   1.4580e-03   3.4921e+02
20260526_23:00:00   2.7743e-01   7.1708e+01   2.8092e+01   0.0000e+00   4.6760e-03   3.4906e+02
20260527_00:00:00   2.8035e-01   7.2347e+01   2.8347e+01   0.0000e+00   1.6692e-02   3.4837e+02
20260527_01:00:00   2.8104e-01   7.2447e+01   2.8487e+01   0.0000e+00   2.2874e-02   3.4570e+02
20260527_02:00:00   2.8600e-01   7.3478e+01   2.8957e+01   0.0000e+00   7.3995e-03   3.4510e+02
20260527_03:00:00   2.8174e-01   7.2578e+01   2.8421e+01   0.0000e+00   1.0132e-02   3.4597e+02
20260527_04:00:00   2.8149e-01   7.2525e+01   2.8195e+01   0.0000e+00   9.1815e-03   3.4712e+02
20260527_05:00:00   2.8823e-01   7.3897e+01   2.8824e+01   0.0000e+00   7.5740e-03   3.4561e+02
20260527_06:00:00   2.9384e-01   7.5037e+01   2.9237e+01   0.0000e+00   7.0543e-03   3.4556e+02
20260527_07:00:00   2.9372e-01   7.5005e+01   2.8943e+01   0.0000e+00   5.4478e-03   3.4434e+02
20260527_08:00:00   2.8682e-01   7.3520e+01   2.8031e+01   0.0000e+00   1.1299e-02   3.4518e+02
20260527_09:00:00   2.9246e-01   7.4654e+01   2.8394e+01   0.0000e+00   3.1048e-02   3.4411e+02
20260527_10:00:00   3.0236e-01   7.6669e+01   2.9238e+01   0.0000e+00   7.8900e-02   3.4389e+02
20260527_11:00:00   3.0453e-01   7.7039e+01   2.9742e+01   0.0000e+00   1.6059e-01   3.4611e+02
20260527_12:00:00   3.0010e-01   7.6097e+01   2.9490e+01   0.0000e+00   9.0828e-02   3.4484e+02
20260527_15:00:00   3.1153e-01   7.8342e+01   3.1102e+01   0.0000e+00   6.2724e-02   3.4427e+02
20260527_18:00:00   3.4052e-01   8.4237e+01   3.4866e+01   0.0000e+00   1.8642e-01   3.4603e+02
20260527_21:00:00   3.7349e-01   9.0615e+01   3.8405e+01   0.0000e+00   2.1384e-01   3.4064e+02
20260528_00:00:00   3.7680e-01   9.1182e+01   3.9228e+01   0.0000e+00   1.2383e-02   3.4128e+02
20260528_03:00:00   4.0830e-01   9.6518e+01   3.9613e+01   3.0277e-02   7.6028e-02   3.4617e+02
20260528_06:00:00   3.4745e-01   8.5352e+01   3.5704e+01   0.0000e+00   3.1025e-04   3.4440e+02
20260528_09:00:00   3.5695e-01   8.6997e+01   3.6366e+01   0.0000e+00   1.7146e-04   3.3883e+02
20260528_12:00:00   3.2590e-01   8.0811e+01   3.2848e+01   0.0000e+00   2.0358e-03   3.4017e+02
20260528_15:00:00   3.1548e-01   7.8993e+01   3.0318e+01   0.0000e+00   0.0000e+00   3.4420e+02
20260528_18:00:00   3.4464e-01   8.5389e+01   3.0802e+01   2.2380e-02   0.0000e+00   3.4426e+02
20260528_21:00:00   3.6828e-01   9.0188e+01   3.0618e+01   5.0491e-02   9.3720e-04   3.4222e+02
20260529_00:00:00   2.9846e-01   7.5965e+01   2.7191e+01   1.6908e-05   2.5594e-04   3.4261e+02
20260529_03:00:00   2.6454e-01   6.8472e+01   2.3946e+01   0.0000e+00   5.2970e-03   3.4193e+02
20260529_06:00:00   1.8405e-01   4.9975e+01   1.6416e+01   0.0000e+00   5.1187e-03   3.4243e+02
20260529_09:00:00   1.6913e-01   4.6279e+01   1.4907e+01   0.0000e+00   8.3371e-04   3.4236e+02
20260529_12:00:00   1.7980e-01   4.8665e+01   1.6329e+01   0.0000e+00   1.7826e-04   3.4531e+02
20260529_15:00:00   2.2475e-01   5.8958e+01   2.1504e+01   0.0000e+00   1.8162e-04   3.4474e+02
20260529_18:00:00   2.6858e-01   6.8794e+01   2.6323e+01   0.0000e+00   3.2855e-04   3.4470e+02
20260529_21:00:00   3.0587e-01   7.6845e+01   3.0100e+01   1.0988e-03   3.1022e-03   3.4615e+02
20260530_00:00:00   3.9004e-01   9.3123e+01   3.8277e+01   8.5258e-03   1.9035e-04   3.4648e+02
20260530_03:00:00   3.4785e-01   8.4487e+01   3.4129e+01   2.4068e-03   8.4433e-04   3.4823e+02
20260530_06:00:00   3.8011e-01   8.9986e+01   2.7294e+01   1.1615e-01   6.0540e-05   3.4911e+02
20260530_09:00:00   2.1054e-01   5.4958e+01   1.9319e+01   1.1452e-03   6.1240e-05   3.5982e+02
20260530_12:00:00   1.4051e-01   3.8634e+01   1.0900e+01   0.0000e+00   4.5780e-04   3.6360e+02
20260530_15:00:00   1.3571e-01   3.7465e+01   9.9870e+00   0.0000e+00   1.2171e-04   3.6691e+02
20260530_18:00:00   1.5795e-01   4.2874e+01   1.2390e+01   0.0000e+00   2.0827e-03   3.5924e+02
20260530_21:00:00   1.6611e-01   4.4830e+01   1.3631e+01   0.0000e+00   5.2360e-05   3.6182e+02
20260531_00:00:00   1.8201e-01   4.8475e+01   1.5208e+01   0.0000e+00   1.1902e-03   3.5948e+02
20260531_03:00:00   1.5654e-01   4.2324e+01   1.2528e+01   0.0000e+00   2.1080e-06   3.6309e+02
20260531_06:00:00   1.5641e-01   4.2171e+01   1.2324e+01   0.0000e+00   0.0000e+00   3.6671e+02
20260531_09:00:00   1.7679e-01   4.6866e+01   1.4191e+01   1.3656e-03   0.0000e+00   3.7631e+02
20260531_12:00:00   1.5642e-01   4.2047e+01   1.2131e+01   0.0000e+00   0.0000e+00   3.8963e+02
20260531_15:00:00   1.7232e-01   4.5735e+01   1.3810e+01   0.0000e+00   0.0000e+00   4.2661e+02
20260531_18:00:00   2.2196e-01   5.6844e+01   1.5408e+01   4.0326e-02   2.6617e-04   4.3108e+02
20260531_21:00:00   4.0563e-01   9.3186e+01   1.5597e+01   2.4513e-01   3.4071e-04   4.2359e+02
20260601_00:00:00   4.7683e-01   1.0574e+02   1.7421e+01   3.0569e-01   4.5212e-04   4.1831e+02
20260601_03:00:00   2.2451e-01   5.7672e+01   1.7386e+01   2.1960e-02   1.9446e-04   4.1040e+02
20260601_06:00:00   1.8219e-01   4.8236e+01   1.4839e+01   0.0000e+00   0.0000e+00   3.9999e+02
20260601_09:00:00   1.8279e-01   4.8270e+01   1.5096e+01   0.0000e+00   0.0000e+00   3.9287e+02
20260601_12:00:00   1.6213e-01   4.3495e+01   1.2962e+01   0.0000e+00   0.0000e+00   3.9779e+02
20260601_15:00:00   1.7980e-01   4.7767e+01   1.4433e+01   0.0000e+00   0.0000e+00   4.0097e+02
20260601_18:00:00   1.8759e-01   4.9716e+01   1.5758e+01   0.0000e+00   1.2148e-04   3.8487e+02
20260601_21:00:00   1.8368e-01   4.8782e+01   1.6208e+01   0.0000e+00   3.1507e-01   3.6693e+02
20260602_00:00:00   1.7890e-01   4.8022e+01   1.4777e+01   0.0000e+00   9.6834e-03   3.7231e+02
20260602_03:00:00   1.7053e-01   4.6160e+01   1.3444e+01   0.0000e+00   2.6319e-03   3.7318e+02
20260602_06:00:00   1.7386e-01   4.6908e+01   1.4409e+01   0.0000e+00   0.0000e+00   3.7465e+02
20260602_09:00:00   1.7310e-01   4.6608e+01   1.5107e+01   0.0000e+00   0.0000e+00   3.6493e+02
20260602_12:00:00   1.9877e-01   5.2465e+01   1.8453e+01   0.0000e+00   0.0000e+00   3.5777e+02
20260602_15:00:00   2.1866e-01   5.7052e+01   2.0993e+01   0.0000e+00   2.9780e-04   3.5232e+02
20260602_18:00:00   2.3658e-01   6.1375e+01   2.3231e+01   0.0000e+00   0.0000e+00   3.5537e+02
20260602_21:00:00   2.5352e-01   6.5392e+01   2.4888e+01   0.0000e+00   0.0000e+00   3.5679e+02
20260603_00:00:00   2.5512e-01   6.5843e+01   2.5292e+01   0.0000e+00   0.0000e+00   3.5726e+02
20260603_03:00:00   2.3912e-01   6.2391e+01   2.3107e+01   0.0000e+00   0.0000e+00   3.5738e+02
20260603_06:00:00   2.3618e-01   6.1773e+01   2.2283e+01   0.0000e+00   0.0000e+00   3.5472e+02
20260603_09:00:00   2.4491e-01   6.3638e+01   2.2758e+01   0.0000e+00   0.0000e+00   3.5070e+02
20260603_12:00:00   2.5423e-01   6.5611e+01   2.3806e+01   0.0000e+00   0.0000e+00   3.4953e+02
20260603_15:00:00   2.6005e-01   6.7045e+01   2.4419e+01   0.0000e+00   0.0000e+00   3.4971e+02
20260603_18:00:00   2.7999e-01   7.1621e+01   2.6698e+01   0.0000e+00   0.0000e+00   3.5279e+02
20260603_21:00:00   2.8105e-01   7.2026e+01   2.6851e+01   0.0000e+00   0.0000e+00   3.5469e+02
20260604_00:00:00   2.7012e-01   6.9768e+01   2.5693e+01   0.0000e+00   0.0000e+00   3.5487e+02
20260604_03:00:00   2.5846e-01   6.7135e+01   2.4470e+01   0.0000e+00   0.0000e+00   3.5383e+02
20260604_06:00:00   2.5612e-01   6.6483e+01   2.4261e+01   0.0000e+00   0.0000e+00   3.5549e+02
20260604_09:00:00   2.5642e-01   6.6403e+01   2.4115e+01   0.0000e+00   0.0000e+00   3.6323e+02
20260604_12:00:00   2.5013e-01   6.4986e+01   2.3142e+01   0.0000e+00   0.0000e+00   3.6172e+02
20260604_15:00:00   2.6586e-01   6.8634e+01   2.4551e+01   0.0000e+00   0.0000e+00   3.6269e+02
20260604_18:00:00   2.7773e-01   7.1480e+01   2.6170e+01   0.0000e+00   0.0000e+00   3.6030e+02
20260604_21:00:00   3.0710e-01   7.7551e+01   2.8567e+01   1.9357e-02   0.0000e+00   3.4882e+02
20260605_00:00:00   8.0177e-01   1.5702e+02   3.1804e+01   5.5678e-01   0.0000e+00   3.4473e+02
20260605_03:00:00   4.4371e-01   1.0337e+02   3.0696e+01   1.5395e-01   0.0000e+00   3.4344e+02
20260605_06:00:00   2.9616e-01   7.5240e+01   2.8132e+01   9.3892e-03   0.0000e+00   3.4268e+02
20260605_09:00:00   4.1435e-01   9.7928e+01   3.0705e+01   1.1993e-01   1.6604e-05   3.4187e+02
20260605_12:00:00   2.9127e-01   7.3961e+01   2.9214e+01   0.0000e+00   4.2020e-05   3.4557e+02
20260605_15:00:00   3.0635e-01   7.7271e+01   3.0452e+01   0.0000e+00   0.0000e+00   3.4275e+02
20260605_18:00:00   3.1241e-01   7.8792e+01   3.1079e+01   0.0000e+00   4.4800e-05   3.4498e+02
20260605_21:00:00   3.1311e-01   7.9018e+01   3.1605e+01   8.0400e-05   2.6300e-04   3.4639e+02
20260606_00:00:00   3.1365e-01   7.9383e+01   3.1350e+01   0.0000e+00   3.2923e-04   3.4543e+02
20260606_03:00:00   2.8909e-01   7.4096e+01   2.9020e+01   0.0000e+00   1.0173e-02   3.4604e+02
20260606_06:00:00   2.7070e-01   6.9918e+01   2.7378e+01   0.0000e+00   1.3411e-04   3.4155e+02
20260606_09:00:00   2.0911e-01   5.6005e+01   2.0805e+01   0.0000e+00   3.6661e-04   3.3950e+02
20260606_12:00:00   2.1353e-01   5.6912e+01   2.1172e+01   0.0000e+00   2.4422e-03   3.3922e+02
20260606_15:00:00   2.3418e-01   6.1790e+01   2.2774e+01   0.0000e+00   5.4124e-03   3.3882e+02
20260606_18:00:00   2.4579e-01   6.4768e+01   2.4223e+01   0.0000e+00   8.4610e-03   3.3209e+02
20260606_21:00:00   3.4945e-01   8.6443e+01   3.7081e+01   0.0000e+00   1.1307e-01   3.2697e+02
20260607_00:00:00   3.8864e-01   9.4150e+01   4.1038e+01   0.0000e+00   1.8388e-02   3.2964e+02
20260607_03:00:00   3.7537e-01   9.2203e+01   3.7923e+01   0.0000e+00   0.0000e+00   3.3500e+02
20260607_06:00:00   3.9277e-01   9.5355e+01   4.0035e+01   0.0000e+00   1.4130e-02   3.3417e+02
20260607_09:00:00   3.9702e-01   9.5800e+01   4.1435e+01   0.0000e+00   1.1098e-02   3.2984e+02
20260607_12:00:00   3.5863e-01   8.8589e+01   3.5852e+01   0.0000e+00   2.6180e-03   3.2815e+02
