#            date       tau255        Tb[K]      pwv[mm] lwp[kg*m^-2] iwp[kg*m^-2]       o3[DU]
20260702_18:00:00   4.0406e-01   9.8927e+01   3.9622e+01   0.0000e+00   0.0000e+00   3.1338e+02
20260702_19:00:00   4.1539e-01   1.0111e+02   4.0869e+01   6.1600e-07   1.2300e-05   3.1316e+02
20260702_20:00:00   4.1493e-01   1.0100e+02   4.1553e+01   0.0000e+00   9.0483e-04   3.1257e+02
20260702_21:00:00   4.3461e-01   1.0461e+02   4.3788e+01   0.0000e+00   1.4188e-03   3.1168e+02
20260702_22:00:00   4.5485e-01   1.0814e+02   4.6883e+01   0.0000e+00   7.6290e-03   3.1208e+02
20260702_23:00:00   4.5075e-01   1.0745e+02   4.6343e+01   0.0000e+00   1.4989e-02   3.1173e+02
20260703_00:00:00   4.3939e-01   1.0549e+02   4.4985e+01   0.0000e+00   6.3674e-03   3.1163e+02
20260703_01:00:00   4.2564e-01   1.0283e+02   4.4093e+01   0.0000e+00   3.1083e-03   3.1073e+02
20260703_02:00:00   4.3939e-01   1.0536e+02   4.5142e+01   5.2020e-07   2.1720e-05   3.1180e+02
20260703_03:00:00   4.2926e-01   1.0350e+02   4.3888e+01   0.0000e+00   1.3170e-06   3.0945e+02
20260703_04:00:00   4.0457e-01   9.8801e+01   4.1559e+01   3.9020e-06   7.7334e-05   3.1003e+02
20260703_05:00:00   4.1157e-01   1.0010e+02   4.1991e+01   0.0000e+00   3.9026e-05   3.1194e+02
20260703_06:00:00   3.9245e-01   9.6410e+01   4.0156e+01   0.0000e+00   8.8024e-06   3.1318e+02
20260703_07:00:00   3.9052e-01   9.5823e+01   4.0370e+01   5.2020e-07   1.3100e-05   3.1521e+02
20260703_08:00:00   4.0562e-01   9.8606e+01   4.1897e+01   5.2020e-07   6.8308e-05   3.1784e+02
20260703_09:00:00   3.9360e-01   9.6335e+01   4.0644e+01   0.0000e+00   6.3497e-04   3.2047e+02
20260703_10:00:00   3.9999e-01   9.7547e+01   4.0995e+01   0.0000e+00   2.0800e-06   3.2177e+02
20260703_11:00:00   3.9754e-01   9.7048e+01   4.0816e+01   0.0000e+00   1.1764e-04   3.2110e+02
20260703_12:00:00   4.2330e-01   1.0191e+02   4.3081e+01   1.5606e-06   0.0000e+00   3.2002e+02
20260703_13:00:00   4.4229e-01   1.0539e+02   4.4448e+01   3.8720e-03   2.5718e-05   3.1857e+02
20260703_14:00:00   5.6993e-01   1.2700e+02   4.6810e+01   1.2507e-01   5.7456e-04   3.1682e+02
20260703_15:00:00   5.2163e-01   1.1884e+02   4.7323e+01   5.8920e-02   3.9273e-03   3.1635e+02
20260703_16:00:00   4.4583e-01   1.0549e+02   4.5666e+01   1.9372e-04   6.6168e-03   3.1478e+02
20260703_17:00:00   4.2920e-01   1.0268e+02   4.4574e+01   2.2812e-05   1.5782e-03   3.1504e+02
20260703_18:00:00   4.7259e-01   1.1059e+02   4.7549e+01   1.4422e-02   7.9782e-06   3.1610e+02
20260703_19:00:00   4.9400e-01   1.1466e+02   4.9134e+01   3.9806e-03   3.5834e-04   3.1654e+02
20260703_20:00:00   4.9428e-01   1.1486e+02   4.9562e+01   6.4460e-03   1.4352e-02   3.1585e+02
20260703_21:00:00   4.6708e-01   1.1020e+02   4.7585e+01   2.3820e-03   1.6596e-03   3.1517e+02
20260703_22:00:00   4.6601e-01   1.1021e+02   4.7318e+01   0.0000e+00   2.1421e-03   3.1693e+02
20260703_23:00:00   4.7064e-01   1.1116e+02   4.7361e+01   0.0000e+00   4.6585e-03   3.1968e+02
20260704_00:00:00   4.5085e-01   1.0761e+02   4.5715e+01   0.0000e+00   2.5505e-03   3.2223e+02
20260704_01:00:00   4.4080e-01   1.0579e+02   4.4720e+01   0.0000e+00   5.2020e-06   3.2328e+02
20260704_02:00:00   4.0027e-01   9.8150e+01   4.0742e+01   0.0000e+00   2.3217e-03   3.2326e+02
20260704_03:00:00   3.9517e-01   9.6986e+01   4.0306e+01   0.0000e+00   1.7780e-04   3.2822e+02
20260704_04:00:00   4.0590e-01   9.9091e+01   4.0748e+01   0.0000e+00   0.0000e+00   3.3101e+02
20260704_05:00:00   4.0674e-01   9.9214e+01   4.0542e+01   0.0000e+00   2.8315e-05   3.2760e+02
20260704_06:00:00   3.9796e-01   9.7376e+01   4.0082e+01   0.0000e+00   5.4338e-04   3.2580e+02
20260704_07:00:00   3.7899e-01   9.3774e+01   3.7738e+01   0.0000e+00   4.8354e-04   3.2394e+02
20260704_08:00:00   3.6523e-01   9.1087e+01   3.6056e+01   0.0000e+00   1.2717e-03   3.2665e+02
20260704_09:00:00   3.9313e-01   9.6375e+01   3.9378e+01   0.0000e+00   4.6824e-04   3.2326e+02
20260704_10:00:00   3.7546e-01   9.3015e+01   3.7622e+01   0.0000e+00   2.1699e-03   3.2082e+02
20260704_11:00:00   4.0498e-01   9.8708e+01   4.0001e+01   0.0000e+00   7.7317e-03   3.1584e+02
20260704_12:00:00   4.4423e-01   1.0601e+02   4.3791e+01   4.9230e-05   1.4413e-02   3.1818e+02
20260704_13:00:00   4.5539e-01   1.0783e+02   4.4637e+01   0.0000e+00   7.5913e-03   3.2034e+02
20260704_14:00:00   4.1752e-01   1.0107e+02   4.2036e+01   0.0000e+00   3.5343e-03   3.2013e+02
20260704_15:00:00   4.3819e-01   1.0495e+02   4.4679e+01   0.0000e+00   3.3205e-03   3.2449e+02
20260704_16:00:00   4.7079e-01   1.1081e+02   4.7371e+01   3.1393e-05   2.8320e-03   3.2590e+02
20260704_17:00:00   4.3395e-01   1.0416e+02   4.4280e+01   0.0000e+00   2.2111e-03   3.2619e+02
20260704_18:00:00   4.1458e-01   1.0070e+02   4.2085e+01   3.6960e-06   2.9057e-03   3.2577e+02
20260704_19:00:00   4.2073e-01   1.0206e+02   4.2050e+01   0.0000e+00   3.9861e-03   3.2637e+02
20260704_20:00:00   4.3991e-01   1.0580e+02   4.3778e+01   5.3660e-05   3.8820e-03   3.2652e+02
20260704_21:00:00   4.5720e-01   1.0908e+02   4.5448e+01   0.0000e+00   5.3660e-05   3.3077e+02
20260704_22:00:00   4.7867e-01   1.1300e+02   4.6866e+01   3.5540e-03   0.0000e+00   3.3283e+02
20260704_23:00:00   4.8317e-01   1.1378e+02   4.7447e+01   2.0320e-03   5.5340e-06   3.3149e+02
20260705_00:00:00   4.5222e-01   1.0833e+02   4.4764e+01   0.0000e+00   0.0000e+00   3.3023e+02
20260705_01:00:00   4.5661e-01   1.0899e+02   4.5285e+01   0.0000e+00   0.0000e+00   3.3465e+02
20260705_02:00:00   4.5875e-01   1.0919e+02   4.5629e+01   0.0000e+00   4.6383e-02   3.2579e+02
20260705_03:00:00   4.4289e-01   1.0605e+02   4.4785e+01   0.0000e+00   2.6560e-01   3.2677e+02
20260705_04:00:00   4.7287e-01   1.1095e+02   4.7520e+01   0.0000e+00   3.4728e-01   3.2333e+02
20260705_05:00:00   4.4357e-01   1.0520e+02   4.5426e+01   4.1620e-06   2.6873e-01   3.2173e+02
20260705_06:00:00   4.3967e-01   1.0438e+02   4.5277e+01   7.6139e-04   2.3547e-01   3.2105e+02
20260705_07:00:00   4.2019e-01   1.0020e+02   4.4011e+01   2.3587e-04   1.4887e-01   3.2352e+02
20260705_08:00:00   3.6182e-01   8.8521e+01   3.8948e+01   0.0000e+00   1.3771e-01   3.2349e+02
20260705_09:00:00   3.1227e-01   7.8883e+01   3.3692e+01   0.0000e+00   3.4728e-03   3.2461e+02
20260705_10:00:00   3.2105e-01   8.0656e+01   3.4417e+01   0.0000e+00   3.0798e-05   3.2762e+02
20260705_11:00:00   3.5575e-01   8.7596e+01   3.5430e+01   1.4552e-02   1.2294e-04   3.2953e+02
20260705_12:00:00   3.4990e-01   8.6695e+01   3.4981e+01   0.0000e+00   0.0000e+00   3.3337e+02
20260705_13:00:00   3.6119e-01   8.9136e+01   3.5076e+01   0.0000e+00   0.0000e+00   3.4439e+02
20260705_14:00:00   3.7490e-01   9.1978e+01   3.5943e+01   0.0000e+00   0.0000e+00   3.4054e+02
20260705_15:00:00   3.7468e-01   9.2055e+01   3.5791e+01   0.0000e+00   0.0000e+00   3.4334e+02
20260705_16:00:00   3.6348e-01   9.0037e+01   3.4543e+01   6.0060e-06   1.3940e-03   3.4653e+02
20260705_17:00:00   3.7086e-01   9.1627e+01   3.4673e+01   0.0000e+00   1.2846e-04   3.4762e+02
20260705_18:00:00   3.6404e-01   9.0407e+01   3.3683e+01   2.6520e-03   0.0000e+00   3.4489e+02
20260705_19:00:00   3.6491e-01   9.0570e+01   3.4394e+01   2.7840e-04   0.0000e+00   3.4324e+02
20260705_20:00:00   3.6605e-01   9.0693e+01   3.5116e+01   1.0282e-04   2.6220e-05   3.4193e+02
20260705_21:00:00   3.5965e-01   8.9527e+01   3.4035e+01   2.6220e-05   0.0000e+00   3.3773e+02
20260705_22:00:00   3.5815e-01   8.9254e+01   3.3757e+01   0.0000e+00   0.0000e+00   3.3527e+02
20260705_23:00:00   3.5148e-01   8.7839e+01   3.3298e+01   0.0000e+00   0.0000e+00   3.3210e+02
20260706_00:00:00   3.2567e-01   8.2578e+01   3.0321e+01   0.0000e+00   0.0000e+00   3.2806e+02
20260706_01:00:00   3.1485e-01   8.0237e+01   2.9021e+01   0.0000e+00   0.0000e+00   3.2697e+02
20260706_02:00:00   3.0605e-01   7.8211e+01   2.8618e+01   0.0000e+00   0.0000e+00   3.2482e+02
20260706_03:00:00   2.8698e-01   7.4076e+01   2.6975e+01   0.0000e+00   0.0000e+00   3.2336e+02
20260706_04:00:00   2.7447e-01   7.1304e+01   2.5583e+01   0.0000e+00   0.0000e+00   3.2193e+02
20260706_05:00:00   2.7185e-01   7.0654e+01   2.5085e+01   0.0000e+00   0.0000e+00   3.2383e+02
20260706_06:00:00   2.6513e-01   6.9103e+01   2.4427e+01   0.0000e+00   0.0000e+00   3.2465e+02
20260706_07:00:00   2.5285e-01   6.6355e+01   2.3074e+01   0.0000e+00   0.0000e+00   3.2441e+02
20260706_08:00:00   2.4475e-01   6.4473e+01   2.2154e+01   0.0000e+00   0.0000e+00   3.2417e+02
20260706_09:00:00   2.3971e-01   6.3269e+01   2.1734e+01   0.0000e+00   0.0000e+00   3.2655e+02
20260706_10:00:00   2.3044e-01   6.1149e+01   2.0838e+01   0.0000e+00   0.0000e+00   3.2657e+02
20260706_11:00:00   2.1834e-01   5.8381e+01   1.9489e+01   0.0000e+00   0.0000e+00   3.2605e+02
20260706_12:00:00   2.0337e-01   5.4904e+01   1.7941e+01   0.0000e+00   0.0000e+00   3.2497e+02
20260706_13:00:00   1.9056e-01   5.1929e+01   1.6487e+01   0.0000e+00   0.0000e+00   3.2447e+02
20260706_14:00:00   1.9562e-01   5.3133e+01   1.6862e+01   0.0000e+00   0.0000e+00   3.2478e+02
20260706_15:00:00   2.0387e-01   5.5116e+01   1.7642e+01   0.0000e+00   0.0000e+00   3.2368e+02
20260706_16:00:00   2.0855e-01   5.6286e+01   1.7933e+01   0.0000e+00   0.0000e+00   3.2543e+02
20260706_17:00:00   2.1423e-01   5.7694e+01   1.8417e+01   0.0000e+00   0.0000e+00   3.2365e+02
20260706_18:00:00   2.1533e-01   5.8038e+01   1.8681e+01   0.0000e+00   0.0000e+00   3.2203e+02
20260706_19:00:00   2.3972e-01   6.3625e+01   2.1099e+01   0.0000e+00   0.0000e+00   3.2305e+02
20260706_20:00:00   2.4724e-01   6.5403e+01   2.1886e+01   0.0000e+00   0.0000e+00   3.2201e+02
20260706_21:00:00   2.5261e-01   6.6664e+01   2.2473e+01   0.0000e+00   0.0000e+00   3.2372e+02
20260706_22:00:00   2.5752e-01   6.7816e+01   2.2887e+01   0.0000e+00   0.0000e+00   3.2375e+02
20260706_23:00:00   2.6001e-01   6.8418e+01   2.3057e+01   0.0000e+00   0.0000e+00   3.2355e+02
20260707_00:00:00   2.5832e-01   6.8079e+01   2.2858e+01   0.0000e+00   0.0000e+00   3.2234e+02
20260707_01:00:00   2.5077e-01   6.6426e+01   2.2132e+01   0.0000e+00   0.0000e+00   3.2197e+02
20260707_02:00:00   2.4619e-01   6.5405e+01   2.1552e+01   0.0000e+00   0.0000e+00   3.2043e+02
20260707_03:00:00   2.4432e-01   6.4981e+01   2.1171e+01   0.0000e+00   0.0000e+00   3.2085e+02
20260707_04:00:00   2.5212e-01   6.6669e+01   2.1637e+01   0.0000e+00   0.0000e+00   3.2130e+02
20260707_05:00:00   2.5047e-01   6.6236e+01   2.1310e+01   0.0000e+00   6.2420e-06   3.2095e+02
20260707_06:00:00   2.5498e-01   6.7167e+01   2.1719e+01   0.0000e+00   2.1860e-04   3.2018e+02
20260707_07:00:00   2.6281e-01   6.8795e+01   2.2495e+01   0.0000e+00   1.6236e-03   3.1801e+02
20260707_08:00:00   2.6402e-01   6.8998e+01   2.2679e+01   0.0000e+00   3.2760e-03   3.1690e+02
20260707_09:00:00   2.6112e-01   6.8317e+01   2.2467e+01   0.0000e+00   1.7304e-03   3.1582e+02
20260707_10:00:00   2.6078e-01   6.8202e+01   2.2466e+01   0.0000e+00   1.0193e-04   3.1693e+02
20260707_11:00:00   2.5478e-01   6.6871e+01   2.1995e+01   0.0000e+00   5.2480e-04   3.1702e+02
20260707_12:00:00   2.4740e-01   6.5231e+01   2.1405e+01   0.0000e+00   8.9100e-04   3.1515e+02
20260707_13:00:00   2.4359e-01   6.4400e+01   2.1160e+01   0.0000e+00   9.5380e-04   3.1351e+02
20260707_14:00:00   2.4289e-01   6.4292e+01   2.1240e+01   0.0000e+00   0.0000e+00   3.1349e+02
20260707_15:00:00   2.4633e-01   6.5141e+01   2.1624e+01   0.0000e+00   0.0000e+00   3.1784e+02
20260707_16:00:00   2.6432e-01   6.9202e+01   2.3236e+01   0.0000e+00   0.0000e+00   3.1965e+02
20260707_17:00:00   2.6060e-01   6.8498e+01   2.3209e+01   0.0000e+00   0.0000e+00   3.1968e+02
20260707_18:00:00   2.8166e-01   7.3143e+01   2.5357e+01   0.0000e+00   0.0000e+00   3.1969e+02
20260707_21:00:00   2.8235e-01   7.3541e+01   2.5958e+01   0.0000e+00   0.0000e+00   3.1556e+02
20260708_00:00:00   3.0023e-01   7.7388e+01   2.8137e+01   0.0000e+00   0.0000e+00   3.1543e+02
20260708_03:00:00   2.8430e-01   7.3870e+01   2.7021e+01   0.0000e+00   0.0000e+00   3.1526e+02
20260708_06:00:00   2.7123e-01   7.0899e+01   2.5081e+01   0.0000e+00   2.4780e-05   3.1587e+02
20260708_09:00:00   2.8243e-01   7.3111e+01   2.5421e+01   0.0000e+00   8.1860e-06   3.1368e+02
20260708_12:00:00   2.5339e-01   6.6706e+01   2.2430e+01   0.0000e+00   0.0000e+00   3.1227e+02
20260708_15:00:00   2.5544e-01   6.7234e+01   2.2617e+01   0.0000e+00   1.0194e-03   3.1392e+02
20260708_18:00:00   3.6896e-01   9.1267e+01   3.5626e+01   0.0000e+00   1.8053e-03   3.0997e+02
20260708_21:00:00   5.6351e-01   1.2572e+02   5.1853e+01   6.6462e-02   2.1893e-01   3.0846e+02
20260709_00:00:00   6.3287e-01   1.3506e+02   5.3911e+01   1.3035e-01   1.1446e+00   3.0791e+02
20260709_03:00:00   5.2078e-01   1.1887e+02   5.3792e+01   0.0000e+00   1.0928e-02   3.0792e+02
20260709_06:00:00   4.9762e-01   1.1460e+02   5.2134e+01   1.2512e-03   1.5325e-01   3.1030e+02
20260709_09:00:00   4.9766e-01   1.1504e+02   5.0265e+01   0.0000e+00   2.2387e-03   3.1178e+02
20260709_12:00:00   7.0475e-01   1.4883e+02   3.9015e+01   3.7646e-01   1.2320e-05   3.2430e+02
20260709_15:00:00   4.9242e-01   1.1461e+02   3.7130e+01   1.4294e-01   1.0038e-03   3.2754e+02
20260709_18:00:00   3.2378e-01   8.2358e+01   3.0284e+01   2.0290e-03   5.5680e-05   3.2488e+02
20260709_21:00:00   3.9690e-01   9.7073e+01   2.9648e+01   9.4300e-02   0.0000e+00   3.2377e+02
20260710_00:00:00   3.2750e-01   8.3120e+01   2.7570e+01   3.0180e-02   0.0000e+00   3.1687e+02
20260710_03:00:00   2.8446e-01   7.3756e+01   2.7064e+01   0.0000e+00   0.0000e+00   3.1216e+02
20260710_06:00:00   2.8537e-01   7.3779e+01   2.7641e+01   0.0000e+00   2.2140e-05   3.0977e+02
20260710_09:00:00   2.6287e-01   6.8593e+01   2.6557e+01   0.0000e+00   4.6693e-03   3.0908e+02
20260710_12:00:00   2.6255e-01   6.8463e+01   2.6119e+01   0.0000e+00   1.7408e-03   3.0964e+02
20260710_15:00:00   2.6321e-01   6.8643e+01   2.7200e+01   0.0000e+00   5.4786e-03   3.1181e+02
20260710_18:00:00   3.0873e-01   7.8729e+01   3.0947e+01   0.0000e+00   4.2519e-02   3.1643e+02
20260710_21:00:00   2.9253e-01   7.5736e+01   2.9032e+01   0.0000e+00   1.3108e-05   3.2300e+02
20260711_00:00:00   3.1289e-01   8.0168e+01   3.1182e+01   0.0000e+00   0.0000e+00   3.1838e+02
20260711_03:00:00   2.8860e-01   7.4959e+01   2.8780e+01   0.0000e+00   0.0000e+00   3.2043e+02
20260711_06:00:00   3.0975e-01   7.9544e+01   3.1161e+01   0.0000e+00   6.9900e-04   3.1617e+02
20260711_09:00:00   3.9308e-01   9.6259e+01   3.8862e+01   0.0000e+00   5.6060e-03   3.0795e+02
20260711_12:00:00   4.0536e-01   9.8535e+01   4.1772e+01   0.0000e+00   4.5684e-02   3.0713e+02
20260711_15:00:00   4.2437e-01   1.0233e+02   4.2140e+01   1.5254e-03   5.8540e-04   3.0867e+02
20260711_18:00:00   4.7308e-01   1.1215e+02   4.3214e+01   3.4340e-02   0.0000e+00   3.1122e+02
20260711_21:00:00   8.0964e-01   1.6370e+02   5.0589e+01   3.9579e-01   1.3988e-02   3.0959e+02
20260712_00:00:00   4.7981e-01   1.1277e+02   4.8300e+01   3.6960e-06   1.3332e-04   3.0910e+02
20260712_03:00:00   3.1592e-01   7.9562e+01   3.2648e+01   1.4659e-02   9.6833e-02   3.1664e+02
20260712_06:00:00   2.3018e-01   6.1266e+01   2.3766e+01   0.0000e+00   0.0000e+00   3.1928e+02
20260712_09:00:00   2.3479e-01   6.2025e+01   2.3353e+01   0.0000e+00   0.0000e+00   3.2542e+02
20260712_12:00:00   2.0379e-01   5.4669e+01   1.7983e+01   0.0000e+00   0.0000e+00   3.3434e+02
20260712_15:00:00   2.0264e-01   5.4116e+01   1.7443e+01   0.0000e+00   0.0000e+00   3.3493e+02
20260712_18:00:00   2.2241e-01   5.8519e+01   1.8458e+01   6.4520e-03   0.0000e+00   3.4025e+02
20260712_21:00:00   3.1126e-01   7.7272e+01   1.9698e+01   1.0210e-01   0.0000e+00   3.4637e+02
20260713_00:00:00   2.4368e-01   6.2930e+01   2.2288e+01   1.0404e-06   0.0000e+00   3.4742e+02
20260713_03:00:00   2.3226e-01   6.0445e+01   2.0777e+01   0.0000e+00   0.0000e+00   3.4856e+02
20260713_06:00:00   2.4295e-01   6.2665e+01   2.1732e+01   0.0000e+00   0.0000e+00   3.5370e+02
20260713_09:00:00   2.4592e-01   6.3096e+01   2.2262e+01   0.0000e+00   0.0000e+00   3.5304e+02
20260713_12:00:00   2.4267e-01   6.2322e+01   2.1769e+01   0.0000e+00   0.0000e+00   3.6102e+02
20260713_15:00:00   2.4507e-01   6.3009e+01   2.0264e+01   1.4285e-02   0.0000e+00   3.6524e+02
20260713_18:00:00   2.6994e-01   6.8665e+01   2.1564e+01   3.1301e-02   1.9268e-05   3.6701e+02
20260713_21:00:00   2.6552e-01   6.7863e+01   2.3290e+01   1.0616e-02   0.0000e+00   3.6159e+02
20260714_00:00:00   3.6552e-01   8.7817e+01   2.4744e+01   1.1128e-01   0.0000e+00   3.5783e+02
20260714_03:00:00   2.4113e-01   6.2655e+01   2.2259e+01   0.0000e+00   2.3600e-03   3.4557e+02
20260714_06:00:00   2.3374e-01   6.1035e+01   2.1416e+01   0.0000e+00   1.3704e-03   3.3505e+02
20260714_09:00:00   2.2422e-01   5.8923e+01   2.0248e+01   0.0000e+00   1.7508e-03   3.3096e+02
20260714_12:00:00   2.1696e-01   5.7259e+01   1.9750e+01   0.0000e+00   5.5340e-06   3.3375e+02
20260714_15:00:00   2.2119e-01   5.8310e+01   2.0593e+01   0.0000e+00   7.0180e-03   3.3038e+02
20260714_18:00:00   2.4477e-01   6.3632e+01   2.4206e+01   0.0000e+00   7.7967e-02   3.2625e+02
20260714_21:00:00   2.7944e-01   7.1205e+01   2.7993e+01   0.0000e+00   5.2061e-02   3.3384e+02
20260715_00:00:00   2.7564e-01   7.0452e+01   2.7180e+01   0.0000e+00   1.3688e-02   3.3418e+02
20260715_03:00:00   2.8227e-01   7.1935e+01   2.7830e+01   0.0000e+00   1.0106e-03   3.3584e+02
20260715_06:00:00   2.8870e-01   7.3384e+01   2.7884e+01   0.0000e+00   6.1160e-03   3.3729e+02
20260715_09:00:00   2.7051e-01   6.9603e+01   2.5535e+01   0.0000e+00   0.0000e+00   3.3759e+02
20260715_12:00:00   2.4757e-01   6.4649e+01   2.3064e+01   0.0000e+00   0.0000e+00   3.3699e+02
20260715_15:00:00   2.4022e-01   6.3105e+01   2.2139e+01   0.0000e+00   0.0000e+00   3.3198e+02
20260715_18:00:00   2.4869e-01   6.5402e+01   2.2397e+01   0.0000e+00   0.0000e+00   3.2845e+02
20260715_21:00:00   2.7337e-01   7.0970e+01   2.5242e+01   0.0000e+00   0.0000e+00   3.2643e+02
20260716_00:00:00   2.9757e-01   7.6128e+01   2.9006e+01   0.0000e+00   0.0000e+00   3.2282e+02
20260716_03:00:00   3.7777e-01   9.1904e+01   3.9633e+01   1.5110e-03   0.0000e+00   3.1964e+02
20260716_06:00:00   4.1359e-01   9.8956e+01   4.1995e+01   0.0000e+00   2.7102e-05   3.2225e+02
20260716_09:00:00   4.1159e-01   9.8950e+01   4.1433e+01   0.0000e+00   7.1160e-04   3.2518e+02
20260716_12:00:00   4.3495e-01   1.0302e+02   4.3045e+01   0.0000e+00   1.2272e-02   3.2117e+02
20260716_15:00:00   4.2242e-01   1.0082e+02   4.3587e+01   3.4143e-03   8.3179e-02   3.2247e+02
20260716_18:00:00   4.7323e-01   1.1075e+02   4.4404e+01   2.3784e-02   0.0000e+00   3.3769e+02
20260716_21:00:00   4.4593e-01   1.0603e+02   4.1503e+01   1.5239e-02   0.0000e+00   3.3935e+02
20260717_00:00:00   2.5852e-01   6.7585e+01   2.6514e+01   0.0000e+00   0.0000e+00   3.4242e+02
20260717_03:00:00   2.9726e-01   7.5939e+01   2.9158e+01   0.0000e+00   0.0000e+00   3.4209e+02
20260717_06:00:00   3.0352e-01   7.7042e+01   2.8763e+01   0.0000e+00   0.0000e+00   3.3938e+02
20260717_09:00:00   2.2630e-01   5.9720e+01   2.2023e+01   0.0000e+00   0.0000e+00   3.4153e+02
20260717_12:00:00   1.9662e-01   5.2757e+01   1.8206e+01   0.0000e+00   0.0000e+00   3.4274e+02
20260717_15:00:00   2.2388e-01   5.8993e+01   2.0987e+01   0.0000e+00   0.0000e+00   3.4546e+02
20260717_18:00:00   2.2058e-01   5.8288e+01   2.0659e+01   0.0000e+00   0.0000e+00   3.4454e+02
20260717_21:00:00   2.6503e-01   6.8200e+01   2.5134e+01   0.0000e+00   0.0000e+00   3.4321e+02
20260718_00:00:00   2.9016e-01   7.3641e+01   2.7353e+01   1.9528e-04   0.0000e+00   3.4555e+02
20260718_03:00:00   2.6379e-01   6.7843e+01   2.4928e+01   0.0000e+00   0.0000e+00   3.4649e+02
20260718_06:00:00   2.4986e-01   6.4726e+01   2.2907e+01   0.0000e+00   0.0000e+00   3.4494e+02
20260718_09:00:00   2.5821e-01   6.6338e+01   2.3873e+01   0.0000e+00   0.0000e+00   3.3762e+02
20260718_12:00:00   2.4853e-01   6.4082e+01   2.2973e+01   0.0000e+00   0.0000e+00   3.3500e+02
20260718_15:00:00   2.3164e-01   6.0467e+01   2.0972e+01   0.0000e+00   0.0000e+00   3.3741e+02
20260718_18:00:00   2.1208e-01   5.6224e+01   1.9061e+01   0.0000e+00   0.0000e+00   3.4312e+02
