#            date       tau255        Tb[K]      pwv[mm] lwp[kg*m^-2] iwp[kg*m^-2]       o3[DU]
20260618_18:00:00   2.7261e-01   6.9175e+01   2.2392e+01   2.8640e-02   0.0000e+00   3.3166e+02
20260618_19:00:00   2.7176e-01   6.9026e+01   2.2728e+01   2.3479e-02   0.0000e+00   3.2994e+02
20260618_20:00:00   4.0409e-01   9.5293e+01   2.3255e+01   1.7532e-01   0.0000e+00   3.3013e+02
20260618_21:00:00   3.9880e-01   9.3875e+01   2.3830e+01   1.6360e-01   1.1068e-06   3.2919e+02
20260618_22:00:00   3.4094e-01   8.2844e+01   2.4753e+01   8.9240e-02   0.0000e+00   3.2775e+02
20260618_23:00:00   2.6693e-01   6.7890e+01   2.5027e+01   1.4906e-03   0.0000e+00   3.2917e+02
20260619_00:00:00   2.7728e-01   7.0033e+01   2.6003e+01   1.0672e-03   0.0000e+00   3.3020e+02
20260619_01:00:00   2.5859e-01   6.6121e+01   2.4234e+01   0.0000e+00   0.0000e+00   3.3131e+02
20260619_02:00:00   2.5864e-01   6.6083e+01   2.4026e+01   0.0000e+00   1.0404e-07   3.3008e+02
20260619_03:00:00   2.5350e-01   6.4926e+01   2.3501e+01   1.7710e-04   3.7280e-06   3.3117e+02
20260619_04:00:00   2.5115e-01   6.4417e+01   2.2742e+01   4.6440e-03   4.6487e-05   3.3233e+02
20260619_05:00:00   2.3825e-01   6.1668e+01   2.1464e+01   0.0000e+00   0.0000e+00   3.3374e+02
20260619_06:00:00   2.2754e-01   5.9308e+01   2.0234e+01   0.0000e+00   0.0000e+00   3.3492e+02
20260619_07:00:00   2.1854e-01   5.7266e+01   1.9312e+01   0.0000e+00   0.0000e+00   3.3688e+02
20260619_08:00:00   2.1556e-01   5.6538e+01   1.9164e+01   0.0000e+00   0.0000e+00   3.3707e+02
20260619_09:00:00   2.0592e-01   5.4351e+01   1.8129e+01   0.0000e+00   0.0000e+00   3.3801e+02
20260619_10:00:00   2.0421e-01   5.3921e+01   1.7912e+01   0.0000e+00   0.0000e+00   3.3822e+02
20260619_11:00:00   2.0381e-01   5.3790e+01   1.7853e+01   0.0000e+00   0.0000e+00   3.3809e+02
20260619_12:00:00   2.1082e-01   5.5285e+01   1.8799e+01   0.0000e+00   1.5380e-05   3.3482e+02
20260619_13:00:00   2.1391e-01   5.5968e+01   1.9342e+01   0.0000e+00   2.0584e-04   3.3603e+02
20260619_14:00:00   2.2419e-01   5.8263e+01   2.0723e+01   0.0000e+00   9.0040e-04   3.3443e+02
20260619_15:00:00   2.3639e-01   6.1020e+01   2.2018e+01   0.0000e+00   0.0000e+00   3.3526e+02
20260619_16:00:00   2.4111e-01   6.2235e+01   2.2311e+01   0.0000e+00   0.0000e+00   3.3436e+02
20260619_17:00:00   2.5302e-01   6.4881e+01   2.3929e+01   0.0000e+00   1.0888e-02   3.3328e+02
20260619_18:00:00   2.7001e-01   6.8595e+01   2.5531e+01   1.7476e-04   4.8267e-03   3.3397e+02
20260619_19:00:00   2.8860e-01   7.2499e+01   2.7427e+01   1.7678e-03   4.1945e-04   3.3539e+02
20260619_20:00:00   3.0227e-01   7.5409e+01   2.8971e+01   4.4208e-04   9.8560e-07   3.3433e+02
20260619_21:00:00   3.3969e-01   8.2743e+01   3.0759e+01   2.8435e-02   2.0818e-04   3.3440e+02
20260619_22:00:00   1.2810e+00   2.0082e+02   3.4451e+01   1.0542e+00   1.0230e-01   3.3468e+02
20260619_23:00:00   5.1330e-01   1.1313e+02   2.8664e+01   2.5732e-01   2.7630e-02   3.3806e+02
20260620_00:00:00   1.0171e+00   1.7650e+02   2.8156e+01   8.3167e-01   2.8656e-01   3.3742e+02
20260620_01:00:00   8.6539e-01   1.6063e+02   2.5557e+01   6.8826e-01   2.0269e-02   3.3660e+02
20260620_02:00:00   3.5107e-01   8.4419e+01   2.7845e+01   8.6203e-02   8.7431e-02   3.3280e+02
20260620_03:00:00   4.0740e-01   9.4801e+01   2.7681e+01   1.4659e-01   1.0811e-01   3.3333e+02
20260620_04:00:00   3.8944e-01   9.1309e+01   2.8265e+01   1.2078e-01   3.5012e-01   3.3151e+02
20260620_05:00:00   2.4970e-01   6.4236e+01   2.2553e+01   1.5630e-02   7.3325e-03   3.3295e+02
20260620_06:00:00   2.5508e-01   6.5503e+01   2.4344e+01   9.5044e-04   1.7236e-02   3.3136e+02
20260620_07:00:00   2.5401e-01   6.5309e+01   2.3841e+01   0.0000e+00   5.0068e-03   3.3020e+02
20260620_08:00:00   2.4660e-01   6.3676e+01   2.2883e+01   0.0000e+00   5.4936e-02   3.2929e+02
20260620_09:00:00   2.4356e-01   6.3034e+01   2.2511e+01   0.0000e+00   1.4681e-03   3.3129e+02
20260620_10:00:00   2.3839e-01   6.1915e+01   2.1869e+01   0.0000e+00   0.0000e+00   3.3067e+02
20260620_11:00:00   2.3523e-01   6.1201e+01   2.1471e+01   0.0000e+00   9.7290e-05   3.2718e+02
20260620_12:00:00   2.3938e-01   6.2089e+01   2.1914e+01   0.0000e+00   2.2140e-06   3.2759e+02
20260620_13:00:00   2.4557e-01   6.3511e+01   2.2344e+01   0.0000e+00   0.0000e+00   3.2948e+02
20260620_14:00:00   2.5084e-01   6.4781e+01   2.2551e+01   0.0000e+00   0.0000e+00   3.3003e+02
20260620_15:00:00   2.6368e-01   6.7647e+01   2.3633e+01   0.0000e+00   0.0000e+00   3.2951e+02
20260620_16:00:00   2.8384e-01   7.2042e+01   2.5075e+01   7.2340e-03   0.0000e+00   3.2741e+02
20260620_17:00:00   2.8346e-01   7.2083e+01   2.5839e+01   0.0000e+00   0.0000e+00   3.2340e+02
20260620_18:00:00   2.9560e-01   7.4653e+01   2.7380e+01   2.7020e-03   1.3776e-04   3.2239e+02
20260620_19:00:00   3.0405e-01   7.6479e+01   2.7940e+01   1.0686e-02   2.0476e-04   3.2167e+02
20260620_20:00:00   3.0759e-01   7.7188e+01   2.9498e+01   3.5920e-03   1.9595e-03   3.2033e+02
20260620_21:00:00   3.2827e-01   8.1369e+01   3.2427e+01   6.1600e-04   7.2980e-03   3.2185e+02
20260620_22:00:00   3.4307e-01   8.4331e+01   3.4329e+01   5.2020e-07   5.6488e-03   3.2080e+02
20260620_23:00:00   3.6166e-01   8.7864e+01   3.6453e+01   0.0000e+00   2.0920e-02   3.2006e+02
20260621_00:00:00   3.5886e-01   8.7228e+01   3.6604e+01   0.0000e+00   2.2979e-01   3.1939e+02
20260621_01:00:00   3.5635e-01   8.6690e+01   3.6632e+01   0.0000e+00   2.6476e-01   3.1840e+02
20260621_02:00:00   3.6466e-01   8.8279e+01   3.7729e+01   1.0238e-04   1.0025e-01   3.1863e+02
20260621_03:00:00   3.7204e-01   8.9751e+01   3.8430e+01   0.0000e+00   6.8206e-02   3.1906e+02
20260621_04:00:00   3.7683e-01   9.0586e+01   3.9008e+01   0.0000e+00   2.1864e-01   3.1849e+02
20260621_05:00:00   3.7647e-01   9.0520e+01   3.8901e+01   5.1420e-05   1.0459e-01   3.1623e+02
20260621_06:00:00   4.6007e-01   1.0542e+02   4.0102e+01   7.8595e-02   2.8586e-01   3.1640e+02
20260621_07:00:00   3.9092e-01   9.3146e+01   3.9785e+01   2.1024e-03   1.5941e-01   3.1695e+02
20260621_08:00:00   6.5612e-01   1.3498e+02   4.1159e+01   2.8503e-01   4.3966e-01   3.1761e+02
20260621_09:00:00   1.0268e+00   1.7890e+02   4.1176e+01   6.9750e-01   3.4344e-01   3.1716e+02
20260621_10:00:00   1.1951e+00   1.9451e+02   4.2686e+01   8.7619e-01   4.2957e-01   3.1665e+02
20260621_11:00:00   1.3659e+00   2.0759e+02   4.3494e+01   1.0598e+00   3.9936e-01   3.1524e+02
20260621_12:00:00   1.7346e+00   2.2931e+02   4.4617e+01   1.4710e+00   5.5871e-01   3.1617e+02
20260621_13:00:00   2.4639e+00   2.5764e+02   4.4704e+01   2.3502e+00   4.7559e-01   3.1610e+02
20260621_14:00:00   2.2716e+00   2.5228e+02   4.3518e+01   2.1318e+00   1.5447e-01   3.1674e+02
20260621_15:00:00   1.7996e+00   2.3440e+02   4.2266e+01   1.5914e+00   3.1094e-02   3.1820e+02
20260621_16:00:00   1.9493e+00   2.4215e+02   4.2649e+01   1.7829e+00   1.1353e-02   3.2135e+02
20260621_17:00:00   1.6995e+00   2.3039e+02   4.3110e+01   1.4825e+00   1.3553e-02   3.2160e+02
20260621_18:00:00   1.5365e+00   2.2113e+02   4.3467e+01   1.2915e+00   4.4576e-02   3.2164e+02
20260621_19:00:00   1.5157e+00   2.1875e+02   4.3333e+01   1.2559e+00   3.3520e-01   3.2213e+02
20260621_20:00:00   5.1161e-01   1.1475e+02   4.0024e+01   1.3570e-01   3.7119e-02   3.2522e+02
20260621_21:00:00   5.0300e-01   1.1396e+02   3.8536e+01   1.4649e-01   0.0000e+00   3.2753e+02
20260621_22:00:00   4.0440e-01   9.5998e+01   3.7746e+01   3.4323e-02   2.4140e-05   3.3177e+02
20260621_23:00:00   4.2014e-01   9.8952e+01   3.7976e+01   5.3092e-02   1.5811e-03   3.3071e+02
20260622_00:00:00   4.5321e-01   1.0507e+02   3.8214e+01   9.4570e-02   4.2952e-04   3.3081e+02
20260622_01:00:00   4.3609e-01   1.0200e+02   3.7100e+01   8.1895e-02   5.1957e-04   3.3019e+02
20260622_02:00:00   4.3528e-01   1.0191e+02   3.5603e+01   8.7153e-02   4.4000e-05   3.3033e+02
20260622_03:00:00   4.2880e-01   1.0070e+02   3.5100e+01   8.5632e-02   0.0000e+00   3.3408e+02
20260622_04:00:00   3.7524e-01   9.0339e+01   3.5345e+01   1.6467e-02   0.0000e+00   3.3739e+02
20260622_05:00:00   3.7343e-01   8.9907e+01   3.5583e+01   1.5002e-02   5.4481e-06   3.3148e+02
20260622_06:00:00   4.4495e-01   1.0348e+02   3.4717e+01   1.1192e-01   0.0000e+00   3.3133e+02
20260622_07:00:00   5.4285e-01   1.2024e+02   3.5702e+01   2.2036e-01   2.1360e-04   3.3004e+02
20260622_08:00:00   3.9221e-01   9.3330e+01   3.5319e+01   3.9335e-02   2.6636e-03   3.2598e+02
20260622_09:00:00   6.1172e-01   1.3085e+02   3.5569e+01   3.0362e-01   3.3202e-03   3.2732e+02
20260622_10:00:00   6.0261e-01   1.2940e+02   3.5054e+01   2.9687e-01   3.3500e-03   3.2966e+02
20260622_11:00:00   4.9861e-01   1.1253e+02   3.4593e+01   1.8091e-01   2.7104e-06   3.3210e+02
20260622_12:00:00   4.5344e-01   1.0424e+02   3.4592e+01   1.2274e-01   9.9726e-05   3.3043e+02
20260622_13:00:00   6.4517e-01   1.3503e+02   3.5001e+01   3.5153e-01   4.4534e-03   3.2985e+02
20260622_14:00:00   6.8658e-01   1.4045e+02   3.5814e+01   3.9433e-01   1.2411e-01   3.3196e+02
20260622_15:00:00   7.8638e-01   1.5356e+02   3.6245e+01   5.0817e-01   8.5819e-02   3.3552e+02
20260622_16:00:00   6.2387e-01   1.3103e+02   3.6545e+01   3.1144e-01   4.3425e-02   3.3777e+02
20260622_17:00:00   5.2763e-01   1.1564e+02   3.7465e+01   1.8258e-01   2.5634e-01   3.4360e+02
20260622_18:00:00   8.8838e-01   1.6415e+02   3.7595e+01   5.9243e-01   1.0475e-01   3.4431e+02
20260622_19:00:00   5.2109e-01   1.1463e+02   3.6750e+01   1.8511e-01   1.7036e-01   3.4521e+02
20260622_20:00:00   6.4050e-01   1.3256e+02   3.7847e+01   3.0609e-01   5.2551e-01   3.4153e+02
20260622_21:00:00   1.2086e+00   1.9415e+02   3.7733e+01   9.4914e-01   6.7636e-01   3.4032e+02
20260622_22:00:00   1.2531e+00   1.9701e+02   3.6965e+01   1.0059e+00   9.4249e-01   3.4053e+02
20260622_23:00:00   7.3294e-01   1.4414e+02   3.5725e+01   4.3383e-01   1.1264e+00   3.4051e+02
20260623_00:00:00   5.4642e-01   1.1810e+02   3.5304e+01   2.3067e-01   6.3270e-01   3.4335e+02
20260623_01:00:00   4.7892e-01   1.0730e+02   3.3969e+01   1.6787e-01   8.0907e-02   3.4659e+02
20260623_02:00:00   5.0821e-01   1.1217e+02   3.2447e+01   2.1341e-01   1.7535e-02   3.4865e+02
20260623_03:00:00   4.3492e-01   9.9769e+01   3.1551e+01   1.4044e-01   1.6948e-03   3.5025e+02
20260623_04:00:00   3.1882e-01   7.8023e+01   3.0524e+01   1.8543e-02   6.6020e-05   3.5001e+02
20260623_05:00:00   3.2157e-01   7.8468e+01   2.9357e+01   3.3062e-02   4.4120e-05   3.5182e+02
20260623_06:00:00   3.3459e-01   8.0932e+01   2.8202e+01   6.1879e-02   4.9868e-05   3.5525e+02
20260623_07:00:00   3.6734e-01   8.7017e+01   2.7323e+01   1.0893e-01   7.9856e-05   3.5900e+02
20260623_08:00:00   4.0729e-01   9.4283e+01   2.6623e+01   1.6152e-01   3.2489e-04   3.6117e+02
20260623_09:00:00   3.0187e-01   7.4275e+01   2.5554e+01   5.0921e-02   7.0500e-04   3.5841e+02
20260623_10:00:00   2.4785e-01   6.3113e+01   2.4487e+01   2.1864e-04   2.9154e-04   3.5831e+02
20260623_11:00:00   2.4583e-01   6.2599e+01   2.3498e+01   7.0481e-03   2.0046e-04   3.5645e+02
20260623_12:00:00   2.3358e-01   5.9973e+01   2.2566e+01   2.9819e-03   3.8442e-04   3.5828e+02
20260623_13:00:00   2.2462e-01   5.8090e+01   2.1831e+01   1.2320e-06   1.1756e-04   3.5938e+02
20260623_14:00:00   2.3063e-01   5.9386e+01   2.2151e+01   5.6720e-03   1.9924e-05   3.5903e+02
20260623_15:00:00   2.2489e-01   5.8211e+01   2.1984e+01   0.0000e+00   0.0000e+00   3.5796e+02
20260623_16:00:00   2.3195e-01   5.9842e+01   2.2667e+01   5.2020e-07   0.0000e+00   3.5644e+02
20260623_17:00:00   2.4326e-01   6.2391e+01   2.3588e+01   0.0000e+00   0.0000e+00   3.5641e+02
20260623_18:00:00   2.4547e-01   6.2980e+01   2.3531e+01   4.3120e-06   0.0000e+00   3.5558e+02
20260623_21:00:00   2.7987e-01   7.0487e+01   2.4558e+01   2.0460e-02   4.2360e-05   3.5705e+02
20260624_00:00:00   2.5120e-01   6.4570e+01   2.3148e+01   0.0000e+00   0.0000e+00   3.5910e+02
20260624_03:00:00   2.6430e-01   6.7387e+01   2.4468e+01   0.0000e+00   0.0000e+00   3.6441e+02
20260624_06:00:00   2.7023e-01   6.8585e+01   2.4879e+01   0.0000e+00   1.4186e-03   3.5894e+02
20260624_09:00:00   2.8832e-01   7.2425e+01   2.5970e+01   0.0000e+00   0.0000e+00   3.5861e+02
20260624_12:00:00   2.4957e-01   6.4252e+01   2.2404e+01   7.4740e-06   2.4180e-05   3.5711e+02
20260624_15:00:00   2.4510e-01   6.3552e+01   2.1852e+01   0.0000e+00   2.6981e-03   3.5917e+02
20260624_18:00:00   2.7158e-01   6.9391e+01   2.5453e+01   8.0240e-05   5.5863e-04   3.5360e+02
20260624_21:00:00   2.6937e-01   6.9152e+01   2.4739e+01   0.0000e+00   3.1021e-03   3.5030e+02
20260625_00:00:00   2.7046e-01   6.9480e+01   2.4779e+01   0.0000e+00   0.0000e+00   3.4784e+02
20260625_03:00:00   2.6907e-01   6.9143e+01   2.4797e+01   0.0000e+00   2.9714e-05   3.4854e+02
20260625_06:00:00   7.1885e-01   1.4607e+02   3.1014e+01   4.6496e-01   1.3952e-04   3.4636e+02
20260625_09:00:00   3.9884e-01   9.4899e+01   3.6410e+01   2.4616e-02   1.4947e-03   3.5002e+02
20260625_12:00:00   3.8181e-01   9.1576e+01   3.7411e+01   5.8580e-04   3.0725e-04   3.4757e+02
20260625_15:00:00   3.9208e-01   9.3655e+01   3.9025e+01   1.4725e-03   6.3091e-03   3.4361e+02
20260625_18:00:00   4.4173e-01   1.0227e+02   3.9943e+01   6.2585e-02   6.8145e-01   3.3646e+02
20260625_21:00:00   5.7442e-01   1.2360e+02   3.9709e+01   2.2189e-01   5.6757e-01   3.3519e+02
20260626_00:00:00   1.5811e+00   2.2215e+02   4.2604e+01   1.3384e+00   2.4616e-01   3.3737e+02
20260626_03:00:00   7.1292e-01   1.4513e+02   4.4225e+01   3.1922e-01   6.2567e-02   3.3548e+02
20260626_06:00:00   1.9379e+00   2.4396e+02   4.0480e+01   1.8324e+00   1.0207e-03   3.2796e+02
20260626_09:00:00   6.4887e-01   1.3747e+02   3.8340e+01   3.0794e-01   8.4940e-04   3.3564e+02
20260626_12:00:00   6.8244e-01   1.4289e+02   3.5310e+01   3.8408e-01   1.3108e-05   3.3949e+02
20260626_15:00:00   4.2625e-01   1.0119e+02   3.3370e+01   9.0243e-02   1.3692e-04   3.4184e+02
20260626_18:00:00   7.1652e-01   1.4831e+02   3.4818e+01   4.3136e-01   2.1939e-04   3.4247e+02
20260626_21:00:00   4.4506e-01   1.0526e+02   3.5358e+01   9.0075e-02   2.2844e-04   3.3985e+02
20260627_00:00:00   4.2893e-01   1.0225e+02   4.0563e+01   8.1412e-03   3.2174e-03   3.3761e+02
20260627_03:00:00   4.7101e-01   1.0984e+02   4.5254e+01   1.3314e-03   3.3797e-03   3.3059e+02
20260627_06:00:00   6.2372e-01   1.3477e+02   4.9716e+01   1.5263e-01   6.3581e-01   3.2472e+02
20260627_09:00:00   6.3852e-01   1.3489e+02   4.8624e+01   1.9229e-01   4.5134e-01   3.1912e+02
20260627_12:00:00   4.6362e-01   1.0751e+02   4.6390e+01   1.0502e-03   1.1009e-03   3.3120e+02
20260627_15:00:00   5.2322e-01   1.1908e+02   3.7781e+01   1.6350e-01   0.0000e+00   3.4039e+02
20260627_18:00:00   4.0403e-01   9.7835e+01   3.4426e+01   4.1027e-02   0.0000e+00   3.4127e+02
20260627_21:00:00   3.6496e-01   9.0366e+01   3.0790e+01   3.8147e-02   0.0000e+00   3.4745e+02
20260628_00:00:00   2.9979e-01   7.6926e+01   2.8481e+01   0.0000e+00   0.0000e+00   3.4278e+02
20260628_03:00:00   2.6758e-01   6.9955e+01   2.4749e+01   0.0000e+00   0.0000e+00   3.3991e+02
20260628_06:00:00   2.5004e-01   6.5937e+01   2.3010e+01   0.0000e+00   0.0000e+00   3.3953e+02
20260628_09:00:00   2.3528e-01   6.2513e+01   2.2101e+01   0.0000e+00   4.1680e-05   3.3485e+02
20260628_12:00:00   2.1888e-01   5.8628e+01   2.1229e+01   0.0000e+00   4.0916e-04   3.3231e+02
20260628_15:00:00   2.4353e-01   6.4284e+01   2.4412e+01   0.0000e+00   4.5609e-04   3.2997e+02
20260628_18:00:00   2.7675e-01   7.1950e+01   2.8143e+01   0.0000e+00   0.0000e+00   3.3300e+02
20260628_21:00:00   2.8136e-01   7.3362e+01   2.8477e+01   0.0000e+00   0.0000e+00   3.2810e+02
20260629_00:00:00   3.3858e-01   8.5700e+01   3.4391e+01   0.0000e+00   0.0000e+00   3.2819e+02
20260629_03:00:00   4.0712e-01   9.9534e+01   4.0493e+01   0.0000e+00   0.0000e+00   3.2174e+02
20260629_06:00:00   4.1991e-01   1.0230e+02   4.1226e+01   0.0000e+00   4.5700e-03   3.2140e+02
20260629_09:00:00   3.9724e-01   9.8068e+01   3.9197e+01   0.0000e+00   4.8450e-03   3.2024e+02
20260629_12:00:00   3.8946e-01   9.5990e+01   4.0288e+01   0.0000e+00   1.8796e-03   3.2375e+02
20260629_15:00:00   4.6164e-01   1.0877e+02   4.5113e+01   4.6054e-02   1.7018e-01   3.2367e+02
20260629_18:00:00   5.3891e-01   1.2165e+02   4.6133e+01   1.1848e-01   6.0293e-02   3.2406e+02
20260629_21:00:00   4.4146e-01   1.0655e+02   4.5501e+01   0.0000e+00   4.7322e-04   3.2500e+02
20260630_00:00:00   5.0640e-01   1.1861e+02   4.9775e+01   1.3108e-05   3.3240e-05   3.2740e+02
20260630_03:00:00   4.9375e-01   1.1626e+02   4.8799e+01   0.0000e+00   0.0000e+00   3.2840e+02
20260630_06:00:00   5.3172e-01   1.2261e+02   5.2247e+01   0.0000e+00   6.1600e-07   3.2650e+02
20260630_09:00:00   5.6456e-01   1.2769e+02   5.3722e+01   1.6754e-03   1.9481e-03   3.2436e+02
20260630_12:00:00   5.0528e-01   1.1628e+02   5.1604e+01   1.8574e-02   1.9635e-01   3.2254e+02
20260630_15:00:00   4.0602e-01   9.7979e+01   4.4603e+01   0.0000e+00   2.6544e-01   3.2150e+02
20260630_18:00:00   4.2251e-01   1.0099e+02   4.5506e+01   0.0000e+00   1.6068e-01   3.1861e+02
20260630_21:00:00   3.7162e-01   9.1232e+01   4.1458e+01   0.0000e+00   4.7240e-01   3.1597e+02
20260701_00:00:00   3.8551e-01   9.4374e+01   4.1232e+01   0.0000e+00   2.4606e-01   3.1495e+02
20260701_03:00:00   4.0570e-01   9.8514e+01   4.2200e+01   0.0000e+00   6.6637e-03   3.1326e+02
20260701_06:00:00   4.1983e-01   1.0085e+02   4.3636e+01   0.0000e+00   4.7267e-03   3.1766e+02
20260701_09:00:00   4.1964e-01   1.0067e+02   4.3691e+01   0.0000e+00   1.3561e-04   3.1878e+02
20260701_12:00:00   4.2254e-01   1.0107e+02   4.3608e+01   0.0000e+00   7.1202e-04   3.1662e+02
20260701_15:00:00   4.2819e-01   1.0219e+02   4.4827e+01   0.0000e+00   1.3697e-02   3.1634e+02
20260701_18:00:00   4.7127e-01   1.1011e+02   4.8621e+01   0.0000e+00   4.9942e-03   3.1735e+02
20260701_21:00:00   4.8495e-01   1.1286e+02   5.0758e+01   0.0000e+00   6.8675e-02   3.1802e+02
20260702_00:00:00   5.0227e-01   1.1607e+02   5.2188e+01   1.2320e-06   6.0045e-02   3.1703e+02
20260702_03:00:00   5.1177e-01   1.1745e+02   5.1409e+01   2.3480e-02   1.2194e-01   3.1350e+02
20260702_06:00:00   4.9625e-01   1.1466e+02   5.1551e+01   7.0694e-03   3.6503e-01   3.1089e+02
20260702_09:00:00   4.7471e-01   1.1097e+02   4.9156e+01   5.0461e-03   3.3575e-02   3.0779e+02
20260702_12:00:00   4.7554e-01   1.1094e+02   4.8706e+01   4.3420e-03   1.2254e-01   3.0649e+02
20260702_15:00:00   5.3227e-01   1.2140e+02   4.7750e+01   8.4420e-02   1.8318e-02   3.0623e+02
20260702_18:00:00   4.8351e-01   1.1271e+02   4.9939e+01   6.3730e-04   4.3403e-01   3.0286e+02
20260702_21:00:00   4.4080e-01   1.0530e+02   4.6215e+01   4.1162e-04   1.8330e-01   3.0493e+02
20260703_00:00:00   5.3202e-01   1.2014e+02   5.3128e+01   3.2058e-02   1.2948e+00   2.9939e+02
20260703_03:00:00   5.5588e-01   1.2285e+02   4.5919e+01   1.6372e-01   2.3456e-01   3.0278e+02
20260703_06:00:00   6.2621e-01   1.3406e+02   4.7990e+01   2.0142e-01   4.4380e-02   3.0483e+02
20260703_09:00:00   1.0068e+00   1.8008e+02   5.0376e+01   6.0562e-01   3.4971e-01   3.0749e+02
20260703_12:00:00   5.5613e-01   1.2360e+02   5.3918e+01   3.7398e-02   6.8262e-01   3.0817e+02
20260703_15:00:00   4.4935e-01   1.0555e+02   4.7624e+01   7.7933e-04   3.0964e-01   3.1077e+02
20260703_18:00:00   7.7294e-01   1.5325e+02   5.2560e+01   3.0117e-01   1.0444e+00   3.0555e+02
20260703_21:00:00   7.4740e-01   1.4998e+02   5.1427e+01   2.9501e-01   1.1749e+00   3.0883e+02
20260704_00:00:00   5.1196e-01   1.1636e+02   5.1661e+01   1.3765e-02   4.2603e-01   3.1317e+02
20260704_03:00:00   4.9936e-01   1.1436e+02   5.1583e+01   2.9467e-04   3.9521e-01   3.1165e+02
20260704_06:00:00   4.8394e-01   1.1114e+02   4.9048e+01   5.1338e-04   1.1846e-01   3.1336e+02
20260704_09:00:00   4.6942e-01   1.0836e+02   4.7141e+01   1.8867e-02   2.0283e-01   3.2002e+02
20260704_12:00:00   4.9266e-01   1.1208e+02   4.6756e+01   4.3259e-02   3.7461e-01   3.2215e+02
20260704_15:00:00   5.2130e-01   1.1690e+02   4.5122e+01   8.5302e-02   9.5928e-02   3.2051e+02
20260704_18:00:00   4.6231e-01   1.0755e+02   4.3331e+01   2.4726e-02   8.5193e-03   3.2012e+02
