#            date       tau255        Tb[K]      pwv[mm] lwp[kg*m^-2] iwp[kg*m^-2]       o3[DU]
20260422_18:00:00   2.2037e-01   5.8214e+01   2.0154e+01   0.0000e+00   8.0460e-06   3.4544e+02
20260422_19:00:00   2.3130e-01   6.0624e+01   2.1935e+01   0.0000e+00   2.6015e-02   3.4281e+02
20260422_20:00:00   2.6254e-01   6.7622e+01   2.4898e+01   0.0000e+00   5.8878e-02   3.4361e+02
20260422_21:00:00   2.5550e-01   6.6116e+01   2.4398e+01   0.0000e+00   3.4843e-02   3.4269e+02
20260422_22:00:00   2.6986e-01   6.9064e+01   2.6039e+01   0.0000e+00   1.1819e-01   3.4074e+02
20260422_23:00:00   2.7224e-01   6.9440e+01   2.6549e+01   0.0000e+00   8.8515e-02   3.4018e+02
20260423_00:00:00   2.5732e-01   6.6235e+01   2.4936e+01   0.0000e+00   1.7221e-04   3.3753e+02
20260423_01:00:00   2.4502e-01   6.3547e+01   2.3484e+01   0.0000e+00   0.0000e+00   3.3605e+02
20260423_02:00:00   2.5269e-01   6.5244e+01   2.3772e+01   0.0000e+00   8.5020e-05   3.3511e+02
20260423_03:00:00   2.4694e-01   6.3868e+01   2.3057e+01   0.0000e+00   4.0420e-05   3.3611e+02
20260423_04:00:00   2.3781e-01   6.1758e+01   2.2058e+01   0.0000e+00   5.9720e-05   3.3596e+02
20260423_05:00:00   2.2912e-01   5.9759e+01   2.1097e+01   0.0000e+00   2.7680e-06   3.3685e+02
20260423_06:00:00   2.2333e-01   5.8492e+01   2.0297e+01   0.0000e+00   0.0000e+00   3.3803e+02
20260423_07:00:00   2.3762e-01   6.1746e+01   2.1372e+01   0.0000e+00   1.6782e-05   3.3753e+02
20260423_08:00:00   2.3624e-01   6.1495e+01   2.1054e+01   0.0000e+00   1.3390e-04   3.3675e+02
20260423_09:00:00   2.3172e-01   6.0555e+01   2.0476e+01   0.0000e+00   2.7440e-05   3.3992e+02
20260423_10:00:00   2.3239e-01   6.0734e+01   2.0403e+01   0.0000e+00   6.5740e-06   3.4137e+02
20260423_11:00:00   2.3503e-01   6.1281e+01   2.0542e+01   0.0000e+00   6.9320e-05   3.4131e+02
20260423_12:00:00   2.3645e-01   6.1556e+01   2.0639e+01   0.0000e+00   2.8843e-04   3.4080e+02
20260423_13:00:00   2.3240e-01   6.0695e+01   2.0311e+01   0.0000e+00   1.0841e-03   3.4305e+02
20260423_14:00:00   2.3846e-01   6.2131e+01   2.0757e+01   0.0000e+00   4.7840e-05   3.4502e+02
20260423_15:00:00   2.4151e-01   6.2896e+01   2.1051e+01   0.0000e+00   5.8022e-04   3.4305e+02
20260423_16:00:00   2.5033e-01   6.4915e+01   2.2350e+01   0.0000e+00   4.2300e-03   3.4245e+02
20260423_17:00:00   3.3514e-01   8.2523e+01   3.0734e+01   1.7466e-02   1.4349e-01   3.4218e+02
20260423_18:00:00   3.9545e-01   9.4230e+01   3.4688e+01   5.0861e-02   3.0789e-01   3.4150e+02
20260423_19:00:00   3.5000e-01   8.5255e+01   3.4812e+01   1.2604e-03   4.6544e-01   3.4236e+02
20260423_20:00:00   3.5219e-01   8.5742e+01   3.4714e+01   3.2681e-03   2.8469e-01   3.4465e+02
20260423_21:00:00   4.3025e-01   1.0100e+02   3.4287e+01   9.8323e-02   2.0686e-01   3.4251e+02
20260423_22:00:00   7.3685e-01   1.4955e+02   3.3945e+01   4.6736e-01   4.9919e-02   3.4233e+02
20260423_23:00:00   9.1872e-01   1.7143e+02   3.5622e+01   6.6052e-01   1.0124e-02   3.4183e+02
20260424_00:00:00   7.9186e-01   1.5613e+02   3.6357e+01   4.9332e-01   2.4972e-03   3.4067e+02
20260424_01:00:00   5.5095e-01   1.2153e+02   3.6610e+01   2.0625e-01   3.2986e-03   3.4242e+02
20260424_02:00:00   5.4684e-01   1.2117e+02   3.4550e+01   2.2547e-01   2.7786e-03   3.4256e+02
20260424_03:00:00   3.9504e-01   9.4253e+01   3.6062e+01   2.7043e-02   4.4757e-03   3.4052e+02
20260424_04:00:00   1.1067e+00   1.8899e+02   3.8823e+01   8.3210e-01   5.4547e-02   3.3764e+02
20260424_05:00:00   1.1484e+00   1.9317e+02   3.9086e+01   8.8650e-01   4.0423e-01   3.3792e+02
20260424_06:00:00   3.0520e-01   7.5618e+01   3.0136e+01   4.2811e-03   1.7033e-01   3.3912e+02
20260424_07:00:00   2.6358e-01   6.6731e+01   2.5395e+01   0.0000e+00   4.1662e-01   3.4303e+02
20260424_08:00:00   2.4928e-01   6.3735e+01   2.4103e+01   0.0000e+00   2.2515e-01   3.3872e+02
20260424_09:00:00   2.8059e-01   7.0159e+01   2.5833e+01   8.1757e-03   1.6561e-01   3.3888e+02
20260424_10:00:00   2.2372e-01   5.7875e+01   2.1033e+01   0.0000e+00   1.4108e-02   3.3975e+02
20260424_11:00:00   1.9572e-01   5.1452e+01   1.7882e+01   0.0000e+00   4.6551e-02   3.4150e+02
20260424_12:00:00   1.7588e-01   4.6751e+01   1.5568e+01   0.0000e+00   1.9882e-02   3.4148e+02
20260424_13:00:00   1.6288e-01   4.3589e+01   1.4121e+01   0.0000e+00   2.7888e-02   3.4352e+02
20260424_14:00:00   1.5228e-01   4.0981e+01   1.2772e+01   0.0000e+00   3.5480e-03   3.4428e+02
20260424_15:00:00   1.4004e-01   3.8062e+01   1.0892e+01   0.0000e+00   0.0000e+00   3.5242e+02
20260424_16:00:00   1.3490e-01   3.6844e+01   1.0179e+01   0.0000e+00   0.0000e+00   3.6424e+02
20260424_17:00:00   1.3377e-01   3.6653e+01   9.8935e+00   0.0000e+00   0.0000e+00   3.6534e+02
20260424_18:00:00   1.3946e-01   3.8007e+01   1.0632e+01   0.0000e+00   0.0000e+00   3.6096e+02
20260424_19:00:00   1.4514e-01   3.9330e+01   1.1463e+01   0.0000e+00   0.0000e+00   3.6052e+02
20260424_20:00:00   1.4938e-01   4.0325e+01   1.2143e+01   0.0000e+00   0.0000e+00   3.6555e+02
20260424_21:00:00   1.4172e-01   3.8576e+01   1.1018e+01   0.0000e+00   0.0000e+00   3.7253e+02
20260424_22:00:00   1.3258e-01   3.6463e+01   9.5061e+00   0.0000e+00   0.0000e+00   3.7700e+02
20260424_23:00:00   1.3445e-01   3.6915e+01   9.7632e+00   0.0000e+00   0.0000e+00   3.7270e+02
20260425_00:00:00   1.2750e-01   3.5227e+01   8.8236e+00   0.0000e+00   0.0000e+00   3.7266e+02
20260425_01:00:00   1.1728e-01   3.2721e+01   7.5549e+00   0.0000e+00   0.0000e+00   3.7455e+02
20260425_02:00:00   1.1417e-01   3.1945e+01   7.1365e+00   0.0000e+00   0.0000e+00   3.7959e+02
20260425_03:00:00   1.1214e-01   3.1421e+01   6.9305e+00   0.0000e+00   0.0000e+00   3.8250e+02
20260425_04:00:00   1.1193e-01   3.1337e+01   7.0500e+00   0.0000e+00   0.0000e+00   3.7960e+02
20260425_05:00:00   1.1797e-01   3.2744e+01   7.9860e+00   0.0000e+00   0.0000e+00   3.8005e+02
20260425_06:00:00   1.2481e-01   3.4297e+01   9.1719e+00   0.0000e+00   6.7900e-04   3.7935e+02
20260425_07:00:00   1.2836e-01   3.5094e+01   9.6382e+00   0.0000e+00   2.3464e-04   3.8065e+02
20260425_08:00:00   1.2765e-01   3.4904e+01   9.6240e+00   0.0000e+00   4.3970e-03   3.7831e+02
20260425_09:00:00   1.3431e-01   3.6383e+01   1.0602e+01   0.0000e+00   1.2781e-01   3.7432e+02
20260425_10:00:00   1.3100e-01   3.5660e+01   1.0176e+01   0.0000e+00   8.4092e-05   3.7174e+02
20260425_11:00:00   1.3744e-01   3.7106e+01   1.1098e+01   0.0000e+00   2.7795e-03   3.7282e+02
20260425_12:00:00   1.4343e-01   3.8481e+01   1.1923e+01   0.0000e+00   2.0532e-02   3.7192e+02
20260425_13:00:00   1.5030e-01   4.0014e+01   1.2808e+01   0.0000e+00   9.0317e-02   3.7190e+02
20260425_14:00:00   1.5495e-01   4.1073e+01   1.3357e+01   0.0000e+00   1.9074e-01   3.7143e+02
20260425_15:00:00   1.7814e-01   4.6359e+01   1.5977e+01   0.0000e+00   6.4509e-01   3.6528e+02
20260425_16:00:00   2.0184e-01   5.1914e+01   1.8863e+01   3.2760e-04   1.2223e-01   3.6304e+02
20260425_17:00:00   1.8630e-01   4.8426e+01   1.6740e+01   5.3240e-03   6.8570e-02   3.6392e+02
20260425_18:00:00   1.7737e-01   4.6444e+01   1.6132e+01   0.0000e+00   1.8510e-02   3.6507e+02
20260425_19:00:00   1.9816e-01   5.1241e+01   1.8504e+01   0.0000e+00   1.6299e-01   3.6526e+02
20260425_20:00:00   1.9482e-01   5.0556e+01   1.8243e+01   1.8810e-05   2.3264e-01   3.6685e+02
20260425_21:00:00   2.0035e-01   5.1758e+01   1.8714e+01   5.4220e-05   4.8256e-01   3.6694e+02
20260425_22:00:00   1.9497e-01   5.0561e+01   1.8193e+01   0.0000e+00   6.7621e-01   3.6697e+02
20260425_23:00:00   1.7897e-01   4.6990e+01   1.6377e+01   0.0000e+00   3.9075e-01   3.6684e+02
20260426_00:00:00   1.7413e-01   4.5960e+01   1.5871e+01   0.0000e+00   9.3794e-02   3.6840e+02
20260426_01:00:00   1.7930e-01   4.7116e+01   1.6458e+01   0.0000e+00   1.3128e-01   3.6871e+02
20260426_02:00:00   1.8397e-01   4.8206e+01   1.6928e+01   0.0000e+00   2.7881e-01   3.6901e+02
20260426_03:00:00   1.7952e-01   4.7229e+01   1.6571e+01   0.0000e+00   8.4486e-02   3.7162e+02
20260426_04:00:00   1.8838e-01   4.9243e+01   1.7520e+01   0.0000e+00   5.1885e-02   3.7053e+02
20260426_05:00:00   1.8821e-01   4.9200e+01   1.7420e+01   0.0000e+00   2.0008e-02   3.7070e+02
20260426_06:00:00   1.9067e-01   4.9797e+01   1.7588e+01   0.0000e+00   1.3245e-04   3.7313e+02
20260426_07:00:00   1.9274e-01   5.0353e+01   1.7651e+01   0.0000e+00   1.8728e-06   3.6929e+02
20260426_08:00:00   1.9205e-01   5.0269e+01   1.7432e+01   2.6020e-07   1.1314e-05   3.6569e+02
20260426_09:00:00   1.9310e-01   5.0505e+01   1.7380e+01   6.6540e-05   6.0900e-05   3.5803e+02
20260426_10:00:00   1.9471e-01   5.0941e+01   1.7414e+01   0.0000e+00   5.6650e-05   3.5757e+02
20260426_11:00:00   1.9279e-01   5.0516e+01   1.7112e+01   4.7120e-04   2.1991e-03   3.6023e+02
20260426_12:00:00   1.9545e-01   5.1049e+01   1.6975e+01   5.0460e-03   1.3462e-03   3.6246e+02
20260426_13:00:00   1.8734e-01   4.9245e+01   1.6699e+01   5.6120e-05   2.5879e-03   3.6154e+02
20260426_14:00:00   1.8326e-01   4.8335e+01   1.6431e+01   0.0000e+00   3.1203e-03   3.6337e+02
20260426_15:00:00   1.8841e-01   4.9532e+01   1.6983e+01   0.0000e+00   5.1313e-03   3.6326e+02
20260426_16:00:00   1.9135e-01   5.0261e+01   1.7360e+01   0.0000e+00   7.5777e-03   3.6348e+02
20260426_17:00:00   2.0189e-01   5.2687e+01   1.8585e+01   0.0000e+00   3.2585e-02   3.5756e+02
20260426_18:00:00   1.9869e-01   5.2051e+01   1.8244e+01   0.0000e+00   3.0163e-02   3.5401e+02
20260426_19:00:00   1.9950e-01   5.2342e+01   1.8154e+01   0.0000e+00   9.5205e-03   3.4916e+02
20260426_20:00:00   2.1206e-01   5.5240e+01   1.9632e+01   4.0760e-04   2.2387e-02   3.4749e+02
20260426_21:00:00   2.3749e-01   6.0872e+01   2.2100e+01   4.7660e-03   1.7150e-02   3.4448e+02
20260426_22:00:00   2.5711e-01   6.5130e+01   2.4143e+01   6.4423e-03   2.8348e-04   3.3859e+02
20260426_23:00:00   3.0510e-01   7.5021e+01   2.3964e+01   6.3240e-02   5.8404e-04   3.3767e+02
20260427_00:00:00   2.4892e-01   6.3357e+01   2.4381e+01   1.9948e-04   3.1105e-02   3.3791e+02
20260427_01:00:00   2.4679e-01   6.2824e+01   2.4018e+01   2.8940e-03   5.8527e-02   3.3959e+02
20260427_02:00:00   2.9332e-01   7.2379e+01   2.4374e+01   5.4540e-02   2.5123e-01   3.4005e+02
20260427_03:00:00   2.9195e-01   7.2073e+01   2.6577e+01   3.2671e-02   4.3658e-02   3.3994e+02
20260427_04:00:00   4.2577e-01   9.7508e+01   2.9866e+01   1.4284e-01   7.6164e-01   3.4086e+02
20260427_05:00:00   3.2625e-01   7.9300e+01   2.8906e+01   3.3369e-02   4.6341e-03   3.4930e+02
20260427_06:00:00   3.2018e-01   7.8215e+01   2.8234e+01   3.4796e-02   2.9362e-02   3.5318e+02
20260427_07:00:00   3.3344e-01   8.0919e+01   2.9003e+01   4.1312e-02   2.1315e-01   3.4968e+02
20260427_08:00:00   3.0124e-01   7.4601e+01   2.9495e+01   8.3780e-05   4.4686e-02   3.5024e+02
20260427_09:00:00   3.3573e-01   8.1353e+01   3.2925e+01   1.5900e-03   5.5189e-01   3.4540e+02
20260427_10:00:00   3.0532e-01   7.5629e+01   2.9809e+01   1.2452e-05   1.3185e-02   3.4903e+02
20260427_11:00:00   3.1984e-01   7.8526e+01   3.1175e+01   2.7137e-03   9.2628e-03   3.4917e+02
20260427_12:00:00   4.9763e-01   1.1116e+02   3.3476e+01   1.9088e-01   7.7534e-01   3.4494e+02
20260427_13:00:00   4.6670e-01   1.0593e+02   3.4249e+01   1.4299e-01   1.1384e-01   3.4560e+02
20260427_14:00:00   4.5613e-01   1.0505e+02   3.2826e+01   1.5265e-01   1.9226e-02   3.4774e+02
20260427_15:00:00   1.0354e+00   1.8409e+02   3.1441e+01   8.5893e-01   1.8799e-03   3.5872e+02
20260427_16:00:00   1.2027e+00   1.9986e+02   2.9131e+01   1.0917e+00   1.2304e-04   3.6349e+02
20260427_17:00:00   1.1243e+00   1.9296e+02   2.9016e+01   9.9634e-01   0.0000e+00   3.6594e+02
20260427_18:00:00   8.7787e-01   1.6751e+02   2.6418e+01   7.2117e-01   2.7680e-06   3.7006e+02
20260427_21:00:00   5.2597e-01   1.1805e+02   2.9263e+01   2.6707e-01   2.9993e-03   3.7502e+02
20260428_00:00:00   2.7055e-01   6.8310e+01   2.4793e+01   6.0139e-03   3.6357e-04   3.7773e+02
20260428_03:00:00   6.5464e-01   1.3474e+02   2.3114e+01   4.7741e-01   2.4134e-03   3.8256e+02
20260428_06:00:00   6.9277e-01   1.3922e+02   2.1218e+01   5.3398e-01   2.4658e-02   3.7373e+02
20260428_09:00:00   1.8732e-01   4.9020e+01   1.1939e+01   3.5150e-02   8.6580e-04   3.8023e+02
20260428_12:00:00   1.2815e-01   3.4927e+01   8.6811e+00   0.0000e+00   1.6982e-04   3.8730e+02
20260428_15:00:00   1.1173e-01   3.0952e+01   6.6511e+00   0.0000e+00   0.0000e+00   3.9261e+02
20260428_18:00:00   1.3143e-01   3.5714e+01   9.4193e+00   0.0000e+00   0.0000e+00   3.8122e+02
20260428_21:00:00   1.5486e-01   4.1235e+01   1.2469e+01   0.0000e+00   2.2140e-06   3.7728e+02
20260429_00:00:00   1.6290e-01   4.3058e+01   1.3732e+01   0.0000e+00   2.5944e-03   3.8732e+02
20260429_03:00:00   1.7412e-01   4.5642e+01   1.4997e+01   0.0000e+00   3.7771e-03   3.7477e+02
20260429_06:00:00   2.0046e-01   5.1548e+01   1.7952e+01   0.0000e+00   2.2836e-01   3.5825e+02
20260429_09:00:00   2.8063e-01   6.8572e+01   1.8666e+01   7.4796e-02   6.5486e-02   3.7008e+02
20260429_12:00:00   2.1664e-01   5.5369e+01   1.8466e+01   1.0716e-02   9.1757e-02   3.6547e+02
20260429_15:00:00   1.9981e-01   5.1865e+01   1.7820e+01   0.0000e+00   1.2733e-02   3.7464e+02
20260429_18:00:00   2.0668e-01   5.3743e+01   1.8664e+01   0.0000e+00   1.5425e-03   3.7153e+02
20260429_21:00:00   2.3589e-01   6.0290e+01   2.1912e+01   2.8599e-03   5.9723e-02   3.6587e+02
20260430_00:00:00   2.3928e-01   6.1137e+01   2.1715e+01   9.9192e-03   2.1418e-02   3.6804e+02
20260430_03:00:00   2.0386e-01   5.2846e+01   1.8681e+01   5.2378e-03   3.7264e-02   3.7224e+02
20260430_06:00:00   2.8936e-01   7.0287e+01   1.5447e+01   1.3026e-01   1.1913e-03   3.7767e+02
20260430_09:00:00   1.2229e-01   3.3714e+01   8.7484e+00   0.0000e+00   0.0000e+00   3.6945e+02
20260430_12:00:00   1.2899e-01   3.5248e+01   9.3016e+00   0.0000e+00   3.0339e-02   3.6766e+02
20260430_15:00:00   1.4762e-01   3.9551e+01   1.1491e+01   0.0000e+00   6.4434e-03   3.7575e+02
20260430_18:00:00   2.1003e-01   5.3607e+01   1.2027e+01   6.2665e-02   5.4619e-03   3.7480e+02
20260430_21:00:00   2.7151e-01   6.6370e+01   1.2264e+01   1.2802e-01   4.6523e-03   3.7590e+02
20260501_00:00:00   2.7553e-01   6.6881e+01   1.1384e+01   1.4038e-01   1.7386e-03   3.8304e+02
20260501_03:00:00   1.3639e-01   3.6599e+01   9.6194e+00   0.0000e+00   5.1854e-06   3.9427e+02
20260501_06:00:00   1.4400e-01   3.8317e+01   1.0231e+01   0.0000e+00   5.0183e-04   3.7480e+02
20260501_09:00:00   1.4284e-01   3.7944e+01   9.6469e+00   2.4140e-03   1.2700e-04   3.8924e+02
20260501_12:00:00   1.3546e-01   3.6117e+01   8.9951e+00   0.0000e+00   8.0763e-05   3.9028e+02
20260501_15:00:00   1.3099e-01   3.5150e+01   7.4960e+00   7.9720e-03   4.5080e-04   3.7433e+02
20260501_18:00:00   1.3801e-01   3.6872e+01   8.1242e+00   1.0784e-02   5.9900e-04   3.7774e+02
20260501_21:00:00   1.3784e-01   3.7001e+01   9.0715e+00   3.6800e-03   6.0942e-04   3.6921e+02
20260502_00:00:00   1.6880e-01   4.3981e+01   1.1087e+01   2.1620e-02   4.6354e-04   3.7520e+02
20260502_03:00:00   1.9840e-01   5.0585e+01   1.0774e+01   5.6997e-02   6.2056e-04   3.7821e+02
20260502_06:00:00   2.2394e-01   5.6123e+01   1.0871e+01   8.4040e-02   3.7599e-04   3.9355e+02
20260502_09:00:00   1.5210e-01   4.0213e+01   9.3605e+00   1.5354e-02   3.4720e-04   3.7930e+02
20260502_12:00:00   1.3024e-01   3.5107e+01   8.6104e+00   0.0000e+00   2.6220e-06   3.7013e+02
20260502_15:00:00   1.2703e-01   3.4487e+01   8.1355e+00   0.0000e+00   0.0000e+00   3.6320e+02
20260502_18:00:00   1.3175e-01   3.5856e+01   8.6966e+00   0.0000e+00   0.0000e+00   3.5979e+02
20260502_21:00:00   1.3163e-01   3.6091e+01   8.7607e+00   0.0000e+00   0.0000e+00   3.5885e+02
20260503_00:00:00   1.3530e-01   3.7106e+01   9.1330e+00   0.0000e+00   0.0000e+00   3.6059e+02
20260503_03:00:00   1.3995e-01   3.8267e+01   9.7579e+00   0.0000e+00   4.6750e-05   3.5932e+02
20260503_06:00:00   1.6004e-01   4.2988e+01   1.2427e+01   0.0000e+00   3.6321e-03   3.6285e+02
20260503_09:00:00   1.9567e-01   5.1139e+01   1.7207e+01   0.0000e+00   1.8133e-02   3.5740e+02
20260503_12:00:00   5.2005e-01   1.1292e+02   2.6706e+01   2.7460e-01   9.4163e-01   3.5457e+02
20260503_15:00:00   3.4591e-01   8.2366e+01   2.3516e+01   1.0120e-01   1.1611e-02   3.6448e+02
20260503_18:00:00   3.0975e-01   7.6108e+01   2.5244e+01   4.3845e-02   2.6020e-07   3.7693e+02
20260503_21:00:00   4.6193e-01   1.0554e+02   2.7070e+01   2.0301e-01   0.0000e+00   3.8442e+02
20260504_00:00:00   6.3852e-01   1.3380e+02   2.6745e+01   4.0623e-01   2.2678e-03   3.7268e+02
20260504_03:00:00   2.9427e-01   7.3843e+01   2.7280e+01   0.0000e+00   7.1876e-04   3.6798e+02
20260504_06:00:00   2.8319e-01   7.1613e+01   2.5731e+01   0.0000e+00   2.8090e-03   3.6061e+02
20260504_09:00:00   2.6513e-01   6.7870e+01   2.3163e+01   0.0000e+00   2.2566e-02   3.5437e+02
20260504_12:00:00   2.5802e-01   6.6165e+01   2.2680e+01   1.6406e-04   5.2796e-02   3.5783e+02
20260504_15:00:00   2.9881e-01   7.4652e+01   2.7781e+01   7.0382e-03   2.6500e-02   3.6007e+02
20260504_18:00:00   3.8509e-01   9.1650e+01   3.4913e+01   3.7534e-02   2.0639e-01   3.6375e+02
20260504_21:00:00   9.3804e-01   1.6971e+02   3.5283e+01   6.6348e-01   1.9103e-01   3.6573e+02
20260505_00:00:00   1.4371e+00   2.1526e+02   3.7141e+01   1.2550e+00   3.4799e-01   3.6584e+02
20260505_03:00:00   1.6203e+00   2.2784e+02   3.6507e+01   1.5065e+00   9.8609e-02   3.6608e+02
20260505_06:00:00   7.7100e-01   1.5348e+02   3.6290e+01   5.0274e-01   3.0700e-01   3.6010e+02
20260505_09:00:00   5.6239e-01   1.2212e+02   3.6065e+01   2.4137e-01   5.1395e-01   3.5576e+02
20260505_12:00:00   4.9626e-01   1.1107e+02   3.4030e+01   1.8545e-01   3.3497e-01   3.5789e+02
20260505_15:00:00   5.5897e-01   1.2129e+02   2.6934e+01   3.1980e-01   7.3485e-02   3.5859e+02
20260505_18:00:00   2.5684e-01   6.5318e+01   2.1069e+01   1.5060e-02   4.6930e-03   3.6197e+02
20260505_21:00:00   2.4693e-01   6.3263e+01   1.9034e+01   3.0144e-02   2.1580e-04   3.6127e+02
20260506_00:00:00   2.0541e-01   5.4040e+01   1.7395e+01   0.0000e+00   0.0000e+00   3.6170e+02
20260506_03:00:00   2.1345e-01   5.5644e+01   1.7654e+01   7.0672e-03   8.9580e-05   3.5717e+02
20260506_06:00:00   2.1942e-01   5.6769e+01   2.0051e+01   0.0000e+00   1.6688e-02   3.5630e+02
20260506_09:00:00   2.1635e-01   5.5952e+01   2.0151e+01   0.0000e+00   6.8562e-03   3.6243e+02
20260506_12:00:00   2.1689e-01   5.5967e+01   1.9282e+01   0.0000e+00   1.3108e-05   3.5579e+02
20260506_15:00:00   2.2049e-01   5.6897e+01   2.0065e+01   6.3090e-05   1.1763e-01   3.5228e+02
20260506_18:00:00   2.6400e-01   6.6446e+01   2.5807e+01   6.4380e-06   9.8173e-03   3.4769e+02
20260506_21:00:00   6.3543e-01   1.3096e+02   2.9857e+01   3.7638e-01   9.4834e-02   3.4681e+02
20260507_00:00:00   4.5257e-01   1.0344e+02   3.0539e+01   1.5543e-01   5.2293e-03   3.5062e+02
20260507_03:00:00   3.8005e-01   9.0306e+01   2.8522e+01   8.3917e-02   4.4660e-03   3.5955e+02
20260507_06:00:00   1.8324e-01   4.8523e+01   1.5799e+01   2.2746e-03   8.3020e-06   3.7183e+02
20260507_09:00:00   1.5148e-01   4.0983e+01   1.1934e+01   0.0000e+00   0.0000e+00   3.7696e+02
20260507_12:00:00   1.7973e-01   4.7203e+01   1.5266e+01   0.0000e+00   9.3640e-07   3.8987e+02
20260507_15:00:00   1.8912e-01   4.9214e+01   1.5742e+01   1.3170e-03   2.4535e-05   3.9710e+02
20260507_18:00:00   2.4672e-01   6.1747e+01   1.4422e+01   7.6142e-02   2.7336e-04   4.0234e+02
20260507_21:00:00   2.2780e-01   5.7443e+01   1.6316e+01   3.8687e-02   2.1092e-03   4.2109e+02
20260508_00:00:00   1.9373e-01   4.9967e+01   1.4852e+01   8.9869e-03   1.3601e-04   4.2220e+02
20260508_03:00:00   2.3369e-01   5.8683e+01   1.6238e+01   4.2867e-02   3.7825e-04   4.2175e+02
20260508_06:00:00   3.7575e-01   8.7440e+01   1.4689e+01   2.1778e-01   6.0380e-05   4.1024e+02
20260508_09:00:00   2.7206e-01   6.7054e+01   1.2019e+01   1.2479e-01   0.0000e+00   3.8467e+02
20260508_12:00:00   4.7748e-01   1.0507e+02   1.1283e+01   3.6676e-01   9.6907e-05   3.7779e+02
20260508_15:00:00   3.5219e-01   8.2480e+01   1.2339e+01   2.1380e-01   1.1861e-04   3.6781e+02
20260508_18:00:00   1.9850e-01   5.1262e+01   1.2653e+01   4.1885e-02   1.4052e-06   3.6379e+02
