#            date       tau255        Tb[K]      pwv[mm] lwp[kg*m^-2] iwp[kg*m^-2]       o3[DU]
20260421_12:00:00   2.0266e-01   5.3410e+01   1.9087e+01   0.0000e+00   4.0280e-03   3.6824e+02
20260421_13:00:00   2.2948e-01   5.9527e+01   2.1907e+01   0.0000e+00   2.0914e-03   3.6829e+02
20260421_14:00:00   2.4127e-01   6.2122e+01   2.3293e+01   0.0000e+00   1.5283e-03   3.6739e+02
20260421_15:00:00   2.3892e-01   6.1663e+01   2.2837e+01   0.0000e+00   2.7221e-04   3.6790e+02
20260421_16:00:00   2.3783e-01   6.1502e+01   2.2371e+01   0.0000e+00   2.5800e-04   3.6693e+02
20260421_17:00:00   2.3348e-01   6.0666e+01   2.1846e+01   0.0000e+00   0.0000e+00   3.6395e+02
20260421_18:00:00   2.3451e-01   6.1035e+01   2.1442e+01   1.3108e-05   3.8977e-04   3.6191e+02
20260421_19:00:00   2.3362e-01   6.0967e+01   2.1240e+01   0.0000e+00   2.4246e-03   3.6027e+02
20260421_20:00:00   2.3056e-01   6.0394e+01   2.1046e+01   0.0000e+00   3.7198e-03   3.5899e+02
20260421_21:00:00   2.1982e-01   5.8077e+01   1.9821e+01   0.0000e+00   5.1870e-03   3.5739e+02
20260421_22:00:00   2.1733e-01   5.7507e+01   2.0003e+01   0.0000e+00   3.5670e-03   3.5616e+02
20260421_23:00:00   2.1236e-01   5.6365e+01   1.9753e+01   0.0000e+00   7.6020e-03   3.5406e+02
20260422_00:00:00   2.0539e-01   5.4774e+01   1.9065e+01   0.0000e+00   0.0000e+00   3.5811e+02
20260422_01:00:00   2.0028e-01   5.3555e+01   1.8628e+01   0.0000e+00   0.0000e+00   3.5742e+02
20260422_02:00:00   1.8901e-01   5.0883e+01   1.7569e+01   0.0000e+00   0.0000e+00   3.5623e+02
20260422_03:00:00   1.8674e-01   5.0316e+01   1.7414e+01   0.0000e+00   0.0000e+00   3.5282e+02
20260422_04:00:00   2.0376e-01   5.4278e+01   1.9103e+01   0.0000e+00   0.0000e+00   3.4825e+02
20260422_05:00:00   2.1539e-01   5.6967e+01   2.0030e+01   0.0000e+00   0.0000e+00   3.4435e+02
20260422_06:00:00   2.3547e-01   6.1456e+01   2.1792e+01   0.0000e+00   0.0000e+00   3.4318e+02
20260422_07:00:00   2.4682e-01   6.3966e+01   2.2694e+01   0.0000e+00   0.0000e+00   3.3877e+02
20260422_08:00:00   2.5248e-01   6.5227e+01   2.2889e+01   2.6020e-04   0.0000e+00   3.3313e+02
20260422_09:00:00   2.5400e-01   6.5564e+01   2.2769e+01   1.3744e-03   9.3220e-06   3.3500e+02
20260422_10:00:00   2.5373e-01   6.5379e+01   2.3143e+01   2.9931e-04   0.0000e+00   3.4038e+02
20260422_11:00:00   2.5182e-01   6.4957e+01   2.2567e+01   1.4266e-03   7.0100e-07   3.4500e+02
20260422_12:00:00   2.4491e-01   6.3370e+01   2.1791e+01   2.5667e-03   5.1700e-06   3.4427e+02
20260422_13:00:00   2.3478e-01   6.1113e+01   2.0650e+01   3.2737e-03   2.1620e-05   3.4492e+02
20260422_14:00:00   2.4542e-01   6.3561e+01   2.0396e+01   1.9651e-02   2.0400e-05   3.4674e+02
20260422_15:00:00   2.5044e-01   6.4724e+01   2.0486e+01   2.5057e-02   1.6092e-05   3.4555e+02
20260422_16:00:00   2.3915e-01   6.2273e+01   2.1054e+01   3.3816e-03   0.0000e+00   3.4423e+02
20260422_17:00:00   2.4148e-01   6.2928e+01   2.1647e+01   1.3282e-04   5.2020e-07   3.4273e+02
20260422_18:00:00   2.4264e-01   6.3328e+01   2.1943e+01   0.0000e+00   5.2660e-05   3.4387e+02
20260422_19:00:00   2.5926e-01   6.7100e+01   2.3606e+01   2.1620e-04   1.7628e-05   3.4343e+02
20260422_20:00:00   2.6975e-01   6.9441e+01   2.4620e+01   6.5540e-06   0.0000e+00   3.4297e+02
20260422_21:00:00   2.6837e-01   6.9157e+01   2.4485e+01   1.2088e-05   0.0000e+00   3.3921e+02
20260422_22:00:00   2.6393e-01   6.8150e+01   2.3961e+01   2.4900e-04   0.0000e+00   3.3735e+02
20260422_23:00:00   2.5966e-01   6.7235e+01   2.3527e+01   0.0000e+00   0.0000e+00   3.3713e+02
20260423_00:00:00   2.5664e-01   6.6553e+01   2.3249e+01   0.0000e+00   0.0000e+00   3.3618e+02
20260423_01:00:00   2.5507e-01   6.6138e+01   2.3049e+01   0.0000e+00   0.0000e+00   3.3462e+02
20260423_02:00:00   2.5143e-01   6.5262e+01   2.2596e+01   0.0000e+00   0.0000e+00   3.3453e+02
20260423_03:00:00   2.4160e-01   6.3009e+01   2.1487e+01   0.0000e+00   0.0000e+00   3.3583e+02
20260423_04:00:00   2.3353e-01   6.1112e+01   2.0584e+01   0.0000e+00   0.0000e+00   3.3794e+02
20260423_05:00:00   2.2255e-01   5.8540e+01   1.9498e+01   0.0000e+00   0.0000e+00   3.3970e+02
20260423_06:00:00   2.2022e-01   5.7984e+01   1.9267e+01   0.0000e+00   0.0000e+00   3.4053e+02
20260423_07:00:00   2.3408e-01   6.1063e+01   2.0309e+01   0.0000e+00   0.0000e+00   3.3843e+02
20260423_08:00:00   2.2660e-01   5.9389e+01   1.9549e+01   0.0000e+00   6.5960e-05   3.3882e+02
20260423_09:00:00   2.2819e-01   5.9728e+01   1.9642e+01   0.0000e+00   2.6440e-05   3.4060e+02
20260423_10:00:00   2.2811e-01   5.9734e+01   1.9590e+01   0.0000e+00   7.9942e-05   3.4291e+02
20260423_11:00:00   2.2585e-01   5.9201e+01   1.9592e+01   0.0000e+00   3.7860e-05   3.4296e+02
20260423_12:00:00   2.3573e-01   6.1310e+01   2.0617e+01   0.0000e+00   1.1384e-04   3.4285e+02
20260423_13:00:00   2.3629e-01   6.1437e+01   2.0691e+01   0.0000e+00   2.2936e-03   3.4431e+02
20260423_14:00:00   2.3293e-01   6.0722e+01   2.0458e+01   0.0000e+00   1.8364e-02   3.4624e+02
20260423_15:00:00   2.3725e-01   6.1738e+01   2.0894e+01   0.0000e+00   2.8684e-03   3.4877e+02
20260423_16:00:00   2.3909e-01   6.2262e+01   2.0988e+01   0.0000e+00   2.5943e-04   3.4798e+02
20260423_17:00:00   2.8103e-01   7.1478e+01   2.1642e+01   4.0140e-02   5.0714e-04   3.4562e+02
20260423_18:00:00   3.3307e-01   8.2392e+01   2.3634e+01   9.1080e-02   1.3106e-02   3.4593e+02
20260423_19:00:00   3.0352e-01   7.6137e+01   2.8558e+01   4.2666e-03   6.0837e-02   3.4681e+02
20260423_20:00:00   3.1190e-01   7.7730e+01   3.0716e+01   1.0404e-06   3.6586e-01   3.4671e+02
20260423_21:00:00   3.8253e-01   9.1585e+01   3.4479e+01   4.4780e-02   7.9057e-02   3.4477e+02
20260423_22:00:00   4.8217e-01   1.1006e+02   3.5480e+01   1.4794e-01   5.7783e-02   3.4692e+02
20260423_23:00:00   4.4059e-01   1.0269e+02   3.5960e+01   9.3900e-02   5.2890e-02   3.4789e+02
20260424_00:00:00   4.5903e-01   1.0598e+02   3.5024e+01   1.2438e-01   6.9770e-03   3.4690e+02
20260424_01:00:00   7.8468e-01   1.5507e+02   3.5447e+01   5.0680e-01   1.7851e-03   3.4502e+02
20260424_02:00:00   7.6506e-01   1.5271e+02   3.5719e+01   4.8169e-01   3.2509e-04   3.4399e+02
20260424_03:00:00   5.4301e-01   1.2025e+02   3.4151e+01   2.2358e-01   3.6093e-03   3.4164e+02
20260424_04:00:00   3.4634e-01   8.4995e+01   2.9952e+01   3.3380e-02   5.9042e-02   3.3998e+02
20260424_05:00:00   3.5122e-01   8.5599e+01   3.4177e+01   9.4530e-04   1.4671e-01   3.3966e+02
20260424_06:00:00   1.3380e+00   2.0705e+02   3.7030e+01   1.1269e+00   2.4119e-01   3.3550e+02
20260424_07:00:00   8.6327e-01   1.5954e+02   3.3040e+01   6.0906e-01   1.4277e+00   3.4171e+02
20260424_08:00:00   2.9467e-01   7.3031e+01   2.9269e+01   1.7040e-04   5.8107e-01   3.4340e+02
20260424_09:00:00   2.9528e-01   7.3231e+01   2.8907e+01   5.0789e-04   1.4858e-02   3.4664e+02
20260424_10:00:00   2.9061e-01   7.2257e+01   2.7679e+01   3.1703e-03   2.2093e-01   3.4792e+02
20260424_11:00:00   2.7021e-01   6.7987e+01   2.3917e+01   1.6338e-02   3.5204e-02   3.5095e+02
20260424_12:00:00   2.4528e-01   6.2660e+01   2.2375e+01   7.7360e-04   5.6934e-04   3.5349e+02
20260424_13:00:00   2.1755e-01   5.6575e+01   1.9564e+01   0.0000e+00   2.1182e-04   3.6044e+02
20260424_14:00:00   1.9107e-01   5.0657e+01   1.6360e+01   0.0000e+00   1.0814e-05   3.7033e+02
20260424_15:00:00   1.8474e-01   4.9185e+01   1.5381e+01   0.0000e+00   0.0000e+00   3.6833e+02
20260424_16:00:00   1.6746e-01   4.5163e+01   1.3559e+01   0.0000e+00   0.0000e+00   3.6588e+02
20260424_17:00:00   1.6479e-01   4.4578e+01   1.3022e+01   0.0000e+00   0.0000e+00   3.6353e+02
20260424_18:00:00   1.6356e-01   4.4291e+01   1.2783e+01   0.0000e+00   0.0000e+00   3.6149e+02
20260424_19:00:00   1.5989e-01   4.3418e+01   1.2382e+01   0.0000e+00   0.0000e+00   3.6103e+02
20260424_20:00:00   1.5650e-01   4.2617e+01   1.2128e+01   0.0000e+00   0.0000e+00   3.6015e+02
20260424_21:00:00   1.5450e-01   4.2115e+01   1.2107e+01   0.0000e+00   0.0000e+00   3.6081e+02
20260424_22:00:00   1.5389e-01   4.1915e+01   1.2195e+01   0.0000e+00   0.0000e+00   3.6135e+02
20260424_23:00:00   1.5333e-01   4.1740e+01   1.2195e+01   0.0000e+00   0.0000e+00   3.6659e+02
20260425_00:00:00   1.5340e-01   4.1696e+01   1.2282e+01   0.0000e+00   0.0000e+00   3.7112e+02
20260425_01:00:00   1.5181e-01   4.1279e+01   1.2116e+01   0.0000e+00   0.0000e+00   3.7376e+02
20260425_02:00:00   1.4687e-01   4.0055e+01   1.1539e+01   0.0000e+00   0.0000e+00   3.7483e+02
20260425_03:00:00   1.4490e-01   3.9541e+01   1.1268e+01   0.0000e+00   0.0000e+00   3.7511e+02
20260425_04:00:00   1.4268e-01   3.8965e+01   1.1122e+01   0.0000e+00   0.0000e+00   3.7742e+02
20260425_05:00:00   1.4590e-01   3.9621e+01   1.1364e+01   0.0000e+00   0.0000e+00   3.8071e+02
20260425_06:00:00   1.4607e-01   3.9573e+01   1.1637e+01   0.0000e+00   0.0000e+00   3.8458e+02
20260425_07:00:00   1.4410e-01   3.8987e+01   1.1573e+01   0.0000e+00   0.0000e+00   3.8683e+02
20260425_08:00:00   1.4914e-01   4.0114e+01   1.2409e+01   0.0000e+00   4.9280e-07   3.8646e+02
20260425_09:00:00   1.5180e-01   4.0610e+01   1.2629e+01   0.0000e+00   6.6440e-04   3.8706e+02
20260425_10:00:00   1.3868e-01   3.7534e+01   1.0822e+01   0.0000e+00   0.0000e+00   3.8387e+02
20260425_11:00:00   1.3515e-01   3.6664e+01   1.0189e+01   0.0000e+00   0.0000e+00   3.7884e+02
20260425_12:00:00   1.3407e-01   3.6347e+01   1.0028e+01   0.0000e+00   0.0000e+00   3.7762e+02
20260425_13:00:00   1.3258e-01   3.5954e+01   9.8707e+00   0.0000e+00   0.0000e+00   3.7460e+02
20260425_14:00:00   1.3314e-01   3.6060e+01   9.9587e+00   0.0000e+00   4.1500e-05   3.7127e+02
20260425_15:00:00   1.3127e-01   3.5611e+01   9.7570e+00   0.0000e+00   1.4148e-03   3.6886e+02
20260425_16:00:00   1.3274e-01   3.5968e+01   9.9740e+00   0.0000e+00   3.5596e-03   3.6962e+02
20260425_17:00:00   1.3512e-01   3.6550e+01   1.0378e+01   0.0000e+00   5.9389e-03   3.7043e+02
20260425_18:00:00   1.4102e-01   3.7970e+01   1.1174e+01   0.0000e+00   4.0269e-02   3.7068e+02
20260425_19:00:00   1.4453e-01   3.8846e+01   1.1653e+01   0.0000e+00   2.0698e-02   3.7070e+02
20260425_20:00:00   1.5446e-01   4.1199e+01   1.2906e+01   0.0000e+00   1.9482e-02   3.6905e+02
20260425_21:00:00   1.6048e-01   4.2625e+01   1.3740e+01   0.0000e+00   1.7902e-02   3.7004e+02
20260425_22:00:00   1.6339e-01   4.3308e+01   1.4302e+01   0.0000e+00   3.2531e-02   3.6783e+02
20260425_23:00:00   1.6902e-01   4.4573e+01   1.5157e+01   0.0000e+00   5.5381e-02   3.6654e+02
20260426_00:00:00   1.8080e-01   4.7215e+01   1.6453e+01   0.0000e+00   3.8484e-01   3.6627e+02
20260426_01:00:00   1.8702e-01   4.8671e+01   1.7199e+01   0.0000e+00   3.3022e-01   3.6751e+02
20260426_02:00:00   1.8714e-01   4.8771e+01   1.7063e+01   9.0500e-05   2.0917e-01   3.6617e+02
20260426_03:00:00   1.9062e-01   4.9509e+01   1.7432e+01   0.0000e+00   2.9086e-01   3.6489e+02
20260426_04:00:00   1.9406e-01   5.0206e+01   1.7767e+01   0.0000e+00   4.1048e-01   3.6412e+02
20260426_05:00:00   1.9425e-01   5.0223e+01   1.7802e+01   0.0000e+00   3.3978e-01   3.6637e+02
20260426_06:00:00   1.9923e-01   5.1267e+01   1.8267e+01   0.0000e+00   3.7248e-01   3.6730e+02
20260426_07:00:00   2.0804e-01   5.3296e+01   1.9179e+01   4.1340e-04   1.7687e-01   3.6174e+02
20260426_08:00:00   2.6381e-01   6.5166e+01   1.8815e+01   6.6063e-02   3.4540e-02   3.5778e+02
20260426_09:00:00   2.0515e-01   5.2842e+01   1.8861e+01   1.3338e-05   1.1365e-02   3.5847e+02
20260426_10:00:00   1.9719e-01   5.1081e+01   1.8082e+01   1.9358e-04   8.3205e-04   3.5638e+02
20260426_11:00:00   1.8301e-01   4.7890e+01   1.6540e+01   6.4860e-05   3.5815e-04   3.5469e+02
20260426_12:00:00   2.2610e-01   5.7199e+01   1.7262e+01   4.2362e-02   1.1167e-02   3.5713e+02
20260426_15:00:00   1.8669e-01   4.8702e+01   1.7087e+01   2.0120e-03   6.8289e-04   3.6149e+02
20260426_18:00:00   2.1591e-01   5.5552e+01   2.0882e+01   0.0000e+00   1.0079e-03   3.5377e+02
20260426_21:00:00   2.5312e-01   6.3879e+01   2.5102e+01   0.0000e+00   1.2263e-01   3.4179e+02
20260427_00:00:00   2.5813e-01   6.5218e+01   2.5573e+01   0.0000e+00   1.3817e-03   3.4052e+02
20260427_03:00:00   2.9608e-01   7.3139e+01   2.9079e+01   2.6040e-03   5.5473e-03   3.4280e+02
20260427_06:00:00   2.9702e-01   7.3651e+01   2.9553e+01   0.0000e+00   6.3042e-03   3.4130e+02
20260427_09:00:00   2.9585e-01   7.3684e+01   2.8803e+01   8.6477e-05   9.2922e-02   3.3848e+02
20260427_12:00:00   4.0363e-01   9.4972e+01   3.2366e+01   9.0034e-02   5.1543e-01   3.4363e+02
20260427_15:00:00   1.0434e+00   1.8509e+02   3.1687e+01   8.9070e-01   6.6297e-03   3.6492e+02
20260427_18:00:00   6.8850e-01   1.4287e+02   3.0325e+01   4.6452e-01   1.1909e-02   3.6884e+02
20260427_21:00:00   3.7924e-01   9.1051e+01   2.9666e+01   8.3817e-02   1.1739e-02   3.7034e+02
20260428_00:00:00   4.0316e-01   9.3665e+01   2.1286e+01   2.0232e-01   8.7620e-07   3.8805e+02
20260428_03:00:00   2.1199e-01   5.4627e+01   1.5523e+01   2.6794e-02   6.3936e-03   3.9425e+02
20260428_06:00:00   1.4185e-01   3.8470e+01   9.9356e+00   0.0000e+00   0.0000e+00   3.9248e+02
20260428_09:00:00   1.2734e-01   3.4720e+01   8.9073e+00   0.0000e+00   8.3421e-03   3.9598e+02
20260428_12:00:00   1.2154e-01   3.3202e+01   8.1743e+00   0.0000e+00   7.7914e-02   3.7510e+02
20260428_15:00:00   1.2659e-01   3.4462e+01   8.4476e+00   0.0000e+00   0.0000e+00   3.7780e+02
20260428_18:00:00   1.3414e-01   3.6419e+01   9.2808e+00   0.0000e+00   0.0000e+00   3.7884e+02
20260428_21:00:00   1.3496e-01   3.6705e+01   9.8420e+00   0.0000e+00   3.6992e-05   3.7907e+02
20260429_00:00:00   1.3518e-01   3.6844e+01   1.0050e+01   0.0000e+00   0.0000e+00   3.7000e+02
20260429_03:00:00   1.6571e-01   4.3936e+01   1.4025e+01   0.0000e+00   2.3833e-03   3.7696e+02
20260429_06:00:00   2.2394e-01   5.6911e+01   1.8012e+01   2.8291e-02   1.5035e-02   3.6112e+02
20260429_09:00:00   3.0108e-01   7.3118e+01   2.2174e+01   7.2936e-02   5.4274e-02   3.4828e+02
20260429_12:00:00   7.6380e-01   1.4577e+02   2.3714e+01   5.6997e-01   7.9060e-01   3.6039e+02
20260429_15:00:00   8.8739e-01   1.6215e+02   2.6064e+01   6.8940e-01   3.3306e-01   3.6305e+02
20260429_18:00:00   7.5234e-01   1.4581e+02   2.6283e+01   5.3812e-01   2.3355e-01   3.6819e+02
20260429_21:00:00   6.3846e-01   1.3065e+02   2.6346e+01   4.0625e-01   1.1418e-02   3.6529e+02
20260430_00:00:00   1.4365e+00   2.0964e+02   2.7458e+01   1.3029e+00   4.9692e-02   3.5478e+02
20260430_03:00:00   1.2938e+00   1.9889e+02   2.8381e+01   1.1284e+00   2.1179e-01   3.5049e+02
20260430_06:00:00   1.2403e+00   1.9509e+02   2.7991e+01   1.0729e+00   2.6085e-01   3.4259e+02
20260430_09:00:00   1.1733e+00   1.9104e+02   2.7262e+01   1.0162e+00   1.0975e-01   3.3884e+02
20260430_12:00:00   1.3496e+00   2.0492e+02   2.5629e+01   1.2339e+00   9.8838e-04   3.4251e+02
20260430_15:00:00   9.4488e-01   1.6926e+02   2.5641e+01   7.7491e-01   3.2826e-02   3.4798e+02
20260430_18:00:00   1.0080e+00   1.7554e+02   2.6447e+01   8.3820e-01   3.7777e-01   3.4849e+02
20260430_21:00:00   1.0687e+00   1.8044e+02   2.5858e+01   9.0773e-01   9.5294e-01   3.5500e+02
20260501_00:00:00   7.0677e-01   1.4004e+02   2.4389e+01   5.1334e-01   8.5502e-01   3.6132e+02
20260501_03:00:00   6.6304e-01   1.3349e+02   2.2071e+01   4.8592e-01   4.2181e-01   3.6935e+02
20260501_06:00:00   2.3854e-01   5.9552e+01   1.7133e+01   5.2749e-02   1.6255e-01   3.8403e+02
20260501_09:00:00   1.4474e-01   3.8720e+01   1.0850e+01   0.0000e+00   1.1698e-02   3.8746e+02
20260501_12:00:00   1.3998e-01   3.7496e+01   9.8062e+00   0.0000e+00   8.1570e-06   4.0377e+02
20260501_15:00:00   1.4588e-01   3.8794e+01   1.0184e+01   0.0000e+00   4.4297e-06   4.3092e+02
20260501_18:00:00   1.7134e-01   4.4384e+01   1.1080e+01   2.4760e-02   2.7998e-03   4.1945e+02
20260501_21:00:00   2.0017e-01   5.0694e+01   1.1715e+01   4.9881e-02   8.6046e-03   4.1014e+02
20260502_00:00:00   1.5056e-01   3.9727e+01   1.0948e+01   0.0000e+00   1.8423e-04   3.9355e+02
20260502_03:00:00   1.3190e-01   3.5341e+01   8.5931e+00   0.0000e+00   9.3685e-06   3.9574e+02
20260502_06:00:00   1.2877e-01   3.4568e+01   8.0262e+00   0.0000e+00   8.1570e-06   3.9924e+02
20260502_09:00:00   1.2553e-01   3.3793e+01   7.5345e+00   0.0000e+00   8.1570e-06   3.9402e+02
20260502_12:00:00   1.2868e-01   3.4514e+01   7.6248e+00   9.3020e-05   1.5161e-05   3.9513e+02
20260502_15:00:00   1.6190e-01   4.2193e+01   7.4660e+00   3.8283e-02   1.1237e-03   3.9871e+02
20260502_18:00:00   1.2744e-01   3.4276e+01   7.9249e+00   1.0388e-03   2.1805e-03   3.7763e+02
20260502_21:00:00   1.2337e-01   3.3377e+01   7.8560e+00   0.0000e+00   6.2884e-04   3.6549e+02
20260503_00:00:00   1.2332e-01   3.3463e+01   7.8884e+00   0.0000e+00   4.0780e-06   3.6618e+02
20260503_03:00:00   1.0808e-01   2.9849e+01   5.8462e+00   0.0000e+00   0.0000e+00   3.7778e+02
20260503_06:00:00   9.9079e-02   2.7630e+01   4.7416e+00   0.0000e+00   5.5340e-06   3.7930e+02
20260503_09:00:00   9.6669e-02   2.7049e+01   4.3204e+00   0.0000e+00   0.0000e+00   3.8484e+02
20260503_12:00:00   9.8244e-02   2.7393e+01   4.5128e+00   0.0000e+00   0.0000e+00   3.8160e+02
20260503_15:00:00   1.0892e-01   3.0026e+01   5.8919e+00   0.0000e+00   1.7816e-03   3.8060e+02
20260503_18:00:00   1.2032e-01   3.2841e+01   7.4180e+00   0.0000e+00   1.2992e-04   3.8256e+02
20260503_21:00:00   1.2407e-01   3.3856e+01   8.1758e+00   0.0000e+00   8.9140e-05   3.7418e+02
20260504_00:00:00   1.2641e-01   3.4450e+01   8.6307e+00   0.0000e+00   1.0158e-04   3.6990e+02
20260504_03:00:00   1.2812e-01   3.4808e+01   8.8741e+00   0.0000e+00   5.0324e-05   3.7546e+02
20260504_06:00:00   1.2668e-01   3.4343e+01   8.9309e+00   0.0000e+00   2.7778e-03   3.8634e+02
20260504_09:00:00   1.2734e-01   3.4434e+01   9.0615e+00   0.0000e+00   1.2755e-02   4.0137e+02
20260504_12:00:00   1.3940e-01   3.7154e+01   1.0775e+01   0.0000e+00   2.6915e-02   3.9690e+02
20260504_15:00:00   1.4696e-01   3.8987e+01   1.1549e+01   0.0000e+00   3.2313e-02   3.8075e+02
20260504_18:00:00   1.6678e-01   4.3688e+01   1.3842e+01   0.0000e+00   1.1340e-03   3.8631e+02
20260504_21:00:00   2.7944e-01   6.7760e+01   1.5792e+01   1.1020e-01   3.2797e-03   3.8030e+02
20260505_00:00:00   1.9919e-01   5.1037e+01   1.5328e+01   2.3920e-02   4.9839e-03   3.7321e+02
20260505_03:00:00   1.4157e-01   3.7972e+01   1.0674e+01   0.0000e+00   5.8855e-02   3.7814e+02
20260505_06:00:00   1.2255e-01   3.3424e+01   8.0121e+00   0.0000e+00   2.6287e-02   3.7898e+02
20260505_09:00:00   1.0806e-01   2.9976e+01   5.8852e+00   0.0000e+00   1.2350e-04   3.7887e+02
20260505_12:00:00   1.0564e-01   2.9359e+01   5.5309e+00   0.0000e+00   0.0000e+00   3.8706e+02
20260505_15:00:00   1.1215e-01   3.0969e+01   6.4566e+00   0.0000e+00   5.5340e-06   3.8375e+02
20260505_18:00:00   1.1831e-01   3.2557e+01   7.2463e+00   0.0000e+00   0.0000e+00   3.8879e+02
20260505_21:00:00   1.2410e-01   3.4021e+01   8.0271e+00   0.0000e+00   0.0000e+00   3.8892e+02
20260506_00:00:00   1.2400e-01   3.4005e+01   8.1224e+00   0.0000e+00   2.5922e-05   3.8250e+02
20260506_03:00:00   1.1727e-01   3.2287e+01   7.2532e+00   0.0000e+00   5.3701e-04   3.7573e+02
20260506_06:00:00   1.1039e-01   3.0505e+01   6.6531e+00   0.0000e+00   1.9525e-04   3.6804e+02
20260506_09:00:00   1.0640e-01   2.9522e+01   5.9232e+00   0.0000e+00   0.0000e+00   3.6491e+02
20260506_12:00:00   1.0260e-01   2.8587e+01   5.3140e+00   0.0000e+00   0.0000e+00   3.6824e+02
20260506_15:00:00   1.0350e-01   2.8836e+01   5.4738e+00   0.0000e+00   2.1763e-06   3.5466e+02
20260506_18:00:00   1.1525e-01   3.1766e+01   7.1211e+00   0.0000e+00   2.6390e-04   3.4486e+02
20260506_21:00:00   1.3536e-01   3.6656e+01   9.7116e+00   0.0000e+00   2.6484e-03   3.4577e+02
20260507_00:00:00   1.4602e-01   3.9186e+01   1.0709e+01   9.1760e-05   2.0840e-02   3.4866e+02
20260507_03:00:00   1.3775e-01   3.7266e+01   9.6744e+00   0.0000e+00   6.4514e-03   3.5174e+02
20260507_06:00:00   1.3528e-01   3.6642e+01   9.3927e+00   0.0000e+00   1.2782e-02   3.5883e+02
20260507_09:00:00   1.3645e-01   3.6886e+01   9.5952e+00   0.0000e+00   4.3136e-03   3.6963e+02
20260507_12:00:00   1.3923e-01   3.7531e+01   1.0001e+01   0.0000e+00   1.0548e-03   3.7948e+02
