#            date       tau255        Tb[K]      pwv[mm] lwp[kg*m^-2] iwp[kg*m^-2]       o3[DU]
20260128_18:00:00   1.0402e-01   2.7650e+01   4.8924e+00   0.0000e+00   1.5638e-03   3.6119e+02
20260128_19:00:00   1.0266e-01   2.7377e+01   4.7293e+00   0.0000e+00   7.4560e-06   3.5625e+02
20260128_20:00:00   1.0025e-01   2.6860e+01   4.4300e+00   0.0000e+00   2.2140e-06   3.4690e+02
20260128_21:00:00   9.7674e-02   2.6297e+01   4.0683e+00   0.0000e+00   0.0000e+00   3.3652e+02
20260128_22:00:00   9.4694e-02   2.5626e+01   3.6681e+00   0.0000e+00   0.0000e+00   3.2762e+02
20260128_23:00:00   9.2811e-02   2.5190e+01   3.3862e+00   0.0000e+00   0.0000e+00   3.1470e+02
20260129_00:00:00   9.1657e-02   2.4929e+01   3.2532e+00   0.0000e+00   0.0000e+00   3.0959e+02
20260129_01:00:00   9.1661e-02   2.4922e+01   3.2828e+00   0.0000e+00   3.5828e-05   3.0862e+02
20260129_02:00:00   9.1972e-02   2.4969e+01   3.2995e+00   0.0000e+00   1.2635e-06   3.0693e+02
20260129_03:00:00   9.1929e-02   2.4953e+01   3.3276e+00   0.0000e+00   4.6938e-04   3.0603e+02
20260129_04:00:00   9.2420e-02   2.5048e+01   3.3871e+00   0.0000e+00   4.4646e-03   3.1142e+02
20260129_05:00:00   9.3093e-02   2.5182e+01   3.4568e+00   0.0000e+00   6.5604e-03   3.2037e+02
20260129_06:00:00   9.3482e-02   2.5263e+01   3.5130e+00   0.0000e+00   1.7563e-02   3.2805e+02
20260129_07:00:00   9.4055e-02   2.5393e+01   3.6113e+00   0.0000e+00   3.6267e-02   3.3002e+02
20260129_08:00:00   9.4096e-02   2.5400e+01   3.6301e+00   0.0000e+00   3.8374e-02   3.2930e+02
20260129_09:00:00   9.4347e-02   2.5441e+01   3.6928e+00   0.0000e+00   2.9225e-02   3.3396e+02
20260129_10:00:00   9.3971e-02   2.5353e+01   3.6923e+00   0.0000e+00   3.0403e-02   3.3607e+02
20260129_11:00:00   9.4021e-02   2.5349e+01   3.6832e+00   0.0000e+00   7.5682e-02   3.4090e+02
20260129_12:00:00   9.4128e-02   2.5344e+01   3.6373e+00   0.0000e+00   1.0536e-01   3.4612e+02
20260129_13:00:00   9.4142e-02   2.5330e+01   3.6016e+00   0.0000e+00   1.0924e-01   3.5156e+02
20260129_14:00:00   9.3695e-02   2.5221e+01   3.5062e+00   0.0000e+00   1.0631e-01   3.5296e+02
20260129_15:00:00   9.3137e-02   2.5094e+01   3.4036e+00   0.0000e+00   1.0453e-01   3.5398e+02
20260129_16:00:00   9.2941e-02   2.5043e+01   3.3427e+00   0.0000e+00   8.6187e-02   3.4906e+02
20260129_17:00:00   9.3059e-02   2.5077e+01   3.3566e+00   0.0000e+00   8.5024e-02   3.4917e+02
20260129_18:00:00   9.3193e-02   2.5116e+01   3.4016e+00   0.0000e+00   5.5833e-02   3.4534e+02
20260129_19:00:00   9.2685e-02   2.5004e+01   3.3147e+00   0.0000e+00   2.6039e-02   3.4445e+02
20260129_20:00:00   9.1706e-02   2.4793e+01   3.1442e+00   0.0000e+00   1.4202e-02   3.4419e+02
20260129_21:00:00   9.1335e-02   2.4717e+01   3.0562e+00   0.0000e+00   8.8168e-03   3.4016e+02
20260129_22:00:00   9.1021e-02   2.4654e+01   2.9762e+00   0.0000e+00   3.5065e-03   3.4056e+02
20260129_23:00:00   9.0819e-02   2.4607e+01   2.9131e+00   0.0000e+00   1.0661e-03   3.4112e+02
20260130_00:00:00   9.0866e-02   2.4605e+01   2.8368e+00   0.0000e+00   7.0062e-05   3.3774e+02
20260130_01:00:00   9.0564e-02   2.4522e+01   2.7065e+00   0.0000e+00   2.0875e-06   3.3924e+02
20260130_02:00:00   9.0141e-02   2.4411e+01   2.5838e+00   0.0000e+00   2.0868e-06   3.4623e+02
20260130_03:00:00   8.9666e-02   2.4286e+01   2.4518e+00   0.0000e+00   2.0831e-06   3.4479e+02
20260130_04:00:00   8.9821e-02   2.4303e+01   2.4120e+00   0.0000e+00   2.3262e-06   3.4206e+02
20260130_05:00:00   8.9997e-02   2.4322e+01   2.3982e+00   0.0000e+00   5.2730e-05   3.4583e+02
20260130_06:00:00   9.0410e-02   2.4396e+01   2.4378e+00   0.0000e+00   5.8773e-05   3.4738e+02
20260130_07:00:00   9.1458e-02   2.4611e+01   2.5662e+00   0.0000e+00   2.6564e-05   3.5256e+02
20260130_08:00:00   9.2351e-02   2.4789e+01   2.6734e+00   0.0000e+00   6.1710e-06   3.5500e+02
20260130_09:00:00   9.2525e-02   2.4808e+01   2.6638e+00   0.0000e+00   6.1750e-06   3.5287e+02
20260130_10:00:00   9.2914e-02   2.4871e+01   2.7070e+00   0.0000e+00   6.1730e-06   3.6156e+02
20260130_11:00:00   9.4169e-02   2.5117e+01   2.8631e+00   0.0000e+00   5.9444e-06   3.7032e+02
20260130_12:00:00   9.5347e-02   2.5349e+01   2.9815e+00   0.0000e+00   9.8905e-05   3.7662e+02
20260130_13:00:00   9.5935e-02   2.5450e+01   2.9349e+00   0.0000e+00   4.6783e-05   3.8350e+02
20260130_14:00:00   9.5759e-02   2.5383e+01   2.7501e+00   0.0000e+00   2.5204e-05   3.9716e+02
20260130_15:00:00   9.6276e-02   2.5461e+01   2.7124e+00   0.0000e+00   1.3870e-04   4.2996e+02
20260130_16:00:00   9.6149e-02   2.5392e+01   2.6702e+00   0.0000e+00   6.9785e-04   4.5107e+02
20260130_17:00:00   9.5583e-02   2.5232e+01   2.5518e+00   0.0000e+00   1.3286e-03   4.5154e+02
20260130_18:00:00   9.5590e-02   2.5222e+01   2.5365e+00   0.0000e+00   2.6614e-03   4.5067e+02
20260130_19:00:00   1.0309e-01   2.6889e+01   2.5164e+00   8.9560e-03   2.5635e-03   4.6122e+02
20260130_20:00:00   9.6868e-02   2.5471e+01   2.4968e+00   1.8814e-03   2.7715e-03   4.7168e+02
20260130_21:00:00   9.6744e-02   2.5438e+01   2.6226e+00   4.1780e-04   1.0013e-02   4.7180e+02
20260130_22:00:00   9.8775e-02   2.5897e+01   2.8456e+00   8.5340e-05   2.3484e-02   4.7781e+02
20260130_23:00:00   9.9466e-02   2.6044e+01   2.9028e+00   0.0000e+00   1.0288e-02   4.7949e+02
20260131_00:00:00   9.7952e-02   2.5699e+01   2.7077e+00   0.0000e+00   2.0708e-03   4.7546e+02
20260131_01:00:00   9.5570e-02   2.5174e+01   2.4230e+00   0.0000e+00   2.0288e-05   4.7171e+02
20260131_02:00:00   9.5213e-02   2.5102e+01   2.4823e+00   0.0000e+00   1.8909e-05   4.6567e+02
20260131_03:00:00   9.8242e-02   2.5812e+01   2.9244e+00   0.0000e+00   4.2073e-05   4.6348e+02
20260131_04:00:00   1.0048e-01   2.6349e+01   3.2476e+00   0.0000e+00   4.5216e-05   4.5482e+02
20260131_05:00:00   1.0228e-01   2.6780e+01   3.5341e+00   0.0000e+00   4.8944e-05   4.4468e+02
20260131_06:00:00   1.0457e-01   2.7327e+01   3.8362e+00   0.0000e+00   5.0601e-05   4.3907e+02
20260131_07:00:00   1.0603e-01   2.7688e+01   4.0300e+00   0.0000e+00   5.2259e-05   4.3823e+02
20260131_08:00:00   1.0726e-01   2.7999e+01   4.1921e+00   0.0000e+00   4.6523e-05   4.3923e+02
20260131_09:00:00   1.0835e-01   2.8285e+01   4.3480e+00   0.0000e+00   5.1094e-05   4.3988e+02
20260131_10:00:00   1.0896e-01   2.8463e+01   4.4516e+00   0.0000e+00   5.0602e-05   4.4185e+02
20260131_11:00:00   1.0941e-01   2.8599e+01   4.5274e+00   0.0000e+00   4.6523e-05   4.3816e+02
20260131_12:00:00   1.0940e-01   2.8630e+01   4.5481e+00   0.0000e+00   3.4285e-05   4.3693e+02
20260131_13:00:00   1.0950e-01   2.8692e+01   4.5788e+00   0.0000e+00   2.4471e-05   4.3625e+02
20260131_14:00:00   1.0926e-01   2.8677e+01   4.5681e+00   0.0000e+00   2.0392e-05   4.4031e+02
20260131_15:00:00   1.0930e-01   2.8725e+01   4.5968e+00   0.0000e+00   1.6313e-05   4.4391e+02
20260131_16:00:00   1.0904e-01   2.8715e+01   4.5911e+00   0.0000e+00   1.6313e-05   4.3163e+02
20260131_17:00:00   1.0882e-01   2.8704e+01   4.5800e+00   0.0000e+00   2.0392e-05   4.2661e+02
20260131_18:00:00   1.0854e-01   2.8686e+01   4.5789e+00   0.0000e+00   2.0392e-05   4.2100e+02
20260131_19:00:00   1.0822e-01   2.8657e+01   4.5639e+00   0.0000e+00   1.7328e-05   4.1532e+02
20260131_20:00:00   1.0775e-01   2.8585e+01   4.5384e+00   0.0000e+00   1.4654e-05   4.1834e+02
20260131_21:00:00   1.0720e-01   2.8496e+01   4.4946e+00   0.0000e+00   1.1928e-05   4.1703e+02
20260131_22:00:00   1.0695e-01   2.8456e+01   4.4685e+00   0.0000e+00   9.3330e-06   4.1237e+02
20260131_23:00:00   1.0647e-01   2.8360e+01   4.4049e+00   0.0000e+00   1.1991e-05   4.0913e+02
20260201_00:00:00   1.0548e-01   2.8145e+01   4.2715e+00   0.0000e+00   1.0005e-05   4.0741e+02
20260201_01:00:00   1.0407e-01   2.7842e+01   4.1185e+00   0.0000e+00   9.1760e-06   4.0680e+02
20260201_02:00:00   1.0287e-01   2.7586e+01   3.9957e+00   0.0000e+00   7.4134e-06   4.0626e+02
20260201_03:00:00   1.0173e-01   2.7345e+01   3.8768e+00   0.0000e+00   7.1370e-06   4.0304e+02
20260201_04:00:00   1.0039e-01   2.7051e+01   3.7335e+00   0.0000e+00   6.4202e-06   3.9921e+02
20260201_05:00:00   9.9254e-02   2.6803e+01   3.6054e+00   0.0000e+00   6.1439e-06   3.9803e+02
20260201_06:00:00   9.8126e-02   2.6562e+01   3.4911e+00   0.0000e+00   6.1439e-06   3.9061e+02
20260201_07:00:00   9.7179e-02   2.6347e+01   3.3947e+00   0.0000e+00   6.1787e-06   3.8230e+02
20260201_08:00:00   9.6608e-02   2.6223e+01   3.3431e+00   0.0000e+00   5.3775e-06   3.7519e+02
20260201_09:00:00   9.5891e-02   2.6067e+01   3.3175e+00   0.0000e+00   2.8785e-06   3.6664e+02
20260201_10:00:00   9.4423e-02   2.5737e+01   3.2049e+00   0.0000e+00   6.7170e-07   3.6688e+02
20260201_11:00:00   9.1955e-02   2.5170e+01   2.9766e+00   0.0000e+00   0.0000e+00   3.7232e+02
20260201_12:00:00   9.2321e-02   2.5243e+01   3.1079e+00   0.0000e+00   1.7839e-04   3.7763e+02
20260201_13:00:00   9.2954e-02   2.5373e+01   3.2560e+00   0.0000e+00   5.8010e-03   3.7944e+02
20260201_14:00:00   9.2818e-02   2.5332e+01   3.3361e+00   0.0000e+00   6.4127e-02   3.7868e+02
20260201_15:00:00   9.8042e-02   2.6525e+01   4.3196e+00   0.0000e+00   4.1463e-02   3.8172e+02
20260201_16:00:00   1.0845e-01   2.8941e+01   5.8576e+00   0.0000e+00   3.7260e-02   3.8407e+02
20260201_17:00:00   1.1992e-01   3.1635e+01   7.2559e+00   0.0000e+00   6.6672e-02   3.8786e+02
20260201_18:00:00   1.3575e-01   3.5356e+01   8.9753e+00   0.0000e+00   7.4851e-02   3.9419e+02
20260201_19:00:00   1.3610e-01   3.5591e+01   8.5899e+00   2.4440e-04   3.6609e-02   3.9650e+02
20260201_20:00:00   1.3505e-01   3.5365e+01   8.2386e+00   2.5216e-03   7.2382e-02   3.9296e+02
20260201_21:00:00   1.5642e-01   4.0284e+01   8.0758e+00   2.9620e-02   6.3909e-03   3.9472e+02
20260201_22:00:00   1.3299e-01   3.4997e+01   8.4253e+00   0.0000e+00   8.9106e-04   3.9489e+02
20260201_23:00:00   1.3062e-01   3.4499e+01   8.0673e+00   9.3220e-06   2.3088e-03   4.0079e+02
20260202_00:00:00   1.3093e-01   3.4583e+01   8.1831e+00   5.1520e-05   2.4612e-04   4.0343e+02
20260202_01:00:00   1.2877e-01   3.4126e+01   8.0532e+00   0.0000e+00   6.7340e-04   3.9519e+02
20260202_02:00:00   1.2675e-01   3.3688e+01   7.9096e+00   0.0000e+00   3.9140e-05   3.9280e+02
20260202_03:00:00   1.3091e-01   3.4656e+01   8.6181e+00   0.0000e+00   0.0000e+00   3.8730e+02
20260202_04:00:00   1.3758e-01   3.6229e+01   9.4812e+00   0.0000e+00   7.3576e-05   3.7788e+02
20260202_05:00:00   1.4230e-01   3.7370e+01   1.0020e+01   0.0000e+00   2.4120e-04   3.7244e+02
20260202_06:00:00   1.4149e-01   3.7280e+01   9.8365e+00   0.0000e+00   9.2160e-04   3.6622e+02
20260202_07:00:00   1.3959e-01   3.6903e+01   9.5696e+00   0.0000e+00   7.0420e-04   3.6256e+02
20260202_08:00:00   1.3951e-01   3.6924e+01   9.5313e+00   0.0000e+00   1.8510e-04   3.5555e+02
20260202_09:00:00   1.3859e-01   3.6750e+01   9.4328e+00   0.0000e+00   0.0000e+00   3.4815e+02
20260202_10:00:00   1.3753e-01   3.6544e+01   9.3035e+00   0.0000e+00   0.0000e+00   3.3842e+02
20260202_11:00:00   1.3499e-01   3.5968e+01   8.9433e+00   0.0000e+00   0.0000e+00   3.3294e+02
20260202_12:00:00   1.3066e-01   3.4969e+01   8.4947e+00   0.0000e+00   7.6670e-08   3.2939e+02
20260202_13:00:00   1.2436e-01   3.3505e+01   7.7461e+00   0.0000e+00   2.3915e-06   3.3056e+02
20260202_14:00:00   1.2282e-01   3.3142e+01   7.5228e+00   0.0000e+00   4.3698e-06   3.3218e+02
20260202_15:00:00   1.2025e-01   3.2522e+01   7.4069e+00   0.0000e+00   9.0756e-04   3.2932e+02
20260202_16:00:00   1.1886e-01   3.2189e+01   7.3459e+00   0.0000e+00   4.5630e-04   3.2811e+02
20260202_17:00:00   1.2005e-01   3.2463e+01   7.6587e+00   0.0000e+00   9.4759e-06   3.2656e+02
20260202_18:00:00   1.2151e-01   3.2822e+01   7.9642e+00   0.0000e+00   1.1889e-04   3.2450e+02
20260202_21:00:00   1.2852e-01   3.4475e+01   9.1256e+00   0.0000e+00   2.8342e-03   3.1907e+02
20260203_00:00:00   1.2859e-01   3.4440e+01   9.2418e+00   0.0000e+00   4.0831e-03   3.2318e+02
20260203_03:00:00   1.3463e-01   3.5816e+01   1.0010e+01   0.0000e+00   5.4743e-02   3.2927e+02
20260203_06:00:00   1.5190e-01   3.9663e+01   1.2124e+01   0.0000e+00   1.8127e-01   3.4556e+02
20260203_09:00:00   1.4323e-01   3.7786e+01   1.0749e+01   0.0000e+00   2.8208e-03   3.4847e+02
20260203_12:00:00   1.3822e-01   3.6531e+01   9.8214e+00   0.0000e+00   9.9618e-05   3.5307e+02
20260203_15:00:00   1.3781e-01   3.6378e+01   9.2798e+00   0.0000e+00   2.4716e-05   3.5504e+02
20260203_18:00:00   1.3108e-01   3.4807e+01   8.2441e+00   0.0000e+00   7.6515e-05   3.6156e+02
20260203_21:00:00   1.4781e-01   3.8581e+01   1.0140e+01   1.7799e-03   8.3395e-05   3.7188e+02
20260204_00:00:00   2.2307e-01   5.4940e+01   1.0006e+01   8.4521e-02   6.0803e-03   3.7723e+02
20260204_03:00:00   1.4567e-01   3.7856e+01   9.7693e+00   0.0000e+00   9.5506e-05   3.8557e+02
20260204_06:00:00   1.2302e-01   3.2652e+01   6.7551e+00   0.0000e+00   2.3472e-05   3.9511e+02
20260204_09:00:00   1.0177e-01   2.7645e+01   4.0409e+00   0.0000e+00   7.6219e-06   3.9276e+02
20260204_12:00:00   9.4720e-02   2.5934e+01   3.0798e+00   0.0000e+00   7.6479e-06   3.8906e+02
20260204_15:00:00   9.5173e-02   2.5999e+01   3.1308e+00   0.0000e+00   8.7839e-06   3.9808e+02
20260204_18:00:00   1.0586e-01   2.8447e+01   4.8588e+00   0.0000e+00   5.0278e-05   4.2538e+02
20260204_21:00:00   1.2465e-01   3.2735e+01   7.4821e+00   0.0000e+00   5.7004e-02   4.3373e+02
20260205_00:00:00   1.2209e-01   3.2218e+01   7.1146e+00   0.0000e+00   1.6721e-05   4.0123e+02
20260205_03:00:00   9.8994e-02   2.6911e+01   3.7390e+00   0.0000e+00   6.6162e-07   3.9676e+02
20260205_06:00:00   9.3510e-02   2.5654e+01   2.9958e+00   0.0000e+00   4.2237e-06   4.0381e+02
20260205_09:00:00   9.8183e-02   2.6813e+01   3.6944e+00   0.0000e+00   1.0042e-05   3.8765e+02
20260205_12:00:00   1.1640e-01   3.1182e+01   6.2349e+00   0.0000e+00   9.3316e-04   3.8584e+02
20260205_15:00:00   1.2190e-01   3.2502e+01   7.4981e+00   0.0000e+00   2.7951e-03   3.7994e+02
20260205_18:00:00   1.2913e-01   3.4332e+01   9.0786e+00   0.0000e+00   1.1037e-02   3.6844e+02
20260205_21:00:00   1.4178e-01   3.7438e+01   1.1327e+01   0.0000e+00   5.4770e-03   3.6002e+02
20260206_00:00:00   1.5687e-01   4.1225e+01   1.3567e+01   0.0000e+00   5.7345e-04   3.5491e+02
20260206_03:00:00   1.5820e-01   4.1898e+01   1.3565e+01   0.0000e+00   0.0000e+00   3.4637e+02
20260206_06:00:00   1.5636e-01   4.1681e+01   1.2793e+01   0.0000e+00   0.0000e+00   3.3083e+02
20260206_09:00:00   1.6063e-01   4.2625e+01   1.2856e+01   0.0000e+00   0.0000e+00   3.2215e+02
20260206_12:00:00   1.5413e-01   4.1147e+01   1.2021e+01   0.0000e+00   3.4794e-04   3.2590e+02
20260206_15:00:00   1.5041e-01   4.0248e+01   1.1162e+01   0.0000e+00   2.1513e-06   3.2543e+02
20260206_18:00:00   1.4553e-01   3.9083e+01   1.0047e+01   3.3257e-03   2.5767e-05   3.2458e+02
20260206_21:00:00   1.9484e-01   5.0236e+01   1.0131e+01   5.9915e-02   1.0358e-04   3.2389e+02
20260207_00:00:00   1.4624e-01   3.9065e+01   1.0905e+01   0.0000e+00   7.8030e-08   3.3199e+02
20260207_03:00:00   1.4340e-01   3.8331e+01   1.0599e+01   0.0000e+00   9.0335e-04   3.3518e+02
20260207_06:00:00   1.4712e-01   3.9030e+01   1.1066e+01   0.0000e+00   4.2021e-02   3.3056e+02
20260207_09:00:00   1.5388e-01   4.0483e+01   1.1961e+01   5.9229e-04   1.2774e-02   3.3128e+02
20260207_12:00:00   2.1413e-01   5.3993e+01   1.0775e+01   7.3822e-02   1.3192e-03   3.3042e+02
20260207_15:00:00   3.0938e-01   7.3647e+01   1.0560e+01   1.8333e-01   7.5945e-04   3.3964e+02
20260207_18:00:00   2.0798e-01   5.2511e+01   1.0723e+01   6.8453e-02   1.6349e-03   3.3801e+02
20260207_21:00:00   1.6132e-01   4.2101e+01   1.1278e+01   1.5755e-02   5.2169e-04   3.3796e+02
20260208_00:00:00   1.5371e-01   4.0303e+01   1.2322e+01   8.0724e-04   7.4279e-02   3.4903e+02
20260208_03:00:00   1.6288e-01   4.2363e+01   1.3411e+01   0.0000e+00   6.3981e-02   3.4978e+02
20260208_06:00:00   1.5384e-01   4.0397e+01   1.1504e+01   1.0310e-03   2.0174e-03   3.5622e+02
20260208_09:00:00   1.6835e-01   4.3484e+01   9.6884e+00   2.7787e-02   2.0094e-03   3.6510e+02
20260208_12:00:00   1.4860e-01   3.8489e+01   7.0134e+00   3.0745e-02   1.6029e-03   3.6679e+02
20260208_15:00:00   1.0641e-01   2.8514e+01   5.0641e+00   0.0000e+00   7.9955e-05   3.7497e+02
20260208_18:00:00   9.6058e-02   2.5939e+01   3.5098e+00   2.6020e-07   1.7828e-03   3.7281e+02
20260208_21:00:00   8.6925e-02   2.3623e+01   2.0441e+00   0.0000e+00   7.1114e-04   3.6538e+02
20260209_00:00:00   8.6892e-02   2.3424e+01   1.7217e+00   0.0000e+00   3.6044e-03   3.6908e+02
20260209_03:00:00   8.4921e-02   2.2881e+01   1.3456e+00   0.0000e+00   3.0151e-04   3.8099e+02
20260209_06:00:00   8.5238e-02   2.2960e+01   1.4141e+00   0.0000e+00   4.5898e-06   3.8501e+02
20260209_09:00:00   8.6887e-02   2.3406e+01   1.7331e+00   0.0000e+00   2.1904e-07   3.8181e+02
20260209_12:00:00   8.5729e-02   2.3212e+01   1.7281e+00   0.0000e+00   0.0000e+00   3.6731e+02
20260209_15:00:00   8.3610e-02   2.2816e+01   1.6449e+00   0.0000e+00   0.0000e+00   3.5206e+02
20260209_18:00:00   8.2731e-02   2.2718e+01   1.7711e+00   0.0000e+00   0.0000e+00   3.3946e+02
20260209_21:00:00   8.2769e-02   2.2858e+01   2.0798e+00   0.0000e+00   0.0000e+00   3.3131e+02
20260210_00:00:00   8.4599e-02   2.3379e+01   2.5673e+00   0.0000e+00   0.0000e+00   3.1905e+02
20260210_03:00:00   8.9408e-02   2.4563e+01   3.4826e+00   0.0000e+00   2.9658e-05   3.1201e+02
20260210_06:00:00   9.9813e-02   2.7020e+01   5.1051e+00   0.0000e+00   3.5273e-03   3.0528e+02
20260210_09:00:00   1.0715e-01   2.8861e+01   5.9901e+00   0.0000e+00   2.9600e-03   3.0453e+02
20260210_12:00:00   1.0985e-01   2.9573e+01   6.3089e+00   0.0000e+00   6.0678e-03   3.0778e+02
20260210_15:00:00   1.2833e-01   3.3855e+01   8.9729e+00   0.0000e+00   6.7822e-02   3.0943e+02
20260210_18:00:00   1.5135e-01   3.9103e+01   1.1768e+01   0.0000e+00   4.7835e-01   3.0722e+02
20260210_21:00:00   1.5367e-01   3.9728e+01   1.2249e+01   0.0000e+00   3.0288e-01   3.0709e+02
20260211_00:00:00   1.6712e-01   4.2860e+01   1.3748e+01   0.0000e+00   1.2986e-01   3.0753e+02
20260211_03:00:00   1.5298e-01   3.9855e+01   1.1983e+01   1.3006e-05   5.2637e-02   3.0058e+02
20260211_06:00:00   1.6560e-01   4.2734e+01   1.3527e+01   1.3964e-06   6.0433e-02   2.9345e+02
20260211_09:00:00   2.5780e-01   6.2554e+01   1.4474e+01   9.7690e-02   2.8377e-01   2.8451e+02
20260211_12:00:00   2.6346e-01   6.3658e+01   1.7186e+01   7.8044e-02   7.5901e-01   2.8702e+02
20260211_15:00:00   1.9318e-01   4.8864e+01   1.6814e+01   0.0000e+00   4.2341e-01   2.9890e+02
20260211_18:00:00   3.4201e-01   7.8962e+01   1.7393e+01   1.6146e-01   7.4086e-01   3.0394e+02
20260211_21:00:00   3.3824e-01   7.8493e+01   1.6835e+01   1.6218e-01   2.8516e-01   3.1548e+02
20260212_00:00:00   4.2665e-01   9.4886e+01   1.6516e+01   2.6213e-01   1.3426e-01   3.2122e+02
20260212_03:00:00   4.8277e-01   1.0464e+02   1.6902e+01   3.2110e-01   2.2998e-01   3.2185e+02
20260212_06:00:00   3.0588e-01   7.2451e+01   1.7684e+01   1.1645e-01   2.8904e-01   3.2994e+02
20260212_09:00:00   2.9371e-01   7.0122e+01   1.7598e+01   1.0312e-01   4.2957e-01   3.3847e+02
20260212_12:00:00   3.0777e-01   7.2840e+01   1.7363e+01   1.2034e-01   3.6314e-01   3.4584e+02
20260212_15:00:00   2.1065e-01   5.2773e+01   1.7506e+01   8.2612e-03   9.9401e-01   3.4129e+02
20260212_18:00:00   2.7955e-01   6.7206e+01   1.6067e+01   1.0069e-01   2.4267e-01   3.4825e+02
20260212_21:00:00   2.5293e-01   6.2171e+01   1.4778e+01   8.0301e-02   2.5306e-02   3.5316e+02
20260213_00:00:00   9.1999e-01   1.6349e+02   1.3766e+01   8.4142e-01   1.5628e-01   3.5147e+02
20260213_03:00:00   1.2535e+00   1.9368e+02   1.6400e+01   1.1954e+00   2.2316e-01   3.5708e+02
20260213_06:00:00   9.3119e-01   1.6410e+02   1.6072e+01   8.3134e-01   8.3271e-01   3.7417e+02
20260213_09:00:00   1.6387e-01   4.2061e+01   1.3049e+01   0.0000e+00   5.0594e-01   3.7862e+02
20260213_12:00:00   1.5218e-01   3.9387e+01   1.1564e+01   0.0000e+00   2.1553e-01   3.8254e+02
20260213_15:00:00   1.4693e-01   3.8156e+01   1.0865e+01   0.0000e+00   1.3256e-01   3.8048e+02
20260213_18:00:00   1.4478e-01   3.7589e+01   1.0673e+01   0.0000e+00   8.1234e-02   3.8858e+02
