#            date       tau255        Tb[K]      pwv[mm] lwp[kg*m^-2] iwp[kg*m^-2]       o3[DU]
20260529_12:00:00   1.8162e-01   4.9425e+01   1.5814e+01   0.0000e+00   3.8641e-03   3.2627e+02
20260529_13:00:00   1.8599e-01   5.0461e+01   1.6185e+01   0.0000e+00   3.8746e-03   3.2586e+02
20260529_14:00:00   1.8679e-01   5.0699e+01   1.6187e+01   0.0000e+00   5.7924e-03   3.2593e+02
20260529_15:00:00   1.8556e-01   5.0434e+01   1.6106e+01   0.0000e+00   5.8259e-03   3.2768e+02
20260529_16:00:00   1.8406e-01   5.0134e+01   1.6168e+01   0.0000e+00   4.2060e-03   3.2818e+02
20260529_17:00:00   1.8329e-01   5.0002e+01   1.6255e+01   0.0000e+00   3.4136e-03   3.2427e+02
20260529_18:00:00   1.8974e-01   5.1483e+01   1.7466e+01   0.0000e+00   6.3076e-02   3.2371e+02
20260529_19:00:00   1.9661e-01   5.2941e+01   1.9166e+01   0.0000e+00   8.8350e-02   3.2307e+02
20260529_20:00:00   2.1992e-01   5.8160e+01   2.2784e+01   0.0000e+00   4.0996e-02   3.2134e+02
20260529_21:00:00   2.5334e-01   6.5481e+01   2.7343e+01   0.0000e+00   1.1938e-01   3.2098e+02
20260529_22:00:00   2.7138e-01   6.9366e+01   2.9646e+01   0.0000e+00   2.2604e-01   3.2082e+02
20260529_23:00:00   2.7738e-01   7.0726e+01   3.0226e+01   0.0000e+00   1.6061e-01   3.2313e+02
20260530_00:00:00   2.8925e-01   7.3271e+01   3.1617e+01   0.0000e+00   7.1293e-02   3.2545e+02
20260530_01:00:00   2.9303e-01   7.4063e+01   3.2106e+01   0.0000e+00   6.6981e-02   3.2693e+02
20260530_02:00:00   2.9224e-01   7.3898e+01   3.1924e+01   0.0000e+00   8.3145e-02   3.2636e+02
20260530_03:00:00   2.8725e-01   7.2873e+01   3.1212e+01   0.0000e+00   3.2251e-02   3.2559e+02
20260530_04:00:00   2.7232e-01   6.9725e+01   2.9123e+01   0.0000e+00   2.0243e-02   3.2464e+02
20260530_05:00:00   2.7082e-01   6.9343e+01   2.8575e+01   0.0000e+00   7.2125e-02   3.2540e+02
20260530_06:00:00   2.7073e-01   6.9343e+01   2.8087e+01   0.0000e+00   4.9735e-02   3.2560e+02
20260530_07:00:00   2.6637e-01   6.8409e+01   2.7511e+01   0.0000e+00   2.6087e-02   3.2496e+02
20260530_08:00:00   2.6241e-01   6.7518e+01   2.6984e+01   0.0000e+00   8.0670e-02   3.2599e+02
20260530_09:00:00   2.6447e-01   6.7923e+01   2.7149e+01   0.0000e+00   5.4229e-02   3.2737e+02
20260530_10:00:00   2.7103e-01   6.9231e+01   2.8100e+01   0.0000e+00   9.3117e-02   3.2778e+02
20260530_11:00:00   2.7271e-01   6.9537e+01   2.8610e+01   0.0000e+00   6.7781e-02   3.2703e+02
20260530_12:00:00   2.7561e-01   7.0150e+01   2.9064e+01   0.0000e+00   3.3773e-02   3.2527e+02
20260530_13:00:00   2.8122e-01   7.1342e+01   2.9730e+01   0.0000e+00   4.7630e-02   3.2289e+02
20260530_14:00:00   2.8991e-01   7.3157e+01   3.0786e+01   0.0000e+00   9.2202e-02   3.2130e+02
20260530_15:00:00   2.9774e-01   7.4726e+01   3.1914e+01   0.0000e+00   2.6800e-01   3.2242e+02
20260530_16:00:00   3.0557e-01   7.6313e+01   3.2739e+01   0.0000e+00   1.9837e-01   3.2373e+02
20260530_17:00:00   3.2131e-01   7.9418e+01   3.2876e+01   1.7253e-02   1.2948e-01   3.2482e+02
20260530_18:00:00   3.4989e-01   8.4855e+01   3.2152e+01   6.0812e-02   9.5666e-02   3.2514e+02
20260530_19:00:00   5.6981e-01   1.2244e+02   3.2645e+01   3.0541e-01   7.6760e-02   3.2639e+02
20260530_20:00:00   3.9082e-01   9.2357e+01   3.3384e+01   9.4044e-02   3.3588e-01   3.2899e+02
20260530_21:00:00   6.1252e-01   1.2886e+02   3.4622e+01   3.3356e-01   3.8806e-01   3.3157e+02
20260530_22:00:00   5.2845e-01   1.1623e+02   3.6262e+01   2.2046e-01   4.9065e-01   3.3470e+02
20260530_23:00:00   5.9277e-01   1.2635e+02   3.7130e+01   2.8355e-01   2.0530e-01   3.3818e+02
20260531_00:00:00   5.9399e-01   1.2674e+02   3.6937e+01   2.8875e-01   1.0579e-01   3.3791e+02
20260531_01:00:00   3.9082e-01   9.2724e+01   3.5836e+01   6.7464e-02   1.2613e-02   3.3553e+02
20260531_02:00:00   3.5929e-01   8.6964e+01   3.5669e+01   2.8660e-02   2.2856e-02   3.3584e+02
20260531_03:00:00   3.7675e-01   9.0284e+01   3.5995e+01   4.2985e-02   6.7436e-03   3.3708e+02
20260531_04:00:00   3.3696e-01   8.2730e+01   3.5186e+01   2.4781e-03   1.4116e-04   3.3898e+02
20260531_05:00:00   3.3832e-01   8.3007e+01   3.5339e+01   5.3345e-04   3.1724e-04   3.3793e+02
20260531_06:00:00   3.4662e-01   8.4648e+01   3.6039e+01   8.6268e-04   2.0160e-03   3.3442e+02
20260531_07:00:00   3.4942e-01   8.5148e+01   3.6060e+01   5.2440e-05   1.0592e-02   3.2783e+02
20260531_08:00:00   3.4080e-01   8.3400e+01   3.5241e+01   0.0000e+00   7.6706e-03   3.2823e+02
20260531_09:00:00   3.2686e-01   8.0507e+01   3.4043e+01   0.0000e+00   1.0570e-02   3.3011e+02
20260531_10:00:00   3.2121e-01   7.9255e+01   3.3444e+01   2.6540e-05   1.5853e-03   3.2860e+02
20260531_11:00:00   3.2636e-01   8.0240e+01   3.3789e+01   1.2403e-03   2.2345e-03   3.2774e+02
20260531_12:00:00   3.3889e-01   8.2765e+01   3.4980e+01   1.5294e-04   2.8920e-02   3.2697e+02
20260531_13:00:00   3.4254e-01   8.3536e+01   3.5620e+01   0.0000e+00   5.3189e-02   3.2934e+02
20260531_14:00:00   3.4962e-01   8.4886e+01   3.6376e+01   1.2936e-05   4.4771e-01   3.3281e+02
20260531_15:00:00   3.5674e-01   8.6309e+01   3.7196e+01   0.0000e+00   3.5097e-01   3.3625e+02
20260531_16:00:00   3.6936e-01   8.8716e+01   3.8115e+01   2.6660e-03   2.2092e-01   3.3996e+02
20260531_17:00:00   4.0063e-01   9.4531e+01   4.0366e+01   9.3656e-03   3.2341e-01   3.4198e+02
20260531_18:00:00   4.6495e-01   1.0604e+02   4.1504e+01   6.8868e-02   4.5951e-01   3.4286e+02
20260531_19:00:00   4.2769e-01   9.9624e+01   4.0089e+01   4.6812e-02   7.3745e-01   3.4219e+02
20260531_20:00:00   3.7969e-01   9.0986e+01   3.8211e+01   1.3269e-02   5.3223e-01   3.4571e+02
20260531_21:00:00   3.6160e-01   8.7521e+01   3.7195e+01   1.1306e-04   2.9441e-01   3.4885e+02
20260531_22:00:00   3.4085e-01   8.3739e+01   3.4594e+01   7.2220e-04   1.0125e-01   3.5107e+02
20260531_23:00:00   3.3182e-01   8.2178e+01   3.2548e+01   1.8700e-03   2.3411e-02   3.5498e+02
20260601_00:00:00   3.2363e-01   8.0660e+01   3.1144e+01   3.0340e-03   6.2871e-04   3.5863e+02
20260601_01:00:00   3.1649e-01   7.9220e+01   3.0587e+01   4.0920e-04   7.3920e-06   3.6102e+02
20260601_02:00:00   3.0911e-01   7.7702e+01   2.9971e+01   0.0000e+00   0.0000e+00   3.5929e+02
20260601_03:00:00   3.0681e-01   7.7215e+01   2.9879e+01   0.0000e+00   0.0000e+00   3.5232e+02
20260601_04:00:00   3.0669e-01   7.7172e+01   3.0028e+01   0.0000e+00   0.0000e+00   3.4909e+02
20260601_05:00:00   3.1348e-01   7.8497e+01   3.0939e+01   0.0000e+00   0.0000e+00   3.4881e+02
20260601_06:00:00   3.1627e-01   7.9021e+01   3.1633e+01   0.0000e+00   0.0000e+00   3.4784e+02
20260601_07:00:00   3.1907e-01   7.9524e+01   3.2013e+01   0.0000e+00   0.0000e+00   3.4762e+02
20260601_08:00:00   3.2450e-01   8.0539e+01   3.2528e+01   0.0000e+00   0.0000e+00   3.5022e+02
20260601_09:00:00   3.1567e-01   7.8759e+01   3.1682e+01   0.0000e+00   0.0000e+00   3.5000e+02
20260601_10:00:00   3.0294e-01   7.6165e+01   3.0320e+01   0.0000e+00   0.0000e+00   3.4948e+02
20260601_11:00:00   3.0112e-01   7.5765e+01   2.9955e+01   0.0000e+00   0.0000e+00   3.4851e+02
20260601_12:00:00   3.0372e-01   7.6308e+01   2.9944e+01   0.0000e+00   0.0000e+00   3.5040e+02
20260601_13:00:00   3.0435e-01   7.6551e+01   2.9474e+01   0.0000e+00   0.0000e+00   3.5455e+02
20260601_14:00:00   3.1145e-01   7.8048e+01   3.0112e+01   0.0000e+00   0.0000e+00   3.5827e+02
20260601_15:00:00   3.1675e-01   7.9214e+01   3.0551e+01   0.0000e+00   0.0000e+00   3.5763e+02
20260601_16:00:00   3.1048e-01   7.8139e+01   2.9569e+01   0.0000e+00   0.0000e+00   3.5412e+02
20260601_17:00:00   3.0974e-01   7.8107e+01   2.9618e+01   0.0000e+00   0.0000e+00   3.5068e+02
20260601_18:00:00   3.1276e-01   7.8841e+01   3.0374e+01   0.0000e+00   0.0000e+00   3.4488e+02
20260601_19:00:00   2.9882e-01   7.6180e+01   2.8827e+01   0.0000e+00   0.0000e+00   3.3981e+02
20260601_20:00:00   3.0707e-01   7.8057e+01   2.9009e+01   0.0000e+00   0.0000e+00   3.3954e+02
20260601_21:00:00   3.1511e-01   7.9832e+01   2.9502e+01   1.4930e-04   0.0000e+00   3.4010e+02
20260601_22:00:00   3.6030e-01   8.8848e+01   3.2208e+01   2.8240e-02   1.7664e-03   3.3757e+02
20260601_23:00:00   4.0896e-01   9.8321e+01   3.2387e+01   8.0800e-02   0.0000e+00   3.3884e+02
20260602_00:00:00   5.2146e-01   1.1815e+02   3.3479e+01   2.0996e-01   3.6663e-04   3.3959e+02
20260602_01:00:00   5.9056e-01   1.2890e+02   3.5747e+01   2.6922e-01   1.3892e-04   3.4020e+02
20260602_02:00:00   3.7632e-01   9.1678e+01   3.4496e+01   1.8556e-02   0.0000e+00   3.3803e+02
20260602_03:00:00   3.4464e-01   8.5375e+01   3.2125e+01   6.5220e-03   0.0000e+00   3.3635e+02
20260602_04:00:00   3.5465e-01   8.7203e+01   3.0810e+01   3.1880e-02   0.0000e+00   3.3693e+02
20260602_05:00:00   3.5851e-01   8.7749e+01   3.0785e+01   3.8960e-02   0.0000e+00   3.3755e+02
20260602_06:00:00   3.7241e-01   9.0207e+01   3.1391e+01   5.2105e-02   0.0000e+00   3.3858e+02
20260602_07:00:00   3.7284e-01   9.0098e+01   3.1064e+01   6.1203e-02   0.0000e+00   3.3540e+02
20260602_08:00:00   3.4889e-01   8.5362e+01   2.9418e+01   5.3320e-02   0.0000e+00   3.3636e+02
20260602_09:00:00   3.3097e-01   8.1728e+01   2.8823e+01   4.1760e-02   1.7362e-05   3.3996e+02
20260602_10:00:00   3.4966e-01   8.5319e+01   2.8378e+01   6.8200e-02   8.4760e-05   3.3881e+02
20260602_11:00:00   3.6265e-01   8.7787e+01   2.8365e+01   8.3422e-02   2.6040e-05   3.3619e+02
20260602_12:00:00   4.0649e-01   9.6060e+01   2.8317e+01   1.3762e-01   8.8320e-04   3.3568e+02
20260602_13:00:00   3.7775e-01   9.0687e+01   2.8018e+01   1.0836e-01   9.7180e-04   3.3602e+02
20260602_14:00:00   3.6019e-01   8.7319e+01   2.7983e+01   8.6663e-02   1.2888e-03   3.3295e+02
20260602_15:00:00   3.3232e-01   8.1849e+01   2.7593e+01   5.7305e-02   2.2280e-03   3.3151e+02
20260602_16:00:00   3.1756e-01   7.8923e+01   2.7358e+01   4.3100e-02   2.3700e-03   3.3085e+02
20260602_17:00:00   3.0230e-01   7.5930e+01   2.7514e+01   2.3500e-02   1.7795e-03   3.3241e+02
20260602_18:00:00   2.8282e-01   7.1952e+01   2.7767e+01   0.0000e+00   6.8370e-04   3.3443e+02
20260602_19:00:00   2.8485e-01   7.2454e+01   2.8082e+01   0.0000e+00   4.7382e-03   3.3471e+02
20260602_20:00:00   2.7292e-01   6.9990e+01   2.6967e+01   0.0000e+00   1.3014e-02   3.3447e+02
20260602_21:00:00   2.6147e-01   6.7596e+01   2.5779e+01   0.0000e+00   1.7796e-03   3.3334e+02
20260602_22:00:00   2.5933e-01   6.7195e+01   2.5328e+01   0.0000e+00   3.4862e-04   3.3154e+02
20260602_23:00:00   2.5037e-01   6.5351e+01   2.4144e+01   0.0000e+00   4.1838e-03   3.2756e+02
20260603_00:00:00   2.4836e-01   6.4956e+01   2.3604e+01   0.0000e+00   4.0331e-03   3.2454e+02
20260603_01:00:00   2.4621e-01   6.4484e+01   2.3114e+01   0.0000e+00   2.0516e-03   3.2461e+02
20260603_02:00:00   2.3824e-01   6.2659e+01   2.2156e+01   0.0000e+00   5.2800e-05   3.2509e+02
20260603_03:00:00   2.3440e-01   6.1697e+01   2.1951e+01   0.0000e+00   4.1502e-04   3.2536e+02
20260603_04:00:00   2.2871e-01   6.0317e+01   2.1563e+01   0.0000e+00   3.2025e-03   3.2327e+02
20260603_05:00:00   2.2624e-01   5.9622e+01   2.1634e+01   0.0000e+00   1.2423e-02   3.2125e+02
20260603_06:00:00   2.3179e-01   6.0715e+01   2.2454e+01   0.0000e+00   1.7168e-02   3.1907e+02
20260603_07:00:00   2.3039e-01   6.0325e+01   2.2430e+01   0.0000e+00   3.0735e-03   3.2000e+02
20260603_08:00:00   2.3302e-01   6.0808e+01   2.2745e+01   0.0000e+00   1.3520e-03   3.2032e+02
20260603_09:00:00   2.3437e-01   6.1113e+01   2.2918e+01   0.0000e+00   3.9206e-03   3.1898e+02
20260603_10:00:00   2.3523e-01   6.1305e+01   2.3124e+01   0.0000e+00   3.7554e-03   3.2144e+02
20260603_11:00:00   2.3358e-01   6.0873e+01   2.3050e+01   0.0000e+00   1.4478e-04   3.2280e+02
20260603_12:00:00   2.3586e-01   6.1326e+01   2.3366e+01   0.0000e+00   9.5980e-04   3.2397e+02
20260603_15:00:00   2.4184e-01   6.2668e+01   2.4900e+01   0.0000e+00   1.1142e-03   3.1993e+02
20260603_18:00:00   2.5198e-01   6.5098e+01   2.6015e+01   0.0000e+00   4.6080e-05   3.2053e+02
20260603_21:00:00   2.6184e-01   6.7342e+01   2.7613e+01   0.0000e+00   8.6882e-03   3.1901e+02
20260604_00:00:00   2.6282e-01   6.7636e+01   2.7845e+01   0.0000e+00   4.9280e-07   3.2113e+02
20260604_03:00:00   2.6142e-01   6.7287e+01   2.7795e+01   0.0000e+00   7.9100e-05   3.2002e+02
20260604_06:00:00   2.5763e-01   6.6443e+01   2.7067e+01   0.0000e+00   7.6480e-05   3.1956e+02
20260604_09:00:00   2.6279e-01   6.7529e+01   2.7725e+01   0.0000e+00   1.2004e-03   3.2165e+02
20260604_12:00:00   2.7261e-01   6.9568e+01   2.8768e+01   0.0000e+00   9.5376e-03   3.2101e+02
20260604_15:00:00   3.1075e-01   7.7827e+01   3.2367e+01   0.0000e+00   6.0365e-03   3.2074e+02
20260604_18:00:00   3.1538e-01   7.9254e+01   3.2256e+01   0.0000e+00   3.6925e-04   3.1958e+02
20260604_21:00:00   3.0149e-01   7.6576e+01   3.0497e+01   0.0000e+00   1.0856e-04   3.1981e+02
20260605_00:00:00   3.0097e-01   7.6224e+01   3.2057e+01   0.0000e+00   8.9027e-02   3.1991e+02
20260605_03:00:00   5.5667e-01   1.2147e+02   4.0354e+01   2.1216e-01   5.6273e-01   3.2342e+02
20260605_06:00:00   1.1955e+00   1.9567e+02   4.9369e+01   8.1872e-01   2.6525e-02   3.2641e+02
20260605_09:00:00   4.7398e-01   1.0934e+02   4.8498e+01   0.0000e+00   1.8475e-01   3.2814e+02
20260605_12:00:00   4.5625e-01   1.0673e+02   4.5027e+01   3.8609e-03   3.1650e-02   3.2900e+02
20260605_15:00:00   5.7678e-01   1.2849e+02   3.8806e+01   2.2704e-01   2.6220e-05   3.3308e+02
20260605_18:00:00   4.3448e-01   1.0380e+02   3.7868e+01   5.0195e-02   0.0000e+00   3.3191e+02
20260605_21:00:00   5.0412e-01   1.1654e+02   4.0413e+01   1.1638e-01   2.0035e-03   3.2894e+02
20260606_00:00:00   3.9000e-01   9.5551e+01   3.8486e+01   1.3221e-03   3.4781e-02   3.2835e+02
20260606_03:00:00   4.4693e-01   1.0615e+02   3.9247e+01   5.1242e-02   3.8114e-03   3.2574e+02
20260606_06:00:00   4.3610e-01   1.0350e+02   4.1873e+01   1.9814e-02   3.5461e-03   3.2173e+02
20260606_09:00:00   7.3097e-01   1.5011e+02   4.2366e+01   3.6622e-01   3.4538e-03   3.1872e+02
20260606_12:00:00   3.6780e-01   9.0312e+01   3.4932e+01   0.0000e+00   1.4248e-04   3.2268e+02
20260606_15:00:00   3.2439e-01   8.1603e+01   2.9048e+01   1.3642e-04   1.2262e-04   3.2104e+02
20260606_18:00:00   3.0994e-01   7.8686e+01   2.7733e+01   3.8040e-05   2.9020e-04   3.1622e+02
20260606_21:00:00   4.7462e-01   1.1059e+02   2.8670e+01   2.0160e-01   3.5548e-03   3.1345e+02
20260607_00:00:00   3.9524e-01   9.5591e+01   2.7892e+01   1.1024e-01   2.7214e-03   3.1031e+02
20260607_03:00:00   2.8080e-01   7.2161e+01   2.5566e+01   3.1880e-03   2.9400e-02   3.0559e+02
20260607_06:00:00   2.6634e-01   6.8740e+01   2.4488e+01   0.0000e+00   1.8696e-02   3.0402e+02
20260607_09:00:00   2.6015e-01   6.6995e+01   2.4044e+01   0.0000e+00   5.4600e-02   3.0310e+02
20260607_12:00:00   2.2509e-01   5.9116e+01   2.1104e+01   0.0000e+00   1.2320e-01   3.0262e+02
20260607_15:00:00   2.3347e-01   6.1022e+01   2.1753e+01   0.0000e+00   4.0286e-02   3.0322e+02
20260607_18:00:00   2.3325e-01   6.1106e+01   2.2048e+01   0.0000e+00   6.3534e-03   3.0545e+02
20260607_21:00:00   2.3661e-01   6.2050e+01   2.2123e+01   0.0000e+00   1.3518e-03   3.0443e+02
20260608_00:00:00   2.2166e-01   5.8803e+01   2.0405e+01   0.0000e+00   4.0760e-03   3.0589e+02
20260608_03:00:00   1.9004e-01   5.1428e+01   1.7202e+01   0.0000e+00   1.3104e-02   3.0964e+02
20260608_06:00:00   1.6810e-01   4.6063e+01   1.4787e+01   0.0000e+00   9.2800e-04   3.1014e+02
20260608_09:00:00   1.8049e-01   4.8950e+01   1.5823e+01   0.0000e+00   0.0000e+00   3.1063e+02
20260608_12:00:00   1.8293e-01   4.9520e+01   1.6078e+01   0.0000e+00   0.0000e+00   3.1429e+02
20260608_15:00:00   1.9556e-01   5.2633e+01   1.7174e+01   0.0000e+00   0.0000e+00   3.1319e+02
20260608_18:00:00   2.0634e-01   5.5266e+01   1.8815e+01   0.0000e+00   0.0000e+00   3.1087e+02
20260608_21:00:00   2.0231e-01   5.4450e+01   1.8791e+01   0.0000e+00   0.0000e+00   3.1197e+02
20260609_00:00:00   2.0235e-01   5.4575e+01   1.8759e+01   0.0000e+00   0.0000e+00   3.1153e+02
20260609_03:00:00   1.9470e-01   5.2765e+01   1.7812e+01   0.0000e+00   0.0000e+00   3.0961e+02
20260609_06:00:00   1.9756e-01   5.3329e+01   1.7782e+01   0.0000e+00   0.0000e+00   3.0996e+02
20260609_09:00:00   1.9237e-01   5.2050e+01   1.7546e+01   0.0000e+00   0.0000e+00   3.0710e+02
20260609_12:00:00   2.3206e-01   6.1169e+01   2.2005e+01   0.0000e+00   0.0000e+00   3.0824e+02
20260609_15:00:00   2.5818e-01   6.7068e+01   2.4492e+01   0.0000e+00   0.0000e+00   3.1170e+02
20260609_18:00:00   2.9619e-01   7.5562e+01   2.8561e+01   0.0000e+00   0.0000e+00   3.1172e+02
20260609_21:00:00   3.2238e-01   8.1341e+01   3.0698e+01   4.5420e-03   0.0000e+00   3.1326e+02
20260610_00:00:00   3.8813e-01   9.4738e+01   3.1315e+01   7.8380e-02   7.6180e-04   3.1299e+02
20260610_03:00:00   3.3810e-01   8.4702e+01   3.1726e+01   7.0540e-03   5.2020e-07   3.1135e+02
20260610_06:00:00   3.3130e-01   8.3228e+01   3.0922e+01   0.0000e+00   0.0000e+00   3.1259e+02
20260610_09:00:00   3.6400e-01   8.9767e+01   3.4162e+01   0.0000e+00   7.9095e-04   3.1099e+02
20260610_12:00:00   3.7051e-01   9.0984e+01   3.5150e+01   0.0000e+00   2.5398e-03   3.1017e+02
20260610_15:00:00   3.9620e-01   9.6121e+01   3.8018e+01   0.0000e+00   7.8740e-04   3.0603e+02
20260610_18:00:00   4.2219e-01   1.0149e+02   4.2211e+01   0.0000e+00   2.9763e-04   3.0787e+02
20260610_21:00:00   5.1662e-01   1.1868e+02   4.8656e+01   4.3320e-02   5.3058e-05   3.0662e+02
20260611_00:00:00   4.7191e-01   1.1111e+02   4.7025e+01   0.0000e+00   0.0000e+00   3.0582e+02
20260611_03:00:00   4.5859e-01   1.0836e+02   4.6676e+01   0.0000e+00   6.8123e-04   3.0488e+02
20260611_06:00:00   5.1474e-01   1.1720e+02   5.2954e+01   2.1325e-05   8.8842e-01   3.0408e+02
20260611_09:00:00   4.2671e-01   1.0180e+02   4.5421e+01   0.0000e+00   1.5977e-01   3.0820e+02
20260611_12:00:00   6.6467e-01   1.4227e+02   4.3715e+01   2.8013e-01   0.0000e+00   3.0757e+02
20260611_15:00:00   4.8158e-01   1.1196e+02   3.9972e+01   8.6497e-02   0.0000e+00   3.0909e+02
20260611_18:00:00   3.2534e-01   8.1742e+01   3.2785e+01   6.0880e-05   2.7680e-06   3.0872e+02
20260611_21:00:00   2.5612e-01   6.6666e+01   2.6588e+01   0.0000e+00   0.0000e+00   3.0860e+02
20260612_00:00:00   2.3809e-01   6.2389e+01   2.4129e+01   0.0000e+00   1.3786e-05   3.1509e+02
20260612_03:00:00   2.3702e-01   6.2007e+01   2.3294e+01   0.0000e+00   6.5480e-04   3.2417e+02
20260612_06:00:00   2.0738e-01   5.5296e+01   1.8623e+01   0.0000e+00   0.0000e+00   3.4786e+02
20260612_09:00:00   2.0113e-01   5.3752e+01   1.7253e+01   0.0000e+00   0.0000e+00   3.6491e+02
20260612_12:00:00   2.0053e-01   5.3437e+01   1.7492e+01   0.0000e+00   0.0000e+00   3.5320e+02
20260612_15:00:00   2.4004e-01   6.2303e+01   2.1704e+01   0.0000e+00   0.0000e+00   3.6091e+02
20260612_18:00:00   2.0770e-01   5.5084e+01   1.8688e+01   0.0000e+00   0.0000e+00   3.6386e+02
20260612_21:00:00   1.8091e-01   4.8841e+01   1.6394e+01   0.0000e+00   0.0000e+00   3.5664e+02
20260613_00:00:00   1.8314e-01   4.9386e+01   1.6490e+01   0.0000e+00   0.0000e+00   3.4618e+02
20260613_03:00:00   1.8948e-01   5.0891e+01   1.7378e+01   0.0000e+00   0.0000e+00   3.4133e+02
20260613_06:00:00   1.7403e-01   4.7333e+01   1.5559e+01   0.0000e+00   0.0000e+00   3.4439e+02
20260613_09:00:00   1.8694e-01   5.0249e+01   1.7022e+01   0.0000e+00   0.0000e+00   3.4794e+02
20260613_12:00:00   1.6826e-01   4.5814e+01   1.4828e+01   0.0000e+00   5.6680e-05   3.4137e+02
20260613_15:00:00   1.6804e-01   4.5877e+01   1.4587e+01   0.0000e+00   5.6121e-04   3.3403e+02
20260613_18:00:00   1.8219e-01   4.9397e+01   1.6506e+01   0.0000e+00   4.8660e-04   3.3389e+02
20260613_21:00:00   1.8821e-01   5.0936e+01   1.7696e+01   0.0000e+00   1.1638e-02   3.3428e+02
20260614_00:00:00   2.1100e-01   5.6077e+01   2.0883e+01   0.0000e+00   7.1901e-03   3.3610e+02
20260614_03:00:00   2.1761e-01   5.7290e+01   2.2377e+01   0.0000e+00   1.3721e-02   3.4372e+02
20260614_06:00:00   3.1614e-01   7.7629e+01   2.4718e+01   8.7818e-02   5.8480e-02   3.6196e+02
20260614_09:00:00   2.5582e-01   6.5270e+01   2.7144e+01   3.2380e-03   6.4217e-02   3.6085e+02
20260614_12:00:00   4.8270e-01   1.0842e+02   3.0991e+01   2.1728e-01   1.8750e-02   3.4693e+02
