#            date       tau255        Tb[K]      pwv[mm] lwp[kg*m^-2] iwp[kg*m^-2]       o3[DU]
20260310_12:00:00   1.6207e-01   4.4115e+01   1.4262e+01   0.0000e+00   8.4580e-05   3.1808e+02
20260310_13:00:00   1.6380e-01   4.4471e+01   1.4398e+01   0.0000e+00   0.0000e+00   3.1951e+02
20260310_14:00:00   1.7156e-01   4.6240e+01   1.5222e+01   0.0000e+00   0.0000e+00   3.2408e+02
20260310_15:00:00   1.7519e-01   4.7125e+01   1.5638e+01   0.0000e+00   0.0000e+00   3.1975e+02
20260310_16:00:00   1.8388e-01   4.9228e+01   1.6268e+01   0.0000e+00   0.0000e+00   3.2077e+02
20260310_17:00:00   2.1419e-01   5.6251e+01   1.9536e+01   0.0000e+00   0.0000e+00   3.2466e+02
20260310_18:00:00   4.0366e-01   9.5753e+01   2.4526e+01   1.6445e-01   0.0000e+00   3.2025e+02
20260310_19:00:00   8.2509e-01   1.6061e+02   2.4676e+01   6.6216e-01   0.0000e+00   3.2493e+02
20260310_20:00:00   5.3743e-01   1.1942e+02   2.5709e+01   2.9915e-01   7.5520e-05   3.2801e+02
20260310_21:00:00   3.1658e-01   7.8836e+01   2.5524e+01   3.7495e-02   2.6020e-07   3.3217e+02
20260310_22:00:00   3.4090e-01   8.3825e+01   2.8428e+01   3.0489e-02   2.8100e-03   3.3393e+02
20260310_23:00:00   4.2954e-01   1.0054e+02   2.9774e+01   1.2417e-01   5.3341e-05   3.3503e+02
20260311_00:00:00   3.6485e-01   8.7997e+01   2.9559e+01   5.9525e-02   5.3240e-05   3.3919e+02
20260311_01:00:00   3.0283e-01   7.5760e+01   2.7567e+01   2.1943e-03   0.0000e+00   3.4309e+02
20260311_02:00:00   2.8580e-01   7.2109e+01   2.5914e+01   1.5259e-04   0.0000e+00   3.4483e+02
20260311_03:00:00   2.4808e-01   6.3770e+01   2.2399e+01   0.0000e+00   2.0800e-07   3.4316e+02
20260311_04:00:00   2.1865e-01   5.6994e+01   1.9542e+01   2.5907e-05   2.0522e-03   3.4490e+02
20260311_05:00:00   2.1816e-01   5.6609e+01   1.8889e+01   6.6116e-03   5.8050e-03   3.4353e+02
20260311_06:00:00   2.4350e-01   6.2086e+01   1.8598e+01   4.1188e-02   5.6800e-02   3.4048e+02
20260311_07:00:00   3.0984e-01   7.5960e+01   1.9420e+01   1.1114e-01   2.4595e-01   3.3752e+02
20260311_08:00:00   4.5127e-01   1.0256e+02   1.9371e+01   2.8026e-01   8.3614e-02   3.3841e+02
20260311_09:00:00   5.8692e-01   1.2396e+02   2.0348e+01   4.2492e-01   5.1813e-02   3.4351e+02
20260311_10:00:00   2.8860e-01   7.0665e+01   2.0605e+01   7.6950e-02   3.7134e-02   3.4025e+02
20260311_11:00:00   2.1739e-01   5.5197e+01   2.0078e+01   3.9586e-03   2.6681e-02   3.2304e+02
20260311_12:00:00   2.2383e-01   5.6388e+01   2.0438e+01   9.1203e-03   1.3485e-01   3.2673e+02
20260311_13:00:00   3.2184e-01   7.6204e+01   2.0358e+01   1.1331e-01   7.3563e-01   3.3832e+02
20260311_14:00:00   2.8682e-01   6.9141e+01   1.9450e+01   7.9838e-02   9.0323e-01   3.5218e+02
20260311_15:00:00   2.8814e-01   6.9262e+01   1.8302e+01   9.4048e-02   2.7986e-01   3.5113e+02
20260311_16:00:00   1.9363e-01   4.9159e+01   1.6433e+01   4.2931e-03   4.7704e-02   3.4514e+02
20260311_17:00:00   2.3183e-01   5.7211e+01   1.5436e+01   5.5118e-02   3.0927e-01   3.4401e+02
20260311_18:00:00   1.6785e-01   4.3230e+01   1.2032e+01   7.1242e-03   2.8189e-01   3.5018e+02
20260311_19:00:00   1.6691e-01   4.3061e+01   1.0291e+01   2.1796e-02   3.1896e-03   3.5724e+02
20260311_20:00:00   1.6732e-01   4.3125e+01   8.8819e+00   3.4827e-02   3.2333e-03   3.6240e+02
20260311_21:00:00   1.1559e-01   3.1272e+01   6.1988e+00   1.3108e-05   4.4692e-04   3.7309e+02
20260311_22:00:00   1.0643e-01   2.9082e+01   5.0235e+00   0.0000e+00   0.0000e+00   3.8360e+02
20260311_23:00:00   1.0316e-01   2.8285e+01   4.5080e+00   0.0000e+00   0.0000e+00   3.8778e+02
20260312_00:00:00   1.0143e-01   2.7816e+01   4.2854e+00   0.0000e+00   0.0000e+00   3.8910e+02
20260312_01:00:00   1.0117e-01   2.7684e+01   4.2787e+00   0.0000e+00   0.0000e+00   4.0172e+02
20260312_02:00:00   1.0357e-01   2.8202e+01   4.5645e+00   0.0000e+00   0.0000e+00   4.0688e+02
20260312_03:00:00   1.0650e-01   2.8838e+01   4.9465e+00   0.0000e+00   7.9488e-06   4.0727e+02
20260312_04:00:00   1.0468e-01   2.8379e+01   4.7025e+00   0.0000e+00   6.6620e-06   4.0533e+02
20260312_05:00:00   1.0915e-01   2.9370e+01   5.3816e+00   0.0000e+00   3.3638e-03   4.0241e+02
20260312_06:00:00   1.1526e-01   3.0838e+01   6.0130e+00   0.0000e+00   6.0018e-05   4.0245e+02
20260312_07:00:00   1.1478e-01   3.0744e+01   5.8807e+00   0.0000e+00   1.0412e-05   4.0449e+02
20260312_08:00:00   1.0818e-01   2.9259e+01   4.9812e+00   0.0000e+00   2.9720e-06   4.0594e+02
20260312_09:00:00   1.0637e-01   2.8817e+01   4.7493e+00   0.0000e+00   2.4640e-07   4.0830e+02
20260312_10:00:00   1.0443e-01   2.8338e+01   4.5748e+00   0.0000e+00   0.0000e+00   4.1381e+02
20260312_11:00:00   1.0556e-01   2.8583e+01   4.7769e+00   0.0000e+00   1.7850e-04   4.2603e+02
20260312_12:00:00   1.0882e-01   2.9332e+01   5.2519e+00   0.0000e+00   1.6761e-05   4.2142e+02
20260312_13:00:00   1.1535e-01   3.0840e+01   6.1218e+00   0.0000e+00   1.7172e-03   4.1860e+02
20260312_14:00:00   1.1859e-01   3.1620e+01   6.5923e+00   0.0000e+00   1.4617e-03   4.1648e+02
20260312_15:00:00   1.1877e-01   3.1681e+01   6.6957e+00   0.0000e+00   2.4484e-04   4.1243e+02
20260312_16:00:00   1.2002e-01   3.2016e+01   7.0215e+00   0.0000e+00   7.9567e-04   4.0923e+02
20260312_17:00:00   1.2442e-01   3.3087e+01   7.7084e+00   0.0000e+00   4.5785e-03   4.1328e+02
20260312_18:00:00   1.2727e-01   3.3800e+01   8.3378e+00   0.0000e+00   1.2401e-02   4.2022e+02
20260312_19:00:00   1.3067e-01   3.4658e+01   8.9624e+00   0.0000e+00   7.5954e-02   4.2147e+02
20260312_20:00:00   1.2968e-01   3.4449e+01   9.0421e+00   0.0000e+00   2.5017e-01   4.1612e+02
20260312_21:00:00   1.3214e-01   3.5090e+01   9.5309e+00   0.0000e+00   2.4232e-01   4.1434e+02
20260312_22:00:00   1.3845e-01   3.6638e+01   1.0441e+01   0.0000e+00   2.4527e-01   4.1735e+02
20260312_23:00:00   1.5262e-01   3.9947e+01   1.2153e+01   0.0000e+00   4.1233e-01   4.1543e+02
20260313_00:00:00   1.6185e-01   4.2163e+01   1.3351e+01   0.0000e+00   3.5608e-01   4.1618e+02
20260313_01:00:00   1.6585e-01   4.3206e+01   1.3956e+01   0.0000e+00   2.9532e-01   4.1638e+02
20260313_02:00:00   1.7035e-01   4.4337e+01   1.4596e+01   0.0000e+00   3.7492e-01   4.1940e+02
20260313_03:00:00   1.7503e-01   4.5511e+01   1.5355e+01   0.0000e+00   3.6904e-01   4.2385e+02
20260313_04:00:00   1.7252e-01   4.5066e+01   1.5309e+01   0.0000e+00   3.2464e-01   4.2781e+02
20260313_05:00:00   1.8893e-01   4.8843e+01   1.6702e+01   4.9265e-03   1.1866e-01   4.3492e+02
20260313_06:00:00   6.4792e-01   1.3039e+02   1.7889e+01   4.9801e-01   7.8713e-01   4.3559e+02
20260313_07:00:00   1.6761e-01   4.3673e+01   1.3881e+01   1.8700e-03   7.9693e-01   4.3773e+02
20260313_08:00:00   1.4229e-01   3.7847e+01   1.1034e+01   2.2180e-05   3.5301e-01   4.3184e+02
20260313_09:00:00   1.3804e-01   3.6107e+01   7.0174e+00   3.4720e-02   1.4388e-01   4.3321e+02
20260313_10:00:00   1.0477e-01   2.8801e+01   5.9924e+00   1.0376e-05   1.1719e-04   4.3651e+02
20260313_11:00:00   1.0677e-01   2.9211e+01   5.9445e+00   0.0000e+00   2.2176e-05   4.3654e+02
20260313_12:00:00   1.0959e-01   2.9811e+01   6.1518e+00   0.0000e+00   4.8413e-05   4.3815e+02
20260313_13:00:00   1.0981e-01   2.9823e+01   6.1182e+00   0.0000e+00   5.1667e-04   4.4632e+02
20260313_14:00:00   1.1254e-01   3.0445e+01   6.2631e+00   5.9640e-04   4.1548e-03   4.4786e+02
20260313_15:00:00   1.1941e-01   3.2029e+01   6.3323e+00   6.9000e-03   2.7196e-03   4.4067e+02
20260313_16:00:00   1.2282e-01   3.2837e+01   6.3291e+00   1.0410e-02   9.3906e-03   4.3534e+02
20260313_17:00:00   1.1288e-01   3.0520e+01   6.3009e+00   3.1000e-04   1.1271e-03   4.2730e+02
20260313_18:00:00   1.1113e-01   3.0116e+01   6.1123e+00   0.0000e+00   4.8856e-04   4.2609e+02
20260313_19:00:00   1.1112e-01   3.0121e+01   6.1315e+00   0.0000e+00   2.7619e-04   4.3014e+02
20260313_20:00:00   1.1261e-01   3.0468e+01   6.4355e+00   0.0000e+00   9.0540e-04   4.2724e+02
20260313_21:00:00   1.1245e-01   3.0455e+01   6.5169e+00   0.0000e+00   5.7053e-04   4.2022e+02
20260313_22:00:00   1.1243e-01   3.0457e+01   6.6684e+00   0.0000e+00   4.7368e-03   4.1673e+02
20260313_23:00:00   1.1554e-01   3.1176e+01   7.1958e+00   0.0000e+00   7.1337e-03   4.1919e+02
20260314_00:00:00   1.1852e-01   3.1865e+01   7.6675e+00   0.0000e+00   5.7467e-03   4.1738e+02
20260314_01:00:00   1.2253e-01   3.2784e+01   8.2863e+00   0.0000e+00   1.0207e-02   4.1258e+02
20260314_02:00:00   1.2686e-01   3.3774e+01   8.9033e+00   0.0000e+00   7.3146e-03   4.0944e+02
20260314_03:00:00   1.3165e-01   3.4864e+01   9.6407e+00   0.0000e+00   2.8387e-03   3.9938e+02
20260314_04:00:00   1.3309e-01   3.5215e+01   9.8415e+00   0.0000e+00   4.4454e-03   3.9360e+02
20260314_05:00:00   1.3922e-01   3.6645e+01   1.0616e+01   0.0000e+00   5.7013e-02   3.8631e+02
20260314_06:00:00   1.4938e-01   3.8959e+01   1.1840e+01   0.0000e+00   3.1037e-01   3.8441e+02
20260314_07:00:00   1.4607e-01   3.8229e+01   1.1535e+01   0.0000e+00   1.0744e-01   3.8021e+02
20260314_08:00:00   1.5100e-01   3.9388e+01   1.2118e+01   0.0000e+00   2.5264e-01   3.8076e+02
20260314_09:00:00   1.5271e-01   3.9786e+01   1.2421e+01   0.0000e+00   6.8722e-02   3.8087e+02
20260314_10:00:00   1.5519e-01   4.0390e+01   1.2800e+01   0.0000e+00   1.7879e-02   3.7951e+02
20260314_11:00:00   1.5768e-01   4.0972e+01   1.3136e+01   0.0000e+00   3.0884e-02   3.8324e+02
20260314_12:00:00   1.6051e-01   4.1706e+01   1.3529e+01   0.0000e+00   7.1663e-03   3.8644e+02
20260314_13:00:00   1.6584e-01   4.2972e+01   1.4122e+01   0.0000e+00   5.2081e-03   3.7827e+02
20260314_14:00:00   1.6761e-01   4.3488e+01   1.4368e+01   0.0000e+00   6.3109e-03   3.6639e+02
20260314_15:00:00   1.7172e-01   4.4467e+01   1.4929e+01   0.0000e+00   1.7337e-02   3.7008e+02
20260314_16:00:00   1.7472e-01   4.5252e+01   1.5372e+01   0.0000e+00   3.1576e-02   3.7101e+02
20260314_17:00:00   1.7687e-01   4.5842e+01   1.5666e+01   0.0000e+00   6.5159e-02   3.7670e+02
20260314_18:00:00   1.7726e-01   4.5981e+01   1.5766e+01   0.0000e+00   1.0128e-01   3.7318e+02
20260314_19:00:00   1.7910e-01   4.6443e+01   1.6054e+01   0.0000e+00   1.9127e-01   3.7502e+02
20260314_20:00:00   1.8399e-01   4.7625e+01   1.6645e+01   0.0000e+00   2.7230e-01   3.6675e+02
20260314_21:00:00   1.9108e-01   4.9281e+01   1.7471e+01   0.0000e+00   2.6785e-01   3.6746e+02
20260314_22:00:00   1.9826e-01   5.0922e+01   1.8260e+01   0.0000e+00   3.1101e-01   3.6551e+02
20260314_23:00:00   2.0801e-01   5.3119e+01   1.9293e+01   0.0000e+00   3.0439e-01   3.6077e+02
20260315_00:00:00   2.1895e-01   5.5556e+01   2.0394e+01   4.9280e-06   2.9488e-01   3.6059e+02
20260315_01:00:00   3.3277e-01   7.9304e+01   2.1142e+01   1.2261e-01   2.1344e-01   3.6063e+02
20260315_02:00:00   5.9891e-01   1.2494e+02   2.2106e+01   4.1474e-01   1.2876e-01   3.6240e+02
20260315_03:00:00   4.6754e-01   1.0394e+02   2.2196e+01   2.6316e-01   1.2097e-01   3.6443e+02
20260315_04:00:00   2.4510e-01   6.1436e+01   2.2074e+01   1.0772e-02   1.1490e-01   3.6174e+02
20260315_05:00:00   2.4188e-01   6.0817e+01   2.1978e+01   7.3021e-03   5.5417e-02   3.5500e+02
20260315_06:00:00   2.4586e-01   6.1663e+01   2.2604e+01   5.2305e-03   3.1139e-02   3.5247e+02
20260315_07:00:00   2.4645e-01   6.1801e+01   2.2871e+01   3.4359e-03   1.0871e-01   3.5785e+02
20260315_08:00:00   2.8002e-01   6.8920e+01   2.1741e+01   5.1641e-02   1.0821e-01   3.6441e+02
20260315_09:00:00   4.0167e-01   9.2637e+01   2.2652e+01   1.8253e-01   2.4550e-01   3.7111e+02
20260315_10:00:00   7.7617e-01   1.4988e+02   2.2926e+01   6.1396e-01   2.4956e-01   3.7997e+02
20260315_11:00:00   1.6539e+00   2.2258e+02   2.3035e+01   1.6130e+00   4.5933e-01   3.8344e+02
20260315_12:00:00   5.0736e-01   1.1017e+02   2.1557e+01   3.1561e-01   4.0907e-01   3.8971e+02
20260315_15:00:00   4.2842e-01   9.5271e+01   1.7660e+01   2.5692e-01   9.8234e-01   3.9623e+02
20260315_18:00:00   3.4535e-01   7.8639e+01   1.3644e+01   1.9544e-01   1.3798e+00   4.2581e+02
20260315_21:00:00   1.4572e-01   3.7663e+01   1.0478e+01   0.0000e+00   3.4704e-01   4.4159e+02
20260316_00:00:00   1.2498e-01   3.2664e+01   7.3084e+00   0.0000e+00   3.7468e-01   4.5592e+02
20260316_03:00:00   1.0146e-01   2.7057e+01   4.1268e+00   0.0000e+00   7.0553e-02   4.5595e+02
20260316_06:00:00   9.3760e-02   2.5176e+01   2.7404e+00   0.0000e+00   1.2574e-03   4.7823e+02
20260316_09:00:00   9.3267e-02   2.4909e+01   2.5820e+00   0.0000e+00   6.6881e-03   4.9240e+02
20260316_12:00:00   9.0893e-02   2.4268e+01   2.1971e+00   0.0000e+00   5.0762e-03   5.2754e+02
20260316_15:00:00   8.9071e-02   2.3812e+01   1.9076e+00   0.0000e+00   4.5848e-03   5.2739e+02
20260316_18:00:00   8.9852e-02   2.4027e+01   2.0039e+00   4.5182e-04   6.4141e-03   5.1500e+02
20260316_21:00:00   9.5583e-02   2.5372e+01   2.3586e+00   3.9860e-03   1.8509e-02   4.9291e+02
20260317_00:00:00   9.1017e-02   2.4408e+01   2.2787e+00   0.0000e+00   1.3734e-05   4.6219e+02
20260317_03:00:00   9.0612e-02   2.4331e+01   2.2736e+00   0.0000e+00   1.3698e-05   4.6189e+02
20260317_06:00:00   9.0855e-02   2.4421e+01   2.4019e+00   0.0000e+00   8.4493e-06   4.6650e+02
20260317_09:00:00   9.0871e-02   2.4468e+01   2.6197e+00   0.0000e+00   7.3042e-06   4.6052e+02
20260317_12:00:00   9.3748e-02   2.5148e+01   3.2178e+00   0.0000e+00   5.1023e-02   4.6281e+02
20260317_15:00:00   9.8615e-02   2.6359e+01   4.0854e+00   0.0000e+00   1.5302e-02   4.4511e+02
20260317_18:00:00   1.1408e-01   3.0023e+01   6.5356e+00   0.0000e+00   1.5612e-01   4.4202e+02
20260317_21:00:00   1.3610e-01   3.5259e+01   9.5212e+00   0.0000e+00   2.8634e-01   4.1263e+02
20260318_00:00:00   1.5378e-01   3.9470e+01   1.1471e+01   0.0000e+00   5.7191e-01   3.9354e+02
20260318_03:00:00   1.6644e-01   4.2603e+01   1.3131e+01   0.0000e+00   3.7606e-01   3.9658e+02
20260318_06:00:00   1.7449e-01   4.4576e+01   1.4172e+01   0.0000e+00   2.4419e-01   3.7663e+02
20260318_09:00:00   1.7225e-01   4.4310e+01   1.3337e+01   3.3911e-03   3.6112e-02   3.8179e+02
20260318_12:00:00   1.7100e-01   4.4128e+01   1.1786e+01   1.5782e-02   1.3873e-03   3.7706e+02
20260318_15:00:00   1.5233e-01   3.9879e+01   1.1212e+01   1.3836e-05   1.9351e-04   3.7880e+02
20260318_18:00:00   1.7144e-01   4.4228e+01   1.0983e+01   2.2040e-02   5.4612e-04   3.7735e+02
20260318_21:00:00   2.6710e-01   6.4719e+01   1.0751e+01   1.2983e-01   6.7183e-04   3.7263e+02
20260319_00:00:00   4.1948e-01   9.3414e+01   9.6735e+00   3.0945e-01   1.1938e-03   3.6912e+02
20260319_03:00:00   2.4743e-01   6.0576e+01   8.8855e+00   1.2458e-01   1.6154e-03   3.6232e+02
20260319_06:00:00   2.0759e-01   5.2165e+01   8.1981e+00   8.6932e-02   3.9642e-03   3.6212e+02
20260319_09:00:00   1.7320e-01   4.4606e+01   8.5690e+00   4.7850e-02   1.6417e-03   3.6667e+02
20260319_12:00:00   1.7443e-01   4.4979e+01   8.5499e+00   4.9850e-02   1.0103e-03   3.6316e+02
20260319_15:00:00   1.7353e-01   4.4849e+01   9.4415e+00   4.2741e-02   1.7148e-02   3.5531e+02
20260319_18:00:00   1.5873e-01   4.1557e+01   1.0492e+01   1.9803e-02   4.6905e-02   3.4963e+02
20260319_21:00:00   1.6571e-01   4.3101e+01   1.3165e+01   8.7276e-03   3.1275e-01   3.4016e+02
20260320_00:00:00   1.8817e-01   4.8420e+01   1.5172e+01   1.9944e-02   6.2443e-02   3.3555e+02
20260320_03:00:00   2.3806e-01   5.9684e+01   1.9554e+01   2.9821e-02   4.5678e-02   3.3355e+02
20260320_06:00:00   2.2499e-01   5.7392e+01   2.0410e+01   0.0000e+00   0.0000e+00   3.3211e+02
20260320_09:00:00   2.3908e-01   6.0949e+01   2.1359e+01   0.0000e+00   0.0000e+00   3.3092e+02
20260320_12:00:00   2.3968e-01   6.1268e+01   1.8242e+01   3.1750e-02   1.4017e-04   3.3082e+02
20260320_15:00:00   3.2152e-01   7.8319e+01   1.4663e+01   1.6441e-01   1.3605e-03   3.2293e+02
20260320_18:00:00   3.4728e-01   8.3621e+01   1.2982e+01   2.1764e-01   2.7003e-04   3.1583e+02
20260320_21:00:00   2.7993e-01   6.9778e+01   1.1801e+01   1.5470e-01   1.8746e-03   3.0950e+02
20260321_00:00:00   2.4599e-01   6.2379e+01   1.0398e+01   1.2628e-01   5.6947e-03   2.9937e+02
20260321_03:00:00   1.8181e-01   4.8090e+01   1.0128e+01   5.4998e-02   2.5559e-03   2.9180e+02
20260321_06:00:00   1.9059e-01   5.0005e+01   1.3928e+01   3.7879e-02   3.2884e-03   2.8479e+02
20260321_09:00:00   1.7963e-01   4.7488e+01   1.7030e+01   1.6683e-03   2.2666e-03   2.8481e+02
20260321_12:00:00   1.9752e-01   5.1585e+01   1.9782e+01   5.9290e-05   5.6237e-04   2.8399e+02
20260321_15:00:00   2.2111e-01   5.6887e+01   2.1550e+01   1.0240e-02   1.0287e-04   2.8346e+02
20260321_18:00:00   2.1991e-01   5.6868e+01   2.2208e+01   0.0000e+00   0.0000e+00   2.8474e+02
20260321_21:00:00   2.3284e-01   6.0074e+01   2.2847e+01   0.0000e+00   0.0000e+00   2.8523e+02
20260322_00:00:00   2.3412e-01   6.0471e+01   2.2951e+01   0.0000e+00   4.9280e-07   2.8832e+02
20260322_03:00:00   2.3042e-01   5.9482e+01   2.2178e+01   2.1364e-03   0.0000e+00   2.8734e+02
20260322_06:00:00   3.2077e-01   7.8154e+01   2.2014e+01   1.0726e-01   0.0000e+00   2.8915e+02
20260322_09:00:00   3.1453e-01   7.6583e+01   2.0056e+01   1.1832e-01   8.7620e-07   2.9078e+02
20260322_12:00:00   2.3938e-01   6.0736e+01   2.0037e+01   3.3138e-02   0.0000e+00   2.9249e+02
20260322_15:00:00   2.4769e-01   6.2406e+01   2.0266e+01   4.1860e-02   9.7313e-05   2.9311e+02
20260322_18:00:00   2.0753e-01   5.3882e+01   1.9815e+01   0.0000e+00   0.0000e+00   2.8980e+02
20260322_21:00:00   2.1977e-01   5.6901e+01   2.1645e+01   0.0000e+00   2.8681e-03   2.9013e+02
20260323_00:00:00   2.2592e-01   5.8522e+01   2.2356e+01   0.0000e+00   0.0000e+00   2.9155e+02
20260323_03:00:00   2.0924e-01   5.4970e+01   1.9889e+01   0.0000e+00   0.0000e+00   2.9005e+02
20260323_06:00:00   2.5389e-01   6.5235e+01   2.4850e+01   0.0000e+00   0.0000e+00   2.8789e+02
20260323_09:00:00   2.2729e-01   5.9594e+01   2.1865e+01   0.0000e+00   3.6000e-05   2.8670e+02
20260323_12:00:00   2.1302e-01   5.6398e+01   2.1118e+01   0.0000e+00   3.3377e-03   2.8968e+02
20260323_15:00:00   2.0742e-01   5.5285e+01   2.0634e+01   0.0000e+00   4.8383e-03   2.8733e+02
20260323_18:00:00   1.9170e-01   5.2114e+01   1.8805e+01   0.0000e+00   5.0660e-06   2.8599e+02
20260323_21:00:00   1.9602e-01   5.3413e+01   1.9625e+01   0.0000e+00   0.0000e+00   2.8555e+02
20260324_00:00:00   2.0222e-01   5.4918e+01   2.0262e+01   0.0000e+00   0.0000e+00   2.8728e+02
20260324_03:00:00   1.9829e-01   5.3869e+01   1.9979e+01   0.0000e+00   0.0000e+00   2.8760e+02
20260324_06:00:00   1.8916e-01   5.1519e+01   1.9091e+01   0.0000e+00   9.3220e-06   2.8945e+02
20260324_09:00:00   1.8582e-01   5.0514e+01   1.8841e+01   0.0000e+00   0.0000e+00   2.9177e+02
20260324_12:00:00   1.8812e-01   5.0912e+01   1.9179e+01   0.0000e+00   8.5640e-06   2.8991e+02
20260324_15:00:00   1.9087e-01   5.1544e+01   1.9247e+01   0.0000e+00   0.0000e+00   2.8860e+02
20260324_18:00:00   1.9135e-01   5.1846e+01   1.9425e+01   0.0000e+00   0.0000e+00   2.9216e+02
20260324_21:00:00   2.0002e-01   5.4102e+01   2.0150e+01   0.0000e+00   2.2720e-06   2.9228e+02
20260325_00:00:00   1.9855e-01   5.3962e+01   1.8616e+01   0.0000e+00   0.0000e+00   2.9476e+02
20260325_03:00:00   2.0571e-01   5.5440e+01   1.9438e+01   0.0000e+00   0.0000e+00   2.9718e+02
20260325_06:00:00   2.0378e-01   5.4857e+01   1.9311e+01   0.0000e+00   0.0000e+00   2.9504e+02
20260325_09:00:00   2.1036e-01   5.6175e+01   2.0157e+01   0.0000e+00   0.0000e+00   2.9424e+02
20260325_12:00:00   2.2450e-01   5.9193e+01   2.2130e+01   0.0000e+00   0.0000e+00   2.9415e+02
20260325_15:00:00   2.3372e-01   6.1283e+01   2.3130e+01   0.0000e+00   0.0000e+00   2.9970e+02
20260325_18:00:00   2.3917e-01   6.2759e+01   2.3679e+01   0.0000e+00   0.0000e+00   2.9586e+02
20260325_21:00:00   2.5675e-01   6.6944e+01   2.5192e+01   0.0000e+00   0.0000e+00   2.9061e+02
20260326_00:00:00   2.7584e-01   7.1184e+01   2.7545e+01   0.0000e+00   6.1600e-06   2.8789e+02
20260326_03:00:00   2.8890e-01   7.3892e+01   2.8183e+01   0.0000e+00   0.0000e+00   2.8485e+02
20260326_06:00:00   2.7438e-01   7.0719e+01   2.6560e+01   0.0000e+00   2.6266e-02   2.8298e+02
20260326_09:00:00   2.6835e-01   6.9168e+01   2.6248e+01   0.0000e+00   9.9790e-05   2.8331e+02
20260326_12:00:00   2.6535e-01   6.8199e+01   2.6077e+01   0.0000e+00   2.5743e-03   2.8451e+02
