#            date       tau255        Tb[K]      pwv[mm] lwp[kg*m^-2] iwp[kg*m^-2]       o3[DU]
20260630_06:00:00   5.1082e-01   1.1917e+02   4.9434e+01   0.0000e+00   6.8617e-03   3.0791e+02
20260630_07:00:00   5.1353e-01   1.1943e+02   4.9844e+01   1.4786e-06   3.1537e-03   3.0987e+02
20260630_08:00:00   5.0131e-01   1.1716e+02   4.9101e+01   2.3400e-05   1.0774e-03   3.0981e+02
20260630_09:00:00   4.7613e-01   1.1251e+02   4.7859e+01   0.0000e+00   5.4890e-03   3.0804e+02
20260630_10:00:00   4.5985e-01   1.0925e+02   4.6717e+01   0.0000e+00   8.1146e-03   3.0720e+02
20260630_11:00:00   4.3862e-01   1.0542e+02   4.4518e+01   0.0000e+00   8.0838e-04   3.0690e+02
20260630_12:00:00   4.2989e-01   1.0371e+02   4.3713e+01   0.0000e+00   2.4266e-03   3.0719e+02
20260630_13:00:00   4.0822e-01   9.9642e+01   4.1138e+01   0.0000e+00   7.9719e-04   3.0869e+02
20260630_14:00:00   3.7975e-01   9.4225e+01   3.8324e+01   0.0000e+00   2.5397e-03   3.0816e+02
20260630_15:00:00   3.7779e-01   9.3836e+01   3.7875e+01   0.0000e+00   7.2999e-03   3.0841e+02
20260630_16:00:00   3.8698e-01   9.5656e+01   3.8765e+01   0.0000e+00   1.3996e-02   3.0876e+02
20260630_17:00:00   3.9923e-01   9.8149e+01   3.9679e+01   0.0000e+00   3.6129e-03   3.0871e+02
20260630_18:00:00   4.0186e-01   9.8792e+01   4.0020e+01   0.0000e+00   3.5356e-03   3.0866e+02
20260630_19:00:00   4.0435e-01   9.9402e+01   4.0224e+01   0.0000e+00   1.0004e-03   3.0811e+02
20260630_20:00:00   4.1261e-01   1.0112e+02   4.0793e+01   0.0000e+00   3.9657e-04   3.0778e+02
20260630_21:00:00   4.4934e-01   1.0806e+02   4.3824e+01   0.0000e+00   1.7538e-03   3.0695e+02
20260630_22:00:00   4.7441e-01   1.1272e+02   4.5892e+01   0.0000e+00   4.1493e-03   3.0532e+02
20260630_23:00:00   4.7947e-01   1.1368e+02   4.6141e+01   0.0000e+00   4.5517e-03   3.0478e+02
20260701_00:00:00   4.7542e-01   1.1299e+02   4.5547e+01   0.0000e+00   2.4831e-03   3.0479e+02
20260701_01:00:00   4.5879e-01   1.0992e+02   4.3846e+01   0.0000e+00   1.1530e-03   3.0425e+02
20260701_02:00:00   4.3925e-01   1.0624e+02   4.1875e+01   0.0000e+00   9.1627e-04   3.0272e+02
20260701_03:00:00   4.2154e-01   1.0280e+02   4.0352e+01   0.0000e+00   2.8788e-03   3.0126e+02
20260701_04:00:00   3.9662e-01   9.7917e+01   3.8152e+01   0.0000e+00   2.8667e-03   3.0105e+02
20260701_05:00:00   3.7939e-01   9.4498e+01   3.6303e+01   0.0000e+00   8.8322e-05   3.0118e+02
20260701_06:00:00   3.6242e-01   9.1043e+01   3.4902e+01   0.0000e+00   8.5996e-04   3.0117e+02
20260701_07:00:00   3.3474e-01   8.5276e+01   3.2657e+01   0.0000e+00   9.6559e-04   3.0086e+02
20260701_08:00:00   3.0574e-01   7.9022e+01   3.0633e+01   0.0000e+00   2.9386e-03   3.0141e+02
20260701_09:00:00   3.2565e-01   8.2945e+01   3.3671e+01   0.0000e+00   1.1648e-03   3.0124e+02
20260701_10:00:00   3.4121e-01   8.5900e+01   3.5885e+01   0.0000e+00   5.2257e-04   2.9931e+02
20260701_11:00:00   3.2925e-01   8.3289e+01   3.5269e+01   0.0000e+00   3.1526e-03   2.9903e+02
20260701_12:00:00   3.2214e-01   8.1934e+01   3.3967e+01   0.0000e+00   8.2400e-04   2.9943e+02
20260701_13:00:00   3.3970e-01   8.5639e+01   3.5331e+01   0.0000e+00   1.5886e-02   3.0196e+02
20260701_14:00:00   3.6426e-01   9.0689e+01   3.7149e+01   0.0000e+00   1.8500e-04   3.0281e+02
20260701_15:00:00   3.8132e-01   9.4083e+01   3.9111e+01   0.0000e+00   0.0000e+00   3.0215e+02
20260701_16:00:00   4.1303e-01   1.0013e+02   4.2919e+01   0.0000e+00   8.3240e-06   3.0094e+02
20260701_17:00:00   4.3386e-01   1.0415e+02   4.4913e+01   0.0000e+00   4.0240e-06   3.0009e+02
20260701_18:00:00   4.4346e-01   1.0599e+02   4.6420e+01   0.0000e+00   1.3063e-03   2.9886e+02
20260701_19:00:00   4.4795e-01   1.0686e+02   4.7197e+01   0.0000e+00   9.3458e-04   2.9922e+02
20260701_20:00:00   4.4302e-01   1.0609e+02   4.6658e+01   0.0000e+00   6.1241e-04   3.0159e+02
20260701_21:00:00   4.3253e-01   1.0417e+02   4.5891e+01   0.0000e+00   6.2259e-04   3.0263e+02
20260701_22:00:00   4.3459e-01   1.0462e+02   4.5946e+01   0.0000e+00   7.4162e-04   3.0352e+02
20260701_23:00:00   4.3639e-01   1.0495e+02   4.6027e+01   0.0000e+00   1.4319e-04   3.0305e+02
20260702_00:00:00   4.2948e-01   1.0379e+02   4.4434e+01   0.0000e+00   8.2718e-04   3.0156e+02
20260702_01:00:00   4.2889e-01   1.0360e+02   4.4492e+01   0.0000e+00   1.7928e-03   2.9948e+02
20260702_02:00:00   4.2766e-01   1.0312e+02   4.5473e+01   0.0000e+00   2.4959e-03   2.9794e+02
20260702_03:00:00   4.1320e-01   1.0030e+02   4.4473e+01   0.0000e+00   1.1255e-02   2.9762e+02
20260702_04:00:00   3.9844e-01   9.7343e+01   4.3146e+01   0.0000e+00   4.8323e-03   2.9899e+02
20260702_05:00:00   3.7646e-01   9.2931e+01   4.1199e+01   0.0000e+00   2.6928e-02   2.9855e+02
20260702_06:00:00   3.6545e-01   9.0513e+01   4.0754e+01   0.0000e+00   5.8406e-03   2.9906e+02
20260702_07:00:00   3.7479e-01   9.2302e+01   4.1699e+01   0.0000e+00   1.1023e-02   3.0053e+02
20260702_08:00:00   3.9907e-01   9.7045e+01   4.3907e+01   0.0000e+00   5.5469e-03   3.0086e+02
20260702_09:00:00   4.0696e-01   9.8612e+01   4.4219e+01   0.0000e+00   1.6762e-03   3.0251e+02
20260702_10:00:00   4.0216e-01   9.7823e+01   4.3044e+01   0.0000e+00   0.0000e+00   3.0263e+02
20260702_11:00:00   3.8576e-01   9.4796e+01   4.0728e+01   0.0000e+00   1.0404e-06   3.0481e+02
20260702_12:00:00   3.8173e-01   9.4038e+01   3.9844e+01   0.0000e+00   4.2360e-05   3.0648e+02
20260702_13:00:00   3.8463e-01   9.4575e+01   3.9895e+01   0.0000e+00   0.0000e+00   3.0684e+02
20260702_14:00:00   3.8211e-01   9.4212e+01   3.9589e+01   0.0000e+00   1.2320e-06   3.0662e+02
20260702_15:00:00   3.6740e-01   9.1534e+01   3.7737e+01   0.0000e+00   1.3790e-03   3.0620e+02
20260702_16:00:00   3.8039e-01   9.4164e+01   3.8809e+01   0.0000e+00   1.4588e-03   3.0446e+02
20260702_17:00:00   3.7915e-01   9.3990e+01   3.8924e+01   0.0000e+00   3.6048e-03   3.0572e+02
20260702_18:00:00   3.9590e-01   9.7391e+01   4.0410e+01   0.0000e+00   6.1145e-03   3.0827e+02
20260702_19:00:00   4.0345e-01   9.8869e+01   4.1549e+01   0.0000e+00   3.9267e-03   3.0981e+02
20260702_20:00:00   4.0861e-01   9.9955e+01   4.2049e+01   0.0000e+00   1.4072e-03   3.1037e+02
20260702_21:00:00   4.0615e-01   9.9674e+01   4.1268e+01   0.0000e+00   1.4028e-03   3.1355e+02
20260702_22:00:00   4.1394e-01   1.0114e+02   4.2077e+01   0.0000e+00   5.3175e-02   3.1233e+02
20260702_23:00:00   4.0399e-01   9.9204e+01   4.1406e+01   0.0000e+00   7.0520e-03   3.1030e+02
20260703_00:00:00   3.8628e-01   9.5456e+01   4.0770e+01   0.0000e+00   3.4893e-02   3.0965e+02
20260703_01:00:00   3.8323e-01   9.4958e+01   3.9857e+01   0.0000e+00   9.5090e-03   3.0943e+02
20260703_02:00:00   3.8469e-01   9.5040e+01   4.0477e+01   0.0000e+00   1.4614e-02   3.0917e+02
20260703_03:00:00   3.8433e-01   9.4965e+01   4.0022e+01   0.0000e+00   5.4342e-02   3.0909e+02
20260703_04:00:00   3.6881e-01   9.1641e+01   3.8526e+01   0.0000e+00   2.1388e-02   3.1090e+02
20260703_05:00:00   3.5278e-01   8.8259e+01   3.7609e+01   0.0000e+00   2.7775e-02   3.1211e+02
20260703_06:00:00   3.5238e-01   8.8009e+01   3.8005e+01   0.0000e+00   8.0506e-03   3.1428e+02
20260703_07:00:00   3.7818e-01   9.3040e+01   4.0328e+01   0.0000e+00   2.1807e-03   3.1415e+02
20260703_08:00:00   3.8045e-01   9.3518e+01   3.9988e+01   0.0000e+00   1.5606e-06   3.1339e+02
20260703_09:00:00   3.6405e-01   9.0317e+01   3.8029e+01   0.0000e+00   2.6400e-05   3.1412e+02
20260703_10:00:00   3.4526e-01   8.6537e+01   3.6009e+01   0.0000e+00   3.6960e-06   3.1539e+02
20260703_11:00:00   3.5154e-01   8.7871e+01   3.6314e+01   0.0000e+00   1.0486e-03   3.1519e+02
20260703_12:00:00   3.5464e-01   8.8546e+01   3.6685e+01   0.0000e+00   8.2583e-04   3.1717e+02
20260703_13:00:00   3.5895e-01   8.9498e+01   3.6838e+01   0.0000e+00   3.3688e-03   3.1642e+02
20260703_14:00:00   3.6094e-01   8.9998e+01   3.6877e+01   0.0000e+00   1.3544e-04   3.1544e+02
20260703_15:00:00   3.7420e-01   9.2723e+01   3.8147e+01   0.0000e+00   3.7460e-04   3.1240e+02
20260703_16:00:00   3.9868e-01   9.7601e+01   4.0379e+01   0.0000e+00   1.1170e-04   3.1318e+02
20260703_17:00:00   4.0665e-01   9.9294e+01   4.1174e+01   0.0000e+00   3.2549e-03   3.1213e+02
20260703_18:00:00   4.1800e-01   1.0163e+02   4.2089e+01   0.0000e+00   5.9976e-03   3.1264e+02
20260703_19:00:00   4.1672e-01   1.0152e+02   4.1995e+01   0.0000e+00   1.9270e-03   3.1399e+02
20260703_20:00:00   4.2314e-01   1.0283e+02   4.2446e+01   0.0000e+00   1.8438e-03   3.1409e+02
20260703_21:00:00   4.3112e-01   1.0444e+02   4.2949e+01   0.0000e+00   2.8846e-03   3.1567e+02
20260703_22:00:00   4.4099e-01   1.0635e+02   4.3685e+01   0.0000e+00   2.3924e-03   3.1908e+02
20260703_23:00:00   4.2669e-01   1.0332e+02   4.4008e+01   0.0000e+00   5.0285e-03   3.2155e+02
20260704_00:00:00   4.1875e-01   1.0181e+02   4.3057e+01   0.0000e+00   1.8018e-03   3.2218e+02
20260704_01:00:00   4.1327e-01   1.0080e+02   4.2270e+01   0.0000e+00   9.1863e-04   3.2044e+02
20260704_02:00:00   4.1629e-01   1.0127e+02   4.2709e+01   0.0000e+00   3.0597e-03   3.1838e+02
20260704_03:00:00   4.0430e-01   9.8917e+01   4.1693e+01   0.0000e+00   4.0710e-04   3.1789e+02
20260704_04:00:00   4.0474e-01   9.8990e+01   4.1297e+01   0.0000e+00   1.8462e-04   3.1725e+02
20260704_05:00:00   4.0989e-01   9.9896e+01   4.1748e+01   0.0000e+00   1.4626e-04   3.1876e+02
20260704_06:00:00   4.0247e-01   9.8491e+01   4.0643e+01   0.0000e+00   2.6140e-05   3.1974e+02
20260704_07:00:00   3.7520e-01   9.3240e+01   3.7692e+01   0.0000e+00   5.2020e-07   3.1815e+02
20260704_08:00:00   3.7513e-01   9.3199e+01   3.7364e+01   0.0000e+00   0.0000e+00   3.1749e+02
20260704_09:00:00   3.9390e-01   9.6758e+01   3.8834e+01   0.0000e+00   0.0000e+00   3.1600e+02
20260704_10:00:00   3.9804e-01   9.7514e+01   3.9106e+01   0.0000e+00   0.0000e+00   3.1831e+02
20260704_11:00:00   3.8694e-01   9.5385e+01   3.8078e+01   0.0000e+00   0.0000e+00   3.1945e+02
20260704_12:00:00   4.2276e-01   1.0214e+02   4.1285e+01   0.0000e+00   2.1867e-05   3.2074e+02
20260704_13:00:00   4.2882e-01   1.0318e+02   4.2914e+01   4.0982e-03   8.1553e-04   3.2148e+02
20260704_14:00:00   6.2933e-01   1.3557e+02   5.1360e+01   1.1933e-01   8.2993e-02   3.1572e+02
20260704_15:00:00   1.5496e+00   2.1971e+02   5.2990e+01   1.2038e+00   5.6922e-01   3.1154e+02
20260704_16:00:00   4.2912e-01   1.0268e+02   4.3632e+01   0.0000e+00   4.0498e-01   3.1866e+02
20260704_17:00:00   4.1539e-01   1.0044e+02   4.2943e+01   0.0000e+00   2.5391e-02   3.1897e+02
20260704_18:00:00   4.3655e-01   1.0480e+02   4.4014e+01   0.0000e+00   7.6076e-02   3.1951e+02
20260704_19:00:00   4.2044e-01   1.0202e+02   4.1461e+01   1.0726e-03   1.6022e-03   3.2126e+02
20260704_20:00:00   4.7838e-01   1.1306e+02   4.4577e+01   1.7925e-02   2.6280e-04   3.2267e+02
20260704_21:00:00   4.5557e-01   1.0906e+02   4.3780e+01   3.6000e-03   1.5712e-03   3.2506e+02
20260704_22:00:00   4.5972e-01   1.0995e+02   4.4120e+01   5.4481e-06   1.1356e-03   3.2727e+02
20260704_23:00:00   4.7262e-01   1.1233e+02   4.4911e+01   8.2460e-05   2.3525e-04   3.2460e+02
20260705_00:00:00   4.6629e-01   1.1128e+02   4.3512e+01   8.1400e-03   0.0000e+00   3.2434e+02
20260705_01:00:00   4.5618e-01   1.0944e+02   4.2997e+01   9.2680e-04   1.5606e-06   3.2704e+02
20260705_02:00:00   4.7951e-01   1.1351e+02   4.5838e+01   0.0000e+00   1.3108e-05   3.2962e+02
20260705_03:00:00   4.8207e-01   1.1395e+02   4.6018e+01   0.0000e+00   3.1163e-03   3.2316e+02
20260705_04:00:00   4.7405e-01   1.1248e+02   4.5530e+01   0.0000e+00   1.1532e-02   3.1915e+02
20260705_05:00:00   4.7603e-01   1.1240e+02   4.7204e+01   0.0000e+00   7.9848e-02   3.2265e+02
20260705_06:00:00   5.0312e-01   1.1677e+02   5.0171e+01   5.0980e-05   1.9953e-01   3.1762e+02
20260705_09:00:00   5.1264e-01   1.1559e+02   4.8466e+01   6.0270e-02   1.1233e+00   3.1335e+02
20260705_12:00:00   3.3848e-01   8.4072e+01   3.7799e+01   8.9800e-03   2.3693e-02   3.1504e+02
20260705_15:00:00   4.1419e-01   9.8762e+01   4.3379e+01   1.2864e-02   4.9933e-03   3.1313e+02
20260705_18:00:00   4.3851e-01   1.0391e+02   4.5312e+01   2.4572e-05   7.2125e-04   3.2129e+02
20260705_21:00:00   4.3762e-01   1.0433e+02   4.4293e+01   4.1145e-03   8.6824e-05   3.2609e+02
20260706_00:00:00   4.4709e-01   1.0597e+02   4.6158e+01   0.0000e+00   6.3576e-04   3.2724e+02
20260706_03:00:00   3.9180e-01   9.5896e+01   3.8737e+01   0.0000e+00   0.0000e+00   3.2613e+02
20260706_06:00:00   3.6163e-01   9.0011e+01   3.4655e+01   0.0000e+00   0.0000e+00   3.2982e+02
20260706_09:00:00   3.3741e-01   8.4997e+01   3.1912e+01   0.0000e+00   5.2440e-05   3.2661e+02
20260706_12:00:00   3.2021e-01   8.1373e+01   3.0439e+01   0.0000e+00   7.9879e-04   3.2844e+02
20260706_15:00:00   3.4934e-01   8.7310e+01   3.3521e+01   0.0000e+00   3.4837e-03   3.2652e+02
20260706_18:00:00   3.6366e-01   9.0663e+01   3.4094e+01   0.0000e+00   1.0422e-02   3.2675e+02
20260706_21:00:00   3.5854e-01   8.9731e+01   3.3926e+01   6.2240e-04   3.6384e-03   3.2660e+02
20260707_00:00:00   3.4322e-01   8.6563e+01   3.3897e+01   0.0000e+00   9.2820e-03   3.2301e+02
20260707_03:00:00   3.0818e-01   7.9241e+01   3.0325e+01   0.0000e+00   8.2346e-03   3.2196e+02
20260707_06:00:00   3.4656e-01   8.6936e+01   3.3704e+01   0.0000e+00   3.0085e-04   3.2320e+02
20260707_09:00:00   3.2108e-01   8.1614e+01   3.1214e+01   0.0000e+00   0.0000e+00   3.2505e+02
20260707_12:00:00   3.1197e-01   7.9745e+01   2.9684e+01   0.0000e+00   1.6482e-04   3.2073e+02
20260707_15:00:00   3.2227e-01   8.1466e+01   3.3107e+01   3.8440e-03   5.1322e-03   3.1992e+02
20260707_18:00:00   3.6489e-01   9.0448e+01   3.7573e+01   4.4220e-06   9.0656e-04   3.2143e+02
20260707_21:00:00   4.0727e-01   9.8994e+01   4.1470e+01   0.0000e+00   5.4120e-03   3.2004e+02
20260708_00:00:00   3.7611e-01   9.3221e+01   3.8426e+01   0.0000e+00   0.0000e+00   3.2053e+02
20260708_03:00:00   3.8134e-01   9.4291e+01   3.8844e+01   0.0000e+00   1.5058e-05   3.2092e+02
20260708_06:00:00   4.1371e-01   1.0031e+02   4.2452e+01   0.0000e+00   2.1685e-03   3.1952e+02
20260708_09:00:00   4.7172e-01   1.1075e+02   4.8020e+01   0.0000e+00   3.5415e-04   3.1893e+02
20260708_12:00:00   4.7288e-01   1.1073e+02   4.8152e+01   0.0000e+00   1.1056e-03   3.1877e+02
20260708_15:00:00   4.8383e-01   1.1281e+02   4.8488e+01   1.1858e-04   2.4651e-02   3.1887e+02
20260708_18:00:00   4.4095e-01   1.0436e+02   4.4308e+01   3.1414e-02   1.0306e-01   3.1771e+02
20260708_21:00:00   4.2499e-01   1.0223e+02   4.3110e+01   1.5774e-03   1.9886e-02   3.2120e+02
20260709_00:00:00   4.2641e-01   1.0244e+02   4.3513e+01   0.0000e+00   1.9823e-02   3.2433e+02
20260709_03:00:00   3.4635e-01   8.6172e+01   3.6628e+01   0.0000e+00   3.4032e-03   3.2474e+02
20260709_06:00:00   3.1218e-01   7.8737e+01   3.2396e+01   1.0734e-02   2.0398e-02   3.2956e+02
20260709_09:00:00   3.6861e-01   8.9885e+01   3.5101e+01   3.6338e-02   7.1138e-03   3.2542e+02
20260709_12:00:00   3.2626e-01   8.1278e+01   3.4969e+01   1.1492e-03   7.9766e-03   3.2865e+02
20260709_15:00:00   3.5815e-01   8.7508e+01   3.8472e+01   2.5743e-03   1.7652e-01   3.2887e+02
20260709_18:00:00   4.9599e-01   1.1320e+02   4.4138e+01   8.2262e-02   4.9379e-02   3.3063e+02
20260709_21:00:00   4.4988e-01   1.0529e+02   4.4655e+01   2.1105e-02   1.7336e-02   3.3369e+02
20260710_00:00:00   6.1470e-01   1.3081e+02   4.6834e+01   1.8228e-01   5.6675e-02   3.2990e+02
20260710_03:00:00   3.9988e-01   9.5483e+01   4.1463e+01   2.8120e-03   1.0503e-01   3.2807e+02
20260710_06:00:00   3.1101e-01   7.7738e+01   3.1651e+01   1.4382e-03   4.9280e-07   3.3417e+02
20260710_09:00:00   2.8615e-01   7.2516e+01   2.8626e+01   0.0000e+00   0.0000e+00   3.3027e+02
20260710_12:00:00   2.9045e-01   7.3384e+01   2.8471e+01   0.0000e+00   0.0000e+00   3.3284e+02
20260710_15:00:00   2.7239e-01   6.9987e+01   2.5921e+01   0.0000e+00   0.0000e+00   3.2886e+02
20260710_18:00:00   3.1416e-01   7.9061e+01   2.9068e+01   0.0000e+00   1.0410e-04   3.2940e+02
20260710_21:00:00   3.2818e-01   8.2248e+01   2.7556e+01   3.7377e-02   0.0000e+00   3.3374e+02
20260711_00:00:00   2.8661e-01   7.3486e+01   2.6432e+01   0.0000e+00   2.4437e-04   3.3763e+02
20260711_03:00:00   2.5106e-01   6.5683e+01   2.2549e+01   0.0000e+00   0.0000e+00   3.3824e+02
20260711_06:00:00   2.2970e-01   6.0793e+01   2.0108e+01   0.0000e+00   0.0000e+00   3.3528e+02
20260711_09:00:00   2.1559e-01   5.7455e+01   1.8678e+01   0.0000e+00   0.0000e+00   3.3479e+02
20260711_12:00:00   2.1059e-01   5.6217e+01   1.8180e+01   0.0000e+00   0.0000e+00   3.2430e+02
20260711_15:00:00   2.1219e-01   5.6687e+01   1.8390e+01   0.0000e+00   0.0000e+00   3.2012e+02
20260711_18:00:00   2.3274e-01   6.1454e+01   2.0799e+01   0.0000e+00   0.0000e+00   3.1986e+02
20260711_21:00:00   2.4042e-01   6.3344e+01   2.1786e+01   0.0000e+00   0.0000e+00   3.2275e+02
20260712_00:00:00   2.3468e-01   6.2227e+01   2.0915e+01   0.0000e+00   0.0000e+00   3.1720e+02
20260712_03:00:00   2.1428e-01   5.7614e+01   1.8790e+01   0.0000e+00   9.5100e-04   3.1280e+02
20260712_06:00:00   2.0775e-01   5.5963e+01   1.8504e+01   0.0000e+00   9.1232e-03   3.0983e+02
20260712_09:00:00   1.9778e-01   5.3569e+01   1.7896e+01   0.0000e+00   2.4340e-04   3.0535e+02
20260712_12:00:00   2.1333e-01   5.6916e+01   2.0580e+01   0.0000e+00   9.2739e-04   3.0721e+02
20260712_15:00:00   2.2672e-01   6.0052e+01   2.3620e+01   0.0000e+00   2.2368e-03   3.0452e+02
20260712_18:00:00   3.2942e-01   8.2156e+01   3.6259e+01   0.0000e+00   6.0897e-04   3.0261e+02
20260712_21:00:00   3.7732e-01   9.1825e+01   4.2222e+01   0.0000e+00   9.4442e-02   3.0138e+02
20260713_00:00:00   3.9413e-01   9.5314e+01   4.3944e+01   0.0000e+00   8.3062e-06   2.9880e+02
20260713_03:00:00   3.9283e-01   9.5483e+01   4.3537e+01   0.0000e+00   1.6180e-04   2.9834e+02
20260713_06:00:00   4.2123e-01   1.0100e+02   4.5396e+01   0.0000e+00   1.5572e-05   2.9549e+02
20260713_09:00:00   4.3625e-01   1.0421e+02   4.5682e+01   0.0000e+00   1.1110e-03   2.9593e+02
20260713_12:00:00   4.5716e-01   1.0814e+02   4.5919e+01   0.0000e+00   7.3197e-03   2.9727e+02
20260713_15:00:00   3.9567e-01   9.6807e+01   4.0120e+01   5.3240e-05   2.0676e-03   3.0095e+02
20260713_18:00:00   4.7438e-01   1.1171e+02   4.8662e+01   1.4770e-02   1.6566e-04   3.0151e+02
20260713_21:00:00   4.7399e-01   1.1229e+02   4.9905e+01   0.0000e+00   1.3002e-05   3.0463e+02
20260714_00:00:00   4.7349e-01   1.1253e+02   4.9997e+01   0.0000e+00   6.4740e-05   3.0175e+02
20260714_03:00:00   5.4500e-01   1.2497e+02   5.6184e+01   0.0000e+00   1.3602e-04   3.0522e+02
20260714_06:00:00   5.1256e-01   1.1968e+02   5.1677e+01   0.0000e+00   0.0000e+00   3.0935e+02
20260714_09:00:00   3.8048e-01   9.4754e+01   3.7193e+01   0.0000e+00   1.1068e-05   3.1528e+02
20260714_12:00:00   2.0203e-01   5.5342e+01   1.9816e+01   0.0000e+00   3.8639e-03   3.2094e+02
20260714_15:00:00   2.2587e-01   6.0689e+01   2.2230e+01   0.0000e+00   2.6373e-04   3.2201e+02
20260714_18:00:00   2.4494e-01   6.4896e+01   2.4286e+01   0.0000e+00   7.2605e-03   3.2358e+02
20260714_21:00:00   2.7186e-01   7.0700e+01   2.6905e+01   0.0000e+00   8.4065e-03   3.2380e+02
20260715_00:00:00   2.7039e-01   7.0262e+01   2.6016e+01   0.0000e+00   2.9194e-02   3.2782e+02
20260715_03:00:00   2.6480e-01   6.8965e+01   2.5959e+01   0.0000e+00   4.1941e-03   3.3283e+02
20260715_06:00:00   3.0934e-01   7.8254e+01   2.9067e+01   0.0000e+00   0.0000e+00   3.3544e+02
20260715_09:00:00   2.4909e-01   6.4935e+01   2.2854e+01   0.0000e+00   0.0000e+00   3.4483e+02
20260715_12:00:00   2.0766e-01   5.5349e+01   1.7973e+01   0.0000e+00   0.0000e+00   3.4636e+02
20260715_15:00:00   2.1822e-01   5.7724e+01   1.8389e+01   2.5483e-04   0.0000e+00   3.4483e+02
20260715_18:00:00   2.4039e-01   6.2818e+01   2.1751e+01   8.0080e-06   0.0000e+00   3.4046e+02
20260715_21:00:00   2.6001e-01   6.7351e+01   2.3446e+01   2.8460e-04   0.0000e+00   3.3955e+02
20260716_00:00:00   2.5619e-01   6.6406e+01   2.2592e+01   0.0000e+00   0.0000e+00   3.4004e+02
20260716_03:00:00   2.3357e-01   6.1229e+01   2.0372e+01   0.0000e+00   0.0000e+00   3.3758e+02
20260716_06:00:00   2.0730e-01   5.5183e+01   1.7125e+01   0.0000e+00   0.0000e+00   3.3545e+02
