#            date       tau255        Tb[K]      pwv[mm] lwp[kg*m^-2] iwp[kg*m^-2]       o3[DU]
20260405_00:00:00   1.4129e-01   3.7609e+01   9.9912e+00   4.6400e-05   4.4476e-04   3.5685e+02
20260405_01:00:00   1.3940e-01   3.7179e+01   9.7318e+00   0.0000e+00   5.9140e-05   3.4961e+02
20260405_02:00:00   1.3726e-01   3.6651e+01   9.4511e+00   0.0000e+00   6.7560e-04   3.5152e+02
20260405_03:00:00   1.6334e-01   4.2565e+01   1.0190e+01   2.1100e-02   6.5718e-03   3.5178e+02
20260405_04:00:00   1.4090e-01   3.7447e+01   9.8034e+00   0.0000e+00   1.6741e-04   3.5114e+02
20260405_05:00:00   1.3844e-01   3.6850e+01   9.4181e+00   0.0000e+00   1.4661e-04   3.5032e+02
20260405_06:00:00   1.3536e-01   3.6123e+01   9.0324e+00   1.0473e-06   1.5814e-04   3.5176e+02
20260405_07:00:00   1.3723e-01   3.6556e+01   8.6789e+00   4.8194e-03   5.6691e-04   3.4877e+02
20260405_08:00:00   1.5801e-01   4.1345e+01   8.4123e+00   3.0545e-02   7.0788e-04   3.4335e+02
20260405_09:00:00   1.2991e-01   3.4825e+01   8.1793e+00   2.0491e-03   2.7477e-04   3.4528e+02
20260405_10:00:00   1.3288e-01   3.5459e+01   8.7353e+00   6.6573e-04   1.9466e-04   3.4739e+02
20260405_11:00:00   1.4046e-01   3.7180e+01   9.3044e+00   3.5745e-03   2.0932e-04   3.5727e+02
20260405_12:00:00   1.6626e-01   4.3083e+01   9.1050e+00   3.2361e-02   4.9989e-04   3.6352e+02
20260405_13:00:00   3.1826e-01   7.4869e+01   9.2591e+00   1.9959e-01   1.2372e-03   3.6223e+02
20260405_14:00:00   2.4617e-01   6.0385e+01   8.8651e+00   1.2184e-01   8.3890e-04   3.6118e+02
20260405_15:00:00   2.6482e-01   6.4283e+01   8.4675e+00   1.4553e-01   8.1118e-04   3.5781e+02
20260405_16:00:00   1.3363e-01   3.5651e+01   7.7033e+00   5.5388e-03   4.1463e-04   3.5512e+02
20260405_17:00:00   1.3949e-01   3.7062e+01   7.4116e+00   1.4456e-02   4.8533e-04   3.5638e+02
20260405_18:00:00   1.2582e-01   3.3950e+01   7.4765e+00   1.9662e-05   2.6600e-04   3.6358e+02
20260405_19:00:00   1.2897e-01   3.4778e+01   8.0129e+00   0.0000e+00   0.0000e+00   3.6622e+02
20260405_20:00:00   1.3236e-01   3.5625e+01   8.5443e+00   0.0000e+00   0.0000e+00   3.6526e+02
20260405_21:00:00   1.3654e-01   3.6652e+01   9.1525e+00   0.0000e+00   0.0000e+00   3.6235e+02
20260405_22:00:00   1.3949e-01   3.7387e+01   9.5779e+00   0.0000e+00   0.0000e+00   3.6367e+02
20260405_23:00:00   1.4113e-01   3.7811e+01   9.8537e+00   0.0000e+00   0.0000e+00   3.6665e+02
20260406_00:00:00   1.4329e-01   3.8315e+01   1.0261e+01   0.0000e+00   0.0000e+00   3.5911e+02
20260406_01:00:00   1.4445e-01   3.8569e+01   1.0586e+01   0.0000e+00   0.0000e+00   3.6466e+02
20260406_02:00:00   1.5364e-01   4.0673e+01   1.1757e+01   0.0000e+00   8.7554e-06   3.5514e+02
20260406_03:00:00   1.6441e-01   4.3133e+01   1.2273e+01   6.8940e-03   9.5824e-04   3.5069e+02
20260406_04:00:00   1.6789e-01   4.3907e+01   1.3161e+01   3.8321e-04   2.8680e-03   3.4755e+02
20260406_05:00:00   2.3175e-01   5.8006e+01   1.5705e+01   4.1098e-02   1.5112e-01   3.5087e+02
20260406_06:00:00   1.8785e-01   4.8361e+01   1.4859e+01   4.9820e-05   3.8909e-02   3.5602e+02
20260406_07:00:00   1.5737e-01   4.1298e+01   1.1727e+01   0.0000e+00   1.0093e-03   3.5320e+02
20260406_08:00:00   1.2599e-01   3.3893e+01   8.0666e+00   0.0000e+00   8.1580e-06   3.5444e+02
20260406_09:00:00   1.2494e-01   3.3559e+01   7.9710e+00   0.0000e+00   1.0132e-03   3.5034e+02
20260406_10:00:00   1.2787e-01   3.4182e+01   8.3150e+00   0.0000e+00   3.7090e-03   3.5060e+02
20260406_11:00:00   1.2993e-01   3.4627e+01   8.5484e+00   0.0000e+00   1.5267e-04   3.5517e+02
20260406_12:00:00   1.2621e-01   3.3726e+01   8.0500e+00   0.0000e+00   5.5453e-03   3.5894e+02
20260406_13:00:00   1.2081e-01   3.2471e+01   7.3433e+00   0.0000e+00   1.0903e-04   3.6666e+02
20260406_14:00:00   1.1973e-01   3.2217e+01   7.1923e+00   0.0000e+00   9.3685e-06   3.6951e+02
20260406_15:00:00   1.2306e-01   3.3005e+01   7.5243e+00   0.0000e+00   8.7530e-06   3.7053e+02
20260406_16:00:00   1.2138e-01   3.2640e+01   7.3874e+00   0.0000e+00   7.0100e-07   3.7102e+02
20260406_17:00:00   1.2106e-01   3.2581e+01   7.4634e+00   0.0000e+00   4.0780e-06   3.7197e+02
20260406_18:00:00   1.3017e-01   3.4658e+01   8.8516e+00   0.0000e+00   2.8581e-02   3.7270e+02
20260406_19:00:00   1.3179e-01   3.5019e+01   9.1893e+00   0.0000e+00   6.0902e-02   3.7080e+02
20260406_20:00:00   1.3342e-01   3.5394e+01   9.4648e+00   0.0000e+00   2.8788e-02   3.7220e+02
20260406_21:00:00   1.3195e-01   3.5067e+01   9.3039e+00   0.0000e+00   2.7325e-02   3.7548e+02
20260406_22:00:00   1.3364e-01   3.5454e+01   9.5756e+00   0.0000e+00   3.0176e-03   3.7661e+02
20260406_23:00:00   1.3306e-01   3.5323e+01   9.5078e+00   0.0000e+00   4.5603e-03   3.7667e+02
20260407_00:00:00   1.3516e-01   3.5767e+01   9.7666e+00   0.0000e+00   9.5541e-03   3.7346e+02
20260407_01:00:00   1.3409e-01   3.5491e+01   9.6013e+00   0.0000e+00   1.1178e-02   3.6941e+02
20260407_02:00:00   1.3246e-01   3.5111e+01   9.3587e+00   0.0000e+00   1.0176e-02   3.6302e+02
20260407_03:00:00   1.3138e-01   3.4833e+01   9.1791e+00   0.0000e+00   3.0764e-02   3.5989e+02
20260407_04:00:00   1.3110e-01   3.4695e+01   9.1669e+00   0.0000e+00   6.3512e-02   3.5906e+02
20260407_05:00:00   1.2808e-01   3.3938e+01   8.7960e+00   0.0000e+00   1.3207e-01   3.6042e+02
20260407_06:00:00   1.2546e-01   3.3298e+01   8.4551e+00   0.0000e+00   1.7553e-01   3.5949e+02
20260407_07:00:00   1.2341e-01   3.2814e+01   8.1578e+00   0.0000e+00   8.8046e-02   3.5877e+02
20260407_08:00:00   1.2129e-01   3.2312e+01   7.7426e+00   0.0000e+00   2.8108e-02   3.5800e+02
20260407_09:00:00   1.1570e-01   3.1017e+01   6.8509e+00   0.0000e+00   1.7244e-02   3.5343e+02
20260407_10:00:00   1.1193e-01   3.0112e+01   6.4146e+00   0.0000e+00   1.1010e-01   3.5495e+02
20260407_11:00:00   1.1292e-01   3.0315e+01   6.6267e+00   0.0000e+00   1.0599e-01   3.5806e+02
20260407_12:00:00   1.1419e-01   3.0598e+01   6.7740e+00   0.0000e+00   1.6026e-01   3.6223e+02
20260407_13:00:00   1.1738e-01   3.1345e+01   7.2487e+00   0.0000e+00   7.4886e-02   3.6579e+02
20260407_14:00:00   1.2171e-01   3.2381e+01   7.8803e+00   0.0000e+00   9.2156e-02   3.6978e+02
20260407_15:00:00   1.2737e-01   3.3745e+01   8.6824e+00   0.0000e+00   8.5880e-02   3.7066e+02
20260407_16:00:00   1.4028e-01   3.6775e+01   1.0277e+01   0.0000e+00   1.7825e-01   3.7180e+02
20260407_17:00:00   1.5430e-01   4.0038e+01   1.2000e+01   0.0000e+00   2.0250e-01   3.6955e+02
20260407_18:00:00   1.6599e-01   4.2756e+01   1.3475e+01   0.0000e+00   6.1320e-02   3.6650e+02
20260407_19:00:00   1.6911e-01   4.3541e+01   1.3878e+01   1.5606e-06   2.9504e-02   3.6470e+02
20260407_20:00:00   1.7852e-01   4.5710e+01   1.4899e+01   6.3100e-04   4.8329e-02   3.6453e+02
20260407_21:00:00   2.0827e-01   5.2351e+01   1.6225e+01   2.0640e-02   6.7686e-02   3.6320e+02
20260407_22:00:00   3.0657e-01   7.2885e+01   1.6959e+01   1.2332e-01   1.5541e-01   3.6294e+02
20260407_23:00:00   2.9582e-01   7.0817e+01   1.7727e+01   1.0350e-01   1.7228e-01   3.6519e+02
20260408_00:00:00   3.3290e-01   7.8134e+01   1.8339e+01   1.3593e-01   7.1385e-01   3.6714e+02
20260408_01:00:00   4.4283e-01   9.8531e+01   1.9193e+01   2.5222e-01   5.9343e-01   3.6878e+02
20260408_02:00:00   3.8565e-01   8.8434e+01   1.9702e+01   1.8304e-01   4.4547e-01   3.6955e+02
20260408_03:00:00   2.0816e-01   5.2674e+01   1.7819e+01   2.2454e-03   3.6819e-01   3.7430e+02
20260408_04:00:00   2.4162e-01   6.0013e+01   1.8147e+01   3.7563e-02   2.2662e-01   3.7862e+02
20260408_05:00:00   3.0809e-01   7.3601e+01   1.9120e+01   1.0316e-01   3.8102e-01   3.8348e+02
20260408_06:00:00   2.5879e-01   6.3696e+01   1.9078e+01   4.9023e-02   3.2089e-01   3.8405e+02
20260408_07:00:00   2.0847e-01   5.3096e+01   1.8092e+01   1.4434e-03   2.0273e-01   3.7898e+02
20260408_08:00:00   2.0625e-01   5.2694e+01   1.7986e+01   4.2855e-04   1.8977e-01   3.6992e+02
20260408_09:00:00   2.0502e-01   5.2506e+01   1.7830e+01   0.0000e+00   1.7686e-01   3.6624e+02
20260408_10:00:00   2.1417e-01   5.4549e+01   1.8898e+01   0.0000e+00   2.6068e-01   3.6795e+02
20260408_11:00:00   2.0359e-01   5.2351e+01   1.7498e+01   0.0000e+00   1.4097e-02   3.7218e+02
20260408_12:00:00   1.8966e-01   4.9343e+01   1.5624e+01   0.0000e+00   1.1710e-03   3.6928e+02
20260408_13:00:00   1.8034e-01   4.7320e+01   1.4510e+01   0.0000e+00   8.4320e-06   3.7455e+02
20260408_14:00:00   1.7883e-01   4.7026e+01   1.4382e+01   0.0000e+00   4.4860e-05   3.7538e+02
20260408_15:00:00   1.7976e-01   4.7254e+01   1.4673e+01   0.0000e+00   3.6850e-06   3.7176e+02
20260408_16:00:00   1.7972e-01   4.7343e+01   1.4680e+01   0.0000e+00   1.0883e-03   3.6602e+02
20260408_17:00:00   1.7552e-01   4.6525e+01   1.4134e+01   0.0000e+00   1.1847e-03   3.5802e+02
20260408_18:00:00   1.7727e-01   4.6985e+01   1.4528e+01   0.0000e+00   3.7165e-03   3.5581e+02
20260408_19:00:00   1.8568e-01   4.8921e+01   1.5823e+01   0.0000e+00   1.8531e-02   3.5962e+02
20260408_20:00:00   2.0148e-01   5.2505e+01   1.7830e+01   5.2020e-07   3.6385e-03   3.6295e+02
20260408_21:00:00   2.0553e-01   5.3505e+01   1.8272e+01   0.0000e+00   9.8229e-03   3.6441e+02
20260408_22:00:00   2.0352e-01   5.3121e+01   1.8122e+01   0.0000e+00   8.4541e-03   3.6773e+02
20260408_23:00:00   2.0827e-01   5.4198e+01   1.8754e+01   0.0000e+00   5.3997e-02   3.6451e+02
20260409_00:00:00   2.0455e-01   5.3394e+01   1.8397e+01   0.0000e+00   1.3915e-02   3.6050e+02
20260409_01:00:00   2.0522e-01   5.3472e+01   1.8710e+01   0.0000e+00   3.9449e-02   3.5896e+02
20260409_02:00:00   2.1639e-01   5.5998e+01   1.9823e+01   0.0000e+00   5.1919e-03   3.5813e+02
20260409_03:00:00   2.5326e-01   6.3845e+01   2.1856e+01   2.2660e-02   2.8323e-03   3.5259e+02
20260409_04:00:00   7.1511e-01   1.4123e+02   2.3116e+01   5.3154e-01   1.8431e-02   3.5370e+02
20260409_05:00:00   1.1893e+00   1.9075e+02   2.6058e+01   1.0343e+00   2.9628e-01   3.4810e+02
20260409_06:00:00   7.0944e-01   1.4147e+02   2.7231e+01   4.8065e-01   7.4524e-01   3.5040e+02
20260409_07:00:00   7.4766e-01   1.4471e+02   2.5244e+01   5.3647e-01   6.2530e-01   3.5216e+02
20260409_08:00:00   2.6914e-01   6.6590e+01   2.2624e+01   2.2094e-02   7.5261e-01   3.6046e+02
20260409_09:00:00   1.7691e-01   4.6880e+01   1.3497e+01   6.5540e-06   2.9443e-02   3.6645e+02
20260409_10:00:00   1.7008e-01   4.5319e+01   1.2719e+01   1.1142e-04   0.0000e+00   3.6356e+02
20260409_11:00:00   1.7072e-01   4.5398e+01   1.2665e+01   1.1960e-04   0.0000e+00   3.6636e+02
20260409_12:00:00   1.6940e-01   4.5001e+01   1.2737e+01   4.9280e-07   0.0000e+00   3.6665e+02
20260409_13:00:00   1.6201e-01   4.3236e+01   1.2189e+01   0.0000e+00   0.0000e+00   3.6833e+02
20260409_14:00:00   1.6483e-01   4.3866e+01   1.2521e+01   0.0000e+00   0.0000e+00   3.7023e+02
20260409_15:00:00   1.6503e-01   4.3914e+01   1.2602e+01   0.0000e+00   0.0000e+00   3.6992e+02
20260409_16:00:00   1.5523e-01   4.1600e+01   1.1879e+01   0.0000e+00   0.0000e+00   3.6940e+02
20260409_17:00:00   1.4667e-01   3.9570e+01   1.1141e+01   0.0000e+00   0.0000e+00   3.7438e+02
20260409_18:00:00   1.4425e-01   3.8968e+01   1.1088e+01   0.0000e+00   0.0000e+00   3.6826e+02
20260409_19:00:00   1.4979e-01   4.0280e+01   1.1761e+01   0.0000e+00   0.0000e+00   3.6046e+02
20260409_20:00:00   1.4995e-01   4.0338e+01   1.1832e+01   0.0000e+00   0.0000e+00   3.6198e+02
20260409_21:00:00   1.5017e-01   4.0369e+01   1.1965e+01   0.0000e+00   0.0000e+00   3.6195e+02
20260409_22:00:00   1.4951e-01   4.0208e+01   1.1881e+01   0.0000e+00   0.0000e+00   3.6101e+02
20260409_23:00:00   1.4866e-01   4.0012e+01   1.1687e+01   0.0000e+00   2.6020e-07   3.5589e+02
20260410_00:00:00   1.4667e-01   3.9520e+01   1.1434e+01   0.0000e+00   2.9380e-05   3.5138e+02
20260410_03:00:00   1.3489e-01   3.6527e+01   1.0106e+01   0.0000e+00   0.0000e+00   3.6022e+02
20260410_06:00:00   1.2442e-01   3.4009e+01   8.5531e+00   0.0000e+00   0.0000e+00   3.5785e+02
20260410_09:00:00   1.2692e-01   3.4572e+01   8.9081e+00   0.0000e+00   0.0000e+00   3.6520e+02
20260410_12:00:00   1.3138e-01   3.5628e+01   9.5926e+00   0.0000e+00   2.7067e-05   3.5491e+02
20260410_15:00:00   1.4783e-01   3.9664e+01   1.1617e+01   0.0000e+00   3.6441e-06   3.6593e+02
20260410_18:00:00   2.0080e-01   5.1916e+01   1.7847e+01   0.0000e+00   4.3928e-03   3.4917e+02
20260410_21:00:00   2.2881e-01   5.8309e+01   2.1188e+01   7.5460e-04   1.3826e-02   3.4420e+02
20260411_00:00:00   2.5701e-01   6.4516e+01   2.4664e+01   0.0000e+00   3.1364e-02   3.4342e+02
20260411_03:00:00   1.0865e+00   1.8255e+02   3.0401e+01   8.7304e-01   1.3877e-01   3.4185e+02
20260411_06:00:00   1.8506e+00   2.3632e+02   3.3611e+01   1.7528e+00   5.8518e-01   3.4586e+02
20260411_09:00:00   4.9310e-01   1.1091e+02   3.2398e+01   1.9379e-01   4.4921e-01   3.4849e+02
20260411_12:00:00   8.4042e-01   1.5974e+02   3.5796e+01   5.4765e-01   1.3172e+00   3.4856e+02
20260411_15:00:00   5.9121e-01   1.2724e+02   3.5669e+01   2.7506e-01   1.6721e-01   3.3900e+02
20260411_18:00:00   3.7832e-01   9.0586e+01   3.3863e+01   3.3075e-02   2.1244e-02   3.3107e+02
20260411_21:00:00   3.4137e-01   8.3498e+01   3.3471e+01   0.0000e+00   1.2201e-01   3.2774e+02
20260412_00:00:00   7.8913e-01   1.5285e+02   3.9045e+01   4.5088e-01   7.4589e-01   3.2633e+02
20260412_03:00:00   9.2419e-01   1.6933e+02   3.9188e+01   6.0245e-01   2.1340e-01   3.2925e+02
20260412_06:00:00   4.4661e-01   1.0411e+02   2.9872e+01   1.5778e-01   0.0000e+00   3.3503e+02
20260412_09:00:00   3.7024e-01   8.9728e+01   3.2167e+01   3.2818e-02   1.2440e-04   3.1958e+02
20260412_12:00:00   4.9059e-01   1.1209e+02   3.3029e+01   1.8326e-01   1.2089e-02   3.2100e+02
20260412_15:00:00   5.6922e-01   1.2520e+02   3.5317e+01   2.7305e-01   3.1198e-01   3.1667e+02
20260412_18:00:00   5.2128e-01   1.1750e+02   3.4662e+01   2.0572e-01   3.2272e-03   3.1549e+02
20260412_21:00:00   3.9004e-01   9.4132e+01   3.1825e+01   6.3497e-02   5.3576e-02   3.1487e+02
20260413_00:00:00   3.0892e-01   7.7641e+01   2.9602e+01   0.0000e+00   4.0434e-02   3.2274e+02
20260413_03:00:00   3.4329e-01   8.4352e+01   3.3035e+01   6.8069e-03   1.8346e-02   3.2813e+02
20260413_06:00:00   3.5935e-01   8.7252e+01   3.4253e+01   1.4508e-02   2.9484e-01   3.2495e+02
20260413_09:00:00   2.9078e-01   7.3544e+01   2.7055e+01   3.8046e-03   3.1368e-03   3.1995e+02
20260413_12:00:00   2.4928e-01   6.4640e+01   2.1554e+01   4.8651e-03   2.3267e-03   3.3156e+02
20260413_15:00:00   2.7097e-01   6.9059e+01   2.4746e+01   0.0000e+00   8.1724e-03   3.2618e+02
20260413_18:00:00   3.0621e-01   7.6306e+01   2.1911e+01   7.2071e-02   7.9859e-03   3.2798e+02
20260413_21:00:00   2.4589e-01   6.2787e+01   1.8340e+01   3.7977e-02   1.3368e-05   3.3767e+02
20260414_00:00:00   3.7224e-01   8.8010e+01   1.6432e+01   2.0431e-01   0.0000e+00   3.3510e+02
20260414_03:00:00   3.2842e-01   7.9038e+01   1.6271e+01   1.5782e-01   0.0000e+00   3.3154e+02
20260414_06:00:00   1.8148e-01   4.7667e+01   1.4979e+01   1.5411e-03   0.0000e+00   3.2896e+02
20260414_09:00:00   1.8595e-01   4.8516e+01   1.6217e+01   8.3160e-06   8.5180e-06   3.2769e+02
20260414_12:00:00   1.8918e-01   4.8980e+01   1.7000e+01   0.0000e+00   1.5799e-02   3.3005e+02
20260414_15:00:00   2.1742e-01   5.5209e+01   1.8876e+01   1.7145e-02   7.3385e-03   3.3867e+02
20260414_18:00:00   5.9028e-01   1.2410e+02   2.3451e+01   3.9867e-01   3.4801e-02   3.4514e+02
20260414_21:00:00   9.8585e-01   1.7385e+02   2.5732e+01   8.3022e-01   1.9515e-02   3.4094e+02
20260415_00:00:00   1.5409e+00   2.1673e+02   2.4796e+01   1.4721e+00   2.3481e-01   3.3512e+02
20260415_03:00:00   6.5967e-01   1.3351e+02   2.5619e+01   4.5207e-01   4.9820e-01   3.3549e+02
20260415_06:00:00   1.1774e+00   1.9047e+02   2.0679e+01   1.0838e+00   2.0564e-04   3.4026e+02
20260415_09:00:00   9.9570e-01   1.7349e+02   2.3316e+01   8.6015e-01   4.5724e-02   3.4126e+02
20260415_12:00:00   5.4188e-01   1.1499e+02   2.3145e+01   3.4082e-01   3.0311e-01   3.3522e+02
20260415_15:00:00   4.3228e-01   9.6545e+01   2.1167e+01   2.3737e-01   1.0945e-01   3.3684e+02
20260415_18:00:00   2.2795e-01   5.6740e+01   1.8801e+01   2.9269e-02   1.5586e-01   3.3843e+02
20260415_21:00:00   2.4285e-01   5.9743e+01   1.7219e+01   6.1040e-02   3.2064e-01   3.3263e+02
20260416_00:00:00   1.7576e-01   4.5148e+01   1.5498e+01   1.1286e-03   1.5520e-01   3.3234e+02
20260416_03:00:00   1.6348e-01   4.2327e+01   1.3294e+01   1.5768e-03   1.0392e-01   3.3671e+02
20260416_06:00:00   1.6912e-01   4.3566e+01   1.1581e+01   2.0035e-02   7.9080e-02   3.3850e+02
20260416_09:00:00   1.4806e-01   3.8865e+01   8.0762e+00   2.1075e-02   2.1342e-02   3.4658e+02
20260416_12:00:00   1.1474e-01   3.1006e+01   6.2960e+00   0.0000e+00   1.0340e-05   3.6685e+02
20260416_15:00:00   1.1916e-01   3.1984e+01   6.7524e+00   0.0000e+00   7.3188e-06   3.8986e+02
20260416_18:00:00   1.1836e-01   3.1899e+01   6.6443e+00   0.0000e+00   4.0680e-04   4.2866e+02
20260416_21:00:00   1.2310e-01   3.3170e+01   7.0925e+00   1.7292e-03   1.7881e-03   4.1299e+02
20260417_00:00:00   1.1424e-01   3.1140e+01   6.1492e+00   0.0000e+00   1.1068e-06   4.0266e+02
20260417_03:00:00   1.1669e-01   3.1684e+01   6.6183e+00   0.0000e+00   0.0000e+00   4.1065e+02
20260417_06:00:00   1.1567e-01   3.1487e+01   6.5373e+00   0.0000e+00   4.0780e-06   4.0925e+02
20260417_09:00:00   1.1461e-01   3.1288e+01   6.4057e+00   0.0000e+00   0.0000e+00   4.0489e+02
20260417_12:00:00   1.1769e-01   3.2068e+01   6.8760e+00   0.0000e+00   0.0000e+00   4.0278e+02
20260417_15:00:00   1.2805e-01   3.4602e+01   8.3751e+00   0.0000e+00   5.2020e-07   3.9574e+02
20260417_18:00:00   1.3846e-01   3.7250e+01   1.0003e+01   0.0000e+00   0.0000e+00   3.8700e+02
20260417_21:00:00   1.4984e-01   4.0122e+01   1.1924e+01   0.0000e+00   0.0000e+00   3.8048e+02
20260418_00:00:00   1.4897e-01   4.0252e+01   1.1174e+01   0.0000e+00   0.0000e+00   3.7863e+02
20260418_03:00:00   1.4627e-01   3.9699e+01   1.0441e+01   0.0000e+00   0.0000e+00   3.8412e+02
20260418_06:00:00   1.4208e-01   3.8700e+01   9.8764e+00   0.0000e+00   0.0000e+00   3.7847e+02
20260418_09:00:00   1.3809e-01   3.7730e+01   9.3870e+00   0.0000e+00   0.0000e+00   3.6625e+02
20260418_12:00:00   1.3899e-01   3.7898e+01   9.3919e+00   0.0000e+00   0.0000e+00   3.6664e+02
20260418_15:00:00   1.3499e-01   3.6982e+01   9.0548e+00   0.0000e+00   0.0000e+00   3.6635e+02
20260418_18:00:00   1.4274e-01   3.8953e+01   1.0120e+01   0.0000e+00   0.0000e+00   3.7328e+02
20260418_21:00:00   1.4440e-01   3.9468e+01   1.0743e+01   0.0000e+00   0.0000e+00   3.6298e+02
20260419_00:00:00   1.4854e-01   4.0511e+01   1.1092e+01   0.0000e+00   5.0180e-05   3.5964e+02
20260419_03:00:00   1.4326e-01   3.9139e+01   1.0507e+01   0.0000e+00   4.1383e-03   3.7393e+02
20260419_06:00:00   1.3645e-01   3.7446e+01   9.6485e+00   0.0000e+00   1.1913e-02   3.6055e+02
20260419_09:00:00   1.4227e-01   3.8792e+01   1.0328e+01   0.0000e+00   2.7287e-03   3.4935e+02
20260419_12:00:00   1.4529e-01   3.9457e+01   1.0902e+01   0.0000e+00   1.4307e-02   3.4463e+02
20260419_15:00:00   1.4995e-01   4.0529e+01   1.2390e+01   0.0000e+00   2.3529e-02   3.4331e+02
20260419_18:00:00   2.0075e-01   5.2629e+01   1.8786e+01   0.0000e+00   0.0000e+00   3.4177e+02
20260419_21:00:00   2.3187e-01   5.9992e+01   2.2009e+01   0.0000e+00   2.3082e-03   3.3064e+02
20260420_00:00:00   2.5301e-01   6.4878e+01   2.4115e+01   0.0000e+00   4.4585e-03   3.2191e+02
20260420_03:00:00   2.6318e-01   6.7240e+01   2.5157e+01   1.7944e-04   2.9830e-02   3.1734e+02
20260420_06:00:00   2.7613e-01   7.0114e+01   2.6410e+01   0.0000e+00   3.9673e-02   3.1510e+02
20260420_09:00:00   3.1025e-01   7.7075e+01   2.9822e+01   6.7883e-03   2.3359e-02   3.1230e+02
20260420_12:00:00   3.3999e-01   8.3197e+01   3.3949e+01   3.2154e-05   3.2385e-02   3.1302e+02
20260420_15:00:00   4.3347e-01   1.0181e+02   3.0447e+01   1.4812e-01   1.1172e-02   3.1204e+02
20260420_18:00:00   7.6808e-01   1.5494e+02   3.6258e+01   4.9861e-01   1.5170e-02   3.1144e+02
20260420_21:00:00   9.0624e-01   1.7142e+02   3.9632e+01   6.1023e-01   1.9528e-03   3.1231e+02
20260421_00:00:00   3.0949e-01   7.7805e+01   2.8349e+01   2.4660e-03   3.3361e-04   3.1471e+02
