#            date       tau255        Tb[K]      pwv[mm] lwp[kg*m^-2] iwp[kg*m^-2]       o3[DU]
20260508_06:00:00   2.2688e-01   5.7248e+01   1.4424e+01   5.9103e-02   2.2489e-02   4.0380e+02
20260508_07:00:00   1.6868e-01   4.4600e+01   1.3913e+01   3.1543e-04   3.0714e-03   4.0441e+02
20260508_08:00:00   1.7778e-01   4.6668e+01   1.4139e+01   9.2424e-03   2.6595e-03   4.0410e+02
20260508_09:00:00   1.6101e-01   4.2880e+01   1.3160e+01   0.0000e+00   4.1736e-03   4.0604e+02
20260508_10:00:00   1.6031e-01   4.2712e+01   1.3014e+01   0.0000e+00   1.3095e-03   4.0516e+02
20260508_11:00:00   1.5838e-01   4.2259e+01   1.2761e+01   0.0000e+00   8.5579e-05   4.0629e+02
20260508_12:00:00   1.6091e-01   4.2793e+01   1.3202e+01   0.0000e+00   3.7589e-03   4.0582e+02
20260508_13:00:00   1.6141e-01   4.2864e+01   1.3414e+01   0.0000e+00   2.1170e-02   4.0547e+02
20260508_14:00:00   1.7414e-01   4.5721e+01   1.4782e+01   0.0000e+00   4.5776e-01   4.0477e+02
20260508_15:00:00   1.8129e-01   4.7395e+01   1.5772e+01   0.0000e+00   2.0370e-01   4.0324e+02
20260508_16:00:00   1.7768e-01   4.6677e+01   1.5227e+01   0.0000e+00   3.8581e-03   4.0886e+02
20260508_17:00:00   1.7222e-01   4.5491e+01   1.4789e+01   0.0000e+00   3.5713e-04   4.1160e+02
20260508_18:00:00   1.6935e-01   4.4941e+01   1.4423e+01   0.0000e+00   1.6269e-03   4.1340e+02
20260508_19:00:00   1.6995e-01   4.5137e+01   1.4417e+01   0.0000e+00   0.0000e+00   4.1580e+02
20260508_20:00:00   1.7703e-01   4.6810e+01   1.5198e+01   1.4046e-05   4.4080e-06   4.1454e+02
20260508_21:00:00   1.8563e-01   4.8728e+01   1.5569e+01   6.3261e-03   6.5131e-04   4.1305e+02
20260508_22:00:00   1.7523e-01   4.6437e+01   1.4959e+01   9.3020e-05   1.2334e-04   4.1313e+02
20260508_23:00:00   1.6871e-01   4.5025e+01   1.4209e+01   0.0000e+00   4.0780e-06   4.1437e+02
20260509_00:00:00   1.6397e-01   4.4003e+01   1.3655e+01   0.0000e+00   2.8300e-06   4.1864e+02
20260509_01:00:00   1.5939e-01   4.3014e+01   1.3102e+01   0.0000e+00   2.4640e-07   4.2072e+02
20260509_02:00:00   1.5949e-01   4.3041e+01   1.3203e+01   0.0000e+00   0.0000e+00   4.2402e+02
20260509_03:00:00   1.8011e-01   4.7656e+01   1.5962e+01   3.0800e-06   1.9490e-03   4.2114e+02
20260509_04:00:00   1.9640e-01   5.1422e+01   1.6924e+01   5.2080e-03   9.5318e-03   4.1506e+02
20260509_05:00:00   1.9093e-01   5.0288e+01   1.6548e+01   0.0000e+00   3.0599e-04   4.0549e+02
20260509_06:00:00   1.8806e-01   4.9578e+01   1.6343e+01   0.0000e+00   0.0000e+00   4.0148e+02
20260509_07:00:00   1.9089e-01   5.0137e+01   1.6987e+01   0.0000e+00   2.0495e-04   4.0154e+02
20260509_08:00:00   1.8449e-01   4.8724e+01   1.6234e+01   0.0000e+00   3.2913e-04   4.0183e+02
20260509_09:00:00   1.6430e-01   4.4166e+01   1.3751e+01   0.0000e+00   0.0000e+00   4.0045e+02
20260509_10:00:00   1.5908e-01   4.2903e+01   1.3289e+01   0.0000e+00   0.0000e+00   3.9821e+02
20260509_11:00:00   1.5703e-01   4.2380e+01   1.3163e+01   0.0000e+00   0.0000e+00   3.9736e+02
20260509_12:00:00   1.5209e-01   4.1169e+01   1.2776e+01   0.0000e+00   0.0000e+00   3.9650e+02
20260509_13:00:00   1.5945e-01   4.2792e+01   1.4026e+01   0.0000e+00   0.0000e+00   3.9129e+02
20260509_14:00:00   1.6432e-01   4.3881e+01   1.4720e+01   0.0000e+00   0.0000e+00   3.8818e+02
20260509_15:00:00   1.6916e-01   4.5043e+01   1.5403e+01   0.0000e+00   2.2140e-06   3.8435e+02
20260509_16:00:00   1.8092e-01   4.7807e+01   1.6858e+01   0.0000e+00   2.9722e-05   3.8257e+02
20260509_17:00:00   1.9321e-01   5.0680e+01   1.8400e+01   0.0000e+00   8.2332e-04   3.8266e+02
20260509_18:00:00   2.0410e-01   5.3182e+01   1.9782e+01   0.0000e+00   4.3852e-03   3.8090e+02
20260509_19:00:00   2.1215e-01   5.4964e+01   2.0917e+01   0.0000e+00   7.2355e-03   3.8094e+02
20260509_20:00:00   2.2698e-01   5.8214e+01   2.2030e+01   6.4180e-03   2.8058e-02   3.8077e+02
20260509_21:00:00   2.4980e-01   6.3057e+01   2.2230e+01   3.0102e-02   1.7586e-02   3.7850e+02
20260509_22:00:00   2.4024e-01   6.1095e+01   2.2978e+01   8.9433e-03   6.0663e-02   3.7797e+02
20260509_23:00:00   2.6008e-01   6.5340e+01   2.4353e+01   1.4612e-02   1.1841e-01   3.8002e+02
20260510_00:00:00   2.3726e-01   6.0291e+01   2.3310e+01   8.0080e-06   7.9056e-02   3.7878e+02
20260510_01:00:00   2.3089e-01   5.8846e+01   2.2545e+01   1.2227e-03   2.2378e-02   3.7939e+02
20260510_02:00:00   2.3687e-01   6.0032e+01   2.3035e+01   1.8148e-03   6.6458e-02   3.7605e+02
20260510_03:00:00   2.2712e-01   5.7742e+01   2.1840e+01   4.0400e-03   3.1562e-02   3.7562e+02
20260510_04:00:00   4.0160e-01   9.1972e+01   2.0995e+01   2.0553e-01   4.3414e-02   3.7595e+02
20260510_05:00:00   5.1575e-01   1.1134e+02   1.9873e+01   3.4043e-01   1.4475e-02   3.7965e+02
20260510_06:00:00   5.5778e-01   1.1771e+02   1.8584e+01   3.9744e-01   9.8990e-03   3.8140e+02
20260510_07:00:00   4.4780e-01   9.9668e+01   1.7834e+01   2.8242e-01   7.1287e-03   3.7921e+02
20260510_08:00:00   3.2726e-01   7.7466e+01   1.5872e+01   1.6552e-01   4.6511e-03   3.8177e+02
20260510_09:00:00   1.6175e-01   4.2838e+01   1.3083e+01   3.4240e-03   2.8780e-05   3.8188e+02
20260510_10:00:00   1.3995e-01   3.7764e+01   1.0708e+01   0.0000e+00   0.0000e+00   3.8508e+02
20260510_11:00:00   1.3289e-01   3.6057e+01   9.8529e+00   0.0000e+00   3.7403e-04   3.8552e+02
20260510_12:00:00   1.2872e-01   3.5007e+01   9.3435e+00   0.0000e+00   1.2138e-04   3.8665e+02
20260510_13:00:00   1.2760e-01   3.4729e+01   9.2299e+00   0.0000e+00   3.7882e-04   3.8574e+02
20260510_14:00:00   1.2724e-01   3.4647e+01   9.1580e+00   0.0000e+00   3.2389e-05   3.8749e+02
20260510_15:00:00   1.3072e-01   3.5488e+01   9.5657e+00   0.0000e+00   1.2940e-05   3.8706e+02
20260510_16:00:00   1.3883e-01   3.7380e+01   1.0561e+01   0.0000e+00   1.6184e-04   3.8566e+02
20260510_17:00:00   1.4380e-01   3.8586e+01   1.1151e+01   0.0000e+00   1.2662e-05   3.8623e+02
20260510_18:00:00   1.4638e-01   3.9271e+01   1.1292e+01   0.0000e+00   2.6944e-05   3.8319e+02
20260510_19:00:00   1.5275e-01   4.0780e+01   1.2005e+01   1.4784e-05   3.1980e-05   3.8729e+02
20260510_20:00:00   1.5534e-01   4.1412e+01   1.2423e+01   2.6020e-07   5.6960e-04   3.9017e+02
20260510_21:00:00   1.5984e-01   4.2427e+01   1.3181e+01   7.8640e-05   6.4820e-04   3.8974e+02
20260510_22:00:00   1.5763e-01   4.1979e+01   1.2746e+01   0.0000e+00   1.1766e-03   3.9512e+02
20260510_23:00:00   1.5855e-01   4.2277e+01   1.2537e+01   1.0384e-04   1.9958e-02   3.9724e+02
20260511_00:00:00   1.5788e-01   4.2180e+01   1.2248e+01   2.4900e-05   1.8965e-03   3.9766e+02
20260511_01:00:00   1.5766e-01   4.2125e+01   1.2069e+01   0.0000e+00   4.0503e-04   3.9405e+02
20260511_02:00:00   1.5902e-01   4.2395e+01   1.2023e+01   0.0000e+00   1.2176e-05   3.9309e+02
20260511_03:00:00   1.5455e-01   4.1309e+01   1.1532e+01   0.0000e+00   2.2140e-06   3.9332e+02
20260511_04:00:00   1.5093e-01   4.0423e+01   1.1188e+01   0.0000e+00   0.0000e+00   3.9530e+02
20260511_05:00:00   1.5025e-01   4.0231e+01   1.1129e+01   0.0000e+00   1.1185e-05   3.9824e+02
20260511_06:00:00   1.5362e-01   4.0984e+01   1.1474e+01   0.0000e+00   8.2603e-04   3.9851e+02
20260511_07:00:00   1.8943e-01   4.8907e+01   1.1467e+01   4.0140e-02   5.3955e-03   3.9787e+02
20260511_08:00:00   2.1688e-01   5.4778e+01   1.1277e+01   7.2860e-02   5.6220e-03   3.9732e+02
20260511_09:00:00   1.6760e-01   4.4050e+01   1.1102e+01   1.9648e-02   2.2158e-03   3.9730e+02
20260511_10:00:00   1.5798e-01   4.1875e+01   1.0444e+01   1.5428e-02   6.9706e-04   3.9719e+02
20260511_11:00:00   1.4194e-01   3.8191e+01   1.0173e+01   4.4360e-04   8.7380e-05   3.9612e+02
20260511_12:00:00   1.4004e-01   3.7727e+01   1.0031e+01   0.0000e+00   0.0000e+00   3.9738e+02
20260511_13:00:00   1.4053e-01   3.7840e+01   1.0129e+01   0.0000e+00   0.0000e+00   3.9910e+02
20260511_14:00:00   1.4217e-01   3.8235e+01   1.0348e+01   0.0000e+00   0.0000e+00   3.9614e+02
20260511_15:00:00   1.4202e-01   3.8262e+01   1.0333e+01   0.0000e+00   0.0000e+00   3.9039e+02
20260511_16:00:00   1.4322e-01   3.8620e+01   1.0454e+01   0.0000e+00   0.0000e+00   3.8497e+02
20260511_17:00:00   1.4348e-01   3.8785e+01   1.0426e+01   0.0000e+00   0.0000e+00   3.7905e+02
20260511_18:00:00   1.4150e-01   3.8439e+01   1.0137e+01   0.0000e+00   0.0000e+00   3.7886e+02
20260511_19:00:00   1.4386e-01   3.9082e+01   1.0400e+01   0.0000e+00   0.0000e+00   3.7883e+02
20260511_20:00:00   1.4676e-01   3.9826e+01   1.0840e+01   0.0000e+00   6.0004e-05   3.7398e+02
20260511_21:00:00   1.4931e-01   4.0460e+01   1.1356e+01   0.0000e+00   3.3836e-03   3.7256e+02
20260511_22:00:00   1.5503e-01   4.1823e+01   1.2272e+01   0.0000e+00   1.7380e-02   3.7460e+02
20260511_23:00:00   1.6432e-01   4.3983e+01   1.3718e+01   0.0000e+00   4.2542e-02   3.7208e+02
20260512_00:00:00   1.7655e-01   4.6809e+01   1.5396e+01   0.0000e+00   4.3275e-02   3.6945e+02
20260512_01:00:00   1.8689e-01   4.9179e+01   1.6758e+01   0.0000e+00   3.0633e-03   3.6997e+02
20260512_02:00:00   2.1015e-01   5.4426e+01   1.9524e+01   1.6604e-05   6.5540e-06   3.6798e+02
20260512_03:00:00   3.2196e-01   7.7965e+01   2.1187e+01   1.0668e-01   8.1580e-06   3.6620e+02
20260512_04:00:00   4.4477e-01   1.0073e+02   2.2682e+01   2.3307e-01   1.7838e-04   3.6249e+02
20260512_05:00:00   3.3685e-01   8.0739e+01   2.3191e+01   1.0570e-01   1.1252e-04   3.6073e+02
20260512_06:00:00   2.4555e-01   6.2454e+01   2.3297e+01   2.7680e-05   8.7620e-07   3.6122e+02
20260512_07:00:00   2.9386e-01   7.2618e+01   2.6439e+01   2.2501e-02   2.5955e-05   3.6139e+02
20260512_08:00:00   2.7744e-01   6.9334e+01   2.6718e+01   1.6532e-03   1.8092e-03   3.6226e+02
20260512_09:00:00   2.7343e-01   6.8528e+01   2.6586e+01   0.0000e+00   9.7326e-03   3.6169e+02
20260512_10:00:00   2.7461e-01   6.8647e+01   2.7250e+01   0.0000e+00   9.7333e-03   3.6201e+02
20260512_11:00:00   2.7249e-01   6.8194e+01   2.7195e+01   0.0000e+00   3.6208e-03   3.6400e+02
20260512_12:00:00   2.6271e-01   6.6113e+01   2.6429e+01   0.0000e+00   1.7551e-02   3.6745e+02
20260512_13:00:00   2.6258e-01   6.6006e+01   2.6599e+01   0.0000e+00   8.0528e-02   3.6736e+02
20260512_14:00:00   2.6003e-01   6.5587e+01   2.6524e+01   0.0000e+00   5.2071e-02   3.6665e+02
20260512_15:00:00   2.4678e-01   6.2857e+01   2.5085e+01   0.0000e+00   3.8521e-03   3.6407e+02
20260512_16:00:00   2.5275e-01   6.4331e+01   2.5691e+01   0.0000e+00   3.0388e-04   3.6743e+02
20260512_17:00:00   2.7078e-01   6.8229e+01   2.7562e+01   0.0000e+00   1.7248e-01   3.6564e+02
20260512_18:00:00   2.8700e-01   7.1785e+01   2.8697e+01   5.8240e-03   9.7954e-03   3.6413e+02
20260512_19:00:00   3.5381e-01   8.5491e+01   2.9345e+01   7.6300e-02   1.0108e-02   3.6724e+02
20260512_20:00:00   2.9833e-01   7.4461e+01   2.9519e+01   7.0880e-03   3.8709e-03   3.6762e+02
20260512_21:00:00   3.0463e-01   7.6006e+01   2.7893e+01   2.8020e-02   1.4853e-05   3.6496e+02
20260512_22:00:00   2.4815e-01   6.4314e+01   2.3549e+01   1.4418e-04   0.0000e+00   3.6685e+02
20260512_23:00:00   2.5436e-01   6.5713e+01   2.3169e+01   1.0926e-02   4.2160e-06   3.6605e+02
20260513_00:00:00   2.4730e-01   6.3828e+01   2.1374e+01   2.8260e-02   2.5558e-05   3.6598e+02
20260513_01:00:00   1.6787e-01   4.5576e+01   1.5417e+01   0.0000e+00   0.0000e+00   3.6895e+02
20260513_02:00:00   1.5166e-01   4.1634e+01   1.3283e+01   0.0000e+00   0.0000e+00   3.7016e+02
20260513_03:00:00   1.5943e-01   4.3389e+01   1.4099e+01   0.0000e+00   5.3320e-05   3.7067e+02
20260513_04:00:00   1.7766e-01   4.7616e+01   1.5757e+01   0.0000e+00   1.5378e-03   3.7246e+02
20260513_05:00:00   1.6764e-01   4.5222e+01   1.4192e+01   0.0000e+00   2.7560e-03   3.7708e+02
20260513_06:00:00   1.5058e-01   4.1176e+01   1.1680e+01   0.0000e+00   2.1280e-03   3.7930e+02
20260513_09:00:00   1.3200e-01   3.6599e+01   9.1374e+00   0.0000e+00   1.8290e-03   3.8945e+02
20260513_12:00:00   1.2815e-01   3.5549e+01   8.6126e+00   0.0000e+00   0.0000e+00   3.9144e+02
20260513_15:00:00   1.2946e-01   3.5834e+01   9.0414e+00   0.0000e+00   0.0000e+00   3.8667e+02
20260513_18:00:00   1.4626e-01   3.9970e+01   1.1261e+01   0.0000e+00   0.0000e+00   3.8527e+02
20260513_21:00:00   1.6514e-01   4.4537e+01   1.3644e+01   0.0000e+00   0.0000e+00   3.8154e+02
20260514_00:00:00   1.6373e-01   4.4263e+01   1.3644e+01   0.0000e+00   0.0000e+00   3.7861e+02
20260514_03:00:00   1.6783e-01   4.5074e+01   1.4597e+01   0.0000e+00   5.5340e-06   3.7506e+02
20260514_06:00:00   1.7486e-01   4.6586e+01   1.5315e+01   0.0000e+00   0.0000e+00   3.7215e+02
20260514_09:00:00   1.9403e-01   5.0792e+01   1.7743e+01   0.0000e+00   3.7720e-05   3.7059e+02
20260514_12:00:00   2.0853e-01   5.4035e+01   2.0437e+01   0.0000e+00   7.7737e-02   3.6975e+02
20260514_15:00:00   2.3444e-01   5.9595e+01   2.3669e+01   6.4340e-06   5.7030e-02   3.6581e+02
20260514_18:00:00   3.5268e-01   8.3703e+01   2.8081e+01   8.8263e-02   5.0662e-01   3.5659e+02
20260514_21:00:00   4.7519e-01   1.0541e+02   2.7640e+01   2.3046e-01   1.0010e-01   3.5329e+02
20260515_00:00:00   3.1599e-01   7.7458e+01   3.2025e+01   2.4689e-03   6.2434e-03   3.5309e+02
20260515_03:00:00   3.0723e-01   7.5844e+01   3.1148e+01   6.1600e-07   4.2875e-04   3.4777e+02
20260515_06:00:00   7.2317e-01   1.4597e+02   3.3477e+01   4.6367e-01   2.7908e-05   3.4766e+02
20260515_09:00:00   6.0209e-01   1.2881e+02   3.3445e+01   3.0801e-01   0.0000e+00   3.5159e+02
20260515_12:00:00   3.4005e-01   8.3118e+01   3.1906e+01   1.4004e-02   0.0000e+00   3.5153e+02
20260515_15:00:00   3.2994e-01   8.1282e+01   3.1744e+01   4.7936e-03   5.5340e-06   3.4962e+02
20260515_18:00:00   3.6463e-01   8.8476e+01   3.4275e+01   2.7022e-02   3.7338e-04   3.4748e+02
20260515_21:00:00   4.4024e-01   1.0311e+02   3.5987e+01   1.0822e-01   1.1523e-03   3.4883e+02
20260516_00:00:00   3.8369e-01   9.2267e+01   3.8060e+01   1.1928e-02   1.6604e-02   3.5007e+02
20260516_03:00:00   4.7407e-01   1.0887e+02   3.8253e+01   1.2176e-01   1.3540e-04   3.5195e+02
20260516_06:00:00   5.6520e-01   1.2401e+02   4.2378e+01   1.8116e-01   9.4955e-02   3.5032e+02
20260516_09:00:00   1.1862e+00   1.9859e+02   4.4985e+01   8.9942e-01   1.8051e-02   3.4470e+02
20260516_12:00:00   5.4659e-01   1.2121e+02   4.2570e+01   1.5108e-01   3.0775e-01   3.4881e+02
20260516_15:00:00   9.3555e-01   1.7128e+02   4.2628e+01   6.0302e-01   8.8980e-01   3.4606e+02
20260516_18:00:00   1.8511e+00   2.3728e+02   4.4819e+01   1.6431e+00   7.6915e-01   3.4615e+02
20260516_21:00:00   6.2625e-01   1.3359e+02   4.1208e+01   2.5340e-01   2.5526e-03   3.4499e+02
20260517_00:00:00   7.7450e-01   1.5449e+02   3.7568e+01   4.6686e-01   5.0382e-04   3.4552e+02
20260517_03:00:00   6.0636e-01   1.3087e+02   3.3902e+01   3.1369e-01   9.1920e-05   3.4315e+02
20260517_06:00:00   7.1872e-01   1.4779e+02   3.1383e+01   4.9203e-01   6.7505e-03   3.3961e+02
20260517_09:00:00   5.5026e-01   1.2235e+02   3.0314e+01   2.9232e-01   1.5912e-03   3.3407e+02
20260517_12:00:00   7.4670e-01   1.5155e+02   2.9296e+01   5.3965e-01   0.0000e+00   3.3982e+02
20260517_15:00:00   3.2767e-01   8.1349e+01   2.6845e+01   3.8490e-02   1.4017e-04   3.3797e+02
20260517_18:00:00   3.7643e-01   9.1439e+01   2.5034e+01   1.1932e-01   1.4696e-04   3.4040e+02
20260517_21:00:00   4.4041e-01   1.0360e+02   2.6988e+01   1.9245e-01   1.9870e-05   3.4004e+02
20260518_00:00:00   3.9798e-01   9.5406e+01   3.0353e+01   1.2336e-01   1.8653e-04   3.4581e+02
20260518_03:00:00   3.7185e-01   9.0360e+01   2.8767e+01   1.0236e-01   0.0000e+00   3.5689e+02
20260518_06:00:00   2.7767e-01   7.1036e+01   2.6977e+01   1.3272e-04   2.4223e-04   3.4556e+02
20260518_09:00:00   2.9141e-01   7.3778e+01   2.8709e+01   0.0000e+00   2.2845e-03   3.4299e+02
20260518_12:00:00   2.8735e-01   7.2910e+01   2.8446e+01   0.0000e+00   3.0560e-03   3.3654e+02
20260518_15:00:00   2.8073e-01   7.1624e+01   2.7979e+01   0.0000e+00   7.9852e-03   3.3649e+02
20260518_18:00:00   3.0973e-01   7.7753e+01   3.1798e+01   3.0740e-05   8.3792e-02   3.4118e+02
20260518_21:00:00   3.2092e-01   8.0505e+01   3.2539e+01   0.0000e+00   3.3453e-03   3.4228e+02
20260519_00:00:00   3.2167e-01   8.0881e+01   3.2207e+01   0.0000e+00   4.2780e-05   3.4418e+02
20260519_03:00:00   3.1913e-01   8.0460e+01   3.0965e+01   0.0000e+00   7.3180e-04   3.4684e+02
20260519_06:00:00   3.1549e-01   7.9543e+01   3.0816e+01   0.0000e+00   3.2481e-05   3.4848e+02
20260519_09:00:00   3.1292e-01   7.8940e+01   3.0278e+01   0.0000e+00   0.0000e+00   3.4683e+02
20260519_12:00:00   2.9735e-01   7.5655e+01   2.8521e+01   0.0000e+00   0.0000e+00   3.4797e+02
20260519_15:00:00   3.1394e-01   7.9324e+01   2.9843e+01   0.0000e+00   0.0000e+00   3.4598e+02
20260519_18:00:00   3.1577e-01   7.9983e+01   3.0838e+01   0.0000e+00   1.1828e-04   3.3675e+02
20260519_21:00:00   3.9781e-01   9.5800e+01   3.9143e+01   2.0205e-02   7.3374e-02   3.3622e+02
20260520_00:00:00   1.1261e+00   1.9076e+02   5.1449e+01   7.1886e-01   1.2508e+00   3.2101e+02
20260520_03:00:00   4.8655e-01   1.0979e+02   4.1367e+01   1.1480e-01   1.5451e+00   3.1718e+02
20260520_06:00:00   5.6476e-01   1.2304e+02   4.4286e+01   1.7036e-01   7.3870e-01   3.2185e+02
20260520_09:00:00   4.6682e-01   1.0711e+02   4.2964e+01   7.0984e-02   1.4439e+00   3.2241e+02
20260520_12:00:00   4.3188e-01   1.0249e+02   4.3502e+01   0.0000e+00   1.8800e-03   3.3581e+02
20260520_15:00:00   4.0484e-01   9.7724e+01   4.0854e+01   0.0000e+00   1.9806e-02   3.2768e+02
20260520_18:00:00   3.8603e-01   9.4689e+01   3.8513e+01   0.0000e+00   6.7261e-03   3.2218e+02
20260520_21:00:00   3.8100e-01   9.3851e+01   3.7948e+01   0.0000e+00   0.0000e+00   3.2189e+02
20260521_00:00:00   3.6004e-01   8.9819e+01   3.5544e+01   0.0000e+00   0.0000e+00   3.2427e+02
20260521_03:00:00   3.4997e-01   8.7473e+01   3.4670e+01   0.0000e+00   1.8883e-02   3.2315e+02
20260521_06:00:00   3.6908e-01   9.1029e+01   3.6003e+01   0.0000e+00   1.5497e-02   3.2228e+02
20260521_09:00:00   3.1916e-01   8.0706e+01   3.2080e+01   0.0000e+00   7.4822e-03   3.1965e+02
20260521_12:00:00   3.0785e-01   7.8318e+01   3.1017e+01   0.0000e+00   6.1502e-03   3.2295e+02
20260521_15:00:00   2.9933e-01   7.6614e+01   3.1064e+01   0.0000e+00   2.2774e-02   3.2304e+02
20260521_18:00:00   3.5684e-01   8.8659e+01   3.6169e+01   0.0000e+00   1.3489e-02   3.2309e+02
20260521_21:00:00   3.9332e-01   9.6228e+01   3.8352e+01   1.0410e-02   9.5059e-03   3.2428e+02
20260522_00:00:00   3.8159e-01   9.3907e+01   3.7644e+01   1.0422e-04   1.1162e-03   3.2364e+02
20260522_03:00:00   3.9426e-01   9.6234e+01   3.8087e+01   0.0000e+00   0.0000e+00   3.1588e+02
20260522_06:00:00   3.9942e-01   9.6962e+01   3.8395e+01   0.0000e+00   0.0000e+00   3.1252e+02
20260522_09:00:00   4.2859e-01   1.0219e+02   4.1062e+01   0.0000e+00   1.6978e-04   3.1251e+02
20260522_12:00:00   4.7202e-01   1.0973e+02   4.2760e+01   2.5077e-02   1.4342e-03   3.1007e+02
20260522_15:00:00   4.3494e-01   1.0340e+02   3.9975e+01   2.3299e-02   6.1697e-03   3.1240e+02
20260522_18:00:00   4.5935e-01   1.0812e+02   4.1646e+01   3.7932e-02   1.3230e-02   3.1184e+02
20260522_21:00:00   7.4652e-01   1.5372e+02   4.5171e+01   3.6160e-01   1.2786e-03   3.1251e+02
20260523_00:00:00   4.7942e-01   1.1185e+02   4.6602e+01   1.3542e-03   4.3897e-04   3.1142e+02
20260523_03:00:00   4.6460e-01   1.0916e+02   4.5641e+01   2.4279e-03   2.0677e-03   3.0960e+02
20260523_06:00:00   3.8831e-01   9.4957e+01   3.8890e+01   0.0000e+00   9.7189e-03   3.1054e+02
20260523_09:00:00   4.2687e-01   1.0192e+02   4.4753e+01   0.0000e+00   1.6246e-04   3.0464e+02
20260523_12:00:00   3.7939e-01   9.2611e+01   4.0422e+01   0.0000e+00   2.5574e-03   3.0699e+02
20260523_15:00:00   3.3499e-01   8.3980e+01   3.5803e+01   0.0000e+00   0.0000e+00   3.0821e+02
20260523_18:00:00   3.3323e-01   8.4223e+01   3.5347e+01   0.0000e+00   1.1126e-05   3.0525e+02
20260523_21:00:00   3.3864e-01   8.5566e+01   3.5857e+01   0.0000e+00   2.0524e-04   3.0624e+02
20260524_00:00:00   3.4571e-01   8.7039e+01   3.5602e+01   0.0000e+00   0.0000e+00   3.0687e+02
20260524_03:00:00   2.9738e-01   7.6674e+01   3.0506e+01   0.0000e+00   1.7842e-04   3.0601e+02
20260524_06:00:00   3.7191e-01   9.1578e+01   3.7779e+01   0.0000e+00   1.3559e-01   3.0315e+02
