#            date       tau255        Tb[K]      pwv[mm] lwp[kg*m^-2] iwp[kg*m^-2]       o3[DU]
20260506_18:00:00   1.5738e-01   4.0976e+01   8.9338e+00   2.9280e-02   1.1702e-02   4.2219e+02
20260506_19:00:00   1.3638e-01   3.6290e+01   9.1482e+00   3.7520e-03   1.6337e-02   4.2454e+02
20260506_20:00:00   1.4032e-01   3.7196e+01   9.2042e+00   7.3962e-03   1.8763e-02   4.2267e+02
20260506_21:00:00   1.3207e-01   3.5359e+01   8.9017e+00   5.3320e-05   6.7699e-03   4.1856e+02
20260506_22:00:00   1.2837e-01   3.4541e+01   8.3224e+00   2.4640e-06   2.2473e-03   4.2598e+02
20260506_23:00:00   1.2789e-01   3.4468e+01   8.2968e+00   0.0000e+00   3.4627e-05   4.4344e+02
20260507_00:00:00   1.2737e-01   3.4366e+01   8.2692e+00   0.0000e+00   4.1886e-05   4.5119e+02
20260507_01:00:00   1.2640e-01   3.4137e+01   8.2360e+00   0.0000e+00   4.1820e-06   4.4773e+02
20260507_02:00:00   1.2635e-01   3.4107e+01   8.2812e+00   0.0000e+00   7.1802e-05   4.4819e+02
20260507_03:00:00   1.2446e-01   3.3670e+01   8.0180e+00   0.0000e+00   1.9952e-05   4.4667e+02
20260507_04:00:00   1.2416e-01   3.3581e+01   7.9867e+00   0.0000e+00   1.0632e-05   4.4676e+02
20260507_05:00:00   1.2610e-01   3.4009e+01   8.2350e+00   0.0000e+00   4.0780e-06   4.4850e+02
20260507_06:00:00   1.2802e-01   3.4441e+01   8.4660e+00   0.0000e+00   8.1570e-06   4.5229e+02
20260507_07:00:00   1.3088e-01   3.5087e+01   8.8453e+00   0.0000e+00   8.2610e-06   4.5207e+02
20260507_08:00:00   1.3448e-01   3.5913e+01   9.2773e+00   0.0000e+00   5.2722e-04   4.4805e+02
20260507_09:00:00   1.3629e-01   3.6323e+01   9.4705e+00   0.0000e+00   6.4787e-03   4.4701e+02
20260507_10:00:00   1.4037e-01   3.7251e+01   9.9580e+00   0.0000e+00   5.3596e-02   4.4978e+02
20260507_11:00:00   1.4155e-01   3.7525e+01   1.0038e+01   0.0000e+00   9.6477e-02   4.4893e+02
20260507_12:00:00   1.4106e-01   3.7451e+01   1.0061e+01   0.0000e+00   2.8958e-02   4.4743e+02
20260507_13:00:00   1.4169e-01   3.7687e+01   1.0175e+01   7.1740e-05   2.5373e-03   4.4469e+02
20260507_14:00:00   1.4503e-01   3.8528e+01   1.0544e+01   0.0000e+00   3.1087e-02   4.4175e+02
20260507_15:00:00   1.5563e-01   4.0991e+01   1.1697e+01   0.0000e+00   1.3778e-01   4.4058e+02
20260507_16:00:00   1.6099e-01   4.2290e+01   1.2462e+01   0.0000e+00   1.3349e-01   4.3737e+02
20260507_17:00:00   1.7547e-01   4.5623e+01   1.3909e+01   3.7875e-04   3.5800e-01   4.3194e+02
20260507_18:00:00   2.0062e-01   5.1311e+01   1.5222e+01   1.3125e-02   4.7183e-01   4.2463e+02
20260507_19:00:00   1.7776e-01   4.6437e+01   1.4153e+01   7.4760e-04   2.5284e-02   4.2390e+02
20260507_20:00:00   2.1144e-01   5.4106e+01   1.4948e+01   3.0004e-02   5.6822e-03   4.2114e+02
20260507_21:00:00   8.4581e-01   1.5560e+02   1.7340e+01   7.1910e-01   5.1842e-01   4.1515e+02
20260507_22:00:00   1.8962e-01   4.9443e+01   1.5054e+01   3.4717e-03   1.6209e-04   4.1123e+02
20260507_23:00:00   1.7758e-01   4.6830e+01   1.4183e+01   6.1285e-05   2.5040e-04   4.0686e+02
20260508_00:00:00   1.9761e-01   5.1260e+01   1.5113e+01   1.5581e-02   1.2208e-02   4.0264e+02
20260508_01:00:00   1.6986e-01   4.5089e+01   1.3495e+01   0.0000e+00   3.5040e-07   4.0324e+02
20260508_02:00:00   1.6617e-01   4.4241e+01   1.3087e+01   0.0000e+00   4.0780e-06   4.0170e+02
20260508_03:00:00   1.5677e-01   4.2045e+01   1.2136e+01   0.0000e+00   3.7280e-06   3.9717e+02
20260508_04:00:00   1.5457e-01   4.1456e+01   1.2176e+01   0.0000e+00   0.0000e+00   3.9410e+02
20260508_05:00:00   1.5168e-01   4.0748e+01   1.2012e+01   0.0000e+00   2.4952e-04   3.9537e+02
20260508_06:00:00   1.5039e-01   4.0426e+01   1.1876e+01   0.0000e+00   2.4889e-04   3.9633e+02
20260508_07:00:00   1.5022e-01   4.0387e+01   1.1849e+01   0.0000e+00   4.0829e-03   3.9839e+02
20260508_08:00:00   1.4914e-01   4.0091e+01   1.1889e+01   0.0000e+00   1.2664e-02   4.0280e+02
20260508_09:00:00   1.5395e-01   4.1160e+01   1.2724e+01   0.0000e+00   9.9504e-03   4.0379e+02
20260508_10:00:00   1.5940e-01   4.2385e+01   1.3604e+01   0.0000e+00   1.0271e-02   4.0126e+02
20260508_11:00:00   1.6797e-01   4.4270e+01   1.4758e+01   0.0000e+00   2.0905e-01   3.9984e+02
20260508_12:00:00   1.7668e-01   4.6177e+01   1.5873e+01   0.0000e+00   4.6534e-01   3.9804e+02
20260508_13:00:00   2.0888e-01   5.3412e+01   1.9222e+01   2.7680e-05   4.2199e-01   3.9408e+02
20260508_14:00:00   2.7317e-01   6.7088e+01   2.0627e+01   5.7449e-02   3.7787e-01   3.9720e+02
20260508_15:00:00   2.3525e-01   5.9213e+01   2.0253e+01   1.9374e-02   1.4803e-01   4.0068e+02
20260508_16:00:00   2.1238e-01   5.4296e+01   1.9459e+01   0.0000e+00   5.9288e-03   4.0033e+02
20260508_17:00:00   2.0860e-01   5.3576e+01   1.8934e+01   0.0000e+00   5.0303e-03   4.0270e+02
20260508_18:00:00   1.9982e-01   5.1736e+01   1.7896e+01   1.8982e-04   2.7725e-02   4.0618e+02
20260508_19:00:00   2.0220e-01   5.2387e+01   1.7832e+01   1.9049e-03   9.4452e-03   4.0657e+02
20260508_20:00:00   2.3853e-01   6.0405e+01   1.8587e+01   3.5066e-02   2.1764e-04   4.0801e+02
20260508_21:00:00   2.6452e-01   6.5886e+01   1.8895e+01   6.0090e-02   3.4075e-04   4.0438e+02
20260508_22:00:00   2.3089e-01   5.8890e+01   1.8343e+01   2.3225e-02   5.7620e-04   4.0175e+02
20260508_23:00:00   2.0197e-01   5.2719e+01   1.7296e+01   5.2020e-07   5.2958e-05   4.0225e+02
20260509_00:00:00   2.0278e-01   5.2915e+01   1.7407e+01   0.0000e+00   2.6697e-05   4.0906e+02
20260509_01:00:00   1.9798e-01   5.1875e+01   1.6766e+01   0.0000e+00   2.0403e-04   4.1448e+02
20260509_02:00:00   1.9095e-01   5.0307e+01   1.6101e+01   3.9020e-06   6.5662e-05   4.1958e+02
20260509_03:00:00   1.9209e-01   5.0497e+01   1.6420e+01   5.3220e-04   1.2648e-04   4.1804e+02
20260509_04:00:00   1.9403e-01   5.0911e+01   1.6660e+01   3.7213e-04   7.1867e-04   4.1440e+02
20260509_05:00:00   1.9042e-01   5.0120e+01   1.6307e+01   1.8350e-04   3.4425e-03   4.0905e+02
20260509_06:00:00   1.7100e-01   4.5708e+01   1.4271e+01   0.0000e+00   8.7620e-07   4.0036e+02
20260509_07:00:00   1.6617e-01   4.4554e+01   1.3697e+01   0.0000e+00   0.0000e+00   3.9820e+02
20260509_08:00:00   1.6733e-01   4.4846e+01   1.3809e+01   0.0000e+00   0.0000e+00   3.9730e+02
20260509_09:00:00   1.6432e-01   4.4203e+01   1.3431e+01   0.0000e+00   0.0000e+00   3.9727e+02
20260509_10:00:00   1.4994e-01   4.0790e+01   1.1907e+01   0.0000e+00   0.0000e+00   3.9740e+02
20260509_11:00:00   1.5111e-01   4.0989e+01   1.2338e+01   0.0000e+00   0.0000e+00   3.8896e+02
20260509_12:00:00   1.6187e-01   4.3483e+01   1.3752e+01   0.0000e+00   0.0000e+00   3.8908e+02
20260509_13:00:00   1.6298e-01   4.3787e+01   1.3907e+01   0.0000e+00   0.0000e+00   3.8402e+02
20260509_14:00:00   1.6874e-01   4.5188e+01   1.4768e+01   0.0000e+00   0.0000e+00   3.7926e+02
20260509_15:00:00   1.7518e-01   4.6726e+01   1.5732e+01   0.0000e+00   1.2533e-05   3.7775e+02
20260509_16:00:00   1.8971e-01   5.0095e+01   1.7630e+01   0.0000e+00   1.4860e-05   3.7504e+02
20260509_17:00:00   1.9725e-01   5.1848e+01   1.8785e+01   0.0000e+00   1.7667e-04   3.7136e+02
20260509_18:00:00   2.0918e-01   5.4615e+01   2.0116e+01   0.0000e+00   1.0245e-05   3.6930e+02
20260509_19:00:00   2.3217e-01   5.9574e+01   2.1879e+01   1.0646e-02   2.4723e-03   3.6843e+02
20260509_20:00:00   4.6360e-01   1.0354e+02   2.2942e+01   2.6211e-01   2.2280e-02   3.6800e+02
20260509_21:00:00   3.7197e-01   8.7459e+01   2.3032e+01   1.5641e-01   1.4315e-02   3.7053e+02
20260509_22:00:00   2.4326e-01   6.1996e+01   2.3720e+01   4.5513e-04   9.2763e-03   3.7258e+02
20260509_23:00:00   2.4550e-01   6.2240e+01   2.3722e+01   1.8778e-03   4.9420e-03   3.7414e+02
20260510_00:00:00   3.4186e-01   8.1438e+01   2.3309e+01   1.1397e-01   3.3515e-02   3.7408e+02
20260510_01:00:00   4.9634e-01   1.0881e+02   2.2224e+01   2.9855e-01   5.4140e-03   3.7593e+02
20260510_02:00:00   2.2482e-01   5.7222e+01   2.1627e+01   8.5740e-05   1.7344e-02   3.7571e+02
20260510_03:00:00   2.0470e-01   5.2659e+01   1.9362e+01   0.0000e+00   6.2055e-03   3.7106e+02
20260510_04:00:00   1.8723e-01   4.8659e+01   1.6959e+01   3.7577e-03   3.8929e-03   3.7099e+02
20260510_05:00:00   2.0012e-01   5.1438e+01   1.6126e+01   2.5100e-02   3.5601e-03   3.7143e+02
20260510_06:00:00   1.5056e-01   4.0238e+01   1.2592e+01   0.0000e+00   1.1355e-02   3.7349e+02
20260510_07:00:00   1.3641e-01   3.6948e+01   1.0444e+01   0.0000e+00   1.2914e-02   3.7700e+02
20260510_08:00:00   1.3499e-01   3.6597e+01   1.0080e+01   0.0000e+00   1.7415e-02   3.7939e+02
20260510_09:00:00   1.3934e-01   3.7568e+01   1.0501e+01   0.0000e+00   3.1491e-03   3.8098e+02
20260510_10:00:00   1.4167e-01   3.8049e+01   1.0847e+01   0.0000e+00   8.7864e-03   3.8367e+02
20260510_11:00:00   1.3655e-01   3.6810e+01   1.0219e+01   0.0000e+00   5.1675e-03   3.8866e+02
20260510_12:00:00   1.2973e-01   3.5183e+01   9.3600e+00   0.0000e+00   1.9810e-03   3.8927e+02
20260510_13:00:00   1.2868e-01   3.4909e+01   9.1741e+00   0.0000e+00   1.4296e-03   3.8952e+02
20260510_14:00:00   1.3044e-01   3.5347e+01   9.3299e+00   0.0000e+00   0.0000e+00   3.8620e+02
20260510_15:00:00   1.3283e-01   3.5946e+01   9.5603e+00   0.0000e+00   0.0000e+00   3.8476e+02
20260510_16:00:00   1.3739e-01   3.7056e+01   9.9901e+00   0.0000e+00   0.0000e+00   3.8476e+02
20260510_17:00:00   1.3994e-01   3.7691e+01   1.0251e+01   0.0000e+00   0.0000e+00   3.8579e+02
20260510_18:00:00   1.4215e-01   3.8230e+01   1.0547e+01   0.0000e+00   0.0000e+00   3.8683e+02
20260510_19:00:00   1.4097e-01   3.7975e+01   1.0455e+01   0.0000e+00   0.0000e+00   3.8381e+02
20260510_20:00:00   1.3702e-01   3.7059e+01   1.0015e+01   0.0000e+00   0.0000e+00   3.8371e+02
20260510_21:00:00   1.3456e-01   3.6489e+01   9.7333e+00   0.0000e+00   0.0000e+00   3.8591e+02
20260510_22:00:00   1.3407e-01   3.6376e+01   9.6467e+00   0.0000e+00   0.0000e+00   3.9148e+02
20260510_23:00:00   1.3628e-01   3.6896e+01   9.8472e+00   0.0000e+00   0.0000e+00   3.9012e+02
20260511_00:00:00   1.3644e-01   3.6961e+01   9.5956e+00   0.0000e+00   0.0000e+00   3.8930e+02
20260511_01:00:00   1.3420e-01   3.6428e+01   9.2726e+00   0.0000e+00   0.0000e+00   3.8848e+02
20260511_02:00:00   1.3424e-01   3.6409e+01   9.2803e+00   0.0000e+00   0.0000e+00   3.9241e+02
20260511_03:00:00   1.3461e-01   3.6475e+01   9.3014e+00   0.0000e+00   0.0000e+00   3.9249e+02
20260511_04:00:00   1.3513e-01   3.6556e+01   9.3792e+00   0.0000e+00   3.8320e-06   3.9247e+02
20260511_05:00:00   1.3599e-01   3.6713e+01   9.5102e+00   0.0000e+00   6.7000e-06   3.9296e+02
20260511_06:00:00   1.3721e-01   3.6973e+01   9.6897e+00   0.0000e+00   3.8033e-05   3.9406e+02
20260511_07:00:00   1.3779e-01   3.7087e+01   9.7222e+00   0.0000e+00   3.5040e-07   3.9472e+02
20260511_08:00:00   1.3715e-01   3.6919e+01   9.5896e+00   0.0000e+00   0.0000e+00   3.9388e+02
20260511_09:00:00   1.3356e-01   3.6083e+01   9.0812e+00   0.0000e+00   0.0000e+00   3.9410e+02
20260511_10:00:00   1.3083e-01   3.5440e+01   8.6759e+00   0.0000e+00   0.0000e+00   3.9530e+02
20260511_11:00:00   1.3173e-01   3.5646e+01   8.7191e+00   0.0000e+00   5.5340e-06   3.9712e+02
20260511_12:00:00   1.3232e-01   3.5788e+01   8.7601e+00   0.0000e+00   0.0000e+00   3.9759e+02
20260511_13:00:00   1.3290e-01   3.5948e+01   8.8005e+00   0.0000e+00   0.0000e+00   3.9856e+02
20260511_14:00:00   1.3347e-01   3.6130e+01   8.8894e+00   0.0000e+00   0.0000e+00   3.9904e+02
20260511_15:00:00   1.3519e-01   3.6591e+01   9.1499e+00   0.0000e+00   0.0000e+00   3.9361e+02
20260511_16:00:00   1.3742e-01   3.7177e+01   9.4916e+00   0.0000e+00   0.0000e+00   3.8856e+02
20260511_17:00:00   1.4346e-01   3.8645e+01   1.0277e+01   0.0000e+00   0.0000e+00   3.8638e+02
20260511_18:00:00   1.4868e-01   3.9935e+01   1.1036e+01   0.0000e+00   0.0000e+00   3.8553e+02
20260511_21:00:00   1.6851e-01   4.4686e+01   1.3252e+01   4.9740e-03   2.9500e-04   3.8289e+02
20260512_00:00:00   1.8139e-01   4.7781e+01   1.5733e+01   0.0000e+00   3.7042e-03   3.7777e+02
20260512_03:00:00   2.3119e-01   5.8944e+01   1.7906e+01   3.5040e-02   5.0262e-04   3.7669e+02
20260512_06:00:00   2.4802e-01   6.2501e+01   2.3140e+01   1.1069e-02   8.5487e-02   3.7852e+02
20260512_09:00:00   3.0094e-01   7.3572e+01   2.7028e+01   2.8981e-02   1.0408e-01   3.7291e+02
20260512_12:00:00   3.7846e-01   8.8435e+01   2.8242e+01   1.0591e-01   7.0072e-01   3.6926e+02
20260512_15:00:00   2.5394e-01   6.3972e+01   2.5610e+01   0.0000e+00   3.3081e-02   3.6784e+02
20260512_18:00:00   3.2283e-01   7.8743e+01   2.7701e+01   5.3814e-02   3.3843e-02   3.6652e+02
20260512_21:00:00   4.3221e-01   1.0035e+02   2.7560e+01   1.7702e-01   0.0000e+00   3.7075e+02
20260513_00:00:00   2.5560e-01   6.5763e+01   2.4666e+01   3.0800e-06   1.8654e-03   3.7257e+02
20260513_03:00:00   4.0674e-01   9.5077e+01   2.7020e+01   1.3911e-01   2.9358e-04   3.6894e+02
20260513_06:00:00   2.0528e-01   5.4282e+01   1.8555e+01   0.0000e+00   3.6223e-03   3.8314e+02
20260513_09:00:00   1.6144e-01   4.3831e+01   1.3797e+01   0.0000e+00   5.9420e-05   3.8738e+02
20260513_12:00:00   1.6655e-01   4.4781e+01   1.4304e+01   0.0000e+00   0.0000e+00   3.9054e+02
20260513_15:00:00   1.6115e-01   4.3548e+01   1.3064e+01   0.0000e+00   0.0000e+00   3.8996e+02
20260513_18:00:00   1.5389e-01   4.1876e+01   1.2319e+01   0.0000e+00   1.2477e-03   3.9085e+02
20260513_21:00:00   1.5499e-01   4.2125e+01   1.2685e+01   0.0000e+00   6.8625e-02   3.8439e+02
20260514_00:00:00   1.7819e-01   4.7527e+01   1.5225e+01   0.0000e+00   5.0717e-02   3.8593e+02
20260514_03:00:00   1.7416e-01   4.6315e+01   1.4335e+01   0.0000e+00   1.6327e-02   3.8721e+02
20260514_06:00:00   1.5681e-01   4.2080e+01   1.2122e+01   0.0000e+00   6.4711e-03   3.9132e+02
20260514_09:00:00   1.5594e-01   4.1850e+01   1.1779e+01   0.0000e+00   5.0602e-04   3.9069e+02
20260514_12:00:00   1.4397e-01   3.8994e+01   1.0103e+01   0.0000e+00   0.0000e+00   3.9918e+02
20260514_15:00:00   1.4520e-01   3.9376e+01   1.0302e+01   0.0000e+00   0.0000e+00   3.9673e+02
20260514_18:00:00   1.5405e-01   4.1659e+01   1.1731e+01   0.0000e+00   0.0000e+00   3.7045e+02
20260514_21:00:00   1.5034e-01   4.0994e+01   1.1594e+01   0.0000e+00   5.3600e-04   3.6612e+02
20260515_00:00:00   1.5445e-01   4.2047e+01   1.2226e+01   0.0000e+00   1.4860e-05   3.6237e+02
20260515_03:00:00   1.5694e-01   4.2564e+01   1.2857e+01   0.0000e+00   0.0000e+00   3.5258e+02
20260515_06:00:00   1.6283e-01   4.3890e+01   1.3501e+01   0.0000e+00   0.0000e+00   3.4743e+02
20260515_09:00:00   1.6220e-01   4.3708e+01   1.3655e+01   0.0000e+00   0.0000e+00   3.4236e+02
20260515_12:00:00   1.5651e-01   4.2400e+01   1.3004e+01   0.0000e+00   0.0000e+00   3.4067e+02
20260515_15:00:00   1.6819e-01   4.5271e+01   1.4403e+01   0.0000e+00   0.0000e+00   3.3679e+02
20260515_18:00:00   2.4812e-01   6.3140e+01   2.1948e+01   2.8165e-02   8.5559e-04   3.4089e+02
20260515_21:00:00   2.3981e-01   6.1969e+01   2.3551e+01   0.0000e+00   0.0000e+00   3.4284e+02
20260516_00:00:00   2.3583e-01   6.1472e+01   2.2855e+01   0.0000e+00   0.0000e+00   3.4599e+02
20260516_03:00:00   2.3400e-01   6.1170e+01   2.2286e+01   0.0000e+00   0.0000e+00   3.5264e+02
20260516_06:00:00   2.6900e-01   6.9029e+01   2.5343e+01   0.0000e+00   0.0000e+00   3.5035e+02
20260516_09:00:00   2.8976e-01   7.3751e+01   2.7352e+01   0.0000e+00   0.0000e+00   3.4822e+02
20260516_12:00:00   3.1751e-01   7.9676e+01   2.9353e+01   0.0000e+00   0.0000e+00   3.4543e+02
20260516_15:00:00   3.0851e-01   7.8140e+01   2.8354e+01   0.0000e+00   3.0800e-06   3.4710e+02
20260516_18:00:00   3.2646e-01   8.2311e+01   3.0510e+01   0.0000e+00   0.0000e+00   3.4975e+02
20260516_21:00:00   3.3071e-01   8.3357e+01   3.1440e+01   9.5820e-06   0.0000e+00   3.5122e+02
20260517_00:00:00   4.2901e-01   1.0222e+02   3.3850e+01   9.0720e-02   0.0000e+00   3.5046e+02
20260517_03:00:00   3.5541e-01   8.8045e+01   3.5471e+01   0.0000e+00   1.1068e-05   3.4946e+02
20260517_06:00:00   3.2433e-01   8.1521e+01   3.2475e+01   0.0000e+00   0.0000e+00   3.5187e+02
20260517_09:00:00   3.3394e-01   8.3406e+01   3.3005e+01   0.0000e+00   0.0000e+00   3.5219e+02
20260517_12:00:00   3.2677e-01   8.1842e+01   3.2076e+01   0.0000e+00   0.0000e+00   3.5152e+02
20260517_15:00:00   3.2474e-01   8.1539e+01   3.1958e+01   0.0000e+00   0.0000e+00   3.5108e+02
20260517_18:00:00   3.4361e-01   8.5516e+01   3.4507e+01   0.0000e+00   1.1099e-02   3.5128e+02
20260517_21:00:00   3.5045e-01   8.6621e+01   3.5955e+01   0.0000e+00   2.1808e-01   3.4815e+02
20260518_00:00:00   3.8067e-01   9.2436e+01   3.9381e+01   1.8988e-05   8.3545e-02   3.4742e+02
20260518_03:00:00   4.0928e-01   9.7592e+01   4.2256e+01   0.0000e+00   6.1832e-04   3.4631e+02
20260518_06:00:00   3.9451e-01   9.4646e+01   4.0668e+01   5.1778e-04   9.4695e-02   3.4685e+02
20260518_09:00:00   4.0497e-01   9.6665e+01   4.0869e+01   1.8853e-06   3.4820e-05   3.4624e+02
20260518_12:00:00   4.6514e-01   1.0771e+02   4.0921e+01   7.0706e-02   3.9540e-05   3.4681e+02
20260518_15:00:00   4.7421e-01   1.0893e+02   4.4058e+01   4.8671e-02   6.3664e-03   3.4148e+02
20260518_18:00:00   8.4042e-01   1.6247e+02   4.8105e+01   4.4201e-01   5.2739e-02   3.3912e+02
20260518_21:00:00   4.7631e-01   1.0955e+02   4.5167e+01   3.4762e-02   4.7949e-04   3.3783e+02
20260519_00:00:00   4.1556e-01   9.9171e+01   4.0536e+01   0.0000e+00   8.0710e-03   3.3428e+02
20260519_03:00:00   3.1156e-01   7.8967e+01   2.8057e+01   0.0000e+00   0.0000e+00   3.4619e+02
20260519_06:00:00   2.5166e-01   6.5829e+01   2.2228e+01   0.0000e+00   0.0000e+00   3.3867e+02
20260519_09:00:00   2.1715e-01   5.7843e+01   1.9426e+01   0.0000e+00   0.0000e+00   3.3762e+02
20260519_12:00:00   1.9191e-01   5.1826e+01   1.7616e+01   0.0000e+00   5.3766e-03   3.4161e+02
20260519_15:00:00   2.0673e-01   5.5032e+01   2.0362e+01   0.0000e+00   7.8224e-02   3.4424e+02
20260519_18:00:00   2.1698e-01   5.7269e+01   2.2630e+01   0.0000e+00   1.5360e-01   3.4490e+02
20260519_21:00:00   3.3687e-01   8.2443e+01   3.2947e+01   4.3573e-02   5.6547e-02   3.3905e+02
20260520_00:00:00   5.9891e-01   1.2769e+02   3.9854e+01   2.6342e-01   4.3735e-01   3.3212e+02
20260520_03:00:00   4.1021e-01   9.6986e+01   4.0316e+01   4.8848e-02   2.3512e-01   3.2499e+02
20260520_06:00:00   6.1510e-01   1.3024e+02   4.3949e+01   2.2459e-01   8.9648e-01   3.2057e+02
20260520_09:00:00   6.0540e-01   1.2924e+02   4.6542e+01   1.7038e-01   1.6493e+00   3.1719e+02
20260520_12:00:00   4.5438e-01   1.0486e+02   4.3459e+01   5.2217e-02   2.6568e-01   3.2121e+02
20260520_15:00:00   5.3384e-01   1.2014e+02   4.3569e+01   1.4005e-01   3.9014e-03   3.2282e+02
20260520_18:00:00   6.3001e-01   1.3454e+02   4.6124e+01   2.0252e-01   6.8892e-02   3.2703e+02
20260520_21:00:00   5.1881e-01   1.1928e+02   4.6062e+01   7.0020e-02   5.0400e-05   3.3000e+02
20260521_00:00:00   5.1337e-01   1.1805e+02   5.1957e+01   0.0000e+00   9.8020e-03   3.2470e+02
20260521_03:00:00   3.8945e-01   9.5793e+01   3.9398e+01   0.0000e+00   2.5099e-03   3.3812e+02
20260521_06:00:00   3.9633e-01   9.6956e+01   4.0116e+01   0.0000e+00   4.5622e-03   3.3646e+02
20260521_09:00:00   3.4926e-01   8.7673e+01   3.4021e+01   0.0000e+00   3.4983e-03   3.2516e+02
20260521_12:00:00   2.9192e-01   7.5369e+01   3.0105e+01   0.0000e+00   0.0000e+00   3.2817e+02
20260521_15:00:00   3.7672e-01   9.2186e+01   3.9032e+01   2.1160e-03   2.1527e-01   3.2647e+02
20260521_18:00:00   3.6339e-01   8.9187e+01   3.8442e+01   3.8103e-03   5.2887e-02   3.2938e+02
20260521_21:00:00   2.9320e-01   7.4583e+01   3.0873e+01   2.6220e-05   4.2683e-03   3.4629e+02
20260522_00:00:00   3.1767e-01   8.0005e+01   3.1383e+01   3.7839e-04   0.0000e+00   3.4100e+02
20260522_03:00:00   2.4492e-01   6.4061e+01   2.2343e+01   0.0000e+00   0.0000e+00   3.4584e+02
20260522_06:00:00   2.0981e-01   5.5309e+01   1.9927e+01   0.0000e+00   0.0000e+00   3.3868e+02
20260522_09:00:00   1.8649e-01   4.9470e+01   1.7668e+01   0.0000e+00   0.0000e+00   3.3887e+02
20260522_12:00:00   1.1802e-01   3.2900e+01   8.8157e+00   0.0000e+00   2.2140e-05   3.4935e+02
20260522_15:00:00   1.2805e-01   3.5477e+01   9.4715e+00   0.0000e+00   0.0000e+00   3.5398e+02
20260522_18:00:00   1.3282e-01   3.6615e+01   1.0199e+01   0.0000e+00   0.0000e+00   3.5226e+02
