#            date       tau255        Tb[K]      pwv[mm] lwp[kg*m^-2] iwp[kg*m^-2]       o3[DU]
20260501_06:00:00   1.3278e-01   3.5459e+01   8.5670e+00   0.0000e+00   1.0897e-05   3.8913e+02
20260501_07:00:00   1.3347e-01   3.5581e+01   8.7483e+00   0.0000e+00   1.7527e-05   3.8328e+02
20260501_08:00:00   1.3530e-01   3.6004e+01   8.9959e+00   0.0000e+00   1.6069e-05   3.8078e+02
20260501_09:00:00   1.3838e-01   3.6718e+01   9.3439e+00   0.0000e+00   1.3357e-04   3.8021e+02
20260501_10:00:00   1.4014e-01   3.7118e+01   9.5336e+00   0.0000e+00   2.0693e-04   3.7984e+02
20260501_11:00:00   1.3962e-01   3.6997e+01   9.4443e+00   0.0000e+00   8.6637e-05   3.8193e+02
20260501_12:00:00   1.3905e-01   3.6876e+01   9.3100e+00   0.0000e+00   1.7973e-04   3.8434e+02
20260501_13:00:00   1.4155e-01   3.7447e+01   9.5595e+00   0.0000e+00   1.9605e-03   3.8586e+02
20260501_14:00:00   1.4265e-01   3.7742e+01   9.6589e+00   0.0000e+00   1.7313e-04   3.9196e+02
20260501_15:00:00   1.4722e-01   3.8837e+01   1.0135e+01   0.0000e+00   7.7216e-04   3.9368e+02
20260501_16:00:00   1.4751e-01   3.8967e+01   1.0145e+01   5.2628e-05   2.5622e-04   3.9495e+02
20260501_17:00:00   1.4867e-01   3.9293e+01   1.0248e+01   1.2114e-03   1.6284e-04   3.9610e+02
20260501_18:00:00   1.5454e-01   4.0588e+01   1.0688e+01   5.2963e-03   1.7335e-03   3.9801e+02
20260501_19:00:00   1.5845e-01   4.1545e+01   1.1359e+01   2.3841e-03   1.6142e-03   4.0063e+02
20260501_20:00:00   1.6065e-01   4.2085e+01   1.1801e+01   2.5218e-05   1.1059e-03   4.0145e+02
20260501_21:00:00   1.6598e-01   4.3285e+01   1.2327e+01   1.1373e-03   5.2166e-03   3.9799e+02
20260501_22:00:00   1.6893e-01   4.3946e+01   1.2745e+01   6.9883e-04   6.4178e-03   3.9530e+02
20260501_23:00:00   1.6917e-01   4.3986e+01   1.2923e+01   2.7680e-06   3.2159e-03   3.9409e+02
20260502_00:00:00   1.6676e-01   4.3444e+01   1.2642e+01   4.9280e-06   5.7654e-04   3.9419e+02
20260502_01:00:00   1.6093e-01   4.2112e+01   1.1957e+01   0.0000e+00   1.9504e-05   3.9680e+02
20260502_02:00:00   1.5316e-01   4.0321e+01   1.1013e+01   0.0000e+00   1.0826e-05   4.0185e+02
20260502_03:00:00   1.4552e-01   3.8543e+01   1.0103e+01   0.0000e+00   1.2236e-05   4.0359e+02
20260502_04:00:00   1.3978e-01   3.7205e+01   9.3652e+00   0.0000e+00   5.8869e-06   4.0347e+02
20260502_05:00:00   1.3803e-01   3.6783e+01   9.1373e+00   0.0000e+00   4.9838e-05   4.0473e+02
20260502_06:00:00   1.3444e-01   3.5936e+01   8.6835e+00   0.0000e+00   7.8070e-06   4.0317e+02
20260502_07:00:00   1.3402e-01   3.5827e+01   8.5886e+00   0.0000e+00   4.0780e-06   3.9495e+02
20260502_08:00:00   1.3368e-01   3.5726e+01   8.5107e+00   0.0000e+00   4.3252e-06   3.9271e+02
20260502_09:00:00   1.3229e-01   3.5382e+01   8.3263e+00   0.0000e+00   4.0780e-06   3.9830e+02
20260502_10:00:00   1.2912e-01   3.4625e+01   7.9621e+00   0.0000e+00   4.3252e-06   4.0398e+02
20260502_11:00:00   1.2714e-01   3.4121e+01   7.8186e+00   0.0000e+00   6.7000e-06   4.0975e+02
20260502_12:00:00   1.2628e-01   3.3898e+01   7.7758e+00   0.0000e+00   4.4292e-06   4.1123e+02
20260502_13:00:00   1.2668e-01   3.4005e+01   7.8203e+00   0.0000e+00   4.0780e-06   4.0828e+02
20260502_14:00:00   1.2780e-01   3.4307e+01   7.9697e+00   0.0000e+00   8.1570e-06   4.0720e+02
20260502_15:00:00   1.2847e-01   3.4521e+01   8.0978e+00   0.0000e+00   4.0780e-06   4.0313e+02
20260502_16:00:00   1.2955e-01   3.4817e+01   8.2829e+00   0.0000e+00   2.9720e-06   4.0449e+02
20260502_17:00:00   1.3055e-01   3.5088e+01   8.4958e+00   0.0000e+00   1.0421e-04   4.0247e+02
20260502_18:00:00   1.4497e-01   3.8442e+01   9.0512e+00   1.1440e-02   1.4424e-03   3.9929e+02
20260502_19:00:00   1.5240e-01   4.0207e+01   9.2902e+00   1.8250e-02   3.1502e-03   3.9707e+02
20260502_20:00:00   1.4173e-01   3.7846e+01   9.8024e+00   2.5580e-03   8.1852e-03   3.9731e+02
20260502_21:00:00   1.4287e-01   3.8177e+01   1.0306e+01   2.6220e-05   4.1681e-03   3.9786e+02
20260502_22:00:00   1.4373e-01   3.8438e+01   1.0474e+01   0.0000e+00   1.4120e-03   3.9743e+02
20260502_23:00:00   1.4556e-01   3.8891e+01   1.0838e+01   0.0000e+00   3.8387e-03   4.0019e+02
20260503_00:00:00   1.4757e-01   3.9366e+01   1.1288e+01   0.0000e+00   1.2206e-02   4.0165e+02
20260503_01:00:00   1.4740e-01   3.9336e+01   1.1460e+01   0.0000e+00   4.7303e-03   3.9757e+02
20260503_02:00:00   1.4543e-01   3.8882e+01   1.1347e+01   0.0000e+00   3.8522e-03   3.9610e+02
20260503_03:00:00   1.4510e-01   3.8814e+01   1.1352e+01   0.0000e+00   5.1630e-03   3.9103e+02
20260503_04:00:00   1.4546e-01   3.8924e+01   1.1451e+01   0.0000e+00   8.7863e-03   3.9058e+02
20260503_05:00:00   1.5012e-01   3.9998e+01   1.2188e+01   0.0000e+00   2.0687e-02   3.8913e+02
20260503_06:00:00   1.5275e-01   4.0593e+01   1.2634e+01   0.0000e+00   8.6048e-02   3.8904e+02
20260503_07:00:00   1.5779e-01   4.1765e+01   1.3387e+01   0.0000e+00   3.1734e-03   3.8834e+02
20260503_08:00:00   1.6508e-01   4.3443e+01   1.4338e+01   0.0000e+00   6.2500e-03   3.8992e+02
20260503_09:00:00   1.7250e-01   4.5173e+01   1.5318e+01   0.0000e+00   7.0007e-02   3.8872e+02
20260503_10:00:00   1.9224e-01   4.9591e+01   1.7382e+01   5.9560e-05   2.7134e-01   3.8616e+02
20260503_11:00:00   1.9594e-01   5.0514e+01   1.7912e+01   0.0000e+00   2.8222e-01   3.8469e+02
20260503_12:00:00   1.9851e-01   5.1174e+01   1.8202e+01   0.0000e+00   2.1884e-01   3.8332e+02
20260503_13:00:00   1.9111e-01   4.9657e+01   1.7391e+01   0.0000e+00   7.6870e-02   3.8224e+02
20260503_14:00:00   1.9433e-01   5.0412e+01   1.7760e+01   0.0000e+00   4.6269e-02   3.8148e+02
20260503_15:00:00   1.9195e-01   5.0083e+01   1.7087e+01   0.0000e+00   4.2069e-03   3.7997e+02
20260503_16:00:00   1.8724e-01   4.9178e+01   1.6335e+01   0.0000e+00   3.1472e-03   3.7801e+02
20260503_17:00:00   1.9668e-01   5.1417e+01   1.7397e+01   0.0000e+00   3.0015e-03   3.7712e+02
20260503_18:00:00   1.9303e-01   5.0712e+01   1.7024e+01   0.0000e+00   1.0797e-03   3.7401e+02
20260503_19:00:00   1.9357e-01   5.0823e+01   1.7376e+01   0.0000e+00   8.9532e-02   3.7151e+02
20260503_20:00:00   2.1231e-01   5.4854e+01   1.9979e+01   0.0000e+00   5.0384e-01   3.6980e+02
20260503_21:00:00   2.1557e-01   5.5607e+01   2.0417e+01   0.0000e+00   3.0352e-01   3.7263e+02
20260503_22:00:00   2.0113e-01   5.2349e+01   1.8853e+01   0.0000e+00   3.6457e-01   3.7838e+02
20260503_23:00:00   1.9980e-01   5.1928e+01   1.8787e+01   0.0000e+00   4.6214e-01   3.8548e+02
20260504_00:00:00   1.9566e-01   5.1052e+01   1.8482e+01   0.0000e+00   1.4793e-01   3.9271e+02
20260504_01:00:00   1.9958e-01   5.1942e+01   1.8894e+01   0.0000e+00   1.8929e-01   3.9584e+02
20260504_02:00:00   1.9118e-01   5.0152e+01   1.7896e+01   0.0000e+00   9.5661e-02   4.0113e+02
20260504_03:00:00   1.8433e-01   4.8602e+01   1.7265e+01   0.0000e+00   3.9159e-02   4.0356e+02
20260504_04:00:00   1.8631e-01   4.9026e+01   1.7531e+01   0.0000e+00   1.4854e-01   4.0629e+02
20260504_05:00:00   1.9909e-01   5.1887e+01   1.8933e+01   0.0000e+00   5.0400e-02   4.0735e+02
20260504_06:00:00   1.9723e-01   5.1574e+01   1.8527e+01   0.0000e+00   4.2435e-05   4.0310e+02
20260504_07:00:00   1.9229e-01   5.0562e+01   1.7846e+01   0.0000e+00   0.0000e+00   4.0987e+02
20260504_08:00:00   1.9085e-01   5.0296e+01   1.7500e+01   0.0000e+00   6.5540e-06   4.1097e+02
20260504_09:00:00   1.9456e-01   5.1180e+01   1.7570e+01   0.0000e+00   0.0000e+00   4.0624e+02
20260504_10:00:00   1.8860e-01   4.9953e+01   1.6685e+01   0.0000e+00   0.0000e+00   4.0243e+02
20260504_11:00:00   1.9439e-01   5.1283e+01   1.7146e+01   0.0000e+00   0.0000e+00   3.9913e+02
20260504_12:00:00   1.8597e-01   4.9414e+01   1.5766e+01   0.0000e+00   0.0000e+00   4.0039e+02
20260504_13:00:00   1.7446e-01   4.6796e+01   1.4465e+01   0.0000e+00   0.0000e+00   4.0161e+02
20260504_14:00:00   1.5996e-01   4.3444e+01   1.2777e+01   0.0000e+00   2.7680e-06   4.0573e+02
20260504_15:00:00   1.5410e-01   4.2093e+01   1.2176e+01   0.0000e+00   4.8257e-04   4.0691e+02
20260504_16:00:00   1.7263e-01   4.6478e+01   1.4644e+01   0.0000e+00   7.7918e-03   4.1119e+02
20260504_17:00:00   1.7783e-01   4.7737e+01   1.5506e+01   0.0000e+00   6.1865e-04   4.1627e+02
20260504_18:00:00   1.8905e-01   5.0422e+01   1.6787e+01   0.0000e+00   0.0000e+00   4.1170e+02
20260504_19:00:00   2.1121e-01   5.5476e+01   1.9192e+01   4.7260e-05   5.4033e-05   4.0901e+02
20260504_20:00:00   2.8177e-01   7.0343e+01   2.0786e+01   6.4845e-02   2.3013e-03   4.0662e+02
20260504_21:00:00   1.3864e+00   2.0598e+02   2.5412e+01   1.2676e+00   2.0487e-01   4.0481e+02
20260504_22:00:00   2.7503e-01   6.8821e+01   2.1579e+01   4.7627e-02   1.0639e-02   4.0419e+02
20260504_23:00:00   2.1338e-01   5.5590e+01   1.9514e+01   0.0000e+00   5.7362e-05   4.0212e+02
20260505_00:00:00   2.0410e-01   5.3269e+01   1.8605e+01   0.0000e+00   1.7030e-05   4.0120e+02
20260505_01:00:00   1.7948e-01   4.7531e+01   1.5936e+01   0.0000e+00   6.1600e-07   3.9949e+02
20260505_02:00:00   1.6853e-01   4.4776e+01   1.4782e+01   0.0000e+00   6.3938e-05   3.9864e+02
20260505_03:00:00   1.6264e-01   4.3270e+01   1.4146e+01   0.0000e+00   6.9324e-05   3.9973e+02
20260505_04:00:00   1.4894e-01   4.0050e+01   1.2424e+01   0.0000e+00   2.6020e-07   3.9991e+02
20260505_05:00:00   1.4270e-01   3.8518e+01   1.1660e+01   0.0000e+00   4.4324e-05   3.9920e+02
20260505_06:00:00   1.4362e-01   3.8691e+01   1.1775e+01   0.0000e+00   1.7542e-03   4.0012e+02
20260505_07:00:00   1.4179e-01   3.8210e+01   1.1404e+01   0.0000e+00   5.0660e-03   3.9605e+02
20260505_08:00:00   1.4344e-01   3.8555e+01   1.1460e+01   0.0000e+00   1.1943e-02   3.9652e+02
20260505_09:00:00   1.4593e-01   3.9105e+01   1.1708e+01   0.0000e+00   2.0127e-02   3.9560e+02
20260505_10:00:00   1.4378e-01   3.8612e+01   1.1537e+01   0.0000e+00   7.4949e-03   3.9518e+02
20260505_11:00:00   1.4408e-01   3.8624e+01   1.1689e+01   0.0000e+00   2.1989e-02   3.9540e+02
20260505_12:00:00   1.4799e-01   3.9458e+01   1.2287e+01   0.0000e+00   1.3442e-01   3.9721e+02
20260505_13:00:00   1.4874e-01   3.9590e+01   1.2445e+01   0.0000e+00   1.9494e-01   3.9856e+02
20260505_14:00:00   1.5218e-01   4.0341e+01   1.2876e+01   0.0000e+00   1.9068e-01   3.9702e+02
20260505_15:00:00   1.5454e-01   4.0882e+01   1.3053e+01   0.0000e+00   2.6398e-01   3.9719e+02
20260505_16:00:00   1.5439e-01   4.0895e+01   1.3039e+01   0.0000e+00   1.9835e-01   3.9765e+02
20260505_17:00:00   1.5370e-01   4.0782e+01   1.2892e+01   0.0000e+00   2.8395e-01   3.9780e+02
20260505_18:00:00   1.5265e-01   4.0609e+01   1.2572e+01   0.0000e+00   2.9314e-01   3.9912e+02
20260505_19:00:00   1.5765e-01   4.1804e+01   1.3069e+01   2.9861e-04   1.9358e-01   4.0042e+02
20260505_20:00:00   1.6542e-01   4.3642e+01   1.3845e+01   1.5086e-04   2.5863e-01   4.0529e+02
20260505_21:00:00   1.7677e-01   4.6266e+01   1.4696e+01   3.0464e-03   1.9764e-01   4.0118e+02
20260505_22:00:00   1.8286e-01   4.7652e+01   1.4450e+01   1.1893e-02   1.5319e-01   3.9332e+02
20260505_23:00:00   1.7140e-01   4.5070e+01   1.4476e+01   1.3306e-04   1.4235e-01   3.8900e+02
20260506_00:00:00   1.7011e-01   4.4759e+01   1.4431e+01   0.0000e+00   2.0741e-02   3.9341e+02
20260506_01:00:00   1.6921e-01   4.4508e+01   1.4376e+01   1.1574e-04   2.3366e-02   3.9546e+02
20260506_02:00:00   1.7759e-01   4.6406e+01   1.4944e+01   4.3120e-06   9.1229e-02   3.9535e+02
20260506_03:00:00   1.6710e-01   4.3956e+01   1.3718e+01   0.0000e+00   1.3952e-02   3.9598e+02
20260506_04:00:00   1.7253e-01   4.5022e+01   1.3059e+01   1.1590e-02   5.2716e-02   4.0292e+02
20260506_05:00:00   1.5892e-01   4.1920e+01   1.2666e+01   0.0000e+00   2.2459e-04   4.0835e+02
20260506_06:00:00   1.5583e-01   4.1137e+01   1.2351e+01   0.0000e+00   1.0324e-04   4.1523e+02
20260506_09:00:00   1.4451e-01   3.8417e+01   1.0946e+01   0.0000e+00   4.2373e-04   4.1892e+02
20260506_12:00:00   1.3775e-01   3.6722e+01   1.0142e+01   0.0000e+00   8.6929e-02   4.2524e+02
20260506_15:00:00   1.3465e-01   3.6116e+01   9.4492e+00   0.0000e+00   1.7019e-03   4.3207e+02
20260506_18:00:00   1.5313e-01   4.0372e+01   1.1890e+01   1.3826e-03   6.2463e-03   4.3730e+02
20260506_21:00:00   1.6279e-01   4.2642e+01   1.3240e+01   2.3695e-04   9.1704e-02   4.4213e+02
20260507_00:00:00   1.8210e-01   4.7049e+01   1.3877e+01   1.2075e-02   9.7577e-02   4.5497e+02
20260507_03:00:00   6.2233e-01   1.2725e+02   1.5750e+01   4.8132e-01   3.9199e-01   4.6128e+02
20260507_06:00:00   2.2532e-01   5.6465e+01   1.3970e+01   5.2005e-02   4.5326e-02   4.6355e+02
20260507_09:00:00   1.7615e-01   4.5549e+01   1.2439e+01   1.0318e-02   1.5030e-02   4.6133e+02
20260507_12:00:00   1.4613e-01   3.8709e+01   9.8474e+00   3.9579e-04   5.7702e-04   4.4774e+02
20260507_15:00:00   1.2913e-01   3.4718e+01   8.2534e+00   0.0000e+00   4.0780e-06   4.3644e+02
20260507_18:00:00   1.3131e-01   3.5342e+01   8.7015e+00   3.2760e-04   2.4937e-04   4.2948e+02
20260507_21:00:00   1.3303e-01   3.5950e+01   9.0871e+00   0.0000e+00   7.8580e-04   4.1891e+02
20260508_00:00:00   1.3503e-01   3.6550e+01   9.5193e+00   0.0000e+00   2.3408e-04   3.9924e+02
20260508_03:00:00   1.3366e-01   3.6209e+01   9.9225e+00   0.0000e+00   3.4349e-03   3.9173e+02
20260508_06:00:00   1.4426e-01   3.8625e+01   1.1768e+01   0.0000e+00   3.9618e-05   3.9220e+02
20260508_09:00:00   1.6608e-01   4.3779e+01   1.4426e+01   0.0000e+00   6.8938e-05   3.8167e+02
20260508_12:00:00   2.1837e-01   5.5855e+01   2.0281e+01   0.0000e+00   8.4407e-03   3.8015e+02
20260508_15:00:00   2.3992e-01   6.0705e+01   2.3045e+01   6.5021e-06   1.2963e-01   3.7170e+02
20260508_18:00:00   2.5801e-01   6.4942e+01   2.3982e+01   9.1825e-03   2.6670e-03   3.7158e+02
20260508_21:00:00   2.5102e-01   6.3875e+01   2.3851e+01   2.1664e-04   8.7050e-04   3.6778e+02
20260509_00:00:00   2.4461e-01   6.3028e+01   2.2210e+01   3.5006e-03   1.8352e-06   3.6155e+02
20260509_03:00:00   1.5070e-01   4.1086e+01   1.3062e+01   0.0000e+00   0.0000e+00   3.6401e+02
20260509_06:00:00   1.4807e-01   4.0350e+01   1.2281e+01   0.0000e+00   0.0000e+00   3.6132e+02
20260509_09:00:00   1.5363e-01   4.1485e+01   1.2363e+01   0.0000e+00   0.0000e+00   3.6190e+02
20260509_12:00:00   1.1427e-01   3.1732e+01   7.9137e+00   0.0000e+00   0.0000e+00   3.6478e+02
20260509_15:00:00   1.2277e-01   3.3764e+01   9.0214e+00   0.0000e+00   1.5507e-03   3.5887e+02
20260509_18:00:00   1.3468e-01   3.6698e+01   1.0744e+01   0.0000e+00   5.2693e-03   3.5771e+02
20260509_21:00:00   1.4201e-01   3.8617e+01   1.1909e+01   0.0000e+00   1.2954e-04   3.5327e+02
20260510_00:00:00   1.5989e-01   4.2682e+01   1.4563e+01   0.0000e+00   2.3539e-01   3.4778e+02
20260510_03:00:00   1.6817e-01   4.4553e+01   1.5493e+01   0.0000e+00   1.3007e-02   3.4760e+02
20260510_06:00:00   1.6075e-01   4.2758e+01   1.4381e+01   0.0000e+00   4.5412e-03   3.4590e+02
20260510_09:00:00   1.9224e-01   4.9744e+01   1.6568e+01   1.4139e-02   1.4835e-01   3.4793e+02
20260510_12:00:00   1.7124e-01   4.5037e+01   1.5641e+01   0.0000e+00   4.5283e-03   3.4954e+02
20260510_15:00:00   1.5316e-01   4.0902e+01   1.3181e+01   0.0000e+00   9.1313e-03   3.4765e+02
20260510_18:00:00   1.3443e-01   3.6643e+01   1.0540e+01   0.0000e+00   4.1549e-02   3.5572e+02
20260510_21:00:00   1.4846e-01   4.0094e+01   1.2099e+01   0.0000e+00   2.1696e-02   3.5811e+02
20260511_00:00:00   1.6110e-01   4.3022e+01   1.3589e+01   0.0000e+00   3.3002e-01   3.5808e+02
20260511_03:00:00   1.6395e-01   4.3658e+01   1.4204e+01   0.0000e+00   2.5628e-01   3.6310e+02
20260511_06:00:00   1.7141e-01   4.5285e+01   1.5214e+01   0.0000e+00   1.3604e-01   3.6945e+02
20260511_09:00:00   1.7860e-01   4.6847e+01   1.6245e+01   0.0000e+00   2.8363e-02   3.7165e+02
20260511_12:00:00   1.8814e-01   4.8849e+01   1.7617e+01   0.0000e+00   1.9048e-02   3.7008e+02
20260511_15:00:00   2.0326e-01   5.2233e+01   1.9277e+01   0.0000e+00   6.5810e-02   3.7128e+02
20260511_18:00:00   2.3980e-01   6.0191e+01   2.2112e+01   9.1029e-03   5.3268e-01   3.6798e+02
20260511_21:00:00   4.8441e-01   1.0657e+02   2.3919e+01   2.6190e-01   2.3985e-01   3.7154e+02
20260512_00:00:00   2.5080e-01   6.2579e+01   2.3034e+01   6.5166e-03   1.7732e-01   3.7068e+02
20260512_03:00:00   2.3736e-01   5.9712e+01   2.2185e+01   0.0000e+00   4.9137e-02   3.7062e+02
20260512_06:00:00   2.2900e-01   5.7924e+01   2.0736e+01   3.6080e-03   2.5558e-02   3.7324e+02
20260512_09:00:00   2.2895e-01   5.8092e+01   1.7628e+01   2.6380e-02   1.9668e-02   3.7513e+02
20260512_12:00:00   3.3536e-01   8.0032e+01   1.5284e+01   1.6569e-01   1.3757e-04   3.8439e+02
20260512_15:00:00   3.2281e-01   7.7605e+01   1.5799e+01   1.4834e-01   1.0454e-03   3.8393e+02
20260512_18:00:00   2.4226e-01   6.1299e+01   1.6699e+01   4.8021e-02   1.3108e-05   3.8854e+02
20260512_21:00:00   2.7192e-01   6.7536e+01   1.8476e+01   6.6730e-02   2.8047e-04   3.9685e+02
20260513_00:00:00   2.4841e-01   6.2480e+01   1.9303e+01   3.3220e-02   5.0086e-04   3.9428e+02
20260513_03:00:00   2.3205e-01   5.8789e+01   2.0258e+01   9.6391e-03   2.0236e-01   4.0530e+02
20260513_06:00:00   6.2639e-01   1.2869e+02   2.2269e+01   4.3270e-01   3.4623e-01   4.0575e+02
20260513_09:00:00   1.1710e+00   1.8962e+02   2.2417e+01   1.0407e+00   3.1123e-01   4.0004e+02
20260513_12:00:00   1.0300e+00   1.7734e+02   1.9848e+01   9.0542e-01   1.0687e-01   3.9668e+02
20260513_15:00:00   1.6057e-01   4.2702e+01   1.2016e+01   0.0000e+00   0.0000e+00   3.9809e+02
20260513_18:00:00   1.6719e-01   4.4073e+01   1.2720e+01   4.2888e-03   3.3458e-05   4.1636e+02
20260513_21:00:00   2.4536e-01   6.0852e+01   1.1845e+01   9.8515e-02   8.9042e-04   4.3297e+02
20260514_00:00:00   1.5393e-01   4.0945e+01   1.1280e+01   0.0000e+00   6.5072e-04   4.3818e+02
20260514_03:00:00   1.4116e-01   3.7859e+01   9.7460e+00   0.0000e+00   8.1570e-06   4.2691e+02
20260514_06:00:00   1.3676e-01   3.6707e+01   9.1657e+00   0.0000e+00   9.3685e-06   4.2812e+02
20260514_09:00:00   1.3695e-01   3.6637e+01   8.9162e+00   0.0000e+00   1.2236e-05   4.4117e+02
20260514_12:00:00   1.3437e-01   3.5969e+01   8.4580e+00   0.0000e+00   8.1570e-06   4.5159e+02
20260514_15:00:00   1.4432e-01   3.8395e+01   8.8591e+00   8.2700e-03   3.2625e-04   4.2655e+02
20260514_18:00:00   2.0864e-01   5.3118e+01   1.0093e+01   6.9190e-02   5.4722e-04   4.1182e+02
20260514_21:00:00   2.6944e-01   6.6146e+01   1.0878e+01   1.3132e-01   3.5980e-04   4.0694e+02
20260515_00:00:00   1.6649e-01   4.4047e+01   1.2762e+01   2.4662e-04   2.3341e-04   3.8899e+02
20260515_03:00:00   1.6796e-01   4.4329e+01   1.3155e+01   6.6530e-05   6.9499e-03   3.8653e+02
20260515_06:00:00   1.6556e-01   4.3776e+01   1.3190e+01   0.0000e+00   1.1586e-04   3.9558e+02
20260515_09:00:00   1.7630e-01   4.6133e+01   1.4336e+01   0.0000e+00   3.1583e-02   4.1277e+02
20260515_12:00:00   1.8446e-01   4.7997e+01   1.5294e+01   0.0000e+00   4.9280e-07   3.9886e+02
20260515_15:00:00   1.9781e-01   5.1153e+01   1.6688e+01   0.0000e+00   2.9720e-06   3.9096e+02
20260515_18:00:00   2.2379e-01   5.7148e+01   1.7917e+01   1.9854e-02   2.3039e-03   3.9728e+02
20260515_21:00:00   2.7067e-01   6.7137e+01   1.8055e+01   7.3534e-02   1.3476e-05   4.0342e+02
20260516_00:00:00   4.7876e-01   1.0531e+02   1.9174e+01   2.9682e-01   2.3667e-03   4.0431e+02
20260516_03:00:00   2.2142e-01   5.6420e+01   1.7142e+01   2.7900e-02   8.7087e-04   4.0248e+02
20260516_06:00:00   2.0883e-01   5.3737e+01   1.8507e+01   0.0000e+00   3.1619e-05   4.0276e+02
20260516_09:00:00   2.0277e-01   5.2472e+01   1.7030e+01   3.7340e-03   3.9291e-05   3.9133e+02
20260516_12:00:00   1.9361e-01   5.0470e+01   1.6273e+01   0.0000e+00   4.0780e-06   3.7886e+02
20260516_15:00:00   1.9038e-01   4.9966e+01   1.5810e+01   0.0000e+00   0.0000e+00   3.6920e+02
20260516_18:00:00   2.2283e-01   5.7355e+01   1.7691e+01   1.7726e-02   0.0000e+00   3.6464e+02
20260516_21:00:00   4.9499e-01   1.0899e+02   1.8273e+01   3.2115e-01   1.0006e-04   3.5641e+02
20260517_00:00:00   3.7591e-01   8.8168e+01   1.6902e+01   2.0060e-01   6.5800e-05   3.5477e+02
20260517_03:00:00   2.0032e-01   5.2516e+01   1.4882e+01   2.4120e-02   4.5800e-05   3.5358e+02
20260517_06:00:00   2.1549e-01   5.5787e+01   1.5439e+01   3.6500e-02   4.0660e-05   3.5381e+02
