#            date       tau255        Tb[K]      pwv[mm] lwp[kg*m^-2] iwp[kg*m^-2]       o3[DU]
20260428_00:00:00   2.5162e-01   6.4374e+01   2.3155e+01   0.0000e+00   0.0000e+00   3.7245e+02
20260428_01:00:00   2.3599e-01   6.0676e+01   2.1053e+01   0.0000e+00   0.0000e+00   3.6746e+02
20260428_02:00:00   3.3305e-01   8.0787e+01   1.9752e+01   1.2852e-01   0.0000e+00   3.6738e+02
20260428_03:00:00   2.9045e-01   7.1849e+01   1.8888e+01   9.0600e-02   0.0000e+00   3.6673e+02
20260428_04:00:00   2.0842e-01   5.4067e+01   1.7975e+01   1.3634e-03   0.0000e+00   3.6456e+02
20260428_05:00:00   1.9823e-01   5.1748e+01   1.6791e+01   1.1593e-03   0.0000e+00   3.5570e+02
20260428_06:00:00   2.3344e-01   5.9497e+01   1.6332e+01   4.5270e-02   0.0000e+00   3.4860e+02
20260428_07:00:00   2.6072e-01   6.5330e+01   1.5565e+01   8.3640e-02   0.0000e+00   3.4370e+02
20260428_08:00:00   2.5735e-01   6.4568e+01   1.4655e+01   8.8450e-02   0.0000e+00   3.4008e+02
20260428_09:00:00   1.9220e-01   5.0250e+01   1.3556e+01   2.3158e-02   0.0000e+00   3.4233e+02
20260428_10:00:00   2.2870e-01   5.8339e+01   1.3083e+01   6.7747e-02   0.0000e+00   3.4179e+02
20260428_11:00:00   1.6919e-01   4.4920e+01   1.2479e+01   5.5001e-03   0.0000e+00   3.4441e+02
20260428_12:00:00   1.9298e-01   5.0315e+01   1.1983e+01   3.8667e-02   0.0000e+00   3.4769e+02
20260428_13:00:00   1.7096e-01   4.5240e+01   1.1471e+01   1.9757e-02   4.5568e-04   3.5322e+02
20260428_14:00:00   1.5180e-01   4.0747e+01   1.1529e+01   8.4480e-05   1.7625e-03   3.5691e+02
20260428_15:00:00   1.6249e-01   4.3181e+01   1.3287e+01   0.0000e+00   2.0255e-04   3.5833e+02
20260428_16:00:00   1.6562e-01   4.3909e+01   1.3676e+01   6.5540e-06   2.5204e-03   3.5999e+02
20260428_17:00:00   1.8276e-01   4.7814e+01   1.5366e+01   3.3920e-03   6.2941e-03   3.6550e+02
20260428_18:00:00   1.8295e-01   4.7839e+01   1.6044e+01   0.0000e+00   4.7909e-02   3.6972e+02
20260428_19:00:00   1.8884e-01   4.9118e+01   1.6937e+01   0.0000e+00   2.4826e-01   3.7091e+02
20260428_20:00:00   1.9019e-01   4.9423e+01   1.7221e+01   0.0000e+00   2.3618e-01   3.7528e+02
20260428_21:00:00   1.8910e-01   4.9145e+01   1.7102e+01   0.0000e+00   1.6029e-01   3.7962e+02
20260428_22:00:00   1.8997e-01   4.9320e+01   1.7261e+01   0.0000e+00   2.0407e-01   3.8467e+02
20260428_23:00:00   1.9222e-01   4.9880e+01   1.7468e+01   0.0000e+00   1.2612e-01   3.8407e+02
20260429_00:00:00   1.9424e-01   5.0298e+01   1.7508e+01   0.0000e+00   1.9470e-01   3.8501e+02
20260429_01:00:00   1.9103e-01   4.9519e+01   1.7089e+01   0.0000e+00   1.1879e-01   3.9508e+02
20260429_02:00:00   1.8733e-01   4.8551e+01   1.6621e+01   8.5194e-05   1.2482e-01   3.8700e+02
20260429_03:00:00   1.9130e-01   4.9338e+01   1.7001e+01   4.7040e-05   3.4649e-01   3.8081e+02
20260429_04:00:00   1.8872e-01   4.8766e+01   1.6647e+01   5.2020e-07   4.9021e-02   3.8118e+02
20260429_05:00:00   1.8392e-01   4.7709e+01   1.5501e+01   3.4657e-03   3.8286e-03   3.8431e+02
20260429_06:00:00   1.8610e-01   4.8127e+01   1.5599e+01   4.3560e-03   7.3866e-03   3.8388e+02
20260429_07:00:00   1.9474e-01   4.9983e+01   1.6127e+01   7.9383e-03   6.6773e-03   3.8685e+02
20260429_08:00:00   1.8670e-01   4.8111e+01   1.5529e+01   4.4594e-03   1.5270e-02   3.8413e+02
20260429_09:00:00   1.8430e-01   4.7504e+01   1.5366e+01   9.3220e-06   1.6627e-01   3.8528e+02
20260429_10:00:00   1.8059e-01   4.6732e+01   1.4642e+01   0.0000e+00   1.0704e-02   3.8952e+02
20260429_11:00:00   1.7230e-01   4.4890e+01   1.3434e+01   0.0000e+00   2.0887e-03   3.9151e+02
20260429_12:00:00   1.6241e-01   4.2610e+01   1.2345e+01   0.0000e+00   1.6874e-05   3.9044e+02
20260429_13:00:00   1.5596e-01   4.1151e+01   1.1577e+01   0.0000e+00   1.2588e-05   3.9278e+02
20260429_14:00:00   1.5311e-01   4.0522e+01   1.1199e+01   0.0000e+00   7.8070e-06   3.9466e+02
20260429_15:00:00   1.4098e-01   3.7734e+01   9.8136e+00   0.0000e+00   4.0780e-06   3.9363e+02
20260429_16:00:00   1.3657e-01   3.6714e+01   9.3528e+00   0.0000e+00   0.0000e+00   3.9395e+02
20260429_17:00:00   1.3715e-01   3.6852e+01   9.4094e+00   0.0000e+00   0.0000e+00   3.9078e+02
20260429_18:00:00   1.3860e-01   3.7219e+01   9.5568e+00   1.7288e-04   7.0878e-05   3.8842e+02
20260429_19:00:00   1.6232e-01   4.2629e+01   1.0004e+01   2.2716e-02   4.0193e-03   3.8756e+02
20260429_20:00:00   1.5968e-01   4.2065e+01   1.0359e+01   1.6264e-02   1.8504e-02   3.8448e+02
20260429_21:00:00   1.5025e-01   3.9963e+01   1.0759e+01   2.3654e-03   5.8056e-03   3.8514e+02
20260429_22:00:00   1.5283e-01   4.0595e+01   1.1252e+01   5.9874e-04   3.3314e-03   3.8162e+02
20260429_23:00:00   1.5782e-01   4.1783e+01   1.1872e+01   0.0000e+00   1.3365e-03   3.8047e+02
20260430_00:00:00   1.6427e-01   4.3252e+01   1.2623e+01   0.0000e+00   6.5044e-03   3.7947e+02
20260430_01:00:00   1.7205e-01   4.5005e+01   1.3209e+01   2.2195e-03   1.9168e-03   3.7608e+02
20260430_02:00:00   1.7360e-01   4.5359e+01   1.3414e+01   5.6640e-04   3.1189e-02   3.7201e+02
20260430_03:00:00   1.8446e-01   4.7746e+01   1.3497e+01   1.1817e-02   1.3366e-02   3.7026e+02
20260430_04:00:00   1.6227e-01   4.2785e+01   1.2299e+01   0.0000e+00   7.4351e-04   3.7572e+02
20260430_05:00:00   1.5513e-01   4.1163e+01   1.1382e+01   0.0000e+00   3.5040e-07   3.8042e+02
20260430_06:00:00   1.5143e-01   4.0278e+01   1.1005e+01   0.0000e+00   1.4574e-06   3.8140e+02
20260430_07:00:00   1.4825e-01   3.9508e+01   1.0691e+01   0.0000e+00   4.0780e-06   3.7983e+02
20260430_08:00:00   1.4394e-01   3.8518e+01   1.0171e+01   0.0000e+00   4.0780e-06   3.7894e+02
20260430_09:00:00   1.4457e-01   3.8649e+01   1.0273e+01   0.0000e+00   0.0000e+00   3.7619e+02
20260430_10:00:00   1.4637e-01   3.9053e+01   1.0519e+01   0.0000e+00   1.4574e-06   3.7522e+02
20260430_11:00:00   1.4854e-01   3.9529e+01   1.0859e+01   0.0000e+00   7.0090e-07   3.7192e+02
20260430_12:00:00   1.5767e-01   4.1584e+01   1.1914e+01   0.0000e+00   2.7462e-05   3.6766e+02
20260430_13:00:00   1.6179e-01   4.2543e+01   1.2406e+01   0.0000e+00   3.3222e-06   3.6766e+02
20260430_14:00:00   1.7251e-01   4.4958e+01   1.3529e+01   2.7360e-05   1.4015e-04   3.6854e+02
20260430_15:00:00   1.8501e-01   4.7778e+01   1.4847e+01   3.0800e-06   1.4505e-02   3.6717e+02
20260430_16:00:00   2.2111e-01   5.5848e+01   1.5364e+01   3.4211e-02   1.6190e-02   3.6585e+02
20260430_17:00:00   2.2711e-01   5.7240e+01   1.5512e+01   4.0592e-02   1.3003e-03   3.6382e+02
20260430_18:00:00   2.4330e-01   6.0731e+01   1.5696e+01   5.5709e-02   6.2648e-04   3.6169e+02
20260430_19:00:00   6.8967e-01   1.3674e+02   1.5929e+01   5.5490e-01   7.4406e-03   3.6274e+02
20260430_20:00:00   5.8677e-01   1.2236e+02   1.6358e+01   4.3558e-01   1.7264e-02   3.6375e+02
20260430_21:00:00   2.5472e-01   6.3035e+01   1.4712e+01   7.4522e-02   3.0902e-03   3.6669e+02
20260430_22:00:00   2.9767e-01   7.1893e+01   1.2890e+01   1.4166e-01   2.5544e-04   3.7148e+02
20260430_23:00:00   1.6451e-01   4.3302e+01   1.2018e+01   4.6663e-04   2.3169e-05   3.7512e+02
20260501_00:00:00   1.6696e-01   4.3870e+01   1.2065e+01   2.0320e-03   6.4583e-05   3.7755e+02
20260501_01:00:00   1.5935e-01   4.2126e+01   1.1483e+01   2.6220e-05   3.2633e-05   3.8112e+02
20260501_02:00:00   1.5234e-01   4.0492e+01   1.0721e+01   0.0000e+00   1.1675e-05   3.8285e+02
20260501_03:00:00   1.4897e-01   3.9668e+01   1.0341e+01   0.0000e+00   1.2036e-05   3.8392e+02
20260501_04:00:00   1.4470e-01   3.8604e+01   9.9170e+00   0.0000e+00   1.0600e-05   3.8586e+02
20260501_05:00:00   1.4174e-01   3.7874e+01   9.5851e+00   0.0000e+00   1.4817e-05   3.8734e+02
20260501_06:00:00   1.4219e-01   3.7948e+01   9.5965e+00   0.0000e+00   3.6939e-05   3.8837e+02
20260501_07:00:00   1.3977e-01   3.7375e+01   9.3393e+00   0.0000e+00   1.8630e-05   3.8712e+02
20260501_08:00:00   1.3465e-01   3.6167e+01   8.7896e+00   0.0000e+00   3.8320e-06   3.8697e+02
20260501_09:00:00   1.3176e-01   3.5467e+01   8.4751e+00   0.0000e+00   3.8320e-06   3.8753e+02
20260501_10:00:00   1.2962e-01   3.4952e+01   8.2246e+00   0.0000e+00   4.4292e-06   3.8731e+02
20260501_11:00:00   1.2992e-01   3.5007e+01   8.2161e+00   0.0000e+00   8.2610e-06   3.8775e+02
20260501_12:00:00   1.2903e-01   3.4790e+01   8.0473e+00   0.0000e+00   6.7000e-06   3.8813e+02
20260501_13:00:00   1.2705e-01   3.4332e+01   7.7908e+00   0.0000e+00   6.9460e-06   3.8267e+02
20260501_14:00:00   1.2785e-01   3.4522e+01   7.9080e+00   0.0000e+00   6.9460e-06   3.8135e+02
20260501_15:00:00   1.3224e-01   3.5550e+01   8.4453e+00   0.0000e+00   9.6120e-06   3.7943e+02
20260501_16:00:00   1.3242e-01   3.5620e+01   8.5090e+00   0.0000e+00   1.1068e-06   3.8029e+02
20260501_17:00:00   1.8468e-01   4.7301e+01   9.2547e+00   5.2000e-02   5.0521e-03   3.8238e+02
20260501_18:00:00   1.7296e-01   4.4762e+01   9.6246e+00   3.5440e-02   8.5182e-02   3.8729e+02
20260501_19:00:00   1.4401e-01   3.8356e+01   9.8354e+00   1.0810e-03   6.1230e-03   3.9017e+02
20260501_20:00:00   2.1335e-01   5.3592e+01   1.0253e+01   7.5821e-02   1.2617e-02   3.8536e+02
20260501_21:00:00   1.8487e-01   4.7432e+01   1.1019e+01   3.6257e-02   1.1910e-01   3.8599e+02
20260501_22:00:00   1.5791e-01   4.1560e+01   1.1516e+01   1.0640e-03   2.6113e-02   3.8524e+02
20260501_23:00:00   1.5726e-01   4.1448e+01   1.1574e+01   2.5040e-04   9.0481e-04   3.8666e+02
20260502_00:00:00   1.5345e-01   4.0608e+01   1.1167e+01   0.0000e+00   1.4737e-05   3.8977e+02
20260502_01:00:00   1.5135e-01   4.0121e+01   1.0853e+01   6.3080e-04   1.6244e-04   3.8680e+02
20260502_02:00:00   1.5701e-01   4.1398e+01   1.1342e+01   5.4400e-04   1.4902e-03   3.9318e+02
20260502_03:00:00   1.5971e-01   4.1978e+01   1.1649e+01   0.0000e+00   5.2679e-03   4.0161e+02
20260502_04:00:00   1.5464e-01   4.0784e+01   1.1151e+01   0.0000e+00   2.9506e-04   4.0922e+02
20260502_05:00:00   1.5369e-01   4.0534e+01   1.0979e+01   0.0000e+00   1.1519e-03   4.1304e+02
20260502_06:00:00   1.5128e-01   3.9963e+01   1.0645e+01   0.0000e+00   8.5185e-05   4.1464e+02
20260502_07:00:00   1.5071e-01   3.9791e+01   1.0637e+01   0.0000e+00   4.8388e-05   4.1256e+02
20260502_08:00:00   1.5198e-01   4.0065e+01   1.0713e+01   0.0000e+00   6.3084e-05   4.1015e+02
20260502_09:00:00   1.4705e-01   3.8983e+01   9.9334e+00   0.0000e+00   1.0515e-05   4.1457e+02
20260502_10:00:00   1.4282e-01   3.8019e+01   9.3732e+00   0.0000e+00   4.4290e-06   4.1325e+02
20260502_11:00:00   1.4066e-01   3.7518e+01   9.0836e+00   0.0000e+00   3.7280e-06   4.0837e+02
20260502_12:00:00   1.4012e-01   3.7389e+01   8.9554e+00   0.0000e+00   2.6220e-06   4.0452e+02
20260502_13:00:00   1.4038e-01   3.7442e+01   8.9669e+00   0.0000e+00   4.0780e-06   4.0175e+02
20260502_14:00:00   1.3798e-01   3.6911e+01   8.7316e+00   0.0000e+00   3.8320e-06   3.9855e+02
20260502_15:00:00   1.3342e-01   3.5883e+01   8.2752e+00   0.0000e+00   4.0780e-06   3.9725e+02
20260502_16:00:00   1.3008e-01   3.5090e+01   8.0190e+00   0.0000e+00   2.0920e-05   3.9773e+02
20260502_17:00:00   1.3144e-01   3.5412e+01   8.3165e+00   2.7680e-06   5.7202e-04   3.9897e+02
20260502_18:00:00   1.3794e-01   3.6933e+01   8.7003e+00   4.8320e-03   1.7007e-03   3.9692e+02
20260502_19:00:00   1.5153e-01   4.0060e+01   8.7927e+00   2.0440e-02   1.4192e-03   3.9785e+02
20260502_20:00:00   1.3132e-01   3.5447e+01   8.6193e+00   3.3060e-04   8.6436e-04   3.9867e+02
20260502_21:00:00   1.2871e-01   3.4832e+01   8.3983e+00   0.0000e+00   5.0201e-05   3.9871e+02
20260502_22:00:00   1.2951e-01   3.5031e+01   8.5121e+00   0.0000e+00   8.7956e-04   4.0304e+02
20260502_23:00:00   1.3147e-01   3.5488e+01   8.8025e+00   0.0000e+00   1.8318e-03   4.0793e+02
20260503_00:00:00   1.3208e-01   3.5633e+01   8.9342e+00   0.0000e+00   4.1848e-03   4.0957e+02
20260503_03:00:00   1.3485e-01   3.6231e+01   9.5347e+00   0.0000e+00   1.2524e-03   4.0973e+02
20260503_06:00:00   1.4154e-01   3.7830e+01   1.0367e+01   0.0000e+00   4.0780e-06   4.1538e+02
20260503_09:00:00   1.5349e-01   4.0606e+01   1.1882e+01   0.0000e+00   1.0127e-03   4.0782e+02
20260503_12:00:00   1.7258e-01   4.5186e+01   1.3747e+01   4.5820e-04   6.5645e-03   3.9850e+02
20260503_15:00:00   1.9437e-01   5.0378e+01   1.6063e+01   1.4600e-04   4.3957e-03   3.9863e+02
20260503_18:00:00   2.2715e-01   5.7824e+01   1.9012e+01   6.9380e-03   4.0989e-03   3.9788e+02
20260503_21:00:00   2.4329e-01   6.1455e+01   1.8811e+01   3.0218e-02   4.5572e-03   3.9479e+02
20260504_00:00:00   2.1118e-01   5.4644e+01   1.8371e+01   0.0000e+00   1.2847e-03   3.9360e+02
20260504_03:00:00   1.8568e-01   4.8977e+01   1.5452e+01   0.0000e+00   2.3180e-06   4.0094e+02
20260504_06:00:00   2.4492e-01   6.1635e+01   1.7451e+01   5.0160e-02   7.2408e-03   4.0173e+02
20260504_09:00:00   1.8915e-01   4.9612e+01   1.6260e+01   0.0000e+00   7.4040e-02   4.0665e+02
20260504_12:00:00   1.8477e-01   4.8691e+01   1.5380e+01   0.0000e+00   0.0000e+00   4.1282e+02
20260504_15:00:00   1.5858e-01   4.2661e+01   1.2551e+01   0.0000e+00   9.3323e-03   4.0722e+02
20260504_18:00:00   1.4880e-01   4.0445e+01   1.1846e+01   0.0000e+00   1.2826e-05   4.0732e+02
20260504_21:00:00   1.7445e-01   4.6508e+01   1.5170e+01   0.0000e+00   1.8142e-05   4.0465e+02
20260505_00:00:00   1.8475e-01   4.9066e+01   1.6697e+01   0.0000e+00   5.3877e-05   3.9826e+02
20260505_03:00:00   2.0405e-01   5.3329e+01   1.8912e+01   4.1560e-03   7.4069e-03   3.9234e+02
20260505_06:00:00   2.0249e-01   5.2947e+01   1.8691e+01   5.3043e-03   1.0752e-02   3.9353e+02
20260505_09:00:00   2.0592e-01   5.3658e+01   1.9248e+01   1.9096e-05   5.1660e-05   4.0164e+02
20260505_12:00:00   2.2207e-01   5.6942e+01   2.0521e+01   1.3108e-05   1.6740e-03   4.0459e+02
20260505_15:00:00   2.0783e-01   5.3621e+01   1.9006e+01   3.5540e-05   5.3300e-05   4.1354e+02
20260505_18:00:00   1.6443e-01   4.3795e+01   1.4187e+01   0.0000e+00   1.6387e-04   4.0950e+02
20260505_21:00:00   1.6061e-01   4.2982e+01   1.4019e+01   0.0000e+00   7.0545e-04   4.0411e+02
20260506_00:00:00   1.7083e-01   4.5283e+01   1.5572e+01   0.0000e+00   4.7182e-02   3.9687e+02
20260506_03:00:00   1.6877e-01   4.4807e+01   1.5455e+01   0.0000e+00   1.5997e-04   3.8724e+02
20260506_06:00:00   1.6983e-01   4.5087e+01   1.5171e+01   0.0000e+00   1.7973e-05   3.8167e+02
20260506_09:00:00   1.6499e-01   4.4012e+01   1.4519e+01   0.0000e+00   0.0000e+00   3.7772e+02
20260506_12:00:00   1.6922e-01   4.4995e+01   1.5089e+01   0.0000e+00   3.5040e-07   3.7739e+02
20260506_15:00:00   1.7619e-01   4.6788e+01   1.5828e+01   0.0000e+00   0.0000e+00   3.7308e+02
20260506_18:00:00   1.8866e-01   4.9888e+01   1.7499e+01   0.0000e+00   0.0000e+00   3.6775e+02
20260506_21:00:00   2.0529e-01   5.3955e+01   1.9444e+01   0.0000e+00   0.0000e+00   3.6408e+02
20260507_00:00:00   2.1281e-01   5.5839e+01   2.0455e+01   0.0000e+00   0.0000e+00   3.6235e+02
20260507_03:00:00   2.0288e-01   5.3613e+01   1.9276e+01   0.0000e+00   0.0000e+00   3.5854e+02
20260507_06:00:00   1.9354e-01   5.1534e+01   1.8032e+01   0.0000e+00   0.0000e+00   3.7015e+02
20260507_09:00:00   2.0142e-01   5.3360e+01   1.8776e+01   0.0000e+00   0.0000e+00   3.6929e+02
20260507_12:00:00   2.2332e-01   5.8148e+01   2.1427e+01   0.0000e+00   0.0000e+00   3.6702e+02
20260507_15:00:00   2.5543e-01   6.5216e+01   2.5155e+01   9.1060e-04   9.2788e-03   3.6739e+02
20260507_18:00:00   3.0652e-01   7.5676e+01   2.8502e+01   1.5277e-02   2.0858e-05   3.6779e+02
20260507_21:00:00   2.7476e-01   6.8773e+01   2.4030e+01   1.7050e-02   0.0000e+00   3.6646e+02
20260508_00:00:00   1.5596e-01   4.2259e+01   1.1788e+01   0.0000e+00   0.0000e+00   3.6960e+02
20260508_03:00:00   1.3243e-01   3.6303e+01   9.1605e+00   0.0000e+00   0.0000e+00   3.6844e+02
20260508_06:00:00   1.2318e-01   3.3917e+01   7.8240e+00   0.0000e+00   0.0000e+00   3.7076e+02
20260508_09:00:00   1.2834e-01   3.5038e+01   8.4476e+00   8.1580e-04   7.2820e-06   3.6685e+02
20260508_12:00:00   1.5175e-01   4.0466e+01   1.0540e+01   9.8040e-03   1.1376e-04   3.7255e+02
20260508_15:00:00   1.9090e-01   4.9417e+01   1.1760e+01   4.7240e-02   1.1428e-05   3.8207e+02
20260508_18:00:00   1.6662e-01   4.4047e+01   1.4387e+01   2.1500e-04   2.5061e-05   3.7547e+02
20260508_21:00:00   1.8540e-01   4.8485e+01   1.6198e+01   5.6540e-03   8.5743e-04   3.7274e+02
20260509_00:00:00   1.8321e-01   4.8087e+01   1.6539e+01   1.3108e-04   7.3178e-03   3.6932e+02
20260509_03:00:00   1.9465e-01   5.0398e+01   1.8440e+01   0.0000e+00   2.8171e-03   3.6337e+02
20260509_06:00:00   1.9718e-01   5.0873e+01   1.8636e+01   0.0000e+00   1.8904e-02   3.6999e+02
20260509_09:00:00   2.1085e-01   5.3694e+01   2.0145e+01   0.0000e+00   1.3527e-01   3.7234e+02
20260509_12:00:00   2.2726e-01   5.7194e+01   2.1479e+01   6.4784e-04   2.6851e-02   3.7390e+02
20260509_15:00:00   2.3089e-01   5.8080e+01   2.1766e+01   1.4884e-03   3.9795e-03   3.7397e+02
20260509_18:00:00   3.0772e-01   7.4101e+01   2.2465e+01   8.2030e-02   3.2683e-02   3.7860e+02
20260509_21:00:00   2.7699e-01   6.8199e+01   2.0805e+01   5.7648e-02   1.4770e-03   3.7841e+02
20260510_00:00:00   2.6681e-01   6.6227e+01   2.0576e+01   5.0300e-02   3.0494e-03   3.7275e+02
20260510_03:00:00   2.5073e-01   6.2843e+01   2.2376e+01   2.0295e-02   7.2077e-03   3.6181e+02
20260510_06:00:00   2.5776e-01   6.4400e+01   2.4046e+01   1.1120e-02   6.0368e-03   3.5674e+02
20260510_09:00:00   3.2272e-01   7.7582e+01   2.3532e+01   9.1876e-02   9.4168e-04   3.5780e+02
20260510_12:00:00   5.0475e-01   1.1053e+02   2.4676e+01   2.8915e-01   2.8956e-03   3.5082e+02
20260510_15:00:00   5.9378e-01   1.2514e+02   2.7591e+01   3.7201e-01   6.4084e-02   3.4497e+02
20260510_18:00:00   3.1718e-01   7.7400e+01   3.1099e+01   1.7548e-02   3.9204e-03   3.3564e+02
20260510_21:00:00   3.2337e-01   7.9442e+01   3.2669e+01   9.4980e-03   2.4530e-03   3.2604e+02
20260511_00:00:00   3.0719e-01   7.6629e+01   3.1046e+01   0.0000e+00   0.0000e+00   3.2859e+02
20260511_03:00:00   2.9006e-01   7.3083e+01   3.0014e+01   0.0000e+00   1.6671e-02   3.3092e+02
20260511_06:00:00   3.1113e-01   7.6923e+01   3.0726e+01   2.0240e-02   2.0442e-01   3.2674e+02
20260511_09:00:00   6.7809e-01   1.4034e+02   4.1695e+01   3.2996e-01   3.6765e-01   3.2363e+02
20260511_12:00:00   8.5125e-01   1.6262e+02   3.9631e+01   5.4630e-01   6.1330e-03   3.2241e+02
20260511_15:00:00   5.8660e-01   1.2697e+02   4.1342e+01   2.1728e-01   3.7825e-01   3.2658e+02
20260511_18:00:00   5.3245e-01   1.1681e+02   3.8629e+01   1.8004e-01   3.8976e-01   3.2442e+02
20260511_21:00:00   8.2629e-01   1.5945e+02   4.0862e+01   4.9940e-01   7.6222e-01   3.3044e+02
20260512_00:00:00   7.8633e-01   1.5369e+02   2.7214e+01   5.8373e-01   1.0628e-01   3.3727e+02
20260512_03:00:00   2.8059e-01   6.9603e+01   1.7994e+01   7.8851e-02   7.1412e-03   3.4804e+02
20260512_06:00:00   2.6592e-01   6.5784e+01   1.6716e+01   7.6305e-02   1.0027e-02   3.5090e+02
20260512_09:00:00   3.1235e-01   7.4632e+01   1.2530e+01   1.6396e-01   6.2081e-04   3.5722e+02
20260512_12:00:00   4.3314e-01   9.6035e+01   1.1676e+01   3.0460e-01   3.5101e-03   4.0014e+02
20260512_15:00:00   1.7124e-01   4.4397e+01   1.2599e+01   3.5166e-03   3.1863e-04   4.1776e+02
20260512_18:00:00   1.7893e-01   4.6104e+01   1.2214e+01   1.9615e-02   7.0972e-03   4.2282e+02
20260512_21:00:00   1.5799e-01   4.1767e+01   1.1900e+01   0.0000e+00   1.1264e-04   4.3608e+02
20260513_00:00:00   1.5729e-01   4.1929e+01   1.1960e+01   0.0000e+00   1.1314e-05   4.3318e+02
20260513_03:00:00   1.6370e-01   4.3368e+01   1.2989e+01   3.2200e-04   1.4176e-02   4.1799e+02
20260513_06:00:00   1.7200e-01   4.5342e+01   1.3731e+01   0.0000e+00   4.3162e-02   4.0194e+02
20260513_09:00:00   1.7245e-01   4.5709e+01   1.3673e+01   0.0000e+00   0.0000e+00   3.8835e+02
20260513_12:00:00   1.8138e-01   4.7858e+01   1.4998e+01   0.0000e+00   5.9140e-06   3.7613e+02
20260513_15:00:00   1.7419e-01   4.6443e+01   1.4625e+01   0.0000e+00   1.5648e-03   3.6601e+02
20260513_18:00:00   2.0174e-01   5.2895e+01   1.8487e+01   0.0000e+00   5.4373e-03   3.5704e+02
20260513_21:00:00   2.3940e-01   6.1335e+01   2.2511e+01   5.7220e-06   1.6765e-02   3.6702e+02
20260514_00:00:00   2.2873e-01   5.8929e+01   2.1678e+01   0.0000e+00   7.3313e-02   3.6992e+02
