#            date       tau255        Tb[K]      pwv[mm] lwp[kg*m^-2] iwp[kg*m^-2]       o3[DU]
20260111_00:00:00   1.1169e-01   2.9599e+01   5.2638e+00   0.0000e+00   4.5706e-05   4.2918e+02
20260111_01:00:00   1.1168e-01   2.9547e+01   5.2290e+00   0.0000e+00   1.2143e-04   4.4231e+02
20260111_02:00:00   1.1288e-01   2.9791e+01   5.2766e+00   1.9618e-05   4.2046e-03   4.3840e+02
20260111_03:00:00   1.1540e-01   3.0317e+01   5.5505e+00   0.0000e+00   2.0475e-02   4.3508e+02
20260111_04:00:00   1.1082e-01   2.9252e+01   4.9361e+00   0.0000e+00   2.5050e-02   4.4439e+02
20260111_05:00:00   1.0551e-01   2.8031e+01   4.1976e+00   2.2700e-04   4.1029e-03   4.4169e+02
20260111_06:00:00   1.0545e-01   2.8006e+01   4.2720e+00   0.0000e+00   4.3529e-03   4.4725e+02
20260111_07:00:00   1.0361e-01   2.7610e+01   4.0473e+00   0.0000e+00   1.1569e-03   4.5110e+02
20260111_08:00:00   1.0270e-01   2.7458e+01   3.9631e+00   0.0000e+00   4.7670e-04   4.4640e+02
20260111_09:00:00   1.0258e-01   2.7541e+01   4.0759e+00   0.0000e+00   9.7410e-06   4.2764e+02
20260111_10:00:00   1.0316e-01   2.7746e+01   4.2377e+00   0.0000e+00   1.0707e-05   4.2840e+02
20260111_11:00:00   1.0186e-01   2.7522e+01   4.1433e+00   0.0000e+00   9.2540e-06   4.0720e+02
20260111_12:00:00   1.0093e-01   2.7370e+01   4.1233e+00   0.0000e+00   9.2880e-06   3.9035e+02
20260111_13:00:00   9.9225e-02   2.7044e+01   3.9869e+00   0.0000e+00   7.2362e-06   3.8131e+02
20260111_14:00:00   9.9190e-02   2.7073e+01   4.1558e+00   0.0000e+00   8.3200e-06   3.6294e+02
20260111_15:00:00   9.7961e-02   2.6834e+01   4.0853e+00   0.0000e+00   6.9610e-06   3.5036e+02
20260111_16:00:00   9.7991e-02   2.6894e+01   4.1819e+00   0.0000e+00   4.7542e-04   3.4465e+02
20260111_17:00:00   1.0003e-01   2.7391e+01   4.5497e+00   0.0000e+00   1.2098e-03   3.3535e+02
20260111_18:00:00   1.0028e-01   2.7473e+01   4.7410e+00   0.0000e+00   3.1438e-05   3.3608e+02
20260111_19:00:00   1.0122e-01   2.7708e+01   4.9891e+00   0.0000e+00   1.3836e-05   3.3427e+02
20260111_20:00:00   1.0089e-01   2.7654e+01   5.0529e+00   0.0000e+00   3.0819e-04   3.3551e+02
20260111_21:00:00   1.0279e-01   2.8123e+01   5.4559e+00   0.0000e+00   3.0819e-04   3.3179e+02
20260111_22:00:00   1.0871e-01   2.9550e+01   6.3947e+00   0.0000e+00   5.3896e-04   3.2616e+02
20260111_23:00:00   1.1487e-01   3.1014e+01   7.3794e+00   0.0000e+00   1.8783e-03   3.2652e+02
20260112_00:00:00   1.2077e-01   3.2418e+01   8.2014e+00   0.0000e+00   1.3934e-03   3.2716e+02
20260112_01:00:00   1.2956e-01   3.4571e+01   9.2943e+00   0.0000e+00   0.0000e+00   3.2849e+02
20260112_02:00:00   1.3272e-01   3.5418e+01   9.6535e+00   0.0000e+00   0.0000e+00   3.2794e+02
20260112_03:00:00   1.3129e-01   3.5113e+01   9.3553e+00   0.0000e+00   2.6020e-07   3.2920e+02
20260112_04:00:00   1.2012e-01   3.2558e+01   7.9515e+00   0.0000e+00   0.0000e+00   3.3006e+02
20260112_05:00:00   1.1990e-01   3.2523e+01   7.9209e+00   0.0000e+00   1.8820e-04   3.3892e+02
20260112_06:00:00   1.1799e-01   3.2086e+01   7.7038e+00   0.0000e+00   2.2846e-04   3.3854e+02
20260112_07:00:00   1.1505e-01   3.1410e+01   7.2834e+00   0.0000e+00   3.9356e-04   3.4015e+02
20260112_08:00:00   1.1554e-01   3.1525e+01   7.3487e+00   0.0000e+00   8.6998e-03   3.4057e+02
20260112_09:00:00   1.2152e-01   3.2885e+01   8.2313e+00   0.0000e+00   1.5805e-02   3.3881e+02
20260112_10:00:00   1.2891e-01   3.4594e+01   9.2321e+00   0.0000e+00   1.3033e-01   3.3316e+02
20260112_11:00:00   1.2593e-01   3.3918e+01   8.7519e+00   0.0000e+00   1.5772e-01   3.3530e+02
20260112_12:00:00   1.2260e-01   3.3135e+01   8.2743e+00   0.0000e+00   7.1939e-02   3.4102e+02
20260112_13:00:00   1.2638e-01   3.4043e+01   8.8220e+00   0.0000e+00   5.6234e-02   3.4546e+02
20260112_14:00:00   1.1693e-01   3.1892e+01   7.2499e+00   0.0000e+00   0.0000e+00   3.4270e+02
20260112_15:00:00   1.1248e-01   3.0872e+01   6.5520e+00   0.0000e+00   0.0000e+00   3.3486e+02
20260112_16:00:00   1.1154e-01   3.0681e+01   6.3622e+00   0.0000e+00   1.9096e-03   3.3788e+02
20260112_17:00:00   1.0991e-01   3.0307e+01   6.3369e+00   0.0000e+00   9.8061e-04   3.3623e+02
20260112_18:00:00   1.1440e-01   3.1361e+01   6.9923e+00   0.0000e+00   8.2518e-03   3.4297e+02
20260112_19:00:00   1.1856e-01   3.2344e+01   7.6172e+00   0.0000e+00   1.9072e-02   3.4029e+02
20260112_20:00:00   1.1962e-01   3.2608e+01   7.9194e+00   0.0000e+00   2.2857e-02   3.3623e+02
20260112_21:00:00   1.2749e-01   3.4448e+01   9.1485e+00   0.0000e+00   1.1862e-02   3.3942e+02
20260112_22:00:00   1.3421e-01   3.6021e+01   1.0133e+01   0.0000e+00   7.0522e-04   3.4579e+02
20260112_23:00:00   1.4370e-01   3.8262e+01   1.1451e+01   0.0000e+00   2.2140e-06   3.4987e+02
20260113_00:00:00   1.4935e-01   3.9656e+01   1.2064e+01   0.0000e+00   0.0000e+00   3.4776e+02
20260113_01:00:00   1.4433e-01   3.8504e+01   1.1389e+01   0.0000e+00   0.0000e+00   3.4603e+02
20260113_02:00:00   1.4588e-01   3.8909e+01   1.1580e+01   0.0000e+00   2.7064e-06   3.4095e+02
20260113_03:00:00   1.4223e-01   3.8069e+01   1.1311e+01   0.0000e+00   7.6088e-04   3.3787e+02
20260113_04:00:00   1.4381e-01   3.8413e+01   1.1605e+01   0.0000e+00   1.2507e-02   3.3682e+02
20260113_05:00:00   1.4305e-01   3.8237e+01   1.1599e+01   0.0000e+00   6.9775e-02   3.3395e+02
20260113_06:00:00   1.4425e-01   3.8449e+01   1.1889e+01   0.0000e+00   2.2276e-01   3.3357e+02
20260113_07:00:00   1.4895e-01   3.9511e+01   1.2625e+01   0.0000e+00   1.8122e-01   3.3804e+02
20260113_08:00:00   1.4742e-01   3.9169e+01   1.2452e+01   0.0000e+00   1.0333e-02   3.4786e+02
20260113_09:00:00   1.4947e-01   3.9711e+01   1.2666e+01   0.0000e+00   1.2987e-02   3.5189e+02
20260113_10:00:00   1.5443e-01   4.0997e+01   1.3075e+01   0.0000e+00   2.6984e-05   3.4707e+02
20260113_11:00:00   1.6200e-01   4.2770e+01   1.3989e+01   0.0000e+00   1.0075e-03   3.4411e+02
20260113_12:00:00   1.5795e-01   4.1885e+01   1.3700e+01   0.0000e+00   4.2518e-03   3.4645e+02
20260113_13:00:00   1.5960e-01   4.2251e+01   1.3940e+01   0.0000e+00   1.8795e-02   3.4701e+02
20260113_14:00:00   1.5893e-01   4.2112e+01   1.3832e+01   0.0000e+00   1.2949e-02   3.4965e+02
20260113_15:00:00   1.6549e-01   4.3578e+01   1.4668e+01   0.0000e+00   7.8253e-02   3.4901e+02
20260113_16:00:00   1.7425e-01   4.5606e+01   1.5544e+01   0.0000e+00   2.5804e-02   3.4940e+02
20260113_17:00:00   1.8013e-01   4.6911e+01   1.6174e+01   0.0000e+00   3.9129e-02   3.4923e+02
20260113_18:00:00   1.8010e-01   4.6832e+01   1.6091e+01   0.0000e+00   2.6655e-01   3.5357e+02
20260113_19:00:00   1.7989e-01   4.6640e+01   1.6002e+01   0.0000e+00   2.9048e-01   3.5862e+02
20260113_20:00:00   2.0161e-01   5.1380e+01   1.8044e+01   0.0000e+00   6.1496e-01   3.5838e+02
20260113_21:00:00   1.9651e-01   5.0155e+01   1.7296e+01   0.0000e+00   5.6706e-01   3.6381e+02
20260113_22:00:00   1.9337e-01   4.9513e+01   1.6632e+01   0.0000e+00   5.4698e-01   3.7299e+02
20260113_23:00:00   1.8475e-01   4.7523e+01   1.5645e+01   0.0000e+00   2.2176e-01   3.7508e+02
20260114_00:00:00   1.7442e-01   4.5206e+01   1.4363e+01   0.0000e+00   4.2464e-02   3.8492e+02
20260114_01:00:00   1.6457e-01   4.2981e+01   1.2874e+01   0.0000e+00   4.8674e-02   3.8559e+02
20260114_02:00:00   1.5968e-01   4.1814e+01   1.2053e+01   0.0000e+00   1.2712e-02   3.9228e+02
20260114_03:00:00   1.8823e-01   4.8232e+01   1.1776e+01   3.1961e-02   2.0927e-04   3.8839e+02
20260114_04:00:00   3.6244e-01   8.3706e+01   1.1753e+01   2.2861e-01   6.8715e-04   3.8716e+02
20260114_05:00:00   1.8279e-01   4.6800e+01   1.0695e+01   3.7203e-02   1.6118e-03   3.8473e+02
20260114_06:00:00   2.4209e-01   5.9526e+01   1.0544e+01   1.0345e-01   2.0523e-03   3.8350e+02
20260114_07:00:00   1.9850e-01   5.0114e+01   1.0347e+01   5.7125e-02   1.3843e-03   3.8774e+02
20260114_08:00:00   1.5689e-01   4.0730e+01   1.0491e+01   9.0330e-03   5.5578e-03   3.9426e+02
20260114_09:00:00   1.3867e-01   3.6574e+01   8.9754e+00   1.7059e-03   1.1529e-02   4.0628e+02
20260114_10:00:00   1.4107e-01   3.7147e+01   7.8743e+00   1.1779e-02   3.0380e-02   4.0040e+02
20260114_11:00:00   1.1415e-01   3.0711e+01   5.9040e+00   2.7948e-04   1.3007e-03   3.9087e+02
20260114_12:00:00   1.1099e-01   2.9849e+01   5.2833e+00   2.0788e-03   1.4186e-02   3.9897e+02
20260114_13:00:00   1.1488e-01   3.0620e+01   4.9962e+00   8.6001e-03   2.3882e-02   4.0214e+02
20260114_14:00:00   1.0614e-01   2.8459e+01   4.4011e+00   2.8980e-03   1.5565e-02   4.0041e+02
20260114_15:00:00   1.0174e-01   2.7319e+01   3.9828e+00   8.0200e-04   6.0457e-03   4.1114e+02
20260114_16:00:00   1.0602e-01   2.8205e+01   4.0517e+00   4.5540e-03   7.8717e-03   4.2232e+02
20260114_17:00:00   1.0939e-01   2.8908e+01   4.0917e+00   7.9523e-03   2.0359e-02   4.1920e+02
20260114_18:00:00   1.3347e-01   3.4231e+01   4.4170e+00   3.2940e-02   2.6182e-02   4.2037e+02
20260114_19:00:00   1.3210e-01   3.3943e+01   4.8541e+00   2.7520e-02   4.1528e-02   4.3146e+02
20260114_20:00:00   1.1172e-01   2.9427e+01   5.2147e+00   1.4172e-03   1.7711e-02   4.2690e+02
20260114_21:00:00   1.0934e-01   2.8930e+01   5.0438e+00   0.0000e+00   5.1848e-03   3.9414e+02
20260114_22:00:00   1.0244e-01   2.7373e+01   4.1395e+00   0.0000e+00   1.1029e-03   3.8356e+02
20260114_23:00:00   9.1244e-02   2.4802e+01   2.6639e+00   0.0000e+00   4.6914e-05   3.9365e+02
20260115_00:00:00   9.0481e-02   2.4619e+01   2.5946e+00   0.0000e+00   2.2742e-06   3.9729e+02
20260115_01:00:00   9.0461e-02   2.4609e+01   2.6011e+00   0.0000e+00   5.6375e-06   4.0189e+02
20260115_02:00:00   9.0366e-02   2.4579e+01   2.5916e+00   0.0000e+00   4.7374e-06   4.0784e+02
20260115_03:00:00   9.0294e-02   2.4557e+01   2.5780e+00   0.0000e+00   7.3870e-06   4.1719e+02
20260115_04:00:00   8.9734e-02   2.4429e+01   2.4944e+00   0.0000e+00   7.4135e-06   4.2200e+02
20260115_05:00:00   8.9221e-02   2.4316e+01   2.4303e+00   0.0000e+00   7.3139e-06   4.2391e+02
20260115_06:00:00   8.8693e-02   2.4198e+01   2.3686e+00   0.0000e+00   7.3372e-06   4.0856e+02
20260115_07:00:00   8.8426e-02   2.4146e+01   2.3627e+00   0.0000e+00   7.4617e-06   3.8887e+02
20260115_08:00:00   8.7846e-02   2.4025e+01   2.3306e+00   0.0000e+00   7.4648e-06   3.8278e+02
20260115_09:00:00   8.7034e-02   2.3862e+01   2.2930e+00   0.0000e+00   6.3820e-06   3.6929e+02
20260115_10:00:00   8.7436e-02   2.3969e+01   2.3798e+00   0.0000e+00   6.4010e-06   3.5826e+02
20260115_11:00:00   8.7645e-02   2.4034e+01   2.4311e+00   0.0000e+00   6.4100e-06   3.4902e+02
20260115_12:00:00   8.7668e-02   2.4058e+01   2.4917e+00   0.0000e+00   6.4080e-06   3.4423e+02
20260115_13:00:00   8.7234e-02   2.3984e+01   2.5245e+00   0.0000e+00   4.3780e-06   3.3859e+02
20260115_14:00:00   8.7244e-02   2.3991e+01   2.5894e+00   0.0000e+00   1.0429e-05   3.3580e+02
20260115_15:00:00   8.7573e-02   2.4075e+01   2.6837e+00   0.0000e+00   1.3442e-05   3.3402e+02
20260115_16:00:00   8.8122e-02   2.4214e+01   2.8278e+00   0.0000e+00   2.7497e-04   3.3334e+02
20260115_17:00:00   8.8082e-02   2.4227e+01   2.9260e+00   0.0000e+00   6.7996e-04   3.3392e+02
20260115_18:00:00   8.7721e-02   2.4163e+01   3.0045e+00   0.0000e+00   1.3005e-03   3.3444e+02
20260115_19:00:00   8.7310e-02   2.4093e+01   3.0485e+00   0.0000e+00   4.6624e-02   3.3249e+02
20260115_20:00:00   9.0188e-02   2.4759e+01   3.5324e+00   0.0000e+00   7.2558e-02   3.3034e+02
20260115_21:00:00   9.2362e-02   2.5260e+01   3.8934e+00   0.0000e+00   4.6753e-02   3.3086e+02
20260115_22:00:00   9.2631e-02   2.5338e+01   4.0033e+00   0.0000e+00   6.6256e-02   3.3285e+02
20260115_23:00:00   9.4457e-02   2.5761e+01   4.3074e+00   0.0000e+00   7.0414e-02   3.3562e+02
20260116_00:00:00   9.7609e-02   2.6492e+01   4.7123e+00   0.0000e+00   2.0956e-01   3.3486e+02
20260116_03:00:00   1.2150e-01   3.1987e+01   7.6556e+00   0.0000e+00   2.6709e-01   3.3704e+02
20260116_06:00:00   1.2405e-01   3.2661e+01   7.6679e+00   0.0000e+00   6.5134e-02   3.4381e+02
20260116_09:00:00   1.1590e-01   3.0845e+01   6.5223e+00   0.0000e+00   2.0231e-03   3.6331e+02
20260116_12:00:00   1.1488e-01   3.0604e+01   6.2582e+00   3.0520e-05   6.3982e-03   3.7822e+02
20260116_15:00:00   1.2569e-01   3.3160e+01   7.2694e+00   0.0000e+00   7.2740e-03   3.8699e+02
20260116_18:00:00   1.2079e-01   3.2089e+01   6.7893e+00   0.0000e+00   1.5691e-05   3.8934e+02
20260116_21:00:00   1.2522e-01   3.3117e+01   7.3583e+00   4.5260e-05   6.0056e-03   3.8504e+02
20260117_00:00:00   1.2857e-01   3.3867e+01   7.5899e+00   2.8340e-04   7.2959e-03   3.9490e+02
20260117_03:00:00   1.3106e-01   3.4355e+01   7.9676e+00   1.3108e-05   1.0183e-03   3.9795e+02
20260117_06:00:00   1.3147e-01   3.4397e+01   7.9352e+00   0.0000e+00   1.0025e-04   3.9005e+02
20260117_09:00:00   1.2847e-01   3.3565e+01   7.4165e+00   0.0000e+00   2.2154e-02   3.9394e+02
20260117_12:00:00   1.1367e-01   2.9998e+01   5.8148e+00   0.0000e+00   6.6685e-05   4.0262e+02
20260117_15:00:00   1.1168e-01   2.9482e+01   5.5236e+00   7.8030e-07   8.0995e-04   4.0194e+02
20260117_18:00:00   1.2043e-01   3.1456e+01   5.7158e+00   8.2380e-03   1.2782e-03   4.1800e+02
20260117_21:00:00   1.0471e-01   2.7957e+01   4.5838e+00   0.0000e+00   1.1295e-04   4.4508e+02
20260118_00:00:00   9.6253e-02   2.6055e+01   3.5287e+00   0.0000e+00   0.0000e+00   4.3228e+02
20260118_03:00:00   9.9533e-02   2.6873e+01   4.3491e+00   0.0000e+00   1.6866e-06   4.0682e+02
20260118_06:00:00   1.0569e-01   2.8418e+01   5.4903e+00   0.0000e+00   8.5084e-06   4.0077e+02
20260118_09:00:00   1.0483e-01   2.8427e+01   5.6524e+00   0.0000e+00   0.0000e+00   3.5769e+02
20260118_12:00:00   9.9395e-02   2.7307e+01   5.1788e+00   0.0000e+00   0.0000e+00   3.4610e+02
20260118_15:00:00   1.0333e-01   2.8381e+01   5.8982e+00   0.0000e+00   0.0000e+00   3.3919e+02
20260118_18:00:00   1.0558e-01   2.9056e+01   6.0981e+00   0.0000e+00   0.0000e+00   3.3276e+02
20260118_21:00:00   1.1164e-01   3.0551e+01   7.1435e+00   0.0000e+00   0.0000e+00   3.2943e+02
20260119_00:00:00   1.1979e-01   3.2497e+01   8.2992e+00   0.0000e+00   1.4202e-04   3.3040e+02
20260119_03:00:00   1.2592e-01   3.3836e+01   9.2199e+00   0.0000e+00   1.6185e-02   3.2840e+02
20260119_06:00:00   1.2159e-01   3.2701e+01   7.9992e+00   0.0000e+00   3.5685e-03   3.2254e+02
20260119_09:00:00   1.1367e-01   3.0796e+01   5.8962e+00   3.0520e-05   8.2730e-04   3.2368e+02
20260119_12:00:00   9.8690e-02   2.6935e+01   3.9984e+00   0.0000e+00   2.5720e-05   3.4071e+02
20260119_15:00:00   9.5468e-02   2.6045e+01   3.5267e+00   0.0000e+00   4.0885e-06   3.5019e+02
20260119_18:00:00   9.2419e-02   2.5371e+01   3.3278e+00   0.0000e+00   0.0000e+00   3.4596e+02
20260119_21:00:00   9.1375e-02   2.5186e+01   3.3623e+00   0.0000e+00   0.0000e+00   3.4207e+02
20260120_00:00:00   9.2480e-02   2.5497e+01   3.6415e+00   0.0000e+00   0.0000e+00   3.4616e+02
20260120_03:00:00   9.4855e-02   2.6162e+01   4.2303e+00   0.0000e+00   5.6916e-04   3.4207e+02
20260120_06:00:00   9.9701e-02   2.7443e+01   5.0371e+00   0.0000e+00   2.3920e-05   3.3734e+02
20260120_09:00:00   1.0647e-01   2.9162e+01   6.1882e+00   0.0000e+00   0.0000e+00   3.2640e+02
20260120_12:00:00   1.0990e-01   3.0128e+01   6.9048e+00   0.0000e+00   0.0000e+00   3.1751e+02
20260120_15:00:00   1.1319e-01   3.1099e+01   7.3793e+00   0.0000e+00   0.0000e+00   3.1366e+02
20260120_18:00:00   1.1216e-01   3.1019e+01   7.2012e+00   0.0000e+00   2.6020e-07   3.0719e+02
20260120_21:00:00   1.1884e-01   3.2686e+01   7.9695e+00   0.0000e+00   7.1516e-03   3.0475e+02
20260121_00:00:00   1.2584e-01   3.4334e+01   8.7673e+00   0.0000e+00   1.8985e-02   2.9510e+02
20260121_03:00:00   1.2758e-01   3.4725e+01   8.8321e+00   0.0000e+00   1.0612e-02   2.9596e+02
20260121_06:00:00   1.2932e-01   3.5108e+01   9.0062e+00   0.0000e+00   1.6371e-02   2.9850e+02
20260121_09:00:00   1.3011e-01   3.5309e+01   9.1134e+00   0.0000e+00   4.2797e-03   2.9803e+02
20260121_12:00:00   1.2199e-01   3.3396e+01   8.1805e+00   0.0000e+00   5.5000e-04   2.9837e+02
20260121_15:00:00   1.1780e-01   3.2413e+01   7.6676e+00   0.0000e+00   8.2554e-03   2.9836e+02
20260121_18:00:00   1.2679e-01   3.4675e+01   8.7501e+00   0.0000e+00   1.6163e-02   3.0932e+02
20260121_21:00:00   1.4500e-01   3.9044e+01   1.1088e+01   0.0000e+00   1.3788e-03   3.0041e+02
20260122_00:00:00   1.6540e-01   4.3622e+01   1.3045e+01   2.8437e-03   2.4935e-02   3.0497e+02
20260122_03:00:00   1.5149e-01   4.0350e+01   1.1565e+01   0.0000e+00   1.0486e-05   3.2454e+02
20260122_06:00:00   1.0837e-01   2.9821e+01   5.6975e+00   0.0000e+00   3.7595e-06   3.3332e+02
20260122_09:00:00   9.5572e-02   2.6515e+01   4.4440e+00   0.0000e+00   2.5366e-06   3.2827e+02
20260122_12:00:00   1.0144e-01   2.7811e+01   5.4423e+00   0.0000e+00   2.1739e-03   3.5485e+02
20260122_15:00:00   1.0527e-01   2.8732e+01   6.1582e+00   0.0000e+00   4.7070e-03   3.5203e+02
20260122_18:00:00   1.0255e-01   2.8086e+01   5.7964e+00   0.0000e+00   2.7038e-04   3.5478e+02
20260122_21:00:00   1.0660e-01   2.9172e+01   6.4141e+00   0.0000e+00   9.3240e-06   3.4229e+02
20260123_00:00:00   1.3950e-01   3.6992e+01   8.7485e+00   1.3704e-02   4.6589e-03   3.3615e+02
20260123_03:00:00   2.5864e-01   6.3325e+01   1.0507e+01   1.3120e-01   4.2141e-04   3.2723e+02
20260123_06:00:00   3.6457e-01   8.4410e+01   1.1514e+01   2.3763e-01   3.4127e-04   3.1257e+02
20260123_09:00:00   2.4581e-01   6.1186e+01   1.3362e+01   8.8691e-02   1.5164e-05   3.0981e+02
20260123_12:00:00   6.6612e-01   1.3477e+02   1.4462e+01   5.5748e-01   9.8022e-05   3.0206e+02
20260123_15:00:00   4.2556e-01   9.6799e+01   1.3338e+01   2.9428e-01   1.6176e-04   2.9834e+02
20260123_18:00:00   4.5313e-01   1.0162e+02   1.2305e+01   3.3532e-01   1.6962e-03   2.9624e+02
20260123_21:00:00   5.1351e-01   1.1159e+02   1.1780e+01   4.0969e-01   1.2658e-03   2.9475e+02
20260124_00:00:00   3.7332e-01   8.6628e+01   1.1052e+01   2.5445e-01   1.1864e-03   2.9763e+02
20260124_03:00:00   3.0576e-01   7.3151e+01   1.1203e+01   1.7703e-01   9.1120e-03   3.0507e+02
20260124_06:00:00   1.4412e-01   3.8152e+01   1.0624e+01   2.8020e-03   1.0512e-02   2.9137e+02
20260124_09:00:00   1.4150e-01   3.7339e+01   1.1136e+01   0.0000e+00   1.2923e-01   2.9432e+02
20260124_12:00:00   1.5011e-01   3.9082e+01   1.2376e+01   0.0000e+00   3.6853e-01   3.0161e+02
20260124_15:00:00   1.5794e-01   4.0792e+01   1.3318e+01   0.0000e+00   3.6824e-01   3.0185e+02
20260124_18:00:00   1.3735e-01   3.6137e+01   1.0616e+01   6.2920e-05   6.3198e-02   2.9790e+02
20260124_21:00:00   1.1694e-01   3.1477e+01   7.3782e+00   0.0000e+00   3.4595e-02   2.9775e+02
20260125_00:00:00   1.1071e-01   3.0039e+01   6.4094e+00   0.0000e+00   1.2524e-02   2.9838e+02
20260125_03:00:00   1.0808e-01   2.9355e+01   6.0095e+00   0.0000e+00   1.3096e-02   3.0569e+02
20260125_06:00:00   1.0745e-01   2.9168e+01   5.9163e+00   0.0000e+00   9.7100e-03   3.1797e+02
20260125_09:00:00   1.0837e-01   2.9351e+01   5.9694e+00   0.0000e+00   6.5813e-03   3.1190e+02
20260125_12:00:00   1.0988e-01   2.9675e+01   6.2095e+00   0.0000e+00   8.3476e-03   3.0183e+02
20260125_15:00:00   1.1080e-01   2.9869e+01   6.3610e+00   0.0000e+00   1.5313e-03   2.9991e+02
20260125_18:00:00   1.1425e-01   3.0642e+01   6.9548e+00   0.0000e+00   2.1841e-04   2.9979e+02
20260125_21:00:00   1.3046e-01   3.4397e+01   9.2500e+00   0.0000e+00   2.1424e-02   2.8876e+02
20260126_00:00:00   1.4178e-01   3.7009e+01   1.0544e+01   0.0000e+00   1.4628e-02   2.9298e+02
20260126_03:00:00   1.4625e-01   3.8028e+01   1.0690e+01   0.0000e+00   1.1993e-01   2.8984e+02
20260126_06:00:00   1.4541e-01   3.7861e+01   1.0379e+01   5.8380e-04   8.3876e-02   2.8820e+02
20260126_09:00:00   1.4148e-01   3.6950e+01   1.0004e+01   0.0000e+00   1.1420e-02   2.8623e+02
20260126_12:00:00   1.4157e-01   3.6959e+01   1.0247e+01   0.0000e+00   2.1940e-03   2.8569e+02
20260126_15:00:00   1.3374e-01   3.5273e+01   9.1432e+00   0.0000e+00   1.3019e-05   2.9189e+02
20260126_18:00:00   1.2854e-01   3.4180e+01   8.3930e+00   0.0000e+00   1.9952e-03   3.0904e+02
20260126_21:00:00   1.2871e-01   3.4407e+01   8.4570e+00   0.0000e+00   8.7749e-04   3.1405e+02
20260127_00:00:00   1.2933e-01   3.4583e+01   8.7241e+00   0.0000e+00   2.1461e-02   3.1008e+02
