#            date       tau255        Tb[K]      pwv[mm] lwp[kg*m^-2] iwp[kg*m^-2]       o3[DU]
20260526_06:00:00   2.0718e-01   5.5568e+01   1.9863e+01   0.0000e+00   0.0000e+00   3.5207e+02
20260526_07:00:00   1.9775e-01   5.3317e+01   1.8859e+01   0.0000e+00   0.0000e+00   3.5299e+02
20260526_08:00:00   1.9114e-01   5.1686e+01   1.8223e+01   0.0000e+00   0.0000e+00   3.5295e+02
20260526_09:00:00   1.9486e-01   5.2463e+01   1.8625e+01   0.0000e+00   0.0000e+00   3.5191e+02
20260526_10:00:00   1.9614e-01   5.2687e+01   1.8847e+01   0.0000e+00   0.0000e+00   3.4961e+02
20260526_11:00:00   1.9928e-01   5.3393e+01   1.9334e+01   0.0000e+00   0.0000e+00   3.4960e+02
20260526_12:00:00   2.0107e-01   5.3847e+01   1.9443e+01   0.0000e+00   0.0000e+00   3.5089e+02
20260526_13:00:00   1.9888e-01   5.3405e+01   1.8996e+01   0.0000e+00   0.0000e+00   3.5011e+02
20260526_14:00:00   1.9683e-01   5.2970e+01   1.8832e+01   0.0000e+00   6.5540e-06   3.4677e+02
20260526_15:00:00   2.0404e-01   5.4666e+01   1.9642e+01   0.0000e+00   1.5249e-04   3.4528e+02
20260526_16:00:00   2.1419e-01   5.7037e+01   2.0702e+01   0.0000e+00   2.7718e-03   3.4562e+02
20260526_17:00:00   2.2509e-01   5.9587e+01   2.1777e+01   0.0000e+00   5.0985e-03   3.4648e+02
20260526_18:00:00   2.1955e-01   5.8397e+01   2.1392e+01   0.0000e+00   4.6433e-03   3.4848e+02
20260526_19:00:00   2.1814e-01   5.8116e+01   2.1439e+01   0.0000e+00   4.6335e-03   3.4933e+02
20260526_20:00:00   2.1674e-01   5.7871e+01   2.1302e+01   0.0000e+00   9.4504e-03   3.4865e+02
20260526_21:00:00   2.1383e-01   5.7216e+01   2.1089e+01   0.0000e+00   8.8022e-03   3.4923e+02
20260526_22:00:00   2.1929e-01   5.8477e+01   2.1688e+01   0.0000e+00   4.8620e-03   3.4870e+02
20260526_23:00:00   2.2641e-01   6.0131e+01   2.2331e+01   0.0000e+00   4.4362e-03   3.4906e+02
20260527_00:00:00   2.3127e-01   6.1220e+01   2.2806e+01   0.0000e+00   6.2635e-03   3.5054e+02
20260527_01:00:00   2.3379e-01   6.1734e+01   2.3121e+01   0.0000e+00   1.5681e-02   3.5048e+02
20260527_02:00:00   2.3562e-01   6.2057e+01   2.3358e+01   0.0000e+00   2.7520e-02   3.5169e+02
20260527_03:00:00   2.3294e-01   6.1344e+01   2.3336e+01   0.0000e+00   1.9008e-02   3.5229e+02
20260527_04:00:00   2.2499e-01   5.9447e+01   2.2729e+01   0.0000e+00   2.5344e-02   3.5174e+02
20260527_05:00:00   2.2026e-01   5.8255e+01   2.2478e+01   0.0000e+00   1.9526e-02   3.4936e+02
20260527_06:00:00   2.2642e-01   5.9587e+01   2.3108e+01   0.0000e+00   8.7744e-03   3.4577e+02
20260527_07:00:00   2.2816e-01   5.9910e+01   2.3287e+01   0.0000e+00   3.3913e-03   3.4594e+02
20260527_08:00:00   2.3280e-01   6.0971e+01   2.3598e+01   0.0000e+00   5.6535e-03   3.4973e+02
20260527_09:00:00   2.3979e-01   6.2597e+01   2.4017e+01   0.0000e+00   7.3775e-03   3.5150e+02
20260527_10:00:00   2.4848e-01   6.4471e+01   2.4992e+01   0.0000e+00   1.1728e-03   3.4936e+02
20260527_11:00:00   2.5930e-01   6.6728e+01   2.6450e+01   0.0000e+00   2.8260e-04   3.4760e+02
20260527_12:00:00   2.7180e-01   6.9287e+01   2.8275e+01   0.0000e+00   0.0000e+00   3.4912e+02
20260527_13:00:00   2.8242e-01   7.1510e+01   2.9547e+01   0.0000e+00   3.9022e-06   3.4940e+02
20260527_14:00:00   2.9764e-01   7.4672e+01   3.1091e+01   0.0000e+00   1.3483e-04   3.4859e+02
20260527_15:00:00   3.0986e-01   7.7249e+01   3.2347e+01   0.0000e+00   8.0392e-04   3.4834e+02
20260527_16:00:00   3.1405e-01   7.8146e+01   3.2932e+01   0.0000e+00   4.1116e-04   3.4839e+02
20260527_17:00:00   3.1562e-01   7.8574e+01   3.3260e+01   0.0000e+00   3.9934e-05   3.4838e+02
20260527_18:00:00   3.2317e-01   8.0274e+01   3.3917e+01   0.0000e+00   1.5615e-05   3.4611e+02
20260527_19:00:00   3.3466e-01   8.2796e+01   3.4866e+01   0.0000e+00   9.6700e-06   3.4658e+02
20260527_20:00:00   3.3044e-01   8.2209e+01   3.4270e+01   0.0000e+00   0.0000e+00   3.5051e+02
20260527_21:00:00   3.2456e-01   8.1255e+01   3.3266e+01   0.0000e+00   0.0000e+00   3.4882e+02
20260527_22:00:00   3.3085e-01   8.2650e+01   3.3502e+01   0.0000e+00   0.0000e+00   3.4799e+02
20260527_23:00:00   3.3289e-01   8.3166e+01   3.3560e+01   0.0000e+00   0.0000e+00   3.4574e+02
20260528_00:00:00   3.3200e-01   8.3020e+01   3.3380e+01   0.0000e+00   0.0000e+00   3.4328e+02
20260528_01:00:00   3.2800e-01   8.2214e+01   3.2959e+01   1.3006e-06   0.0000e+00   3.4128e+02
20260528_02:00:00   3.3604e-01   8.3777e+01   3.3727e+01   2.2360e-05   0.0000e+00   3.3929e+02
20260528_03:00:00   3.5018e-01   8.6476e+01   3.5321e+01   0.0000e+00   0.0000e+00   3.3791e+02
20260528_04:00:00   3.5212e-01   8.6785e+01   3.5693e+01   0.0000e+00   0.0000e+00   3.3788e+02
20260528_05:00:00   3.5228e-01   8.6729e+01   3.5986e+01   0.0000e+00   6.4167e-05   3.3832e+02
20260528_06:00:00   3.5951e-01   8.8073e+01   3.6688e+01   0.0000e+00   2.7242e-04   3.3765e+02
20260528_07:00:00   3.5497e-01   8.7181e+01   3.5718e+01   0.0000e+00   0.0000e+00   3.3753e+02
20260528_08:00:00   3.5511e-01   8.7139e+01   3.4784e+01   3.7400e-07   0.0000e+00   3.3806e+02
20260528_09:00:00   3.4129e-01   8.4295e+01   3.2670e+01   2.6620e-06   0.0000e+00   3.3704e+02
20260528_10:00:00   3.1685e-01   7.9170e+01   3.0219e+01   0.0000e+00   0.0000e+00   3.3590e+02
20260528_11:00:00   2.9130e-01   7.3816e+01   2.7503e+01   0.0000e+00   1.1638e-04   3.3706e+02
20260528_12:00:00   2.7806e-01   7.1006e+01   2.6015e+01   0.0000e+00   2.8060e-04   3.3867e+02
20260528_13:00:00   2.7275e-01   6.9788e+01   2.5376e+01   0.0000e+00   9.2220e-05   3.4087e+02
20260528_14:00:00   2.6970e-01   6.9120e+01   2.5034e+01   0.0000e+00   4.9586e-05   3.4035e+02
20260528_15:00:00   2.6698e-01   6.8544e+01   2.4721e+01   0.0000e+00   1.0672e-04   3.3818e+02
20260528_16:00:00   2.6221e-01   6.7587e+01   2.4168e+01   0.0000e+00   4.3374e-04   3.3732e+02
20260528_17:00:00   2.5758e-01   6.6653e+01   2.3598e+01   0.0000e+00   2.8267e-03   3.3653e+02
20260528_18:00:00   2.6217e-01   6.7732e+01   2.3918e+01   0.0000e+00   3.9489e-03   3.3618e+02
20260528_19:00:00   2.6359e-01   6.8172e+01   2.3995e+01   0.0000e+00   3.3769e-03   3.3729e+02
20260528_20:00:00   2.6737e-01   6.9079e+01   2.4332e+01   0.0000e+00   5.0366e-03   3.3812e+02
20260528_21:00:00   2.6963e-01   6.9591e+01   2.4461e+01   0.0000e+00   7.8975e-03   3.4022e+02
20260528_22:00:00   2.6750e-01   6.9174e+01   2.4193e+01   0.0000e+00   1.2312e-02   3.4050e+02
20260528_23:00:00   2.6443e-01   6.8514e+01   2.3927e+01   0.0000e+00   3.9149e-03   3.3975e+02
20260529_00:00:00   2.5699e-01   6.6875e+01   2.3144e+01   0.0000e+00   6.5758e-03   3.4084e+02
20260529_01:00:00   2.5058e-01   6.5384e+01   2.2338e+01   0.0000e+00   7.1047e-03   3.4135e+02
20260529_02:00:00   2.3531e-01   6.1938e+01   2.0873e+01   0.0000e+00   7.0374e-03   3.4193e+02
20260529_03:00:00   2.2770e-01   6.0171e+01   2.0198e+01   0.0000e+00   5.3819e-03   3.4159e+02
20260529_04:00:00   2.1915e-01   5.8187e+01   1.9270e+01   0.0000e+00   3.4713e-03   3.4142e+02
20260529_05:00:00   2.1800e-01   5.7822e+01   1.9101e+01   0.0000e+00   3.2989e-03   3.4186e+02
20260529_06:00:00   2.1514e-01   5.7109e+01   1.8779e+01   0.0000e+00   2.8759e-03   3.4178e+02
20260529_07:00:00   2.1189e-01   5.6345e+01   1.8547e+01   0.0000e+00   1.2463e-03   3.4308e+02
20260529_08:00:00   2.0323e-01   5.4362e+01   1.7732e+01   0.0000e+00   1.0632e-03   3.4161e+02
20260529_09:00:00   1.9982e-01   5.3539e+01   1.7372e+01   0.0000e+00   5.1728e-04   3.3973e+02
20260529_10:00:00   2.0019e-01   5.3548e+01   1.7341e+01   0.0000e+00   1.6922e-03   3.4085e+02
20260529_11:00:00   1.9966e-01   5.3394e+01   1.7273e+01   0.0000e+00   2.0118e-03   3.4188e+02
20260529_12:00:00   2.0459e-01   5.4504e+01   1.7802e+01   0.0000e+00   1.0624e-03   3.4195e+02
20260529_13:00:00   2.0634e-01   5.4929e+01   1.7969e+01   0.0000e+00   1.6344e-03   3.4184e+02
20260529_14:00:00   2.1281e-01   5.6410e+01   1.8664e+01   0.0000e+00   1.0129e-03   3.4228e+02
20260529_15:00:00   2.1563e-01   5.7106e+01   1.8983e+01   0.0000e+00   7.2815e-04   3.4237e+02
20260529_16:00:00   2.2049e-01   5.8275e+01   1.9443e+01   0.0000e+00   3.6001e-04   3.4155e+02
20260529_17:00:00   2.2717e-01   5.9848e+01   2.0163e+01   0.0000e+00   1.3457e-04   3.4096e+02
20260529_18:00:00   2.3123e-01   6.0889e+01   2.0742e+01   0.0000e+00   7.2160e-05   3.4037e+02
20260529_19:00:00   2.3495e-01   6.1824e+01   2.1305e+01   0.0000e+00   5.7960e-05   3.3975e+02
20260529_20:00:00   2.4017e-01   6.3057e+01   2.1925e+01   0.0000e+00   0.0000e+00   3.3993e+02
20260529_21:00:00   2.4286e-01   6.3724e+01   2.2193e+01   0.0000e+00   0.0000e+00   3.3829e+02
20260529_22:00:00   2.4561e-01   6.4385e+01   2.2453e+01   0.0000e+00   0.0000e+00   3.3828e+02
20260529_23:00:00   2.4553e-01   6.4398e+01   2.2444e+01   0.0000e+00   0.0000e+00   3.3825e+02
20260530_00:00:00   2.4142e-01   6.3499e+01   2.2030e+01   0.0000e+00   0.0000e+00   3.3815e+02
20260530_01:00:00   2.4145e-01   6.3480e+01   2.1996e+01   0.0000e+00   0.0000e+00   3.3951e+02
20260530_02:00:00   2.3585e-01   6.2172e+01   2.1390e+01   0.0000e+00   0.0000e+00   3.4000e+02
20260530_03:00:00   2.2803e-01   6.0382e+01   2.0622e+01   0.0000e+00   0.0000e+00   3.3872e+02
20260530_04:00:00   2.3090e-01   6.0952e+01   2.0836e+01   0.0000e+00   0.0000e+00   3.3775e+02
20260530_05:00:00   2.3159e-01   6.1042e+01   2.0839e+01   0.0000e+00   1.1362e-06   3.3609e+02
20260530_06:00:00   2.2987e-01   6.0594e+01   2.0649e+01   0.0000e+00   7.1100e-05   3.3480e+02
20260530_07:00:00   2.2459e-01   5.9358e+01   2.0162e+01   0.0000e+00   3.9400e-05   3.3507e+02
20260530_08:00:00   2.2109e-01   5.8514e+01   1.9845e+01   0.0000e+00   5.5340e-06   3.3573e+02
20260530_09:00:00   2.1727e-01   5.7611e+01   1.9492e+01   0.0000e+00   1.8642e-05   3.3457e+02
20260530_10:00:00   2.1507e-01   5.7060e+01   1.9266e+01   0.0000e+00   9.7740e-05   3.3629e+02
20260530_11:00:00   2.1655e-01   5.7319e+01   1.9363e+01   0.0000e+00   6.7740e-05   3.3880e+02
20260530_12:00:00   2.1460e-01   5.6853e+01   1.9110e+01   0.0000e+00   4.6840e-05   3.3838e+02
20260530_13:00:00   2.1436e-01   5.6815e+01   1.9086e+01   0.0000e+00   3.5760e-05   3.4009e+02
20260530_14:00:00   2.1113e-01   5.6138e+01   1.8779e+01   0.0000e+00   3.0240e-05   3.4163e+02
20260530_15:00:00   2.0622e-01   5.5093e+01   1.8318e+01   0.0000e+00   1.2608e-05   3.4165e+02
20260530_16:00:00   2.0776e-01   5.5507e+01   1.8425e+01   0.0000e+00   2.3820e-04   3.3863e+02
20260530_17:00:00   2.0520e-01   5.4971e+01   1.8213e+01   0.0000e+00   9.9600e-04   3.3451e+02
20260530_18:00:00   2.0222e-01   5.4334e+01   1.7906e+01   0.0000e+00   1.0152e-03   3.3525e+02
20260530_19:00:00   1.9340e-01   5.2333e+01   1.7082e+01   0.0000e+00   3.4617e-04   3.3571e+02
20260530_20:00:00   1.8950e-01   5.1441e+01   1.6773e+01   0.0000e+00   2.0625e-04   3.3686e+02
20260530_21:00:00   1.9378e-01   5.2439e+01   1.7297e+01   0.0000e+00   8.9998e-04   3.3783e+02
20260530_22:00:00   1.9031e-01   5.1630e+01   1.6955e+01   0.0000e+00   1.8556e-05   3.3848e+02
20260530_23:00:00   1.8077e-01   4.9427e+01   1.5884e+01   0.0000e+00   5.5340e-06   3.3705e+02
20260531_00:00:00   1.7766e-01   4.8694e+01   1.5468e+01   0.0000e+00   8.3020e-06   3.3575e+02
20260531_01:00:00   1.7563e-01   4.8188e+01   1.5186e+01   0.0000e+00   1.8642e-05   3.3559e+02
20260531_02:00:00   1.7013e-01   4.6848e+01   1.4478e+01   0.0000e+00   1.6604e-05   3.3606e+02
20260531_03:00:00   1.6779e-01   4.6268e+01   1.4115e+01   0.0000e+00   5.5340e-06   3.3709e+02
20260531_04:00:00   1.7311e-01   4.7505e+01   1.4755e+01   0.0000e+00   5.5340e-06   3.3738e+02
20260531_05:00:00   1.9037e-01   5.1539e+01   1.6469e+01   0.0000e+00   5.5340e-06   3.3548e+02
20260531_06:00:00   2.1129e-01   5.6376e+01   1.8259e+01   0.0000e+00   0.0000e+00   3.3466e+02
20260531_09:00:00   2.2469e-01   5.9270e+01   1.9569e+01   0.0000e+00   5.5340e-06   3.3474e+02
20260531_12:00:00   2.4237e-01   6.3171e+01   2.1334e+01   0.0000e+00   1.8310e-05   3.3681e+02
20260531_15:00:00   2.4649e-01   6.4126e+01   2.2074e+01   0.0000e+00   4.3840e-04   3.4184e+02
20260531_18:00:00   2.6052e-01   6.7344e+01   2.4246e+01   4.1300e-04   9.5464e-05   3.3737e+02
20260531_21:00:00   2.7498e-01   7.0523e+01   2.6745e+01   3.4440e-05   3.5927e-03   3.3468e+02
20260601_00:00:00   2.6795e-01   6.9054e+01   2.6000e+01   0.0000e+00   1.4518e-02   3.3724e+02
20260601_03:00:00   2.6325e-01   6.7722e+01   2.6354e+01   0.0000e+00   8.5883e-03   3.3810e+02
20260601_06:00:00   2.5947e-01   6.6594e+01   2.6798e+01   0.0000e+00   3.7023e-03   3.4170e+02
20260601_09:00:00   2.6540e-01   6.7659e+01   2.7597e+01   0.0000e+00   6.1823e-04   3.3910e+02
20260601_12:00:00   2.7337e-01   6.9211e+01   2.8717e+01   5.9760e-05   1.0529e-03   3.4060e+02
20260601_15:00:00   2.8437e-01   7.1674e+01   2.9827e+01   2.6442e-04   9.0586e-03   3.3986e+02
20260601_18:00:00   2.7652e-01   7.0389e+01   2.8498e+01   2.6280e-03   4.8847e-03   3.3994e+02
20260601_21:00:00   2.5767e-01   6.6689e+01   2.6379e+01   0.0000e+00   1.8928e-03   3.3687e+02
20260602_00:00:00   2.7778e-01   7.1131e+01   2.8644e+01   0.0000e+00   0.0000e+00   3.3541e+02
20260602_03:00:00   2.9063e-01   7.3971e+01   2.9520e+01   0.0000e+00   0.0000e+00   3.3488e+02
20260602_06:00:00   3.1891e-01   7.9566e+01   3.2920e+01   0.0000e+00   0.0000e+00   3.3372e+02
20260602_09:00:00   3.5583e-01   8.6577e+01   3.6728e+01   5.8680e-03   4.0896e-02   3.3272e+02
20260602_12:00:00   3.6161e-01   8.7891e+01   3.6954e+01   1.3108e-05   9.3321e-03   3.4057e+02
20260602_15:00:00   3.5960e-01   8.7885e+01   3.5693e+01   0.0000e+00   5.0617e-03   3.4987e+02
20260602_18:00:00   3.9190e-01   9.4308e+01   3.8728e+01   3.4120e-04   1.0977e-03   3.4601e+02
20260602_21:00:00   4.1234e-01   9.8339e+01   3.9938e+01   6.8360e-05   1.9966e-03   3.4605e+02
20260603_00:00:00   3.6739e-01   8.9750e+01   3.4785e+01   5.4620e-06   0.0000e+00   3.5009e+02
20260603_03:00:00   2.7675e-01   7.0701e+01   2.6681e+01   0.0000e+00   2.5299e-03   3.4895e+02
20260603_06:00:00   1.9675e-01   5.2493e+01   1.8531e+01   0.0000e+00   0.0000e+00   3.5416e+02
20260603_09:00:00   1.6498e-01   4.4959e+01   1.4800e+01   0.0000e+00   2.1020e-04   3.4889e+02
20260603_12:00:00   1.4242e-01   3.9393e+01   1.1723e+01   0.0000e+00   8.4346e-04   3.4675e+02
20260603_15:00:00   1.3722e-01   3.8118e+01   1.1095e+01   0.0000e+00   1.3995e-02   3.4959e+02
20260603_18:00:00   1.4756e-01   4.0753e+01   1.2572e+01   0.0000e+00   3.6465e-03   3.5037e+02
20260603_21:00:00   1.6236e-01   4.4395e+01   1.4591e+01   0.0000e+00   1.6842e-04   3.5234e+02
20260604_00:00:00   1.6992e-01   4.6228e+01   1.5568e+01   0.0000e+00   5.2020e-07   3.5770e+02
20260604_03:00:00   1.7779e-01   4.8017e+01   1.6421e+01   0.0000e+00   0.0000e+00   3.6102e+02
20260604_06:00:00   1.8607e-01   4.9833e+01   1.7322e+01   0.0000e+00   4.5880e-05   3.6157e+02
20260604_09:00:00   1.9577e-01   5.1893e+01   1.8561e+01   0.0000e+00   4.1940e-05   3.6321e+02
20260604_12:00:00   1.8761e-01   4.9958e+01   1.7540e+01   0.0000e+00   0.0000e+00   3.6600e+02
20260604_15:00:00   2.0110e-01   5.3184e+01   1.8951e+01   0.0000e+00   5.9000e-04   3.7114e+02
20260604_18:00:00   2.1105e-01   5.5707e+01   2.0238e+01   0.0000e+00   0.0000e+00   3.6831e+02
20260604_21:00:00   2.3678e-01   6.1656e+01   2.2862e+01   5.2840e-03   0.0000e+00   3.6947e+02
20260605_00:00:00   2.9373e-01   7.4069e+01   2.4591e+01   4.8940e-02   0.0000e+00   3.7076e+02
20260605_03:00:00   2.6609e-01   6.8309e+01   2.2803e+01   2.8400e-02   0.0000e+00   3.7792e+02
20260605_06:00:00   2.3396e-01   6.1270e+01   2.1672e+01   0.0000e+00   0.0000e+00   3.7356e+02
20260605_09:00:00   2.4480e-01   6.3543e+01   2.3410e+01   0.0000e+00   0.0000e+00   3.6853e+02
20260605_12:00:00   2.6902e-01   6.8674e+01   2.6144e+01   0.0000e+00   0.0000e+00   3.6773e+02
20260605_15:00:00   2.8297e-01   7.1905e+01   2.7267e+01   1.2460e-04   0.0000e+00   3.6063e+02
20260605_18:00:00   2.8268e-01   7.2086e+01   2.7497e+01   0.0000e+00   0.0000e+00   3.5549e+02
20260605_21:00:00   2.8953e-01   7.3678e+01   2.7757e+01   1.0396e-02   1.4566e-06   3.4844e+02
20260606_00:00:00   3.3227e-01   8.2497e+01   3.1149e+01   2.3399e-02   0.0000e+00   3.4103e+02
20260606_03:00:00   3.3384e-01   8.2827e+01   3.3370e+01   2.0400e-04   0.0000e+00   3.3405e+02
20260606_06:00:00   3.6800e-01   8.9469e+01   3.4166e+01   2.6620e-02   1.1068e-05   3.2932e+02
20260606_09:00:00   3.3201e-01   8.2717e+01   3.2488e+01   0.0000e+00   0.0000e+00   3.2789e+02
20260606_12:00:00   3.3006e-01   8.2289e+01   3.3001e+01   2.5880e-05   0.0000e+00   3.2818e+02
20260606_15:00:00   3.3336e-01   8.3381e+01   3.3169e+01   0.0000e+00   0.0000e+00   3.2838e+02
20260606_18:00:00   3.0819e-01   7.8442e+01   3.1271e+01   0.0000e+00   0.0000e+00   3.3255e+02
20260606_21:00:00   2.7788e-01   7.1977e+01   2.8859e+01   0.0000e+00   0.0000e+00   3.3030e+02
20260607_00:00:00   3.1091e-01   7.9098e+01   3.2595e+01   0.0000e+00   0.0000e+00   3.2502e+02
20260607_03:00:00   3.3566e-01   8.4335e+01   3.4322e+01   0.0000e+00   0.0000e+00   3.2797e+02
20260607_06:00:00   3.9524e-01   9.5480e+01   4.2412e+01   1.9662e-05   3.1219e-02   3.2804e+02
20260607_09:00:00   3.5348e-01   8.7751e+01   3.6348e+01   0.0000e+00   5.7360e-05   3.2585e+02
20260607_12:00:00   3.5749e-01   8.8450e+01   3.5934e+01   0.0000e+00   0.0000e+00   3.2514e+02
20260607_15:00:00   3.7122e-01   9.1103e+01   3.7286e+01   0.0000e+00   0.0000e+00   3.2376e+02
20260607_18:00:00   3.7965e-01   9.3127e+01   3.7502e+01   0.0000e+00   0.0000e+00   3.2441e+02
20260607_21:00:00   3.8883e-01   9.5175e+01   3.7787e+01   3.3220e-04   0.0000e+00   3.2336e+02
20260608_00:00:00   3.6077e-01   8.9779e+01   3.5017e+01   0.0000e+00   0.0000e+00   3.1994e+02
20260608_03:00:00   3.2881e-01   8.3155e+01   3.2403e+01   0.0000e+00   0.0000e+00   3.2395e+02
20260608_06:00:00   3.0676e-01   7.8224e+01   3.0678e+01   0.0000e+00   0.0000e+00   3.2715e+02
20260608_09:00:00   3.0258e-01   7.7105e+01   3.0962e+01   0.0000e+00   2.7680e-06   3.2350e+02
20260608_12:00:00   3.1472e-01   7.9722e+01   3.2400e+01   0.0000e+00   2.8805e-03   3.2548e+02
20260608_15:00:00   3.3926e-01   8.5086e+01   3.4817e+01   0.0000e+00   0.0000e+00   3.2136e+02
20260608_18:00:00   3.4839e-01   8.7431e+01   3.5944e+01   0.0000e+00   0.0000e+00   3.2370e+02
20260608_21:00:00   3.6949e-01   9.2164e+01   3.8500e+01   0.0000e+00   4.1560e-04   3.2429e+02
20260609_00:00:00   3.7247e-01   9.3093e+01   3.8676e+01   0.0000e+00   2.9838e-04   3.2263e+02
20260609_03:00:00   3.3985e-01   8.6427e+01   3.5649e+01   0.0000e+00   1.0938e-04   3.2292e+02
20260609_06:00:00   3.0785e-01   7.9604e+01   3.2274e+01   0.0000e+00   4.9220e-04   3.2199e+02
20260609_09:00:00   2.5092e-01   6.6776e+01   2.6908e+01   0.0000e+00   1.7014e-04   3.2350e+02
20260609_12:00:00   2.2719e-01   6.1154e+01   2.4150e+01   0.0000e+00   8.7660e-05   3.2585e+02
20260609_15:00:00   2.4697e-01   6.5910e+01   2.6616e+01   0.0000e+00   8.1580e-06   3.2331e+02
20260609_18:00:00   2.8739e-01   7.5354e+01   3.0775e+01   0.0000e+00   1.6490e-05   3.2280e+02
20260609_21:00:00   3.0432e-01   7.9252e+01   3.2758e+01   0.0000e+00   1.1740e-04   3.2469e+02
20260610_00:00:00   2.9943e-01   7.8126e+01   3.2559e+01   0.0000e+00   0.0000e+00   3.2607e+02
20260610_03:00:00   2.9572e-01   7.7158e+01   3.2473e+01   0.0000e+00   3.6960e-06   3.2336e+02
20260610_06:00:00   2.9511e-01   7.6836e+01   3.2234e+01   0.0000e+00   0.0000e+00   3.2613e+02
20260610_09:00:00   3.1433e-01   8.0749e+01   3.3940e+01   0.0000e+00   0.0000e+00   3.2877e+02
20260610_12:00:00   3.2641e-01   8.3126e+01   3.4793e+01   0.0000e+00   0.0000e+00   3.2435e+02
20260610_15:00:00   3.3143e-01   8.4259e+01   3.5201e+01   0.0000e+00   0.0000e+00   3.2420e+02
20260610_18:00:00   3.4000e-01   8.6434e+01   3.5716e+01   0.0000e+00   0.0000e+00   3.2303e+02
20260610_21:00:00   3.4023e-01   8.6747e+01   3.5251e+01   0.0000e+00   0.0000e+00   3.2664e+02
20260611_00:00:00   3.4089e-01   8.6978e+01   3.4625e+01   0.0000e+00   0.0000e+00   3.2533e+02
20260611_03:00:00   3.5950e-01   9.0580e+01   3.6537e+01   0.0000e+00   0.0000e+00   3.2031e+02
20260611_06:00:00   3.5814e-01   9.0069e+01   3.4924e+01   0.0000e+00   0.0000e+00   3.2148e+02
