#            date       tau255        Tb[K]      pwv[mm] lwp[kg*m^-2] iwp[kg*m^-2]       o3[DU]
20251214_18:00:00   6.5999e-02   1.9693e+01   3.9402e+00   0.0000e+00   2.0360e-05   2.6788e+02
20251214_19:00:00   6.6015e-02   1.9712e+01   3.9896e+00   0.0000e+00   2.3160e-05   2.6431e+02
20251214_20:00:00   6.7179e-02   2.0023e+01   4.1974e+00   0.0000e+00   1.5334e-05   2.6079e+02
20251214_21:00:00   6.8267e-02   2.0312e+01   4.4113e+00   0.0000e+00   1.0608e-06   2.5896e+02
20251214_22:00:00   6.8663e-02   2.0424e+01   4.5091e+00   0.0000e+00   6.8620e-04   2.5894e+02
20251214_23:00:00   6.9185e-02   2.0561e+01   4.5979e+00   0.0000e+00   4.4442e-03   2.6159e+02
20251215_00:00:00   6.9779e-02   2.0708e+01   4.6981e+00   0.0000e+00   7.7463e-03   2.6626e+02
20251215_01:00:00   7.0267e-02   2.0831e+01   4.7801e+00   0.0000e+00   2.4538e-03   2.6890e+02
20251215_02:00:00   6.9602e-02   2.0671e+01   4.6658e+00   0.0000e+00   1.1244e-03   2.6979e+02
20251215_03:00:00   6.9685e-02   2.0684e+01   4.6760e+00   0.0000e+00   4.2181e-03   2.7215e+02
20251215_04:00:00   6.9919e-02   2.0739e+01   4.7056e+00   0.0000e+00   3.7445e-03   2.7681e+02
20251215_05:00:00   6.9577e-02   2.0636e+01   4.6875e+00   0.0000e+00   4.8020e-03   2.7691e+02
20251215_06:00:00   6.8763e-02   2.0419e+01   4.5866e+00   0.0000e+00   2.6670e-03   2.7350e+02
20251215_07:00:00   6.8585e-02   2.0359e+01   4.5399e+00   0.0000e+00   1.9222e-03   2.7290e+02
20251215_08:00:00   6.7987e-02   2.0192e+01   4.4709e+00   0.0000e+00   1.1799e-02   2.7232e+02
20251215_09:00:00   6.7802e-02   2.0130e+01   4.4782e+00   0.0000e+00   1.3810e-02   2.6965e+02
20251215_10:00:00   6.7022e-02   1.9925e+01   4.3698e+00   0.0000e+00   6.8083e-03   2.6737e+02
20251215_11:00:00   6.6293e-02   1.9729e+01   4.2735e+00   0.0000e+00   2.6348e-03   2.6427e+02
20251215_12:00:00   6.5855e-02   1.9604e+01   4.2357e+00   0.0000e+00   1.3562e-02   2.6227e+02
20251215_13:00:00   6.5415e-02   1.9482e+01   4.1631e+00   0.0000e+00   2.4011e-02   2.6376e+02
20251215_14:00:00   6.4641e-02   1.9287e+01   4.0315e+00   0.0000e+00   2.6888e-02   2.6597e+02
20251215_15:00:00   6.4552e-02   1.9261e+01   4.0083e+00   0.0000e+00   1.1080e-02   2.6679e+02
20251215_16:00:00   6.4180e-02   1.9182e+01   3.9164e+00   0.0000e+00   2.3995e-03   2.6648e+02
20251215_17:00:00   6.3816e-02   1.9108e+01   3.8610e+00   0.0000e+00   1.0568e-02   2.6814e+02
20251215_18:00:00   6.3724e-02   1.9103e+01   3.8667e+00   0.0000e+00   7.9756e-03   2.6873e+02
20251215_19:00:00   6.4925e-02   1.9419e+01   4.0709e+00   0.0000e+00   1.3053e-02   2.6802e+02
20251215_20:00:00   6.6314e-02   1.9787e+01   4.2864e+00   0.0000e+00   2.8675e-02   2.6653e+02
20251215_21:00:00   6.6760e-02   1.9921e+01   4.3599e+00   0.0000e+00   1.2283e-02   2.6752e+02
20251215_22:00:00   6.6737e-02   1.9925e+01   4.3459e+00   0.0000e+00   8.6660e-03   2.6817e+02
20251215_23:00:00   6.6053e-02   1.9749e+01   4.2669e+00   0.0000e+00   5.0516e-03   2.6932e+02
20251216_00:00:00   6.4991e-02   1.9475e+01   4.0980e+00   0.0000e+00   6.1695e-03   2.7022e+02
20251216_01:00:00   6.4125e-02   1.9256e+01   3.9369e+00   0.0000e+00   1.5454e-02   2.7050e+02
20251216_02:00:00   6.4576e-02   1.9361e+01   4.0012e+00   0.0000e+00   1.2723e-02   2.7111e+02
20251216_03:00:00   6.4717e-02   1.9388e+01   4.0216e+00   0.0000e+00   1.1386e-02   2.6934e+02
20251216_04:00:00   6.4507e-02   1.9326e+01   3.9821e+00   0.0000e+00   1.8274e-02   2.6893e+02
20251216_05:00:00   6.5051e-02   1.9439e+01   4.0894e+00   0.0000e+00   1.4366e-02   2.7065e+02
20251216_06:00:00   6.4872e-02   1.9379e+01   4.0734e+00   0.0000e+00   8.0857e-03   2.7214e+02
20251216_07:00:00   6.4295e-02   1.9226e+01   3.9881e+00   0.0000e+00   2.1071e-03   2.7106e+02
20251216_08:00:00   6.3768e-02   1.9089e+01   3.8921e+00   0.0000e+00   3.7861e-04   2.6814e+02
20251216_09:00:00   6.3420e-02   1.9000e+01   3.8097e+00   0.0000e+00   0.0000e+00   2.6591e+02
20251216_10:00:00   6.3275e-02   1.8966e+01   3.7673e+00   0.0000e+00   0.0000e+00   2.6331e+02
20251216_11:00:00   6.2254e-02   1.8717e+01   3.5732e+00   0.0000e+00   0.0000e+00   2.6138e+02
20251216_12:00:00   6.1732e-02   1.8597e+01   3.4423e+00   0.0000e+00   0.0000e+00   2.6087e+02
20251216_13:00:00   6.2414e-02   1.8780e+01   3.5919e+00   0.0000e+00   0.0000e+00   2.6226e+02
20251216_14:00:00   6.2316e-02   1.8760e+01   3.5370e+00   0.0000e+00   0.0000e+00   2.6066e+02
20251216_15:00:00   6.2094e-02   1.8706e+01   3.4395e+00   0.0000e+00   1.4166e-04   2.6113e+02
20251216_16:00:00   6.2863e-02   1.8905e+01   3.6020e+00   0.0000e+00   1.0898e-04   2.6305e+02
20251216_17:00:00   6.3556e-02   1.9076e+01   3.8289e+00   0.0000e+00   3.5360e-05   2.6341e+02
20251216_18:00:00   6.4524e-02   1.9338e+01   4.0066e+00   0.0000e+00   7.4680e-04   2.6376e+02
20251216_19:00:00   6.4638e-02   1.9408e+01   3.9587e+00   0.0000e+00   2.7520e-05   2.6572e+02
20251216_20:00:00   6.7936e-02   2.0246e+01   4.6191e+00   0.0000e+00   0.0000e+00   2.6619e+02
20251216_21:00:00   7.4379e-02   2.1878e+01   5.8541e+00   0.0000e+00   0.0000e+00   2.6219e+02
20251216_22:00:00   7.1989e-02   2.1313e+01   5.4433e+00   0.0000e+00   0.0000e+00   2.6019e+02
20251216_23:00:00   7.1528e-02   2.1176e+01   5.4333e+00   0.0000e+00   0.0000e+00   2.6047e+02
20251217_00:00:00   7.2427e-02   2.1363e+01   5.6485e+00   0.0000e+00   8.3564e-04   2.6314e+02
20251217_01:00:00   7.3417e-02   2.1606e+01   5.7910e+00   0.0000e+00   0.0000e+00   2.6238e+02
20251217_02:00:00   7.4473e-02   2.1858e+01   5.9374e+00   0.0000e+00   0.0000e+00   2.6158e+02
20251217_03:00:00   7.5162e-02   2.2013e+01   6.0179e+00   0.0000e+00   0.0000e+00   2.5990e+02
20251217_04:00:00   7.6248e-02   2.2248e+01   6.2286e+00   0.0000e+00   1.7959e-04   2.5874e+02
20251217_05:00:00   7.7540e-02   2.2541e+01   6.4387e+00   0.0000e+00   1.1183e-02   2.5858e+02
20251217_06:00:00   7.7518e-02   2.2527e+01   6.4344e+00   0.0000e+00   9.8160e-04   2.5807e+02
20251217_07:00:00   7.6428e-02   2.2269e+01   6.2416e+00   0.0000e+00   0.0000e+00   2.5886e+02
20251217_08:00:00   7.6678e-02   2.2325e+01   6.2815e+00   0.0000e+00   0.0000e+00   2.6021e+02
20251217_09:00:00   7.7290e-02   2.2469e+01   6.3770e+00   0.0000e+00   0.0000e+00   2.6096e+02
20251217_10:00:00   7.9101e-02   2.2912e+01   6.6785e+00   0.0000e+00   0.0000e+00   2.6130e+02
20251217_11:00:00   8.2189e-02   2.3660e+01   7.1925e+00   0.0000e+00   0.0000e+00   2.6069e+02
20251217_12:00:00   8.5177e-02   2.4392e+01   7.6570e+00   0.0000e+00   0.0000e+00   2.5984e+02
20251217_13:00:00   8.7860e-02   2.5048e+01   8.0756e+00   0.0000e+00   0.0000e+00   2.5920e+02
20251217_14:00:00   9.0660e-02   2.5713e+01   8.5200e+00   0.0000e+00   6.1240e-07   2.5733e+02
20251217_15:00:00   9.2096e-02   2.6072e+01   8.7532e+00   0.0000e+00   8.0701e-07   2.5735e+02
20251217_16:00:00   9.3606e-02   2.6451e+01   8.9564e+00   0.0000e+00   4.3232e-07   2.5813e+02
20251217_17:00:00   9.4637e-02   2.6726e+01   9.1357e+00   0.0000e+00   0.0000e+00   2.5918e+02
20251217_18:00:00   9.6255e-02   2.7160e+01   9.3814e+00   0.0000e+00   0.0000e+00   2.6044e+02
20251217_19:00:00   9.8966e-02   2.7877e+01   9.6519e+00   0.0000e+00   0.0000e+00   2.6175e+02
20251217_20:00:00   9.9083e-02   2.7944e+01   9.4812e+00   0.0000e+00   0.0000e+00   2.6380e+02
20251217_21:00:00   9.6583e-02   2.7371e+01   9.1316e+00   0.0000e+00   0.0000e+00   2.6568e+02
20251217_22:00:00   9.3417e-02   2.6638e+01   8.5961e+00   0.0000e+00   0.0000e+00   2.6836e+02
20251217_23:00:00   8.8981e-02   2.5590e+01   7.8424e+00   0.0000e+00   0.0000e+00   2.7004e+02
20251218_00:00:00   8.5494e-02   2.4739e+01   7.3093e+00   0.0000e+00   1.8014e-07   2.6743e+02
20251218_01:00:00   8.3684e-02   2.4257e+01   7.0182e+00   0.0000e+00   1.2423e-05   2.6654e+02
20251218_02:00:00   8.3269e-02   2.4119e+01   6.9921e+00   0.0000e+00   2.5477e-06   2.6752e+02
20251218_03:00:00   8.5560e-02   2.4678e+01   7.3314e+00   0.0000e+00   0.0000e+00   2.7060e+02
20251218_04:00:00   8.5588e-02   2.4698e+01   7.3546e+00   0.0000e+00   0.0000e+00   2.6997e+02
20251218_05:00:00   8.4736e-02   2.4476e+01   7.2364e+00   0.0000e+00   0.0000e+00   2.7084e+02
20251218_06:00:00   8.4969e-02   2.4519e+01   7.3052e+00   0.0000e+00   0.0000e+00   2.7574e+02
20251218_07:00:00   8.3856e-02   2.4262e+01   7.0717e+00   0.0000e+00   0.0000e+00   2.7771e+02
20251218_08:00:00   8.4337e-02   2.4350e+01   7.1543e+00   0.0000e+00   0.0000e+00   2.7712e+02
20251218_09:00:00   8.8518e-02   2.5330e+01   7.7976e+00   0.0000e+00   2.8040e-05   2.7509e+02
20251218_10:00:00   9.1943e-02   2.6148e+01   8.2110e+00   0.0000e+00   0.0000e+00   2.7699e+02
20251218_11:00:00   9.2852e-02   2.6368e+01   8.2807e+00   0.0000e+00   0.0000e+00   2.7754e+02
20251218_12:00:00   9.4498e-02   2.6761e+01   8.4509e+00   0.0000e+00   0.0000e+00   2.8228e+02
20251218_13:00:00   9.6187e-02   2.7156e+01   8.7004e+00   0.0000e+00   0.0000e+00   2.8263e+02
20251218_14:00:00   9.6438e-02   2.7207e+01   8.8182e+00   0.0000e+00   0.0000e+00   2.8340e+02
20251218_15:00:00   9.7154e-02   2.7391e+01   8.9551e+00   0.0000e+00   0.0000e+00   2.8261e+02
20251218_16:00:00   9.6143e-02   2.7163e+01   8.7923e+00   0.0000e+00   0.0000e+00   2.8128e+02
20251218_17:00:00   9.5303e-02   2.6996e+01   8.6910e+00   0.0000e+00   0.0000e+00   2.8142e+02
20251218_18:00:00   9.4310e-02   2.6768e+01   8.6087e+00   0.0000e+00   2.7360e-05   2.7740e+02
20251218_19:00:00   9.6992e-02   2.7396e+01   9.0433e+00   0.0000e+00   2.7480e-04   2.7653e+02
20251218_20:00:00   1.0008e-01   2.8132e+01   9.4083e+00   0.0000e+00   6.8320e-04   2.7752e+02
20251218_21:00:00   1.0088e-01   2.8327e+01   9.5724e+00   0.0000e+00   5.3119e-04   2.7690e+02
20251218_22:00:00   1.0004e-01   2.8160e+01   9.4836e+00   0.0000e+00   2.1620e-04   2.7538e+02
20251218_23:00:00   9.9287e-02   2.7989e+01   9.4890e+00   0.0000e+00   1.9056e-04   2.7489e+02
20251219_00:00:00   9.7781e-02   2.7622e+01   9.4002e+00   0.0000e+00   4.6260e-04   2.7466e+02
20251219_01:00:00   9.7479e-02   2.7536e+01   9.3906e+00   0.0000e+00   4.7866e-04   2.7648e+02
20251219_02:00:00   9.7648e-02   2.7560e+01   9.4054e+00   0.0000e+00   6.8586e-04   2.7690e+02
20251219_03:00:00   9.8025e-02   2.7636e+01   9.4481e+00   0.0000e+00   6.5822e-04   2.7833e+02
20251219_04:00:00   9.8407e-02   2.7725e+01   9.5282e+00   0.0000e+00   1.6395e-03   2.7907e+02
20251219_05:00:00   1.0019e-01   2.8151e+01   9.8106e+00   0.0000e+00   3.3066e-03   2.7976e+02
20251219_06:00:00   1.0261e-01   2.8724e+01   1.0203e+01   0.0000e+00   2.7526e-03   2.7830e+02
20251219_07:00:00   1.0024e-01   2.8195e+01   9.8481e+00   0.0000e+00   1.7258e-05   2.7867e+02
20251219_08:00:00   9.8813e-02   2.7883e+01   9.6828e+00   0.0000e+00   2.2700e-04   2.7780e+02
20251219_09:00:00   9.4851e-02   2.6957e+01   9.0587e+00   0.0000e+00   5.2660e-06   2.7649e+02
20251219_10:00:00   8.7903e-02   2.5266e+01   7.8442e+00   0.0000e+00   1.7396e-04   2.7385e+02
20251219_11:00:00   8.6522e-02   2.4907e+01   7.6439e+00   0.0000e+00   2.9654e-03   2.7369e+02
20251219_12:00:00   8.7699e-02   2.5198e+01   7.8204e+00   0.0000e+00   5.9592e-04   2.7507e+02
20251219_13:00:00   8.4094e-02   2.4308e+01   7.2011e+00   0.0000e+00   1.2642e-03   2.7450e+02
20251219_14:00:00   8.0304e-02   2.3345e+01   6.5799e+00   0.0000e+00   2.5998e-03   2.7327e+02
20251219_15:00:00   8.0758e-02   2.3449e+01   6.6140e+00   0.0000e+00   1.2072e-03   2.7326e+02
20251219_16:00:00   8.1893e-02   2.3748e+01   6.7945e+00   0.0000e+00   1.6797e-03   2.7282e+02
20251219_17:00:00   8.6689e-02   2.4987e+01   7.5507e+00   0.0000e+00   3.6974e-03   2.7313e+02
20251219_18:00:00   8.8088e-02   2.5376e+01   7.8144e+00   0.0000e+00   2.0142e-04   2.7328e+02
20251219_21:00:00   8.5201e-02   2.4690e+01   7.6256e+00   0.0000e+00   7.7290e-05   2.7489e+02
20251220_00:00:00   7.9706e-02   2.3325e+01   6.7454e+00   0.0000e+00   0.0000e+00   2.8041e+02
20251220_03:00:00   7.4641e-02   2.2037e+01   5.9281e+00   0.0000e+00   8.9160e-05   2.7787e+02
20251220_06:00:00   7.5801e-02   2.2287e+01   6.0338e+00   0.0000e+00   3.7539e-04   2.7637e+02
20251220_09:00:00   7.6308e-02   2.2301e+01   6.2858e+00   0.0000e+00   3.2256e-07   2.7608e+02
20251220_12:00:00   7.7575e-02   2.2584e+01   6.5218e+00   0.0000e+00   6.6510e-04   2.7630e+02
20251220_15:00:00   7.6587e-02   2.2349e+01   6.1736e+00   0.0000e+00   2.4159e-03   2.7575e+02
20251220_18:00:00   8.2219e-02   2.3775e+01   7.1777e+00   0.0000e+00   2.4140e-03   2.7491e+02
20251220_21:00:00   8.5361e-02   2.4577e+01   7.6539e+00   0.0000e+00   2.2480e-05   2.7526e+02
20251221_00:00:00   8.7607e-02   2.5150e+01   7.8121e+00   0.0000e+00   7.0456e-04   2.7424e+02
20251221_03:00:00   7.9088e-02   2.2948e+01   6.2905e+00   0.0000e+00   8.4940e-04   2.7441e+02
20251221_06:00:00   7.7619e-02   2.2513e+01   6.1274e+00   0.0000e+00   2.9389e-03   2.7009e+02
20251221_09:00:00   8.2008e-02   2.3585e+01   6.8425e+00   0.0000e+00   2.2066e-03   2.6792e+02
20251221_12:00:00   8.4456e-02   2.4204e+01   7.1380e+00   0.0000e+00   0.0000e+00   2.7290e+02
20251221_15:00:00   9.0389e-02   2.5688e+01   7.9067e+00   0.0000e+00   4.6346e-05   2.7098e+02
20251221_18:00:00   9.6881e-02   2.7295e+01   9.0358e+00   0.0000e+00   7.3820e-05   2.7486e+02
20251221_21:00:00   9.9336e-02   2.7942e+01   9.5697e+00   0.0000e+00   3.1165e-04   2.7518e+02
20251222_00:00:00   1.0534e-01   2.9355e+01   1.0548e+01   0.0000e+00   1.1624e-03   2.7575e+02
20251222_03:00:00   1.0763e-01   2.9968e+01   1.0735e+01   0.0000e+00   0.0000e+00   2.6753e+02
20251222_06:00:00   1.0733e-01   2.9922e+01   1.0713e+01   0.0000e+00   5.0333e-06   2.6872e+02
20251222_09:00:00   1.0402e-01   2.9123e+01   1.0189e+01   0.0000e+00   0.0000e+00   2.6733e+02
20251222_12:00:00   1.0978e-01   3.0517e+01   1.0964e+01   0.0000e+00   2.1580e-06   2.6408e+02
20251222_15:00:00   1.1087e-01   3.0830e+01   1.0994e+01   0.0000e+00   0.0000e+00   2.6130e+02
20251222_18:00:00   1.0591e-01   2.9849e+01   9.9340e+00   0.0000e+00   0.0000e+00   2.5754e+02
20251222_21:00:00   9.9363e-02   2.8330e+01   8.9459e+00   0.0000e+00   0.0000e+00   2.5791e+02
20251223_00:00:00   8.4733e-02   2.4644e+01   6.8741e+00   0.0000e+00   0.0000e+00   2.6183e+02
20251223_03:00:00   8.0409e-02   2.3496e+01   6.2600e+00   0.0000e+00   0.0000e+00   2.6772e+02
20251223_06:00:00   8.0417e-02   2.3510e+01   6.0418e+00   0.0000e+00   0.0000e+00   2.6322e+02
20251223_09:00:00   7.7565e-02   2.2757e+01   5.5170e+00   0.0000e+00   0.0000e+00   2.6342e+02
20251223_12:00:00   7.6420e-02   2.2418e+01   5.3096e+00   0.0000e+00   0.0000e+00   2.6588e+02
20251223_15:00:00   7.4752e-02   2.1974e+01   5.0531e+00   0.0000e+00   0.0000e+00   2.6612e+02
20251223_18:00:00   7.3423e-02   2.1697e+01   4.9312e+00   0.0000e+00   0.0000e+00   2.6986e+02
20251223_21:00:00   7.4719e-02   2.2064e+01   5.4167e+00   0.0000e+00   0.0000e+00   2.7088e+02
20251224_00:00:00   7.4889e-02   2.2063e+01   5.4845e+00   0.0000e+00   0.0000e+00   2.6874e+02
20251224_03:00:00   7.5664e-02   2.2191e+01   5.6936e+00   0.0000e+00   0.0000e+00   2.6662e+02
20251224_06:00:00   7.3561e-02   2.1630e+01   5.4374e+00   0.0000e+00   3.7240e-05   2.6571e+02
20251224_09:00:00   7.0800e-02   2.0949e+01   4.9821e+00   0.0000e+00   8.4007e-04   2.6075e+02
20251224_12:00:00   7.0475e-02   2.0898e+01   4.8058e+00   0.0000e+00   0.0000e+00   2.6554e+02
20251224_15:00:00   6.9003e-02   2.0544e+01   4.5562e+00   0.0000e+00   1.8390e-05   2.6896e+02
20251224_18:00:00   7.5744e-02   2.2261e+01   5.9020e+00   0.0000e+00   1.0066e-06   2.6538e+02
20251224_21:00:00   1.0105e-01   2.8504e+01   1.0017e+01   0.0000e+00   7.0784e-03   2.6498e+02
20251225_00:00:00   1.2501e-01   3.4161e+01   1.4011e+01   7.0460e-06   1.5418e-03   2.6198e+02
20251225_03:00:00   1.4010e-01   3.7766e+01   1.5850e+01   7.1360e-05   3.7269e-03   2.5918e+02
20251225_06:00:00   1.5657e-01   4.1592e+01   1.7544e+01   3.7690e-03   1.2120e-01   2.5759e+02
20251225_09:00:00   1.4029e-01   3.7950e+01   1.4599e+01   5.4857e-03   5.4582e-03   2.5937e+02
20251225_12:00:00   1.4082e-01   3.7900e+01   1.5929e+01   2.0140e-06   6.1741e-02   2.5991e+02
20251225_15:00:00   1.6496e-01   4.3398e+01   1.8337e+01   1.6781e-03   5.6240e-02   2.6278e+02
20251225_18:00:00   1.3329e-01   3.6166e+01   1.4202e+01   1.3640e-04   6.9350e-02   2.6491e+02
20251225_21:00:00   1.2446e-01   3.4168e+01   1.2673e+01   3.9123e-04   2.1946e-02   2.6668e+02
20251226_00:00:00   1.8170e-01   4.7385e+01   1.3463e+01   5.3085e-02   3.2221e-02   2.7145e+02
20251226_03:00:00   1.6819e-01   4.4364e+01   1.3120e+01   3.9212e-02   2.4700e-03   2.8022e+02
20251226_06:00:00   1.2143e-01   3.3432e+01   1.1572e+01   1.3870e-03   1.1068e-04   2.7569e+02
20251226_09:00:00   1.1670e-01   3.2260e+01   1.0172e+01   6.0597e-03   1.9744e-04   2.7313e+02
20251226_12:00:00   9.1092e-02   2.5981e+01   7.8023e+00   0.0000e+00   0.0000e+00   2.8288e+02
20251226_15:00:00   8.7468e-02   2.5070e+01   7.1770e+00   0.0000e+00   2.2040e-04   2.7920e+02
20251226_18:00:00   9.3489e-02   2.6580e+01   8.2659e+00   0.0000e+00   7.7732e-04   2.7481e+02
20251226_21:00:00   8.7996e-02   2.5225e+01   7.7525e+00   0.0000e+00   2.9068e-02   2.7444e+02
20251227_00:00:00   1.0640e-01   2.9661e+01   1.0434e+01   0.0000e+00   6.6606e-03   2.7537e+02
20251227_03:00:00   1.1701e-01   3.2147e+01   1.2203e+01   0.0000e+00   2.8716e-02   2.7167e+02
20251227_06:00:00   1.1360e-01   3.1338e+01   1.1446e+01   0.0000e+00   4.8217e-02   2.7067e+02
20251227_09:00:00   1.2805e-01   3.4723e+01   1.3380e+01   0.0000e+00   1.0403e-01   2.7161e+02
20251227_12:00:00   1.3673e-01   3.6712e+01   1.4073e+01   3.9764e-04   2.0499e-01   2.6857e+02
20251227_15:00:00   1.3686e-01   3.6704e+01   1.4102e+01   5.5296e-05   1.0990e-01   2.7295e+02
20251227_18:00:00   1.2741e-01   3.4493e+01   1.0092e+01   1.8966e-02   2.0901e-03   2.7368e+02
20251227_21:00:00   1.1134e-01   3.0652e+01   9.6180e+00   2.7603e-03   5.9579e-02   2.7398e+02
20251228_00:00:00   9.6581e-02   2.6866e+01   7.3817e+00   3.7017e-03   2.5826e-03   2.7850e+02
20251228_03:00:00   6.6380e-02   1.9433e+01   3.4085e+00   0.0000e+00   0.0000e+00   2.8679e+02
20251228_06:00:00   6.6568e-02   1.9467e+01   3.3799e+00   0.0000e+00   0.0000e+00   2.9268e+02
20251228_09:00:00   6.6419e-02   1.9368e+01   3.2622e+00   0.0000e+00   0.0000e+00   3.0544e+02
20251228_12:00:00   6.7170e-02   1.9537e+01   3.3369e+00   0.0000e+00   0.0000e+00   3.0250e+02
20251228_15:00:00   6.5072e-02   1.9040e+01   3.0819e+00   0.0000e+00   0.0000e+00   3.0646e+02
20251228_18:00:00   6.3466e-02   1.8683e+01   2.8546e+00   0.0000e+00   0.0000e+00   3.0888e+02
20251228_21:00:00   6.1834e-02   1.8321e+01   2.7251e+00   0.0000e+00   0.0000e+00   3.1255e+02
20251229_00:00:00   6.4554e-02   1.9015e+01   3.1426e+00   0.0000e+00   0.0000e+00   3.1697e+02
20251229_03:00:00   6.3241e-02   1.8685e+01   2.9248e+00   0.0000e+00   0.0000e+00   3.1888e+02
20251229_06:00:00   6.2332e-02   1.8444e+01   2.8141e+00   0.0000e+00   0.0000e+00   3.2184e+02
20251229_09:00:00   6.0608e-02   1.8002e+01   2.5466e+00   0.0000e+00   0.0000e+00   3.2868e+02
20251229_12:00:00   5.9704e-02   1.7772e+01   2.3695e+00   0.0000e+00   0.0000e+00   3.1975e+02
20251229_15:00:00   5.7854e-02   1.7317e+01   2.0567e+00   0.0000e+00   0.0000e+00   3.2341e+02
20251229_18:00:00   5.7412e-02   1.7220e+01   2.1074e+00   0.0000e+00   0.0000e+00   3.2076e+02
20251229_21:00:00   5.9578e-02   1.7749e+01   2.7030e+00   0.0000e+00   0.0000e+00   3.1698e+02
20251230_00:00:00   6.4841e-02   1.9120e+01   3.5109e+00   0.0000e+00   0.0000e+00   3.0928e+02
20251230_03:00:00   6.9891e-02   2.0405e+01   4.1292e+00   0.0000e+00   0.0000e+00   3.1084e+02
20251230_06:00:00   7.0819e-02   2.0631e+01   4.2270e+00   0.0000e+00   0.0000e+00   3.1291e+02
20251230_09:00:00   6.9084e-02   2.0183e+01   3.9572e+00   0.0000e+00   2.0480e-05   3.0846e+02
20251230_12:00:00   6.7357e-02   1.9741e+01   3.7115e+00   0.0000e+00   5.5809e-04   3.0558e+02
20251230_15:00:00   6.5250e-02   1.9200e+01   3.4505e+00   0.0000e+00   2.2953e-03   3.0218e+02
20251230_18:00:00   6.3511e-02   1.8788e+01   3.2392e+00   0.0000e+00   2.4067e-03   3.0452e+02
