#            date       tau255        Tb[K]      pwv[mm] lwp[kg*m^-2] iwp[kg*m^-2]       o3[DU]
20251210_06:00:00   8.8206e-02   2.5402e+01   7.7976e+00   0.0000e+00   4.0448e-03   3.0321e+02
20251210_07:00:00   8.9214e-02   2.5644e+01   7.9084e+00   0.0000e+00   3.9807e-03   3.0573e+02
20251210_08:00:00   9.1890e-02   2.6258e+01   8.3351e+00   0.0000e+00   2.9014e-04   3.0571e+02
20251210_09:00:00   9.3496e-02   2.6626e+01   8.5557e+00   0.0000e+00   5.5880e-05   3.0206e+02
20251210_10:00:00   9.4023e-02   2.6781e+01   8.6912e+00   0.0000e+00   2.1739e-04   3.0074e+02
20251210_11:00:00   9.4161e-02   2.6809e+01   8.7508e+00   0.0000e+00   9.7401e-05   3.0185e+02
20251210_12:00:00   9.5645e-02   2.7156e+01   9.0880e+00   0.0000e+00   1.1686e-04   2.9991e+02
20251210_13:00:00   9.5915e-02   2.7222e+01   9.0401e+00   0.0000e+00   6.3696e-04   2.9942e+02
20251210_14:00:00   9.6992e-02   2.7461e+01   9.0665e+00   0.0000e+00   2.2197e-04   2.9477e+02
20251210_15:00:00   9.7846e-02   2.7604e+01   9.0292e+00   0.0000e+00   1.2115e-04   2.9425e+02
20251210_16:00:00   9.8358e-02   2.7745e+01   9.0160e+00   0.0000e+00   1.3598e-04   2.9389e+02
20251210_17:00:00   9.7600e-02   2.7597e+01   8.8597e+00   0.0000e+00   8.0540e-07   2.9052e+02
20251210_18:00:00   9.8713e-02   2.7883e+01   8.9130e+00   0.0000e+00   0.0000e+00   2.8875e+02
20251210_19:00:00   9.8225e-02   2.7790e+01   8.8661e+00   0.0000e+00   2.1220e-06   2.8822e+02
20251210_20:00:00   9.5758e-02   2.7224e+01   8.5280e+00   0.0000e+00   0.0000e+00   2.8756e+02
20251210_21:00:00   9.3925e-02   2.6803e+01   8.3430e+00   0.0000e+00   0.0000e+00   2.8670e+02
20251210_22:00:00   9.1404e-02   2.6203e+01   8.0072e+00   0.0000e+00   1.8022e-05   2.8381e+02
20251210_23:00:00   8.9095e-02   2.5643e+01   7.6489e+00   0.0000e+00   0.0000e+00   2.8170e+02
20251211_00:00:00   8.7697e-02   2.5302e+01   7.4199e+00   0.0000e+00   2.3860e-04   2.7874e+02
20251211_01:00:00   8.6960e-02   2.5123e+01   7.3469e+00   0.0000e+00   1.3708e-03   2.7774e+02
20251211_02:00:00   8.8102e-02   2.5399e+01   7.5004e+00   0.0000e+00   9.3318e-04   2.7684e+02
20251211_03:00:00   8.8604e-02   2.5532e+01   7.5518e+00   0.0000e+00   4.3240e-08   2.7718e+02
20251211_04:00:00   8.8017e-02   2.5384e+01   7.4330e+00   0.0000e+00   0.0000e+00   2.7724e+02
20251211_05:00:00   8.7550e-02   2.5257e+01   7.3522e+00   0.0000e+00   0.0000e+00   2.7792e+02
20251211_06:00:00   8.7097e-02   2.5145e+01   7.3111e+00   0.0000e+00   0.0000e+00   2.7925e+02
20251211_07:00:00   8.7297e-02   2.5208e+01   7.3729e+00   0.0000e+00   0.0000e+00   2.7855e+02
20251211_08:00:00   8.8703e-02   2.5570e+01   7.7168e+00   0.0000e+00   0.0000e+00   2.7384e+02
20251211_09:00:00   8.9025e-02   2.5658e+01   7.8099e+00   0.0000e+00   0.0000e+00   2.7388e+02
20251211_10:00:00   8.7130e-02   2.5185e+01   7.5125e+00   0.0000e+00   0.0000e+00   2.7305e+02
20251211_11:00:00   8.6252e-02   2.4949e+01   7.3520e+00   0.0000e+00   0.0000e+00   2.7417e+02
20251211_12:00:00   8.5877e-02   2.4847e+01   7.2904e+00   0.0000e+00   0.0000e+00   2.7408e+02
20251211_13:00:00   8.5371e-02   2.4718e+01   7.1882e+00   0.0000e+00   0.0000e+00   2.7662e+02
20251211_14:00:00   8.4896e-02   2.4596e+01   7.0857e+00   0.0000e+00   0.0000e+00   2.7569e+02
20251211_15:00:00   8.4049e-02   2.4388e+01   6.9837e+00   0.0000e+00   0.0000e+00   2.7492e+02
20251211_16:00:00   8.3715e-02   2.4309e+01   6.9678e+00   0.0000e+00   0.0000e+00   2.7452e+02
20251211_17:00:00   8.2971e-02   2.4143e+01   6.8921e+00   0.0000e+00   0.0000e+00   2.7527e+02
20251211_18:00:00   8.2714e-02   2.4098e+01   6.8796e+00   0.0000e+00   0.0000e+00   2.7685e+02
20251211_19:00:00   8.3432e-02   2.4298e+01   7.0126e+00   0.0000e+00   0.0000e+00   2.7609e+02
20251211_20:00:00   8.5588e-02   2.4866e+01   7.3647e+00   0.0000e+00   0.0000e+00   2.7537e+02
20251211_21:00:00   8.5659e-02   2.4912e+01   7.3982e+00   0.0000e+00   0.0000e+00   2.7617e+02
20251211_22:00:00   8.4766e-02   2.4697e+01   7.2813e+00   0.0000e+00   0.0000e+00   2.7661e+02
20251211_23:00:00   8.5044e-02   2.4750e+01   7.3381e+00   0.0000e+00   0.0000e+00   2.7651e+02
20251212_00:00:00   8.3015e-02   2.4225e+01   7.0062e+00   0.0000e+00   0.0000e+00   2.7637e+02
20251212_01:00:00   8.1013e-02   2.3708e+01   6.7021e+00   0.0000e+00   0.0000e+00   2.7738e+02
20251212_02:00:00   7.9409e-02   2.3294e+01   6.4795e+00   0.0000e+00   0.0000e+00   2.7902e+02
20251212_03:00:00   8.0322e-02   2.3515e+01   6.6537e+00   0.0000e+00   0.0000e+00   2.8048e+02
20251212_04:00:00   8.2329e-02   2.4015e+01   6.9419e+00   0.0000e+00   0.0000e+00   2.7991e+02
20251212_05:00:00   8.1847e-02   2.3883e+01   6.7919e+00   0.0000e+00   0.0000e+00   2.7773e+02
20251212_06:00:00   8.0101e-02   2.3433e+01   6.4539e+00   0.0000e+00   0.0000e+00   2.7515e+02
20251212_07:00:00   7.9074e-02   2.3170e+01   6.2678e+00   0.0000e+00   0.0000e+00   2.7622e+02
20251212_08:00:00   7.8571e-02   2.3034e+01   6.2069e+00   0.0000e+00   0.0000e+00   2.7810e+02
20251212_09:00:00   7.8749e-02   2.3055e+01   6.2675e+00   0.0000e+00   0.0000e+00   2.8048e+02
20251212_10:00:00   7.9256e-02   2.3155e+01   6.3587e+00   0.0000e+00   0.0000e+00   2.8222e+02
20251212_11:00:00   7.9068e-02   2.3090e+01   6.3456e+00   0.0000e+00   0.0000e+00   2.8418e+02
20251212_12:00:00   7.9136e-02   2.3099e+01   6.3351e+00   0.0000e+00   0.0000e+00   2.8650e+02
20251212_13:00:00   7.9678e-02   2.3234e+01   6.3947e+00   0.0000e+00   0.0000e+00   2.8725e+02
20251212_14:00:00   8.0465e-02   2.3438e+01   6.4903e+00   0.0000e+00   0.0000e+00   2.8758e+02
20251212_15:00:00   8.1608e-02   2.3713e+01   6.6308e+00   0.0000e+00   0.0000e+00   2.8835e+02
20251212_16:00:00   8.2258e-02   2.3877e+01   6.7133e+00   0.0000e+00   0.0000e+00   2.8652e+02
20251212_17:00:00   8.2517e-02   2.3943e+01   6.7449e+00   0.0000e+00   0.0000e+00   2.8542e+02
20251212_18:00:00   8.2321e-02   2.3896e+01   6.7203e+00   0.0000e+00   0.0000e+00   2.8394e+02
20251212_19:00:00   8.2267e-02   2.3892e+01   6.7403e+00   0.0000e+00   0.0000e+00   2.8370e+02
20251212_20:00:00   8.1682e-02   2.3753e+01   6.6647e+00   0.0000e+00   0.0000e+00   2.8193e+02
20251212_21:00:00   8.1269e-02   2.3662e+01   6.5900e+00   0.0000e+00   0.0000e+00   2.7957e+02
20251212_22:00:00   8.1818e-02   2.3813e+01   6.6366e+00   0.0000e+00   0.0000e+00   2.7772e+02
20251212_23:00:00   8.2813e-02   2.4068e+01   6.7472e+00   0.0000e+00   0.0000e+00   2.7928e+02
20251213_00:00:00   8.3630e-02   2.4273e+01   6.8200e+00   0.0000e+00   0.0000e+00   2.7978e+02
20251213_01:00:00   8.3090e-02   2.4142e+01   6.6766e+00   0.0000e+00   0.0000e+00   2.8102e+02
20251213_02:00:00   8.1670e-02   2.3789e+01   6.3799e+00   0.0000e+00   0.0000e+00   2.8324e+02
20251213_03:00:00   8.0829e-02   2.3572e+01   6.2082e+00   0.0000e+00   0.0000e+00   2.8696e+02
20251213_04:00:00   8.0069e-02   2.3373e+01   6.0638e+00   0.0000e+00   0.0000e+00   2.8644e+02
20251213_05:00:00   7.9729e-02   2.3287e+01   5.9760e+00   0.0000e+00   0.0000e+00   2.8733e+02
20251213_06:00:00   7.8579e-02   2.2989e+01   5.7985e+00   0.0000e+00   0.0000e+00   2.8931e+02
20251213_07:00:00   7.6962e-02   2.2578e+01   5.5658e+00   0.0000e+00   0.0000e+00   2.9044e+02
20251213_08:00:00   7.5279e-02   2.2142e+01   5.2939e+00   0.0000e+00   0.0000e+00   2.9111e+02
20251213_09:00:00   7.3354e-02   2.1645e+01   4.9734e+00   0.0000e+00   0.0000e+00   2.9115e+02
20251213_10:00:00   7.1560e-02   2.1177e+01   4.6928e+00   0.0000e+00   0.0000e+00   2.9410e+02
20251213_11:00:00   6.9750e-02   2.0706e+01   4.4263e+00   0.0000e+00   0.0000e+00   2.9284e+02
20251213_12:00:00   6.8875e-02   2.0474e+01   4.2940e+00   0.0000e+00   0.0000e+00   2.8861e+02
20251213_13:00:00   6.7719e-02   2.0171e+01   4.1021e+00   0.0000e+00   0.0000e+00   2.8603e+02
20251213_14:00:00   6.7092e-02   1.9997e+01   4.0321e+00   0.0000e+00   0.0000e+00   2.8353e+02
20251213_15:00:00   6.6779e-02   1.9904e+01   4.0259e+00   0.0000e+00   0.0000e+00   2.8023e+02
20251213_16:00:00   6.7061e-02   1.9971e+01   4.1014e+00   0.0000e+00   0.0000e+00   2.7910e+02
20251213_17:00:00   6.6849e-02   1.9932e+01   4.1028e+00   0.0000e+00   0.0000e+00   2.8140e+02
20251213_18:00:00   6.7429e-02   2.0100e+01   4.2396e+00   0.0000e+00   0.0000e+00   2.8553e+02
20251213_19:00:00   6.9219e-02   2.0583e+01   4.5394e+00   0.0000e+00   0.0000e+00   2.8577e+02
20251213_20:00:00   7.0798e-02   2.1000e+01   4.8104e+00   0.0000e+00   0.0000e+00   2.8479e+02
20251213_21:00:00   7.1585e-02   2.1206e+01   4.9761e+00   0.0000e+00   0.0000e+00   2.8207e+02
20251213_22:00:00   7.1607e-02   2.1215e+01   5.0478e+00   0.0000e+00   0.0000e+00   2.8215e+02
20251213_23:00:00   7.0863e-02   2.1013e+01   5.0115e+00   0.0000e+00   0.0000e+00   2.8170e+02
20251214_00:00:00   7.0115e-02   2.0805e+01   4.9251e+00   0.0000e+00   0.0000e+00   2.8025e+02
20251214_01:00:00   6.8859e-02   2.0468e+01   4.7071e+00   0.0000e+00   0.0000e+00   2.7946e+02
20251214_02:00:00   6.7258e-02   2.0047e+01   4.4173e+00   0.0000e+00   0.0000e+00   2.7897e+02
20251214_03:00:00   6.5419e-02   1.9586e+01   4.1070e+00   0.0000e+00   0.0000e+00   2.7692e+02
20251214_04:00:00   6.6888e-02   1.9974e+01   4.3025e+00   0.0000e+00   0.0000e+00   2.7751e+02
20251214_05:00:00   6.9632e-02   2.0670e+01   4.7357e+00   0.0000e+00   0.0000e+00   2.7749e+02
20251214_06:00:00   7.2060e-02   2.1266e+01   5.0804e+00   0.0000e+00   0.0000e+00   2.7669e+02
20251214_07:00:00   7.2490e-02   2.1369e+01   5.1196e+00   0.0000e+00   0.0000e+00   2.7565e+02
20251214_08:00:00   7.2674e-02   2.1404e+01   5.1241e+00   0.0000e+00   0.0000e+00   2.7187e+02
20251214_09:00:00   7.2220e-02   2.1266e+01   5.0288e+00   0.0000e+00   0.0000e+00   2.6929e+02
20251214_10:00:00   7.2294e-02   2.1262e+01   5.0022e+00   0.0000e+00   0.0000e+00   2.6784e+02
20251214_11:00:00   7.2252e-02   2.1229e+01   4.9799e+00   0.0000e+00   0.0000e+00   2.6741e+02
20251214_12:00:00   7.1886e-02   2.1120e+01   4.9178e+00   0.0000e+00   0.0000e+00   2.6745e+02
20251214_13:00:00   7.0860e-02   2.0863e+01   4.7625e+00   0.0000e+00   1.8014e-08   2.6859e+02
20251214_14:00:00   7.0637e-02   2.0803e+01   4.7307e+00   0.0000e+00   0.0000e+00   2.6902e+02
20251214_15:00:00   7.0105e-02   2.0671e+01   4.6704e+00   0.0000e+00   0.0000e+00   2.7137e+02
20251214_16:00:00   7.1535e-02   2.1028e+01   4.8862e+00   0.0000e+00   0.0000e+00   2.7211e+02
20251214_17:00:00   7.2165e-02   2.1212e+01   4.9882e+00   0.0000e+00   0.0000e+00   2.7160e+02
20251214_18:00:00   7.2850e-02   2.1409e+01   5.1146e+00   0.0000e+00   7.2251e-05   2.7000e+02
20251214_19:00:00   7.4406e-02   2.1807e+01   5.4210e+00   0.0000e+00   1.2428e-03   2.6615e+02
20251214_20:00:00   7.5861e-02   2.2186e+01   5.7120e+00   0.0000e+00   2.3794e-03   2.6359e+02
20251214_21:00:00   7.7948e-02   2.2711e+01   6.0551e+00   0.0000e+00   1.8033e-03   2.6351e+02
20251214_22:00:00   7.8215e-02   2.2782e+01   6.1450e+00   0.0000e+00   3.2541e-03   2.6455e+02
20251214_23:00:00   7.7373e-02   2.2570e+01   6.0211e+00   0.0000e+00   1.0369e-04   2.6514e+02
20251215_00:00:00   7.5875e-02   2.2181e+01   5.7882e+00   0.0000e+00   5.9558e-03   2.6591e+02
20251215_01:00:00   7.5500e-02   2.2068e+01   5.7557e+00   0.0000e+00   7.9301e-03   2.6708e+02
20251215_02:00:00   7.4377e-02   2.1786e+01   5.5920e+00   0.0000e+00   7.4306e-03   2.6788e+02
20251215_03:00:00   7.4027e-02   2.1685e+01   5.5668e+00   0.0000e+00   4.7673e-03   2.6880e+02
20251215_04:00:00   7.2530e-02   2.1312e+01   5.2946e+00   0.0000e+00   4.1349e-03   2.6737e+02
20251215_05:00:00   7.4037e-02   2.1643e+01   5.6626e+00   0.0000e+00   2.6982e-02   2.6643e+02
20251215_06:00:00   7.8040e-02   2.2584e+01   6.3793e+00   0.0000e+00   1.1530e-01   2.6617e+02
20251215_09:00:00   7.5005e-02   2.1859e+01   5.8596e+00   0.0000e+00   6.2464e-02   2.7100e+02
20251215_12:00:00   7.7265e-02   2.2431e+01   6.2925e+00   0.0000e+00   2.7695e-02   2.6626e+02
20251215_15:00:00   7.9856e-02   2.3046e+01   6.6294e+00   0.0000e+00   4.5186e-02   2.6782e+02
20251215_18:00:00   8.3325e-02   2.3895e+01   7.3507e+00   0.0000e+00   3.3516e-02   2.6689e+02
20251215_21:00:00   9.1983e-02   2.6025e+01   8.7203e+00   0.0000e+00   1.1935e-01   2.6482e+02
20251216_00:00:00   8.7216e-02   2.4908e+01   7.8524e+00   0.0000e+00   1.0362e-03   2.6820e+02
20251216_03:00:00   7.2512e-02   2.1327e+01   5.2136e+00   0.0000e+00   1.9234e-03   2.6627e+02
20251216_06:00:00   7.4416e-02   2.1772e+01   5.4463e+00   0.0000e+00   3.4141e-05   2.6758e+02
20251216_09:00:00   6.8936e-02   2.0397e+01   4.2873e+00   0.0000e+00   0.0000e+00   2.6475e+02
20251216_12:00:00   7.0398e-02   2.0721e+01   4.4471e+00   0.0000e+00   0.0000e+00   2.6699e+02
20251216_15:00:00   7.1131e-02   2.0875e+01   4.5637e+00   0.0000e+00   0.0000e+00   2.6418e+02
20251216_18:00:00   7.3281e-02   2.1439e+01   5.0375e+00   0.0000e+00   0.0000e+00   2.6107e+02
20251216_21:00:00   7.7642e-02   2.2565e+01   5.9998e+00   0.0000e+00   2.0283e-03   2.6090e+02
20251217_00:00:00   7.5352e-02   2.1947e+01   5.7543e+00   0.0000e+00   1.8617e-03   2.6694e+02
20251217_03:00:00   8.0704e-02   2.3273e+01   6.5958e+00   0.0000e+00   0.0000e+00   2.6679e+02
20251217_06:00:00   8.0351e-02   2.3190e+01   6.5775e+00   0.0000e+00   3.4060e-07   2.7002e+02
20251217_09:00:00   7.7745e-02   2.2555e+01   6.1440e+00   0.0000e+00   0.0000e+00   2.7181e+02
20251217_12:00:00   7.6583e-02   2.2231e+01   6.1117e+00   0.0000e+00   0.0000e+00   2.6964e+02
20251217_15:00:00   8.3775e-02   2.3945e+01   7.4452e+00   0.0000e+00   6.4245e-03   2.6773e+02
20251217_18:00:00   8.8316e-02   2.5110e+01   8.1328e+00   0.0000e+00   1.0855e-03   2.7149e+02
20251217_21:00:00   8.3816e-02   2.4181e+01   6.9894e+00   0.0000e+00   0.0000e+00   2.7659e+02
20251218_00:00:00   7.5012e-02   2.2065e+01   5.4548e+00   0.0000e+00   0.0000e+00   2.7494e+02
20251218_03:00:00   7.1393e-02   2.1143e+01   4.8907e+00   0.0000e+00   1.9320e-03   2.6928e+02
20251218_06:00:00   6.6402e-02   1.9855e+01   4.0906e+00   0.0000e+00   1.9530e-04   2.6675e+02
20251218_09:00:00   6.3938e-02   1.9217e+01   3.8448e+00   0.0000e+00   8.9920e-04   2.6657e+02
20251218_12:00:00   6.8289e-02   2.0316e+01   4.6017e+00   0.0000e+00   1.8744e-03   2.7161e+02
20251218_15:00:00   7.0541e-02   2.0913e+01   5.0051e+00   0.0000e+00   2.5680e-03   2.7149e+02
20251218_18:00:00   7.6300e-02   2.2337e+01   6.0537e+00   0.0000e+00   2.0262e-03   2.7414e+02
20251218_21:00:00   8.6067e-02   2.4753e+01   7.8976e+00   0.0000e+00   4.5349e-03   2.7706e+02
20251219_00:00:00   9.3309e-02   2.6498e+01   9.0262e+00   0.0000e+00   6.8190e-02   2.7874e+02
20251219_03:00:00   9.8302e-02   2.7705e+01   9.7291e+00   0.0000e+00   3.6217e-03   2.7452e+02
20251219_06:00:00   9.5843e-02   2.7177e+01   9.0594e+00   0.0000e+00   4.7400e-05   2.6964e+02
20251219_09:00:00   8.9004e-02   2.5536e+01   7.7388e+00   0.0000e+00   1.6126e-07   2.6814e+02
20251219_12:00:00   8.8878e-02   2.5513e+01   7.6794e+00   0.0000e+00   5.7480e-05   2.6871e+02
20251219_15:00:00   8.7271e-02   2.5148e+01   7.5499e+00   0.0000e+00   3.9060e-06   2.7194e+02
20251219_18:00:00   9.0146e-02   2.5917e+01   8.2556e+00   0.0000e+00   2.0457e-03   2.6923e+02
20251219_21:00:00   9.4835e-02   2.7134e+01   9.1299e+00   0.0000e+00   1.1113e-03   2.6643e+02
20251220_00:00:00   8.7164e-02   2.5239e+01   7.8593e+00   0.0000e+00   1.3718e-03   2.6555e+02
20251220_03:00:00   7.5493e-02   2.2372e+01   5.5832e+00   0.0000e+00   1.6126e-07   2.6524e+02
20251220_06:00:00   7.1517e-02   2.1344e+01   4.8369e+00   0.0000e+00   0.0000e+00   2.6447e+02
20251220_09:00:00   6.7987e-02   2.0392e+01   4.2456e+00   0.0000e+00   0.0000e+00   2.6515e+02
20251220_12:00:00   6.5043e-02   1.9602e+01   3.8951e+00   0.0000e+00   4.4082e-03   2.6501e+02
20251220_15:00:00   6.3191e-02   1.9114e+01   3.6777e+00   0.0000e+00   1.6272e-03   2.6336e+02
20251220_18:00:00   6.3662e-02   1.9256e+01   3.8710e+00   0.0000e+00   6.9223e-05   2.6061e+02
20251220_21:00:00   6.7197e-02   2.0212e+01   4.5960e+00   0.0000e+00   9.3921e-04   2.5723e+02
20251221_00:00:00   6.7928e-02   2.0368e+01   4.7723e+00   0.0000e+00   4.3670e-05   2.5842e+02
20251221_03:00:00   7.0444e-02   2.0920e+01   5.4818e+00   0.0000e+00   2.5281e-03   2.5955e+02
20251221_06:00:00   7.1526e-02   2.1248e+01   5.5182e+00   0.0000e+00   0.0000e+00   2.6002e+02
20251221_09:00:00   7.5327e-02   2.2226e+01   6.0724e+00   0.0000e+00   0.0000e+00   2.5703e+02
20251221_12:00:00   8.0755e-02   2.3552e+01   7.0940e+00   0.0000e+00   7.8561e-04   2.5857e+02
20251221_15:00:00   7.8054e-02   2.2838e+01   6.7134e+00   0.0000e+00   2.5600e-04   2.5928e+02
20251221_18:00:00   8.3157e-02   2.4126e+01   7.6787e+00   0.0000e+00   8.1505e-04   2.6460e+02
20251221_21:00:00   1.0222e-01   2.8665e+01   1.0951e+01   0.0000e+00   1.7540e-02   2.6956e+02
20251222_00:00:00   1.1359e-01   3.1468e+01   1.2089e+01   9.1900e-05   6.4264e-04   2.7217e+02
20251222_03:00:00   1.0944e-01   3.0444e+01   1.1477e+01   0.0000e+00   2.4736e-04   2.7466e+02
20251222_06:00:00   1.0668e-01   2.9799e+01   1.0736e+01   0.0000e+00   0.0000e+00   2.7205e+02
20251222_09:00:00   1.0842e-01   3.0101e+01   1.0565e+01   1.0412e-05   3.7289e-06   2.7368e+02
20251222_12:00:00   1.0053e-01   2.8250e+01   9.0808e+00   0.0000e+00   6.4684e-03   2.7997e+02
20251222_15:00:00   8.8225e-02   2.5232e+01   7.3072e+00   0.0000e+00   8.7144e-03   2.9014e+02
20251222_18:00:00   9.8549e-02   2.7621e+01   9.3356e+00   0.0000e+00   7.9875e-02   2.9523e+02
20251222_21:00:00   1.0627e-01   2.9469e+01   1.0612e+01   0.0000e+00   1.3397e-01   2.9474e+02
20251223_00:00:00   1.2265e-01   3.3399e+01   1.2634e+01   0.0000e+00   8.5103e-03   2.9430e+02
20251223_03:00:00   1.1259e-01   3.0965e+01   1.1155e+01   7.5483e-06   1.0851e-02   2.9385e+02
20251223_06:00:00   1.1187e-01   3.0765e+01   1.0899e+01   6.1280e-06   6.7194e-03   2.9912e+02
20251223_09:00:00   1.1486e-01   3.1479e+01   1.1114e+01   3.0200e-06   6.1750e-03   3.0387e+02
20251223_12:00:00   1.1563e-01   3.1618e+01   1.1227e+01   2.1130e-06   2.8329e-03   3.0923e+02
20251223_15:00:00   1.1542e-01   3.1541e+01   1.1357e+01   0.0000e+00   8.8299e-03   3.1449e+02
20251223_18:00:00   1.1828e-01   3.2291e+01   1.1374e+01   8.2322e-04   5.9778e-03   3.1822e+02
20251223_21:00:00   2.8022e-01   6.7666e+01   1.3450e+01   1.6123e-01   2.0798e-01   3.1802e+02
20251224_00:00:00   1.7900e-01   4.6455e+01   1.1804e+01   6.1473e-02   1.9224e-02   3.1533e+02
20251224_03:00:00   2.2389e-01   5.6279e+01   1.1388e+01   1.1275e-01   6.4567e-02   3.1374e+02
20251224_06:00:00   2.5027e-01   6.1690e+01   9.5981e+00   1.5617e-01   4.5519e-03   3.0510e+02
20251224_09:00:00   1.5362e-01   4.0523e+01   1.0288e+01   4.3628e-02   1.6122e-02   2.9287e+02
20251224_12:00:00   1.9467e-01   4.9792e+01   8.6846e+00   1.0398e-01   1.8909e-03   2.9132e+02
20251224_15:00:00   9.6362e-02   2.7054e+01   7.8015e+00   1.3401e-03   6.5261e-04   2.9081e+02
20251224_18:00:00   9.0359e-02   2.5644e+01   7.1516e+00   7.5888e-04   1.5944e-04   2.9174e+02
20251224_21:00:00   8.7859e-02   2.5049e+01   7.2015e+00   2.6997e-04   2.6986e-04   2.9140e+02
20251225_00:00:00   9.1940e-02   2.5996e+01   7.5936e+00   2.0883e-04   1.6247e-03   2.9699e+02
20251225_03:00:00   9.8856e-02   2.7449e+01   8.2436e+00   1.1514e-03   8.8011e-02   3.0701e+02
20251225_06:00:00   8.9191e-02   2.4964e+01   7.0916e+00   4.6139e-04   6.9523e-02   3.1777e+02
20251225_09:00:00   8.9382e-02   2.4801e+01   6.8770e+00   1.2587e-06   2.4912e-01   3.2211e+02
20251225_12:00:00   7.9502e-02   2.2339e+01   5.3463e+00   1.0822e-04   1.0573e-01   3.2873e+02
20251225_15:00:00   7.5553e-02   2.1322e+01   4.5670e+00   2.0393e-05   1.8944e-03   3.4165e+02
20251225_18:00:00   6.5046e-02   1.8761e+01   3.0849e+00   2.8960e-04   1.1438e-03   3.4148e+02
20251225_21:00:00   6.4129e-02   1.8543e+01   2.9719e+00   1.2016e-04   4.4717e-03   3.3764e+02
20251226_00:00:00   6.0632e-02   1.7720e+01   2.3311e+00   0.0000e+00   2.2655e-06   3.3730e+02
20251226_03:00:00   6.0823e-02   1.7737e+01   2.4087e+00   0.0000e+00   6.6460e-05   3.3906e+02
20251226_06:00:00   6.0749e-02   1.7720e+01   2.4575e+00   0.0000e+00   0.0000e+00   3.5120e+02
