#            date       tau255        Tb[K]      pwv[mm] lwp[kg*m^-2] iwp[kg*m^-2]       o3[DU]
20260505_00:00:00   1.0113e-01   2.8522e+01   1.0694e+01   1.8904e-04   5.0436e-02   3.3506e+02
20260505_01:00:00   1.0460e-01   2.9396e+01   1.1143e+01   0.0000e+00   8.4184e-02   3.3184e+02
20260505_02:00:00   1.0707e-01   3.0004e+01   1.1473e+01   0.0000e+00   7.7358e-02   3.3044e+02
20260505_03:00:00   1.1269e-01   3.1357e+01   1.2250e+01   1.3006e-04   2.6443e-02   3.3068e+02
20260505_04:00:00   1.0513e-01   2.9498e+01   1.1133e+01   0.0000e+00   3.5900e-02   3.3237e+02
20260505_05:00:00   1.0275e-01   2.8866e+01   1.0826e+01   0.0000e+00   1.6993e-02   3.3536e+02
20260505_06:00:00   1.0775e-01   3.0062e+01   1.1509e+01   0.0000e+00   2.0714e-02   3.3909e+02
20260505_07:00:00   1.1380e-01   3.1493e+01   1.2229e+01   0.0000e+00   3.6584e-02   3.4300e+02
20260505_08:00:00   1.1830e-01   3.2543e+01   1.2761e+01   0.0000e+00   3.5116e-02   3.4862e+02
20260505_09:00:00   1.1833e-01   3.2490e+01   1.2741e+01   0.0000e+00   1.3113e-01   3.4965e+02
20260505_10:00:00   1.1658e-01   3.2075e+01   1.2421e+01   2.0140e-06   1.1134e-02   3.4671e+02
20260505_11:00:00   1.2242e-01   3.3417e+01   1.3064e+01   0.0000e+00   1.2589e-01   3.4742e+02
20260505_12:00:00   1.3192e-01   3.5623e+01   1.4160e+01   0.0000e+00   1.4616e-01   3.4558e+02
20260505_13:00:00   1.3679e-01   3.6781e+01   1.4293e+01   5.0340e-06   1.8196e-01   3.4409e+02
20260505_14:00:00   1.3906e-01   3.7311e+01   1.4459e+01   1.4734e-04   1.2194e-01   3.4356e+02
20260505_15:00:00   1.4177e-01   3.7999e+01   1.3893e+01   5.8645e-03   9.3888e-02   3.4661e+02
20260505_16:00:00   1.4928e-01   3.9731e+01   1.3944e+01   1.2574e-02   2.2622e-01   3.4665e+02
20260505_17:00:00   1.4069e-01   3.7784e+01   1.3705e+01   5.9920e-03   1.5179e-01   3.4741e+02
20260505_18:00:00   1.4576e-01   3.8998e+01   1.3351e+01   1.6047e-02   6.8635e-02   3.4919e+02
20260505_19:00:00   1.2849e-01   3.5025e+01   1.2917e+01   2.2198e-03   3.5209e-02   3.4874e+02
20260505_20:00:00   1.4519e-01   3.8878e+01   1.3513e+01   1.5728e-02   1.8277e-01   3.4963e+02
20260505_21:00:00   1.2899e-01   3.5238e+01   1.2951e+01   8.6360e-04   1.9902e-03   3.5202e+02
20260505_22:00:00   1.2936e-01   3.5330e+01   1.2739e+01   3.2664e-03   3.2200e-04   3.5200e+02
20260505_23:00:00   1.2279e-01   3.3766e+01   1.2168e+01   2.7042e-04   3.4684e-04   3.4849e+02
20260506_00:00:00   2.2507e-01   5.7009e+01   1.4928e+01   8.7820e-02   2.7986e-01   3.4486e+02
20260506_01:00:00   1.2921e-01   3.5242e+01   1.2588e+01   3.7737e-04   1.7472e-03   3.5089e+02
20260506_02:00:00   1.2590e-01   3.4431e+01   1.2199e+01   2.2575e-05   6.4479e-03   3.5110e+02
20260506_03:00:00   1.1853e-01   3.2666e+01   1.1274e+01   0.0000e+00   5.2143e-03   3.5346e+02
20260506_04:00:00   1.1840e-01   3.2511e+01   1.0846e+01   3.6271e-03   4.9918e-03   3.5466e+02
20260506_05:00:00   1.0943e-01   3.0288e+01   1.0179e+01   5.0400e-04   6.6885e-03   3.5448e+02
20260506_06:00:00   1.1194e-01   3.0774e+01   1.0490e+01   0.0000e+00   2.4217e-01   3.5830e+02
20260506_07:00:00   1.0374e-01   2.8832e+01   9.3742e+00   1.0066e-06   6.1174e-04   3.6343e+02
20260506_08:00:00   1.0119e-01   2.8199e+01   8.9325e+00   0.0000e+00   2.7636e-03   3.6606e+02
20260506_09:00:00   9.5655e-02   2.6845e+01   8.0984e+00   0.0000e+00   1.7838e-03   3.6968e+02
20260506_10:00:00   9.1023e-02   2.5737e+01   7.2685e+00   0.0000e+00   4.0260e-07   3.7617e+02
20260506_11:00:00   8.9851e-02   2.5466e+01   6.9236e+00   0.0000e+00   0.0000e+00   3.8364e+02
20260506_12:00:00   9.2928e-02   2.6160e+01   7.5193e+00   1.3895e-04   1.5411e-05   3.8636e+02
20260506_13:00:00   1.0128e-01   2.8155e+01   8.7564e+00   2.5882e-06   9.4967e-05   3.8791e+02
20260506_14:00:00   1.0851e-01   2.9875e+01   9.8907e+00   5.7020e-05   2.0332e-04   3.9215e+02
20260506_15:00:00   1.1096e-01   3.0529e+01   1.0086e+01   1.0844e-03   3.0982e-03   3.9160e+02
20260506_16:00:00   1.0416e-01   2.9012e+01   9.0330e+00   5.3664e-04   3.9526e-03   3.8822e+02
20260506_17:00:00   9.8129e-02   2.7564e+01   8.4416e+00   5.8980e-04   9.2678e-04   3.8517e+02
20260506_18:00:00   9.7063e-02   2.7281e+01   8.4761e+00   9.3180e-04   2.1249e-03   3.8726e+02
20260506_19:00:00   1.2448e-01   3.3516e+01   9.2287e+00   2.7900e-02   3.0986e-02   3.8475e+02
20260506_20:00:00   1.0351e-01   2.8764e+01   8.6598e+00   8.9118e-03   1.8861e-02   3.7826e+02
20260506_21:00:00   1.0588e-01   2.9531e+01   9.8617e+00   9.6840e-05   3.1751e-03   3.7490e+02
20260506_22:00:00   1.0987e-01   3.0377e+01   9.5754e+00   7.6851e-03   5.4985e-02   3.7336e+02
20260506_23:00:00   1.0452e-01   2.8960e+01   8.3558e+00   1.2904e-02   7.3659e-03   3.7875e+02
20260507_00:00:00   8.3223e-02   2.3904e+01   6.8386e+00   4.3240e-07   6.5385e-04   3.7982e+02
20260507_01:00:00   7.4087e-02   2.1652e+01   5.3011e+00   5.6440e-06   1.1432e-04   3.7945e+02
20260507_02:00:00   6.3371e-02   1.8950e+01   3.4852e+00   0.0000e+00   0.0000e+00   3.8321e+02
20260507_03:00:00   6.7430e-02   1.9959e+01   4.1055e+00   0.0000e+00   0.0000e+00   3.8588e+02
20260507_04:00:00   6.9046e-02   2.0371e+01   4.3013e+00   0.0000e+00   0.0000e+00   3.8308e+02
20260507_05:00:00   7.3331e-02   2.1468e+01   4.8066e+00   0.0000e+00   0.0000e+00   3.7972e+02
20260507_06:00:00   7.3433e-02   2.1504e+01   4.7412e+00   0.0000e+00   0.0000e+00   3.7834e+02
20260507_07:00:00   7.4139e-02   2.1675e+01   4.7460e+00   0.0000e+00   0.0000e+00   3.7605e+02
20260507_08:00:00   7.4957e-02   2.1862e+01   4.7905e+00   0.0000e+00   0.0000e+00   3.7202e+02
20260507_09:00:00   7.3985e-02   2.1618e+01   4.6581e+00   0.0000e+00   0.0000e+00   3.6837e+02
20260507_10:00:00   7.2663e-02   2.1290e+01   4.4882e+00   0.0000e+00   0.0000e+00   3.6626e+02
20260507_11:00:00   7.1337e-02   2.0960e+01   4.3310e+00   0.0000e+00   0.0000e+00   3.6555e+02
20260507_12:00:00   6.9493e-02   2.0495e+01   4.1284e+00   0.0000e+00   0.0000e+00   3.6497e+02
20260507_13:00:00   6.8146e-02   2.0159e+01   3.9979e+00   0.0000e+00   0.0000e+00   3.6541e+02
20260507_14:00:00   6.7448e-02   1.9994e+01   3.9487e+00   0.0000e+00   0.0000e+00   3.6532e+02
20260507_15:00:00   6.7490e-02   2.0021e+01   3.9994e+00   0.0000e+00   0.0000e+00   3.6659e+02
20260507_16:00:00   6.7271e-02   1.9996e+01   4.0684e+00   0.0000e+00   0.0000e+00   3.6687e+02
20260507_17:00:00   6.7708e-02   2.0143e+01   4.2528e+00   0.0000e+00   0.0000e+00   3.6658e+02
20260507_18:00:00   6.8136e-02   2.0291e+01   4.4133e+00   0.0000e+00   0.0000e+00   3.6831e+02
20260507_19:00:00   6.9977e-02   2.0788e+01   4.8020e+00   0.0000e+00   0.0000e+00   3.6602e+02
20260507_20:00:00   7.1482e-02   2.1189e+01   5.1538e+00   0.0000e+00   0.0000e+00   3.6710e+02
20260507_21:00:00   7.0255e-02   2.0866e+01   5.1110e+00   0.0000e+00   0.0000e+00   3.6894e+02
20260507_22:00:00   6.7850e-02   2.0247e+01   4.8647e+00   0.0000e+00   0.0000e+00   3.7255e+02
20260507_23:00:00   6.9060e-02   2.0564e+01   5.1356e+00   0.0000e+00   0.0000e+00   3.6798e+02
20260508_00:00:00   7.1241e-02   2.1138e+01   5.5062e+00   0.0000e+00   0.0000e+00   3.6453e+02
20260508_01:00:00   7.1282e-02   2.1158e+01   5.5030e+00   0.0000e+00   0.0000e+00   3.6473e+02
20260508_02:00:00   7.1145e-02   2.1123e+01   5.4195e+00   0.0000e+00   0.0000e+00   3.6398e+02
20260508_03:00:00   7.2501e-02   2.1444e+01   5.6219e+00   0.0000e+00   0.0000e+00   3.6189e+02
20260508_04:00:00   7.7964e-02   2.2833e+01   6.5046e+00   0.0000e+00   0.0000e+00   3.6110e+02
20260508_05:00:00   8.4386e-02   2.4438e+01   7.5407e+00   0.0000e+00   0.0000e+00   3.6086e+02
20260508_06:00:00   8.7455e-02   2.5172e+01   8.0151e+00   0.0000e+00   2.1040e-05   3.6032e+02
20260508_07:00:00   9.5094e-02   2.7034e+01   9.2555e+00   0.0000e+00   1.1398e-04   3.5868e+02
20260508_08:00:00   1.0366e-01   2.9098e+01   1.0533e+01   0.0000e+00   4.5239e-03   3.5881e+02
20260508_09:00:00   1.0332e-01   2.9044e+01   1.0399e+01   0.0000e+00   3.6040e-05   3.6203e+02
20260508_10:00:00   1.0156e-01   2.8656e+01   1.0022e+01   0.0000e+00   0.0000e+00   3.6204e+02
20260508_11:00:00   1.0609e-01   2.9752e+01   1.0531e+01   0.0000e+00   0.0000e+00   3.6217e+02
20260508_12:00:00   1.0682e-01   2.9947e+01   1.0569e+01   0.0000e+00   0.0000e+00   3.5826e+02
20260508_13:00:00   1.0555e-01   2.9666e+01   1.0295e+01   0.0000e+00   0.0000e+00   3.5970e+02
20260508_14:00:00   1.0343e-01   2.9194e+01   9.9296e+00   0.0000e+00   0.0000e+00   3.5794e+02
20260508_15:00:00   1.0244e-01   2.8995e+01   9.7578e+00   0.0000e+00   0.0000e+00   3.5815e+02
20260508_16:00:00   1.0392e-01   2.9404e+01   1.0025e+01   0.0000e+00   0.0000e+00   3.5710e+02
20260508_17:00:00   1.0566e-01   2.9864e+01   1.0393e+01   0.0000e+00   3.8602e-05   3.5411e+02
20260508_18:00:00   1.0923e-01   3.0752e+01   1.1003e+01   0.0000e+00   7.2862e-04   3.5258e+02
20260508_19:00:00   1.0937e-01   3.0823e+01   1.1207e+01   1.0066e-06   2.4463e-03   3.5075e+02
20260508_20:00:00   1.1051e-01   3.1081e+01   1.1356e+01   2.2500e-03   3.1669e-03   3.5019e+02
20260508_21:00:00   1.0617e-01   3.0059e+01   1.1168e+01   1.3748e-04   7.1076e-03   3.4941e+02
20260508_22:00:00   1.0560e-01   2.9901e+01   1.1288e+01   1.2256e-05   4.3216e-03   3.4902e+02
20260508_23:00:00   1.0558e-01   2.9896e+01   1.1380e+01   0.0000e+00   7.9019e-04   3.4993e+02
20260509_00:00:00   1.0315e-01   2.9341e+01   1.0915e+01   1.1168e-06   2.7940e-04   3.5081e+02
20260509_01:00:00   1.0375e-01   2.9534e+01   1.0886e+01   0.0000e+00   1.8234e-05   3.5003e+02
20260509_02:00:00   1.0209e-01   2.9114e+01   1.0609e+01   0.0000e+00   0.0000e+00   3.5002e+02
20260509_03:00:00   1.0002e-01   2.8573e+01   1.0276e+01   0.0000e+00   0.0000e+00   3.5143e+02
20260509_04:00:00   1.0020e-01   2.8629e+01   1.0235e+01   0.0000e+00   0.0000e+00   3.5240e+02
20260509_05:00:00   9.8467e-02   2.8233e+01   9.9055e+00   0.0000e+00   0.0000e+00   3.5069e+02
20260509_06:00:00   9.3040e-02   2.6912e+01   9.0230e+00   0.0000e+00   0.0000e+00   3.4983e+02
20260509_07:00:00   9.3837e-02   2.7115e+01   9.1154e+00   0.0000e+00   0.0000e+00   3.5228e+02
20260509_08:00:00   9.9665e-02   2.8561e+01   9.9270e+00   0.0000e+00   0.0000e+00   3.5098e+02
20260509_09:00:00   1.0263e-01   2.9278e+01   1.0298e+01   0.0000e+00   0.0000e+00   3.4440e+02
20260509_10:00:00   1.0117e-01   2.8912e+01   1.0040e+01   0.0000e+00   0.0000e+00   3.4331e+02
20260509_11:00:00   1.0173e-01   2.9033e+01   1.0108e+01   0.0000e+00   0.0000e+00   3.4049e+02
20260509_12:00:00   1.0309e-01   2.9365e+01   1.0315e+01   0.0000e+00   0.0000e+00   3.3866e+02
20260509_13:00:00   1.0534e-01   2.9899e+01   1.0650e+01   0.0000e+00   2.4020e-04   3.3681e+02
20260509_14:00:00   1.0232e-01   2.9175e+01   1.0164e+01   0.0000e+00   0.0000e+00   3.3697e+02
20260509_15:00:00   1.0187e-01   2.9090e+01   1.0086e+01   0.0000e+00   0.0000e+00   3.3632e+02
20260509_16:00:00   1.0433e-01   2.9681e+01   1.0671e+01   0.0000e+00   0.0000e+00   3.3416e+02
20260509_17:00:00   1.0316e-01   2.9313e+01   1.0795e+01   0.0000e+00   7.7580e-05   3.3296e+02
20260509_18:00:00   1.0192e-01   2.8976e+01   1.0704e+01   4.2060e-05   7.3323e-04   3.3327e+02
20260509_19:00:00   1.0303e-01   2.9199e+01   1.0879e+01   1.0944e-03   1.0680e-02   3.3338e+02
20260509_20:00:00   1.1216e-01   3.1285e+01   1.0976e+01   1.1346e-02   4.1034e-02   3.3325e+02
20260509_21:00:00   1.0501e-01   2.9727e+01   1.1421e+01   5.1584e-05   1.1340e-01   3.3303e+02
20260509_22:00:00   1.0237e-01   2.9075e+01   1.1109e+01   3.7626e-04   4.1739e-02   3.3348e+02
20260509_23:00:00   1.0785e-01   3.0478e+01   1.1974e+01   2.0320e-06   1.5551e-02   3.3311e+02
20260510_00:00:00   1.0486e-01   2.9765e+01   1.1490e+01   1.1530e-06   5.0360e-03   3.3546e+02
20260510_03:00:00   9.7754e-02   2.7952e+01   1.0281e+01   0.0000e+00   7.5930e-04   3.4178e+02
20260510_06:00:00   9.7511e-02   2.7716e+01   1.0168e+01   0.0000e+00   2.2383e-03   3.4129e+02
20260510_09:00:00   1.1091e-01   3.0917e+01   1.1765e+01   3.0580e-05   3.0147e-01   3.4382e+02
20260510_12:00:00   9.6798e-02   2.7474e+01   9.3013e+00   1.0810e-05   2.0994e-01   3.5400e+02
20260510_15:00:00   8.3665e-02   2.4516e+01   6.4947e+00   0.0000e+00   0.0000e+00   3.6103e+02
20260510_18:00:00   7.7856e-02   2.3030e+01   6.2916e+00   0.0000e+00   0.0000e+00   3.5890e+02
20260510_21:00:00   6.4705e-02   1.9593e+01   4.4606e+00   0.0000e+00   0.0000e+00   3.4856e+02
20260511_00:00:00   5.8215e-02   1.7956e+01   3.2725e+00   0.0000e+00   0.0000e+00   3.4194e+02
20260511_03:00:00   6.1876e-02   1.8883e+01   3.9182e+00   0.0000e+00   0.0000e+00   3.3240e+02
20260511_06:00:00   6.9064e-02   2.0688e+01   5.2063e+00   0.0000e+00   0.0000e+00   3.2855e+02
20260511_09:00:00   7.0748e-02   2.1168e+01   5.4243e+00   0.0000e+00   1.6126e-07   3.2627e+02
20260511_12:00:00   8.0735e-02   2.3686e+01   7.1017e+00   0.0000e+00   2.1813e-04   3.3238e+02
20260511_15:00:00   8.1736e-02   2.3922e+01   7.2944e+00   0.0000e+00   2.6263e-04   3.3142e+02
20260511_18:00:00   8.4406e-02   2.4710e+01   7.9356e+00   0.0000e+00   0.0000e+00   3.3078e+02
20260511_21:00:00   9.2552e-02   2.6807e+01   9.5663e+00   0.0000e+00   4.3039e-04   3.2999e+02
20260512_00:00:00   9.0715e-02   2.6431e+01   9.2683e+00   0.0000e+00   5.7085e-06   3.3109e+02
20260512_03:00:00   9.6806e-02   2.7950e+01   1.0185e+01   0.0000e+00   1.5246e-04   3.2719e+02
20260512_06:00:00   9.7704e-02   2.8163e+01   1.0180e+01   0.0000e+00   5.1660e-04   3.3015e+02
20260512_09:00:00   9.2664e-02   2.6937e+01   9.2557e+00   0.0000e+00   0.0000e+00   3.2699e+02
20260512_12:00:00   8.4657e-02   2.4929e+01   7.8024e+00   0.0000e+00   0.0000e+00   3.2583e+02
20260512_15:00:00   8.4024e-02   2.4769e+01   7.6833e+00   0.0000e+00   0.0000e+00   3.2699e+02
20260512_18:00:00   9.2445e-02   2.6926e+01   9.2535e+00   0.0000e+00   8.0540e-07   3.2661e+02
20260512_21:00:00   9.0245e-02   2.6347e+01   9.2425e+00   3.3520e-04   7.2071e-03   3.2519e+02
20260513_00:00:00   8.8931e-02   2.5984e+01   9.2769e+00   0.0000e+00   4.8751e-03   3.2189e+02
20260513_03:00:00   8.5277e-02   2.5054e+01   8.6155e+00   0.0000e+00   6.7825e-03   3.2154e+02
20260513_06:00:00   1.1657e-01   3.3055e+01   1.3112e+01   0.0000e+00   1.7073e-02   3.2529e+02
20260513_09:00:00   1.3415e-01   3.7112e+01   1.5902e+01   0.0000e+00   4.3303e-02   3.2652e+02
20260513_12:00:00   1.4537e-01   3.9649e+01   1.7240e+01   5.0340e-05   2.3250e-02   3.2901e+02
20260513_15:00:00   1.5244e-01   4.1111e+01   1.8045e+01   0.0000e+00   2.0881e-01   3.3295e+02
20260513_18:00:00   1.6633e-01   4.4352e+01   1.9062e+01   4.5776e-03   4.6837e-01   3.3510e+02
20260513_21:00:00   1.8268e-01   4.8094e+01   1.9634e+01   1.6234e-02   1.6681e-01   3.3592e+02
20260514_00:00:00   4.4382e-01   9.9094e+01   1.9323e+01   3.1079e-01   2.5535e-01   3.3556e+02
20260514_03:00:00   1.5021e-01   4.0847e+01   1.6999e+01   9.6640e-05   5.2112e-03   3.3748e+02
20260514_06:00:00   1.3627e-01   3.7512e+01   1.5109e+01   6.1760e-04   8.3133e-03   3.3364e+02
20260514_09:00:00   9.2779e-02   2.6668e+01   9.1999e+00   0.0000e+00   7.2088e-06   3.3776e+02
20260514_12:00:00   7.8719e-02   2.3123e+01   6.7591e+00   0.0000e+00   1.0583e-03   3.4465e+02
20260514_15:00:00   6.0655e-02   1.8572e+01   3.4797e+00   0.0000e+00   9.4625e-04   3.4325e+02
20260514_18:00:00   5.4041e-02   1.6823e+01   2.5838e+00   0.0000e+00   1.1462e-04   3.4325e+02
20260514_21:00:00   5.7139e-02   1.7651e+01   3.2898e+00   0.0000e+00   0.0000e+00   3.4304e+02
20260515_00:00:00   6.9329e-02   2.0848e+01   5.5727e+00   0.0000e+00   0.0000e+00   3.4000e+02
20260515_03:00:00   7.3956e-02   2.1985e+01   6.3595e+00   0.0000e+00   0.0000e+00   3.3490e+02
20260515_06:00:00   7.3747e-02   2.1895e+01   6.3297e+00   0.0000e+00   0.0000e+00   3.3210e+02
20260515_09:00:00   6.9482e-02   2.0839e+01   5.3090e+00   0.0000e+00   0.0000e+00   3.3173e+02
20260515_12:00:00   7.1687e-02   2.1386e+01   5.3601e+00   0.0000e+00   0.0000e+00   3.2671e+02
20260515_15:00:00   7.0405e-02   2.1073e+01   5.0165e+00   0.0000e+00   0.0000e+00   3.3590e+02
20260515_18:00:00   7.3391e-02   2.1871e+01   5.7888e+00   0.0000e+00   0.0000e+00   3.4536e+02
20260515_21:00:00   6.9604e-02   2.0864e+01   5.4997e+00   0.0000e+00   8.3158e-03   3.4429e+02
20260516_00:00:00   7.2002e-02   2.1443e+01   6.0572e+00   0.0000e+00   7.5643e-03   3.4279e+02
20260516_03:00:00   7.5101e-02   2.2235e+01   6.5239e+00   0.0000e+00   0.0000e+00   3.4072e+02
20260516_06:00:00   7.5669e-02   2.2451e+01   6.4352e+00   0.0000e+00   0.0000e+00   3.3843e+02
20260516_09:00:00   7.7603e-02   2.2948e+01   6.5045e+00   0.0000e+00   3.0120e-05   3.3734e+02
20260516_12:00:00   7.6459e-02   2.2607e+01   6.1502e+00   0.0000e+00   3.4340e-04   3.3238e+02
20260516_15:00:00   7.5337e-02   2.2328e+01   5.9604e+00   0.0000e+00   9.8600e-04   3.3281e+02
20260516_18:00:00   7.6908e-02   2.2796e+01   6.4441e+00   0.0000e+00   3.6020e-08   3.2490e+02
20260516_21:00:00   7.4608e-02   2.2236e+01   6.3553e+00   0.0000e+00   0.0000e+00   3.2444e+02
20260517_00:00:00   7.6085e-02   2.2642e+01   6.6167e+00   0.0000e+00   0.0000e+00   3.2406e+02
20260517_03:00:00   7.5201e-02   2.2360e+01   6.4423e+00   0.0000e+00   0.0000e+00   3.2370e+02
20260517_06:00:00   7.5022e-02   2.2329e+01   6.3722e+00   0.0000e+00   0.0000e+00   3.1982e+02
20260517_09:00:00   7.3444e-02   2.1909e+01   5.9607e+00   0.0000e+00   0.0000e+00   3.2108e+02
20260517_12:00:00   7.2057e-02   2.1509e+01   5.5764e+00   0.0000e+00   0.0000e+00   3.2148e+02
20260517_15:00:00   6.9441e-02   2.0858e+01   5.0696e+00   0.0000e+00   0.0000e+00   3.1520e+02
20260517_18:00:00   6.6205e-02   2.0060e+01   4.7352e+00   0.0000e+00   3.0010e-03   3.1642e+02
20260517_21:00:00   6.9674e-02   2.0889e+01   5.6415e+00   0.0000e+00   2.5161e-02   3.1634e+02
20260518_00:00:00   7.9783e-02   2.3402e+01   7.5190e+00   0.0000e+00   1.1295e-01   3.1437e+02
20260518_03:00:00   8.6779e-02   2.4965e+01   8.6427e+00   0.0000e+00   2.2607e-01   3.1393e+02
20260518_06:00:00   8.1120e-02   2.3556e+01   7.7121e+00   0.0000e+00   1.3107e-01   3.1777e+02
20260518_09:00:00   8.8056e-02   2.5226e+01   8.5263e+00   0.0000e+00   1.7092e-01   3.2398e+02
20260518_12:00:00   9.3548e-02   2.6645e+01   9.1741e+00   0.0000e+00   4.1381e-03   3.2529e+02
20260518_15:00:00   1.0246e-01   2.8854e+01   1.0283e+01   1.2080e-05   1.1938e-02   3.2693e+02
20260518_18:00:00   1.5405e-01   4.1040e+01   1.2814e+01   3.7611e-02   3.3076e-02   3.2659e+02
20260518_21:00:00   1.0616e-01   2.9986e+01   1.0606e+01   3.1556e-03   2.3944e-02   3.3643e+02
20260519_00:00:00   1.0358e-01   2.9358e+01   1.0788e+01   1.4720e-06   3.1978e-03   3.3980e+02
20260519_03:00:00   9.2908e-02   2.6557e+01   9.1333e+00   0.0000e+00   6.3750e-02   3.4042e+02
20260519_06:00:00   7.4423e-02   2.1870e+01   5.9804e+00   0.0000e+00   1.9927e-02   3.4757e+02
20260519_09:00:00   7.5425e-02   2.2201e+01   5.9313e+00   0.0000e+00   0.0000e+00   3.4212e+02
20260519_12:00:00   6.9445e-02   2.0761e+01   4.7168e+00   0.0000e+00   0.0000e+00   3.3547e+02
20260519_15:00:00   6.8259e-02   2.0476e+01   4.4724e+00   0.0000e+00   0.0000e+00   3.3328e+02
20260519_18:00:00   7.2411e-02   2.1592e+01   5.4403e+00   0.0000e+00   0.0000e+00   3.3378e+02
20260519_21:00:00   7.2123e-02   2.1535e+01   5.8045e+00   0.0000e+00   3.2220e-06   3.3354e+02
20260520_00:00:00   6.9239e-02   2.0812e+01   5.3574e+00   0.0000e+00   0.0000e+00   3.3089e+02
20260520_03:00:00   6.9350e-02   2.0824e+01   5.2746e+00   0.0000e+00   0.0000e+00   3.3516e+02
20260520_06:00:00   7.1421e-02   2.1353e+01   5.4918e+00   0.0000e+00   0.0000e+00   3.3244e+02
20260520_09:00:00   6.9793e-02   2.0942e+01   5.1830e+00   0.0000e+00   0.0000e+00   3.3114e+02
20260520_12:00:00   6.9130e-02   2.0746e+01   5.0248e+00   0.0000e+00   0.0000e+00   3.2623e+02
20260520_15:00:00   6.8931e-02   2.0717e+01   4.9932e+00   0.0000e+00   0.0000e+00   3.2285e+02
20260520_18:00:00   6.9462e-02   2.0905e+01   5.2596e+00   0.0000e+00   0.0000e+00   3.2105e+02
20260520_21:00:00   6.5060e-02   1.9785e+01   4.6905e+00   0.0000e+00   1.8546e-04   3.1795e+02
20260521_00:00:00   6.4288e-02   1.9586e+01   4.6355e+00   0.0000e+00   6.8355e-03   3.1885e+02
