#            date       tau255        Tb[K]      pwv[mm] lwp[kg*m^-2] iwp[kg*m^-2]       o3[DU]
20260222_00:00:00   6.4124e-02   1.8888e+01   3.3774e+00   0.0000e+00   0.0000e+00   3.1559e+02
20260222_01:00:00   6.4453e-02   1.8963e+01   3.4706e+00   0.0000e+00   0.0000e+00   3.1269e+02
20260222_02:00:00   6.4606e-02   1.9002e+01   3.5153e+00   0.0000e+00   0.0000e+00   3.1193e+02
20260222_03:00:00   6.4255e-02   1.8923e+01   3.4312e+00   0.0000e+00   0.0000e+00   3.0986e+02
20260222_04:00:00   6.2709e-02   1.8555e+01   3.1327e+00   0.0000e+00   0.0000e+00   3.0743e+02
20260222_05:00:00   6.0979e-02   1.8134e+01   2.8368e+00   0.0000e+00   0.0000e+00   3.0661e+02
20260222_06:00:00   5.9389e-02   1.7745e+01   2.5974e+00   0.0000e+00   0.0000e+00   3.0650e+02
20260222_07:00:00   5.8454e-02   1.7516e+01   2.4326e+00   0.0000e+00   0.0000e+00   3.0712e+02
20260222_08:00:00   5.8140e-02   1.7429e+01   2.3930e+00   0.0000e+00   0.0000e+00   3.0491e+02
20260222_09:00:00   5.8128e-02   1.7424e+01   2.3940e+00   0.0000e+00   1.8022e-05   3.0926e+02
20260222_10:00:00   5.8068e-02   1.7412e+01   2.4104e+00   0.0000e+00   2.8161e-05   3.1174e+02
20260222_11:00:00   5.8173e-02   1.7435e+01   2.4514e+00   0.0000e+00   0.0000e+00   3.1941e+02
20260222_12:00:00   5.7904e-02   1.7365e+01   2.4139e+00   0.0000e+00   0.0000e+00   3.2654e+02
20260222_13:00:00   5.8387e-02   1.7474e+01   2.5480e+00   0.0000e+00   1.0462e-05   3.2481e+02
20260222_14:00:00   5.9244e-02   1.7679e+01   2.7056e+00   0.0000e+00   1.2746e-03   3.2445e+02
20260222_15:00:00   6.0127e-02   1.7902e+01   2.8561e+00   0.0000e+00   3.1812e-04   3.2633e+02
20260222_16:00:00   6.1284e-02   1.8193e+01   3.0806e+00   0.0000e+00   9.7445e-04   3.2744e+02
20260222_17:00:00   6.1879e-02   1.8354e+01   3.2411e+00   0.0000e+00   1.2731e-03   3.3417e+02
20260222_18:00:00   6.2649e-02   1.8566e+01   3.4310e+00   0.0000e+00   4.3446e-03   3.2966e+02
20260222_19:00:00   6.3643e-02   1.8834e+01   3.6447e+00   0.0000e+00   3.8722e-03   3.2004e+02
20260222_20:00:00   6.4774e-02   1.9136e+01   3.8645e+00   0.0000e+00   2.2568e-03   3.1744e+02
20260222_21:00:00   6.5580e-02   1.9355e+01   4.0377e+00   0.0000e+00   3.3140e-03   3.1720e+02
20260222_22:00:00   6.6709e-02   1.9648e+01   4.2631e+00   0.0000e+00   2.1414e-03   3.1508e+02
20260222_23:00:00   6.8071e-02   1.9998e+01   4.5181e+00   0.0000e+00   2.7883e-03   3.1742e+02
20260223_00:00:00   6.8705e-02   2.0160e+01   4.6396e+00   0.0000e+00   9.6590e-04   3.1652e+02
20260223_01:00:00   6.9325e-02   2.0316e+01   4.7153e+00   0.0000e+00   2.6903e-05   3.1626e+02
20260223_02:00:00   6.9304e-02   2.0319e+01   4.6771e+00   0.0000e+00   2.3620e-04   3.1389e+02
20260223_03:00:00   6.8606e-02   2.0157e+01   4.5385e+00   0.0000e+00   1.0833e-03   3.1019e+02
20260223_04:00:00   6.8280e-02   2.0085e+01   4.4724e+00   0.0000e+00   2.8356e-03   3.1000e+02
20260223_05:00:00   6.7816e-02   1.9976e+01   4.3837e+00   0.0000e+00   2.4183e-03   3.0781e+02
20260223_06:00:00   6.7665e-02   1.9940e+01   4.3613e+00   0.0000e+00   1.0152e-03   3.0671e+02
20260223_07:00:00   6.8098e-02   2.0048e+01   4.4229e+00   0.0000e+00   2.5804e-03   3.0995e+02
20260223_08:00:00   6.8665e-02   2.0191e+01   4.5065e+00   0.0000e+00   4.5140e-03   3.1049e+02
20260223_09:00:00   6.8757e-02   2.0226e+01   4.4743e+00   0.0000e+00   3.4348e-03   3.0871e+02
20260223_10:00:00   6.8579e-02   2.0188e+01   4.4176e+00   0.0000e+00   1.0507e-03   3.0553e+02
20260223_11:00:00   6.8350e-02   2.0128e+01   4.3656e+00   0.0000e+00   1.5072e-03   3.0603e+02
20260223_12:00:00   6.7846e-02   2.0002e+01   4.2788e+00   0.0000e+00   5.7228e-04   3.0482e+02
20260223_13:00:00   6.6933e-02   1.9784e+01   4.1463e+00   0.0000e+00   1.1240e-05   3.0584e+02
20260223_14:00:00   6.7039e-02   1.9798e+01   4.1802e+00   0.0000e+00   1.0066e-06   3.0565e+02
20260223_15:00:00   6.6957e-02   1.9775e+01   4.1693e+00   0.0000e+00   2.2420e-05   3.0451e+02
20260223_16:00:00   6.6553e-02   1.9693e+01   4.1303e+00   0.0000e+00   1.7606e-04   3.0673e+02
20260223_17:00:00   6.6010e-02   1.9583e+01   4.0801e+00   0.0000e+00   1.3586e-04   3.0993e+02
20260223_18:00:00   6.6131e-02   1.9651e+01   4.1269e+00   0.0000e+00   9.8640e-05   3.1152e+02
20260223_19:00:00   6.7886e-02   2.0126e+01   4.4213e+00   0.0000e+00   0.0000e+00   3.1159e+02
20260223_20:00:00   6.9402e-02   2.0535e+01   4.6845e+00   0.0000e+00   0.0000e+00   3.0931e+02
20260223_21:00:00   7.1030e-02   2.0970e+01   4.9551e+00   0.0000e+00   2.0140e-06   3.0631e+02
20260223_22:00:00   7.1278e-02   2.1063e+01   4.9837e+00   0.0000e+00   2.2520e-04   3.0405e+02
20260223_23:00:00   7.0823e-02   2.0968e+01   4.9174e+00   0.0000e+00   1.2672e-03   3.0336e+02
20260224_00:00:00   6.8956e-02   2.0503e+01   4.6301e+00   0.0000e+00   6.7746e-04   3.0328e+02
20260224_01:00:00   6.7119e-02   2.0051e+01   4.3498e+00   0.0000e+00   4.5904e-05   3.0245e+02
20260224_02:00:00   6.7184e-02   2.0078e+01   4.3426e+00   0.0000e+00   9.1561e-06   3.0125e+02
20260224_03:00:00   6.7265e-02   2.0094e+01   4.3269e+00   0.0000e+00   1.0198e-05   2.9893e+02
20260224_04:00:00   6.7143e-02   2.0065e+01   4.2512e+00   0.0000e+00   0.0000e+00   2.9909e+02
20260224_05:00:00   6.6840e-02   1.9969e+01   4.2204e+00   0.0000e+00   3.1566e-03   2.9831e+02
20260224_06:00:00   6.6897e-02   1.9967e+01   4.2703e+00   0.0000e+00   5.4563e-03   2.9954e+02
20260224_07:00:00   6.6567e-02   1.9877e+01   4.2169e+00   0.0000e+00   2.1560e-05   2.9921e+02
20260224_08:00:00   6.7523e-02   2.0089e+01   4.4352e+00   0.0000e+00   6.2161e-04   2.9871e+02
20260224_09:00:00   6.7704e-02   2.0129e+01   4.4921e+00   0.0000e+00   2.7505e-05   3.0050e+02
20260224_10:00:00   6.8053e-02   2.0211e+01   4.5809e+00   0.0000e+00   1.4152e-04   3.0088e+02
20260224_11:00:00   6.8190e-02   2.0233e+01   4.6323e+00   0.0000e+00   8.5500e-05   3.0198e+02
20260224_12:00:00   6.7848e-02   2.0156e+01   4.5952e+00   0.0000e+00   7.2830e-05   3.0366e+02
20260224_13:00:00   6.8111e-02   2.0220e+01   4.6403e+00   0.0000e+00   4.8717e-04   3.0330e+02
20260224_14:00:00   6.9399e-02   2.0529e+01   4.9916e+00   0.0000e+00   2.9219e-03   3.0289e+02
20260224_15:00:00   7.2562e-02   2.1290e+01   5.7103e+00   0.0000e+00   3.4463e-03   3.0272e+02
20260224_16:00:00   7.5141e-02   2.1949e+01   6.2156e+00   0.0000e+00   1.1056e-03   3.0393e+02
20260224_17:00:00   7.8352e-02   2.2784e+01   6.8001e+00   0.0000e+00   3.2362e-04   3.0197e+02
20260224_18:00:00   8.1964e-02   2.3715e+01   7.4391e+00   0.0000e+00   2.3684e-03   3.0025e+02
20260224_19:00:00   8.2684e-02   2.3956e+01   7.5564e+00   0.0000e+00   4.1783e-03   3.0195e+02
20260224_20:00:00   8.4311e-02   2.4384e+01   7.9023e+00   0.0000e+00   1.0456e-04   3.0291e+02
20260224_21:00:00   8.6812e-02   2.4998e+01   8.3970e+00   0.0000e+00   1.2138e-05   3.0105e+02
20260224_22:00:00   8.9108e-02   2.5563e+01   8.8624e+00   0.0000e+00   9.0011e-04   2.9970e+02
20260224_23:00:00   8.9301e-02   2.5648e+01   8.8342e+00   0.0000e+00   3.7639e-05   2.9681e+02
20260225_00:00:00   9.1220e-02   2.6112e+01   9.1438e+00   0.0000e+00   3.0853e-04   2.9557e+02
20260225_01:00:00   9.2592e-02   2.6444e+01   9.3310e+00   0.0000e+00   1.2375e-03   2.9498e+02
20260225_02:00:00   9.1999e-02   2.6330e+01   9.0863e+00   0.0000e+00   2.1680e-04   2.9671e+02
20260225_03:00:00   9.1883e-02   2.6330e+01   8.9089e+00   0.0000e+00   2.7360e-03   2.9792e+02
20260225_04:00:00   9.2014e-02   2.6380e+01   8.8908e+00   0.0000e+00   4.3901e-03   2.9811e+02
20260225_05:00:00   9.5655e-02   2.7253e+01   9.4402e+00   0.0000e+00   3.0698e-03   2.9939e+02
20260225_06:00:00   1.0151e-01   2.8653e+01   1.0462e+01   0.0000e+00   2.2192e-03   2.9936e+02
20260225_07:00:00   1.0360e-01   2.9161e+01   1.0712e+01   0.0000e+00   2.0881e-03   2.9875e+02
20260225_08:00:00   1.0591e-01   2.9719e+01   1.1082e+01   0.0000e+00   8.4033e-03   2.9813e+02
20260225_09:00:00   1.0821e-01   3.0277e+01   1.1439e+01   0.0000e+00   5.2816e-03   2.9829e+02
20260225_10:00:00   1.0976e-01   3.0657e+01   1.1572e+01   0.0000e+00   4.6092e-03   2.9733e+02
20260225_11:00:00   1.0933e-01   3.0565e+01   1.1397e+01   0.0000e+00   1.6609e-03   2.9649e+02
20260225_12:00:00   1.0735e-01   3.0118e+01   1.0843e+01   0.0000e+00   8.8540e-04   2.9756e+02
20260225_13:00:00   1.0659e-01   2.9933e+01   1.0703e+01   0.0000e+00   2.3040e-04   2.9696e+02
20260225_14:00:00   1.0605e-01   2.9780e+01   1.0615e+01   0.0000e+00   7.4840e-05   2.9720e+02
20260225_15:00:00   1.0552e-01   2.9660e+01   1.0433e+01   0.0000e+00   4.0260e-06   2.9759e+02
20260225_16:00:00   1.0658e-01   2.9931e+01   1.0612e+01   0.0000e+00   2.9300e-04   2.9944e+02
20260225_17:00:00   1.0892e-01   3.0571e+01   1.0915e+01   0.0000e+00   5.2860e-05   3.0037e+02
20260225_18:00:00   1.1171e-01   3.1343e+01   1.1412e+01   0.0000e+00   1.1946e-04   2.9992e+02
20260225_19:00:00   1.1270e-01   3.1586e+01   1.1568e+01   0.0000e+00   3.9820e-04   2.9779e+02
20260225_20:00:00   1.1166e-01   3.1355e+01   1.1587e+01   0.0000e+00   4.0060e-04   2.9794e+02
20260225_21:00:00   1.1296e-01   3.1654e+01   1.1824e+01   0.0000e+00   6.1021e-04   2.9829e+02
20260225_22:00:00   1.1284e-01   3.1592e+01   1.1867e+01   0.0000e+00   1.7731e-03   2.9906e+02
20260225_23:00:00   1.1221e-01   3.1393e+01   1.1738e+01   0.0000e+00   2.3871e-03   2.9829e+02
20260226_00:00:00   1.1079e-01   3.1029e+01   1.1358e+01   0.0000e+00   2.7312e-03   2.9970e+02
20260226_01:00:00   1.0554e-01   2.9740e+01   1.0359e+01   0.0000e+00   3.2907e-03   3.0244e+02
20260226_02:00:00   9.6772e-02   2.7578e+01   9.0283e+00   0.0000e+00   2.0559e-03   3.0226e+02
20260226_03:00:00   8.9523e-02   2.5776e+01   7.8244e+00   0.0000e+00   1.9252e-04   3.0324e+02
20260226_04:00:00   8.3833e-02   2.4362e+01   6.8599e+00   0.0000e+00   3.7337e-05   3.0674e+02
20260226_05:00:00   8.7059e-02   2.5167e+01   7.1963e+00   0.0000e+00   1.2666e-06   3.0969e+02
20260226_06:00:00   8.2364e-02   2.3929e+01   6.4906e+00   0.0000e+00   1.2610e-07   3.1365e+02
20260226_07:00:00   8.3981e-02   2.4298e+01   6.8022e+00   0.0000e+00   0.0000e+00   3.1303e+02
20260226_08:00:00   7.7430e-02   2.2615e+01   5.8460e+00   0.0000e+00   2.5240e-04   3.1301e+02
20260226_09:00:00   7.4882e-02   2.1905e+01   5.4346e+00   0.0000e+00   0.0000e+00   3.1384e+02
20260226_10:00:00   7.3242e-02   2.1471e+01   4.9719e+00   0.0000e+00   1.0246e-06   3.1509e+02
20260226_11:00:00   6.6385e-02   1.9723e+01   3.8422e+00   0.0000e+00   9.2120e-05   3.1529e+02
20260226_12:00:00   6.5537e-02   1.9494e+01   3.6892e+00   0.0000e+00   0.0000e+00   3.1522e+02
20260226_13:00:00   6.3635e-02   1.8994e+01   3.4573e+00   0.0000e+00   0.0000e+00   3.1408e+02
20260226_14:00:00   6.2136e-02   1.8606e+01   3.2494e+00   0.0000e+00   2.0140e-06   3.1084e+02
20260226_15:00:00   6.2442e-02   1.8686e+01   3.2726e+00   0.0000e+00   3.6020e-08   3.1228e+02
20260226_16:00:00   6.2966e-02   1.8828e+01   3.3544e+00   0.0000e+00   0.0000e+00   3.1303e+02
20260226_17:00:00   6.3583e-02   1.8997e+01   3.4469e+00   0.0000e+00   0.0000e+00   3.1449e+02
20260226_18:00:00   6.5026e-02   1.9380e+01   3.7214e+00   0.0000e+00   0.0000e+00   3.1341e+02
20260226_19:00:00   6.6900e-02   1.9873e+01   4.1029e+00   0.0000e+00   0.0000e+00   3.1206e+02
20260226_20:00:00   7.0022e-02   2.0663e+01   4.7156e+00   0.0000e+00   0.0000e+00   3.1183e+02
20260226_21:00:00   6.7700e-02   2.0076e+01   4.4529e+00   0.0000e+00   0.0000e+00   3.1017e+02
20260226_22:00:00   6.4218e-02   1.9203e+01   3.9684e+00   0.0000e+00   0.0000e+00   3.0645e+02
20260226_23:00:00   6.4046e-02   1.9175e+01   3.9534e+00   0.0000e+00   0.0000e+00   3.0536e+02
20260227_00:00:00   6.5978e-02   1.9669e+01   4.2062e+00   0.0000e+00   0.0000e+00   3.0613e+02
20260227_03:00:00   6.3168e-02   1.8942e+01   3.6490e+00   0.0000e+00   1.1432e-05   3.0709e+02
20260227_06:00:00   6.1988e-02   1.8603e+01   3.5178e+00   0.0000e+00   5.8486e-04   3.0238e+02
20260227_09:00:00   5.9367e-02   1.7920e+01   3.1260e+00   0.0000e+00   1.9370e-03   3.0258e+02
20260227_12:00:00   6.1727e-02   1.8491e+01   3.6586e+00   0.0000e+00   1.0664e-03   3.0184e+02
20260227_15:00:00   6.5165e-02   1.9375e+01   4.2627e+00   0.0000e+00   3.6020e-08   3.0032e+02
20260227_18:00:00   6.8945e-02   2.0401e+01   4.9120e+00   0.0000e+00   3.6020e-08   2.9398e+02
20260227_21:00:00   7.2475e-02   2.1400e+01   5.5335e+00   0.0000e+00   0.0000e+00   2.9253e+02
20260228_00:00:00   7.5866e-02   2.2273e+01   6.2013e+00   0.0000e+00   2.8820e-07   2.8559e+02
20260228_03:00:00   7.5731e-02   2.2203e+01   6.0913e+00   0.0000e+00   1.8914e-03   2.8461e+02
20260228_06:00:00   7.3677e-02   2.1647e+01   5.7988e+00   0.0000e+00   2.6813e-03   2.8952e+02
20260228_09:00:00   7.3166e-02   2.1514e+01   5.6651e+00   0.0000e+00   2.6628e-03   2.8561e+02
20260228_12:00:00   7.0459e-02   2.0854e+01   5.1604e+00   0.0000e+00   2.2138e-03   2.8224e+02
20260228_15:00:00   6.7654e-02   2.0191e+01   4.6062e+00   0.0000e+00   2.0002e-04   2.8153e+02
20260228_18:00:00   7.0325e-02   2.0887e+01   5.0294e+00   0.0000e+00   7.7004e-03   2.8482e+02
20260228_21:00:00   7.8619e-02   2.2971e+01   6.7141e+00   0.0000e+00   1.1258e-02   2.8019e+02
20260301_00:00:00   8.9578e-02   2.5613e+01   8.7894e+00   0.0000e+00   4.8370e-02   2.7972e+02
20260301_03:00:00   8.5152e-02   2.4584e+01   7.9241e+00   0.0000e+00   1.3683e-03   2.8172e+02
20260301_06:00:00   8.7223e-02   2.5150e+01   8.1040e+00   0.0000e+00   3.6020e-08   2.7842e+02
20260301_09:00:00   8.6189e-02   2.4883e+01   7.9540e+00   0.0000e+00   1.4833e-05   2.7392e+02
20260301_12:00:00   8.4587e-02   2.4511e+01   7.5583e+00   0.0000e+00   1.5768e-04   2.7215e+02
20260301_15:00:00   8.5201e-02   2.4661e+01   7.5456e+00   0.0000e+00   6.9304e-03   2.6701e+02
20260301_18:00:00   8.7388e-02   2.5177e+01   8.1957e+00   0.0000e+00   3.7159e-02   2.6077e+02
20260301_21:00:00   9.2019e-02   2.6298e+01   9.1601e+00   0.0000e+00   9.9311e-02   2.5934e+02
20260302_00:00:00   8.7406e-02   2.5312e+01   8.1101e+00   0.0000e+00   5.4233e-03   2.6424e+02
20260302_03:00:00   9.2736e-02   2.6578e+01   8.9898e+00   0.0000e+00   6.7340e-03   2.5965e+02
20260302_06:00:00   9.1357e-02   2.6203e+01   8.7145e+00   0.0000e+00   6.8647e-03   2.6027e+02
20260302_09:00:00   8.7570e-02   2.5173e+01   8.2089e+00   0.0000e+00   1.7659e-02   2.6121e+02
20260302_12:00:00   8.5392e-02   2.4578e+01   7.7824e+00   0.0000e+00   9.3590e-03   2.6140e+02
20260302_15:00:00   9.1805e-02   2.6088e+01   8.7348e+00   0.0000e+00   7.0424e-02   2.6283e+02
20260302_18:00:00   9.6605e-02   2.7260e+01   9.5301e+00   0.0000e+00   4.1601e-02   2.6290e+02
20260302_21:00:00   1.1143e-01   3.0871e+01   1.1685e+01   9.3732e-05   1.0616e-02   2.6891e+02
20260303_00:00:00   1.2152e-01   3.3270e+01   1.2911e+01   0.0000e+00   2.8294e-01   2.7636e+02
20260303_03:00:00   1.3514e-01   3.6494e+01   1.4309e+01   1.0368e-05   2.5565e-01   2.8033e+02
20260303_06:00:00   1.3103e-01   3.5438e+01   1.3610e+01   0.0000e+00   4.3157e-01   2.8456e+02
20260303_09:00:00   1.3061e-01   3.5299e+01   1.3321e+01   0.0000e+00   2.5046e-01   2.8854e+02
20260303_12:00:00   1.1526e-01   3.1740e+01   1.0968e+01   0.0000e+00   8.3811e-02   2.9386e+02
20260303_15:00:00   1.1236e-01   3.0935e+01   1.0252e+01   1.2198e-03   1.0512e-01   3.0304e+02
20260303_18:00:00   8.6984e-02   2.4822e+01   6.9120e+00   2.7741e-06   1.1902e-05   3.2364e+02
20260303_21:00:00   7.1660e-02   2.0882e+01   4.9375e+00   0.0000e+00   1.3932e-04   3.2990e+02
20260304_00:00:00   7.6503e-02   2.2134e+01   5.5351e+00   0.0000e+00   9.2023e-06   3.3949e+02
20260304_03:00:00   7.6777e-02   2.2167e+01   5.4062e+00   0.0000e+00   0.0000e+00   3.4034e+02
20260304_06:00:00   7.4898e-02   2.1717e+01   4.9461e+00   0.0000e+00   0.0000e+00   3.5614e+02
20260304_09:00:00   7.1744e-02   2.0900e+01   4.3482e+00   0.0000e+00   6.4500e-07   3.7133e+02
20260304_12:00:00   7.0396e-02   2.0540e+01   4.0333e+00   0.0000e+00   0.0000e+00   3.7578e+02
20260304_15:00:00   7.1977e-02   2.0953e+01   4.2095e+00   0.0000e+00   0.0000e+00   3.6417e+02
20260304_18:00:00   7.1151e-02   2.0804e+01   4.2617e+00   0.0000e+00   0.0000e+00   3.5499e+02
20260304_21:00:00   6.9518e-02   2.0399e+01   4.5534e+00   0.0000e+00   8.9322e-03   3.6300e+02
20260305_00:00:00   7.0353e-02   2.0614e+01   4.7658e+00   0.0000e+00   2.0140e-06   3.6128e+02
20260305_03:00:00   6.1301e-02   1.8300e+01   3.3231e+00   0.0000e+00   3.9840e-06   3.5236e+02
20260305_06:00:00   6.8886e-02   2.0257e+01   4.5887e+00   0.0000e+00   0.0000e+00   3.4804e+02
20260305_09:00:00   7.0645e-02   2.0703e+01   5.0057e+00   0.0000e+00   0.0000e+00   3.3723e+02
20260305_12:00:00   7.5390e-02   2.1875e+01   5.8153e+00   0.0000e+00   0.0000e+00   3.2537e+02
20260305_15:00:00   7.7993e-02   2.2581e+01   6.1624e+00   0.0000e+00   0.0000e+00   3.2261e+02
20260305_18:00:00   7.8405e-02   2.2774e+01   6.1979e+00   0.0000e+00   6.3240e-05   3.2016e+02
20260305_21:00:00   7.8038e-02   2.2825e+01   6.2789e+00   0.0000e+00   1.1186e-05   3.1674e+02
20260306_00:00:00   8.0077e-02   2.3439e+01   6.5642e+00   0.0000e+00   5.6100e-04   3.0928e+02
20260306_03:00:00   7.9601e-02   2.3320e+01   6.3654e+00   0.0000e+00   0.0000e+00   3.0772e+02
20260306_06:00:00   8.1781e-02   2.3856e+01   6.8389e+00   0.0000e+00   0.0000e+00   3.0519e+02
20260306_09:00:00   8.2342e-02   2.3981e+01   7.0131e+00   0.0000e+00   7.4935e-04   2.9803e+02
20260306_12:00:00   8.5194e-02   2.4656e+01   7.5556e+00   0.0000e+00   2.4902e-03   2.9407e+02
20260306_15:00:00   9.2212e-02   2.6392e+01   8.7636e+00   0.0000e+00   9.9958e-04   2.8804e+02
20260306_18:00:00   9.2250e-02   2.6533e+01   8.9236e+00   0.0000e+00   1.7356e-03   2.8543e+02
20260306_21:00:00   9.2101e-02   2.6530e+01   9.1071e+00   0.0000e+00   7.0047e-04   2.8376e+02
20260307_00:00:00   9.1454e-02   2.6441e+01   8.8259e+00   0.0000e+00   4.9480e-04   2.8142e+02
20260307_03:00:00   8.7827e-02   2.5547e+01   7.9850e+00   0.0000e+00   2.6238e-03   2.8076e+02
20260307_06:00:00   8.4489e-02   2.4692e+01   7.4429e+00   0.0000e+00   3.2236e-03   2.7758e+02
20260307_09:00:00   8.6690e-02   2.5167e+01   7.7796e+00   0.0000e+00   2.4436e-03   2.7465e+02
20260307_12:00:00   8.5528e-02   2.4873e+01   7.4716e+00   0.0000e+00   1.2190e-03   2.7390e+02
20260307_15:00:00   8.6972e-02   2.5262e+01   7.6531e+00   0.0000e+00   1.5658e-03   2.7618e+02
20260307_18:00:00   8.6081e-02   2.5114e+01   7.7135e+00   0.0000e+00   3.5572e-03   2.7348e+02
20260307_21:00:00   8.2120e-02   2.4149e+01   7.3580e+00   0.0000e+00   6.0844e-03   2.7367e+02
20260308_00:00:00   8.0402e-02   2.3780e+01   6.9487e+00   0.0000e+00   0.0000e+00   2.7720e+02
20260308_03:00:00   8.0914e-02   2.3893e+01   6.8970e+00   0.0000e+00   0.0000e+00   2.7682e+02
20260308_06:00:00   7.8255e-02   2.3225e+01   6.4278e+00   0.0000e+00   0.0000e+00   2.7485e+02
20260308_09:00:00   7.9714e-02   2.3572e+01   6.7025e+00   0.0000e+00   0.0000e+00   2.7270e+02
20260308_12:00:00   7.6043e-02   2.2625e+01   6.0950e+00   0.0000e+00   0.0000e+00   2.7134e+02
20260308_15:00:00   7.4397e-02   2.2192e+01   5.7304e+00   0.0000e+00   0.0000e+00   2.7097e+02
20260308_18:00:00   7.1819e-02   2.1587e+01   5.3942e+00   0.0000e+00   0.0000e+00   2.7403e+02
20260308_21:00:00   6.7157e-02   2.0419e+01   4.7901e+00   0.0000e+00   0.0000e+00   2.7318e+02
20260309_00:00:00   7.2048e-02   2.1701e+01   5.6426e+00   0.0000e+00   0.0000e+00   2.7225e+02
20260309_03:00:00   7.4458e-02   2.2273e+01   6.0793e+00   0.0000e+00   0.0000e+00   2.7441e+02
20260309_06:00:00   7.6625e-02   2.2787e+01   6.4754e+00   0.0000e+00   0.0000e+00   2.7448e+02
20260309_09:00:00   7.5552e-02   2.2450e+01   6.2245e+00   0.0000e+00   0.0000e+00   2.7713e+02
20260309_12:00:00   7.6426e-02   2.2613e+01   6.3030e+00   0.0000e+00   0.0000e+00   2.8654e+02
20260309_15:00:00   8.0934e-02   2.3698e+01   7.0017e+00   0.0000e+00   0.0000e+00   2.9010e+02
20260309_18:00:00   8.4837e-02   2.4724e+01   7.7074e+00   0.0000e+00   1.2452e-03   2.8789e+02
20260309_21:00:00   8.6700e-02   2.5207e+01   8.2733e+00   0.0000e+00   1.7956e-04   2.8811e+02
20260310_00:00:00   9.2597e-02   2.6650e+01   9.2860e+00   0.0000e+00   1.2832e-03   2.8797e+02
