#            date       tau255        Tb[K]      pwv[mm] lwp[kg*m^-2] iwp[kg*m^-2]       o3[DU]
20260330_12:00:00   9.4719e-02   2.6905e+01   9.2240e+00   0.0000e+00   2.5482e-03   3.0167e+02
20260330_13:00:00   9.7584e-02   2.7603e+01   9.5477e+00   0.0000e+00   1.6190e-03   3.0494e+02
20260330_14:00:00   9.8146e-02   2.7760e+01   9.6047e+00   0.0000e+00   2.4600e-03   3.0892e+02
20260330_15:00:00   9.7897e-02   2.7726e+01   9.5923e+00   0.0000e+00   2.8020e-03   3.0905e+02
20260330_16:00:00   9.8992e-02   2.7993e+01   9.8136e+00   0.0000e+00   3.3040e-03   3.0952e+02
20260330_17:00:00   1.0202e-01   2.8723e+01   1.0357e+01   0.0000e+00   4.3400e-03   3.1192e+02
20260330_18:00:00   1.0523e-01   2.9503e+01   1.0895e+01   0.0000e+00   4.5362e-03   3.1539e+02
20260330_19:00:00   1.1031e-01   3.0705e+01   1.1245e+01   3.4464e-03   8.1858e-03   3.1618e+02
20260330_20:00:00   1.0813e-01   3.0223e+01   1.1330e+01   5.5224e-04   2.2534e-02   3.1712e+02
20260330_21:00:00   1.0330e-01   2.9046e+01   1.0721e+01   1.8374e-06   1.5566e-02   3.1607e+02
20260330_22:00:00   1.0031e-01   2.8331e+01   1.0340e+01   4.5046e-05   1.9099e-02   3.2000e+02
20260330_23:00:00   9.6269e-02   2.7353e+01   9.7604e+00   3.8180e-06   6.6751e-03   3.2446e+02
20260331_00:00:00   9.7066e-02   2.7568e+01   9.8255e+00   0.0000e+00   7.3264e-04   3.2735e+02
20260331_01:00:00   9.7533e-02   2.7720e+01   9.8179e+00   0.0000e+00   3.6906e-04   3.2593e+02
20260331_02:00:00   1.0069e-01   2.8500e+01   1.0227e+01   0.0000e+00   1.2654e-03   3.2469e+02
20260331_03:00:00   1.0485e-01   2.9515e+01   1.0767e+01   0.0000e+00   1.5095e-03   3.2284e+02
20260331_04:00:00   1.2054e-01   3.3305e+01   1.2682e+01   1.9530e-04   1.4157e-02   3.2110e+02
20260331_05:00:00   1.2299e-01   3.3899e+01   1.3110e+01   0.0000e+00   1.3224e-02   3.2165e+02
20260331_06:00:00   1.2495e-01   3.4344e+01   1.3318e+01   3.4640e-04   4.2668e-03   3.2092e+02
20260331_07:00:00   1.2706e-01   3.4839e+01   1.3594e+01   3.7080e-06   5.5479e-03   3.2049e+02
20260331_08:00:00   1.2830e-01   3.5153e+01   1.3487e+01   2.1620e-07   5.2617e-03   3.1770e+02
20260331_09:00:00   1.2233e-01   3.3747e+01   1.2582e+01   0.0000e+00   4.1653e-03   3.1984e+02
20260331_10:00:00   1.1933e-01   3.2984e+01   1.2278e+01   0.0000e+00   4.2005e-03   3.2109e+02
20260331_11:00:00   1.2158e-01   3.3492e+01   1.2542e+01   7.2060e-08   1.7781e-02   3.1880e+02
20260331_12:00:00   1.2834e-01   3.5035e+01   1.3483e+01   0.0000e+00   5.5527e-03   3.1439e+02
20260331_13:00:00   1.3861e-01   3.7387e+01   1.4514e+01   2.4700e-03   7.9500e-02   3.1296e+02
20260331_14:00:00   1.2871e-01   3.4985e+01   1.3696e+01   0.0000e+00   8.2975e-02   3.1193e+02
20260331_15:00:00   1.1372e-01   3.1452e+01   1.1834e+01   0.0000e+00   3.7704e-03   3.1205e+02
20260331_16:00:00   1.1230e-01   3.1167e+01   1.1640e+01   0.0000e+00   1.7292e-03   3.1092e+02
20260331_17:00:00   1.0764e-01   2.9996e+01   1.1165e+01   0.0000e+00   2.8556e-03   3.1173e+02
20260331_18:00:00   1.1011e-01   3.0590e+01   1.1593e+01   5.5037e-05   7.9831e-03   3.1042e+02
20260331_19:00:00   1.4927e-01   3.9401e+01   1.1999e+01   4.1980e-02   9.5404e-02   3.1148e+02
20260331_20:00:00   1.1295e-01   3.1268e+01   1.2157e+01   2.0296e-04   4.0439e-02   3.0907e+02
20260331_21:00:00   1.2103e-01   3.3204e+01   1.2742e+01   4.4542e-03   2.7327e-02   3.0542e+02
20260331_22:00:00   1.2191e-01   3.3443e+01   1.3166e+01   2.1978e-03   1.0475e-01   3.0417e+02
20260331_23:00:00   1.1974e-01   3.2934e+01   1.3043e+01   2.9020e-06   2.2874e-01   3.0236e+02
20260401_00:00:00   1.2813e-01   3.4947e+01   1.4055e+01   2.0140e-06   1.1166e-01   3.0204e+02
20260401_01:00:00   1.3469e-01   3.6521e+01   1.4851e+01   0.0000e+00   7.1247e-02   3.0155e+02
20260401_02:00:00   1.6840e-01   4.4296e+01   1.7542e+01   8.3592e-03   1.5430e-01   3.0186e+02
20260401_03:00:00   1.6097e-01   4.2594e+01   1.7414e+01   9.5965e-04   3.8437e-01   3.0494e+02
20260401_04:00:00   1.6821e-01   4.4198e+01   1.7612e+01   4.9119e-03   4.7235e-01   3.0557e+02
20260401_05:00:00   4.4225e-01   9.9240e+01   1.8765e+01   3.0496e-01   2.9729e-01   3.0423e+02
20260401_06:00:00   1.6924e-01   4.4488e+01   1.7050e+01   1.2570e-02   1.7501e-01   3.0503e+02
20260401_07:00:00   1.7051e-01   4.4729e+01   1.8161e+01   2.8105e-03   1.3018e-01   3.0536e+02
20260401_08:00:00   6.8506e-01   1.3652e+02   1.8945e+01   5.7509e-01   3.0423e-01   3.0646e+02
20260401_09:00:00   1.6190e-01   4.2758e+01   1.7398e+01   6.5652e-05   1.2363e-01   3.0863e+02
20260401_10:00:00   1.5678e-01   4.1520e+01   1.6794e+01   7.8660e-05   2.5132e-01   3.0724e+02
20260401_11:00:00   1.5275e-01   4.0589e+01   1.6450e+01   2.7866e-05   1.3931e-01   3.0884e+02
20260401_12:00:00   1.5108e-01   4.0176e+01   1.6105e+01   6.8533e-04   1.1238e-01   3.1572e+02
20260401_13:00:00   1.6002e-01   4.2146e+01   1.5831e+01   1.1864e-02   3.3926e-01   3.1876e+02
20260401_14:00:00   1.6548e-01   4.3313e+01   1.5439e+01   1.8746e-02   3.4561e-01   3.2273e+02
20260401_15:00:00   1.3656e-01   3.6596e+01   1.4056e+01   5.6289e-04   1.3583e-01   3.2842e+02
20260401_16:00:00   1.5009e-01   3.9687e+01   1.4107e+01   1.3005e-02   2.5802e-01   3.3991e+02
20260401_17:00:00   1.6455e-01   4.3056e+01   1.4437e+01   2.2671e-02   4.7326e-01   3.4782e+02
20260401_18:00:00   1.9705e-01   5.0341e+01   1.3932e+01   6.3605e-02   2.3466e-01   3.5618e+02
20260401_19:00:00   5.2067e-01   1.1192e+02   1.3628e+01   4.2898e-01   3.4232e-01   3.6060e+02
20260401_20:00:00   2.5767e-01   6.3688e+01   1.2150e+01   1.4537e-01   5.7171e-02   3.6377e+02
20260401_21:00:00   1.0882e-01   3.0031e+01   9.9515e+00   2.2347e-04   2.3657e-04   3.6903e+02
20260401_22:00:00   9.9129e-02   2.7575e+01   8.5079e+00   4.9343e-03   4.6030e-02   3.7175e+02
20260401_23:00:00   1.0735e-01   2.9712e+01   1.0059e+01   0.0000e+00   1.3620e-02   3.6783e+02
20260402_00:00:00   9.5566e-02   2.6926e+01   8.6602e+00   9.5660e-06   1.1713e-03   3.6515e+02
20260402_01:00:00   9.3251e-02   2.6487e+01   7.9951e+00   0.0000e+00   1.8829e-05   3.6698e+02
20260402_02:00:00   7.8899e-02   2.2972e+01   5.8983e+00   0.0000e+00   2.2944e-04   3.6487e+02
20260402_03:00:00   7.3690e-02   2.1672e+01   5.0534e+00   0.0000e+00   3.6020e-08   3.6044e+02
20260402_04:00:00   8.0028e-02   2.3241e+01   5.8797e+00   0.0000e+00   0.0000e+00   3.5834e+02
20260402_05:00:00   8.6914e-02   2.4910e+01   6.8745e+00   0.0000e+00   0.0000e+00   3.5482e+02
20260402_06:00:00   9.0051e-02   2.5660e+01   7.3568e+00   0.0000e+00   0.0000e+00   3.5271e+02
20260402_07:00:00   8.8081e-02   2.5183e+01   7.1228e+00   0.0000e+00   0.0000e+00   3.4946e+02
20260402_08:00:00   8.5230e-02   2.4508e+01   6.7253e+00   0.0000e+00   0.0000e+00   3.4391e+02
20260402_09:00:00   8.4558e-02   2.4343e+01   6.6631e+00   0.0000e+00   0.0000e+00   3.4064e+02
20260402_10:00:00   8.5941e-02   2.4684e+01   6.8633e+00   0.0000e+00   0.0000e+00   3.3977e+02
20260402_11:00:00   8.5062e-02   2.4474e+01   6.7166e+00   0.0000e+00   0.0000e+00   3.3554e+02
20260402_12:00:00   8.2837e-02   2.3938e+01   6.4156e+00   0.0000e+00   0.0000e+00   3.3300e+02
20260402_13:00:00   8.2634e-02   2.3885e+01   6.3991e+00   0.0000e+00   0.0000e+00   3.3280e+02
20260402_14:00:00   8.3402e-02   2.4064e+01   6.5619e+00   0.0000e+00   0.0000e+00   3.3161e+02
20260402_15:00:00   8.3540e-02   2.4116e+01   6.6191e+00   0.0000e+00   0.0000e+00   3.2761e+02
20260402_16:00:00   8.3797e-02   2.4226e+01   6.6891e+00   0.0000e+00   0.0000e+00   3.2480e+02
20260402_17:00:00   8.3343e-02   2.4164e+01   6.7485e+00   0.0000e+00   0.0000e+00   3.2304e+02
20260402_18:00:00   8.1902e-02   2.3815e+01   6.6660e+00   0.0000e+00   0.0000e+00   3.2234e+02
20260402_19:00:00   7.9467e-02   2.3209e+01   6.4134e+00   0.0000e+00   0.0000e+00   3.2332e+02
20260402_20:00:00   8.3239e-02   2.4178e+01   6.9732e+00   0.0000e+00   8.2280e-05   3.2428e+02
20260402_21:00:00   8.3319e-02   2.4221e+01   7.0664e+00   0.0000e+00   1.6631e-03   3.2493e+02
20260402_22:00:00   8.1425e-02   2.3723e+01   7.0319e+00   0.0000e+00   8.9206e-05   3.2644e+02
20260402_23:00:00   7.8067e-02   2.2869e+01   6.6059e+00   0.0000e+00   3.9495e-03   3.2375e+02
20260403_00:00:00   7.9151e-02   2.3134e+01   6.9250e+00   0.0000e+00   3.6886e-02   3.2432e+02
20260403_01:00:00   7.7037e-02   2.2638e+01   6.5081e+00   0.0000e+00   6.7868e-03   3.2483e+02
20260403_02:00:00   7.6649e-02   2.2555e+01   6.3935e+00   0.0000e+00   9.5154e-03   3.2282e+02
20260403_03:00:00   7.9187e-02   2.3158e+01   6.8148e+00   0.0000e+00   1.9280e-02   3.2191e+02
20260403_04:00:00   7.8990e-02   2.3085e+01   6.8008e+00   0.0000e+00   2.8403e-02   3.2098e+02
20260403_05:00:00   7.6440e-02   2.2412e+01   6.3962e+00   0.0000e+00   3.6634e-02   3.2033e+02
20260403_06:00:00   7.4444e-02   2.1877e+01   6.0829e+00   0.0000e+00   3.3272e-02   3.1999e+02
20260403_07:00:00   7.4663e-02   2.1925e+01   6.0188e+00   0.0000e+00   4.5872e-03   3.2492e+02
20260403_08:00:00   7.9013e-02   2.2986e+01   6.5751e+00   0.0000e+00   6.3876e-02   3.2824e+02
20260403_09:00:00   8.0248e-02   2.3290e+01   6.7492e+00   0.0000e+00   4.8409e-02   3.2854e+02
20260403_10:00:00   8.1920e-02   2.3719e+01   6.9218e+00   0.0000e+00   9.8245e-03   3.2903e+02
20260403_11:00:00   8.2765e-02   2.3924e+01   7.0136e+00   0.0000e+00   9.6389e-03   3.2606e+02
20260403_12:00:00   8.1342e-02   2.3571e+01   6.7506e+00   0.0000e+00   4.6470e-03   3.2773e+02
20260403_13:00:00   8.2335e-02   2.3793e+01   6.9198e+00   0.0000e+00   8.3644e-03   3.2998e+02
20260403_14:00:00   8.5112e-02   2.4463e+01   7.3399e+00   0.0000e+00   1.1217e-03   3.3073e+02
20260403_15:00:00   8.5098e-02   2.4443e+01   7.4903e+00   0.0000e+00   3.0542e-03   3.3041e+02
20260403_16:00:00   8.3881e-02   2.4116e+01   7.4233e+00   0.0000e+00   5.3552e-03   3.2824e+02
20260403_17:00:00   8.4670e-02   2.4300e+01   7.5680e+00   0.0000e+00   5.9657e-02   3.2689e+02
20260403_18:00:00   8.7146e-02   2.4920e+01   7.9295e+00   0.0000e+00   8.4534e-02   3.2808e+02
20260403_19:00:00   8.7256e-02   2.4961e+01   8.0190e+00   0.0000e+00   6.2973e-02   3.3070e+02
20260403_20:00:00   8.8280e-02   2.5211e+01   8.2781e+00   0.0000e+00   5.3411e-02   3.3336e+02
20260403_21:00:00   8.8497e-02   2.5276e+01   8.3639e+00   0.0000e+00   1.1078e-02   3.3273e+02
20260403_22:00:00   8.9376e-02   2.5483e+01   8.5301e+00   0.0000e+00   1.2019e-02   3.3253e+02
20260403_23:00:00   8.5137e-02   2.4462e+01   7.8280e+00   0.0000e+00   2.4641e-03   3.3228e+02
20260404_00:00:00   8.3634e-02   2.4111e+01   7.5007e+00   0.0000e+00   1.1490e-03   3.2963e+02
20260404_01:00:00   8.3766e-02   2.4207e+01   7.2058e+00   0.0000e+00   7.6167e-05   3.2919e+02
20260404_02:00:00   7.9887e-02   2.3268e+01   6.3537e+00   0.0000e+00   0.0000e+00   3.3142e+02
20260404_03:00:00   8.0965e-02   2.3511e+01   6.4903e+00   0.0000e+00   1.4542e-03   3.3020e+02
20260404_04:00:00   8.6057e-02   2.4733e+01   7.1452e+00   0.0000e+00   3.5104e-04   3.2833e+02
20260404_05:00:00   8.7742e-02   2.5094e+01   7.2223e+00   0.0000e+00   1.0989e-04   3.2882e+02
20260404_06:00:00   8.0334e-02   2.3233e+01   6.0821e+00   0.0000e+00   3.1540e-03   3.3187e+02
20260404_07:00:00   6.5893e-02   1.9594e+01   3.7367e+00   0.0000e+00   2.0426e-03   3.3443e+02
20260404_08:00:00   6.3980e-02   1.9067e+01   3.3075e+00   0.0000e+00   5.7934e-04   3.3431e+02
20260404_09:00:00   6.2403e-02   1.8622e+01   3.0466e+00   0.0000e+00   5.1954e-04   3.3204e+02
20260404_10:00:00   6.0703e-02   1.8175e+01   2.7750e+00   0.0000e+00   9.1564e-05   3.3241e+02
20260404_11:00:00   5.9106e-02   1.7767e+01   2.5283e+00   0.0000e+00   3.2260e-07   3.3336e+02
20260404_12:00:00   5.9583e-02   1.7882e+01   2.5672e+00   0.0000e+00   0.0000e+00   3.3687e+02
20260404_15:00:00   6.5943e-02   1.9518e+01   3.3618e+00   0.0000e+00   0.0000e+00   3.3579e+02
20260404_18:00:00   6.9872e-02   2.0559e+01   4.0647e+00   0.0000e+00   0.0000e+00   3.3307e+02
20260404_21:00:00   7.3007e-02   2.1410e+01   4.8992e+00   0.0000e+00   0.0000e+00   3.2794e+02
20260405_00:00:00   7.0461e-02   2.0741e+01   4.6805e+00   0.0000e+00   2.4160e-06   3.2543e+02
20260405_03:00:00   6.5882e-02   1.9570e+01   3.9169e+00   0.0000e+00   0.0000e+00   3.2637e+02
20260405_06:00:00   6.2426e-02   1.8695e+01   3.2741e+00   0.0000e+00   0.0000e+00   3.2830e+02
20260405_09:00:00   7.1235e-02   2.0914e+01   4.5200e+00   0.0000e+00   0.0000e+00   3.3306e+02
20260405_12:00:00   7.1464e-02   2.0954e+01   4.5199e+00   0.0000e+00   0.0000e+00   3.3091e+02
20260405_15:00:00   7.0756e-02   2.0767e+01   4.3691e+00   0.0000e+00   0.0000e+00   3.3250e+02
20260405_18:00:00   6.9199e-02   2.0432e+01   4.3253e+00   0.0000e+00   0.0000e+00   3.2657e+02
20260405_21:00:00   7.2685e-02   2.1346e+01   5.1656e+00   0.0000e+00   5.1543e-05   3.2711e+02
20260406_00:00:00   7.7579e-02   2.2575e+01   6.0645e+00   0.0000e+00   9.6954e-04   3.2436e+02
20260406_03:00:00   7.3003e-02   2.1477e+01   5.2160e+00   0.0000e+00   0.0000e+00   3.2793e+02
20260406_06:00:00   7.7161e-02   2.2485e+01   5.6526e+00   0.0000e+00   0.0000e+00   3.2544e+02
20260406_09:00:00   8.5406e-02   2.4551e+01   6.7523e+00   0.0000e+00   5.8000e-03   3.2114e+02
20260406_12:00:00   9.2248e-02   2.6262e+01   7.6324e+00   0.0000e+00   4.3785e-03   3.1544e+02
20260406_15:00:00   9.8348e-02   2.7673e+01   8.6769e+00   0.0000e+00   8.8900e-04   3.0319e+02
20260406_18:00:00   1.0542e-01   2.9406e+01   1.0069e+01   4.0263e-05   9.8602e-04   3.0962e+02
20260406_21:00:00   1.1153e-01   3.0857e+01   1.1314e+01   5.6567e-05   3.3476e-02   3.1143e+02
20260407_00:00:00   1.1765e-01   3.2367e+01   1.2050e+01   4.6680e-04   3.9409e-02   3.1212e+02
20260407_03:00:00   1.0469e-01   2.9118e+01   1.0211e+01   0.0000e+00   1.1573e-01   3.1331e+02
20260407_06:00:00   1.0345e-01   2.8727e+01   9.8780e+00   0.0000e+00   9.5315e-03   3.0926e+02
20260407_09:00:00   1.2394e-01   3.3725e+01   1.2372e+01   0.0000e+00   6.6850e-03   3.1314e+02
20260407_12:00:00   1.2732e-01   3.4436e+01   1.2823e+01   2.9800e-06   7.0058e-03   3.1168e+02
20260407_15:00:00   1.3938e-01   3.7273e+01   1.2756e+01   1.2982e-02   2.4174e-02   3.1872e+02
20260407_18:00:00   1.1396e-01   3.1594e+01   1.0365e+01   2.6292e-03   2.4909e-03   3.2121e+02
20260407_21:00:00   1.1374e-01   3.1638e+01   1.1011e+01   5.7216e-04   4.6168e-02   3.1671e+02
20260408_00:00:00   1.1038e-01   3.0980e+01   1.0710e+01   3.4223e-05   6.0588e-03   3.0944e+02
20260408_03:00:00   1.1417e-01   3.1802e+01   1.1298e+01   1.4513e-06   2.2477e-03   3.1269e+02
20260408_06:00:00   1.2395e-01   3.4169e+01   1.2327e+01   0.0000e+00   3.3215e-03   3.1139e+02
20260408_09:00:00   1.2513e-01   3.4517e+01   1.2036e+01   0.0000e+00   2.0540e-03   3.0713e+02
20260408_12:00:00   1.1192e-01   3.1304e+01   1.0523e+01   0.0000e+00   4.4682e-04   3.0365e+02
20260408_15:00:00   1.2118e-01   3.3482e+01   1.1962e+01   0.0000e+00   5.9896e-03   2.9729e+02
20260408_18:00:00   1.3224e-01   3.6103e+01   1.3501e+01   3.4723e-03   3.7481e-02   3.0069e+02
20260408_21:00:00   1.2682e-01   3.4878e+01   1.3229e+01   2.6621e-03   1.2861e-01   3.0310e+02
20260409_00:00:00   2.6925e-01   6.6107e+01   1.6570e+01   1.3156e-01   1.0979e-01   3.0637e+02
20260409_03:00:00   9.7996e-01   1.7121e+02   1.9910e+01   8.9580e-01   7.0644e-01   3.0400e+02
20260409_06:00:00   3.1227e-01   7.5108e+01   1.8312e+01   1.5967e-01   2.4068e-01   3.0620e+02
20260409_09:00:00   2.3068e-01   5.8092e+01   1.7247e+01   7.5609e-02   2.6196e-01   3.1270e+02
20260409_12:00:00   1.3697e-01   3.7079e+01   1.3618e+01   0.0000e+00   5.6061e-07   3.1876e+02
20260409_15:00:00   1.2835e-01   3.5073e+01   1.2551e+01   0.0000e+00   0.0000e+00   3.1983e+02
20260409_18:00:00   1.3342e-01   3.6253e+01   1.3170e+01   4.9146e-03   1.6770e-02   3.1838e+02
20260409_21:00:00   1.5019e-01   3.9999e+01   1.3663e+01   1.9048e-02   6.7089e-01   3.2443e+02
20260410_00:00:00   1.5233e-01   4.0388e+01   1.5389e+01   1.9284e-03   9.3325e-01   3.2580e+02
20260410_03:00:00   1.2292e-01   3.3689e+01   1.2322e+01   0.0000e+00   4.2233e-03   3.4009e+02
20260410_06:00:00   1.1138e-01   3.0982e+01   1.0652e+01   0.0000e+00   1.8732e-05   3.3924e+02
20260410_09:00:00   1.0964e-01   3.0503e+01   1.0421e+01   0.0000e+00   2.3268e-03   3.3348e+02
20260410_12:00:00   9.7498e-02   2.7480e+01   8.8220e+00   0.0000e+00   1.7138e-02   3.4059e+02
20260410_15:00:00   1.0394e-01   2.8975e+01   9.5540e+00   0.0000e+00   3.3900e-03   3.5120e+02
20260410_18:00:00   1.0637e-01   2.9456e+01   9.7970e+00   3.6280e-03   5.4119e-03   3.6769e+02
20260410_21:00:00   1.0225e-01   2.8468e+01   9.5914e+00   2.6197e-03   1.0818e-01   3.7330e+02
20260411_00:00:00   1.0444e-01   2.9102e+01   9.9526e+00   6.4500e-07   3.5105e-02   3.7001e+02
20260411_03:00:00   8.8316e-02   2.5162e+01   7.5835e+00   1.3690e-06   8.8924e-05   3.6630e+02
20260411_06:00:00   8.4641e-02   2.4279e+01   6.5649e+00   0.0000e+00   7.3280e-05   3.6101e+02
20260411_09:00:00   8.3875e-02   2.3957e+01   6.6198e+00   1.8382e-05   1.1453e-02   3.5402e+02
20260411_12:00:00   1.1081e-01   3.0445e+01   7.6028e+00   1.7664e-02   1.0503e-02   3.4930e+02
20260411_15:00:00   8.0342e-02   2.3063e+01   5.6792e+00   0.0000e+00   1.4836e-06   3.6756e+02
20260411_18:00:00   6.1446e-02   1.8356e+01   3.2140e+00   0.0000e+00   0.0000e+00   3.6807e+02
20260411_21:00:00   6.1761e-02   1.8473e+01   3.4278e+00   0.0000e+00   0.0000e+00   3.5524e+02
20260412_00:00:00   6.5102e-02   1.9363e+01   4.0097e+00   0.0000e+00   0.0000e+00   3.5057e+02
20260412_03:00:00   6.2754e-02   1.8763e+01   3.5315e+00   0.0000e+00   0.0000e+00   3.4885e+02
20260412_06:00:00   5.9683e-02   1.7975e+01   2.9671e+00   0.0000e+00   8.7296e-04   3.4436e+02
20260412_09:00:00   5.9781e-02   1.7995e+01   2.9768e+00   0.0000e+00   1.0006e-03   3.4057e+02
20260412_12:00:00   6.3503e-02   1.8906e+01   3.6552e+00   0.0000e+00   8.4250e-03   3.3558e+02
20260412_15:00:00   6.3183e-02   1.8823e+01   3.6462e+00   0.0000e+00   5.1894e-03   3.3535e+02
20260412_18:00:00   6.2148e-02   1.8562e+01   3.6256e+00   0.0000e+00   3.7934e-02   3.3695e+02
20260412_21:00:00   6.2215e-02   1.8649e+01   3.8416e+00   0.0000e+00   7.9090e-03   3.3962e+02
20260413_00:00:00   6.3646e-02   1.9056e+01   4.0835e+00   0.0000e+00   1.0146e-02   3.3324e+02
20260413_03:00:00   6.6861e-02   1.9848e+01   4.2574e+00   0.0000e+00   2.3338e-02   3.3380e+02
20260413_06:00:00   6.9241e-02   2.0400e+01   4.4380e+00   0.0000e+00   7.9679e-03   3.3369e+02
20260413_09:00:00   6.7568e-02   1.9925e+01   4.0285e+00   0.0000e+00   5.3178e-04   3.2751e+02
20260413_12:00:00   6.6729e-02   1.9678e+01   3.8176e+00   0.0000e+00   7.6242e-04   3.2349e+02
20260413_15:00:00   6.9717e-02   2.0380e+01   4.3990e+00   0.0000e+00   2.2645e-04   3.2117e+02
20260413_18:00:00   6.9772e-02   2.0444e+01   4.6808e+00   0.0000e+00   5.5354e-04   3.1641e+02
20260413_21:00:00   6.5118e-02   1.9305e+01   4.2206e+00   0.0000e+00   4.8698e-03   3.1244e+02
20260414_00:00:00   7.2756e-02   2.1263e+01   5.5005e+00   0.0000e+00   1.2914e-02   3.1237e+02
20260414_03:00:00   7.4715e-02   2.1758e+01   5.8776e+00   0.0000e+00   2.1838e-02   3.1554e+02
20260414_06:00:00   8.0489e-02   2.3215e+01   6.7821e+00   0.0000e+00   6.8898e-02   3.1234e+02
20260414_09:00:00   1.0845e-01   3.0038e+01   1.0456e+01   6.3960e-06   4.0727e-02   3.0929e+02
20260414_12:00:00   1.1830e-01   3.2369e+01   1.1418e+01   1.4286e-04   7.8341e-03   3.1419e+02
20260414_15:00:00   1.2280e-01   3.3527e+01   1.0913e+01   5.1404e-03   3.0771e-02   3.2079e+02
20260414_18:00:00   1.1011e-01   3.0582e+01   9.9130e+00   0.0000e+00   5.6249e-03   3.2697e+02
20260414_21:00:00   1.2817e-01   3.5041e+01   1.2360e+01   1.4909e-03   2.5302e-02   3.3198e+02
20260415_00:00:00   1.0973e-01   3.0611e+01   1.0690e+01   9.0120e-05   7.6769e-02   3.3088e+02
20260415_03:00:00   1.1016e-01   3.0770e+01   9.9721e+00   0.0000e+00   1.6804e-02   3.3779e+02
20260415_06:00:00   1.4931e-01   4.0210e+01   9.5402e+00   4.6081e-02   1.0429e-02   3.3767e+02
20260415_09:00:00   9.6372e-02   2.7344e+01   7.9139e+00   0.0000e+00   1.4560e-02   3.4330e+02
20260415_12:00:00   9.4798e-02   2.6939e+01   7.7226e+00   0.0000e+00   5.4781e-03   3.4217e+02
