#            date       tau255        Tb[K]      pwv[mm] lwp[kg*m^-2] iwp[kg*m^-2]       o3[DU]
20260722_06:00:00   2.5534e-01   6.5817e+01   3.0549e+01   1.9784e-03   5.7420e-05   2.9561e+02
20260722_07:00:00   2.5391e-01   6.5473e+01   3.0318e+01   1.2418e-03   3.6420e-05   2.9674e+02
20260722_08:00:00   2.4588e-01   6.3719e+01   2.9478e+01   0.0000e+00   2.0140e-06   2.9773e+02
20260722_09:00:00   2.4986e-01   6.4511e+01   2.9926e+01   8.2860e-07   0.0000e+00   2.9826e+02
20260722_10:00:00   2.4645e-01   6.3762e+01   2.9309e+01   0.0000e+00   0.0000e+00   2.9809e+02
20260722_11:00:00   2.4147e-01   6.2676e+01   2.8509e+01   0.0000e+00   0.0000e+00   2.9462e+02
20260722_12:00:00   2.3318e-01   6.0892e+01   2.7469e+01   0.0000e+00   0.0000e+00   2.9360e+02
20260722_13:00:00   2.3543e-01   6.1344e+01   2.7824e+01   0.0000e+00   0.0000e+00   2.9496e+02
20260722_14:00:00   2.4716e-01   6.3837e+01   2.9432e+01   0.0000e+00   2.0200e-05   2.9491e+02
20260722_15:00:00   2.4788e-01   6.4055e+01   2.9627e+01   0.0000e+00   2.4160e-06   2.9569e+02
20260722_16:00:00   2.4424e-01   6.3324e+01   2.9400e+01   1.1074e-05   2.0940e-05   2.9512e+02
20260722_17:00:00   2.3596e-01   6.1581e+01   2.8641e+01   4.6420e-04   1.0466e-04   2.9580e+02
20260722_18:00:00   2.4255e-01   6.3068e+01   2.8196e+01   1.1146e-02   1.4412e-08   2.9541e+02
20260722_19:00:00   3.0949e-01   7.7004e+01   2.7635e+01   9.4759e-02   3.6040e-05   2.9448e+02
20260722_20:00:00   5.8520e-01   1.2522e+02   2.9500e+01   3.9196e-01   3.9074e-05   2.9415e+02
20260722_21:00:00   2.4992e-01   6.4760e+01   2.6971e+01   3.2132e-02   3.0824e-05   2.9284e+02
20260722_22:00:00   2.1704e-01   5.7720e+01   2.6054e+01   3.4935e-03   5.4768e-05   2.9220e+02
20260722_23:00:00   2.6105e-01   6.7058e+01   2.5800e+01   5.6210e-02   7.8540e-06   2.8985e+02
20260723_00:00:00   4.8281e-01   1.0850e+02   2.6298e+01   3.0518e-01   1.4758e-04   2.8893e+02
20260723_01:00:00   4.0250e-01   9.4588e+01   2.6504e+01   2.1153e-01   4.9358e-05   2.8893e+02
20260723_02:00:00   5.8861e-01   1.2584e+02   2.9180e+01   3.9617e-01   1.3341e-05   2.9147e+02
20260723_03:00:00   2.5316e-01   6.5517e+01   2.7570e+01   2.9350e-02   1.6984e-05   2.9290e+02
20260723_04:00:00   2.2814e-01   6.0089e+01   2.7992e+01   3.0160e-05   8.0540e-07   2.9230e+02
20260723_05:00:00   2.3992e-01   6.2628e+01   2.9339e+01   0.0000e+00   9.6637e-06   2.9159e+02
20260723_06:00:00   2.6812e-01   6.8493e+01   3.0470e+01   2.2038e-02   4.2961e-04   2.9217e+02
20260723_07:00:00   3.0076e-01   7.4970e+01   3.0865e+01   5.6243e-02   2.5063e-03   2.9332e+02
20260723_08:00:00   2.5796e-01   6.6275e+01   3.1174e+01   4.8719e-03   1.0695e-03   2.9521e+02
20260723_09:00:00   2.5849e-01   6.6364e+01   3.1042e+01   6.1900e-03   7.1357e-04   2.9657e+02
20260723_10:00:00   2.5607e-01   6.5840e+01   3.1021e+01   2.4986e-03   6.1601e-03   2.9586e+02
20260723_11:00:00   2.4859e-01   6.4238e+01   3.0278e+01   7.2879e-04   3.8267e-03   2.9561e+02
20260723_12:00:00   2.4818e-01   6.4187e+01   3.0126e+01   1.4093e-05   8.8580e-06   2.9528e+02
20260723_13:00:00   2.5554e-01   6.5725e+01   3.0360e+01   5.1289e-03   1.9018e-03   2.9707e+02
20260723_14:00:00   2.5806e-01   6.6279e+01   3.0968e+01   2.5045e-03   1.3672e-04   2.9959e+02
20260723_15:00:00   4.1412e-01   9.6563e+01   3.1777e+01   1.7228e-01   5.3534e-05   2.9889e+02
20260723_16:00:00   2.5979e-01   6.6726e+01   3.1280e+01   3.3381e-03   1.2266e-05   2.9877e+02
20260723_17:00:00   2.6137e-01   6.7146e+01   3.1466e+01   4.7400e-03   1.4577e-04   2.9668e+02
20260723_18:00:00   2.6999e-01   6.8985e+01   3.1193e+01   2.2172e-02   1.9032e-04   2.9623e+02
20260723_19:00:00   2.5763e-01   6.6345e+01   3.0669e+01   1.7081e-02   7.2260e-05   2.9614e+02
20260723_20:00:00   2.7476e-01   6.9929e+01   3.0217e+01   4.1882e-02   3.1277e-04   2.9522e+02
20260723_21:00:00   3.1726e-01   7.8530e+01   2.9887e+01   9.4772e-02   3.4200e-05   2.9558e+02
20260723_22:00:00   4.5007e-01   1.0321e+02   3.0744e+01   2.3629e-01   8.2679e-05   2.9669e+02
20260723_23:00:00   2.2862e-01   6.0113e+01   2.7641e+01   1.6613e-02   6.9486e-05   2.9638e+02
20260724_00:00:00   2.4178e-01   6.2950e+01   2.8061e+01   2.6900e-02   6.6378e-04   2.9668e+02
20260724_01:00:00   2.1758e-01   5.7796e+01   2.7579e+01   2.2643e-03   2.6948e-04   2.9980e+02
20260724_02:00:00   2.4288e-01   6.3310e+01   2.8875e+01   1.6568e-02   6.9537e-05   3.0124e+02
20260724_03:00:00   2.2066e-01   5.8567e+01   2.7361e+01   2.9673e-03   3.0876e-04   3.0133e+02
20260724_04:00:00   2.1896e-01   5.8140e+01   2.7236e+01   8.6440e-04   8.9317e-05   2.9972e+02
20260724_05:00:00   2.2318e-01   5.9030e+01   2.7562e+01   2.3403e-03   1.5385e-04   2.9850e+02
20260724_06:00:00   2.1614e-01   5.7450e+01   2.6956e+01   2.4735e-04   2.0402e-05   2.9810e+02
20260724_07:00:00   2.1368e-01   5.6898e+01   2.6567e+01   0.0000e+00   0.0000e+00   2.9850e+02
20260724_08:00:00   2.1058e-01   5.6234e+01   2.5994e+01   0.0000e+00   0.0000e+00   2.9786e+02
20260724_09:00:00   2.1441e-01   5.7099e+01   2.6235e+01   0.0000e+00   0.0000e+00   2.9715e+02
20260724_10:00:00   2.1291e-01   5.6751e+01   2.6003e+01   0.0000e+00   0.0000e+00   2.9754e+02
20260724_11:00:00   2.0677e-01   5.5361e+01   2.5293e+01   0.0000e+00   0.0000e+00   2.9712e+02
20260724_12:00:00   2.0133e-01   5.4126e+01   2.4573e+01   0.0000e+00   0.0000e+00   2.9656e+02
20260724_13:00:00   2.0318e-01   5.4558e+01   2.4670e+01   0.0000e+00   0.0000e+00   2.9847e+02
20260724_14:00:00   2.0179e-01   5.4289e+01   2.4330e+01   0.0000e+00   0.0000e+00   3.0009e+02
20260724_15:00:00   1.9750e-01   5.3353e+01   2.3749e+01   0.0000e+00   0.0000e+00   3.0005e+02
20260724_16:00:00   1.9912e-01   5.3772e+01   2.4037e+01   0.0000e+00   0.0000e+00   3.0000e+02
20260724_17:00:00   2.0217e-01   5.4497e+01   2.4672e+01   0.0000e+00   0.0000e+00   2.9852e+02
20260724_18:00:00   2.0919e-01   5.6080e+01   2.5524e+01   3.3240e-03   7.2080e-06   2.9543e+02
20260724_19:00:00   2.1112e-01   5.6532e+01   2.5719e+01   7.0765e-03   3.2060e-05   2.9558e+02
20260724_20:00:00   2.5374e-01   6.5554e+01   2.6186e+01   5.4684e-02   3.1753e-04   2.9699e+02
20260724_21:00:00   3.3575e-01   8.1900e+01   2.6228e+01   1.5000e-01   3.1958e-03   2.9734e+02
20260724_22:00:00   2.7820e-01   7.0523e+01   2.6258e+01   8.6551e-02   2.3833e-03   2.9717e+02
20260724_23:00:00   3.1777e-01   7.8323e+01   2.6805e+01   1.2722e-01   7.5021e-03   2.9573e+02
20260725_00:00:00   2.8011e-01   7.0899e+01   2.6330e+01   9.0140e-02   6.1451e-03   2.9305e+02
20260725_01:00:00   4.1355e-01   9.5766e+01   2.7313e+01   2.3108e-01   1.8418e-02   2.9346e+02
20260725_02:00:00   3.2615e-01   8.0197e+01   2.7136e+01   1.2908e-01   5.7372e-03   2.9521e+02
20260725_03:00:00   2.0425e-01   5.4910e+01   2.5669e+01   5.5659e-03   2.9492e-03   2.9662e+02
20260725_04:00:00   2.8448e-01   7.1756e+01   2.6920e+01   8.1633e-02   9.2094e-03   2.9458e+02
20260725_05:00:00   2.1508e-01   5.7361e+01   2.7015e+01   8.4821e-05   2.6821e-02   2.9450e+02
20260725_06:00:00   2.3123e-01   6.0895e+01   2.8322e+01   3.9480e-03   1.0796e-03   2.9365e+02
20260725_07:00:00   2.4182e-01   6.3206e+01   2.8667e+01   9.1180e-03   3.3556e-03   2.9365e+02
20260725_08:00:00   2.3049e-01   6.0746e+01   2.8199e+01   0.0000e+00   2.0161e-02   2.9413e+02
20260725_09:00:00   2.2319e-01   5.9106e+01   2.7638e+01   0.0000e+00   9.3866e-02   2.9541e+02
20260725_10:00:00   2.2688e-01   5.9862e+01   2.8123e+01   0.0000e+00   2.7045e-02   2.9232e+02
20260725_11:00:00   2.2731e-01   5.9921e+01   2.8287e+01   0.0000e+00   2.0705e-02   2.9318e+02
20260725_12:00:00   2.2490e-01   5.9350e+01   2.8173e+01   0.0000e+00   7.9951e-03   2.9421e+02
20260725_13:00:00   2.2410e-01   5.9151e+01   2.8321e+01   0.0000e+00   3.9448e-04   2.9377e+02
20260725_14:00:00   2.2435e-01   5.9193e+01   2.8518e+01   0.0000e+00   5.5521e-04   2.9550e+02
20260725_15:00:00   2.2035e-01   5.8297e+01   2.8148e+01   0.0000e+00   3.8232e-04   2.9557e+02
20260725_16:00:00   2.1492e-01   5.7117e+01   2.7644e+01   0.0000e+00   9.4780e-05   2.9201e+02
20260725_17:00:00   2.1493e-01   5.7158e+01   2.7780e+01   0.0000e+00   1.5166e-04   2.9228e+02
20260725_18:00:00   2.1747e-01   5.7763e+01   2.8163e+01   1.4141e-03   1.2628e-05   2.9190e+02
20260725_19:00:00   2.2519e-01   5.9518e+01   2.8717e+01   7.0764e-03   2.5609e-04   2.9306e+02
20260725_20:00:00   2.3795e-01   6.2295e+01   2.8837e+01   2.1939e-02   7.1922e-03   2.9153e+02
20260725_21:00:00   4.5486e-01   1.0388e+02   3.1374e+01   2.4089e-01   2.8537e-01   2.8993e+02
20260725_22:00:00   2.4242e-01   6.3071e+01   3.0039e+01   1.1637e-02   3.5505e-01   2.9033e+02
20260725_23:00:00   2.6047e-01   6.6675e+01   3.1547e+01   1.8740e-02   5.0345e-01   2.8997e+02
20260726_00:00:00   2.2554e-01   5.9255e+01   2.9260e+01   9.6760e-06   5.1453e-01   2.9005e+02
20260726_01:00:00   2.1837e-01   5.7627e+01   2.8943e+01   2.7561e-06   3.4617e-01   2.8996e+02
20260726_02:00:00   2.3449e-01   6.1398e+01   3.0415e+01   0.0000e+00   5.2654e-03   2.9070e+02
20260726_03:00:00   2.3886e-01   6.2400e+01   3.1044e+01   0.0000e+00   1.3017e-02   2.8958e+02
20260726_04:00:00   2.7920e-01   7.0767e+01   3.4641e+01   9.5401e-05   1.2792e-01   2.8804e+02
20260726_05:00:00   2.7152e-01   6.9253e+01   3.3542e+01   0.0000e+00   2.6318e-01   2.8725e+02
20260726_06:00:00   2.4805e-01   6.4498e+01   3.0260e+01   0.0000e+00   2.0009e-01   2.8880e+02
20260726_07:00:00   2.3736e-01   6.2279e+01   2.8820e+01   0.0000e+00   6.1390e-03   2.8809e+02
20260726_08:00:00   2.3143e-01   6.0927e+01   2.8349e+01   0.0000e+00   9.4633e-03   2.8959e+02
20260726_09:00:00   2.2403e-01   5.9294e+01   2.7429e+01   0.0000e+00   8.8306e-03   2.8846e+02
20260726_10:00:00   2.2574e-01   5.9698e+01   2.7486e+01   0.0000e+00   6.3746e-04   2.8732e+02
20260726_11:00:00   2.1934e-01   5.8257e+01   2.6810e+01   0.0000e+00   6.0537e-05   2.8907e+02
20260726_12:00:00   2.1753e-01   5.7818e+01   2.6492e+01   0.0000e+00   2.4536e-05   2.8996e+02
20260726_13:00:00   2.1811e-01   5.7902e+01   2.6524e+01   0.0000e+00   5.3560e-04   2.9224e+02
20260726_14:00:00   2.1531e-01   5.7308e+01   2.6134e+01   0.0000e+00   5.8100e-05   2.9125e+02
20260726_15:00:00   2.1237e-01   5.6725e+01   2.5633e+01   0.0000e+00   0.0000e+00   2.9068e+02
20260726_16:00:00   2.1258e-01   5.6821e+01   2.5729e+01   0.0000e+00   0.0000e+00   2.8897e+02
20260726_17:00:00   2.0636e-01   5.5438e+01   2.5338e+01   0.0000e+00   0.0000e+00   2.8738e+02
20260726_18:00:00   2.0154e-01   5.4395e+01   2.4983e+01   4.4540e-04   1.2900e-07   2.8724e+02
20260726_19:00:00   1.9914e-01   5.3917e+01   2.4870e+01   5.0440e-06   0.0000e+00   2.8663e+02
20260726_20:00:00   2.0114e-01   5.4416e+01   2.5161e+01   2.2500e-04   4.3240e-08   2.8692e+02
20260726_21:00:00   1.9864e-01   5.3895e+01   2.4786e+01   9.7840e-04   4.1600e-06   2.8608e+02
20260726_22:00:00   1.9653e-01   5.3449e+01   2.4606e+01   4.3050e-04   6.5800e-06   2.8569e+02
20260726_23:00:00   1.8928e-01   5.1846e+01   2.3664e+01   1.8608e-05   1.7294e-07   2.8700e+02
20260727_00:00:00   1.9082e-01   5.2195e+01   2.3949e+01   5.1821e-04   1.2914e-06   2.8696e+02
20260727_01:00:00   2.9282e-01   7.4139e+01   2.6722e+01   8.9960e-02   4.1460e-05   2.8631e+02
20260727_02:00:00   3.1869e-01   7.9355e+01   2.8660e+01   9.9960e-02   3.1580e-04   2.8411e+02
20260727_03:00:00   2.2388e-01   5.9754e+01   2.5952e+01   1.4701e-02   1.2900e-07   2.8408e+02
20260727_04:00:00   2.4146e-01   6.3591e+01   2.6951e+01   2.4079e-02   7.2480e-06   2.8220e+02
20260727_05:00:00   2.3052e-01   6.1200e+01   2.7411e+01   0.0000e+00   0.0000e+00   2.7957e+02
20260727_06:00:00   2.3336e-01   6.1821e+01   2.7360e+01   0.0000e+00   1.4094e-05   2.8084e+02
20260727_09:00:00   2.2998e-01   6.0967e+01   2.6938e+01   0.0000e+00   0.0000e+00   2.8039e+02
20260727_12:00:00   2.0708e-01   5.5877e+01   2.3889e+01   0.0000e+00   0.0000e+00   2.8257e+02
20260727_15:00:00   1.9784e-01   5.3798e+01   2.2700e+01   0.0000e+00   0.0000e+00   2.8502e+02
20260727_18:00:00   1.7790e-01   4.9335e+01   2.0846e+01   0.0000e+00   0.0000e+00   2.8414e+02
20260727_21:00:00   1.6540e-01   4.6299e+01   2.0149e+01   3.6020e-08   0.0000e+00   2.8747e+02
20260728_00:00:00   1.7318e-01   4.8120e+01   2.1653e+01   0.0000e+00   7.2060e-08   2.8462e+02
20260728_03:00:00   1.9560e-01   5.3127e+01   2.3238e+01   8.4660e-03   6.1300e-06   2.8430e+02
20260728_06:00:00   1.9201e-01   5.2296e+01   2.3040e+01   0.0000e+00   0.0000e+00   2.8563e+02
20260728_09:00:00   1.8344e-01   5.0290e+01   2.1436e+01   0.0000e+00   1.8022e-05   2.8803e+02
20260728_12:00:00   1.7491e-01   4.8261e+01   2.0281e+01   0.0000e+00   9.1160e-05   2.9281e+02
20260728_15:00:00   1.6946e-01   4.7025e+01   1.9596e+01   0.0000e+00   0.0000e+00   2.8901e+02
20260728_18:00:00   1.6696e-01   4.6558e+01   1.9816e+01   0.0000e+00   0.0000e+00   2.9064e+02
20260728_21:00:00   1.5104e-01   4.2559e+01   1.8935e+01   0.0000e+00   0.0000e+00   2.8773e+02
20260729_00:00:00   1.6481e-01   4.5894e+01   2.1036e+01   8.5260e-04   3.5280e-05   2.8735e+02
20260729_03:00:00   1.7250e-01   4.7647e+01   2.2167e+01   3.5180e-05   2.1420e-06   2.9166e+02
20260729_06:00:00   1.9274e-01   5.2285e+01   2.4399e+01   2.7581e-04   7.2440e-06   2.9290e+02
20260729_09:00:00   1.8636e-01   5.0812e+01   2.3085e+01   4.0260e-06   0.0000e+00   2.9251e+02
20260729_12:00:00   1.8921e-01   5.1440e+01   2.2966e+01   0.0000e+00   0.0000e+00   2.9062e+02
20260729_15:00:00   1.8442e-01   5.0365e+01   2.2444e+01   0.0000e+00   0.0000e+00   2.9275e+02
20260729_18:00:00   1.7569e-01   4.8465e+01   2.1746e+01   1.4778e-05   1.6396e-06   2.9490e+02
20260729_21:00:00   1.5587e-01   4.3675e+01   1.9907e+01   3.2220e-05   2.2292e-05   2.9352e+02
20260730_00:00:00   4.7149e-01   1.0532e+02   2.6333e+01   3.0451e-01   5.3916e-02   2.9299e+02
20260730_03:00:00   3.4656e-01   8.3918e+01   3.1238e+01   1.1361e-01   1.5478e-01   2.9255e+02
20260730_06:00:00   2.0811e-01   5.5699e+01   2.5951e+01   2.2116e-05   4.5876e-04   2.9718e+02
20260730_09:00:00   1.9417e-01   5.2476e+01   2.3877e+01   2.8080e-05   8.0540e-07   2.9653e+02
20260730_12:00:00   1.9671e-01   5.3048e+01   2.3897e+01   0.0000e+00   0.0000e+00   2.9404e+02
20260730_15:00:00   1.8744e-01   5.1005e+01   2.2785e+01   0.0000e+00   1.5052e-05   2.9330e+02
20260730_18:00:00   1.7913e-01   4.9178e+01   2.2384e+01   1.6510e-04   3.2216e-06   2.9163e+02
20260730_21:00:00   1.6911e-01   4.6710e+01   2.1592e+01   1.0989e-03   1.0880e-01   2.9410e+02
20260731_00:00:00   1.9759e-01   5.3165e+01   2.5062e+01   1.1610e-05   2.9714e-01   2.9197e+02
20260731_03:00:00   1.9730e-01   5.2974e+01   2.5418e+01   7.1120e-05   8.1341e-03   2.9421e+02
20260731_06:00:00   2.3407e-01   6.1147e+01   2.9124e+01   0.0000e+00   1.7202e-01   2.9435e+02
20260731_09:00:00   2.2396e-01   5.8899e+01   2.8343e+01   0.0000e+00   5.3573e-02   2.9276e+02
20260731_12:00:00   2.0778e-01   5.5360e+01   2.5940e+01   0.0000e+00   1.1686e-03   2.9565e+02
20260731_15:00:00   2.1543e-01   5.7043e+01   2.6887e+01   0.0000e+00   2.1820e-04   2.9532e+02
20260731_18:00:00   2.1322e-01   5.6736e+01   2.7031e+01   5.4360e-05   1.5233e-02   2.9481e+02
20260731_21:00:00   2.6090e-01   6.6268e+01   2.4772e+01   7.9459e-02   2.2924e-01   2.9390e+02
20260801_00:00:00   6.6971e-01   1.3578e+02   2.9826e+01   4.8594e-01   1.6980e-01   2.9435e+02
20260801_03:00:00   2.0842e-01   5.5472e+01   2.6125e+01   2.5945e-03   1.5537e-01   2.9306e+02
20260801_06:00:00   1.1445e+00   1.8825e+02   3.3542e+01   9.8166e-01   2.9526e-01   2.9362e+02
20260801_09:00:00   3.2056e-01   7.8642e+01   3.2856e+01   5.6663e-02   1.3904e-01   2.9085e+02
20260801_12:00:00   2.5635e-01   6.5751e+01   3.1011e+01   0.0000e+00   2.5592e-03   2.9279e+02
20260801_15:00:00   2.5381e-01   6.5266e+01   3.0853e+01   0.0000e+00   0.0000e+00   2.9378e+02
20260801_18:00:00   2.6336e-01   6.7636e+01   3.1988e+01   3.0140e-03   4.2076e-05   2.9073e+02
20260801_21:00:00   3.1572e-01   7.7952e+01   3.4467e+01   3.5715e-02   1.5673e+00   2.9235e+02
20260802_00:00:00   3.2794e-01   8.0423e+01   3.0424e+01   1.0168e-01   3.8725e-02   2.9250e+02
20260802_03:00:00   1.8875e+00   2.3334e+02   3.7904e+01   1.7786e+00   1.1134e+00   2.9410e+02
20260802_06:00:00   2.7157e-01   6.8873e+01   3.2386e+01   3.4220e-05   3.3941e-01   2.9393e+02
20260802_09:00:00   2.6082e-01   6.6673e+01   3.1076e+01   3.5473e-03   3.2463e-02   2.8927e+02
20260802_12:00:00   2.5749e-01   6.6007e+01   3.0498e+01   0.0000e+00   1.6126e-07   2.9074e+02
20260802_15:00:00   2.4003e-01   6.2401e+01   2.8525e+01   0.0000e+00   0.0000e+00   2.9156e+02
20260802_18:00:00   2.6570e-01   6.8166e+01   3.1805e+01   1.3660e-03   2.5440e-05   2.8938e+02
20260802_21:00:00   2.5238e-01   6.5607e+01   2.8707e+01   1.7827e-02   8.0540e-07   2.8785e+02
20260803_00:00:00   2.2278e-01   5.8907e+01   2.6086e+01   1.7981e-02   5.9764e-04   2.8788e+02
20260803_03:00:00   4.0337e-01   9.4607e+01   2.9791e+01   1.8734e-01   2.4187e-01   2.8964e+02
20260803_06:00:00   2.6984e-01   6.8681e+01   2.9251e+01   2.4480e-02   2.7884e-03   2.8927e+02
20260803_09:00:00   2.0738e-01   5.5407e+01   2.3710e+01   0.0000e+00   1.5041e-03   2.8917e+02
20260803_12:00:00   2.0002e-01   5.3637e+01   2.2968e+01   0.0000e+00   4.7840e-06   2.9117e+02
20260803_15:00:00   1.8138e-01   4.9338e+01   2.1240e+01   0.0000e+00   4.8380e-07   2.9439e+02
20260803_18:00:00   1.8380e-01   4.9966e+01   2.2338e+01   5.7680e-04   2.8528e-05   2.9219e+02
20260803_21:00:00   1.6767e-01   4.6182e+01   2.1107e+01   9.7280e-07   2.6377e-06   2.8960e+02
20260804_00:00:00   4.0902e-01   9.4767e+01   2.9942e+01   1.9127e-01   3.8816e-01   2.9246e+02
20260804_03:00:00   1.7837e-01   4.8583e+01   2.2053e+01   0.0000e+00   1.9064e-03   2.8856e+02
20260804_06:00:00   1.7573e-01   4.7914e+01   2.1801e+01   0.0000e+00   1.1342e-04   2.9029e+02
20260804_09:00:00   1.7993e-01   4.8891e+01   2.1788e+01   0.0000e+00   2.2080e-05   2.9121e+02
20260804_12:00:00   1.7654e-01   4.8012e+01   2.1282e+01   0.0000e+00   1.1600e-03   2.8899e+02
20260804_15:00:00   1.7384e-01   4.7390e+01   2.1064e+01   0.0000e+00   1.9946e-03   2.9013e+02
20260804_18:00:00   1.7566e-01   4.7964e+01   2.1615e+01   8.0430e-05   6.4916e-03   2.9226e+02
20260804_21:00:00   3.7592e-01   8.8315e+01   2.4228e+01   2.0388e-01   1.6627e-01   2.9135e+02
20260805_00:00:00   2.7701e-01   6.9503e+01   2.6057e+01   7.6167e-02   2.3745e-01   2.8949e+02
20260805_03:00:00   1.9098e-01   5.1342e+01   2.3228e+01   3.5740e-04   7.4505e-03   2.9334e+02
20260805_06:00:00   1.6312e-01   4.4942e+01   1.9375e+01   0.0000e+00   8.4111e-03   2.9442e+02
20260805_09:00:00   1.9166e-01   5.1404e+01   2.2824e+01   0.0000e+00   3.8061e-03   2.9809e+02
20260805_12:00:00   1.8954e-01   5.0913e+01   2.2148e+01   0.0000e+00   9.6142e-03   2.9901e+02
20260805_15:00:00   1.7574e-01   4.7751e+01   2.0650e+01   0.0000e+00   2.0140e-06   3.0399e+02
20260805_18:00:00   1.5998e-01   4.4246e+01   1.9003e+01   0.0000e+00   3.8417e-03   3.0197e+02
20260805_21:00:00   1.4713e-01   4.1199e+01   1.7919e+01   3.4996e-04   1.1002e-04   2.9901e+02
20260806_00:00:00   1.7362e-01   4.7627e+01   2.1456e+01   5.0340e-05   1.9251e-03   2.9864e+02
20260806_03:00:00   1.7465e-01   4.7582e+01   2.2007e+01   0.0000e+00   3.2252e-04   2.9783e+02
20260806_06:00:00   2.2449e-01   5.8777e+01   2.7172e+01   0.0000e+00   7.4950e-03   2.9504e+02
20260806_09:00:00   2.1551e-01   5.6975e+01   2.5579e+01   0.0000e+00   5.6713e-03   2.9509e+02
20260806_12:00:00   2.1156e-01   5.6017e+01   2.5176e+01   0.0000e+00   5.0758e-03   2.9662e+02
20260806_15:00:00   2.0233e-01   5.4009e+01   2.4015e+01   0.0000e+00   0.0000e+00   2.9828e+02
20260806_18:00:00   1.9233e-01   5.1919e+01   2.3155e+01   3.2260e-06   0.0000e+00   2.9915e+02
20260806_21:00:00   2.0559e-01   5.4759e+01   2.4237e+01   1.0867e-02   3.8547e-01   2.9739e+02
20260807_00:00:00   2.1245e-01   5.6211e+01   2.6540e+01   0.0000e+00   2.1725e-01   2.9709e+02
20260807_03:00:00   1.7546e-01   4.7847e+01   2.1613e+01   0.0000e+00   1.0446e-02   2.9763e+02
20260807_06:00:00   1.8890e-01   5.0901e+01   2.3085e+01   0.0000e+00   9.4860e-03   2.9596e+02
