#            date       tau255        Tb[K]      pwv[mm] lwp[kg*m^-2] iwp[kg*m^-2]       o3[DU]
20260401_06:00:00   1.3880e-01   3.7374e+01   1.5141e+01   3.4196e-04   9.9644e-02   2.9987e+02
20260401_07:00:00   1.5426e-01   4.0992e+01   1.6545e+01   2.3621e-03   1.6767e-01   3.0089e+02
20260401_08:00:00   1.5635e-01   4.1451e+01   1.6838e+01   9.0122e-04   1.1177e-01   3.0427e+02
20260401_09:00:00   1.5485e-01   4.1083e+01   1.6864e+01   0.0000e+00   2.8645e-01   3.0625e+02
20260401_10:00:00   2.7752e-01   6.8007e+01   1.8122e+01   1.2477e-01   3.4642e-01   3.1159e+02
20260401_11:00:00   4.3935e-01   9.8754e+01   1.8849e+01   2.9887e-01   5.5030e-01   3.1178e+02
20260401_12:00:00   3.6464e-01   8.5190e+01   1.8928e+01   2.1336e-01   6.1219e-01   3.1330e+02
20260401_13:00:00   2.0038e-01   5.1428e+01   1.8698e+01   2.9910e-02   3.7468e-01   3.1528e+02
20260401_14:00:00   5.5203e-01   1.1704e+02   1.8990e+01   4.2240e-01   7.5469e-01   3.1428e+02
20260401_15:00:00   4.7838e-01   1.0461e+02   1.8170e+01   3.4790e-01   6.6029e-01   3.1565e+02
20260401_16:00:00   2.0138e-01   5.1588e+01   1.7952e+01   3.7824e-02   4.8856e-01   3.1595e+02
20260401_17:00:00   2.9590e-01   7.1525e+01   1.7825e+01   1.4505e-01   6.5716e-01   3.1663e+02
20260401_18:00:00   2.3686e-01   5.9176e+01   1.6822e+01   8.8478e-02   5.2633e-01   3.1862e+02
20260401_19:00:00   1.6578e-01   4.3506e+01   1.5848e+01   1.7791e-02   2.9543e-01   3.2337e+02
20260401_20:00:00   1.3963e-01   3.7606e+01   1.1623e+01   1.9553e-02   2.2151e-02   3.3331e+02
20260401_21:00:00   1.3334e-01   3.6093e+01   1.0711e+01   1.8952e-02   1.7687e-02   3.4063e+02
20260401_22:00:00   1.0396e-01   2.9075e+01   9.2381e+00   5.8564e-05   1.5821e-03   3.5079e+02
20260401_23:00:00   9.2694e-02   2.6274e+01   7.9943e+00   1.3514e-04   1.1724e-02   3.5402e+02
20260402_00:00:00   8.9803e-02   2.5577e+01   7.6247e+00   4.4422e-05   9.4771e-05   3.5721e+02
20260402_01:00:00   8.9269e-02   2.5487e+01   7.4336e+00   7.6120e-05   4.5593e-05   3.5967e+02
20260402_02:00:00   8.4020e-02   2.4186e+01   6.7035e+00   2.3220e-05   2.1542e-05   3.6335e+02
20260402_03:00:00   8.4976e-02   2.4484e+01   6.7160e+00   0.0000e+00   6.6540e-06   3.6335e+02
20260402_04:00:00   8.8171e-02   2.5277e+01   7.1006e+00   7.3500e-06   8.1474e-06   3.6159e+02
20260402_05:00:00   9.0965e-02   2.5929e+01   7.5083e+00   3.9631e-07   3.6039e-06   3.5517e+02
20260402_06:00:00   9.3947e-02   2.6619e+01   7.9487e+00   1.6122e-05   6.8330e-06   3.5048e+02
20260402_07:00:00   9.3850e-02   2.6582e+01   7.9278e+00   3.2641e-05   2.8948e-05   3.4205e+02
20260402_08:00:00   9.1580e-02   2.6040e+01   7.6014e+00   3.4220e-07   3.2703e-06   3.3555e+02
20260402_09:00:00   9.0994e-02   2.5877e+01   7.5385e+00   0.0000e+00   0.0000e+00   3.3115e+02
20260402_10:00:00   8.4182e-02   2.4224e+01   6.5890e+00   0.0000e+00   0.0000e+00   3.2900e+02
20260402_11:00:00   8.1616e-02   2.3574e+01   6.2454e+00   0.0000e+00   0.0000e+00   3.2729e+02
20260402_12:00:00   8.0406e-02   2.3283e+01   6.0922e+00   0.0000e+00   0.0000e+00   3.2807e+02
20260402_13:00:00   8.1483e-02   2.3573e+01   6.2641e+00   0.0000e+00   0.0000e+00   3.3030e+02
20260402_14:00:00   8.2127e-02   2.3761e+01   6.4328e+00   0.0000e+00   0.0000e+00   3.3050e+02
20260402_15:00:00   8.5020e-02   2.4496e+01   6.8577e+00   0.0000e+00   0.0000e+00   3.2931e+02
20260402_16:00:00   8.6891e-02   2.5001e+01   7.1910e+00   0.0000e+00   0.0000e+00   3.3058e+02
20260402_17:00:00   8.7830e-02   2.5262e+01   7.4107e+00   0.0000e+00   0.0000e+00   3.2674e+02
20260402_18:00:00   8.6260e-02   2.4901e+01   7.2642e+00   0.0000e+00   0.0000e+00   3.2033e+02
20260402_19:00:00   8.5380e-02   2.4712e+01   7.1975e+00   0.0000e+00   0.0000e+00   3.2056e+02
20260402_20:00:00   8.6892e-02   2.5087e+01   7.5066e+00   0.0000e+00   0.0000e+00   3.1961e+02
20260402_21:00:00   8.5433e-02   2.4770e+01   7.4108e+00   0.0000e+00   0.0000e+00   3.1995e+02
20260402_22:00:00   8.6246e-02   2.4978e+01   7.6239e+00   0.0000e+00   0.0000e+00   3.1976e+02
20260402_23:00:00   8.8796e-02   2.5601e+01   8.0765e+00   0.0000e+00   2.8041e-05   3.1972e+02
20260403_00:00:00   8.7567e-02   2.5287e+01   7.9515e+00   0.0000e+00   2.4284e-03   3.1722e+02
20260403_01:00:00   8.6584e-02   2.5058e+01   7.7892e+00   0.0000e+00   5.8357e-03   3.1741e+02
20260403_02:00:00   8.5238e-02   2.4716e+01   7.5462e+00   0.0000e+00   3.1177e-04   3.2214e+02
20260403_03:00:00   8.5232e-02   2.4705e+01   7.4926e+00   0.0000e+00   0.0000e+00   3.2724e+02
20260403_04:00:00   8.4442e-02   2.4476e+01   7.3040e+00   0.0000e+00   9.9920e-05   3.3231e+02
20260403_05:00:00   8.0401e-02   2.3478e+01   6.5365e+00   0.0000e+00   0.0000e+00   3.3415e+02
20260403_06:00:00   7.9290e-02   2.3201e+01   6.2368e+00   0.0000e+00   0.0000e+00   3.3232e+02
20260403_07:00:00   8.0230e-02   2.3431e+01   6.1958e+00   0.0000e+00   0.0000e+00   3.3231e+02
20260403_08:00:00   8.0550e-02   2.3498e+01   6.0850e+00   0.0000e+00   0.0000e+00   3.3238e+02
20260403_09:00:00   8.1777e-02   2.3781e+01   6.1387e+00   0.0000e+00   0.0000e+00   3.3588e+02
20260403_10:00:00   8.4880e-02   2.4524e+01   6.4547e+00   0.0000e+00   0.0000e+00   3.3886e+02
20260403_11:00:00   8.6392e-02   2.4869e+01   6.5901e+00   0.0000e+00   4.0260e-07   3.3797e+02
20260403_12:00:00   9.0591e-02   2.5875e+01   7.0333e+00   0.0000e+00   4.0260e-07   3.3856e+02
20260403_13:00:00   8.5453e-02   2.4604e+01   6.3588e+00   0.0000e+00   0.0000e+00   3.3984e+02
20260403_14:00:00   8.1093e-02   2.3503e+01   5.8128e+00   0.0000e+00   0.0000e+00   3.4018e+02
20260403_15:00:00   8.2449e-02   2.3821e+01   6.0697e+00   0.0000e+00   0.0000e+00   3.3904e+02
20260403_16:00:00   8.1007e-02   2.3467e+01   5.9269e+00   0.0000e+00   0.0000e+00   3.3602e+02
20260403_17:00:00   7.7052e-02   2.2476e+01   5.4748e+00   0.0000e+00   0.0000e+00   3.3290e+02
20260403_18:00:00   6.5983e-02   1.9645e+01   3.8880e+00   0.0000e+00   0.0000e+00   3.3302e+02
20260403_19:00:00   5.5933e-02   1.7051e+01   2.3374e+00   0.0000e+00   0.0000e+00   3.3580e+02
20260403_20:00:00   5.3971e-02   1.6545e+01   2.0361e+00   0.0000e+00   0.0000e+00   3.3484e+02
20260403_21:00:00   5.4310e-02   1.6626e+01   2.0816e+00   0.0000e+00   0.0000e+00   3.3771e+02
20260403_22:00:00   5.6236e-02   1.7126e+01   2.3664e+00   0.0000e+00   0.0000e+00   3.3936e+02
20260403_23:00:00   5.5793e-02   1.7033e+01   2.2355e+00   0.0000e+00   0.0000e+00   3.3942e+02
20260404_00:00:00   5.6072e-02   1.7113e+01   2.2589e+00   0.0000e+00   0.0000e+00   3.3894e+02
20260404_01:00:00   5.6323e-02   1.7183e+01   2.2651e+00   0.0000e+00   0.0000e+00   3.4227e+02
20260404_02:00:00   5.5988e-02   1.7094e+01   2.1842e+00   0.0000e+00   0.0000e+00   3.4272e+02
20260404_03:00:00   5.6608e-02   1.7247e+01   2.2662e+00   0.0000e+00   0.0000e+00   3.4267e+02
20260404_04:00:00   5.7437e-02   1.7454e+01   2.3855e+00   0.0000e+00   0.0000e+00   3.4282e+02
20260404_05:00:00   5.8743e-02   1.7774e+01   2.5559e+00   0.0000e+00   0.0000e+00   3.4345e+02
20260404_06:00:00   5.9046e-02   1.7841e+01   2.5654e+00   0.0000e+00   0.0000e+00   3.4063e+02
20260404_07:00:00   5.8436e-02   1.7678e+01   2.4682e+00   0.0000e+00   0.0000e+00   3.3506e+02
20260404_08:00:00   5.8229e-02   1.7618e+01   2.4356e+00   0.0000e+00   0.0000e+00   3.3129e+02
20260404_09:00:00   5.8036e-02   1.7564e+01   2.4068e+00   0.0000e+00   6.3720e-05   3.3241e+02
20260404_10:00:00   5.7014e-02   1.7303e+01   2.2580e+00   0.0000e+00   0.0000e+00   3.3168e+02
20260404_11:00:00   5.6733e-02   1.7224e+01   2.2207e+00   0.0000e+00   0.0000e+00   3.2578e+02
20260404_12:00:00   5.6831e-02   1.7242e+01   2.2425e+00   0.0000e+00   1.1278e-03   3.2219e+02
20260404_13:00:00   5.6997e-02   1.7274e+01   2.2609e+00   0.0000e+00   6.1800e-04   3.1875e+02
20260404_14:00:00   5.7684e-02   1.7446e+01   2.3621e+00   0.0000e+00   2.1880e-04   3.1691e+02
20260404_15:00:00   5.8341e-02   1.7620e+01   2.4682e+00   0.0000e+00   5.2820e-04   3.1668e+02
20260404_16:00:00   5.8532e-02   1.7686e+01   2.5096e+00   0.0000e+00   6.4400e-04   3.1684e+02
20260404_17:00:00   5.8524e-02   1.7703e+01   2.5564e+00   0.0000e+00   8.1107e-04   3.1839e+02
20260404_18:00:00   5.8650e-02   1.7752e+01   2.6585e+00   0.0000e+00   1.1248e-03   3.1908e+02
20260404_19:00:00   5.9459e-02   1.7984e+01   2.8525e+00   0.0000e+00   1.5372e-04   3.1969e+02
20260404_20:00:00   6.0801e-02   1.8340e+01   3.1628e+00   0.0000e+00   3.0380e-06   3.2010e+02
20260404_21:00:00   6.1958e-02   1.8641e+01   3.4282e+00   0.0000e+00   0.0000e+00   3.2067e+02
20260404_22:00:00   6.2998e-02   1.8900e+01   3.6663e+00   0.0000e+00   8.1220e-04   3.1993e+02
20260404_23:00:00   6.2694e-02   1.8812e+01   3.6665e+00   0.0000e+00   1.5651e-03   3.1797e+02
20260405_00:00:00   6.2292e-02   1.8695e+01   3.6302e+00   0.0000e+00   3.3484e-03   3.1559e+02
20260405_01:00:00   6.1422e-02   1.8474e+01   3.4646e+00   0.0000e+00   2.7202e-03   3.1636e+02
20260405_02:00:00   5.9764e-02   1.8048e+01   3.1592e+00   0.0000e+00   2.6580e-03   3.1412e+02
20260405_03:00:00   5.9002e-02   1.7859e+01   2.9931e+00   0.0000e+00   3.7640e-03   3.1470e+02
20260405_04:00:00   5.8226e-02   1.7669e+01   2.8379e+00   0.0000e+00   1.1730e-03   3.1773e+02
20260405_05:00:00   5.8624e-02   1.7763e+01   2.8828e+00   0.0000e+00   1.0662e-05   3.1942e+02
20260405_06:00:00   5.8509e-02   1.7715e+01   2.8517e+00   0.0000e+00   7.2179e-04   3.1928e+02
20260405_07:00:00   6.1756e-02   1.8529e+01   3.3813e+00   0.0000e+00   7.5920e-03   3.1744e+02
20260405_08:00:00   6.4615e-02   1.9255e+01   3.8186e+00   0.0000e+00   4.0836e-03   3.1903e+02
20260405_09:00:00   6.5850e-02   1.9577e+01   3.9982e+00   0.0000e+00   1.3533e-03   3.2298e+02
20260405_10:00:00   6.6540e-02   1.9751e+01   4.0865e+00   0.0000e+00   2.2040e-04   3.2676e+02
20260405_11:00:00   6.7416e-02   1.9967e+01   4.1996e+00   0.0000e+00   1.5422e-05   3.3006e+02
20260405_12:00:00   6.9182e-02   2.0401e+01   4.4836e+00   0.0000e+00   1.1876e-03   3.3522e+02
20260405_13:00:00   7.0658e-02   2.0762e+01   4.7055e+00   0.0000e+00   4.9394e-03   3.3816e+02
20260405_14:00:00   7.2040e-02   2.1101e+01   4.9206e+00   0.0000e+00   3.7537e-03   3.3576e+02
20260405_15:00:00   7.4517e-02   2.1721e+01   5.3273e+00   0.0000e+00   4.0931e-03   3.3321e+02
20260405_16:00:00   7.6537e-02   2.2235e+01   5.6640e+00   0.0000e+00   6.6091e-03   3.3033e+02
20260405_17:00:00   7.8124e-02   2.2642e+01   5.9892e+00   0.0000e+00   3.3649e-03   3.3086e+02
20260405_18:00:00   8.0322e-02   2.3196e+01   6.4015e+00   0.0000e+00   8.3358e-03   3.3147e+02
20260405_19:00:00   8.1342e-02   2.3459e+01   6.6361e+00   0.0000e+00   1.3518e-02   3.3414e+02
20260405_20:00:00   8.2483e-02   2.3748e+01   6.9089e+00   1.6106e-05   4.4101e-03   3.3713e+02
20260405_21:00:00   8.4650e-02   2.4261e+01   7.3642e+00   0.0000e+00   3.1430e-02   3.3810e+02
20260405_22:00:00   8.9464e-02   2.5414e+01   8.1792e+00   1.0066e-06   7.0427e-02   3.3647e+02
20260405_23:00:00   9.3995e-02   2.6527e+01   8.8727e+00   0.0000e+00   5.6458e-02   3.3750e+02
20260406_00:00:00   1.0600e-01   2.9479e+01   1.0422e+01   5.9901e-04   1.6252e-01   3.3714e+02
20260406_01:00:00   1.2013e-01   3.2952e+01   1.2171e+01   3.5473e-06   1.0117e-01   3.3609e+02
20260406_02:00:00   1.3119e-01   3.5609e+01   1.3417e+01   0.0000e+00   3.1601e-02   3.3079e+02
20260406_03:00:00   1.3818e-01   3.7210e+01   1.4114e+01   0.0000e+00   1.8575e-02   3.3244e+02
20260406_04:00:00   1.3813e-01   3.7183e+01   1.4003e+01   0.0000e+00   1.9938e-02   3.2969e+02
20260406_05:00:00   1.3400e-01   3.6254e+01   1.3346e+01   0.0000e+00   1.2265e-02   3.2922e+02
20260406_06:00:00   1.3750e-01   3.7063e+01   1.3704e+01   0.0000e+00   1.7716e-02   3.2868e+02
20260406_09:00:00   1.3763e-01   3.7055e+01   1.3746e+01   1.4384e-04   1.5387e-02   3.2041e+02
20260406_12:00:00   1.3910e-01   3.7366e+01   1.3961e+01   4.7972e-05   3.7275e-03   3.1094e+02
20260406_15:00:00   1.3362e-01   3.6098e+01   1.3383e+01   0.0000e+00   6.5207e-03   3.0405e+02
20260406_18:00:00   1.2986e-01   3.5307e+01   1.3245e+01   3.1146e-05   1.8499e-02   2.9923e+02
20260406_21:00:00   1.3336e-01   3.6212e+01   1.3586e+01   3.9320e-03   9.4087e-02   2.9415e+02
20260407_00:00:00   1.4987e-01   4.0068e+01   1.5605e+01   3.4919e-03   3.8869e-01   2.9357e+02
20260407_03:00:00   7.6925e-01   1.4657e+02   1.7904e+01   6.7332e-01   7.1016e-01   3.0216e+02
20260407_06:00:00   2.1045e-01   5.3512e+01   1.7276e+01   5.0097e-02   4.0026e-01   3.0133e+02
20260407_09:00:00   5.0892e-01   1.1050e+02   1.7478e+01   3.8673e-01   3.5545e-01   2.9759e+02
20260407_12:00:00   2.4262e-01   6.0558e+01   1.6805e+01   9.0302e-02   1.0353e-01   2.9515e+02
20260407_15:00:00   2.1248e-01   5.4133e+01   1.5807e+01   6.3891e-02   2.6790e-02   2.9891e+02
20260407_18:00:00   2.8382e-01   6.9439e+01   1.4977e+01   1.5200e-01   3.7948e-04   2.9902e+02
20260407_21:00:00   4.5324e-01   1.0033e+02   1.4873e+01   3.4177e-01   5.2888e-02   3.0497e+02
20260408_00:00:00   1.4502e-01   3.9241e+01   1.3441e+01   1.1241e-02   2.2740e-03   3.0368e+02
20260408_03:00:00   1.3670e-01   3.7341e+01   1.3543e+01   2.9516e-04   4.1802e-03   3.0052e+02
20260408_06:00:00   1.2685e-01   3.5037e+01   1.2225e+01   0.0000e+00   5.9509e-03   2.9691e+02
20260408_09:00:00   1.3605e-01   3.7170e+01   1.3451e+01   0.0000e+00   7.7465e-03   2.9058e+02
20260408_12:00:00   1.4502e-01   3.9152e+01   1.3856e+01   7.4446e-03   1.9135e-02   2.9019e+02
20260408_15:00:00   1.3972e-01   3.7932e+01   1.3796e+01   1.4406e-03   2.7397e-02   2.9715e+02
20260408_18:00:00   1.8063e-01   4.7274e+01   1.3079e+01   5.4239e-02   2.9383e-03   2.9288e+02
20260408_21:00:00   1.2165e-01   3.3679e+01   1.2581e+01   6.1352e-04   5.5363e-02   2.9944e+02
20260409_00:00:00   8.7615e-02   2.5301e+01   8.1834e+00   0.0000e+00   3.4982e-05   3.0330e+02
20260409_03:00:00   7.9985e-02   2.3361e+01   6.8346e+00   0.0000e+00   0.0000e+00   3.0535e+02
20260409_06:00:00   7.6350e-02   2.2381e+01   6.0690e+00   0.0000e+00   0.0000e+00   3.0551e+02
20260409_09:00:00   6.6398e-02   1.9840e+01   4.2734e+00   0.0000e+00   0.0000e+00   3.0745e+02
20260409_12:00:00   6.5775e-02   1.9642e+01   4.0402e+00   0.0000e+00   0.0000e+00   3.0438e+02
20260409_15:00:00   7.4081e-02   2.1741e+01   5.2841e+00   0.0000e+00   0.0000e+00   3.0343e+02
20260409_18:00:00   8.0926e-02   2.3454e+01   6.5196e+00   0.0000e+00   0.0000e+00   3.1059e+02
20260409_21:00:00   8.5790e-02   2.4684e+01   7.5143e+00   0.0000e+00   1.0320e-05   3.1008e+02
20260410_00:00:00   8.7389e-02   2.5057e+01   7.9612e+00   3.2260e-07   2.0256e-03   3.1663e+02
20260410_03:00:00   8.3804e-02   2.4058e+01   7.3201e+00   0.0000e+00   1.0966e-01   3.2560e+02
20260410_06:00:00   1.1020e-01   3.0660e+01   1.0511e+01   0.0000e+00   1.4166e-03   3.4538e+02
20260410_09:00:00   1.0724e-01   2.9871e+01   9.8879e+00   0.0000e+00   5.9674e-04   3.4112e+02
20260410_12:00:00   1.0577e-01   2.9474e+01   9.5458e+00   0.0000e+00   4.8480e-04   3.4410e+02
20260410_15:00:00   1.0002e-01   2.8070e+01   8.8023e+00   0.0000e+00   0.0000e+00   3.4485e+02
20260410_18:00:00   9.0882e-02   2.5861e+01   7.8559e+00   0.0000e+00   4.8381e-05   3.4399e+02
20260410_21:00:00   8.9756e-02   2.5535e+01   7.9780e+00   1.5100e-04   7.3700e-03   3.4315e+02
20260411_00:00:00   9.0786e-02   2.5717e+01   8.3678e+00   0.0000e+00   1.0815e-02   3.4220e+02
20260411_03:00:00   8.6788e-02   2.4845e+01   7.5896e+00   0.0000e+00   4.7683e-04   3.4735e+02
20260411_06:00:00   8.7044e-02   2.4823e+01   7.6354e+00   0.0000e+00   1.3204e-04   3.4687e+02
20260411_09:00:00   8.5289e-02   2.4406e+01   7.2367e+00   0.0000e+00   0.0000e+00   3.4528e+02
20260411_12:00:00   8.4851e-02   2.4336e+01   6.9838e+00   0.0000e+00   0.0000e+00   3.4233e+02
20260411_15:00:00   8.2772e-02   2.3853e+01   6.6649e+00   0.0000e+00   0.0000e+00   3.4007e+02
20260411_18:00:00   9.3414e-02   2.6540e+01   8.2146e+00   2.0140e-06   6.1826e-04   3.3598e+02
20260411_21:00:00   1.0374e-01   2.9010e+01   9.3251e+00   5.2741e-03   9.2825e-03   3.3444e+02
20260412_00:00:00   1.0667e-01   2.9815e+01   1.0374e+01   9.0120e-05   3.6531e-02   3.3600e+02
20260412_03:00:00   1.1676e-01   3.2286e+01   1.1429e+01   0.0000e+00   7.0004e-05   3.3749e+02
20260412_06:00:00   1.1147e-01   3.0985e+01   1.0385e+01   0.0000e+00   4.5104e-04   3.3708e+02
20260412_09:00:00   1.0985e-01   3.0576e+01   9.8616e+00   0.0000e+00   0.0000e+00   3.3289e+02
20260412_12:00:00   1.0724e-01   2.9930e+01   9.2386e+00   0.0000e+00   1.7738e-06   3.3634e+02
20260412_15:00:00   1.1738e-01   3.2417e+01   9.6175e+00   5.7760e-03   0.0000e+00   3.3792e+02
20260412_18:00:00   9.6189e-02   2.7325e+01   8.1128e+00   3.0200e-05   1.1356e-04   3.4388e+02
20260412_21:00:00   9.2596e-02   2.6292e+01   7.6070e+00   4.8863e-03   6.9476e-02   3.4450e+02
20260413_00:00:00   9.0943e-02   2.5968e+01   8.1457e+00   0.0000e+00   5.1553e-03   3.4360e+02
20260413_03:00:00   1.3868e-01   3.7315e+01   1.4086e+01   5.4060e-05   1.2721e-01   3.4112e+02
20260413_06:00:00   1.1290e-01   3.1279e+01   1.1014e+01   0.0000e+00   1.5585e-04   3.4217e+02
20260413_09:00:00   1.0948e-01   3.0449e+01   1.0390e+01   0.0000e+00   0.0000e+00   3.4336e+02
20260413_12:00:00   1.0149e-01   2.8554e+01   9.0387e+00   0.0000e+00   0.0000e+00   3.3774e+02
20260413_15:00:00   9.3290e-02   2.6564e+01   7.9951e+00   0.0000e+00   0.0000e+00   3.3809e+02
20260413_18:00:00   1.0312e-01   2.8918e+01   9.8229e+00   7.5240e-04   3.0288e-03   3.4438e+02
20260413_21:00:00   1.0754e-01   2.9897e+01   1.0284e+01   3.6492e-03   2.1671e-01   3.4180e+02
20260414_00:00:00   9.7888e-02   2.7526e+01   8.8580e+00   4.8399e-03   1.2066e-01   3.4068e+02
20260414_03:00:00   1.2075e-01   3.3076e+01   1.2042e+01   2.4500e-04   2.5802e-01   3.4575e+02
20260414_06:00:00   1.2166e-01   3.3369e+01   1.1291e+01   6.0799e-04   1.6106e-06   3.5526e+02
20260414_09:00:00   1.4573e-01   3.8825e+01   1.2640e+01   1.4191e-02   4.0323e-02   3.5621e+02
20260414_12:00:00   4.1691e-01   9.3750e+01   1.1539e+01   3.2482e-01   2.7067e-03   3.6561e+02
20260414_15:00:00   2.2484e-01   5.6410e+01   1.0328e+01   1.1736e-01   1.0540e-02   3.6325e+02
20260414_18:00:00   1.1105e-01   3.0683e+01   9.0431e+00   2.4457e-03   2.3221e-04   3.5118e+02
20260414_21:00:00   9.8772e-02   2.7867e+01   8.2390e+00   1.1459e-04   9.6992e-05   3.4305e+02
20260415_00:00:00   1.0075e-01   2.8425e+01   8.8206e+00   0.0000e+00   6.7298e-05   3.3839e+02
20260415_03:00:00   9.4764e-02   2.7012e+01   7.9316e+00   0.0000e+00   0.0000e+00   3.2841e+02
20260415_06:00:00   9.2624e-02   2.6458e+01   7.8029e+00   0.0000e+00   0.0000e+00   3.2841e+02
20260415_09:00:00   8.9152e-02   2.5585e+01   7.0068e+00   0.0000e+00   0.0000e+00   3.2431e+02
20260415_12:00:00   8.0603e-02   2.3443e+01   5.7699e+00   0.0000e+00   0.0000e+00   3.2864e+02
20260415_15:00:00   7.9838e-02   2.3282e+01   5.6706e+00   0.0000e+00   0.0000e+00   3.3292e+02
20260415_18:00:00   8.8590e-02   2.5546e+01   7.4549e+00   0.0000e+00   0.0000e+00   3.3151e+02
20260415_21:00:00   9.2730e-02   2.6506e+01   8.6605e+00   7.2080e-05   4.6321e-03   3.3041e+02
20260416_00:00:00   9.5902e-02   2.7195e+01   9.2419e+00   1.4570e-03   4.4728e-02   3.3407e+02
20260416_03:00:00   1.0277e-01   2.8991e+01   1.0236e+01   0.0000e+00   3.7926e-04   3.4193e+02
20260416_06:00:00   9.7099e-02   2.7615e+01   9.3528e+00   0.0000e+00   0.0000e+00   3.5463e+02
20260416_09:00:00   9.5440e-02   2.7223e+01   8.8681e+00   0.0000e+00   0.0000e+00   3.5204e+02
20260416_12:00:00   9.0503e-02   2.6025e+01   8.0080e+00   0.0000e+00   9.1720e-06   3.5180e+02
20260416_15:00:00   8.3456e-02   2.4296e+01   6.9985e+00   0.0000e+00   0.0000e+00   3.6055e+02
20260416_18:00:00   8.8200e-02   2.5572e+01   7.8523e+00   0.0000e+00   0.0000e+00   3.6046e+02
20260416_21:00:00   9.9082e-02   2.8199e+01   9.9245e+00   5.1237e-05   2.0151e-02   3.5857e+02
20260417_00:00:00   1.0014e-01   2.8378e+01   1.0319e+01   0.0000e+00   1.4398e-01   3.5476e+02
20260417_03:00:00   7.8440e-02   2.3046e+01   6.8097e+00   0.0000e+00   2.2612e-04   3.4561e+02
20260417_06:00:00   8.3139e-02   2.4170e+01   7.5980e+00   0.0000e+00   9.1238e-04   3.4461e+02
