#            date       tau255        Tb[K]      pwv[mm] lwp[kg*m^-2] iwp[kg*m^-2]       o3[DU]
20260623_00:00:00   7.7786e-02   2.3483e+01   7.4055e+00   0.0000e+00   0.0000e+00   3.0445e+02
20260623_01:00:00   7.3704e-02   2.2398e+01   6.7100e+00   0.0000e+00   0.0000e+00   3.0375e+02
20260623_02:00:00   7.1909e-02   2.1924e+01   6.3829e+00   0.0000e+00   0.0000e+00   3.0284e+02
20260623_03:00:00   7.0478e-02   2.1565e+01   6.1084e+00   0.0000e+00   0.0000e+00   3.0341e+02
20260623_04:00:00   7.0836e-02   2.1676e+01   6.1120e+00   0.0000e+00   0.0000e+00   3.0379e+02
20260623_05:00:00   7.4940e-02   2.2772e+01   6.7367e+00   0.0000e+00   0.0000e+00   3.0115e+02
20260623_06:00:00   7.4387e-02   2.2591e+01   6.6261e+00   0.0000e+00   0.0000e+00   2.9855e+02
20260623_07:00:00   8.1731e-02   2.4488e+01   7.8080e+00   0.0000e+00   0.0000e+00   2.9810e+02
20260623_08:00:00   7.9836e-02   2.4009e+01   7.3663e+00   0.0000e+00   0.0000e+00   2.9550e+02
20260623_09:00:00   7.7530e-02   2.3373e+01   7.0084e+00   0.0000e+00   0.0000e+00   2.9632e+02
20260623_10:00:00   7.7878e-02   2.3410e+01   7.1316e+00   0.0000e+00   0.0000e+00   2.9842e+02
20260623_11:00:00   7.7685e-02   2.3336e+01   7.0978e+00   0.0000e+00   0.0000e+00   3.0272e+02
20260623_12:00:00   7.6880e-02   2.3113e+01   6.9430e+00   0.0000e+00   0.0000e+00   3.0429e+02
20260623_13:00:00   7.8611e-02   2.3553e+01   7.1916e+00   0.0000e+00   0.0000e+00   3.0581e+02
20260623_14:00:00   7.9985e-02   2.3926e+01   7.3866e+00   0.0000e+00   0.0000e+00   3.0769e+02
20260623_15:00:00   8.0720e-02   2.4147e+01   7.5171e+00   0.0000e+00   0.0000e+00   3.1003e+02
20260623_16:00:00   8.0959e-02   2.4231e+01   7.5946e+00   0.0000e+00   0.0000e+00   3.0949e+02
20260623_17:00:00   7.7811e-02   2.3422e+01   7.1509e+00   0.0000e+00   0.0000e+00   3.0874e+02
20260623_18:00:00   7.4416e-02   2.2552e+01   6.6721e+00   0.0000e+00   1.0482e-03   3.1000e+02
20260623_19:00:00   7.6023e-02   2.2983e+01   7.0558e+00   0.0000e+00   3.5603e-03   3.0971e+02
20260623_20:00:00   8.3233e-02   2.4879e+01   8.3855e+00   0.0000e+00   6.4020e-03   3.0844e+02
20260623_21:00:00   8.4887e-02   2.5323e+01   8.7034e+00   0.0000e+00   9.9600e-04   3.0800e+02
20260623_22:00:00   8.8989e-02   2.6408e+01   9.4493e+00   0.0000e+00   4.6221e-06   3.0955e+02
20260623_23:00:00   9.8160e-02   2.8741e+01   1.1041e+01   0.0000e+00   0.0000e+00   3.0815e+02
20260624_00:00:00   9.6693e-02   2.8327e+01   1.0884e+01   0.0000e+00   0.0000e+00   3.0697e+02
20260624_01:00:00   1.0202e-01   2.9672e+01   1.1773e+01   0.0000e+00   0.0000e+00   3.0682e+02
20260624_02:00:00   1.0772e-01   3.1095e+01   1.2668e+01   0.0000e+00   6.4880e-05   3.0531e+02
20260624_03:00:00   1.0744e-01   3.1026e+01   1.2547e+01   0.0000e+00   3.0640e-04   3.0332e+02
20260624_04:00:00   1.0570e-01   3.0553e+01   1.2292e+01   0.0000e+00   8.7222e-05   3.0404e+02
20260624_05:00:00   1.0449e-01   3.0207e+01   1.2173e+01   0.0000e+00   1.3460e-03   3.0157e+02
20260624_06:00:00   1.0126e-01   2.9386e+01   1.1614e+01   0.0000e+00   5.1160e-03   3.0067e+02
20260624_07:00:00   1.1008e-01   3.1479e+01   1.3079e+01   0.0000e+00   2.5205e-02   3.0140e+02
20260624_08:00:00   1.0754e-01   3.0809e+01   1.2719e+01   0.0000e+00   1.9233e-03   3.0212e+02
20260624_09:00:00   1.0912e-01   3.1141e+01   1.3015e+01   0.0000e+00   2.8172e-03   3.0320e+02
20260624_10:00:00   1.1149e-01   3.1774e+01   1.3296e+01   0.0000e+00   1.0847e-03   3.0003e+02
20260624_11:00:00   1.0990e-01   3.1470e+01   1.2847e+01   0.0000e+00   1.4316e-04   3.0022e+02
20260624_12:00:00   1.1131e-01   3.1859e+01   1.2934e+01   0.0000e+00   1.0352e-03   3.0238e+02
20260624_13:00:00   1.0975e-01   3.1487e+01   1.2577e+01   0.0000e+00   2.0140e-06   3.0398e+02
20260624_14:00:00   1.1094e-01   3.1776e+01   1.2801e+01   0.0000e+00   2.6743e-04   3.0542e+02
20260624_15:00:00   1.1397e-01   3.2484e+01   1.3413e+01   0.0000e+00   5.0826e-03   3.0425e+02
20260624_16:00:00   1.1736e-01   3.3293e+01   1.4064e+01   0.0000e+00   1.8225e-03   3.0224e+02
20260624_17:00:00   1.2204e-01   3.4447e+01   1.4908e+01   0.0000e+00   1.7056e-03   3.0397e+02
20260624_18:00:00   1.3079e-01   3.6471e+01   1.5799e+01   4.5944e-03   7.0540e-03   3.0443e+02
20260624_19:00:00   1.4393e-01   3.9394e+01   1.5812e+01   1.9496e-02   1.4769e-01   3.0459e+02
20260624_20:00:00   1.2379e-01   3.4783e+01   1.5096e+01   3.0944e-03   9.6567e-02   3.0561e+02
20260624_21:00:00   1.2447e-01   3.5045e+01   1.5582e+01   7.5941e-04   6.3573e-02   3.0529e+02
20260624_22:00:00   1.8162e-01   4.7817e+01   1.6614e+01   5.6219e-02   3.2350e-01   3.0416e+02
20260624_23:00:00   2.5608e-01   6.3288e+01   1.9692e+01   1.1899e-01   5.4950e-01   3.0130e+02
20260625_00:00:00   1.5465e-01   4.2443e+01   1.9748e+01   0.0000e+00   2.3266e-01   3.0166e+02
20260625_01:00:00   1.7180e-01   4.6369e+01   2.1513e+01   2.9860e-03   2.2565e-01   3.0123e+02
20260625_02:00:00   1.8108e-01   4.8528e+01   2.2903e+01   1.0066e-05   1.2586e-01   3.0162e+02
20260625_03:00:00   2.3235e-01   5.9732e+01   2.3601e+01   4.6658e-02   8.7593e-02   3.0181e+02
20260625_04:00:00   2.8645e-01   7.0892e+01   2.8074e+01   5.6539e-02   1.5784e+00   2.9944e+02
20260625_05:00:00   2.1547e-01   5.6111e+01   2.6110e+01   0.0000e+00   6.0520e-01   2.9874e+02
20260625_06:00:00   2.2404e-01   5.8100e+01   2.5033e+01   2.0698e-02   1.0505e-01   2.9710e+02
20260625_07:00:00   1.9959e-01   5.2854e+01   2.4239e+01   0.0000e+00   1.8581e-03   2.9687e+02
20260625_08:00:00   1.9774e-01   5.2427e+01   2.4050e+01   0.0000e+00   1.0216e-04   2.9856e+02
20260625_09:00:00   1.9783e-01   5.2421e+01   2.4054e+01   0.0000e+00   4.8875e-03   2.9972e+02
20260625_10:00:00   1.9624e-01   5.2067e+01   2.3634e+01   0.0000e+00   3.1942e-04   2.9958e+02
20260625_11:00:00   1.9573e-01   5.1966e+01   2.3480e+01   0.0000e+00   1.0066e-06   2.9877e+02
20260625_12:00:00   1.9494e-01   5.1780e+01   2.3347e+01   0.0000e+00   8.3022e-03   2.9890e+02
20260625_13:00:00   1.9432e-01   5.1629e+01   2.3231e+01   0.0000e+00   3.9200e-06   2.9900e+02
20260625_14:00:00   1.9218e-01   5.1154e+01   2.3060e+01   0.0000e+00   0.0000e+00   2.9679e+02
20260625_15:00:00   1.9313e-01   5.1412e+01   2.3231e+01   0.0000e+00   0.0000e+00   2.9769e+02
20260625_16:00:00   1.9835e-01   5.2681e+01   2.3778e+01   5.4360e-05   0.0000e+00   2.9847e+02
20260625_17:00:00   2.1139e-01   5.5579e+01   2.3564e+01   1.8941e-02   2.1645e-04   3.0005e+02
20260625_18:00:00   2.0483e-01   5.3991e+01   2.2551e+01   2.4878e-02   3.7836e-03   2.9969e+02
20260625_19:00:00   2.0296e-01   5.3443e+01   2.1857e+01   3.0947e-02   1.2926e-02   2.9788e+02
20260625_20:00:00   1.8749e-01   5.0042e+01   2.1201e+01   2.0541e-02   2.0087e-02   2.9835e+02
20260625_21:00:00   8.6759e-01   1.5792e+02   2.7055e+01   7.3021e-01   1.3891e+00   2.9875e+02
20260625_22:00:00   1.8628e-01   5.0039e+01   2.2220e+01   4.7583e-03   6.7364e-02   2.9737e+02
20260625_23:00:00   1.8396e-01   4.9650e+01   2.1783e+01   5.6099e-03   2.0885e-02   2.9683e+02
20260626_00:00:00   1.1931e+00   1.9104e+02   2.5850e+01   1.1040e+00   2.5103e-01   2.9651e+02
20260626_01:00:00   2.2425e-01   5.8584e+01   2.4614e+01   1.8390e-02   4.1001e-03   2.9870e+02
20260626_02:00:00   4.5695e-01   1.0261e+02   2.9845e+01   2.2968e-01   1.6353e+00   2.9901e+02
20260626_03:00:00   2.3044e-01   5.9658e+01   2.7681e+01   2.9521e-04   1.8924e-01   2.9664e+02
20260626_04:00:00   2.0937e-01   5.5100e+01   2.4941e+01   0.0000e+00   1.2615e-03   2.9768e+02
20260626_05:00:00   1.9120e-01   5.1070e+01   2.2638e+01   0.0000e+00   1.1576e-02   2.9968e+02
20260626_06:00:00   1.8324e-01   4.9295e+01   2.1411e+01   0.0000e+00   9.0300e-07   2.9886e+02
20260626_07:00:00   1.9076e-01   5.0954e+01   2.2248e+01   0.0000e+00   3.2420e-05   2.9886e+02
20260626_08:00:00   1.9209e-01   5.1225e+01   2.2513e+01   0.0000e+00   3.7424e-04   2.9803e+02
20260626_09:00:00   2.0197e-01   5.3411e+01   2.2855e+01   6.4761e-03   6.0171e-03   2.9630e+02
20260626_10:00:00   1.9052e-01   5.0862e+01   2.2039e+01   7.0871e-04   0.0000e+00   2.9530e+02
20260626_11:00:00   1.9118e-01   5.0996e+01   2.1981e+01   1.0752e-03   4.0260e-06   2.9634e+02
20260626_12:00:00   1.8076e-01   4.8673e+01   2.0666e+01   0.0000e+00   0.0000e+00   2.9636e+02
20260626_13:00:00   1.7695e-01   4.7780e+01   2.0549e+01   0.0000e+00   0.0000e+00   2.9667e+02
20260626_14:00:00   1.7308e-01   4.6895e+01   2.0282e+01   0.0000e+00   0.0000e+00   2.9600e+02
20260626_15:00:00   1.7703e-01   4.7861e+01   2.0785e+01   0.0000e+00   1.6126e-07   2.9781e+02
20260626_16:00:00   1.8170e-01   4.9011e+01   2.1341e+01   0.0000e+00   1.4488e-03   2.9939e+02
20260626_17:00:00   1.8779e-01   5.0436e+01   2.1397e+01   6.7140e-03   1.4161e-03   3.0135e+02
20260626_18:00:00   1.8059e-01   4.8832e+01   2.0775e+01   4.8620e-03   1.0565e-03   3.0132e+02
20260626_19:00:00   1.7083e-01   4.6616e+01   1.9819e+01   3.5037e-03   1.4238e-03   3.0085e+02
20260626_20:00:00   1.7597e-01   4.7829e+01   2.0935e+01   2.2342e-03   2.2527e-03   2.9992e+02
20260626_21:00:00   1.9261e-01   5.1392e+01   2.1159e+01   2.2672e-02   6.6739e-03   3.0103e+02
20260626_22:00:00   3.5917e-01   8.5099e+01   2.3468e+01   1.9127e-01   2.7896e-01   3.0088e+02
20260626_23:00:00   1.8726e-01   5.0283e+01   2.2184e+01   9.3085e-03   3.7632e-02   3.0068e+02
20260627_00:00:00   1.7904e-01   4.8552e+01   2.1773e+01   1.5338e-04   1.7373e-02   2.9991e+02
20260627_01:00:00   1.9442e-01   5.1828e+01   2.1929e+01   1.8810e-02   3.4911e-02   3.0122e+02
20260627_02:00:00   2.5085e-01   6.3639e+01   2.6925e+01   3.4493e-02   5.1374e-01   3.0135e+02
20260627_03:00:00   1.8327e-01   4.9337e+01   2.2203e+01   0.0000e+00   3.0619e-02   3.0214e+02
20260627_04:00:00   1.7368e-01   4.7155e+01   2.0923e+01   0.0000e+00   8.4593e-03   3.0216e+02
20260627_05:00:00   1.6633e-01   4.5474e+01   1.9919e+01   0.0000e+00   1.6809e-05   3.0261e+02
20260627_06:00:00   1.6685e-01   4.5537e+01   1.9958e+01   0.0000e+00   1.4342e-07   3.0280e+02
20260627_07:00:00   1.7121e-01   4.6466e+01   2.0612e+01   0.0000e+00   7.2080e-06   3.0320e+02
20260627_08:00:00   1.6640e-01   4.5302e+01   2.0037e+01   0.0000e+00   0.0000e+00   3.0577e+02
20260627_09:00:00   1.5870e-01   4.3475e+01   1.8989e+01   0.0000e+00   0.0000e+00   3.0653e+02
20260627_10:00:00   1.5382e-01   4.2297e+01   1.8240e+01   0.0000e+00   0.0000e+00   3.0663e+02
20260627_11:00:00   1.4965e-01   4.1312e+01   1.7518e+01   0.0000e+00   0.0000e+00   3.1107e+02
20260627_12:00:00   1.4822e-01   4.0897e+01   1.7458e+01   0.0000e+00   0.0000e+00   3.1162e+02
20260627_13:00:00   1.4781e-01   4.0755e+01   1.7463e+01   0.0000e+00   0.0000e+00   3.1202e+02
20260627_14:00:00   1.4606e-01   4.0325e+01   1.7266e+01   0.0000e+00   0.0000e+00   3.1319e+02
20260627_15:00:00   1.4724e-01   4.0624e+01   1.7371e+01   0.0000e+00   0.0000e+00   3.1354e+02
20260627_16:00:00   1.4932e-01   4.1133e+01   1.7801e+01   0.0000e+00   4.6840e-07   3.1440e+02
20260627_17:00:00   1.4662e-01   4.0548e+01   1.7552e+01   0.0000e+00   4.1360e-06   3.1599e+02
20260627_18:00:00   1.4040e-01   3.9118e+01   1.6818e+01   0.0000e+00   2.6160e-06   3.1569e+02
20260627_19:00:00   1.3308e-01   3.7436e+01   1.5880e+01   0.0000e+00   0.0000e+00   3.1537e+02
20260627_20:00:00   1.2589e-01   3.5683e+01   1.5028e+01   0.0000e+00   0.0000e+00   3.1407e+02
20260627_21:00:00   1.2625e-01   3.5736e+01   1.5296e+01   2.4060e-05   4.2563e-05   3.1146e+02
20260627_22:00:00   1.2713e-01   3.5955e+01   1.5539e+01   6.4430e-05   2.5960e-03   3.0944e+02
20260627_23:00:00   1.2925e-01   3.6465e+01   1.5978e+01   2.0420e-05   1.2274e-03   3.1118e+02
20260628_00:00:00   1.3005e-01   3.6634e+01   1.6158e+01   2.9839e-04   4.9542e-03   3.1182e+02
20260628_03:00:00   1.2344e-01   3.5048e+01   1.4863e+01   0.0000e+00   3.9075e-03   3.0856e+02
20260628_06:00:00   1.2384e-01   3.5222e+01   1.4319e+01   0.0000e+00   0.0000e+00   3.0958e+02
20260628_09:00:00   1.3137e-01   3.6883e+01   1.5163e+01   0.0000e+00   0.0000e+00   3.0056e+02
20260628_12:00:00   1.2331e-01   3.4948e+01   1.3704e+01   0.0000e+00   0.0000e+00   3.0087e+02
20260628_15:00:00   1.1458e-01   3.2747e+01   1.2433e+01   0.0000e+00   0.0000e+00   3.0120e+02
20260628_18:00:00   1.1083e-01   3.1794e+01   1.2300e+01   0.0000e+00   0.0000e+00   2.9685e+02
20260628_21:00:00   1.1815e-01   3.3749e+01   1.3725e+01   0.0000e+00   0.0000e+00   2.9682e+02
20260629_00:00:00   1.4035e-01   3.9009e+01   1.6986e+01   2.7200e-03   7.7127e-02   2.9466e+02
20260629_03:00:00   1.2200e-01   3.4525e+01   1.4497e+01   0.0000e+00   8.4620e-03   2.9630e+02
20260629_06:00:00   1.2012e-01   3.4111e+01   1.3711e+01   0.0000e+00   0.0000e+00   2.9227e+02
20260629_09:00:00   1.3050e-01   3.6536e+01   1.5045e+01   0.0000e+00   0.0000e+00   2.8762e+02
20260629_12:00:00   1.3460e-01   3.7460e+01   1.5427e+01   0.0000e+00   0.0000e+00   2.8812e+02
20260629_15:00:00   1.4040e-01   3.9074e+01   1.5719e+01   0.0000e+00   0.0000e+00   2.8923e+02
20260629_18:00:00   1.3241e-01   3.7271e+01   1.4906e+01   0.0000e+00   0.0000e+00   2.8839e+02
20260629_21:00:00   1.3623e-01   3.8234e+01   1.6003e+01   0.0000e+00   8.0540e-07   2.8902e+02
20260630_00:00:00   1.2953e-01   3.6572e+01   1.5648e+01   1.2482e-04   7.3132e-03   2.8935e+02
20260630_03:00:00   1.3344e-01   3.7407e+01   1.6235e+01   7.6360e-04   2.7549e-02   2.8845e+02
20260630_06:00:00   1.4438e-01   3.9813e+01   1.6346e+01   9.6740e-03   2.0887e-02   2.8784e+02
20260630_09:00:00   1.4333e-01   3.9753e+01   1.6812e+01   0.0000e+00   3.3504e-03   2.8619e+02
20260630_12:00:00   1.3638e-01   3.8002e+01   1.5769e+01   0.0000e+00   1.4729e-02   2.8925e+02
20260630_15:00:00   1.4235e-01   3.9569e+01   1.6332e+01   0.0000e+00   1.8898e-03   2.8883e+02
20260630_18:00:00   1.3915e-01   3.8919e+01   1.6514e+01   0.0000e+00   1.5232e-03   2.8711e+02
20260630_21:00:00   1.4760e-01   4.0859e+01   1.7337e+01   8.9719e-03   2.2037e-02   2.8566e+02
20260701_00:00:00   1.5776e-01   4.3339e+01   1.9368e+01   5.0580e-03   2.8988e-02   2.8710e+02
20260701_03:00:00   2.8236e-01   7.0032e+01   2.2375e+01   1.1467e-01   8.0074e-02   2.8962e+02
20260701_06:00:00   1.6564e-01   4.5229e+01   2.0404e+01   0.0000e+00   6.5763e-03   2.9017e+02
20260701_09:00:00   1.6669e-01   4.5195e+01   2.0992e+01   0.0000e+00   5.5002e-03   2.9045e+02
20260701_12:00:00   1.7198e-01   4.6419e+01   2.1311e+01   0.0000e+00   4.9740e-03   2.9178e+02
20260701_15:00:00   1.7470e-01   4.7160e+01   2.1649e+01   0.0000e+00   4.1708e-04   2.9524e+02
20260701_18:00:00   1.7666e-01   4.7779e+01   2.2290e+01   4.0260e-06   1.2743e-04   2.9521e+02
20260701_21:00:00   1.7445e-01   4.7325e+01   2.1489e+01   6.6955e-03   1.7252e-03   2.9642e+02
20260702_00:00:00   2.3105e-01   5.9869e+01   2.6467e+01   2.0161e-02   2.0116e-01   2.9643e+02
20260702_03:00:00   1.9613e-01   5.2355e+01   2.4102e+01   1.7154e-03   9.3756e-04   2.9608e+02
20260702_06:00:00   2.0879e-01   5.5198e+01   2.5649e+01   3.0101e-05   3.1623e-02   2.9610e+02
20260702_09:00:00   2.0565e-01   5.4524e+01   2.4249e+01   0.0000e+00   8.0540e-07   2.9597e+02
20260702_12:00:00   1.9017e-01   5.1107e+01   2.1601e+01   0.0000e+00   0.0000e+00   2.9833e+02
20260702_15:00:00   1.7989e-01   4.8726e+01   2.0446e+01   0.0000e+00   0.0000e+00   2.9479e+02
20260702_18:00:00   1.6683e-01   4.5909e+01   1.8952e+01   7.5500e-04   2.4160e-06   2.9321e+02
20260702_21:00:00   1.4787e-01   4.1343e+01   1.7689e+01   1.7294e-06   2.7229e-03   2.9402e+02
20260703_00:00:00   1.3660e-01   3.8446e+01   1.6729e+01   1.3330e-06   4.1428e-05   2.9375e+02
20260703_03:00:00   1.4541e-01   4.0485e+01   1.7728e+01   1.4094e-05   8.2787e-04   2.9471e+02
20260703_06:00:00   1.7163e-01   4.6502e+01   2.0702e+01   1.9452e-03   3.0262e-03   2.9828e+02
20260703_09:00:00   1.7635e-01   4.7632e+01   2.1140e+01   6.4621e-04   5.7981e-05   3.0328e+02
20260703_12:00:00   1.7827e-01   4.8052e+01   2.1264e+01   3.2260e-07   1.4190e-06   3.0585e+02
20260703_15:00:00   1.7985e-01   4.8431e+01   2.1496e+01   1.6812e-04   3.1000e-03   3.0905e+02
20260703_18:00:00   1.7539e-01   4.7493e+01   2.1341e+01   7.6043e-04   8.1550e-04   3.0668e+02
20260703_21:00:00   1.6253e-01   4.4399e+01   1.9879e+01   5.1245e-03   1.7524e-03   3.0899e+02
20260704_00:00:00   2.1703e-01   5.6858e+01   2.3621e+01   3.0463e-02   7.1202e-03   3.1171e+02
20260704_03:00:00   3.0026e-01   7.4233e+01   2.4691e+01   1.1107e-01   2.3877e-03   3.1434e+02
20260704_06:00:00   4.7451e-01   1.0616e+02   2.5984e+01   2.8919e-01   1.7469e-03   3.1148e+02
20260704_09:00:00   2.0687e-01   5.4730e+01   2.4035e+01   2.0880e-03   7.0320e-05   3.1482e+02
20260704_12:00:00   1.9922e-01   5.2896e+01   2.3881e+01   3.9991e-05   3.0260e-05   3.0940e+02
20260704_15:00:00   1.9875e-01   5.2884e+01   2.3757e+01   0.0000e+00   0.0000e+00   3.0912e+02
20260704_18:00:00   4.1032e-01   9.5271e+01   2.5065e+01   2.3116e-01   7.7461e-04   3.1033e+02
20260704_21:00:00   5.6113e-01   1.2008e+02   2.5331e+01   4.0374e-01   1.3306e-02   3.1081e+02
20260705_00:00:00   2.8342e-01   7.1181e+01   2.4865e+01   9.5637e-02   1.0718e-03   3.0635e+02
20260705_03:00:00   1.8585e-01   5.0179e+01   2.3245e+01   1.3165e-03   6.4366e-03   3.0314e+02
20260705_06:00:00   2.0577e-01   5.4650e+01   2.4234e+01   1.1668e-02   2.6452e-03   3.0356e+02
20260705_09:00:00   2.4234e-01   6.2468e+01   2.4851e+01   4.4615e-02   2.1180e-03   3.0114e+02
20260705_12:00:00   2.0412e-01   5.4220e+01   2.4682e+01   1.0664e-03   2.7744e-05   3.0104e+02
20260705_15:00:00   2.0107e-01   5.3582e+01   2.4244e+01   1.6431e-03   1.1667e-05   3.0295e+02
20260705_18:00:00   2.3990e-01   6.2081e+01   2.3697e+01   5.5241e-02   1.0216e-02   3.0179e+02
20260705_21:00:00   2.0118e-01   5.3737e+01   2.4694e+01   2.5651e-03   2.2522e-01   3.0405e+02
20260706_00:00:00   1.8249e-01   4.9556e+01   2.3263e+01   0.0000e+00   8.6216e-03   3.0213e+02
20260706_03:00:00   2.6440e-01   6.7148e+01   2.6862e+01   6.0479e-02   1.4621e-02   3.0472e+02
20260706_06:00:00   5.7095e-01   1.2177e+02   3.2215e+01   3.4545e-01   2.3254e-01   3.0211e+02
20260706_09:00:00   2.3460e-01   6.0963e+01   2.9058e+01   0.0000e+00   3.2804e-01   3.0436e+02
20260706_12:00:00   2.3674e-01   6.1472e+01   2.9102e+01   1.9126e-04   8.9028e-03   3.0489e+02
20260706_15:00:00   2.3301e-01   6.0735e+01   2.8491e+01   0.0000e+00   2.4400e-04   3.0655e+02
20260706_18:00:00   2.4291e-01   6.3172e+01   2.9533e+01   5.8362e-03   8.0540e-07   3.0209e+02
20260706_21:00:00   6.0759e-01   1.2776e+02   3.2428e+01   3.9315e-01   6.2395e-01   3.0186e+02
20260707_00:00:00   2.0456e-01   5.4850e+01   2.6094e+01   0.0000e+00   2.4678e-02   3.0010e+02
20260707_03:00:00   6.6708e-01   1.3615e+02   3.1393e+01   4.7023e-01   2.5400e-01   3.0092e+02
20260707_06:00:00   4.1294e-01   9.6021e+01   3.1327e+01   1.7211e-01   2.0851e-02   3.0068e+02
20260707_09:00:00   2.3356e-01   6.0874e+01   2.8697e+01   0.0000e+00   1.2981e-02   2.9958e+02
20260707_12:00:00   2.3439e-01   6.0997e+01   2.8807e+01   0.0000e+00   1.3787e-02   3.0212e+02
20260707_15:00:00   2.3901e-01   6.1968e+01   2.9529e+01   0.0000e+00   3.3065e-02   3.0341e+02
20260707_18:00:00   2.3381e-01   6.1130e+01   2.9361e+01   3.3082e-04   2.0170e-03   3.0014e+02
20260707_21:00:00   3.0774e-01   7.6352e+01   3.0267e+01   7.5409e-02   3.9816e-01   3.0041e+02
20260708_00:00:00   3.8128e-01   8.9475e+01   2.9424e+01   1.7392e-01   4.0318e-01   3.0131e+02
20260708_03:00:00   3.7010e-01   8.8144e+01   3.0691e+01   1.3384e-01   1.7715e-01   2.9963e+02
20260708_06:00:00   2.2553e-01   5.9282e+01   2.7638e+01   0.0000e+00   7.2218e-03   2.9735e+02
20260708_09:00:00   2.4065e-01   6.2364e+01   2.9569e+01   0.0000e+00   1.0853e-02   2.9967e+02
20260708_12:00:00   2.2278e-01   5.8428e+01   2.7202e+01   5.7500e-04   1.3102e-03   2.9782e+02
20260708_15:00:00   2.0638e-01   5.4942e+01   2.5424e+01   0.0000e+00   3.8780e-05   3.0008e+02
20260708_18:00:00   1.8657e-01   5.0675e+01   2.3315e+01   0.0000e+00   4.1926e-07   3.0041e+02
20260708_21:00:00   1.8540e-01   5.0324e+01   2.2785e+01   3.8453e-03   3.3735e-02   2.9917e+02
20260709_00:00:00   2.1101e-01   5.5951e+01   2.6456e+01   1.3880e-03   8.5550e-02   2.9774e+02
