#            date       tau255        Tb[K]      pwv[mm] lwp[kg*m^-2] iwp[kg*m^-2]       o3[DU]
20260307_18:00:00   6.1771e-02   1.8231e+01   2.8856e+00   0.0000e+00   0.0000e+00   3.3340e+02
20260307_19:00:00   6.1697e-02   1.8241e+01   2.9437e+00   0.0000e+00   0.0000e+00   3.3438e+02
20260307_20:00:00   6.1624e-02   1.8248e+01   3.0083e+00   0.0000e+00   0.0000e+00   3.3422e+02
20260307_21:00:00   6.1705e-02   1.8298e+01   3.0776e+00   0.0000e+00   0.0000e+00   3.3676e+02
20260307_22:00:00   6.1654e-02   1.8297e+01   3.1085e+00   0.0000e+00   0.0000e+00   3.4239e+02
20260307_23:00:00   6.1000e-02   1.8149e+01   3.0256e+00   0.0000e+00   0.0000e+00   3.4430e+02
20260308_00:00:00   6.0573e-02   1.8060e+01   2.9508e+00   0.0000e+00   0.0000e+00   3.4366e+02
20260308_01:00:00   6.0701e-02   1.8100e+01   2.9517e+00   0.0000e+00   0.0000e+00   3.3845e+02
20260308_02:00:00   5.9964e-02   1.7915e+01   2.8237e+00   0.0000e+00   0.0000e+00   3.2991e+02
20260308_03:00:00   6.0516e-02   1.8058e+01   2.9120e+00   0.0000e+00   0.0000e+00   3.2523e+02
20260308_04:00:00   6.2938e-02   1.8670e+01   3.2929e+00   0.0000e+00   0.0000e+00   3.1893e+02
20260308_05:00:00   6.5028e-02   1.9206e+01   3.6095e+00   0.0000e+00   0.0000e+00   3.1530e+02
20260308_06:00:00   6.5252e-02   1.9277e+01   3.6115e+00   0.0000e+00   0.0000e+00   3.1373e+02
20260308_07:00:00   6.5443e-02   1.9326e+01   3.6289e+00   0.0000e+00   0.0000e+00   3.1267e+02
20260308_08:00:00   6.4463e-02   1.9096e+01   3.4639e+00   0.0000e+00   0.0000e+00   3.1150e+02
20260308_09:00:00   6.4106e-02   1.9008e+01   3.4089e+00   0.0000e+00   0.0000e+00   3.0962e+02
20260308_10:00:00   6.4163e-02   1.9021e+01   3.4355e+00   0.0000e+00   0.0000e+00   3.0809e+02
20260308_11:00:00   6.2954e-02   1.8728e+01   3.2622e+00   0.0000e+00   0.0000e+00   3.0764e+02
20260308_12:00:00   6.2297e-02   1.8562e+01   3.1533e+00   0.0000e+00   0.0000e+00   3.0622e+02
20260308_13:00:00   6.1890e-02   1.8461e+01   3.0848e+00   0.0000e+00   0.0000e+00   3.0402e+02
20260308_14:00:00   6.1622e-02   1.8386e+01   3.0351e+00   0.0000e+00   0.0000e+00   3.0135e+02
20260308_15:00:00   6.0551e-02   1.8129e+01   2.8745e+00   0.0000e+00   0.0000e+00   3.0204e+02
20260308_16:00:00   5.9712e-02   1.7932e+01   2.7574e+00   0.0000e+00   0.0000e+00   3.0514e+02
20260308_17:00:00   5.9391e-02   1.7871e+01   2.7300e+00   0.0000e+00   0.0000e+00   3.0594e+02
20260308_18:00:00   5.9929e-02   1.8034e+01   2.8593e+00   0.0000e+00   0.0000e+00   3.0224e+02
20260308_19:00:00   6.0407e-02   1.8183e+01   3.0073e+00   0.0000e+00   0.0000e+00   3.0274e+02
20260308_20:00:00   5.9696e-02   1.8031e+01   2.9998e+00   0.0000e+00   0.0000e+00   2.9802e+02
20260308_21:00:00   5.7837e-02   1.7568e+01   2.7464e+00   0.0000e+00   0.0000e+00   2.9651e+02
20260308_22:00:00   5.7087e-02   1.7376e+01   2.6294e+00   0.0000e+00   0.0000e+00   2.9956e+02
20260308_23:00:00   5.7142e-02   1.7384e+01   2.6307e+00   0.0000e+00   0.0000e+00   3.0114e+02
20260309_00:00:00   5.7587e-02   1.7497e+01   2.6893e+00   0.0000e+00   0.0000e+00   3.0303e+02
20260309_01:00:00   5.9869e-02   1.8081e+01   3.0585e+00   0.0000e+00   0.0000e+00   3.0576e+02
20260309_02:00:00   6.0416e-02   1.8230e+01   3.1356e+00   0.0000e+00   0.0000e+00   3.0606e+02
20260309_03:00:00   6.0410e-02   1.8223e+01   3.1327e+00   0.0000e+00   0.0000e+00   3.0493e+02
20260309_04:00:00   6.5272e-02   1.9450e+01   3.9586e+00   0.0000e+00   0.0000e+00   3.0405e+02
20260309_05:00:00   6.4613e-02   1.9291e+01   3.8143e+00   0.0000e+00   0.0000e+00   3.0484e+02
20260309_06:00:00   6.5423e-02   1.9492e+01   3.9149e+00   0.0000e+00   0.0000e+00   3.0669e+02
20260309_07:00:00   6.6498e-02   1.9748e+01   4.0565e+00   0.0000e+00   0.0000e+00   3.0611e+02
20260309_08:00:00   6.5003e-02   1.9380e+01   3.8039e+00   0.0000e+00   0.0000e+00   3.0655e+02
20260309_09:00:00   6.3201e-02   1.8937e+01   3.5016e+00   0.0000e+00   0.0000e+00   3.0750e+02
20260309_10:00:00   6.3116e-02   1.8921e+01   3.4658e+00   0.0000e+00   0.0000e+00   3.0627e+02
20260309_11:00:00   6.3113e-02   1.8921e+01   3.4777e+00   0.0000e+00   0.0000e+00   3.0436e+02
20260309_12:00:00   6.1606e-02   1.8543e+01   3.2261e+00   0.0000e+00   0.0000e+00   3.0255e+02
20260309_13:00:00   6.2723e-02   1.8818e+01   3.4491e+00   0.0000e+00   0.0000e+00   2.9991e+02
20260309_14:00:00   6.4170e-02   1.9176e+01   3.7305e+00   0.0000e+00   0.0000e+00   2.9429e+02
20260309_15:00:00   6.6293e-02   1.9713e+01   4.1357e+00   0.0000e+00   0.0000e+00   2.8922e+02
20260309_16:00:00   6.9442e-02   2.0524e+01   4.7351e+00   0.0000e+00   0.0000e+00   2.8834e+02
20260309_17:00:00   7.2764e-02   2.1387e+01   5.3173e+00   0.0000e+00   0.0000e+00   2.8827e+02
20260309_18:00:00   7.5629e-02   2.2122e+01   5.8642e+00   0.0000e+00   0.0000e+00   2.9114e+02
20260309_19:00:00   7.4031e-02   2.1759e+01   5.6715e+00   0.0000e+00   0.0000e+00   2.9928e+02
20260309_20:00:00   7.0612e-02   2.0922e+01   5.1093e+00   0.0000e+00   0.0000e+00   3.0503e+02
20260309_21:00:00   6.9079e-02   2.0550e+01   4.8230e+00   0.0000e+00   0.0000e+00   3.0578e+02
20260309_22:00:00   7.1266e-02   2.1126e+01   5.1167e+00   0.0000e+00   0.0000e+00   3.0479e+02
20260309_23:00:00   7.8322e-02   2.2916e+01   6.1743e+00   0.0000e+00   0.0000e+00   3.0312e+02
20260310_00:00:00   8.1546e-02   2.3722e+01   6.6546e+00   0.0000e+00   0.0000e+00   3.0425e+02
20260310_01:00:00   8.3239e-02   2.4135e+01   6.9115e+00   0.0000e+00   0.0000e+00   3.0468e+02
20260310_02:00:00   8.4365e-02   2.4397e+01   7.0868e+00   0.0000e+00   0.0000e+00   3.0528e+02
20260310_03:00:00   8.9208e-02   2.5528e+01   7.8977e+00   0.0000e+00   1.4430e-04   2.9892e+02
20260310_04:00:00   9.0059e-02   2.5728e+01   7.9932e+00   0.0000e+00   3.0301e-03   2.9478e+02
20260310_05:00:00   9.0319e-02   2.5793e+01   8.0079e+00   0.0000e+00   5.6783e-04   2.9457e+02
20260310_06:00:00   9.0879e-02   2.5911e+01   8.0451e+00   0.0000e+00   7.5762e-04   2.9768e+02
20260310_07:00:00   9.1590e-02   2.6068e+01   8.2267e+00   0.0000e+00   0.0000e+00   2.9908e+02
20260310_08:00:00   9.6141e-02   2.7088e+01   9.0786e+00   0.0000e+00   5.9580e-04   3.0432e+02
20260310_09:00:00   1.0064e-01   2.8107e+01   9.7853e+00   0.0000e+00   9.1267e-02   3.1433e+02
20260310_10:00:00   1.1762e-01   3.2073e+01   1.1741e+01   0.0000e+00   4.8306e-01   3.1634e+02
20260310_11:00:00   2.1097e-01   5.3371e+01   1.4085e+01   8.1877e-02   5.3615e-01   3.2047e+02
20260310_12:00:00   1.3264e-01   3.5790e+01   1.3492e+01   3.8700e-06   1.0589e-01   3.2169e+02
20260310_13:00:00   1.3570e-01   3.6489e+01   1.3728e+01   0.0000e+00   1.3312e-01   3.2843e+02
20260310_14:00:00   1.2529e-01   3.4101e+01   1.2477e+01   0.0000e+00   5.2284e-03   3.3135e+02
20260310_15:00:00   1.2905e-01   3.4925e+01   1.2895e+01   4.0260e-06   1.7693e-03   3.3640e+02
20260310_16:00:00   1.2126e-01   3.3161e+01   1.1826e+01   0.0000e+00   2.5865e-04   3.4266e+02
20260310_17:00:00   1.1386e-01   3.1421e+01   1.0937e+01   0.0000e+00   8.0681e-04   3.5309e+02
20260310_18:00:00   1.1853e-01   3.2442e+01   1.1601e+01   6.2130e-04   8.8920e-02   3.7104e+02
20260310_19:00:00   1.0503e-01   2.9292e+01   9.8642e+00   1.7314e-04   6.7584e-02   3.7596e+02
20260310_20:00:00   1.0911e-01   3.0296e+01   1.0527e+01   3.6040e-05   1.5044e-02   3.7376e+02
20260310_21:00:00   1.4621e-01   3.8920e+01   1.2138e+01   2.7542e-02   1.4045e-01   3.7528e+02
20260310_22:00:00   1.4001e-01   3.7524e+01   1.3422e+01   7.4093e-03   2.2025e-01   3.7433e+02
20260310_23:00:00   1.2877e-01   3.4915e+01   1.2899e+01   2.5645e-04   2.3428e-01   3.6984e+02
20260311_00:00:00   1.3453e-01   3.6225e+01   1.3059e+01   6.3252e-03   3.6125e-01   3.6915e+02
20260311_01:00:00   1.1978e-01   3.2795e+01   1.1973e+01   0.0000e+00   9.4291e-02   3.6433e+02
20260311_02:00:00   1.0978e-01   3.0423e+01   1.0641e+01   0.0000e+00   1.1704e-02   3.6231e+02
20260311_03:00:00   1.0252e-01   2.8675e+01   9.6700e+00   0.0000e+00   1.8338e-03   3.3554e+02
20260311_04:00:00   9.7111e-02   2.7388e+01   8.9146e+00   0.0000e+00   1.4412e-08   3.2622e+02
20260311_05:00:00   9.0996e-02   2.5889e+01   8.1176e+00   0.0000e+00   3.4756e-05   3.2162e+02
20260311_06:00:00   8.1876e-02   2.3616e+01   6.8152e+00   0.0000e+00   3.2260e-07   3.1567e+02
20260311_07:00:00   7.7160e-02   2.2421e+01   6.0043e+00   0.0000e+00   9.0120e-06   3.1001e+02
20260311_08:00:00   8.3404e-02   2.3928e+01   7.0111e+00   0.0000e+00   6.3080e-05   3.1016e+02
20260311_09:00:00   8.2620e-02   2.3756e+01   6.7528e+00   0.0000e+00   0.0000e+00   3.1007e+02
20260311_10:00:00   7.6548e-02   2.2263e+01   5.7400e+00   0.0000e+00   0.0000e+00   3.0733e+02
20260311_11:00:00   7.5002e-02   2.1872e+01   5.4582e+00   0.0000e+00   0.0000e+00   3.0595e+02
20260311_12:00:00   7.5396e-02   2.1967e+01   5.4803e+00   0.0000e+00   0.0000e+00   3.0604e+02
20260311_13:00:00   7.4790e-02   2.1813e+01   5.3362e+00   0.0000e+00   0.0000e+00   3.0514e+02
20260311_14:00:00   7.6114e-02   2.2129e+01   5.4754e+00   0.0000e+00   0.0000e+00   3.1021e+02
20260311_15:00:00   7.7526e-02   2.2475e+01   5.6337e+00   0.0000e+00   0.0000e+00   3.1293e+02
20260311_16:00:00   7.7772e-02   2.2532e+01   5.6892e+00   0.0000e+00   0.0000e+00   3.1499e+02
20260311_17:00:00   7.9846e-02   2.3054e+01   6.0151e+00   0.0000e+00   0.0000e+00   3.2158e+02
20260311_18:00:00   8.1787e-02   2.3565e+01   6.3156e+00   0.0000e+00   0.0000e+00   3.2611e+02
20260311_19:00:00   8.2537e-02   2.3787e+01   6.4604e+00   0.0000e+00   0.0000e+00   3.2916e+02
20260311_20:00:00   8.3139e-02   2.3959e+01   6.5820e+00   0.0000e+00   0.0000e+00   3.3012e+02
20260311_21:00:00   8.1099e-02   2.3478e+01   6.3222e+00   0.0000e+00   0.0000e+00   3.2894e+02
20260311_22:00:00   7.9124e-02   2.3000e+01   6.0598e+00   0.0000e+00   0.0000e+00   3.3200e+02
20260311_23:00:00   7.7518e-02   2.2613e+01   5.8337e+00   0.0000e+00   0.0000e+00   3.2976e+02
20260312_00:00:00   7.4918e-02   2.1974e+01   5.4537e+00   0.0000e+00   0.0000e+00   3.2649e+02
20260312_01:00:00   7.1113e-02   2.1027e+01   4.8556e+00   0.0000e+00   1.0428e-06   3.2808e+02
20260312_02:00:00   7.0560e-02   2.0873e+01   4.7560e+00   0.0000e+00   7.6414e-06   3.3287e+02
20260312_03:00:00   7.0640e-02   2.0867e+01   4.7623e+00   0.0000e+00   1.5239e-04   3.3640e+02
20260312_04:00:00   7.1412e-02   2.1044e+01   4.8487e+00   0.0000e+00   0.0000e+00   3.3755e+02
20260312_05:00:00   7.0719e-02   2.0858e+01   4.6431e+00   0.0000e+00   0.0000e+00   3.3788e+02
20260312_06:00:00   7.0910e-02   2.0881e+01   4.6365e+00   0.0000e+00   0.0000e+00   3.3452e+02
20260312_07:00:00   7.0088e-02   2.0658e+01   4.5488e+00   0.0000e+00   0.0000e+00   3.2880e+02
20260312_08:00:00   6.7469e-02   2.0001e+01   4.1609e+00   0.0000e+00   0.0000e+00   3.2725e+02
20260312_09:00:00   6.7310e-02   1.9961e+01   4.1444e+00   0.0000e+00   0.0000e+00   3.2423e+02
20260312_10:00:00   6.7481e-02   1.9998e+01   4.1819e+00   0.0000e+00   0.0000e+00   3.2514e+02
20260312_11:00:00   6.7579e-02   2.0024e+01   4.2120e+00   0.0000e+00   0.0000e+00   3.2489e+02
20260312_12:00:00   6.7360e-02   1.9980e+01   4.1827e+00   0.0000e+00   0.0000e+00   3.2361e+02
20260312_13:00:00   6.6840e-02   1.9859e+01   4.0829e+00   0.0000e+00   0.0000e+00   3.2517e+02
20260312_14:00:00   6.6667e-02   1.9815e+01   4.0445e+00   0.0000e+00   0.0000e+00   3.2600e+02
20260312_15:00:00   6.7143e-02   1.9943e+01   4.1428e+00   0.0000e+00   0.0000e+00   3.2629e+02
20260312_16:00:00   6.9056e-02   2.0431e+01   4.4907e+00   0.0000e+00   0.0000e+00   3.2687e+02
20260312_17:00:00   7.1040e-02   2.0941e+01   4.8690e+00   0.0000e+00   0.0000e+00   3.2554e+02
20260312_18:00:00   7.1559e-02   2.1099e+01   5.0011e+00   0.0000e+00   0.0000e+00   3.2237e+02
20260312_21:00:00   7.1015e-02   2.1066e+01   4.9438e+00   0.0000e+00   3.6020e-08   3.1400e+02
20260313_00:00:00   6.6931e-02   2.0052e+01   4.4231e+00   0.0000e+00   0.0000e+00   3.1632e+02
20260313_03:00:00   6.4614e-02   1.9413e+01   3.9919e+00   0.0000e+00   0.0000e+00   3.1727e+02
20260313_06:00:00   6.2285e-02   1.8810e+01   3.5487e+00   0.0000e+00   0.0000e+00   3.1429e+02
20260313_09:00:00   6.5290e-02   1.9546e+01   4.0871e+00   0.0000e+00   0.0000e+00   3.0830e+02
20260313_12:00:00   6.8828e-02   2.0429e+01   4.7392e+00   0.0000e+00   0.0000e+00   3.0767e+02
20260313_15:00:00   6.7590e-02   2.0123e+01   4.4976e+00   0.0000e+00   0.0000e+00   3.0385e+02
20260313_18:00:00   6.8776e-02   2.0460e+01   4.8757e+00   0.0000e+00   0.0000e+00   3.0168e+02
20260313_21:00:00   6.7728e-02   2.0212e+01   4.9059e+00   0.0000e+00   1.9715e-03   2.9917e+02
20260314_00:00:00   6.9801e-02   2.0735e+01   5.2125e+00   0.0000e+00   7.6221e-04   3.0110e+02
20260314_03:00:00   6.7705e-02   2.0179e+01   4.7700e+00   0.0000e+00   3.3825e-03   2.9986e+02
20260314_06:00:00   6.8507e-02   2.0395e+01   4.8135e+00   0.0000e+00   5.1380e-04   2.9679e+02
20260314_09:00:00   6.7755e-02   2.0198e+01   4.6264e+00   0.0000e+00   0.0000e+00   2.9454e+02
20260314_12:00:00   6.7366e-02   2.0063e+01   4.5334e+00   0.0000e+00   1.0066e-06   2.8882e+02
20260314_15:00:00   6.6760e-02   1.9914e+01   4.3700e+00   0.0000e+00   0.0000e+00   2.9209e+02
20260314_18:00:00   6.7629e-02   2.0203e+01   4.5502e+00   0.0000e+00   0.0000e+00   2.9474e+02
20260314_21:00:00   6.7106e-02   2.0086e+01   4.5924e+00   0.0000e+00   0.0000e+00   2.9539e+02
20260315_00:00:00   7.0089e-02   2.0903e+01   5.0783e+00   0.0000e+00   0.0000e+00   2.9603e+02
20260315_03:00:00   6.3226e-02   1.9102e+01   3.8973e+00   0.0000e+00   4.5315e-05   2.9984e+02
20260315_06:00:00   6.6247e-02   1.9826e+01   4.4630e+00   0.0000e+00   3.4482e-03   3.0128e+02
20260315_09:00:00   6.9986e-02   2.0814e+01   4.8313e+00   0.0000e+00   0.0000e+00   3.0616e+02
20260315_12:00:00   6.7963e-02   2.0265e+01   4.5137e+00   0.0000e+00   0.0000e+00   3.1458e+02
20260315_15:00:00   7.5760e-02   2.2215e+01   5.9296e+00   0.0000e+00   1.9958e-05   3.1674e+02
20260315_18:00:00   7.7471e-02   2.2704e+01   6.5028e+00   0.0000e+00   1.5413e-03   3.1176e+02
20260315_21:00:00   7.8332e-02   2.2969e+01   6.8233e+00   0.0000e+00   3.5371e-03   3.1483e+02
20260316_00:00:00   8.1565e-02   2.3730e+01   7.4409e+00   0.0000e+00   6.8763e-04   3.2375e+02
20260316_03:00:00   8.7982e-02   2.5247e+01   8.3575e+00   0.0000e+00   1.4079e-04   3.1967e+02
20260316_06:00:00   9.4782e-02   2.6794e+01   9.3447e+00   0.0000e+00   1.1041e-03   3.2321e+02
20260316_09:00:00   9.8295e-02   2.7653e+01   9.9421e+00   0.0000e+00   1.4202e-03   3.3243e+02
20260316_12:00:00   1.0516e-01   2.9214e+01   1.0966e+01   9.8000e-07   1.0242e-02   3.3599e+02
20260316_15:00:00   1.0313e-01   2.8758e+01   1.0422e+01   0.0000e+00   3.8424e-03   3.3667e+02
20260316_18:00:00   1.0151e-01   2.8548e+01   1.0187e+01   0.0000e+00   6.6706e-04   3.3493e+02
20260316_21:00:00   1.0650e-01   2.9844e+01   1.1330e+01   0.0000e+00   3.5784e-02   3.3233e+02
20260317_00:00:00   1.0541e-01   2.9616e+01   1.1182e+01   0.0000e+00   3.4704e-03   3.2578e+02
20260317_03:00:00   1.0944e-01   3.0542e+01   1.1832e+01   0.0000e+00   5.3315e-03   3.2759e+02
20260317_06:00:00   1.1787e-01   3.2580e+01   1.2983e+01   0.0000e+00   8.0271e-04   3.2398e+02
20260317_09:00:00   1.2466e-01   3.4234e+01   1.3927e+01   0.0000e+00   4.1886e-04   3.1658e+02
20260317_12:00:00   1.1853e-01   3.2963e+01   1.2675e+01   0.0000e+00   8.6480e-04   3.1749e+02
20260317_15:00:00   1.1495e-01   3.2209e+01   1.1958e+01   0.0000e+00   6.4078e-05   3.1694e+02
20260317_18:00:00   1.1805e-01   3.3122e+01   1.2719e+01   0.0000e+00   4.7895e-04   3.0907e+02
20260317_21:00:00   1.2489e-01   3.4817e+01   1.4224e+01   0.0000e+00   4.7538e-04   3.0585e+02
20260318_00:00:00   1.3288e-01   3.6702e+01   1.5467e+01   0.0000e+00   2.4476e-02   3.0242e+02
20260318_03:00:00   1.2612e-01   3.5130e+01   1.4269e+01   0.0000e+00   2.5486e-03   3.0247e+02
20260318_06:00:00   1.0873e-01   3.1104e+01   1.0983e+01   0.0000e+00   3.6670e-03   3.0460e+02
20260318_09:00:00   9.5450e-02   2.7736e+01   8.7383e+00   0.0000e+00   1.8524e-03   3.0526e+02
20260318_12:00:00   9.0635e-02   2.6445e+01   7.9613e+00   0.0000e+00   6.2666e-03   3.0498e+02
20260318_15:00:00   7.9218e-02   2.3536e+01   6.3067e+00   0.0000e+00   1.6518e-03   3.0552e+02
20260318_18:00:00   8.1717e-02   2.3990e+01   7.4376e+00   0.0000e+00   3.1617e-03   3.0401e+02
20260318_21:00:00   8.9888e-02   2.6027e+01   8.9271e+00   4.4100e-06   1.1642e-02   3.0363e+02
20260319_00:00:00   9.8468e-02   2.8217e+01   9.9709e+00   0.0000e+00   1.0557e-02   3.0977e+02
20260319_03:00:00   1.0435e-01   2.9657e+01   1.0828e+01   0.0000e+00   4.1587e-03   3.0928e+02
20260319_06:00:00   1.0963e-01   3.0907e+01   1.1433e+01   0.0000e+00   8.0215e-03   3.0944e+02
20260319_09:00:00   1.1435e-01   3.2035e+01   1.2099e+01   0.0000e+00   3.6020e-08   3.1407e+02
20260319_12:00:00   1.0550e-01   2.9914e+01   1.0658e+01   0.0000e+00   0.0000e+00   3.1431e+02
20260319_15:00:00   9.7019e-02   2.7824e+01   9.5013e+00   0.0000e+00   1.1014e-02   3.1212e+02
20260319_18:00:00   9.6297e-02   2.7681e+01   9.8076e+00   0.0000e+00   3.0923e-06   3.0862e+02
20260319_21:00:00   9.9026e-02   2.8403e+01   1.0764e+01   0.0000e+00   3.3820e-03   3.0208e+02
20260320_00:00:00   1.0697e-01   3.0352e+01   1.2249e+01   0.0000e+00   1.1263e-02   2.9873e+02
20260320_03:00:00   1.0809e-01   3.0716e+01   1.2205e+01   0.0000e+00   4.4131e-03   2.9557e+02
20260320_06:00:00   1.0758e-01   3.0639e+01   1.2025e+01   0.0000e+00   1.4180e-02   2.9472e+02
20260320_09:00:00   1.0236e-01   2.9350e+01   1.1097e+01   0.0000e+00   3.0150e-03   2.8451e+02
20260320_12:00:00   1.0009e-01   2.8768e+01   1.0550e+01   0.0000e+00   9.2796e-03   2.8701e+02
20260320_15:00:00   9.0992e-02   2.6523e+01   8.9423e+00   0.0000e+00   6.3660e-03   2.8819e+02
20260320_18:00:00   8.3658e-02   2.4788e+01   7.6187e+00   0.0000e+00   1.2406e-03   2.8424e+02
20260320_21:00:00   8.3327e-02   2.4766e+01   7.9031e+00   0.0000e+00   1.8474e-04   2.8331e+02
20260321_00:00:00   7.7341e-02   2.3258e+01   6.9731e+00   0.0000e+00   0.0000e+00   2.8874e+02
20260321_03:00:00   6.8040e-02   2.0765e+01   5.1971e+00   0.0000e+00   0.0000e+00   2.8671e+02
20260321_06:00:00   6.9714e-02   2.1190e+01   5.2471e+00   0.0000e+00   1.4238e-05   2.8513e+02
20260321_09:00:00   6.7269e-02   2.0495e+01   4.9051e+00   0.0000e+00   7.5280e-04   2.8261e+02
20260321_12:00:00   6.6262e-02   2.0208e+01   4.6237e+00   0.0000e+00   2.0140e-06   2.8160e+02
20260321_15:00:00   6.3581e-02   1.9510e+01   4.0597e+00   0.0000e+00   4.0260e-06   2.8272e+02
20260321_18:00:00   5.8748e-02   1.8238e+01   3.4481e+00   0.0000e+00   1.7240e-05   2.8317e+02
20260321_21:00:00   5.9182e-02   1.8391e+01   3.5995e+00   0.0000e+00   0.0000e+00   2.8378e+02
20260322_00:00:00   5.9344e-02   1.8426e+01   3.6539e+00   0.0000e+00   0.0000e+00   2.8281e+02
20260322_03:00:00   6.3631e-02   1.9518e+01   4.3510e+00   0.0000e+00   0.0000e+00   2.8199e+02
20260322_06:00:00   6.7063e-02   2.0408e+01   4.7839e+00   0.0000e+00   0.0000e+00   2.8001e+02
20260322_09:00:00   6.9498e-02   2.1010e+01   5.0306e+00   0.0000e+00   0.0000e+00   2.8231e+02
20260322_12:00:00   7.3525e-02   2.1999e+01   5.7107e+00   0.0000e+00   0.0000e+00   2.8491e+02
20260322_15:00:00   7.7671e-02   2.3018e+01   6.2021e+00   0.0000e+00   0.0000e+00   2.8533e+02
20260322_18:00:00   8.3553e-02   2.4556e+01   7.2838e+00   0.0000e+00   0.0000e+00   2.8829e+02
20260322_21:00:00   7.9501e-02   2.3545e+01   6.9411e+00   0.0000e+00   0.0000e+00   2.8626e+02
20260323_00:00:00   7.9412e-02   2.3496e+01   7.0494e+00   0.0000e+00   0.0000e+00   2.8446e+02
20260323_03:00:00   1.0288e-01   2.9293e+01   1.0333e+01   0.0000e+00   1.0036e-05   2.8915e+02
20260323_06:00:00   1.1777e-01   3.2922e+01   1.1657e+01   0.0000e+00   0.0000e+00   2.8521e+02
20260323_09:00:00   1.2380e-01   3.4130e+01   1.1768e+01   7.0694e-04   0.0000e+00   2.8067e+02
20260323_12:00:00   1.4909e-01   4.0022e+01   1.0774e+01   3.5835e-02   0.0000e+00   2.8719e+02
20260323_15:00:00   1.3246e-01   3.6107e+01   9.3125e+00   3.1022e-02   2.1620e-05   2.9176e+02
20260323_18:00:00   1.0318e-01   2.9095e+01   9.2736e+00   0.0000e+00   0.0000e+00   2.8633e+02
