#            date       tau255        Tb[K]      pwv[mm] lwp[kg*m^-2] iwp[kg*m^-2]       o3[DU]
20260630_12:00:00   1.3247e-01   3.6767e+01   1.5116e+01   2.4102e-06   1.9810e-05   2.9710e+02
20260630_13:00:00   1.5002e-01   4.0955e+01   1.6735e+01   4.8281e-03   1.8606e-03   2.9970e+02
20260630_14:00:00   1.3921e-01   3.8530e+01   1.5629e+01   0.0000e+00   1.4100e-06   3.0235e+02
20260630_15:00:00   1.4451e-01   3.9767e+01   1.6378e+01   0.0000e+00   1.0638e-04   3.0010e+02
20260630_16:00:00   1.8677e-01   4.9423e+01   1.7889e+01   3.5698e-02   3.9922e-03   2.9632e+02
20260630_17:00:00   1.4540e-01   4.0265e+01   1.6505e+01   0.0000e+00   8.0540e-07   2.9367e+02
20260630_18:00:00   1.4541e-01   4.0287e+01   1.6625e+01   3.2167e-05   3.2216e-06   2.9203e+02
20260630_19:00:00   1.3695e-01   3.8248e+01   1.5681e+01   8.3860e-06   7.2680e-06   2.9328e+02
20260630_20:00:00   1.2963e-01   3.6448e+01   1.4796e+01   2.2580e-06   5.5475e-06   2.9740e+02
20260630_21:00:00   1.3928e-01   3.8829e+01   1.6289e+01   7.0960e-06   4.1285e-06   2.9967e+02
20260630_22:00:00   1.4165e-01   3.9449e+01   1.6959e+01   5.4205e-05   8.8542e-04   2.9928e+02
20260630_23:00:00   1.2440e-01   3.5146e+01   1.4849e+01   3.2987e-04   1.4082e-03   2.9810e+02
20260701_00:00:00   1.2466e-01   3.5161e+01   1.5012e+01   6.0100e-05   5.6380e-03   2.9835e+02
20260701_01:00:00   1.2794e-01   3.5916e+01   1.5436e+01   2.0140e-06   9.7204e-02   2.9861e+02
20260701_02:00:00   1.1617e-01   3.3073e+01   1.3645e+01   6.4500e-07   4.9317e-03   2.9973e+02
20260701_03:00:00   1.1918e-01   3.3724e+01   1.3852e+01   4.2920e-05   6.7501e-02   2.9822e+02
20260701_04:00:00   1.2083e-01   3.4142e+01   1.3948e+01   0.0000e+00   1.0559e-03   2.9699e+02
20260701_05:00:00   1.3080e-01   3.6573e+01   1.4808e+01   3.1580e-03   2.1238e-03   2.9840e+02
20260701_06:00:00   1.2631e-01   3.5534e+01   1.4319e+01   0.0000e+00   8.6216e-05   2.9741e+02
20260701_07:00:00   1.2145e-01   3.4257e+01   1.3585e+01   1.5492e-06   1.3792e-05   2.9692e+02
20260701_08:00:00   1.1991e-01   3.3829e+01   1.3349e+01   3.6020e-08   2.6260e-06   2.9615e+02
20260701_09:00:00   1.1975e-01   3.3799e+01   1.3250e+01   0.0000e+00   4.7020e-06   2.9567e+02
20260701_10:00:00   1.2034e-01   3.3919e+01   1.3248e+01   0.0000e+00   2.1940e-06   2.9394e+02
20260701_11:00:00   1.2317e-01   3.4588e+01   1.3575e+01   0.0000e+00   8.8880e-06   2.9523e+02
20260701_12:00:00   1.2315e-01   3.4574e+01   1.3536e+01   0.0000e+00   0.0000e+00   2.9794e+02
20260701_13:00:00   1.2554e-01   3.5149e+01   1.3807e+01   0.0000e+00   1.4418e-05   2.9888e+02
20260701_14:00:00   1.3179e-01   3.6695e+01   1.4591e+01   0.0000e+00   1.6106e-06   2.9923e+02
20260701_15:00:00   1.3179e-01   3.6759e+01   1.4507e+01   0.0000e+00   0.0000e+00   3.0006e+02
20260701_16:00:00   1.3000e-01   3.6389e+01   1.4235e+01   0.0000e+00   0.0000e+00   3.0119e+02
20260701_17:00:00   1.2260e-01   3.4665e+01   1.3315e+01   0.0000e+00   0.0000e+00   3.0092e+02
20260701_18:00:00   1.2146e-01   3.4433e+01   1.3325e+01   0.0000e+00   2.5800e-07   3.0219e+02
20260701_19:00:00   1.1806e-01   3.3547e+01   1.3072e+01   1.3804e-04   6.5922e-05   3.0259e+02
20260701_20:00:00   1.1105e-01   3.1824e+01   1.2140e+01   2.7720e-04   5.8244e-04   3.0363e+02
20260701_21:00:00   1.0928e-01   3.1419e+01   1.1929e+01   1.5250e-04   7.8744e-05   3.0515e+02
20260701_22:00:00   1.1434e-01   3.2657e+01   1.2883e+01   0.0000e+00   4.1900e-06   3.0471e+02
20260701_23:00:00   1.1703e-01   3.3294e+01   1.3585e+01   0.0000e+00   1.3594e-04   3.0602e+02
20260702_00:00:00   1.1388e-01   3.2395e+01   1.3200e+01   1.2244e-03   7.0039e-02   3.0762e+02
20260702_01:00:00   1.1907e-01   3.3750e+01   1.4154e+01   1.7294e-06   6.5676e-03   3.0469e+02
20260702_02:00:00   1.2442e-01   3.5127e+01   1.4445e+01   8.0620e-07   8.6923e-03   3.0534e+02
20260702_03:00:00   1.2480e-01   3.5265e+01   1.4443e+01   1.0878e-04   2.6363e-03   3.0629e+02
20260702_04:00:00   1.4305e-01   3.9874e+01   1.6302e+01   0.0000e+00   1.2830e-03   3.0698e+02
20260702_05:00:00   1.4525e-01   4.0403e+01   1.6054e+01   0.0000e+00   0.0000e+00   3.1056e+02
20260702_06:00:00   1.4010e-01   3.9123e+01   1.4961e+01   0.0000e+00   0.0000e+00   3.1546e+02
20260702_07:00:00   1.2184e-01   3.4572e+01   1.2558e+01   0.0000e+00   7.2080e-06   3.1513e+02
20260702_08:00:00   1.1873e-01   3.3711e+01   1.2400e+01   0.0000e+00   7.2080e-06   3.1550e+02
20260702_09:00:00   1.1068e-01   3.1619e+01   1.1423e+01   4.0260e-06   2.1281e-04   3.1451e+02
20260702_10:00:00   1.0540e-01   3.0338e+01   1.0516e+01   0.0000e+00   8.0540e-07   3.1541e+02
20260702_11:00:00   9.6832e-02   2.8143e+01   9.3521e+00   0.0000e+00   0.0000e+00   3.1744e+02
20260702_12:00:00   8.9807e-02   2.6302e+01   8.4619e+00   0.0000e+00   0.0000e+00   3.1564e+02
20260702_13:00:00   8.7984e-02   2.5816e+01   8.2568e+00   0.0000e+00   0.0000e+00   3.1472e+02
20260702_14:00:00   8.5308e-02   2.5167e+01   7.9103e+00   0.0000e+00   0.0000e+00   3.1642e+02
20260702_15:00:00   8.9885e-02   2.6393e+01   8.5822e+00   0.0000e+00   0.0000e+00   3.1524e+02
20260702_16:00:00   9.1581e-02   2.6854e+01   8.9067e+00   0.0000e+00   0.0000e+00   3.1138e+02
20260702_17:00:00   9.3108e-02   2.7289e+01   9.1931e+00   0.0000e+00   0.0000e+00   3.0892e+02
20260702_18:00:00   9.1400e-02   2.6888e+01   9.0441e+00   0.0000e+00   5.3240e-04   3.1007e+02
20260702_19:00:00   8.6612e-02   2.5671e+01   8.4194e+00   0.0000e+00   1.6898e-04   3.0865e+02
20260702_20:00:00   8.7485e-02   2.5913e+01   8.6635e+00   0.0000e+00   1.6126e-07   3.0835e+02
20260702_21:00:00   8.9447e-02   2.6431e+01   9.0305e+00   0.0000e+00   2.9025e-06   3.0879e+02
20260702_22:00:00   8.4190e-02   2.5066e+01   8.2713e+00   0.0000e+00   0.0000e+00   3.1204e+02
20260702_23:00:00   8.3738e-02   2.4930e+01   8.2775e+00   0.0000e+00   7.7400e-06   3.1288e+02
20260703_00:00:00   9.3621e-02   2.7466e+01   9.9703e+00   0.0000e+00   8.0620e-06   3.1667e+02
20260703_01:00:00   9.8139e-02   2.8567e+01   1.0761e+01   0.0000e+00   0.0000e+00   3.1784e+02
20260703_02:00:00   9.9888e-02   2.9026e+01   1.1034e+01   0.0000e+00   9.3520e-06   3.1679e+02
20260703_03:00:00   1.0882e-01   3.1249e+01   1.2358e+01   0.0000e+00   0.0000e+00   3.1479e+02
20260703_04:00:00   1.1632e-01   3.3122e+01   1.3387e+01   0.0000e+00   1.1670e-04   3.1435e+02
20260703_05:00:00   1.1662e-01   3.3253e+01   1.3313e+01   0.0000e+00   3.3621e-04   3.1578e+02
20260703_06:00:00   1.0750e-01   3.1035e+01   1.1838e+01   0.0000e+00   0.0000e+00   3.1421e+02
20260703_07:00:00   1.0296e-01   2.9958e+01   1.0926e+01   0.0000e+00   0.0000e+00   3.1129e+02
20260703_08:00:00   1.0105e-01   2.9499e+01   1.0411e+01   0.0000e+00   0.0000e+00   3.0951e+02
20260703_09:00:00   9.1407e-02   2.6986e+01   8.9016e+00   0.0000e+00   0.0000e+00   3.0972e+02
20260703_10:00:00   8.3091e-02   2.4787e+01   7.6046e+00   0.0000e+00   0.0000e+00   3.1100e+02
20260703_11:00:00   7.7480e-02   2.3281e+01   6.7726e+00   0.0000e+00   0.0000e+00   3.1124e+02
20260703_12:00:00   7.3867e-02   2.2323e+01   6.1785e+00   0.0000e+00   0.0000e+00   3.0927e+02
20260703_13:00:00   7.4934e-02   2.2589e+01   6.3132e+00   0.0000e+00   0.0000e+00   3.0776e+02
20260703_14:00:00   7.5314e-02   2.2686e+01   6.3916e+00   0.0000e+00   0.0000e+00   3.1037e+02
20260703_15:00:00   7.4237e-02   2.2398e+01   6.2805e+00   0.0000e+00   0.0000e+00   3.1093e+02
20260703_16:00:00   7.5474e-02   2.2741e+01   6.5231e+00   0.0000e+00   0.0000e+00   3.1259e+02
20260703_17:00:00   7.6256e-02   2.2966e+01   6.7110e+00   0.0000e+00   0.0000e+00   3.1089e+02
20260703_18:00:00   7.4052e-02   2.2408e+01   6.4146e+00   0.0000e+00   0.0000e+00   3.1146e+02
20260703_19:00:00   7.1908e-02   2.1854e+01   6.1460e+00   0.0000e+00   0.0000e+00   3.1020e+02
20260703_20:00:00   7.0118e-02   2.1389e+01   5.9144e+00   0.0000e+00   0.0000e+00   3.0989e+02
20260703_21:00:00   6.7787e-02   2.0790e+01   5.5209e+00   0.0000e+00   0.0000e+00   3.0896e+02
20260703_22:00:00   6.6539e-02   2.0477e+01   5.3155e+00   0.0000e+00   0.0000e+00   3.0878e+02
20260703_23:00:00   6.5657e-02   2.0253e+01   5.1761e+00   0.0000e+00   0.0000e+00   3.0940e+02
20260704_00:00:00   6.6583e-02   2.0507e+01   5.3880e+00   0.0000e+00   7.3380e-05   3.0702e+02
20260704_01:00:00   6.8297e-02   2.0954e+01   5.7155e+00   0.0000e+00   4.5280e-04   3.0399e+02
20260704_02:00:00   6.9438e-02   2.1240e+01   5.9224e+00   0.0000e+00   1.0158e-02   3.0486e+02
20260704_03:00:00   6.9118e-02   2.1134e+01   5.8687e+00   0.0000e+00   1.4556e-02   3.0589e+02
20260704_04:00:00   6.8474e-02   2.0942e+01   5.7416e+00   0.0000e+00   2.0357e-02   3.0558e+02
20260704_05:00:00   6.6143e-02   2.0303e+01   5.3250e+00   0.0000e+00   1.8182e-02   3.0599e+02
20260704_06:00:00   6.8175e-02   2.0769e+01   5.7563e+00   0.0000e+00   8.7530e-03   3.0503e+02
20260704_07:00:00   6.7591e-02   2.0622e+01   5.6097e+00   0.0000e+00   1.1828e-02   3.0597e+02
20260704_08:00:00   6.6701e-02   2.0406e+01   5.3970e+00   0.0000e+00   1.0021e-02   3.0658e+02
20260704_09:00:00   6.8566e-02   2.0873e+01   5.6961e+00   0.0000e+00   1.4387e-02   3.0782e+02
20260704_10:00:00   7.0844e-02   2.1430e+01   6.1401e+00   0.0000e+00   2.3023e-02   3.0895e+02
20260704_11:00:00   7.2281e-02   2.1748e+01   6.4771e+00   0.0000e+00   4.3243e-02   3.1535e+02
20260704_12:00:00   7.4296e-02   2.2223e+01   6.9184e+00   0.0000e+00   4.8226e-02   3.1814e+02
20260704_13:00:00   7.7913e-02   2.3119e+01   7.5823e+00   0.0000e+00   1.9607e-02   3.2146e+02
20260704_14:00:00   8.1154e-02   2.3925e+01   8.1681e+00   0.0000e+00   9.3051e-03   3.2318e+02
20260704_15:00:00   8.4489e-02   2.4760e+01   8.7666e+00   0.0000e+00   1.4861e-02   3.2202e+02
20260704_16:00:00   8.7606e-02   2.5550e+01   9.3072e+00   0.0000e+00   3.0225e-02   3.2199e+02
20260704_17:00:00   8.9987e-02   2.6166e+01   9.7627e+00   0.0000e+00   3.6602e-02   3.2402e+02
20260704_18:00:00   9.1436e-02   2.6544e+01   1.0057e+01   0.0000e+00   6.4792e-02   3.2743e+02
20260704_19:00:00   9.2531e-02   2.6835e+01   1.0299e+01   0.0000e+00   8.8630e-02   3.2707e+02
20260704_20:00:00   9.3185e-02   2.7026e+01   1.0495e+01   0.0000e+00   3.0974e-02   3.2822e+02
20260704_21:00:00   9.3013e-02   2.7025e+01   1.0525e+01   0.0000e+00   1.4710e-02   3.2562e+02
20260704_22:00:00   9.2979e-02   2.7064e+01   1.0553e+01   0.0000e+00   1.3608e-02   3.2194e+02
20260704_23:00:00   9.2767e-02   2.7082e+01   1.0532e+01   0.0000e+00   9.2351e-03   3.2066e+02
20260705_00:00:00   9.3547e-02   2.7322e+01   1.0663e+01   0.0000e+00   8.5532e-03   3.1831e+02
20260705_01:00:00   9.8829e-02   2.8644e+01   1.1544e+01   0.0000e+00   6.5780e-02   3.1798e+02
20260705_02:00:00   1.0789e-01   3.0956e+01   1.3008e+01   0.0000e+00   1.5083e-02   3.1457e+02
20260705_03:00:00   1.0939e-01   3.1397e+01   1.3099e+01   0.0000e+00   1.2304e-03   3.1390e+02
20260705_04:00:00   1.0902e-01   3.1341e+01   1.2875e+01   0.0000e+00   2.3352e-04   3.1634e+02
20260705_05:00:00   1.1161e-01   3.2004e+01   1.3217e+01   0.0000e+00   1.2026e-03   3.1905e+02
20260705_06:00:00   1.1768e-01   3.3430e+01   1.4122e+01   0.0000e+00   1.5065e-03   3.1987e+02
20260705_07:00:00   1.1557e-01   3.2886e+01   1.3728e+01   0.0000e+00   1.5786e-03   3.1444e+02
20260705_08:00:00   1.1047e-01   3.1644e+01   1.2936e+01   0.0000e+00   1.6258e-03   3.1876e+02
20260705_09:00:00   1.0708e-01   3.0781e+01   1.2383e+01   0.0000e+00   1.3566e-03   3.2022e+02
20260705_10:00:00   1.0673e-01   3.0645e+01   1.2299e+01   0.0000e+00   4.3000e-04   3.1507e+02
20260705_11:00:00   1.0453e-01   3.0099e+01   1.1912e+01   0.0000e+00   1.3228e-05   3.1438e+02
20260705_12:00:00   1.0253e-01   2.9586e+01   1.1532e+01   0.0000e+00   9.6760e-07   3.1632e+02
20260705_15:00:00   1.0125e-01   2.9224e+01   1.1486e+01   0.0000e+00   6.7640e-04   3.1731e+02
20260705_18:00:00   1.0565e-01   3.0386e+01   1.2316e+01   2.5846e-04   1.0017e-03   3.2286e+02
20260705_21:00:00   2.2759e-01   5.7443e+01   1.8200e+01   9.3438e-02   7.0171e-01   3.1171e+02
20260706_00:00:00   1.3136e-01   3.6672e+01   1.6133e+01   8.3053e-04   4.1084e-01   3.0993e+02
20260706_03:00:00   1.3717e-01   3.8234e+01   1.6697e+01   0.0000e+00   1.2158e-01   3.0855e+02
20260706_06:00:00   1.3814e-01   3.8468e+01   1.6476e+01   0.0000e+00   6.3782e-02   3.0623e+02
20260706_09:00:00   1.4702e-01   4.0494e+01   1.7775e+01   0.0000e+00   3.1984e-05   3.0609e+02
20260706_12:00:00   1.4313e-01   3.9572e+01   1.7311e+01   0.0000e+00   1.4148e-03   3.0692e+02
20260706_15:00:00   1.4495e-01   4.0033e+01   1.7550e+01   0.0000e+00   6.0679e-04   3.0965e+02
20260706_18:00:00   1.4615e-01   4.0462e+01   1.8015e+01   2.1517e-04   3.0421e-05   3.0536e+02
20260706_21:00:00   3.1453e-01   7.6122e+01   2.2643e+01   1.5208e-01   1.4543e-01   2.9702e+02
20260707_00:00:00   1.7748e-01   4.7852e+01   2.2230e+01   5.2926e-04   3.6755e-01   2.9348e+02
20260707_03:00:00   1.7994e-01   4.8497e+01   2.2802e+01   3.5480e-06   3.8012e-03   2.9578e+02
20260707_06:00:00   1.9346e-01   5.1581e+01   2.4033e+01   0.0000e+00   2.8306e-03   2.9578e+02
20260707_09:00:00   1.9169e-01   5.1246e+01   2.3238e+01   0.0000e+00   3.4450e-03   2.9667e+02
20260707_12:00:00   1.9503e-01   5.2035e+01   2.3204e+01   0.0000e+00   0.0000e+00   2.9540e+02
20260707_15:00:00   1.8924e-01   5.0832e+01   2.2504e+01   0.0000e+00   0.0000e+00   2.9444e+02
20260707_18:00:00   1.8716e-01   5.0563e+01   2.2781e+01   8.4418e-05   5.0900e-06   2.9326e+02
20260707_21:00:00   2.5989e-01   6.5846e+01   2.2670e+01   9.0096e-02   5.2839e-03   2.9178e+02
20260708_00:00:00   2.9714e-01   7.3199e+01   2.6650e+01   9.7303e-02   5.8977e-01   2.9160e+02
20260708_03:00:00   2.0155e-01   5.3398e+01   2.5329e+01   0.0000e+00   3.4072e-01   2.9545e+02
20260708_06:00:00   1.9233e-01   5.1395e+01   2.3598e+01   0.0000e+00   2.4423e-01   2.9511e+02
20260708_09:00:00   2.0854e-01   5.5225e+01   2.4440e+01   0.0000e+00   9.2821e-06   2.9453e+02
20260708_12:00:00   2.0605e-01   5.4696e+01   2.3713e+01   0.0000e+00   5.4921e-04   2.9508e+02
20260708_15:00:00   1.9480e-01   5.2261e+01   2.2643e+01   0.0000e+00   0.0000e+00   2.9618e+02
20260708_18:00:00   1.8297e-01   4.9830e+01   2.2149e+01   0.0000e+00   5.1780e-06   2.9600e+02
20260708_21:00:00   1.5448e-01   4.3001e+01   1.9871e+01   3.2900e-05   3.2038e-04   2.9536e+02
20260709_00:00:00   1.8785e-01   5.0590e+01   2.2449e+01   1.5271e-02   5.1945e-02   2.9434e+02
20260709_03:00:00   1.8138e-01   4.8896e+01   2.2544e+01   0.0000e+00   5.0193e-01   2.9619e+02
20260709_06:00:00   1.7858e-01   4.8364e+01   2.2448e+01   0.0000e+00   7.3469e-02   2.9848e+02
20260709_09:00:00   1.7341e-01   4.7139e+01   2.1653e+01   0.0000e+00   4.7853e-03   2.9617e+02
20260709_12:00:00   1.7070e-01   4.6503e+01   2.0848e+01   0.0000e+00   1.9112e-02   2.9597e+02
20260709_15:00:00   1.6548e-01   4.5415e+01   2.0100e+01   0.0000e+00   1.8984e-05   2.9579e+02
20260709_18:00:00   1.5533e-01   4.3228e+01   1.9045e+01   0.0000e+00   2.0335e-03   2.9741e+02
20260709_21:00:00   1.6843e-01   4.6242e+01   2.1613e+01   9.2980e-05   2.1005e-03   2.9739e+02
20260710_00:00:00   1.8788e-01   5.0542e+01   2.1675e+01   2.5117e-02   1.6839e-02   2.9708e+02
20260710_03:00:00   2.1810e-01   5.7303e+01   2.7128e+01   9.1958e-05   1.0729e-01   2.9672e+02
20260710_06:00:00   2.0481e-01   5.4355e+01   2.5449e+01   0.0000e+00   1.8466e-02   2.9674e+02
20260710_09:00:00   2.1204e-01   5.5845e+01   2.6080e+01   0.0000e+00   3.3853e-02   2.9597e+02
20260710_12:00:00   2.1393e-01   5.6184e+01   2.6310e+01   0.0000e+00   1.4034e-03   2.9776e+02
20260710_15:00:00   2.0933e-01   5.5236e+01   2.5761e+01   0.0000e+00   9.4390e-04   2.9721e+02
20260710_18:00:00   1.9755e-01   5.2863e+01   2.4341e+01   1.6448e-05   5.4282e-04   2.9513e+02
20260710_21:00:00   1.9589e-01   5.2741e+01   2.4184e+01   1.3724e-04   2.3237e-02   2.9656e+02
20260711_00:00:00   2.1144e-01   5.5961e+01   2.5148e+01   9.4621e-03   2.0775e-02   2.9350e+02
20260711_03:00:00   2.1988e-01   5.7660e+01   2.7612e+01   0.0000e+00   1.5780e-01   2.9492e+02
20260711_06:00:00   2.3975e-01   6.1724e+01   2.8646e+01   8.0420e-03   5.4653e-02   2.9708e+02
20260711_09:00:00   2.2424e-01   5.8476e+01   2.7173e+01   0.0000e+00   6.1622e-03   2.9621e+02
20260711_12:00:00   2.1508e-01   5.6464e+01   2.5932e+01   0.0000e+00   1.4827e-03   2.9629e+02
20260711_15:00:00   2.2264e-01   5.8187e+01   2.6292e+01   0.0000e+00   3.3219e-04   3.0165e+02
20260711_18:00:00   2.4557e-01   6.3485e+01   2.6820e+01   2.2477e-02   1.6286e-05   3.0380e+02
20260711_21:00:00   4.8893e-01   1.0947e+02   2.8410e+01   2.8646e-01   2.5622e-04   3.0550e+02
20260712_00:00:00   2.5726e-01   6.5905e+01   2.6589e+01   4.0147e-02   1.2896e-02   3.0347e+02
20260712_03:00:00   2.5368e-01   6.4986e+01   3.0548e+01   1.4124e-03   8.2039e-03   3.0073e+02
20260712_06:00:00   2.1871e-01   5.7277e+01   2.6295e+01   0.0000e+00   6.2547e-02   3.0477e+02
20260712_09:00:00   1.9034e-01   5.0984e+01   2.1734e+01   0.0000e+00   9.8184e-06   3.0410e+02
20260712_12:00:00   1.8594e-01   4.9948e+01   2.0411e+01   0.0000e+00   0.0000e+00   3.0090e+02
20260712_15:00:00   1.7692e-01   4.7980e+01   1.9158e+01   0.0000e+00   0.0000e+00   3.0099e+02
20260712_18:00:00   1.7386e-01   4.7485e+01   1.8884e+01   2.2700e-03   0.0000e+00   2.9781e+02
20260712_21:00:00   3.7107e-01   8.8134e+01   2.1093e+01   2.1569e-01   7.5556e-04   2.9578e+02
20260713_00:00:00   1.9488e-01   5.2560e+01   2.1945e+01   3.1760e-03   0.0000e+00   2.9583e+02
20260713_03:00:00   1.9992e-01   5.3560e+01   2.3143e+01   0.0000e+00   0.0000e+00   2.9797e+02
20260713_06:00:00   1.9386e-01   5.2094e+01   2.1823e+01   0.0000e+00   0.0000e+00   2.9578e+02
20260713_09:00:00   2.0691e-01   5.5096e+01   2.2362e+01   0.0000e+00   0.0000e+00   2.9372e+02
20260713_12:00:00   2.0877e-01   5.5415e+01   2.2559e+01   0.0000e+00   0.0000e+00   2.9390e+02
20260713_15:00:00   2.0634e-01   5.4935e+01   2.2360e+01   0.0000e+00   0.0000e+00   2.9517e+02
20260713_18:00:00   2.6853e-01   6.8559e+01   2.3763e+01   6.6719e-02   0.0000e+00   2.9709e+02
20260713_21:00:00   3.3267e-01   8.0559e+01   2.5127e+01   1.4646e-01   5.0378e-02   2.9590e+02
20260714_00:00:00   7.1243e-01   1.4173e+02   3.1700e+01   5.0895e-01   3.8233e-01   2.9534e+02
20260714_03:00:00   2.0802e-01   5.5159e+01   2.3035e+01   0.0000e+00   0.0000e+00   2.9316e+02
20260714_06:00:00   1.9276e-01   5.1805e+01   2.1488e+01   0.0000e+00   1.0220e-04   2.9553e+02
20260714_09:00:00   1.9112e-01   5.1349e+01   2.0462e+01   0.0000e+00   1.6912e-04   2.9580e+02
20260714_12:00:00   1.8696e-01   5.0294e+01   2.0312e+01   0.0000e+00   0.0000e+00   2.9710e+02
20260714_15:00:00   1.8736e-01   5.0465e+01   2.0301e+01   0.0000e+00   0.0000e+00   2.9886e+02
20260714_18:00:00   1.8374e-01   4.9886e+01   2.0084e+01   0.0000e+00   0.0000e+00   3.0049e+02
20260714_21:00:00   1.9430e-01   5.2159e+01   2.0916e+01   1.8032e-02   1.8029e-03   3.0213e+02
20260715_00:00:00   4.4887e-01   1.0145e+02   2.7362e+01   2.5874e-01   2.6952e-01   2.9575e+02
20260715_03:00:00   2.1966e-01   5.7832e+01   2.5339e+01   6.4840e-04   1.1709e-02   2.9376e+02
20260715_06:00:00   2.2554e-01   5.9056e+01   2.5769e+01   0.0000e+00   3.4377e-03   2.9680e+02
20260715_09:00:00   2.3624e-01   6.1202e+01   2.7338e+01   0.0000e+00   0.0000e+00   2.9794e+02
20260715_12:00:00   2.3504e-01   6.0959e+01   2.5967e+01   5.8733e-03   5.2783e-04   2.9829e+02
20260715_15:00:00   2.2626e-01   5.9182e+01   2.5393e+01   0.0000e+00   0.0000e+00   2.9913e+02
20260715_18:00:00   2.1921e-01   5.7849e+01   2.4948e+01   5.0340e-05   0.0000e+00   2.9841e+02
20260715_21:00:00   2.0105e-01   5.3933e+01   2.2997e+01   5.9830e-03   2.7400e-06   3.0048e+02
20260716_00:00:00   1.0145e+00   1.7669e+02   3.1109e+01   8.6189e-01   8.7483e-02   2.9804e+02
20260716_03:00:00   2.5608e-01   6.4957e+01   2.9386e+01   1.2242e-02   1.0658e+00   3.0012e+02
20260716_06:00:00   2.3683e-01   6.1439e+01   2.7573e+01   0.0000e+00   1.8782e-02   2.9925e+02
20260716_09:00:00   2.3689e-01   6.1498e+01   2.7395e+01   0.0000e+00   2.7321e-03   2.9717e+02
20260716_12:00:00   2.2722e-01   5.9280e+01   2.6640e+01   0.0000e+00   6.1522e-04   2.9591e+02
