#            date       tau255        Tb[K]      pwv[mm] lwp[kg*m^-2] iwp[kg*m^-2]       o3[DU]
20260405_12:00:00   7.4870e-02   2.1868e+01   4.9525e+00   0.0000e+00   0.0000e+00   3.3085e+02
20260405_13:00:00   7.4869e-02   2.1859e+01   4.9297e+00   0.0000e+00   0.0000e+00   3.2567e+02
20260405_14:00:00   7.5539e-02   2.2017e+01   4.9997e+00   0.0000e+00   0.0000e+00   3.2438e+02
20260405_15:00:00   7.6821e-02   2.2330e+01   5.1671e+00   0.0000e+00   0.0000e+00   3.2493e+02
20260405_16:00:00   7.6179e-02   2.2182e+01   5.0852e+00   0.0000e+00   0.0000e+00   3.2922e+02
20260405_17:00:00   7.3914e-02   2.1631e+01   4.7697e+00   0.0000e+00   0.0000e+00   3.2970e+02
20260405_18:00:00   6.9066e-02   2.0425e+01   4.1246e+00   0.0000e+00   0.0000e+00   3.2637e+02
20260405_19:00:00   6.7627e-02   2.0069e+01   3.9864e+00   0.0000e+00   0.0000e+00   3.2750e+02
20260405_20:00:00   6.6878e-02   1.9902e+01   3.9218e+00   0.0000e+00   0.0000e+00   3.3044e+02
20260405_21:00:00   6.8752e-02   2.0404e+01   4.2562e+00   0.0000e+00   0.0000e+00   3.3021e+02
20260405_22:00:00   6.9896e-02   2.0713e+01   4.4714e+00   0.0000e+00   0.0000e+00   3.2997e+02
20260405_23:00:00   7.0456e-02   2.0866e+01   4.5971e+00   0.0000e+00   0.0000e+00   3.3234e+02
20260406_00:00:00   7.2550e-02   2.1394e+01   4.9607e+00   0.0000e+00   0.0000e+00   3.3080e+02
20260406_01:00:00   7.5932e-02   2.2248e+01   5.5167e+00   0.0000e+00   0.0000e+00   3.2606e+02
20260406_02:00:00   8.0054e-02   2.3260e+01   6.1317e+00   0.0000e+00   0.0000e+00   3.1855e+02
20260406_03:00:00   8.1906e-02   2.3706e+01   6.3473e+00   0.0000e+00   0.0000e+00   3.1358e+02
20260406_04:00:00   8.2083e-02   2.3737e+01   6.2885e+00   0.0000e+00   0.0000e+00   3.1598e+02
20260406_05:00:00   8.1777e-02   2.3647e+01   6.1666e+00   0.0000e+00   0.0000e+00   3.1773e+02
20260406_06:00:00   8.0529e-02   2.3336e+01   5.9665e+00   0.0000e+00   0.0000e+00   3.1638e+02
20260406_07:00:00   7.9448e-02   2.3064e+01   5.7733e+00   0.0000e+00   0.0000e+00   3.1702e+02
20260406_08:00:00   8.0174e-02   2.3243e+01   5.8062e+00   0.0000e+00   0.0000e+00   3.1750e+02
20260406_09:00:00   8.2159e-02   2.3735e+01   6.1141e+00   0.0000e+00   9.6880e-05   3.1692e+02
20260406_10:00:00   8.5614e-02   2.4575e+01   6.6238e+00   0.0000e+00   5.2380e-04   3.1289e+02
20260406_11:00:00   8.6738e-02   2.4843e+01   6.7987e+00   0.0000e+00   6.0020e-03   3.1629e+02
20260406_12:00:00   8.6583e-02   2.4798e+01   6.7983e+00   0.0000e+00   9.0010e-03   3.1595e+02
20260406_13:00:00   8.6792e-02   2.4842e+01   6.8365e+00   0.0000e+00   1.7718e-02   3.1327e+02
20260406_14:00:00   8.7890e-02   2.5100e+01   7.0401e+00   0.0000e+00   1.7446e-02   3.0365e+02
20260406_15:00:00   8.9384e-02   2.5470e+01   7.3547e+00   0.0000e+00   1.5609e-02   3.0553e+02
20260406_16:00:00   9.1658e-02   2.6018e+01   7.8607e+00   0.0000e+00   1.5461e-02   3.0299e+02
20260406_17:00:00   9.4978e-02   2.6812e+01   8.5496e+00   0.0000e+00   1.7385e-02   3.0083e+02
20260406_18:00:00   9.6629e-02   2.7212e+01   8.9068e+00   0.0000e+00   2.3496e-02   2.9874e+02
20260406_19:00:00   9.8213e-02   2.7567e+01   9.2391e+00   5.2347e-05   8.0443e-02   2.9591e+02
20260406_20:00:00   9.7431e-02   2.7370e+01   9.2669e+00   1.0066e-06   6.9017e-02   2.9742e+02
20260406_21:00:00   9.7277e-02   2.7311e+01   9.3554e+00   2.0140e-06   7.2753e-02   3.0159e+02
20260406_22:00:00   9.7502e-02   2.7360e+01   9.4878e+00   2.0140e-06   5.8855e-02   3.0337e+02
20260406_23:00:00   9.6716e-02   2.7179e+01   9.4169e+00   0.0000e+00   4.4587e-02   2.9880e+02
20260407_00:00:00   9.4929e-02   2.6746e+01   9.1431e+00   0.0000e+00   8.2685e-02   2.9650e+02
20260407_01:00:00   9.3519e-02   2.6408e+01   8.8867e+00   0.0000e+00   1.1098e-01   2.9909e+02
20260407_02:00:00   9.3739e-02   2.6490e+01   8.8398e+00   0.0000e+00   7.4823e-02   3.0281e+02
20260407_03:00:00   1.0050e-01   2.8154e+01   9.7637e+00   0.0000e+00   3.1842e-02   3.0335e+02
20260407_04:00:00   1.2174e-01   3.3380e+01   1.2279e+01   0.0000e+00   3.9821e-02   3.0562e+02
20260407_05:00:00   1.2957e-01   3.5233e+01   1.3021e+01   0.0000e+00   8.6464e-02   3.0733e+02
20260407_06:00:00   1.3387e-01   3.6205e+01   1.3492e+01   1.7972e-04   1.5612e-01   3.0359e+02
20260407_07:00:00   1.4193e-01   3.8070e+01   1.4477e+01   2.9500e-04   7.1705e-02   3.0378e+02
20260407_08:00:00   1.4960e-01   3.9802e+01   1.5218e+01   9.8989e-04   7.1868e-02   3.0774e+02
20260407_09:00:00   1.7426e-01   4.5425e+01   1.5783e+01   2.2704e-02   1.9375e-01   3.0940e+02
20260407_10:00:00   1.7462e-01   4.5400e+01   1.5844e+01   2.2709e-02   3.0752e-01   3.0584e+02
20260407_11:00:00   2.8740e-01   6.9619e+01   1.6033e+01   1.4763e-01   1.9678e-01   3.0514e+02
20260407_12:00:00   6.4566e-01   1.3059e+02   1.5917e+01   5.5366e-01   1.9430e-01   3.0687e+02
20260407_13:00:00   7.1923e-01   1.4062e+02   1.5706e+01   6.3819e-01   1.0918e-01   3.0584e+02
20260407_14:00:00   8.4022e-01   1.5483e+02   1.5780e+01   7.7097e-01   1.0635e-01   3.0435e+02
20260407_15:00:00   6.7730e-01   1.3407e+02   1.5884e+01   5.8566e-01   1.1117e-01   3.0619e+02
20260407_16:00:00   5.5123e-01   1.1636e+02   1.5911e+01   4.4525e-01   1.3304e-01   3.0940e+02
20260407_17:00:00   5.3381e-01   1.1401e+02   1.5854e+01   4.2710e-01   1.4113e-01   3.1484e+02
20260407_18:00:00   3.5727e-01   8.3560e+01   1.5732e+01   2.3010e-01   2.5809e-02   3.2079e+02
20260407_19:00:00   1.5437e-01   4.0896e+01   1.5438e+01   4.5258e-03   6.5975e-03   3.2268e+02
20260407_20:00:00   1.4849e-01   3.9596e+01   1.5220e+01   2.2167e-03   2.8891e-02   3.2319e+02
20260407_21:00:00   1.6383e-01   4.3188e+01   1.5261e+01   2.0971e-02   1.2834e-02   3.2572e+02
20260407_22:00:00   1.7639e-01   4.6024e+01   1.5140e+01   3.6578e-02   5.4284e-03   3.2349e+02
20260407_23:00:00   1.7591e-01   4.5931e+01   1.4768e+01   3.9389e-02   3.5706e-03   3.2594e+02
20260408_00:00:00   1.7840e-01   4.6515e+01   1.4137e+01   4.6422e-02   1.4634e-02   3.2779e+02
20260408_01:00:00   1.6283e-01   4.3083e+01   1.3486e+01   3.2076e-02   3.5570e-02   3.3059e+02
20260408_02:00:00   1.2696e-01   3.4800e+01   1.2541e+01   1.1825e-04   2.7221e-03   3.3079e+02
20260408_03:00:00   1.2395e-01   3.4119e+01   1.2037e+01   0.0000e+00   0.0000e+00   3.2252e+02
20260408_04:00:00   1.1997e-01   3.3174e+01   1.1473e+01   1.8014e-08   3.0193e-07   3.2250e+02
20260408_05:00:00   1.1451e-01   3.1831e+01   1.0853e+01   0.0000e+00   0.0000e+00   3.2198e+02
20260408_06:00:00   1.0513e-01   2.9568e+01   9.6417e+00   0.0000e+00   0.0000e+00   3.2142e+02
20260408_07:00:00   9.8656e-02   2.7975e+01   8.7718e+00   0.0000e+00   0.0000e+00   3.1904e+02
20260408_08:00:00   9.1354e-02   2.6161e+01   7.7966e+00   0.0000e+00   0.0000e+00   3.1607e+02
20260408_09:00:00   9.2058e-02   2.6285e+01   8.0122e+00   0.0000e+00   0.0000e+00   3.1592e+02
20260408_10:00:00   9.8435e-02   2.7819e+01   8.9472e+00   0.0000e+00   0.0000e+00   3.1658e+02
20260408_11:00:00   9.8512e-02   2.7837e+01   8.9487e+00   0.0000e+00   0.0000e+00   3.1559e+02
20260408_12:00:00   9.4312e-02   2.6806e+01   8.3457e+00   0.0000e+00   0.0000e+00   3.1278e+02
20260408_13:00:00   9.0309e-02   2.5825e+01   7.7581e+00   0.0000e+00   0.0000e+00   3.1078e+02
20260408_14:00:00   8.8210e-02   2.5318e+01   7.4367e+00   0.0000e+00   0.0000e+00   3.1023e+02
20260408_15:00:00   8.8299e-02   2.5356e+01   7.4570e+00   0.0000e+00   0.0000e+00   3.1015e+02
20260408_16:00:00   8.9492e-02   2.5688e+01   7.6378e+00   0.0000e+00   0.0000e+00   3.0999e+02
20260408_17:00:00   9.0658e-02   2.5972e+01   7.9962e+00   0.0000e+00   0.0000e+00   3.0951e+02
20260408_18:00:00   8.8250e-02   2.5350e+01   7.8330e+00   0.0000e+00   0.0000e+00   3.0750e+02
20260408_19:00:00   8.4851e-02   2.4500e+01   7.4289e+00   0.0000e+00   2.1442e-05   3.0581e+02
20260408_20:00:00   8.3089e-02   2.4049e+01   7.2683e+00   0.0000e+00   0.0000e+00   3.0337e+02
20260408_21:00:00   8.1391e-02   2.3628e+01   7.0577e+00   0.0000e+00   5.6760e-06   3.0195e+02
20260408_22:00:00   8.1470e-02   2.3645e+01   7.1116e+00   0.0000e+00   1.0646e-05   3.0191e+02
20260408_23:00:00   8.0307e-02   2.3355e+01   6.9346e+00   0.0000e+00   1.2016e-04   3.0266e+02
20260409_00:00:00   7.9806e-02   2.3243e+01   6.8151e+00   0.0000e+00   4.3620e-05   3.0381e+02
20260409_01:00:00   8.0692e-02   2.3470e+01   6.9316e+00   0.0000e+00   6.6780e-05   3.0448e+02
20260409_02:00:00   8.1453e-02   2.3646e+01   7.0212e+00   0.0000e+00   3.7880e-05   3.0751e+02
20260409_03:00:00   8.0880e-02   2.3501e+01   6.8892e+00   0.0000e+00   0.0000e+00   3.1355e+02
20260409_04:00:00   7.9827e-02   2.3244e+01   6.6882e+00   0.0000e+00   0.0000e+00   3.1728e+02
20260409_05:00:00   8.0034e-02   2.3290e+01   6.7136e+00   0.0000e+00   0.0000e+00   3.1911e+02
20260409_06:00:00   8.4344e-02   2.4300e+01   7.4453e+00   0.0000e+00   2.8840e-05   3.2160e+02
20260409_07:00:00   8.8744e-02   2.5321e+01   8.1485e+00   0.0000e+00   2.5573e-03   3.2093e+02
20260409_08:00:00   8.9116e-02   2.5404e+01   8.1592e+00   0.0000e+00   2.6767e-03   3.1918e+02
20260409_09:00:00   8.8687e-02   2.5299e+01   8.0421e+00   0.0000e+00   4.0819e-04   3.1908e+02
20260409_10:00:00   8.9776e-02   2.5540e+01   8.2061e+00   0.0000e+00   5.7056e-04   3.2013e+02
20260409_11:00:00   9.0300e-02   2.5651e+01   8.2844e+00   0.0000e+00   6.8650e-03   3.2082e+02
20260409_12:00:00   9.0335e-02   2.5665e+01   8.2190e+00   0.0000e+00   8.4930e-03   3.2318e+02
20260409_13:00:00   9.1413e-02   2.5942e+01   8.3507e+00   0.0000e+00   4.6737e-03   3.2553e+02
20260409_14:00:00   9.4098e-02   2.6616e+01   8.7093e+00   0.0000e+00   1.3482e-03   3.2733e+02
20260409_15:00:00   9.3993e-02   2.6627e+01   8.6310e+00   0.0000e+00   3.1429e-03   3.2923e+02
20260409_16:00:00   9.4590e-02   2.6795e+01   8.7165e+00   0.0000e+00   7.0563e-04   3.3042e+02
20260409_17:00:00   9.5082e-02   2.6943e+01   8.8387e+00   5.7520e-05   2.2908e-03   3.2924e+02
20260409_18:00:00   9.4653e-02   2.6862e+01   8.7841e+00   6.4640e-04   9.3509e-03   3.3174e+02
20260409_19:00:00   9.2421e-02   2.6317e+01   8.5454e+00   5.7400e-04   2.2898e-02   3.3693e+02
20260409_20:00:00   9.2595e-02   2.6353e+01   8.7498e+00   2.3880e-05   3.3366e-02   3.4102e+02
20260409_21:00:00   9.1275e-02   2.6069e+01   8.5679e+00   7.7460e-07   1.2023e-02   3.4224e+02
20260409_22:00:00   9.0767e-02   2.5964e+01   8.5292e+00   1.9502e-05   2.5303e-03   3.4321e+02
20260409_23:00:00   9.0278e-02   2.5829e+01   8.5401e+00   4.0260e-06   7.4986e-03   3.4186e+02
20260410_00:00:00   8.7620e-02   2.5162e+01   8.1348e+00   0.0000e+00   1.4936e-03   3.4125e+02
20260410_01:00:00   8.4759e-02   2.4451e+01   7.6488e+00   0.0000e+00   1.2996e-03   3.3614e+02
20260410_02:00:00   8.2829e-02   2.4006e+01   7.2954e+00   0.0000e+00   1.3511e-03   3.3150e+02
20260410_03:00:00   8.5915e-02   2.4744e+01   7.8557e+00   0.0000e+00   6.9220e-04   3.3217e+02
20260410_04:00:00   8.8937e-02   2.5456e+01   8.3486e+00   0.0000e+00   7.9091e-04   3.3138e+02
20260410_05:00:00   9.0064e-02   2.5737e+01   8.4985e+00   0.0000e+00   5.4936e-03   3.2737e+02
20260410_06:00:00   9.3091e-02   2.6473e+01   8.9237e+00   0.0000e+00   4.8125e-03   3.2620e+02
20260410_07:00:00   9.3685e-02   2.6612e+01   9.0389e+00   0.0000e+00   9.0028e-03   3.2485e+02
20260410_08:00:00   9.4671e-02   2.6828e+01   9.2703e+00   0.0000e+00   1.4188e-02   3.2348e+02
20260410_09:00:00   9.6253e-02   2.7174e+01   9.5152e+00   0.0000e+00   1.2883e-02   3.2042e+02
20260410_10:00:00   9.6720e-02   2.7269e+01   9.5441e+00   0.0000e+00   9.1445e-02   3.1915e+02
20260410_11:00:00   9.6106e-02   2.7125e+01   9.4657e+00   0.0000e+00   9.7860e-02   3.2065e+02
20260410_12:00:00   9.2320e-02   2.6239e+01   8.7984e+00   0.0000e+00   1.1410e-01   3.2201e+02
20260410_15:00:00   9.0474e-02   2.5793e+01   8.4158e+00   0.0000e+00   1.6335e-01   3.2241e+02
20260410_18:00:00   1.0374e-01   2.9073e+01   1.0493e+01   0.0000e+00   8.9196e-02   3.1929e+02
20260410_21:00:00   1.3526e-01   3.6607e+01   1.4493e+01   0.0000e+00   3.6701e-01   3.2126e+02
20260411_00:00:00   1.2246e-01   3.3745e+01   1.3038e+01   0.0000e+00   9.6038e-03   3.1639e+02
20260411_03:00:00   1.3327e-01   3.6330e+01   1.4037e+01   0.0000e+00   1.9910e-03   3.1609e+02
20260411_06:00:00   1.3813e-01   3.7429e+01   1.4353e+01   7.4600e-04   3.7190e-03   3.1952e+02
20260411_09:00:00   1.3969e-01   3.7767e+01   1.4361e+01   2.6731e-05   1.7349e-03   3.2166e+02
20260411_12:00:00   1.3762e-01   3.7221e+01   1.4143e+01   0.0000e+00   1.3468e-02   3.2594e+02
20260411_15:00:00   1.2249e-01   3.3725e+01   1.1941e+01   0.0000e+00   1.8742e-03   3.3037e+02
20260411_18:00:00   1.2076e-01   3.3299e+01   1.2007e+01   4.4097e-05   2.4400e-03   3.3054e+02
20260411_21:00:00   9.6861e-02   2.7490e+01   9.0509e+00   5.4840e-04   1.6658e-03   3.3921e+02
20260412_00:00:00   1.1039e-01   3.0685e+01   1.1110e+01   0.0000e+00   2.3340e-02   3.4051e+02
20260412_03:00:00   1.1337e-01   3.1459e+01   1.1153e+01   0.0000e+00   1.0682e-03   3.2686e+02
20260412_06:00:00   1.2713e-01   3.4627e+01   1.2466e+01   1.5124e-03   3.2741e-03   3.2389e+02
20260412_09:00:00   1.1881e-01   3.2571e+01   1.1621e+01   0.0000e+00   5.3961e-04   3.2227e+02
20260412_12:00:00   1.0538e-01   2.9419e+01   9.4495e+00   0.0000e+00   2.9974e-03   3.2933e+02
20260412_15:00:00   1.0025e-01   2.8168e+01   8.5423e+00   0.0000e+00   1.4103e-02   3.2892e+02
20260412_18:00:00   1.0064e-01   2.8159e+01   9.0788e+00   7.2420e-05   9.3198e-03   3.3351e+02
20260412_21:00:00   1.0641e-01   2.9643e+01   1.0183e+01   2.0200e-05   3.2283e-02   3.3937e+02
20260413_00:00:00   9.9322e-02   2.7777e+01   9.2182e+00   0.0000e+00   9.5897e-02   3.4609e+02
20260413_03:00:00   8.0072e-02   2.3085e+01   6.3693e+00   0.0000e+00   1.9278e-05   3.5203e+02
20260413_06:00:00   7.7471e-02   2.2484e+01   5.7525e+00   0.0000e+00   0.0000e+00   3.5297e+02
20260413_09:00:00   7.6952e-02   2.2403e+01   5.3596e+00   0.0000e+00   0.0000e+00   3.5192e+02
20260413_12:00:00   8.0777e-02   2.3313e+01   5.8523e+00   0.0000e+00   0.0000e+00   3.5090e+02
20260413_15:00:00   8.6907e-02   2.4826e+01   6.7096e+00   0.0000e+00   0.0000e+00   3.6267e+02
20260413_18:00:00   8.8703e-02   2.5405e+01   7.2283e+00   0.0000e+00   0.0000e+00   3.7390e+02
20260413_21:00:00   8.9156e-02   2.5536e+01   7.8491e+00   0.0000e+00   9.6557e-04   3.6569e+02
20260414_00:00:00   9.1902e-02   2.6164e+01   8.2773e+00   0.0000e+00   1.3324e-03   3.5255e+02
20260414_03:00:00   9.5159e-02   2.7005e+01   8.6792e+00   0.0000e+00   1.6337e-04   3.3998e+02
20260414_06:00:00   9.8739e-02   2.7790e+01   9.2257e+00   0.0000e+00   1.0660e-03   3.4049e+02
20260414_09:00:00   1.1223e-01   3.0977e+01   1.1095e+01   0.0000e+00   3.0268e-02   3.4181e+02
20260414_12:00:00   1.2259e-01   3.3365e+01   1.2501e+01   0.0000e+00   9.0623e-02   3.4444e+02
20260414_15:00:00   1.3070e-01   3.5235e+01   1.3361e+01   1.3892e-04   2.0509e-01   3.4491e+02
20260414_18:00:00   2.0728e-01   5.2355e+01   1.2822e+01   9.0076e-02   9.3064e-02   3.5729e+02
20260414_21:00:00   1.3771e-01   3.6919e+01   1.1743e+01   2.2606e-02   2.6075e-02   3.5333e+02
20260415_00:00:00   1.2517e-01   3.4074e+01   1.2653e+01   1.9638e-05   3.1474e-01   3.6180e+02
20260415_03:00:00   9.3110e-02   2.6488e+01   7.7593e+00   0.0000e+00   0.0000e+00   3.7244e+02
20260415_06:00:00   7.8249e-02   2.2751e+01   5.5204e+00   0.0000e+00   0.0000e+00   3.8196e+02
20260415_09:00:00   7.7150e-02   2.2356e+01   5.1372e+00   0.0000e+00   0.0000e+00   3.7047e+02
20260415_12:00:00   7.9882e-02   2.2858e+01   5.2474e+00   0.0000e+00   0.0000e+00   3.6964e+02
20260415_15:00:00   7.2039e-02   2.0910e+01   4.2408e+00   0.0000e+00   1.7044e-03   3.5893e+02
20260415_18:00:00   7.9419e-02   2.2757e+01   5.9982e+00   0.0000e+00   3.2142e-02   3.5459e+02
20260415_21:00:00   8.7231e-02   2.4622e+01   7.8315e+00   0.0000e+00   2.4786e-01   3.4800e+02
20260416_00:00:00   8.2503e-02   2.3411e+01   7.2414e+00   0.0000e+00   1.3280e-01   3.4857e+02
20260416_03:00:00   7.2993e-02   2.1207e+01   5.2968e+00   0.0000e+00   1.9978e-02   3.4771e+02
20260416_06:00:00   7.5707e-02   2.1866e+01   5.5972e+00   0.0000e+00   7.2016e-04   3.4832e+02
20260416_09:00:00   8.4682e-02   2.4020e+01   6.8503e+00   0.0000e+00   9.5803e-05   3.5426e+02
20260416_12:00:00   8.9434e-02   2.5182e+01   7.3112e+00   0.0000e+00   0.0000e+00   3.5554e+02
20260416_15:00:00   8.7939e-02   2.4863e+01   7.0955e+00   0.0000e+00   0.0000e+00   3.5665e+02
20260416_18:00:00   8.8845e-02   2.5257e+01   7.4294e+00   0.0000e+00   0.0000e+00   3.5341e+02
20260416_21:00:00   8.6719e-02   2.4893e+01   7.3252e+00   0.0000e+00   1.6912e-05   3.5305e+02
20260417_00:00:00   8.5994e-02   2.4863e+01   7.3094e+00   0.0000e+00   4.2840e-05   3.4288e+02
20260417_03:00:00   9.1630e-02   2.6295e+01   8.2192e+00   0.0000e+00   1.3689e-02   3.3357e+02
20260417_06:00:00   9.7608e-02   2.7806e+01   9.0759e+00   0.0000e+00   9.7544e-03   3.2566e+02
20260417_09:00:00   9.6080e-02   2.7384e+01   9.0578e+00   0.0000e+00   1.1805e-03   3.1690e+02
20260417_12:00:00   9.6428e-02   2.7391e+01   9.4553e+00   0.0000e+00   4.6029e-03   3.1499e+02
20260417_15:00:00   1.0815e-01   3.0247e+01   1.1492e+01   0.0000e+00   1.4365e-03   3.1102e+02
20260417_18:00:00   1.1660e-01   3.2420e+01   1.3029e+01   0.0000e+00   1.0551e-03   3.0970e+02
20260417_21:00:00   1.1738e-01   3.2794e+01   1.3144e+01   0.0000e+00   5.4552e-04   3.0830e+02
20260418_00:00:00   1.0928e-01   3.1032e+01   1.1739e+01   0.0000e+00   0.0000e+00   3.0543e+02
20260418_03:00:00   1.0443e-01   2.9864e+01   1.0856e+01   0.0000e+00   0.0000e+00   3.0065e+02
20260418_06:00:00   9.8984e-02   2.8537e+01   9.8703e+00   0.0000e+00   0.0000e+00   3.0087e+02
20260418_09:00:00   9.9404e-02   2.8633e+01   9.6206e+00   0.0000e+00   2.0140e-06   2.9961e+02
20260418_12:00:00   9.5682e-02   2.7634e+01   9.0562e+00   0.0000e+00   1.8014e-08   3.0362e+02
20260418_15:00:00   9.9869e-02   2.8656e+01   9.5494e+00   0.0000e+00   4.8380e-07   3.0301e+02
20260418_18:00:00   1.0150e-01   2.9171e+01   1.0130e+01   0.0000e+00   4.6390e-03   3.0446e+02
20260418_21:00:00   9.5830e-02   2.7774e+01   9.6938e+00   0.0000e+00   1.6513e-02   3.0400e+02
20260419_00:00:00   9.2817e-02   2.7004e+01   9.4979e+00   0.0000e+00   4.4663e-03   3.0564e+02
20260419_03:00:00   1.0091e-01   2.8932e+01   1.0809e+01   0.0000e+00   2.1340e-06   3.0499e+02
20260419_06:00:00   1.1343e-01   3.1995e+01   1.2570e+01   0.0000e+00   7.2403e-05   3.0657e+02
20260419_09:00:00   1.1074e-01   3.1363e+01   1.2200e+01   0.0000e+00   0.0000e+00   3.0247e+02
20260419_12:00:00   1.1215e-01   3.1650e+01   1.2541e+01   0.0000e+00   0.0000e+00   3.0148e+02
20260419_15:00:00   1.1020e-01   3.1141e+01   1.2328e+01   0.0000e+00   0.0000e+00   2.9869e+02
20260419_18:00:00   1.0796e-01   3.0657e+01   1.2115e+01   0.0000e+00   0.0000e+00   2.9771e+02
20260419_21:00:00   1.2015e-01   3.3800e+01   1.4142e+01   0.0000e+00   2.3152e-03   2.9907e+02
20260420_00:00:00   1.1578e-01   3.2611e+01   1.3671e+01   1.3972e-04   2.6744e-02   2.9626e+02
20260420_03:00:00   1.0924e-01   3.0956e+01   1.2516e+01   3.5480e-06   1.1464e-04   2.9674e+02
20260420_06:00:00   1.1541e-01   3.2436e+01   1.3272e+01   0.0000e+00   6.6340e-04   2.9480e+02
20260420_09:00:00   1.1623e-01   3.2620e+01   1.3297e+01   0.0000e+00   1.5899e-02   2.9578e+02
20260420_12:00:00   9.8383e-02   2.8211e+01   1.0422e+01   0.0000e+00   1.9096e-03   2.9578e+02
20260420_15:00:00   8.9909e-02   2.6143e+01   8.9896e+00   0.0000e+00   1.2940e-03   2.9394e+02
20260420_18:00:00   8.9532e-02   2.5983e+01   9.3535e+00   0.0000e+00   2.8165e-03   2.9157e+02
20260420_21:00:00   9.5697e-02   2.7554e+01   1.0546e+01   0.0000e+00   1.7958e-02   2.9228e+02
20260421_00:00:00   8.7899e-02   2.5601e+01   9.3107e+00   0.0000e+00   4.2605e-02   2.9100e+02
20260421_03:00:00   8.0815e-02   2.3919e+01   7.7505e+00   0.0000e+00   5.2262e-03   2.9114e+02
20260421_06:00:00   8.7903e-02   2.5808e+01   8.5142e+00   0.0000e+00   2.5484e-02   2.9052e+02
20260421_09:00:00   8.5114e-02   2.5058e+01   7.9189e+00   0.0000e+00   4.0260e-06   2.8893e+02
20260421_12:00:00   9.7176e-02   2.8010e+01   9.6780e+00   0.0000e+00   5.9660e-06   2.9153e+02
