#            date       tau255        Tb[K]      pwv[mm] lwp[kg*m^-2] iwp[kg*m^-2]       o3[DU]
20260211_12:00:00   1.0611e-01   2.9338e+01   1.0210e+01   0.0000e+00   6.2867e-03   2.8363e+02
20260211_13:00:00   1.0729e-01   2.9618e+01   1.0353e+01   0.0000e+00   1.5869e-02   2.8027e+02
20260211_14:00:00   1.1133e-01   3.0561e+01   1.0929e+01   0.0000e+00   5.2909e-03   2.8112e+02
20260211_15:00:00   1.1460e-01   3.1353e+01   1.1398e+01   0.0000e+00   5.5839e-03   2.8131e+02
20260211_16:00:00   1.1575e-01   3.1678e+01   1.1554e+01   0.0000e+00   1.4759e-02   2.8147e+02
20260211_17:00:00   1.1529e-01   3.1638e+01   1.1406e+01   5.0340e-06   3.9001e-03   2.8178e+02
20260211_18:00:00   1.1858e-01   3.2465e+01   1.1508e+01   2.6183e-03   1.0277e-02   2.8256e+02
20260211_19:00:00   1.1762e-01   3.2269e+01   1.1664e+01   1.0169e-03   1.3484e-02   2.8164e+02
20260211_20:00:00   1.1736e-01   3.2242e+01   1.1712e+01   9.2500e-04   2.9101e-02   2.7721e+02
20260211_21:00:00   1.1488e-01   3.1694e+01   1.1408e+01   2.0880e-04   5.0544e-02   2.7521e+02
20260211_22:00:00   1.1805e-01   3.2480e+01   1.1596e+01   1.0008e-03   5.5440e-02   2.7613e+02
20260211_23:00:00   1.1324e-01   3.1390e+01   1.0945e+01   2.6360e-05   5.4457e-03   2.7904e+02
20260212_00:00:00   1.1594e-01   3.2010e+01   1.1390e+01   4.4680e-06   7.9345e-03   2.7545e+02
20260212_01:00:00   1.2539e-01   3.4182e+01   1.2685e+01   2.8140e-04   2.1651e-02   2.7136e+02
20260212_02:00:00   1.2940e-01   3.5089e+01   1.3219e+01   1.0108e-04   2.0844e-02   2.7171e+02
20260212_03:00:00   1.3036e-01   3.5338e+01   1.3149e+01   0.0000e+00   2.2562e-02   2.7117e+02
20260212_04:00:00   1.2916e-01   3.5112e+01   1.2746e+01   0.0000e+00   2.0683e-02   2.7197e+02
20260212_05:00:00   1.3274e-01   3.5970e+01   1.2792e+01   2.7840e-03   8.9721e-03   2.7142e+02
20260212_06:00:00   1.2828e-01   3.4929e+01   1.2280e+01   1.1952e-03   1.2742e-02   2.7271e+02
20260212_07:00:00   1.2500e-01   3.4161e+01   1.1857e+01   1.5440e-04   3.2377e-03   2.7217e+02
20260212_08:00:00   1.2677e-01   3.4554e+01   1.1923e+01   1.4966e-03   7.5493e-03   2.7216e+02
20260212_09:00:00   1.3478e-01   3.6409e+01   1.1965e+01   9.7606e-03   3.4376e-03   2.7062e+02
20260212_10:00:00   1.2947e-01   3.5128e+01   1.2113e+01   3.3680e-03   1.5769e-03   2.7023e+02
20260212_11:00:00   1.2698e-01   3.4525e+01   1.2220e+01   1.9730e-04   5.5586e-04   2.7332e+02
20260212_12:00:00   1.2582e-01   3.4228e+01   1.2165e+01   7.2080e-05   1.0201e-03   2.7585e+02
20260212_13:00:00   1.5393e-01   4.0784e+01   1.1873e+01   3.3020e-02   1.2255e-03   2.7577e+02
20260212_14:00:00   1.3609e-01   3.6676e+01   1.0815e+01   2.0360e-02   2.9305e-03   2.7369e+02
20260212_15:00:00   1.1099e-01   3.0735e+01   9.9072e+00   0.0000e+00   3.7182e-03   2.7605e+02
20260212_16:00:00   1.0806e-01   3.0050e+01   9.5262e+00   0.0000e+00   2.0281e-03   2.7663e+02
20260212_17:00:00   1.0532e-01   2.9377e+01   9.3933e+00   0.0000e+00   3.2044e-03   2.7678e+02
20260212_18:00:00   1.0135e-01   2.8393e+01   9.1413e+00   0.0000e+00   1.9394e-03   2.7871e+02
20260212_19:00:00   9.7124e-02   2.7356e+01   8.7288e+00   0.0000e+00   3.8364e-03   2.8049e+02
20260212_20:00:00   9.3601e-02   2.6500e+01   8.2748e+00   0.0000e+00   3.3345e-03   2.7982e+02
20260212_21:00:00   9.1192e-02   2.5929e+01   7.9348e+00   0.0000e+00   3.3622e-03   2.7989e+02
20260212_22:00:00   9.0139e-02   2.5663e+01   7.7895e+00   0.0000e+00   2.5077e-03   2.7943e+02
20260212_23:00:00   8.9863e-02   2.5582e+01   7.7368e+00   0.0000e+00   2.4435e-03   2.7903e+02
20260213_00:00:00   9.0602e-02   2.5753e+01   7.8130e+00   0.0000e+00   6.8360e-03   2.7806e+02
20260213_01:00:00   9.2214e-02   2.6128e+01   8.0103e+00   0.0000e+00   4.7279e-03   2.7757e+02
20260213_02:00:00   9.0511e-02   2.5712e+01   7.7699e+00   0.0000e+00   5.0300e-03   2.7976e+02
20260213_03:00:00   9.3288e-02   2.6347e+01   8.2665e+00   0.0000e+00   9.6680e-03   2.7929e+02
20260213_04:00:00   1.0019e-01   2.7969e+01   9.2116e+00   0.0000e+00   1.1590e-02   2.8103e+02
20260213_05:00:00   1.0352e-01   2.8751e+01   9.6004e+00   0.0000e+00   2.3614e-02   2.8040e+02
20260213_06:00:00   1.0295e-01   2.8632e+01   9.4719e+00   0.0000e+00   6.9994e-03   2.7770e+02
20260213_07:00:00   1.0138e-01   2.8244e+01   9.2697e+00   0.0000e+00   6.8691e-03   2.7708e+02
20260213_08:00:00   9.7646e-02   2.7323e+01   8.8726e+00   0.0000e+00   1.2415e-02   2.7641e+02
20260213_09:00:00   9.7177e-02   2.7161e+01   8.9391e+00   0.0000e+00   8.7502e-03   2.7688e+02
20260213_10:00:00   9.9237e-02   2.7604e+01   9.2697e+00   0.0000e+00   4.4319e-02   2.7495e+02
20260213_11:00:00   1.0183e-01   2.8197e+01   9.6089e+00   0.0000e+00   7.1219e-02   2.7320e+02
20260213_12:00:00   1.0567e-01   2.9103e+01   1.0123e+01   0.0000e+00   5.0445e-02   2.7619e+02
20260213_13:00:00   1.0930e-01   2.9947e+01   1.0535e+01   0.0000e+00   1.3910e-01   2.7974e+02
20260213_14:00:00   1.0910e-01   2.9906e+01   1.0557e+01   0.0000e+00   7.0148e-02   2.8090e+02
20260213_15:00:00   1.1084e-01   3.0317e+01   1.0741e+01   0.0000e+00   1.7926e-01   2.9031e+02
20260213_16:00:00   1.1329e-01   3.0899e+01   1.1050e+01   0.0000e+00   1.6913e-01   2.9264e+02
20260213_17:00:00   1.1447e-01   3.1173e+01   1.1197e+01   0.0000e+00   1.6160e-01   3.0415e+02
20260213_18:00:00   1.1974e-01   3.2420e+01   1.1731e+01   2.7640e-05   2.7079e-01   3.0664e+02
20260213_19:00:00   1.2346e-01   3.3316e+01   1.2247e+01   8.3496e-05   1.9070e-01   3.0746e+02
20260213_20:00:00   1.4895e-01   3.9252e+01   1.2609e+01   2.4430e-02   2.1145e-01   3.1628e+02
20260213_21:00:00   1.2969e-01   3.4820e+01   1.2814e+01   3.5043e-05   3.8060e-01   3.2079e+02
20260213_22:00:00   1.5249e-01   4.0128e+01   1.3522e+01   1.7312e-02   5.0700e-01   3.2673e+02
20260213_23:00:00   1.6283e-01   4.2517e+01   1.3737e+01   2.5581e-02   5.8082e-01   3.3583e+02
20260214_00:00:00   6.9832e-01   1.3762e+02   1.4125e+01   6.2509e-01   5.5088e-01   3.3762e+02
20260214_01:00:00   5.0659e-01   1.0963e+02   1.3934e+01   4.1204e-01   4.2202e-01   3.3911e+02
20260214_02:00:00   3.2670e-01   7.7414e+01   1.3939e+01   2.0753e-01   4.2920e-01   3.3949e+02
20260214_03:00:00   5.8302e-01   1.2169e+02   1.3637e+01   5.0034e-01   5.5445e-01   3.4993e+02
20260214_04:00:00   8.3314e-01   1.5513e+02   1.3434e+01   7.8525e-01   4.2005e-01   3.5724e+02
20260214_05:00:00   9.1319e-01   1.6413e+02   1.3094e+01   8.7891e-01   1.7477e-01   3.5229e+02
20260214_06:00:00   7.9070e-01   1.4959e+02   1.2409e+01   7.4536e-01   1.4295e-02   3.5548e+02
20260214_07:00:00   7.3013e-01   1.4107e+02   1.2005e+01   6.7713e-01   7.0203e-03   3.4646e+02
20260214_08:00:00   5.8524e-01   1.2075e+02   1.2001e+01   5.1401e-01   3.6866e-02   3.4118e+02
20260214_09:00:00   5.8656e-01   1.2107e+02   1.2012e+01   5.1600e-01   8.7513e-02   3.4478e+02
20260214_10:00:00   4.3279e-01   9.6686e+01   1.2073e+01   3.4353e-01   9.5477e-02   3.5230e+02
20260214_11:00:00   5.5543e-01   1.1719e+02   1.2293e+01   4.8060e-01   2.0388e-01   3.4255e+02
20260214_12:00:00   6.5847e-01   1.3259e+02   1.2161e+01   5.9926e-01   1.2877e-01   3.3212e+02
20260214_13:00:00   8.1079e-01   1.5212e+02   1.2142e+01   7.7044e-01   7.2162e-02   3.2201e+02
20260214_14:00:00   7.1929e-01   1.4059e+02   1.2268e+01   6.6523e-01   3.0641e-01   3.1898e+02
20260214_15:00:00   4.2600e-01   9.5805e+01   1.2150e+01   3.3536e-01   1.8077e-01   3.2057e+02
20260214_16:00:00   2.3873e-01   5.9301e+01   1.1751e+01   1.2672e-01   1.5059e-02   3.1947e+02
20260214_17:00:00   1.4878e-01   3.9363e+01   1.1232e+01   3.0913e-02   8.1186e-04   3.2613e+02
20260214_18:00:00   1.1843e-01   3.2161e+01   1.0956e+01   2.2131e-04   1.4326e-03   3.2061e+02
20260214_19:00:00   1.1342e-01   3.1031e+01   1.0438e+01   1.7624e-05   1.4674e-03   3.1393e+02
20260214_20:00:00   1.0900e-01   3.0058e+01   9.7776e+00   6.2320e-04   4.5923e-05   3.0368e+02
20260214_21:00:00   1.0334e-01   2.8778e+01   9.0117e+00   5.6180e-05   1.9044e-04   2.9807e+02
20260214_22:00:00   1.0009e-01   2.8053e+01   8.5248e+00   1.1648e-04   4.6342e-04   2.9725e+02
20260214_23:00:00   1.0200e-01   2.8540e+01   8.7548e+00   2.7356e-05   1.0406e-03   2.9380e+02
20260215_00:00:00   1.0264e-01   2.8718e+01   8.7993e+00   2.1620e-07   1.2593e-03   2.9179e+02
20260215_01:00:00   1.0262e-01   2.8738e+01   8.7314e+00   1.9816e-07   3.2600e-04   2.9120e+02
20260215_02:00:00   1.0225e-01   2.8662e+01   8.6137e+00   0.0000e+00   1.1140e-04   2.9105e+02
20260215_03:00:00   9.8920e-02   2.7872e+01   8.1619e+00   0.0000e+00   0.0000e+00   2.9137e+02
20260215_04:00:00   9.7598e-02   2.7552e+01   7.9610e+00   0.0000e+00   0.0000e+00   2.9147e+02
20260215_05:00:00   9.7524e-02   2.7531e+01   7.9155e+00   0.0000e+00   0.0000e+00   2.9189e+02
20260215_06:00:00   9.6020e-02   2.7161e+01   7.6770e+00   0.0000e+00   0.0000e+00   2.9079e+02
20260215_07:00:00   9.6203e-02   2.7200e+01   7.6778e+00   0.0000e+00   0.0000e+00   2.9085e+02
20260215_08:00:00   9.6455e-02   2.7247e+01   7.7185e+00   0.0000e+00   0.0000e+00   2.8848e+02
20260215_09:00:00   9.4247e-02   2.6702e+01   7.4379e+00   0.0000e+00   0.0000e+00   2.8906e+02
20260215_10:00:00   9.2303e-02   2.6217e+01   7.2067e+00   0.0000e+00   0.0000e+00   2.8786e+02
20260215_11:00:00   9.0447e-02   2.5740e+01   7.0379e+00   0.0000e+00   0.0000e+00   2.8995e+02
20260215_12:00:00   9.0172e-02   2.5652e+01   7.1171e+00   0.0000e+00   1.0018e-05   2.8847e+02
20260215_13:00:00   8.9856e-02   2.5558e+01   7.1411e+00   0.0000e+00   8.3523e-05   2.8731e+02
20260215_14:00:00   8.8796e-02   2.5286e+01   7.0110e+00   0.0000e+00   1.2580e-04   2.8817e+02
20260215_15:00:00   8.8074e-02   2.5096e+01   6.9583e+00   0.0000e+00   5.1967e-03   2.8722e+02
20260215_16:00:00   8.6147e-02   2.4645e+01   6.6470e+00   0.0000e+00   9.4914e-03   2.8899e+02
20260215_17:00:00   8.4183e-02   2.4172e+01   6.4502e+00   0.0000e+00   1.0028e-02   2.8944e+02
20260215_18:00:00   8.3027e-02   2.3914e+01   6.3463e+00   0.0000e+00   7.3355e-03   2.9047e+02
20260215_19:00:00   8.0675e-02   2.3339e+01   6.1599e+00   0.0000e+00   1.1819e-02   2.9202e+02
20260215_20:00:00   7.9176e-02   2.2953e+01   6.0899e+00   0.0000e+00   2.0446e-03   2.9456e+02
20260215_21:00:00   7.6401e-02   2.2285e+01   5.7391e+00   0.0000e+00   1.0464e-03   2.9401e+02
20260215_22:00:00   7.5121e-02   2.1952e+01   5.6547e+00   0.0000e+00   1.5668e-02   2.9286e+02
20260215_23:00:00   7.4269e-02   2.1775e+01   5.4497e+00   0.0000e+00   5.7655e-04   2.9300e+02
20260216_00:00:00   7.6682e-02   2.2354e+01   5.8738e+00   0.0000e+00   8.8019e-03   2.9337e+02
20260216_01:00:00   8.0261e-02   2.3262e+01   6.3457e+00   0.0000e+00   3.0900e-03   2.9477e+02
20260216_02:00:00   8.4585e-02   2.4338e+01   6.9924e+00   0.0000e+00   1.6390e-03   2.9524e+02
20260216_03:00:00   8.4361e-02   2.4311e+01   6.8640e+00   0.0000e+00   2.3482e-04   2.9528e+02
20260216_04:00:00   9.0325e-02   2.5747e+01   7.8159e+00   0.0000e+00   3.7664e-03   2.9642e+02
20260216_05:00:00   9.0366e-02   2.5788e+01   7.6834e+00   0.0000e+00   1.0246e-04   2.9657e+02
20260216_06:00:00   9.2147e-02   2.6222e+01   7.9160e+00   0.0000e+00   1.2068e-05   2.9517e+02
20260216_07:00:00   9.3401e-02   2.6516e+01   8.0865e+00   0.0000e+00   1.0928e-04   2.9657e+02
20260216_08:00:00   8.8745e-02   2.5392e+01   7.3209e+00   0.0000e+00   3.0916e-03   2.9819e+02
20260216_09:00:00   8.7338e-02   2.5050e+01   7.0200e+00   0.0000e+00   3.3086e-03   2.9894e+02
20260216_10:00:00   8.5847e-02   2.4683e+01   6.7646e+00   0.0000e+00   1.2753e-03   2.9889e+02
20260216_11:00:00   8.7170e-02   2.4982e+01   7.0759e+00   0.0000e+00   2.8382e-03   2.9741e+02
20260216_12:00:00   8.7295e-02   2.5001e+01   7.2043e+00   0.0000e+00   3.2660e-03   2.9830e+02
20260216_15:00:00   8.7768e-02   2.5105e+01   7.3001e+00   0.0000e+00   8.6380e-05   2.9553e+02
20260216_18:00:00   8.9842e-02   2.5675e+01   7.9092e+00   0.0000e+00   6.7118e-03   2.9559e+02
20260216_21:00:00   9.2826e-02   2.6277e+01   8.8073e+00   0.0000e+00   4.2024e-02   2.8859e+02
20260217_00:00:00   9.2365e-02   2.6188e+01   8.7800e+00   0.0000e+00   2.8864e-02   2.9268e+02
20260217_03:00:00   9.9711e-02   2.7870e+01   9.9826e+00   0.0000e+00   4.9799e-02   2.9235e+02
20260217_06:00:00   9.3240e-02   2.6378e+01   8.3806e+00   0.0000e+00   6.9356e-04   2.9490e+02
20260217_09:00:00   8.4205e-02   2.4159e+01   6.5099e+00   0.0000e+00   0.0000e+00   2.9542e+02
20260217_12:00:00   9.3579e-02   2.6398e+01   7.2181e+00   7.4929e-04   4.8017e-04   3.0235e+02
20260217_15:00:00   6.4467e-02   1.9141e+01   3.1327e+00   0.0000e+00   9.1658e-04   3.0108e+02
20260217_18:00:00   6.1918e-02   1.8471e+01   3.0252e+00   0.0000e+00   1.3346e-04   3.0116e+02
20260217_21:00:00   6.2732e-02   1.8667e+01   3.3877e+00   0.0000e+00   3.8628e-03   2.9598e+02
20260218_00:00:00   6.4809e-02   1.9216e+01   3.6891e+00   0.0000e+00   2.7009e-02   2.9707e+02
20260218_03:00:00   6.4024e-02   1.8988e+01   3.7136e+00   0.0000e+00   1.2259e-02   3.0003e+02
20260218_06:00:00   6.4104e-02   1.8974e+01   3.9009e+00   0.0000e+00   4.0346e-02   2.9980e+02
20260218_09:00:00   6.7429e-02   1.9786e+01   4.5626e+00   0.0000e+00   3.5379e-03   3.0272e+02
20260218_12:00:00   6.8638e-02   2.0038e+01   4.8580e+00   0.0000e+00   2.6417e-02   3.0338e+02
20260218_15:00:00   8.6410e-02   2.4351e+01   7.8161e+00   0.0000e+00   4.9189e-02   2.9979e+02
20260218_18:00:00   1.0810e-01   2.9732e+01   1.1034e+01   0.0000e+00   5.4803e-02   2.9715e+02
20260218_21:00:00   1.1743e-01   3.2055e+01   1.2515e+01   1.2166e-04   4.7120e-03   2.9474e+02
20260219_00:00:00   1.0898e-01   3.0082e+01   1.1352e+01   0.0000e+00   1.0249e-03   2.9224e+02
20260219_03:00:00   1.1809e-01   3.2230e+01   1.2503e+01   0.0000e+00   6.5490e-04   2.8957e+02
20260219_06:00:00   1.1375e-01   3.1247e+01   1.1849e+01   8.4519e-05   3.8072e-03   2.8997e+02
20260219_09:00:00   1.1548e-01   3.1686e+01   1.1486e+01   2.0045e-03   3.3854e-03   2.8991e+02
20260219_12:00:00   1.4364e-01   3.8311e+01   1.1530e+01   3.0775e-02   5.3315e-02   2.9095e+02
20260219_15:00:00   1.7085e-01   4.4427e+01   1.2913e+01   4.8846e-02   1.8048e-02   2.9242e+02
20260219_18:00:00   1.6363e-01   4.2987e+01   1.4424e+01   2.5159e-02   9.9549e-02   2.9443e+02
20260219_21:00:00   3.8602e-01   8.8533e+01   1.5605e+01   2.6308e-01   3.0631e-01   2.9409e+02
20260220_00:00:00   1.5155e-01   4.0307e+01   1.5527e+01   1.3668e-03   9.4544e-02   2.9280e+02
20260220_03:00:00   2.1581e-01   5.4796e+01   1.6723e+01   6.5328e-02   1.9533e-01   2.9128e+02
20260220_06:00:00   1.6943e-01   4.4247e+01   1.6433e+01   1.5654e-02   4.8428e-01   2.9208e+02
20260220_09:00:00   2.1794e-01   5.5019e+01   1.6304e+01   7.0057e-02   5.9164e-01   2.9160e+02
20260220_12:00:00   3.6324e-01   8.4455e+01   1.4462e+01   2.4998e-01   1.1636e-01   2.9830e+02
20260220_15:00:00   1.2046e-01   3.2819e+01   1.0793e+01   3.5392e-03   1.1178e-02   3.2799e+02
20260220_18:00:00   1.0061e-01   2.8197e+01   7.6923e+00   6.6006e-03   5.5916e-04   3.1216e+02
20260220_21:00:00   8.8879e-02   2.5393e+01   7.2731e+00   0.0000e+00   8.0540e-07   3.1354e+02
20260221_00:00:00   8.1968e-02   2.3732e+01   6.3531e+00   0.0000e+00   0.0000e+00   3.1178e+02
20260221_03:00:00   7.8880e-02   2.2902e+01   5.6386e+00   0.0000e+00   0.0000e+00   3.1480e+02
20260221_06:00:00   7.2930e-02   2.1373e+01   4.8222e+00   0.0000e+00   0.0000e+00   3.1073e+02
20260221_09:00:00   6.8986e-02   2.0383e+01   4.2755e+00   0.0000e+00   0.0000e+00   3.0853e+02
20260221_12:00:00   7.1298e-02   2.0949e+01   4.5490e+00   0.0000e+00   0.0000e+00   3.1080e+02
20260221_15:00:00   7.4881e-02   2.1845e+01   4.9605e+00   0.0000e+00   0.0000e+00   3.0433e+02
20260221_18:00:00   8.5364e-02   2.4520e+01   6.3493e+00   0.0000e+00   0.0000e+00   2.9706e+02
20260221_21:00:00   9.0057e-02   2.5747e+01   7.3354e+00   0.0000e+00   0.0000e+00   2.8776e+02
20260222_00:00:00   9.3622e-02   2.6669e+01   8.0269e+00   0.0000e+00   1.0808e-07   2.8698e+02
20260222_03:00:00   9.5925e-02   2.7208e+01   8.0120e+00   0.0000e+00   3.5601e-04   2.8976e+02
20260222_06:00:00   9.4655e-02   2.6821e+01   7.7902e+00   0.0000e+00   7.4159e-03   2.9025e+02
20260222_09:00:00   8.8882e-02   2.5411e+01   6.9007e+00   0.0000e+00   2.3540e-05   2.8919e+02
20260222_12:00:00   9.3830e-02   2.6614e+01   7.5940e+00   0.0000e+00   0.0000e+00   2.8773e+02
20260222_15:00:00   1.1086e-01   3.0712e+01   9.9236e+00   0.0000e+00   2.7928e-03   2.8866e+02
20260222_18:00:00   1.1944e-01   3.2742e+01   1.1325e+01   1.9921e-04   7.1882e-03   2.8713e+02
20260222_21:00:00   1.6560e-01   4.3608e+01   1.1469e+01   4.6357e-02   1.3334e-02   2.8946e+02
20260223_00:00:00   2.9955e-01   7.1659e+01   1.5004e+01   1.7054e-01   6.7353e-01   2.9173e+02
20260223_03:00:00   1.4297e-01   3.8253e+01   1.4278e+01   8.5019e-04   1.3490e-02   2.9827e+02
20260223_06:00:00   1.2002e-01   3.2947e+01   1.0896e+01   6.4730e-05   0.0000e+00   3.0616e+02
20260223_09:00:00   9.9165e-02   2.7877e+01   8.1410e+00   0.0000e+00   0.0000e+00   3.1023e+02
20260223_12:00:00   8.6872e-02   2.4741e+01   6.3432e+00   0.0000e+00   0.0000e+00   3.1709e+02
20260223_15:00:00   8.4266e-02   2.3931e+01   6.0467e+00   0.0000e+00   5.6286e-04   3.1803e+02
20260223_18:00:00   8.5437e-02   2.4132e+01   5.9917e+00   8.7735e-04   1.5972e-02   3.2781e+02
20260223_21:00:00   8.8804e-02   2.4702e+01   5.6166e+00   1.1706e-02   1.4120e-02   3.3718e+02
20260224_00:00:00   7.3449e-02   2.1163e+01   4.7316e+00   0.0000e+00   1.0735e-04   3.4087e+02
20260224_03:00:00   7.1594e-02   2.0737e+01   4.2760e+00   0.0000e+00   3.8700e-07   3.3924e+02
20260224_06:00:00   8.6333e-02   2.4258e+01   6.2065e+00   1.5100e-05   1.7348e-04   3.3646e+02
20260224_09:00:00   8.4350e-02   2.3838e+01   5.7699e+00   1.0066e-06   2.6502e-05   3.2900e+02
20260224_12:00:00   8.0423e-02   2.2918e+01   5.1420e+00   0.0000e+00   1.2942e-06   3.2667e+02
20260224_15:00:00   7.3486e-02   2.1263e+01   4.2149e+00   0.0000e+00   8.0540e-07   3.2935e+02
20260224_18:00:00   7.3346e-02   2.1316e+01   4.4446e+00   0.0000e+00   0.0000e+00   3.3255e+02
20260224_21:00:00   7.6141e-02   2.2065e+01   5.0789e+00   0.0000e+00   0.0000e+00   3.1410e+02
20260225_00:00:00   7.3443e-02   2.1429e+01   4.7988e+00   0.0000e+00   0.0000e+00   3.0227e+02
20260225_03:00:00   7.0299e-02   2.0628e+01   4.2489e+00   0.0000e+00   0.0000e+00   3.0567e+02
20260225_06:00:00   6.8132e-02   2.0044e+01   3.9608e+00   0.0000e+00   3.9734e-03   3.0069e+02
20260225_09:00:00   7.0348e-02   2.0550e+01   4.4352e+00   0.0000e+00   9.0150e-05   2.9500e+02
20260225_12:00:00   7.3854e-02   2.1399e+01   5.1164e+00   0.0000e+00   0.0000e+00   2.9331e+02
20260225_15:00:00   7.3372e-02   2.1255e+01   5.0981e+00   0.0000e+00   0.0000e+00   2.9574e+02
20260225_18:00:00   7.2881e-02   2.1153e+01   5.1949e+00   0.0000e+00   2.1316e-04   2.9808e+02
20260225_21:00:00   7.5909e-02   2.1863e+01   5.7977e+00   0.0000e+00   1.3559e-01   2.9976e+02
20260226_00:00:00   6.9539e-02   2.0364e+01   4.7988e+00   3.9860e-05   3.6165e-02   3.0387e+02
20260226_03:00:00   7.6174e-02   2.2066e+01   5.6811e+00   0.0000e+00   7.8000e-05   3.0779e+02
20260226_06:00:00   7.0781e-02   2.0698e+01   4.7151e+00   0.0000e+00   6.2825e-03   3.1004e+02
20260226_09:00:00   7.1460e-02   2.0854e+01   4.7378e+00   0.0000e+00   1.5295e-03   3.0911e+02
20260226_12:00:00   6.6993e-02   1.9726e+01   3.9749e+00   0.0000e+00   1.7326e-02   3.1523e+02
20260226_15:00:00   7.0576e-02   2.0547e+01   4.6323e+00   0.0000e+00   1.5458e-06   3.1811e+02
20260226_18:00:00   6.8083e-02   1.9986e+01   3.9523e+00   0.0000e+00   2.0920e-05   3.2142e+02
20260226_21:00:00   7.3133e-02   2.1152e+01   4.6440e+00   0.0000e+00   2.8407e-04   3.2704e+02
20260227_00:00:00   6.6677e-02   1.9445e+01   3.5368e+00   3.6020e-08   1.1916e-05   3.4155e+02
20260227_03:00:00   6.6831e-02   1.9437e+01   3.4028e+00   0.0000e+00   0.0000e+00   3.4905e+02
20260227_06:00:00   6.3562e-02   1.8592e+01   2.8643e+00   0.0000e+00   0.0000e+00   3.4529e+02
20260227_09:00:00   5.9936e-02   1.7675e+01   2.3012e+00   0.0000e+00   0.0000e+00   3.3966e+02
20260227_12:00:00   5.8879e-02   1.7398e+01   2.1089e+00   0.0000e+00   0.0000e+00   3.4315e+02
