#            date       tau255        Tb[K]      pwv[mm] lwp[kg*m^-2] iwp[kg*m^-2]       o3[DU]
20260106_06:00:00   8.3946e-02   2.3931e+01   6.3362e+00   0.0000e+00   1.8530e-04   2.6292e+02
20260106_07:00:00   8.3629e-02   2.3849e+01   6.3042e+00   0.0000e+00   1.1700e-03   2.6399e+02
20260106_08:00:00   8.3156e-02   2.3733e+01   6.2336e+00   0.0000e+00   0.0000e+00   2.6441e+02
20260106_09:00:00   8.3535e-02   2.3810e+01   6.3452e+00   0.0000e+00   7.4540e-05   2.6683e+02
20260106_10:00:00   8.2319e-02   2.3500e+01   6.2038e+00   0.0000e+00   1.0018e-05   2.6782e+02
20260106_11:00:00   8.0111e-02   2.2960e+01   5.8506e+00   0.0000e+00   4.0798e-05   2.6825e+02
20260106_12:00:00   7.9547e-02   2.2817e+01   5.7681e+00   0.0000e+00   2.1524e-05   2.6896e+02
20260106_13:00:00   8.0048e-02   2.2916e+01   5.9331e+00   0.0000e+00   8.0024e-05   2.7059e+02
20260106_14:00:00   8.0486e-02   2.3008e+01   6.0537e+00   0.0000e+00   1.7254e-03   2.6930e+02
20260106_15:00:00   8.1145e-02   2.3153e+01   6.2431e+00   0.0000e+00   6.0630e-03   2.6786e+02
20260106_16:00:00   8.2718e-02   2.3523e+01   6.5982e+00   0.0000e+00   8.5368e-03   2.6906e+02
20260106_17:00:00   8.2197e-02   2.3422e+01   6.5554e+00   0.0000e+00   7.2127e-03   2.7024e+02
20260106_18:00:00   8.2391e-02   2.3505e+01   6.5706e+00   0.0000e+00   4.7523e-03   2.6945e+02
20260106_19:00:00   8.3412e-02   2.3781e+01   6.7559e+00   0.0000e+00   2.3466e-03   2.6775e+02
20260106_20:00:00   8.4721e-02   2.4122e+01   7.0004e+00   0.0000e+00   1.5612e-03   2.6630e+02
20260106_21:00:00   8.6247e-02   2.4499e+01   7.2893e+00   0.0000e+00   1.1098e-03   2.6315e+02
20260106_22:00:00   8.6156e-02   2.4485e+01   7.3283e+00   0.0000e+00   2.3881e-03   2.6165e+02
20260106_23:00:00   8.4348e-02   2.4048e+01   7.0700e+00   0.0000e+00   4.0964e-03   2.6191e+02
20260107_00:00:00   8.0566e-02   2.3144e+01   6.4355e+00   0.0000e+00   7.1583e-03   2.6183e+02
20260107_01:00:00   7.8027e-02   2.2502e+01   6.0823e+00   0.0000e+00   1.3938e-02   2.6159e+02
20260107_02:00:00   7.7767e-02   2.2416e+01   6.0854e+00   0.0000e+00   1.5504e-02   2.6302e+02
20260107_03:00:00   7.6453e-02   2.2107e+01   5.8179e+00   0.0000e+00   4.9973e-04   2.6785e+02
20260107_04:00:00   7.3495e-02   2.1393e+01   5.3195e+00   0.0000e+00   8.5667e-04   2.6914e+02
20260107_05:00:00   7.2308e-02   2.1097e+01   5.0835e+00   0.0000e+00   1.8980e-03   2.6965e+02
20260107_06:00:00   7.3357e-02   2.1327e+01   5.3298e+00   0.0000e+00   2.3149e-03   2.7033e+02
20260107_07:00:00   7.4327e-02   2.1540e+01   5.5418e+00   0.0000e+00   1.8203e-02   2.7031e+02
20260107_08:00:00   7.6264e-02   2.1985e+01   5.9292e+00   0.0000e+00   1.2524e-02   2.7255e+02
20260107_09:00:00   7.6681e-02   2.2088e+01   5.9976e+00   0.0000e+00   3.4128e-03   2.7005e+02
20260107_10:00:00   7.7829e-02   2.2358e+01   6.1724e+00   0.0000e+00   1.9588e-03   2.7055e+02
20260107_11:00:00   7.8358e-02   2.2474e+01   6.2950e+00   0.0000e+00   6.3625e-03   2.7011e+02
20260107_12:00:00   7.8768e-02   2.2562e+01   6.3879e+00   0.0000e+00   4.5111e-03   2.6781e+02
20260107_13:00:00   7.8955e-02   2.2602e+01   6.4242e+00   0.0000e+00   5.7253e-03   2.6977e+02
20260107_14:00:00   7.8466e-02   2.2479e+01   6.3414e+00   0.0000e+00   4.7164e-03   2.7344e+02
20260107_15:00:00   7.6814e-02   2.2086e+01   6.0442e+00   0.0000e+00   6.4845e-03   2.7353e+02
20260107_16:00:00   7.5880e-02   2.1860e+01   5.8689e+00   0.0000e+00   6.2780e-03   2.7545e+02
20260107_17:00:00   7.5969e-02   2.1900e+01   5.8760e+00   0.0000e+00   3.3697e-03   2.7594e+02
20260107_18:00:00   7.8576e-02   2.2544e+01   6.3175e+00   0.0000e+00   4.2964e-03   2.7685e+02
20260107_19:00:00   8.2437e-02   2.3477e+01   6.9865e+00   0.0000e+00   1.8444e-03   2.7570e+02
20260107_20:00:00   8.2646e-02   2.3529e+01   7.0716e+00   0.0000e+00   3.0922e-03   2.7783e+02
20260107_21:00:00   8.3114e-02   2.3629e+01   7.1772e+00   0.0000e+00   2.1189e-02   2.7955e+02
20260107_22:00:00   8.2311e-02   2.3404e+01   7.0574e+00   0.0000e+00   9.5332e-02   2.8171e+02
20260107_23:00:00   8.7045e-02   2.4511e+01   7.6927e+00   0.0000e+00   2.4198e-01   2.8571e+02
20260108_00:00:00   9.2982e-02   2.5941e+01   8.5813e+00   0.0000e+00   1.6082e-01   2.8361e+02
20260108_01:00:00   9.6281e-02   2.6739e+01   9.0693e+00   0.0000e+00   1.9278e-02   2.8427e+02
20260108_02:00:00   9.9442e-02   2.7502e+01   9.3874e+00   0.0000e+00   1.1942e-02   2.9359e+02
20260108_03:00:00   1.0689e-01   2.9221e+01   1.0216e+01   0.0000e+00   3.2347e-01   2.9565e+02
20260108_04:00:00   1.1848e-01   3.1992e+01   1.1461e+01   0.0000e+00   1.6935e-01   2.9775e+02
20260108_05:00:00   1.3165e-01   3.5069e+01   1.1934e+01   7.2190e-03   5.1452e-01   3.0908e+02
20260108_06:00:00   1.9731e-01   5.0111e+01   1.1774e+01   8.0870e-02   7.1526e-01   3.2038e+02
20260108_07:00:00   2.1977e-01   5.5026e+01   1.1489e+01   1.0790e-01   6.6385e-01   3.2048e+02
20260108_08:00:00   2.1472e-01   5.3943e+01   1.1108e+01   1.0603e-01   3.5445e-01   3.1531e+02
20260108_09:00:00   1.7613e-01   4.5401e+01   1.0700e+01   6.7973e-02   2.1461e-02   2.9996e+02
20260108_10:00:00   2.5360e-01   6.2258e+01   1.0115e+01   1.5910e-01   3.2727e-03   2.9915e+02
20260108_11:00:00   1.3676e-01   3.6383e+01   9.3645e+00   3.4359e-02   2.2474e-03   2.9983e+02
20260108_12:00:00   1.2746e-01   3.4091e+01   9.7393e+00   2.0561e-02   1.4824e-02   3.0199e+02
20260108_13:00:00   1.2021e-01   3.2324e+01   9.4936e+00   1.3130e-02   2.0697e-02   3.0503e+02
20260108_14:00:00   1.0356e-01   2.8349e+01   8.6330e+00   1.7754e-03   2.1483e-02   3.1214e+02
20260108_15:00:00   9.8191e-02   2.7045e+01   7.5680e+00   5.0043e-03   2.2207e-02   3.1845e+02
20260108_16:00:00   9.3242e-02   2.5860e+01   7.2584e+00   1.6817e-04   1.0813e-03   3.2547e+02
20260108_17:00:00   9.6393e-02   2.6673e+01   7.1660e+00   1.6960e-03   2.8289e-02   3.2756e+02
20260108_18:00:00   8.4785e-02   2.3894e+01   5.9291e+00   1.1188e-04   7.4418e-03   3.3563e+02
20260108_19:00:00   8.6521e-02   2.4290e+01   6.1009e+00   8.8552e-04   4.5864e-03   3.4250e+02
20260108_20:00:00   8.3842e-02   2.3628e+01   5.7780e+00   8.7860e-04   8.1431e-04   3.4263e+02
20260108_21:00:00   8.2131e-02   2.3198e+01   5.6516e+00   1.7124e-04   3.9654e-04   3.3976e+02
20260108_22:00:00   8.1712e-02   2.3070e+01   5.6676e+00   5.3540e-05   1.5324e-04   3.4013e+02
20260108_23:00:00   8.4717e-02   2.3750e+01   6.2585e+00   0.0000e+00   1.0347e-04   3.3879e+02
20260109_00:00:00   9.6330e-02   2.6468e+01   7.6702e+00   8.2870e-07   1.6992e-01   3.3453e+02
20260109_01:00:00   9.3758e-02   2.5889e+01   7.3905e+00   0.0000e+00   3.9958e-02   3.3034e+02
20260109_02:00:00   8.6861e-02   2.4239e+01   6.5065e+00   3.8220e-05   8.3391e-03   3.2766e+02
20260109_03:00:00   9.2323e-02   2.5485e+01   7.0468e+00   8.3163e-04   8.3718e-02   3.2522e+02
20260109_04:00:00   9.2104e-02   2.5399e+01   7.1225e+00   0.0000e+00   1.2538e-01   3.3099e+02
20260109_05:00:00   9.8802e-02   2.6938e+01   7.7349e+00   3.3473e-05   3.2599e-01   3.2843e+02
20260109_06:00:00   9.5218e-02   2.6078e+01   7.2702e+00   2.3336e-04   3.0244e-01   3.2581e+02
20260109_07:00:00   9.6909e-02   2.6495e+01   6.9640e+00   4.9790e-03   1.7093e-01   3.2553e+02
20260109_08:00:00   9.6622e-02   2.6399e+01   6.9384e+00   4.7360e-03   9.4049e-02   3.2813e+02
20260109_09:00:00   9.5916e-02   2.6255e+01   6.7114e+00   4.0981e-03   6.6212e-02   3.3674e+02
20260109_10:00:00   9.0445e-02   2.4924e+01   6.4367e+00   4.2805e-04   1.1377e-01   3.4454e+02
20260109_11:00:00   8.3768e-02   2.3335e+01   5.7177e+00   1.3220e-04   3.1889e-02   3.4467e+02
20260109_12:00:00   8.0108e-02   2.2430e+01   5.3493e+00   1.7604e-04   4.9828e-03   3.4683e+02
20260109_13:00:00   8.1555e-02   2.2765e+01   4.9716e+00   4.2627e-03   1.2356e-02   3.4507e+02
20260109_14:00:00   7.7779e-02   2.1816e+01   4.9666e+00   9.1920e-06   2.8103e-02   3.4666e+02
20260109_15:00:00   7.9391e-02   2.2165e+01   5.1534e+00   2.6760e-05   3.6308e-02   3.5162e+02
20260109_16:00:00   7.4594e-02   2.0988e+01   4.4671e+00   1.6846e-06   5.4912e-02   3.5442e+02
20260109_17:00:00   7.5929e-02   2.1289e+01   4.4720e+00   1.2416e-03   1.0944e-02   3.5867e+02
20260109_18:00:00   7.7663e-02   2.1668e+01   4.8562e+00   8.0620e-06   3.1901e-02   3.6001e+02
20260109_19:00:00   7.9251e-02   2.2052e+01   5.0649e+00   3.2622e-04   5.4388e-02   3.6257e+02
20260109_20:00:00   8.1826e-02   2.2674e+01   5.1843e+00   1.6946e-03   7.0105e-02   3.6219e+02
20260109_21:00:00   8.2805e-02   2.2919e+01   5.3728e+00   8.1183e-04   4.3177e-02   3.6084e+02
20260109_22:00:00   8.1696e-02   2.2665e+01   5.2948e+00   2.8274e-05   3.1177e-02   3.5988e+02
20260109_23:00:00   8.0866e-02   2.2477e+01   5.2016e+00   1.7114e-05   1.2000e-02   3.5892e+02
20260110_00:00:00   8.2453e-02   2.2851e+01   5.3609e+00   1.6106e-05   1.0615e-02   3.5779e+02
20260110_01:00:00   8.4679e-02   2.3374e+01   5.5706e+00   1.0066e-05   1.4828e-02   3.5712e+02
20260110_02:00:00   8.5689e-02   2.3591e+01   5.6160e+00   0.0000e+00   5.2912e-02   3.5586e+02
20260110_03:00:00   8.6583e-02   2.3787e+01   5.6076e+00   0.0000e+00   1.8572e-01   3.5665e+02
20260110_04:00:00   8.7410e-02   2.3969e+01   5.6012e+00   7.1340e-05   2.4614e-01   3.6066e+02
20260110_05:00:00   8.2819e-02   2.2852e+01   5.0879e+00   0.0000e+00   9.2970e-02   3.6446e+02
20260110_06:00:00   7.7187e-02   2.1495e+01   4.4080e+00   0.0000e+00   2.3295e-02   3.6747e+02
20260110_07:00:00   7.4897e-02   2.0940e+01   4.0812e+00   0.0000e+00   2.6197e-02   3.7432e+02
20260110_08:00:00   7.3545e-02   2.0617e+01   3.8264e+00   0.0000e+00   8.1433e-02   3.7837e+02
20260110_09:00:00   7.0172e-02   1.9846e+01   3.3497e+00   0.0000e+00   1.0649e-02   3.7227e+02
20260110_10:00:00   6.5977e-02   1.8864e+01   2.7412e+00   0.0000e+00   4.8401e-04   3.6806e+02
20260110_11:00:00   6.3933e-02   1.8397e+01   2.4729e+00   0.0000e+00   7.3531e-06   3.6765e+02
20260110_12:00:00   6.3070e-02   1.8191e+01   2.3901e+00   0.0000e+00   2.8822e-08   3.6809e+02
20260110_13:00:00   6.1893e-02   1.7917e+01   2.3128e+00   0.0000e+00   0.0000e+00   3.6838e+02
20260110_14:00:00   6.1627e-02   1.7864e+01   2.3498e+00   0.0000e+00   0.0000e+00   3.6973e+02
20260110_15:00:00   6.1633e-02   1.7876e+01   2.4310e+00   0.0000e+00   0.0000e+00   3.7041e+02
20260110_16:00:00   6.3023e-02   1.8225e+01   2.7173e+00   0.0000e+00   0.0000e+00   3.6709e+02
20260110_17:00:00   6.4078e-02   1.8508e+01   2.9202e+00   0.0000e+00   0.0000e+00   3.6308e+02
20260110_18:00:00   6.6146e-02   1.9033e+01   3.2665e+00   0.0000e+00   0.0000e+00   3.6019e+02
20260110_19:00:00   6.8012e-02   1.9525e+01   3.5839e+00   0.0000e+00   0.0000e+00   3.6152e+02
20260110_20:00:00   6.9811e-02   1.9996e+01   3.8848e+00   0.0000e+00   0.0000e+00   3.5743e+02
20260110_21:00:00   7.0995e-02   2.0322e+01   4.1159e+00   0.0000e+00   0.0000e+00   3.5652e+02
20260110_22:00:00   7.1545e-02   2.0498e+01   4.1989e+00   0.0000e+00   0.0000e+00   3.5905e+02
20260110_23:00:00   7.2463e-02   2.0740e+01   4.3778e+00   0.0000e+00   0.0000e+00   3.6006e+02
20260111_00:00:00   7.3108e-02   2.0907e+01   4.5294e+00   0.0000e+00   0.0000e+00   3.6395e+02
20260111_01:00:00   7.3553e-02   2.1023e+01   4.6385e+00   0.0000e+00   0.0000e+00   3.6379e+02
20260111_02:00:00   7.4300e-02   2.1212e+01   4.7551e+00   0.0000e+00   0.0000e+00   3.6134e+02
20260111_03:00:00   7.4036e-02   2.1169e+01   4.7292e+00   0.0000e+00   0.0000e+00   3.5584e+02
20260111_04:00:00   7.3561e-02   2.1074e+01   4.6506e+00   0.0000e+00   0.0000e+00   3.4928e+02
20260111_05:00:00   7.3339e-02   2.1032e+01   4.6219e+00   0.0000e+00   0.0000e+00   3.4349e+02
20260111_06:00:00   7.3419e-02   2.1071e+01   4.6769e+00   0.0000e+00   0.0000e+00   3.3983e+02
20260111_09:00:00   7.2858e-02   2.0966e+01   4.6069e+00   0.0000e+00   0.0000e+00   3.3049e+02
20260111_12:00:00   7.1304e-02   2.0614e+01   4.3750e+00   0.0000e+00   0.0000e+00   3.2475e+02
20260111_15:00:00   6.9464e-02   2.0195e+01   4.0806e+00   0.0000e+00   0.0000e+00   3.2717e+02
20260111_18:00:00   6.8961e-02   2.0095e+01   4.0630e+00   0.0000e+00   0.0000e+00   3.1667e+02
20260111_21:00:00   6.8316e-02   1.9968e+01   4.0870e+00   0.0000e+00   0.0000e+00   3.1049e+02
20260112_00:00:00   6.9064e-02   2.0175e+01   4.2530e+00   0.0000e+00   0.0000e+00   3.0921e+02
20260112_03:00:00   7.0354e-02   2.0494e+01   4.4556e+00   0.0000e+00   0.0000e+00   3.1344e+02
20260112_06:00:00   7.0593e-02   2.0571e+01   4.4223e+00   0.0000e+00   0.0000e+00   3.1403e+02
20260112_09:00:00   7.1446e-02   2.0771e+01   4.4829e+00   0.0000e+00   0.0000e+00   3.1431e+02
20260112_12:00:00   6.9554e-02   2.0301e+01   4.0801e+00   0.0000e+00   1.0054e-05   3.1489e+02
20260112_15:00:00   6.9445e-02   2.0236e+01   3.9318e+00   0.0000e+00   1.0066e-06   3.2621e+02
20260112_18:00:00   7.1476e-02   2.0707e+01   4.3628e+00   0.0000e+00   1.4742e-04   3.2847e+02
20260112_21:00:00   7.1834e-02   2.0827e+01   4.3761e+00   0.0000e+00   2.3959e-04   3.4256e+02
20260113_00:00:00   7.8054e-02   2.2309e+01   5.2849e+00   0.0000e+00   1.4478e-06   3.4388e+02
20260113_03:00:00   7.8460e-02   2.2375e+01   5.0253e+00   0.0000e+00   0.0000e+00   3.3852e+02
20260113_06:00:00   7.5910e-02   2.1692e+01   4.6181e+00   0.0000e+00   0.0000e+00   3.4267e+02
20260113_09:00:00   7.5241e-02   2.1498e+01   4.5373e+00   0.0000e+00   0.0000e+00   3.4580e+02
20260113_12:00:00   7.4911e-02   2.1395e+01   4.5247e+00   0.0000e+00   0.0000e+00   3.4064e+02
20260113_15:00:00   7.4091e-02   2.1195e+01   4.4927e+00   0.0000e+00   0.0000e+00   3.4503e+02
20260113_18:00:00   7.4843e-02   2.1436e+01   4.8210e+00   0.0000e+00   1.8014e-08   3.3748e+02
20260113_21:00:00   7.8379e-02   2.2381e+01   5.5548e+00   0.0000e+00   0.0000e+00   3.2741e+02
20260114_00:00:00   7.8935e-02   2.2573e+01   5.6961e+00   0.0000e+00   0.0000e+00   3.1824e+02
20260114_03:00:00   7.9009e-02   2.2583e+01   5.7435e+00   0.0000e+00   2.4827e-05   3.0692e+02
20260114_06:00:00   8.1846e-02   2.3254e+01   6.2494e+00   0.0000e+00   0.0000e+00   3.0174e+02
20260114_09:00:00   8.2728e-02   2.3469e+01   6.4288e+00   0.0000e+00   0.0000e+00   2.9771e+02
20260114_12:00:00   8.2254e-02   2.3367e+01   6.3451e+00   0.0000e+00   0.0000e+00   3.0001e+02
20260114_15:00:00   8.0870e-02   2.3059e+01   6.0950e+00   0.0000e+00   3.5659e-05   2.9638e+02
20260114_18:00:00   7.7285e-02   2.2267e+01   5.6216e+00   0.0000e+00   6.2900e-05   2.9511e+02
20260114_21:00:00   7.9119e-02   2.2841e+01   5.8513e+00   0.0000e+00   0.0000e+00   2.9075e+02
20260115_00:00:00   7.8041e-02   2.2651e+01   5.5510e+00   0.0000e+00   3.8878e-05   2.8842e+02
20260115_03:00:00   7.5938e-02   2.2120e+01   5.2175e+00   0.0000e+00   2.0760e-05   2.8654e+02
20260115_06:00:00   7.4973e-02   2.1848e+01   5.1204e+00   0.0000e+00   0.0000e+00   2.9150e+02
20260115_09:00:00   7.6462e-02   2.2176e+01   5.4112e+00   0.0000e+00   0.0000e+00   2.9439e+02
20260115_12:00:00   7.8727e-02   2.2713e+01   5.7326e+00   0.0000e+00   0.0000e+00   2.9863e+02
20260115_15:00:00   6.8409e-02   2.0160e+01   3.8896e+00   0.0000e+00   0.0000e+00   2.9933e+02
20260115_18:00:00   6.3694e-02   1.9010e+01   3.1624e+00   0.0000e+00   0.0000e+00   3.0439e+02
20260115_21:00:00   6.8152e-02   2.0177e+01   3.9441e+00   0.0000e+00   0.0000e+00   3.0163e+02
20260116_00:00:00   6.3042e-02   1.8879e+01   3.2052e+00   0.0000e+00   0.0000e+00   3.0493e+02
20260116_03:00:00   6.1072e-02   1.8339e+01   2.8861e+00   0.0000e+00   0.0000e+00   3.1288e+02
20260116_06:00:00   6.0569e-02   1.8190e+01   2.8069e+00   0.0000e+00   0.0000e+00   3.1776e+02
20260116_09:00:00   6.2496e-02   1.8655e+01   3.1056e+00   0.0000e+00   0.0000e+00   3.2246e+02
20260116_12:00:00   6.4223e-02   1.9070e+01   3.3663e+00   0.0000e+00   0.0000e+00   3.2409e+02
20260116_15:00:00   6.9936e-02   2.0448e+01   4.1813e+00   0.0000e+00   0.0000e+00   3.2793e+02
20260116_18:00:00   7.7357e-02   2.2231e+01   5.2080e+00   0.0000e+00   0.0000e+00   3.2453e+02
20260116_21:00:00   8.5897e-02   2.4287e+01   6.4970e+00   0.0000e+00   0.0000e+00   3.2104e+02
20260117_00:00:00   8.7856e-02   2.4683e+01   6.5417e+00   1.1735e-03   8.1760e-05   3.2081e+02
20260117_03:00:00   8.9322e-02   2.4961e+01   6.7723e+00   2.5741e-04   6.8642e-05   3.1491e+02
20260117_06:00:00   8.4224e-02   2.3708e+01   5.9501e+00   4.7660e-04   2.2366e-03   3.1073e+02
20260117_09:00:00   8.3244e-02   2.3434e+01   5.8964e+00   4.6860e-04   1.9106e-03   3.1381e+02
20260117_12:00:00   8.0313e-02   2.2753e+01   5.5536e+00   1.2870e-05   4.3907e-05   3.0718e+02
20260117_15:00:00   7.8998e-02   2.2489e+01   5.3697e+00   0.0000e+00   1.6025e-03   3.0348e+02
20260117_18:00:00   7.8344e-02   2.2400e+01   5.4043e+00   0.0000e+00   7.1539e-04   3.0311e+02
20260117_21:00:00   7.4739e-02   2.1598e+01   5.1803e+00   0.0000e+00   2.0986e-03   3.0212e+02
20260118_00:00:00   7.1673e-02   2.0887e+01   4.8640e+00   0.0000e+00   3.0980e-03   2.9961e+02
20260118_03:00:00   6.9159e-02   2.0289e+01   4.4457e+00   0.0000e+00   7.3860e-03   2.9821e+02
20260118_06:00:00   6.8966e-02   2.0250e+01   4.4637e+00   0.0000e+00   6.8798e-03   2.9583e+02
20260118_09:00:00   7.2393e-02   2.1086e+01   5.0805e+00   0.0000e+00   2.8145e-02   2.9688e+02
20260118_12:00:00   7.2259e-02   2.1029e+01   5.1540e+00   0.0000e+00   6.8662e-02   3.0022e+02
20260118_15:00:00   7.0419e-02   2.0564e+01   4.8538e+00   0.0000e+00   5.8185e-02   3.0094e+02
20260118_18:00:00   7.1182e-02   2.0757e+01   4.9810e+00   0.0000e+00   6.2470e-02   3.0390e+02
20260118_21:00:00   7.3582e-02   2.1395e+01   5.3351e+00   0.0000e+00   3.5322e-02   3.0519e+02
20260119_00:00:00   8.1163e-02   2.3237e+01   6.4887e+00   0.0000e+00   8.8915e-02   2.9858e+02
20260119_03:00:00   9.6736e-02   2.6994e+01   8.7545e+00   0.0000e+00   6.1431e-02   2.9963e+02
20260119_06:00:00   1.0603e-01   2.9163e+01   9.8000e+00   4.2601e-04   4.3612e-02   2.9498e+02
20260119_09:00:00   1.1167e-01   3.0478e+01   1.0553e+01   0.0000e+00   2.9015e-02   2.8849e+02
20260119_12:00:00   1.0825e-01   2.9724e+01   9.3712e+00   9.3040e-04   6.5172e-04   2.8943e+02
20260119_15:00:00   1.1798e-01   3.2049e+01   9.0560e+00   1.3312e-02   8.6497e-05   2.9241e+02
20260119_18:00:00   1.2708e-01   3.4198e+01   9.9810e+00   1.3289e-02   1.5245e-01   2.9827e+02
20260119_21:00:00   1.1354e-01   3.1009e+01   9.5762e+00   3.3985e-03   2.6039e-02   2.9974e+02
20260120_00:00:00   9.9080e-02   2.7520e+01   8.3928e+00   0.0000e+00   4.9612e-03   2.9939e+02
20260120_03:00:00   9.3843e-02   2.6121e+01   7.8678e+00   0.0000e+00   2.2743e-02   2.9619e+02
20260120_06:00:00   8.6108e-02   2.4282e+01   6.5503e+00   0.0000e+00   8.0344e-03   2.9250e+02
20260120_09:00:00   8.1698e-02   2.3213e+01   5.8576e+00   0.0000e+00   2.7404e-06   2.8851e+02
20260120_12:00:00   8.1837e-02   2.3237e+01   5.8234e+00   0.0000e+00   1.2416e-05   2.9018e+02
20260120_15:00:00   8.2976e-02   2.3509e+01   5.9035e+00   0.0000e+00   6.4700e-06   2.9137e+02
20260120_18:00:00   8.2518e-02   2.3455e+01   5.9378e+00   0.0000e+00   1.4310e-04   2.8904e+02
20260120_21:00:00   7.8636e-02   2.2530e+01   5.7615e+00   1.1168e-05   2.1027e-03   2.8399e+02
20260121_00:00:00   8.1690e-02   2.3333e+01   6.1053e+00   0.0000e+00   3.3040e-06   2.8634e+02
20260121_03:00:00   7.2050e-02   2.0981e+01   4.5376e+00   0.0000e+00   8.4140e-06   2.9066e+02
20260121_06:00:00   6.9081e-02   2.0215e+01   4.1024e+00   0.0000e+00   4.9880e-03   2.8892e+02
20260121_09:00:00   7.0503e-02   2.0505e+01   4.5904e+00   0.0000e+00   1.3417e-03   2.8335e+02
20260121_12:00:00   7.7553e-02   2.2187e+01   5.8404e+00   0.0000e+00   6.9336e-05   2.8559e+02
20260121_15:00:00   8.8860e-02   2.4973e+01   7.4067e+00   0.0000e+00   1.2783e-02   2.8310e+02
20260121_18:00:00   8.9647e-02   2.5197e+01   7.6716e+00   0.0000e+00   3.3579e-02   2.8080e+02
20260121_21:00:00   9.7449e-02   2.7088e+01   9.0540e+00   0.0000e+00   1.0980e-01   2.7787e+02
20260122_00:00:00   1.0158e-01   2.8064e+01   9.5782e+00   0.0000e+00   1.7517e-01   2.7745e+02
20260122_03:00:00   1.0171e-01   2.8147e+01   9.5415e+00   0.0000e+00   2.1963e-01   2.7891e+02
20260122_06:00:00   9.4325e-02   2.6442e+01   8.1902e+00   0.0000e+00   1.7519e-01   2.8438e+02
