#            date       tau255        Tb[K]      pwv[mm] lwp[kg*m^-2] iwp[kg*m^-2]       o3[DU]
20260513_18:00:00   9.6452e-02   2.7840e+01   9.9761e+00   8.0540e-06   1.5635e-03   3.3584e+02
20260513_19:00:00   9.3799e-02   2.7129e+01   9.7155e+00   8.6985e-06   2.4770e-03   3.3726e+02
20260513_20:00:00   9.1653e-02   2.6574e+01   9.4936e+00   4.1540e-05   3.3081e-03   3.3788e+02
20260513_21:00:00   8.9600e-02   2.6073e+01   9.2321e+00   0.0000e+00   7.6636e-03   3.3923e+02
20260513_22:00:00   9.7939e-02   2.8077e+01   1.0768e+01   0.0000e+00   4.6259e-02   3.3875e+02
20260513_23:00:00   1.0547e-01   2.9904e+01   1.1938e+01   3.5475e-06   1.0880e-01   3.3853e+02
20260514_00:00:00   1.1943e-01   3.3546e+01   1.3594e+01   0.0000e+00   1.6989e-02   3.3754e+02
20260514_01:00:00   1.1573e-01   3.2551e+01   1.3226e+01   0.0000e+00   5.0816e-02   3.3769e+02
20260514_02:00:00   1.2574e-01   3.4904e+01   1.4592e+01   0.0000e+00   1.8097e-01   3.3910e+02
20260514_03:00:00   1.4025e-01   3.8303e+01   1.6437e+01   0.0000e+00   1.7198e-01   3.4047e+02
20260514_04:00:00   1.4715e-01   3.9893e+01   1.7211e+01   0.0000e+00   3.2919e-01   3.4275e+02
20260514_05:00:00   1.5452e-01   4.1587e+01   1.7888e+01   0.0000e+00   5.4433e-01   3.4120e+02
20260514_06:00:00   1.4983e-01   4.0493e+01   1.7447e+01   0.0000e+00   3.2734e-01   3.4011e+02
20260514_07:00:00   1.5065e-01   4.0682e+01   1.7538e+01   1.6106e-05   2.4943e-01   3.3979e+02
20260514_08:00:00   1.4561e-01   3.9545e+01   1.6827e+01   0.0000e+00   2.4204e-01   3.3931e+02
20260514_09:00:00   1.3241e-01   3.6475e+01   1.5211e+01   0.0000e+00   6.3131e-02   3.4230e+02
20260514_10:00:00   1.3126e-01   3.6244e+01   1.4813e+01   0.0000e+00   3.3161e-02   3.4322e+02
20260514_11:00:00   1.2854e-01   3.5533e+01   1.4451e+01   0.0000e+00   5.6601e-03   3.4184e+02
20260514_12:00:00   1.2511e-01   3.4670e+01   1.3899e+01   0.0000e+00   2.4682e-03   3.4137e+02
20260514_13:00:00   1.2483e-01   3.4612e+01   1.3818e+01   0.0000e+00   2.6957e-03   3.4350e+02
20260514_14:00:00   1.2383e-01   3.4409e+01   1.3633e+01   0.0000e+00   2.0312e-06   3.4437e+02
20260514_15:00:00   1.2422e-01   3.4518e+01   1.3690e+01   0.0000e+00   4.6387e-05   3.4352e+02
20260514_16:00:00   1.1671e-01   3.2734e+01   1.2608e+01   0.0000e+00   2.9374e-05   3.4542e+02
20260514_17:00:00   1.0662e-01   3.0270e+01   1.1248e+01   0.0000e+00   1.6250e-06   3.4688e+02
20260514_18:00:00   9.6976e-02   2.7858e+01   9.9134e+00   0.0000e+00   0.0000e+00   3.4767e+02
20260514_19:00:00   8.9380e-02   2.5933e+01   8.8210e+00   0.0000e+00   0.0000e+00   3.4840e+02
20260514_20:00:00   9.3193e-02   2.6907e+01   9.4712e+00   0.0000e+00   0.0000e+00   3.5004e+02
20260514_21:00:00   8.9773e-02   2.6049e+01   9.0238e+00   0.0000e+00   0.0000e+00   3.5198e+02
20260514_22:00:00   8.1678e-02   2.3969e+01   7.7670e+00   0.0000e+00   0.0000e+00   3.5568e+02
20260514_23:00:00   8.0619e-02   2.3710e+01   7.5904e+00   0.0000e+00   0.0000e+00   3.5791e+02
20260515_00:00:00   8.0165e-02   2.3589e+01   7.5033e+00   0.0000e+00   0.0000e+00   3.5915e+02
20260515_01:00:00   7.9814e-02   2.3485e+01   7.4390e+00   0.0000e+00   0.0000e+00   3.6126e+02
20260515_02:00:00   7.8420e-02   2.3125e+01   7.1708e+00   0.0000e+00   0.0000e+00   3.6204e+02
20260515_03:00:00   7.7088e-02   2.2788e+01   6.9115e+00   0.0000e+00   0.0000e+00   3.6142e+02
20260515_04:00:00   7.7024e-02   2.2770e+01   6.8565e+00   0.0000e+00   0.0000e+00   3.6023e+02
20260515_05:00:00   7.6362e-02   2.2583e+01   6.7361e+00   0.0000e+00   7.0470e-06   3.5932e+02
20260515_06:00:00   7.5433e-02   2.2326e+01   6.5510e+00   0.0000e+00   3.1200e-05   3.5859e+02
20260515_07:00:00   7.4313e-02   2.2050e+01   6.3003e+00   0.0000e+00   1.1024e-05   3.5922e+02
20260515_08:00:00   7.3550e-02   2.1865e+01   6.1108e+00   0.0000e+00   1.9030e-05   3.5875e+02
20260515_09:00:00   7.4602e-02   2.2132e+01   6.2488e+00   0.0000e+00   0.0000e+00   3.5711e+02
20260515_10:00:00   7.6209e-02   2.2536e+01   6.4797e+00   0.0000e+00   0.0000e+00   3.5869e+02
20260515_11:00:00   7.5824e-02   2.2445e+01   6.3541e+00   0.0000e+00   0.0000e+00   3.5781e+02
20260515_12:00:00   7.8283e-02   2.3058e+01   6.7105e+00   0.0000e+00   0.0000e+00   3.5642e+02
20260515_13:00:00   8.0341e-02   2.3569e+01   7.0173e+00   0.0000e+00   0.0000e+00   3.5649e+02
20260515_14:00:00   8.0904e-02   2.3709e+01   7.0989e+00   0.0000e+00   0.0000e+00   3.5817e+02
20260515_15:00:00   8.1856e-02   2.3954e+01   7.2633e+00   0.0000e+00   0.0000e+00   3.5764e+02
20260515_16:00:00   8.3246e-02   2.4322e+01   7.5145e+00   0.0000e+00   0.0000e+00   3.5595e+02
20260515_17:00:00   8.5642e-02   2.4948e+01   7.9497e+00   0.0000e+00   0.0000e+00   3.5595e+02
20260515_18:00:00   8.9285e-02   2.5875e+01   8.6252e+00   0.0000e+00   1.9328e-05   3.5515e+02
20260515_19:00:00   9.1629e-02   2.6483e+01   9.1481e+00   1.0470e-05   1.6269e-04   3.5382e+02
20260515_20:00:00   9.0876e-02   2.6294e+01   9.2249e+00   1.0670e-05   6.5664e-03   3.5201e+02
20260515_21:00:00   9.2557e-02   2.6698e+01   9.6149e+00   8.3560e-05   2.2334e-02   3.4460e+02
20260515_22:00:00   9.7899e-02   2.8002e+01   1.0284e+01   1.2520e-03   6.8762e-02   3.4141e+02
20260515_23:00:00   9.5823e-02   2.7491e+01   1.0148e+01   8.0300e-05   7.7420e-02   3.3999e+02
20260516_00:00:00   9.0588e-02   2.6250e+01   9.2797e+00   1.1126e-05   2.1631e-02   3.3943e+02
20260516_01:00:00   8.7650e-02   2.5585e+01   8.6853e+00   0.0000e+00   1.0852e-03   3.3919e+02
20260516_02:00:00   8.6093e-02   2.5214e+01   8.3268e+00   0.0000e+00   3.7220e-05   3.3899e+02
20260516_03:00:00   8.7450e-02   2.5527e+01   8.5568e+00   0.0000e+00   1.8791e-05   3.3804e+02
20260516_04:00:00   8.6909e-02   2.5397e+01   8.4211e+00   0.0000e+00   0.0000e+00   3.3703e+02
20260516_05:00:00   8.9487e-02   2.6017e+01   8.7944e+00   0.0000e+00   0.0000e+00   3.3612e+02
20260516_06:00:00   9.3933e-02   2.7098e+01   9.4630e+00   0.0000e+00   0.0000e+00   3.3614e+02
20260516_07:00:00   9.5347e-02   2.7449e+01   9.6657e+00   0.0000e+00   0.0000e+00   3.3614e+02
20260516_08:00:00   9.2232e-02   2.6660e+01   9.1594e+00   0.0000e+00   0.0000e+00   3.3721e+02
20260516_09:00:00   9.0461e-02   2.6207e+01   8.8400e+00   0.0000e+00   0.0000e+00   3.3732e+02
20260516_10:00:00   8.8677e-02   2.5780e+01   8.4919e+00   0.0000e+00   0.0000e+00   3.3755e+02
20260516_11:00:00   8.7994e-02   2.5599e+01   8.2706e+00   0.0000e+00   0.0000e+00   3.3842e+02
20260516_12:00:00   8.7809e-02   2.5547e+01   8.2428e+00   0.0000e+00   0.0000e+00   3.4020e+02
20260516_13:00:00   8.9693e-02   2.6004e+01   8.5442e+00   0.0000e+00   0.0000e+00   3.4167e+02
20260516_14:00:00   9.0735e-02   2.6268e+01   8.6893e+00   0.0000e+00   0.0000e+00   3.4320e+02
20260516_15:00:00   9.1172e-02   2.6396e+01   8.7450e+00   0.0000e+00   0.0000e+00   3.4330e+02
20260516_16:00:00   9.0524e-02   2.6269e+01   8.6711e+00   0.0000e+00   0.0000e+00   3.4087e+02
20260516_17:00:00   8.9756e-02   2.6111e+01   8.6045e+00   0.0000e+00   8.0540e-07   3.3809e+02
20260516_18:00:00   8.8268e-02   2.5761e+01   8.4479e+00   0.0000e+00   2.2241e-04   3.3837e+02
20260516_19:00:00   8.6318e-02   2.5280e+01   8.2157e+00   1.7114e-05   2.9298e-04   3.3734e+02
20260516_20:00:00   8.3685e-02   2.4619e+01   7.8824e+00   0.0000e+00   5.7640e-08   3.3797e+02
20260516_21:00:00   7.9864e-02   2.3649e+01   7.3243e+00   0.0000e+00   2.5800e-07   3.4014e+02
20260516_22:00:00   8.2233e-02   2.4274e+01   7.7184e+00   0.0000e+00   0.0000e+00   3.4260e+02
20260516_23:00:00   8.8673e-02   2.5871e+01   8.8311e+00   0.0000e+00   4.0263e-06   3.4260e+02
20260517_00:00:00   8.8758e-02   2.5842e+01   8.9734e+00   0.0000e+00   1.5319e-04   3.4044e+02
20260517_01:00:00   8.9218e-02   2.5927e+01   9.0989e+00   0.0000e+00   1.0844e-03   3.3889e+02
20260517_02:00:00   8.9575e-02   2.5982e+01   9.1186e+00   0.0000e+00   3.4622e-02   3.3917e+02
20260517_03:00:00   8.9016e-02   2.5806e+01   8.9682e+00   0.0000e+00   7.1594e-02   3.4036e+02
20260517_04:00:00   8.3038e-02   2.4320e+01   7.8928e+00   0.0000e+00   1.1999e-03   3.3984e+02
20260517_05:00:00   8.2177e-02   2.4129e+01   7.6461e+00   0.0000e+00   8.9180e-07   3.3891e+02
20260517_06:00:00   8.6680e-02   2.5259e+01   8.2864e+00   0.0000e+00   0.0000e+00   3.4035e+02
20260517_07:00:00   8.7088e-02   2.5346e+01   8.2965e+00   0.0000e+00   0.0000e+00   3.3783e+02
20260517_08:00:00   8.9148e-02   2.5811e+01   8.5923e+00   0.0000e+00   8.1980e-07   3.3447e+02
20260517_09:00:00   8.6139e-02   2.5033e+01   8.0205e+00   0.0000e+00   0.0000e+00   3.3460e+02
20260517_10:00:00   7.9196e-02   2.3290e+01   6.7603e+00   0.0000e+00   0.0000e+00   3.3966e+02
20260517_11:00:00   7.5274e-02   2.2285e+01   6.0707e+00   0.0000e+00   0.0000e+00   3.4212e+02
20260517_12:00:00   7.3555e-02   2.1834e+01   5.7570e+00   0.0000e+00   0.0000e+00   3.4002e+02
20260517_13:00:00   7.3852e-02   2.1912e+01   5.7484e+00   0.0000e+00   0.0000e+00   3.4159e+02
20260517_14:00:00   7.3647e-02   2.1881e+01   5.6986e+00   0.0000e+00   0.0000e+00   3.4287e+02
20260517_15:00:00   7.5378e-02   2.2319e+01   6.0292e+00   0.0000e+00   4.0260e-06   3.3877e+02
20260517_16:00:00   7.8869e-02   2.3227e+01   6.6446e+00   0.0000e+00   0.0000e+00   3.3583e+02
20260517_17:00:00   8.3998e-02   2.4521e+01   7.5349e+00   0.0000e+00   1.6978e-04   3.3412e+02
20260517_18:00:00   8.5273e-02   2.4843e+01   7.8136e+00   0.0000e+00   2.2040e-04   3.3385e+02
20260517_19:00:00   8.5144e-02   2.4813e+01   7.8782e+00   0.0000e+00   2.0140e-06   3.3815e+02
20260517_20:00:00   8.5519e-02   2.4904e+01   8.0324e+00   0.0000e+00   1.5961e-04   3.3996e+02
20260517_21:00:00   8.6107e-02   2.5042e+01   8.2068e+00   0.0000e+00   3.6223e-03   3.3970e+02
20260517_22:00:00   8.7050e-02   2.5251e+01   8.5060e+00   0.0000e+00   1.8622e-02   3.4302e+02
20260517_23:00:00   8.9051e-02   2.5750e+01   8.7704e+00   0.0000e+00   4.5354e-03   3.4812e+02
20260518_00:00:00   8.7441e-02   2.5386e+01   8.4397e+00   0.0000e+00   1.5330e-03   3.4836e+02
20260518_01:00:00   8.4504e-02   2.4681e+01   7.9435e+00   0.0000e+00   3.1860e-03   3.4737e+02
20260518_02:00:00   8.3522e-02   2.4414e+01   7.7899e+00   0.0000e+00   1.7351e-03   3.5244e+02
20260518_03:00:00   8.3311e-02   2.4344e+01   7.7468e+00   0.0000e+00   7.5909e-04   3.5641e+02
20260518_04:00:00   8.3365e-02   2.4356e+01   7.7623e+00   0.0000e+00   6.0662e-04   3.5790e+02
20260518_05:00:00   8.5098e-02   2.4799e+01   8.0235e+00   0.0000e+00   5.6702e-04   3.6138e+02
20260518_06:00:00   8.6994e-02   2.5253e+01   8.2176e+00   0.0000e+00   0.0000e+00   3.6531e+02
20260518_07:00:00   9.0306e-02   2.6061e+01   8.7223e+00   0.0000e+00   0.0000e+00   3.6598e+02
20260518_08:00:00   9.0704e-02   2.6159e+01   8.7360e+00   0.0000e+00   0.0000e+00   3.6545e+02
20260518_09:00:00   9.1027e-02   2.6236e+01   8.7736e+00   0.0000e+00   1.0348e-03   3.5989e+02
20260518_10:00:00   8.9930e-02   2.5967e+01   8.5585e+00   0.0000e+00   6.6855e-04   3.5546e+02
20260518_11:00:00   8.9762e-02   2.5901e+01   8.4774e+00   0.0000e+00   3.2661e-05   3.5072e+02
20260518_12:00:00   8.9764e-02   2.5884e+01   8.4418e+00   0.0000e+00   3.4500e-06   3.5116e+02
20260518_13:00:00   9.0801e-02   2.6120e+01   8.6008e+00   0.0000e+00   0.0000e+00   3.5031e+02
20260518_14:00:00   9.1048e-02   2.6177e+01   8.6665e+00   0.0000e+00   0.0000e+00   3.5198e+02
20260518_15:00:00   9.0652e-02   2.6110e+01   8.5967e+00   0.0000e+00   0.0000e+00   3.5224e+02
20260518_16:00:00   9.0632e-02   2.6149e+01   8.6160e+00   0.0000e+00   0.0000e+00   3.5052e+02
20260518_17:00:00   9.1612e-02   2.6441e+01   8.8618e+00   0.0000e+00   0.0000e+00   3.4773e+02
20260518_18:00:00   9.2370e-02   2.6644e+01   9.1422e+00   0.0000e+00   5.4040e-08   3.4571e+02
20260518_21:00:00   9.0162e-02   2.6115e+01   9.0213e+00   0.0000e+00   6.6013e-06   3.3890e+02
20260519_00:00:00   1.0510e-01   2.9760e+01   1.1504e+01   7.2080e-05   4.6831e-03   3.3549e+02
20260519_03:00:00   1.0440e-01   2.9498e+01   1.1290e+01   0.0000e+00   2.7579e-01   3.3109e+02
20260519_06:00:00   9.7245e-02   2.7801e+01   1.0257e+01   0.0000e+00   2.6704e-04   3.3021e+02
20260519_09:00:00   1.0044e-01   2.8458e+01   1.0596e+01   0.0000e+00   8.1328e-03   3.3748e+02
20260519_12:00:00   9.7364e-02   2.7756e+01   9.8145e+00   0.0000e+00   6.9196e-04   3.3981e+02
20260519_15:00:00   9.6356e-02   2.7581e+01   9.2410e+00   0.0000e+00   0.0000e+00   3.4817e+02
20260519_18:00:00   1.0078e-01   2.8777e+01   1.0255e+01   0.0000e+00   1.0642e-04   3.5362e+02
20260519_21:00:00   9.9325e-02   2.8445e+01   1.0274e+01   8.1420e-06   1.7434e-04   3.5336e+02
20260520_00:00:00   9.3436e-02   2.7024e+01   9.4447e+00   0.0000e+00   1.5042e-05   3.4442e+02
20260520_03:00:00   9.1517e-02   2.6606e+01   9.0132e+00   0.0000e+00   1.3530e-04   3.3703e+02
20260520_06:00:00   8.8711e-02   2.5889e+01   8.4523e+00   0.0000e+00   0.0000e+00   3.3163e+02
20260520_09:00:00   8.5999e-02   2.5153e+01   7.9110e+00   0.0000e+00   0.0000e+00   3.3822e+02
20260520_12:00:00   8.4533e-02   2.4765e+01   7.6151e+00   0.0000e+00   0.0000e+00   3.4144e+02
20260520_15:00:00   9.2546e-02   2.6791e+01   8.7113e+00   0.0000e+00   0.0000e+00   3.4355e+02
20260520_18:00:00   9.3341e-02   2.7045e+01   9.1916e+00   0.0000e+00   5.5760e-05   3.4273e+02
20260520_21:00:00   9.1662e-02   2.6671e+01   9.1256e+00   7.3860e-07   3.7157e-04   3.4367e+02
20260521_00:00:00   8.7125e-02   2.5443e+01   8.7026e+00   0.0000e+00   3.1556e-03   3.3250e+02
20260521_03:00:00   7.7248e-02   2.3000e+01   6.8691e+00   0.0000e+00   3.4403e-03   3.3298e+02
20260521_06:00:00   7.6381e-02   2.2669e+01   6.7366e+00   0.0000e+00   2.7264e-03   3.3430e+02
20260521_09:00:00   7.6599e-02   2.2741e+01   6.6082e+00   0.0000e+00   1.2176e-03   3.3012e+02
20260521_12:00:00   9.6189e-02   2.7607e+01   9.4579e+00   0.0000e+00   0.0000e+00   3.3573e+02
20260521_15:00:00   9.6118e-02   2.7676e+01   9.3305e+00   0.0000e+00   2.5978e-04   3.3512e+02
20260521_18:00:00   1.0179e-01   2.9037e+01   1.0583e+01   1.9480e-04   4.1517e-03   3.3321e+02
20260521_21:00:00   9.2196e-02   2.6692e+01   9.2484e+00   5.1320e-05   8.9526e-04   3.3845e+02
20260522_00:00:00   6.8661e-02   2.0714e+01   5.2417e+00   0.0000e+00   1.7900e-03   3.4222e+02
20260522_03:00:00   7.2881e-02   2.1699e+01   5.9044e+00   0.0000e+00   2.4144e-04   3.3894e+02
20260522_06:00:00   1.0221e-01   2.9263e+01   9.7563e+00   0.0000e+00   1.4524e-03   3.3798e+02
20260522_09:00:00   1.1240e-01   3.1595e+01   1.1044e+01   0.0000e+00   2.8748e-03   3.4274e+02
20260522_12:00:00   1.1417e-01   3.1888e+01   1.1111e+01   0.0000e+00   4.9313e-03   3.3884e+02
20260522_15:00:00   1.1332e-01   3.1696e+01   1.1144e+01   0.0000e+00   4.6257e-03   3.3970e+02
20260522_18:00:00   1.1883e-01   3.3251e+01   1.2387e+01   0.0000e+00   4.5676e-02   3.3657e+02
20260522_21:00:00   1.1450e-01   3.2289e+01   1.2547e+01   0.0000e+00   1.6287e-02   3.3612e+02
20260523_00:00:00   1.0436e-01   2.9814e+01   1.1193e+01   0.0000e+00   2.2645e-03   3.2870e+02
20260523_03:00:00   1.0968e-01   3.0981e+01   1.2222e+01   0.0000e+00   1.2374e-02   3.2754e+02
20260523_06:00:00   9.9174e-02   2.8309e+01   1.0521e+01   0.0000e+00   7.6894e-02   3.2993e+02
20260523_09:00:00   9.8408e-02   2.8007e+01   1.0426e+01   0.0000e+00   9.7943e-03   3.2836e+02
20260523_12:00:00   1.0346e-01   2.9057e+01   1.0960e+01   0.0000e+00   1.7126e-01   3.3317e+02
20260523_15:00:00   1.1607e-01   3.2290e+01   1.2499e+01   0.0000e+00   2.2976e-03   3.4170e+02
20260523_18:00:00   1.1250e-01   3.1581e+01   1.2060e+01   0.0000e+00   1.7920e-05   3.4011e+02
20260523_21:00:00   1.0051e-01   2.8617e+01   1.0629e+01   5.4020e-05   3.5474e-04   3.3956e+02
20260524_00:00:00   1.1871e-01   3.3038e+01   1.3261e+01   1.6642e-04   2.1657e-01   3.3893e+02
20260524_03:00:00   1.0984e-01   3.0888e+01   1.1777e+01   5.7920e-05   2.1823e-03   3.4779e+02
20260524_06:00:00   1.0079e-01   2.8590e+01   1.0271e+01   0.0000e+00   1.1022e-04   3.5000e+02
20260524_09:00:00   1.0761e-01   3.0156e+01   1.1120e+01   0.0000e+00   8.2021e-06   3.5053e+02
20260524_12:00:00   1.0416e-01   2.9219e+01   1.0551e+01   0.0000e+00   1.2900e-07   3.5502e+02
20260524_15:00:00   9.6672e-02   2.7521e+01   9.4065e+00   0.0000e+00   0.0000e+00   3.5115e+02
20260524_18:00:00   8.6712e-02   2.5147e+01   8.1061e+00   0.0000e+00   0.0000e+00   3.4936e+02
20260524_21:00:00   8.3769e-02   2.4388e+01   7.9819e+00   0.0000e+00   6.0400e-06   3.4719e+02
20260525_00:00:00   8.0687e-02   2.3547e+01   7.6573e+00   0.0000e+00   4.2516e-03   3.4411e+02
20260525_03:00:00   8.0577e-02   2.3551e+01   7.3529e+00   0.0000e+00   1.6250e-05   3.4434e+02
20260525_06:00:00   7.6111e-02   2.2459e+01   6.2326e+00   0.0000e+00   0.0000e+00   3.4954e+02
20260525_09:00:00   7.5108e-02   2.2165e+01   5.9201e+00   0.0000e+00   0.0000e+00   3.5192e+02
20260525_12:00:00   7.2445e-02   2.1443e+01   5.3760e+00   0.0000e+00   0.0000e+00   3.5800e+02
20260525_15:00:00   7.6129e-02   2.2372e+01   5.8697e+00   0.0000e+00   0.0000e+00   3.5559e+02
20260525_18:00:00   7.4316e-02   2.1901e+01   5.9258e+00   0.0000e+00   0.0000e+00   3.5035e+02
20260525_21:00:00   7.9781e-02   2.3260e+01   7.0776e+00   0.0000e+00   2.5573e-02   3.5415e+02
20260526_00:00:00   1.0104e-01   2.8479e+01   9.9689e+00   3.6197e-03   1.0242e-01   3.6390e+02
20260526_03:00:00   1.1967e-01   3.3088e+01   1.2493e+01   0.0000e+00   2.2914e-02   3.7098e+02
20260526_06:00:00   1.2896e-01   3.5237e+01   1.3221e+01   0.0000e+00   7.1164e-03   3.6525e+02
20260526_09:00:00   1.1866e-01   3.2802e+01   1.1624e+01   0.0000e+00   1.2337e-04   3.5912e+02
20260526_12:00:00   1.1224e-01   3.1212e+01   1.0670e+01   0.0000e+00   2.8083e-05   3.5332e+02
20260526_15:00:00   1.0798e-01   3.0267e+01   1.0200e+01   0.0000e+00   2.3060e-05   3.4878e+02
20260526_18:00:00   1.0997e-01   3.0795e+01   1.1105e+01   0.0000e+00   6.4880e-05   3.4623e+02
20260526_21:00:00   1.0331e-01   2.9217e+01   1.0612e+01   0.0000e+00   3.2765e-04   3.4564e+02
20260527_00:00:00   9.0016e-02   2.5878e+01   8.8083e+00   0.0000e+00   3.0131e-02   3.4274e+02
20260527_03:00:00   1.2423e-01   3.4362e+01   1.3086e+01   5.9440e-07   1.9281e-03   3.4542e+02
20260527_06:00:00   1.3168e-01   3.6118e+01   1.3504e+01   0.0000e+00   3.6329e-05   3.4482e+02
20260527_09:00:00   1.3300e-01   3.6271e+01   1.3291e+01   0.0000e+00   8.4224e-03   3.4478e+02
20260527_12:00:00   1.1220e-01   3.1257e+01   1.0034e+01   0.0000e+00   8.0540e-07   3.5252e+02
20260527_15:00:00   1.2146e-01   3.3475e+01   1.0940e+01   4.2162e-03   4.3863e-05   3.5385e+02
20260527_18:00:00   1.0651e-01   3.0036e+01   9.8552e+00   8.7578e-04   1.0326e-04   3.3955e+02
20260527_21:00:00   1.0097e-01   2.8844e+01   9.7052e+00   0.0000e+00   6.2360e-06   3.3498e+02
20260528_00:00:00   9.7854e-02   2.8214e+01   9.2611e+00   0.0000e+00   0.0000e+00   3.3128e+02
20260528_03:00:00   8.5996e-02   2.5280e+01   7.2819e+00   0.0000e+00   0.0000e+00   3.3261e+02
20260528_06:00:00   8.4062e-02   2.4802e+01   6.8713e+00   0.0000e+00   0.0000e+00   3.3475e+02
20260528_09:00:00   8.0874e-02   2.3945e+01   6.3625e+00   0.0000e+00   0.0000e+00   3.2880e+02
20260528_12:00:00   8.0138e-02   2.3726e+01   6.2223e+00   0.0000e+00   0.0000e+00   3.2072e+02
20260528_15:00:00   7.9417e-02   2.3584e+01   6.1077e+00   0.0000e+00   0.0000e+00   3.2457e+02
20260528_18:00:00   7.8541e-02   2.3453e+01   6.3792e+00   0.0000e+00   0.0000e+00   3.2066e+02
20260528_21:00:00   7.3655e-02   2.2205e+01   5.9950e+00   0.0000e+00   4.5398e-03   3.1978e+02
20260529_00:00:00   7.3562e-02   2.2211e+01   6.1550e+00   0.0000e+00   1.4688e-03   3.2242e+02
20260529_03:00:00   7.8730e-02   2.3499e+01   7.0257e+00   0.0000e+00   6.4863e-06   3.2049e+02
20260529_06:00:00   7.7030e-02   2.3089e+01   6.5518e+00   0.0000e+00   0.0000e+00   3.2059e+02
20260529_09:00:00   1.0010e-01   2.9026e+01   9.6460e+00   0.0000e+00   2.7580e-04   3.1399e+02
20260529_12:00:00   1.0584e-01   3.0497e+01   1.0194e+01   0.0000e+00   5.5370e-03   3.1363e+02
20260529_15:00:00   1.2140e-01   3.4400e+01   1.2369e+01   0.0000e+00   1.9250e-02   3.1520e+02
20260529_18:00:00   1.0922e-01   3.1448e+01   1.1352e+01   0.0000e+00   6.7526e-03   3.1291e+02
