#            date       tau255        Tb[K]      pwv[mm] lwp[kg*m^-2] iwp[kg*m^-2]       o3[DU]
20260319_06:00:00   6.1617e-02   1.9010e+01   3.7152e+00   0.0000e+00   0.0000e+00   2.9847e+02
20260319_07:00:00   6.0674e-02   1.8746e+01   3.5087e+00   0.0000e+00   0.0000e+00   2.9672e+02
20260319_08:00:00   5.9718e-02   1.8479e+01   3.3201e+00   0.0000e+00   0.0000e+00   2.9522e+02
20260319_09:00:00   5.8934e-02   1.8255e+01   3.1687e+00   0.0000e+00   0.0000e+00   2.9348e+02
20260319_10:00:00   5.8604e-02   1.8150e+01   3.1092e+00   0.0000e+00   0.0000e+00   2.9240e+02
20260319_11:00:00   5.7572e-02   1.7877e+01   2.9089e+00   0.0000e+00   0.0000e+00   2.9202e+02
20260319_12:00:00   5.7217e-02   1.7783e+01   2.8018e+00   0.0000e+00   0.0000e+00   2.9053e+02
20260319_13:00:00   5.7363e-02   1.7815e+01   2.7960e+00   0.0000e+00   0.0000e+00   2.8913e+02
20260319_14:00:00   5.7562e-02   1.7863e+01   2.8150e+00   0.0000e+00   0.0000e+00   2.8900e+02
20260319_15:00:00   5.7977e-02   1.7973e+01   2.8962e+00   0.0000e+00   2.2040e-05   2.8998e+02
20260319_16:00:00   5.8027e-02   1.7995e+01   2.9269e+00   0.0000e+00   1.1042e-05   2.8890e+02
20260319_17:00:00   5.8236e-02   1.8066e+01   2.9968e+00   0.0000e+00   2.0320e-06   2.8961e+02
20260319_18:00:00   5.9129e-02   1.8318e+01   3.2039e+00   0.0000e+00   3.0380e-06   2.9192e+02
20260319_19:00:00   6.0867e-02   1.8802e+01   3.6032e+00   0.0000e+00   1.2032e-05   2.9329e+02
20260319_20:00:00   6.3888e-02   1.9612e+01   4.2129e+00   0.0000e+00   3.1240e-05   2.9348e+02
20260319_21:00:00   6.5288e-02   1.9990e+01   4.5243e+00   0.0000e+00   2.0500e-06   2.9299e+02
20260319_22:00:00   6.4606e-02   1.9816e+01   4.4705e+00   0.0000e+00   2.0500e-06   2.9138e+02
20260319_23:00:00   6.1977e-02   1.9129e+01   4.0387e+00   0.0000e+00   1.0428e-06   2.8982e+02
20260320_00:00:00   5.8511e-02   1.8226e+01   3.3747e+00   0.0000e+00   0.0000e+00   2.8902e+02
20260320_01:00:00   5.5382e-02   1.7383e+01   2.7668e+00   0.0000e+00   0.0000e+00   2.8992e+02
20260320_02:00:00   5.5324e-02   1.7341e+01   2.7367e+00   0.0000e+00   0.0000e+00   2.9037e+02
20260320_03:00:00   5.7247e-02   1.7840e+01   3.1015e+00   0.0000e+00   0.0000e+00   2.9124e+02
20260320_04:00:00   5.8372e-02   1.8123e+01   3.3100e+00   0.0000e+00   0.0000e+00   2.9087e+02
20260320_05:00:00   5.8421e-02   1.8125e+01   3.3007e+00   0.0000e+00   0.0000e+00   2.8992e+02
20260320_06:00:00   5.8384e-02   1.8105e+01   3.2770e+00   0.0000e+00   0.0000e+00   2.8868e+02
20260320_07:00:00   5.8373e-02   1.8094e+01   3.2641e+00   0.0000e+00   0.0000e+00   2.8837e+02
20260320_08:00:00   5.8565e-02   1.8138e+01   3.2830e+00   0.0000e+00   0.0000e+00   2.8829e+02
20260320_09:00:00   5.8480e-02   1.8109e+01   3.2528e+00   0.0000e+00   0.0000e+00   2.8767e+02
20260320_10:00:00   5.8707e-02   1.8165e+01   3.2711e+00   0.0000e+00   0.0000e+00   2.8754e+02
20260320_11:00:00   5.9251e-02   1.8311e+01   3.3466e+00   0.0000e+00   0.0000e+00   2.8889e+02
20260320_12:00:00   5.9738e-02   1.8447e+01   3.4155e+00   0.0000e+00   0.0000e+00   2.8903e+02
20260320_13:00:00   6.0068e-02   1.8531e+01   3.4514e+00   0.0000e+00   0.0000e+00   2.8775e+02
20260320_14:00:00   6.0880e-02   1.8738e+01   3.5671e+00   0.0000e+00   0.0000e+00   2.8684e+02
20260320_15:00:00   6.1754e-02   1.8974e+01   3.7101e+00   0.0000e+00   0.0000e+00   2.8862e+02
20260320_16:00:00   6.2562e-02   1.9199e+01   3.8611e+00   0.0000e+00   0.0000e+00   2.9075e+02
20260320_17:00:00   6.3147e-02   1.9366e+01   3.9767e+00   0.0000e+00   0.0000e+00   2.9003e+02
20260320_18:00:00   6.3432e-02   1.9457e+01   4.0557e+00   0.0000e+00   0.0000e+00   2.8704e+02
20260320_19:00:00   6.3101e-02   1.9379e+01   4.0636e+00   0.0000e+00   0.0000e+00   2.8459e+02
20260320_20:00:00   6.4006e-02   1.9616e+01   4.3274e+00   0.0000e+00   0.0000e+00   2.8303e+02
20260320_21:00:00   6.6701e-02   2.0315e+01   4.8841e+00   0.0000e+00   0.0000e+00   2.8337e+02
20260320_22:00:00   6.8396e-02   2.0759e+01   5.2272e+00   0.0000e+00   0.0000e+00   2.8432e+02
20260320_23:00:00   6.9323e-02   2.1010e+01   5.4211e+00   0.0000e+00   0.0000e+00   2.8453e+02
20260321_00:00:00   6.9626e-02   2.1088e+01   5.4803e+00   0.0000e+00   0.0000e+00   2.8459e+02
20260321_01:00:00   6.9435e-02   2.1031e+01   5.4251e+00   0.0000e+00   0.0000e+00   2.8568e+02
20260321_02:00:00   6.8522e-02   2.0795e+01   5.2257e+00   0.0000e+00   0.0000e+00   2.8615e+02
20260321_03:00:00   6.7497e-02   2.0538e+01   5.0120e+00   0.0000e+00   0.0000e+00   2.8581e+02
20260321_04:00:00   6.6361e-02   2.0236e+01   4.7844e+00   0.0000e+00   0.0000e+00   2.8492e+02
20260321_05:00:00   6.5314e-02   1.9954e+01   4.5634e+00   0.0000e+00   0.0000e+00   2.8364e+02
20260321_06:00:00   6.4770e-02   1.9800e+01   4.4539e+00   0.0000e+00   0.0000e+00   2.8171e+02
20260321_07:00:00   6.5678e-02   2.0028e+01   4.6071e+00   0.0000e+00   0.0000e+00   2.8191e+02
20260321_08:00:00   6.5752e-02   2.0048e+01   4.5952e+00   0.0000e+00   0.0000e+00   2.8112e+02
20260321_09:00:00   6.4123e-02   1.9627e+01   4.2740e+00   0.0000e+00   0.0000e+00   2.7966e+02
20260321_10:00:00   6.1753e-02   1.9006e+01   3.8211e+00   0.0000e+00   0.0000e+00   2.7946e+02
20260321_11:00:00   6.0197e-02   1.8588e+01   3.5130e+00   0.0000e+00   0.0000e+00   2.7960e+02
20260321_12:00:00   5.9044e-02   1.8278e+01   3.2939e+00   0.0000e+00   0.0000e+00   2.8013e+02
20260321_13:00:00   5.8323e-02   1.8080e+01   3.1560e+00   0.0000e+00   0.0000e+00   2.8036e+02
20260321_14:00:00   5.7463e-02   1.7846e+01   2.9912e+00   0.0000e+00   0.0000e+00   2.8108e+02
20260321_15:00:00   5.7407e-02   1.7823e+01   3.0098e+00   0.0000e+00   0.0000e+00   2.8055e+02
20260321_16:00:00   5.7137e-02   1.7754e+01   2.9928e+00   0.0000e+00   0.0000e+00   2.7924e+02
20260321_17:00:00   5.7390e-02   1.7838e+01   3.0656e+00   0.0000e+00   0.0000e+00   2.7943e+02
20260321_18:00:00   5.8376e-02   1.8128e+01   3.2931e+00   0.0000e+00   0.0000e+00   2.8130e+02
20260321_19:00:00   5.9207e-02   1.8368e+01   3.5273e+00   0.0000e+00   0.0000e+00   2.8194e+02
20260321_20:00:00   5.9420e-02   1.8421e+01   3.6813e+00   0.0000e+00   0.0000e+00   2.8028e+02
20260321_21:00:00   5.7644e-02   1.7939e+01   3.4222e+00   0.0000e+00   0.0000e+00   2.7824e+02
20260321_22:00:00   5.7326e-02   1.7855e+01   3.3774e+00   0.0000e+00   0.0000e+00   2.7738e+02
20260321_23:00:00   5.7038e-02   1.7792e+01   3.2873e+00   0.0000e+00   0.0000e+00   2.7933e+02
20260322_00:00:00   5.8536e-02   1.8202e+01   3.5515e+00   0.0000e+00   0.0000e+00   2.8085e+02
20260322_01:00:00   6.2267e-02   1.9187e+01   4.2448e+00   0.0000e+00   0.0000e+00   2.8024e+02
20260322_02:00:00   6.3788e-02   1.9561e+01   4.5394e+00   0.0000e+00   0.0000e+00   2.8233e+02
20260322_03:00:00   6.3636e-02   1.9506e+01   4.4954e+00   0.0000e+00   0.0000e+00   2.8446e+02
20260322_04:00:00   6.2195e-02   1.9114e+01   4.2246e+00   0.0000e+00   0.0000e+00   2.8468e+02
20260322_05:00:00   6.5078e-02   1.9843e+01   4.7580e+00   0.0000e+00   0.0000e+00   2.8621e+02
20260322_06:00:00   6.4976e-02   1.9797e+01   4.7113e+00   0.0000e+00   0.0000e+00   2.8516e+02
20260322_07:00:00   6.5204e-02   1.9854e+01   4.7277e+00   0.0000e+00   8.0540e-07   2.8396e+02
20260322_08:00:00   6.6370e-02   2.0161e+01   4.8923e+00   0.0000e+00   1.2850e-04   2.8373e+02
20260322_09:00:00   6.8161e-02   2.0630e+01   5.1574e+00   0.0000e+00   4.4360e-04   2.8168e+02
20260322_10:00:00   6.7574e-02   2.0477e+01   5.0175e+00   0.0000e+00   7.1673e-04   2.8117e+02
20260322_11:00:00   6.4811e-02   1.9775e+01   4.4658e+00   0.0000e+00   1.5032e-04   2.7972e+02
20260322_12:00:00   6.3652e-02   1.9455e+01   4.2071e+00   0.0000e+00   6.8360e-05   2.7836e+02
20260322_13:00:00   6.4759e-02   1.9733e+01   4.3688e+00   0.0000e+00   3.6760e-05   2.7885e+02
20260322_14:00:00   6.6074e-02   2.0059e+01   4.5716e+00   0.0000e+00   3.3412e-04   2.7946e+02
20260322_15:00:00   6.6767e-02   2.0230e+01   4.6779e+00   0.0000e+00   9.1779e-04   2.8147e+02
20260322_16:00:00   6.7761e-02   2.0505e+01   4.8412e+00   0.0000e+00   8.2403e-04   2.8282e+02
20260322_17:00:00   6.8770e-02   2.0779e+01   5.1069e+00   0.0000e+00   9.9527e-04   2.8415e+02
20260322_18:00:00   6.6757e-02   2.0243e+01   4.8374e+00   0.0000e+00   4.8188e-03   2.8467e+02
20260322_19:00:00   6.5304e-02   1.9852e+01   4.6232e+00   0.0000e+00   1.8982e-02   2.8420e+02
20260322_20:00:00   6.5639e-02   1.9940e+01   4.6950e+00   0.0000e+00   7.5058e-03   2.8206e+02
20260322_21:00:00   6.7025e-02   2.0288e+01   5.0005e+00   0.0000e+00   2.0603e-03   2.8123e+02
20260322_22:00:00   6.7955e-02   2.0509e+01   5.2186e+00   0.0000e+00   1.2786e-03   2.7923e+02
20260322_23:00:00   6.8135e-02   2.0543e+01   5.2679e+00   0.0000e+00   1.7111e-03   2.7772e+02
20260323_00:00:00   7.0447e-02   2.1101e+01   5.7121e+00   0.0000e+00   2.3440e-02   2.7860e+02
20260323_01:00:00   7.1428e-02   2.1346e+01   5.8387e+00   0.0000e+00   4.3899e-02   2.8040e+02
20260323_02:00:00   7.2803e-02   2.1689e+01   6.0659e+00   0.0000e+00   5.7611e-02   2.8375e+02
20260323_03:00:00   7.3538e-02   2.1850e+01   6.2363e+00   0.0000e+00   4.1206e-02   2.8607e+02
20260323_04:00:00   7.3259e-02   2.1786e+01   6.1361e+00   0.0000e+00   4.4829e-02   2.8545e+02
20260323_05:00:00   7.7252e-02   2.2735e+01   6.8443e+00   0.0000e+00   5.1249e-02   2.8582e+02
20260323_06:00:00   8.2148e-02   2.3899e+01   7.6324e+00   0.0000e+00   1.2357e-01   2.8566e+02
20260323_07:00:00   8.7229e-02   2.5198e+01   8.3919e+00   0.0000e+00   7.5135e-02   2.8442e+02
20260323_08:00:00   8.9520e-02   2.5811e+01   8.6084e+00   0.0000e+00   2.1520e-02   2.8526e+02
20260323_09:00:00   9.3378e-02   2.6788e+01   9.0323e+00   0.0000e+00   1.3346e-02   2.8564e+02
20260323_10:00:00   9.7192e-02   2.7752e+01   9.4694e+00   0.0000e+00   1.6949e-02   2.8761e+02
20260323_11:00:00   1.0048e-01   2.8562e+01   9.8723e+00   0.0000e+00   9.0934e-03   2.9099e+02
20260323_12:00:00   1.0371e-01   2.9354e+01   1.0109e+01   0.0000e+00   3.7052e-03   2.9417e+02
20260323_13:00:00   1.0408e-01   2.9455e+01   1.0014e+01   0.0000e+00   9.5506e-03   3.0173e+02
20260323_14:00:00   1.0162e-01   2.8891e+01   9.4407e+00   0.0000e+00   3.8353e-03   3.0786e+02
20260323_15:00:00   9.7140e-02   2.7841e+01   8.5911e+00   0.0000e+00   7.9821e-05   3.1220e+02
20260323_16:00:00   9.5248e-02   2.7408e+01   8.2699e+00   0.0000e+00   0.0000e+00   3.1353e+02
20260323_17:00:00   9.3677e-02   2.7061e+01   8.2148e+00   0.0000e+00   0.0000e+00   3.1562e+02
20260323_18:00:00   9.3780e-02   2.7097e+01   8.5087e+00   0.0000e+00   0.0000e+00   3.1826e+02
20260323_19:00:00   9.4723e-02   2.7353e+01   8.8601e+00   0.0000e+00   0.0000e+00   3.1709e+02
20260323_20:00:00   9.3040e-02   2.6946e+01   8.7922e+00   0.0000e+00   0.0000e+00   3.1560e+02
20260323_21:00:00   8.7379e-02   2.5517e+01   8.0563e+00   0.0000e+00   0.0000e+00   3.1095e+02
20260323_22:00:00   8.3759e-02   2.4578e+01   7.5953e+00   0.0000e+00   4.1781e-04   3.0968e+02
20260323_23:00:00   8.4689e-02   2.4841e+01   7.7735e+00   0.0000e+00   9.1407e-03   3.0704e+02
20260324_00:00:00   8.4335e-02   2.4732e+01   7.8327e+00   0.0000e+00   3.4884e-03   3.0425e+02
20260324_01:00:00   8.3937e-02   2.4598e+01   7.8826e+00   0.0000e+00   1.5804e-03   3.0224e+02
20260324_02:00:00   8.4082e-02   2.4617e+01   7.9321e+00   0.0000e+00   3.5022e-03   2.9970e+02
20260324_03:00:00   8.3456e-02   2.4446e+01   7.8252e+00   0.0000e+00   8.8158e-03   2.9779e+02
20260324_04:00:00   8.1391e-02   2.3897e+01   7.5775e+00   0.0000e+00   1.5248e-02   2.9553e+02
20260324_05:00:00   7.7902e-02   2.3005e+01   6.9912e+00   0.0000e+00   2.7120e-03   2.9412e+02
20260324_06:00:00   7.6390e-02   2.2607e+01   6.7597e+00   0.0000e+00   1.5627e-03   2.9519e+02
20260324_09:00:00   7.8154e-02   2.2995e+01   7.1912e+00   0.0000e+00   3.8398e-05   2.9609e+02
20260324_12:00:00   8.1374e-02   2.3880e+01   7.5486e+00   0.0000e+00   1.8848e-04   2.9959e+02
20260324_15:00:00   8.5844e-02   2.5009e+01   8.2603e+00   0.0000e+00   3.4340e-05   2.9591e+02
20260324_18:00:00   8.9717e-02   2.6123e+01   9.1782e+00   0.0000e+00   2.5698e-03   2.8507e+02
20260324_21:00:00   9.3455e-02   2.7251e+01   9.7748e+00   0.0000e+00   4.0500e-05   2.7599e+02
20260325_00:00:00   9.0411e-02   2.6550e+01   9.1457e+00   0.0000e+00   0.0000e+00   2.7646e+02
20260325_03:00:00   8.3835e-02   2.4864e+01   7.7928e+00   0.0000e+00   0.0000e+00   2.7776e+02
20260325_06:00:00   8.0206e-02   2.3918e+01   7.0562e+00   0.0000e+00   0.0000e+00   2.8143e+02
20260325_09:00:00   7.7679e-02   2.3245e+01   6.5904e+00   0.0000e+00   0.0000e+00   2.7806e+02
20260325_12:00:00   7.4843e-02   2.2463e+01   6.1025e+00   0.0000e+00   0.0000e+00   2.7525e+02
20260325_15:00:00   7.3674e-02   2.2133e+01   5.9264e+00   0.0000e+00   0.0000e+00   2.7468e+02
20260325_18:00:00   7.5039e-02   2.2539e+01   6.4270e+00   0.0000e+00   0.0000e+00   2.7549e+02
20260325_21:00:00   7.2729e-02   2.1944e+01   6.1868e+00   0.0000e+00   0.0000e+00   2.7384e+02
20260326_00:00:00   6.6726e-02   2.0391e+01   5.1093e+00   0.0000e+00   0.0000e+00   2.7088e+02
20260326_03:00:00   6.0683e-02   1.8770e+01   3.8967e+00   0.0000e+00   0.0000e+00   2.6625e+02
20260326_06:00:00   6.3452e-02   1.9500e+01   4.3496e+00   0.0000e+00   0.0000e+00   2.6978e+02
20260326_09:00:00   6.7306e-02   2.0470e+01   4.7989e+00   0.0000e+00   0.0000e+00   2.7400e+02
20260326_12:00:00   7.0399e-02   2.1224e+01   5.2269e+00   0.0000e+00   0.0000e+00   2.7109e+02
20260326_15:00:00   7.7836e-02   2.3066e+01   6.4255e+00   0.0000e+00   5.6726e-04   2.7069e+02
20260326_18:00:00   8.7091e-02   2.5409e+01   7.9514e+00   0.0000e+00   7.4372e-03   2.7250e+02
20260326_21:00:00   9.3149e-02   2.6848e+01   9.3069e+00   0.0000e+00   4.0477e-02   2.7686e+02
20260327_00:00:00   1.0181e-01   2.8745e+01   1.0376e+01   0.0000e+00   6.4139e-02   2.7763e+02
20260327_03:00:00   9.8523e-02   2.7686e+01   9.7501e+00   0.0000e+00   9.1288e-03   2.7815e+02
20260327_06:00:00   9.1751e-02   2.5961e+01   8.4162e+00   0.0000e+00   4.2572e-04   2.7720e+02
20260327_09:00:00   9.5728e-02   2.6818e+01   8.9043e+00   0.0000e+00   2.9524e-03   2.7480e+02
20260327_12:00:00   9.0229e-02   2.5416e+01   7.9771e+00   0.0000e+00   2.9634e-03   2.7108e+02
20260327_15:00:00   8.3244e-02   2.3708e+01   6.6731e+00   0.0000e+00   9.2842e-05   2.7507e+02
20260327_18:00:00   8.1619e-02   2.3381e+01   6.5727e+00   0.0000e+00   1.4873e-03   2.8406e+02
20260327_21:00:00   8.1649e-02   2.3598e+01   6.6584e+00   0.0000e+00   2.5846e-03   2.8422e+02
20260328_00:00:00   7.8935e-02   2.3032e+01   6.1697e+00   0.0000e+00   6.6481e-03   2.8230e+02
20260328_03:00:00   8.8687e-02   2.5480e+01   7.4422e+00   0.0000e+00   3.1167e-02   2.8294e+02
20260328_06:00:00   8.8917e-02   2.5486e+01   7.5482e+00   0.0000e+00   4.5293e-02   2.8214e+02
20260328_09:00:00   8.5462e-02   2.4642e+01   7.0192e+00   0.0000e+00   2.8339e-03   2.8021e+02
20260328_12:00:00   8.3063e-02   2.4039e+01   6.6767e+00   0.0000e+00   3.1040e-03   2.7890e+02
20260328_15:00:00   8.3075e-02   2.4025e+01   6.7578e+00   0.0000e+00   4.0746e-03   2.8369e+02
20260328_18:00:00   8.6540e-02   2.4910e+01   7.6375e+00   0.0000e+00   5.8629e-03   2.8557e+02
20260328_21:00:00   8.4445e-02   2.4360e+01   7.8062e+00   0.0000e+00   2.2852e-02   2.8619e+02
20260329_00:00:00   8.6515e-02   2.4812e+01   8.2666e+00   0.0000e+00   6.6771e-02   2.8389e+02
20260329_03:00:00   8.7085e-02   2.4903e+01   8.2066e+00   0.0000e+00   1.7073e-01   2.8505e+02
20260329_06:00:00   8.6243e-02   2.4686e+01   7.9881e+00   0.0000e+00   1.2945e-01   2.8901e+02
20260329_09:00:00   9.9016e-02   2.7698e+01   9.7070e+00   0.0000e+00   4.0171e-01   2.8719e+02
20260329_12:00:00   1.0167e-01   2.8359e+01   1.0009e+01   0.0000e+00   7.5652e-02   2.9684e+02
20260329_15:00:00   9.9092e-02   2.7791e+01   9.5886e+00   0.0000e+00   1.2083e-03   2.9677e+02
20260329_18:00:00   9.7327e-02   2.7481e+01   9.1813e+00   1.9126e-04   7.7564e-02   2.9466e+02
20260329_21:00:00   1.0177e-01   2.8555e+01   9.1391e+00   7.8123e-03   4.9951e-02   2.9409e+02
20260330_00:00:00   8.7476e-02   2.5189e+01   8.0356e+00   0.0000e+00   5.9990e-03   2.9607e+02
20260330_03:00:00   7.0735e-02   2.1079e+01   5.1181e+00   0.0000e+00   0.0000e+00   3.0148e+02
20260330_06:00:00   7.6800e-02   2.2550e+01   6.0960e+00   0.0000e+00   9.0120e-06   3.0197e+02
20260330_09:00:00   7.8016e-02   2.2825e+01   6.2555e+00   0.0000e+00   9.1080e-05   3.0372e+02
20260330_12:00:00   8.3594e-02   2.4118e+01   7.2674e+00   0.0000e+00   7.1546e-03   3.0490e+02
20260330_15:00:00   9.3371e-02   2.6337e+01   9.0200e+00   0.0000e+00   4.2753e-02   3.0078e+02
20260330_18:00:00   1.0955e-01   3.0382e+01   1.1358e+01   5.3594e-04   2.7340e-02   2.9932e+02
20260330_21:00:00   1.0630e-01   2.9747e+01   1.0965e+01   8.3260e-04   5.2199e-02   3.0378e+02
20260331_00:00:00   1.0255e-01   2.8953e+01   1.0556e+01   9.8460e-05   5.6246e-02   3.0831e+02
20260331_03:00:00   8.3161e-02   2.4227e+01   7.4190e+00   0.0000e+00   8.3725e-03   3.0854e+02
20260331_06:00:00   8.0224e-02   2.3507e+01   6.7335e+00   0.0000e+00   4.3160e-04   3.1673e+02
20260331_09:00:00   7.5889e-02   2.2434e+01   5.8463e+00   0.0000e+00   2.7200e-05   3.2249e+02
20260331_12:00:00   7.1104e-02   2.1178e+01   5.0089e+00   0.0000e+00   0.0000e+00   3.1902e+02
20260331_15:00:00   7.0486e-02   2.1005e+01   4.8135e+00   0.0000e+00   1.5522e-03   3.1388e+02
20260331_18:00:00   7.5533e-02   2.2303e+01   5.7493e+00   0.0000e+00   4.3957e-03   3.1018e+02
20260331_21:00:00   6.9158e-02   2.0673e+01   5.2329e+00   0.0000e+00   5.7634e-03   3.1042e+02
20260401_00:00:00   7.5169e-02   2.2146e+01   6.2658e+00   0.0000e+00   2.4396e-02   3.0900e+02
20260401_03:00:00   8.1749e-02   2.3788e+01   7.2281e+00   0.0000e+00   2.8332e-03   3.0757e+02
20260401_06:00:00   9.0672e-02   2.5855e+01   8.6745e+00   1.9350e-06   2.2417e-02   3.0791e+02
20260401_09:00:00   1.0045e-01   2.8266e+01   9.9595e+00   0.0000e+00   1.9158e-02   3.0904e+02
20260401_12:00:00   1.0104e-01   2.8352e+01   1.0013e+01   0.0000e+00   5.1357e-02   3.0560e+02
20260401_15:00:00   1.0482e-01   2.9173e+01   1.0343e+01   0.0000e+00   1.0565e-01   3.0095e+02
20260401_18:00:00   1.0792e-01   2.9950e+01   1.0788e+01   0.0000e+00   1.4015e-01   2.9835e+02
20260401_21:00:00   1.0884e-01   3.0245e+01   1.1098e+01   2.0140e-06   1.1320e-01   2.9645e+02
20260402_00:00:00   1.1915e-01   3.2739e+01   1.2310e+01   0.0000e+00   1.2325e-01   2.9517e+02
20260402_03:00:00   1.2159e-01   3.3325e+01   1.2321e+01   0.0000e+00   1.6168e-03   2.9710e+02
20260402_06:00:00   1.2178e-01   3.3331e+01   1.2380e+01   0.0000e+00   1.4651e-03   3.0041e+02
20260402_09:00:00   1.2404e-01   3.3819e+01   1.2734e+01   0.0000e+00   9.6674e-03   3.0368e+02
20260402_12:00:00   1.2617e-01   3.4281e+01   1.2889e+01   0.0000e+00   3.1339e-02   3.1018e+02
20260402_15:00:00   1.2888e-01   3.4945e+01   1.3040e+01   2.2140e-05   3.4249e-02   3.1469e+02
20260402_18:00:00   1.2710e-01   3.4658e+01   1.2719e+01   3.3300e-03   1.3291e-02   3.1833e+02
20260402_21:00:00   1.2369e-01   3.3922e+01   1.2002e+01   8.4380e-03   2.6908e-02   3.1870e+02
20260403_00:00:00   1.1522e-01   3.1992e+01   1.2036e+01   6.1240e-07   1.4941e-02   3.1682e+02
20260403_03:00:00   1.1224e-01   3.1188e+01   1.1616e+01   0.0000e+00   6.2740e-03   3.1774e+02
20260403_06:00:00   1.1442e-01   3.1728e+01   1.1737e+01   0.0000e+00   2.4791e-03   3.2600e+02
20260403_09:00:00   1.0928e-01   3.0501e+01   1.0957e+01   0.0000e+00   0.0000e+00   3.1741e+02
20260403_12:00:00   1.0412e-01   2.9277e+01   1.0048e+01   0.0000e+00   0.0000e+00   3.1748e+02
20260403_15:00:00   1.0730e-01   3.0034e+01   1.0413e+01   0.0000e+00   0.0000e+00   3.1781e+02
20260403_18:00:00   9.7837e-02   2.7902e+01   9.2126e+00   0.0000e+00   2.4936e-03   3.1034e+02
20260403_21:00:00   1.1383e-01   3.1807e+01   1.1422e+01   4.1438e-03   2.4011e-02   3.0339e+02
20260404_00:00:00   1.1493e-01   3.2088e+01   1.2358e+01   0.0000e+00   3.1486e-03   3.0556e+02
20260404_03:00:00   1.0565e-01   2.9845e+01   1.0777e+01   0.0000e+00   9.4570e-04   3.0480e+02
20260404_06:00:00   1.0916e-01   3.0737e+01   1.0966e+01   0.0000e+00   1.2378e-03   3.0553e+02
