#            date       tau255        Tb[K]      pwv[mm] lwp[kg*m^-2] iwp[kg*m^-2]       o3[DU]
20251224_06:00:00   3.0462e-01   7.4655e+01   1.3628e+01   1.6995e-01   0.0000e+00   2.6930e+02
20251224_07:00:00   2.0655e-01   5.3564e+01   1.2502e+01   6.6742e-02   0.0000e+00   2.6790e+02
20251224_08:00:00   2.3526e-01   5.9862e+01   1.1801e+01   1.0851e-01   0.0000e+00   2.6615e+02
20251224_09:00:00   2.2581e-01   5.7680e+01   1.1400e+01   1.0233e-01   0.0000e+00   2.6809e+02
20251224_10:00:00   1.8083e-01   4.7486e+01   1.0702e+01   5.6885e-02   0.0000e+00   2.7354e+02
20251224_11:00:00   1.1416e-01   3.1606e+01   8.7078e+00   0.0000e+00   0.0000e+00   2.7700e+02
20251224_12:00:00   1.0085e-01   2.8293e+01   7.1657e+00   0.0000e+00   0.0000e+00   2.8158e+02
20251224_13:00:00   9.8399e-02   2.7634e+01   6.8404e+00   1.2081e-05   0.0000e+00   2.8261e+02
20251224_14:00:00   9.9050e-02   2.7765e+01   6.9125e+00   0.0000e+00   0.0000e+00   2.8001e+02
20251224_15:00:00   9.6787e-02   2.7184e+01   6.6405e+00   0.0000e+00   3.8400e-06   2.7918e+02
20251224_16:00:00   9.6372e-02   2.7079e+01   6.6853e+00   0.0000e+00   0.0000e+00   2.7734e+02
20251224_17:00:00   9.9690e-02   2.7846e+01   7.3345e+00   0.0000e+00   4.9448e-05   2.7532e+02
20251224_18:00:00   1.0275e-01   2.8544e+01   7.9048e+00   0.0000e+00   2.5856e-03   2.7541e+02
20251224_19:00:00   1.0261e-01   2.8511e+01   7.8803e+00   0.0000e+00   1.7140e-03   2.7266e+02
20251224_20:00:00   1.0295e-01   2.8625e+01   7.8887e+00   0.0000e+00   2.7952e-03   2.7158e+02
20251224_21:00:00   1.0594e-01   2.9347e+01   8.2932e+00   0.0000e+00   1.1710e-02   2.7021e+02
20251224_22:00:00   1.0892e-01   3.0041e+01   8.7101e+00   0.0000e+00   3.0827e-02   2.7079e+02
20251224_23:00:00   1.1088e-01   3.0498e+01   9.0064e+00   0.0000e+00   5.8916e-02   2.7075e+02
20251225_00:00:00   1.1022e-01   3.0373e+01   8.7975e+00   0.0000e+00   1.1884e-01   2.7013e+02
20251225_01:00:00   1.1107e-01   3.0606e+01   8.7977e+00   0.0000e+00   1.5431e-01   2.7077e+02
20251225_02:00:00   1.1367e-01   3.1243e+01   9.1531e+00   0.0000e+00   1.1640e-01   2.7315e+02
20251225_03:00:00   1.1639e-01   3.1911e+01   9.5272e+00   0.0000e+00   6.9129e-02   2.7296e+02
20251225_04:00:00   1.2121e-01   3.3072e+01   1.0150e+01   0.0000e+00   3.1890e-02   2.7507e+02
20251225_05:00:00   1.3366e-01   3.6087e+01   1.1602e+01   0.0000e+00   4.1396e-02   2.7532e+02
20251225_06:00:00   1.5759e-01   4.1757e+01   1.4322e+01   0.0000e+00   5.4230e-03   2.7556e+02
20251225_07:00:00   2.6569e-01   6.5320e+01   1.8279e+01   8.3018e-02   1.8985e-01   2.7881e+02
20251225_08:00:00   8.9995e-01   1.6380e+02   2.0712e+01   7.7649e-01   5.3783e-02   2.7798e+02
20251225_09:00:00   4.2581e-01   9.7348e+01   1.9862e+01   2.4831e-01   9.1289e-04   2.8014e+02
20251225_10:00:00   4.4919e-01   1.0169e+02   2.0594e+01   2.7133e-01   8.9453e-02   2.8349e+02
20251225_11:00:00   1.4735e+00   2.1388e+02   2.1086e+01   1.4370e+00   3.3898e-02   2.8334e+02
20251225_12:00:00   1.0077e+00   1.7785e+02   1.9108e+01   9.3111e-01   0.0000e+00   2.8292e+02
20251225_13:00:00   9.6045e-01   1.7256e+02   1.9689e+01   8.5975e-01   3.8400e-06   2.8212e+02
20251225_14:00:00   8.1773e-01   1.5680e+02   1.8334e+01   7.0923e-01   2.9260e-06   2.7683e+02
20251225_15:00:00   5.4778e-01   1.1922e+02   1.7493e+01   4.0547e-01   3.9960e-05   2.7368e+02
20251225_16:00:00   8.6352e-01   1.6234e+02   1.7327e+01   7.7243e-01   1.0064e-04   2.7432e+02
20251225_17:00:00   3.3008e-01   8.0267e+01   1.4600e+01   1.8217e-01   1.8206e-03   2.7712e+02
20251225_18:00:00   4.8613e-01   1.0928e+02   1.4559e+01   3.6789e-01   3.9383e-03   2.8007e+02
20251225_19:00:00   5.0758e-01   1.1274e+02   1.4839e+01   3.9075e-01   9.7224e-03   2.8047e+02
20251225_20:00:00   5.2167e-01   1.1486e+02   1.4284e+01   4.1425e-01   1.0840e-02   2.8080e+02
20251225_21:00:00   5.0032e-01   1.1111e+02   1.4189e+01   3.9114e-01   7.7687e-04   2.8330e+02
20251225_22:00:00   5.8531e-01   1.2449e+02   1.5140e+01   4.8336e-01   5.1980e-05   2.8474e+02
20251225_23:00:00   6.3877e-01   1.3223e+02   1.5068e+01   5.4461e-01   6.7660e-06   2.8440e+02
20251226_00:00:00   4.6177e-01   1.0386e+02   1.4780e+01   3.4130e-01   6.5520e-06   2.8338e+02
20251226_01:00:00   4.0047e-01   9.2832e+01   1.4718e+01   2.7262e-01   2.5760e-05   2.8577e+02
20251226_02:00:00   3.0306e-01   7.3896e+01   1.5020e+01   1.5819e-01   2.5237e-04   2.8901e+02
20251226_03:00:00   2.0872e-01   5.3742e+01   1.4629e+01   5.2376e-02   1.2353e-02   2.8762e+02
20251226_04:00:00   1.8412e-01   4.8231e+01   1.3684e+01   3.2072e-02   3.5833e-02   2.8543e+02
20251226_05:00:00   2.2370e-01   5.7180e+01   1.3370e+01   8.0110e-02   3.2677e-02   2.8344e+02
20251226_06:00:00   2.5951e-01   6.4876e+01   1.4032e+01   1.1540e-01   3.5214e-02   2.8191e+02
20251226_07:00:00   1.7668e-01   4.6433e+01   1.5234e+01   9.1220e-03   4.7617e-02   2.7886e+02
20251226_08:00:00   2.5675e-01   6.4075e+01   1.6588e+01   8.4815e-02   5.9987e-02   2.7658e+02
20251226_09:00:00   3.4935e-01   8.2798e+01   1.7986e+01   1.7932e-01   3.6392e-02   2.7631e+02
20251226_10:00:00   4.6259e-01   1.0363e+02   1.8199e+01   3.0635e-01   1.7920e-02   2.7374e+02
20251226_11:00:00   5.3346e-01   1.1543e+02   2.0498e+01   3.7004e-01   2.3457e-02   2.7157e+02
20251226_12:00:00   8.7303e-01   1.6134e+02   2.2023e+01   7.3991e-01   2.4327e-02   2.6899e+02
20251226_13:00:00   1.0898e+00   1.8445e+02   2.0268e+01   1.0085e+00   1.2350e-02   2.6722e+02
20251226_14:00:00   6.1600e-01   1.2856e+02   1.9098e+01   4.7617e-01   1.5077e-02   2.6695e+02
20251226_15:00:00   8.7488e-01   1.6145e+02   2.0994e+01   7.5128e-01   3.9759e-03   2.6652e+02
20251226_16:00:00   1.1229e+00   1.8739e+02   2.1315e+01   1.0411e+00   4.4668e-03   2.6509e+02
20251226_17:00:00   1.2473e+00   1.9808e+02   2.2240e+01   1.1834e+00   1.5522e-01   2.6667e+02
20251226_18:00:00   1.1153e+00   1.8696e+02   2.1769e+01   1.0364e+00   8.8921e-02   2.6554e+02
20251226_19:00:00   9.2307e-01   1.6788e+02   2.0561e+01   8.2475e-01   5.5609e-03   2.6571e+02
20251226_20:00:00   6.6822e-01   1.3620e+02   2.1355e+01   5.2033e-01   5.0362e-03   2.6831e+02
20251226_21:00:00   6.5082e-01   1.3393e+02   2.1823e+01   4.9538e-01   3.3663e-05   2.7174e+02
20251226_22:00:00   1.3193e+00   2.0402e+02   2.2254e+01   1.2620e+00   1.5863e-03   2.7289e+02
20251226_23:00:00   1.0903e+00   1.8476e+02   2.2366e+01   9.9029e-01   1.3992e-04   2.7613e+02
20251227_00:00:00   1.4519e+00   2.1272e+02   2.2239e+01   1.4029e+00   3.1898e-04   2.8153e+02
20251227_01:00:00   1.3202e+00   2.0479e+02   2.1331e+01   1.2711e+00   3.8400e-06   2.8547e+02
20251227_02:00:00   9.6596e-01   1.7447e+02   2.0836e+01   8.7589e-01   0.0000e+00   2.8597e+02
20251227_03:00:00   8.0127e-01   1.5537e+02   1.8788e+01   6.9575e-01   0.0000e+00   2.8531e+02
20251227_04:00:00   5.0949e-01   1.1304e+02   1.7764e+01   3.5963e-01   0.0000e+00   2.8595e+02
20251227_05:00:00   5.3446e-01   1.1719e+02   1.5809e+01   4.0961e-01   0.0000e+00   2.8454e+02
20251227_06:00:00   6.5772e-01   1.3583e+02   1.4571e+01   5.6535e-01   0.0000e+00   2.8368e+02
20251227_07:00:00   4.8724e-01   1.0907e+02   1.3434e+01   3.7709e-01   0.0000e+00   2.8451e+02
20251227_08:00:00   3.6960e-01   8.7706e+01   1.2304e+01   2.5121e-01   0.0000e+00   2.8733e+02
20251227_09:00:00   2.6296e-01   6.6116e+01   1.1299e+01   1.3807e-01   0.0000e+00   2.8897e+02
20251227_10:00:00   3.3316e-01   8.0508e+01   1.0556e+01   2.2996e-01   0.0000e+00   2.8868e+02
20251227_11:00:00   3.3885e-01   8.1372e+01   1.0067e+01   2.4154e-01   1.4094e-05   2.8773e+02
20251227_12:00:00   3.3732e-01   8.0926e+01   9.3188e+00   2.4632e-01   7.5356e-05   2.8503e+02
20251227_13:00:00   2.4132e-01   6.1002e+01   8.7611e+00   1.4042e-01   7.8510e-04   2.8492e+02
20251227_14:00:00   1.4289e-01   3.8621e+01   8.2594e+00   3.2000e-02   3.2199e-04   2.8530e+02
20251227_15:00:00   1.2889e-01   3.5265e+01   7.8131e+00   1.9710e-02   1.6335e-03   2.8503e+02
20251227_16:00:00   1.2220e-01   3.3666e+01   7.9783e+00   1.0466e-02   4.4108e-03   2.8409e+02
20251227_17:00:00   1.1707e-01   3.2420e+01   8.1505e+00   3.2800e-03   4.8828e-03   2.8336e+02
20251227_18:00:00   1.1611e-01   3.2189e+01   8.1338e+00   2.4040e-03   5.9781e-03   2.8418e+02
20251227_19:00:00   1.1278e-01   3.1370e+01   8.0533e+00   6.6540e-05   4.9029e-03   2.8289e+02
20251227_20:00:00   1.1334e-01   3.1493e+01   8.1657e+00   0.0000e+00   6.3568e-03   2.8199e+02
20251227_21:00:00   1.1456e-01   3.1759e+01   8.4000e+00   0.0000e+00   1.3103e-02   2.7943e+02
20251227_22:00:00   1.1548e-01   3.1922e+01   8.6412e+00   0.0000e+00   4.6275e-03   2.7940e+02
20251227_23:00:00   1.1354e-01   3.1444e+01   8.3278e+00   0.0000e+00   7.0921e-03   2.7971e+02
20251228_00:00:00   1.1312e-01   3.1327e+01   8.3482e+00   0.0000e+00   8.9828e-03   2.8223e+02
20251228_01:00:00   1.1328e-01   3.1394e+01   8.1066e+00   1.4520e-03   3.7725e-04   2.8441e+02
20251228_02:00:00   1.1514e-01   3.1790e+01   8.3693e+00   2.3430e-03   9.4639e-04   2.8590e+02
20251228_03:00:00   1.2478e-01   3.4095e+01   8.8020e+00   1.0932e-02   3.8263e-04   2.8689e+02
20251228_04:00:00   1.2415e-01   3.3945e+01   8.6762e+00   1.1296e-02   1.3667e-03   2.8987e+02
20251228_05:00:00   1.3427e-01   3.6356e+01   8.9138e+00   2.1526e-02   1.5448e-03   2.9011e+02
20251228_06:00:00   1.3276e-01   3.5983e+01   9.2099e+00   1.8643e-02   4.0223e-04   2.8792e+02
20251228_07:00:00   1.2646e-01   3.4436e+01   9.6662e+00   8.9610e-03   9.9447e-04   2.8854e+02
20251228_08:00:00   1.2696e-01   3.4545e+01   9.9269e+00   7.5200e-03   2.2618e-03   2.9047e+02
20251228_09:00:00   1.2673e-01   3.4504e+01   1.0095e+01   5.8350e-03   1.3484e-03   2.8920e+02
20251228_10:00:00   1.2939e-01   3.5159e+01   1.0732e+01   3.8370e-03   1.2847e-02   2.8646e+02
20251228_11:00:00   1.3635e-01   3.6838e+01   1.1572e+01   4.9770e-03   5.7542e-03   2.8556e+02
20251228_12:00:00   1.4245e-01   3.8325e+01   1.2034e+01   8.2530e-03   2.8237e-03   2.8664e+02
20251228_13:00:00   1.4964e-01   4.0036e+01   1.2597e+01   1.2418e-02   1.9010e-03   2.8677e+02
20251228_14:00:00   1.6092e-01   4.2676e+01   1.4266e+01   1.1541e-02   2.4361e-03   2.8696e+02
20251228_15:00:00   1.7567e-01   4.6119e+01   1.6579e+01   7.7120e-03   3.3594e-03   2.8737e+02
20251228_16:00:00   1.9879e-01   5.1408e+01   1.9891e+01   1.5871e-03   3.5784e-02   2.8738e+02
20251228_17:00:00   2.3682e-01   5.9754e+01   2.4019e+01   3.0390e-04   2.6332e-01   2.8814e+02
20251228_18:00:00   4.4645e-01   1.0116e+02   2.5713e+01   2.2457e-01   1.8825e-01   2.8649e+02
20251228_19:00:00   5.7929e-01   1.2223e+02   2.6726e+01   3.5881e-01   6.3873e-01   2.8339e+02
20251228_20:00:00   6.0580e-01   1.2625e+02   2.7248e+01   3.8293e-01   6.4186e-01   2.7820e+02
20251228_21:00:00   8.8311e-01   1.6240e+02   2.7434e+01   6.9913e-01   1.6758e-01   2.7653e+02
20251228_22:00:00   7.5235e-01   1.4695e+02   2.7629e+01   5.5038e-01   1.2593e-01   2.7303e+02
20251228_23:00:00   9.1861e-01   1.6699e+02   2.7286e+01   7.4556e-01   2.2081e-02   2.7359e+02
20251229_00:00:00   4.0628e-01   9.4181e+01   2.6415e+01   1.6794e-01   2.5974e-03   2.7492e+02
20251229_01:00:00   3.2245e-01   7.8170e+01   2.6222e+01   7.2760e-02   1.2761e-02   2.7367e+02
20251229_02:00:00   2.6413e-01   6.6098e+01   2.4612e+01   2.3524e-02   1.2619e-01   2.6997e+02
20251229_03:00:00   2.3194e-01   5.9219e+01   2.2407e+01   8.8949e-03   3.2004e-02   2.6810e+02
20251229_04:00:00   2.4774e-01   6.2624e+01   2.3015e+01   2.3082e-02   2.8592e-02   2.6678e+02
20251229_05:00:00   3.1832e-01   7.7472e+01   2.4206e+01   9.4366e-02   3.6128e-02   2.6599e+02
20251229_06:00:00   3.5367e-01   8.4462e+01   2.4567e+01   1.3562e-01   3.3459e-02   2.6512e+02
20251229_09:00:00   1.0133e+00   1.7717e+02   2.8293e+01   8.4515e-01   6.3319e-02   2.6329e+02
20251229_12:00:00   1.2666e+00   1.9747e+02   2.4616e+01   1.1568e+00   2.7944e-01   2.6694e+02
20251229_15:00:00   5.3064e-01   1.1297e+02   1.4502e+01   4.2317e-01   3.2808e-02   2.7249e+02
20251229_18:00:00   1.0863e-01   2.9661e+01   5.8830e+00   1.5738e-02   1.6463e-02   2.7439e+02
20251229_21:00:00   9.0682e-02   2.5218e+01   4.0875e+00   5.2843e-03   1.6668e-02   2.7619e+02
20251230_00:00:00   8.0375e-02   2.2615e+01   2.9242e+00   3.7080e-04   2.1602e-02   3.0557e+02
20251230_03:00:00   7.9316e-02   2.2251e+01   2.7584e+00   0.0000e+00   1.6633e-02   3.3048e+02
20251230_06:00:00   8.1696e-02   2.2725e+01   3.1374e+00   0.0000e+00   1.2582e-02   3.4703e+02
20251230_09:00:00   8.0725e-02   2.2442e+01   3.0430e+00   0.0000e+00   1.0092e-02   3.8175e+02
20251230_12:00:00   7.9677e-02   2.2259e+01   2.9645e+00   0.0000e+00   3.7527e-03   3.7583e+02
20251230_15:00:00   8.8621e-02   2.4487e+01   4.4770e+00   0.0000e+00   3.7503e-04   3.7309e+02
20251230_18:00:00   9.9566e-02   2.7009e+01   6.0478e+00   0.0000e+00   8.1570e-06   3.4276e+02
20251230_21:00:00   1.0655e-01   2.8634e+01   6.9275e+00   0.0000e+00   7.2032e-04   3.6631e+02
20251231_00:00:00   1.0377e-01   2.8066e+01   6.3415e+00   0.0000e+00   3.3577e-05   3.6389e+02
20251231_03:00:00   1.0126e-01   2.7564e+01   6.3155e+00   0.0000e+00   3.3403e-05   3.6825e+02
20251231_06:00:00   1.0459e-01   2.8471e+01   6.8286e+00   0.0000e+00   3.5400e-06   3.3946e+02
20251231_09:00:00   9.9430e-02   2.7353e+01   6.1708e+00   0.0000e+00   0.0000e+00   3.3217e+02
20251231_12:00:00   1.0580e-01   2.8925e+01   7.4370e+00   0.0000e+00   1.2854e-05   3.1458e+02
20251231_15:00:00   1.1094e-01   3.0265e+01   8.0327e+00   0.0000e+00   0.0000e+00   3.1445e+02
20251231_18:00:00   1.1106e-01   3.0362e+01   7.8851e+00   0.0000e+00   1.5332e-05   3.1552e+02
20251231_21:00:00   1.1120e-01   3.0348e+01   7.5304e+00   1.7086e-05   7.1800e-04   2.9595e+02
20260101_00:00:00   1.3317e-01   3.5422e+01   7.9763e+00   2.1253e-02   1.0160e-02   3.0074e+02
20260101_03:00:00   1.1911e-01   3.2031e+01   8.5270e+00   3.1700e-03   9.1181e-03   3.0189e+02
20260101_06:00:00   1.1897e-01   3.1905e+01   9.0022e+00   7.5180e-05   5.4007e-02   2.9524e+02
20260101_09:00:00   1.2270e-01   3.2777e+01   9.4499e+00   0.0000e+00   2.6034e-02   2.9877e+02
20260101_12:00:00   1.2836e-01   3.4088e+01   1.0064e+01   0.0000e+00   4.8331e-03   2.9967e+02
20260101_15:00:00   1.2740e-01   3.3983e+01   9.8768e+00   0.0000e+00   1.9617e-05   2.9916e+02
20260101_18:00:00   1.2687e-01   3.3974e+01   9.8309e+00   0.0000e+00   1.2968e-04   3.0146e+02
20260101_21:00:00   1.3100e-01   3.4997e+01   1.0388e+01   0.0000e+00   3.8656e-04   2.9777e+02
20260102_00:00:00   1.3494e-01   3.5865e+01   1.1042e+01   0.0000e+00   3.7131e-03   2.9537e+02
20260102_03:00:00   1.4034e-01   3.7121e+01   1.1921e+01   0.0000e+00   4.0005e-03   2.9344e+02
20260102_06:00:00   1.4144e-01   3.7433e+01   1.1852e+01   0.0000e+00   4.6453e-03   2.9652e+02
20260102_09:00:00   1.2272e-01   3.3116e+01   9.3200e+00   0.0000e+00   3.6404e-03   2.9872e+02
20260102_12:00:00   1.2207e-01   3.2989e+01   9.2464e+00   0.0000e+00   1.3804e-04   2.9919e+02
20260102_15:00:00   1.2272e-01   3.3254e+01   9.2582e+00   0.0000e+00   1.1536e-03   2.9792e+02
20260102_18:00:00   1.2618e-01   3.4183e+01   9.7684e+00   0.0000e+00   4.4544e-03   3.0216e+02
20260102_21:00:00   1.3365e-01   3.5928e+01   1.0758e+01   0.0000e+00   3.5887e-03   3.0357e+02
20260103_00:00:00   1.3459e-01   3.6098e+01   1.0582e+01   4.8000e-06   1.0890e-03   3.0464e+02
20260103_03:00:00   1.3233e-01   3.5598e+01   1.0140e+01   1.2000e-04   6.1417e-04   3.0620e+02
20260103_06:00:00   1.3155e-01   3.5412e+01   1.0155e+01   4.1760e-04   9.4582e-03   3.0440e+02
20260103_09:00:00   1.3696e-01   3.6623e+01   1.1165e+01   0.0000e+00   4.7658e-02   3.0761e+02
20260103_12:00:00   1.4229e-01   3.7805e+01   1.1977e+01   0.0000e+00   6.6931e-02   3.0842e+02
20260103_15:00:00   1.5435e-01   4.0526e+01   1.3711e+01   0.0000e+00   1.3313e-01   3.1019e+02
20260103_18:00:00   1.6557e-01   4.3164e+01   1.4315e+01   6.9340e-03   5.0886e-02   3.0944e+02
20260103_21:00:00   1.8528e-01   4.7590e+01   1.5272e+01   2.0392e-02   5.3613e-02   3.0589e+02
20260104_00:00:00   4.4043e-01   9.8154e+01   1.7456e+01   2.8677e-01   7.7190e-04   3.0148e+02
20260104_03:00:00   6.0952e-01   1.2504e+02   1.8594e+01   4.6858e-01   6.5449e-02   2.9744e+02
20260104_06:00:00   5.2868e-01   1.1275e+02   1.9372e+01   3.6842e-01   5.2230e-01   2.9971e+02
20260104_09:00:00   8.4125e-01   1.5550e+02   1.8876e+01   7.2428e-01   3.4258e-01   2.9958e+02
20260104_12:00:00   1.1994e+00   1.9087e+02   1.7235e+01   1.1427e+00   2.6312e-02   3.0470e+02
20260104_15:00:00   1.0804e+00   1.8131e+02   1.6235e+01   1.0181e+00   4.8136e-03   3.0171e+02
20260104_18:00:00   8.0152e-01   1.5234e+02   1.4897e+01   7.1413e-01   4.1194e-04   2.9947e+02
20260104_21:00:00   6.4304e-01   1.3173e+02   1.3679e+01   5.4637e-01   1.2094e-05   3.0028e+02
20260105_00:00:00   5.2379e-01   1.1366e+02   1.2847e+01   4.1938e-01   5.0369e-03   3.0290e+02
20260105_03:00:00   6.4965e-01   1.3273e+02   1.2747e+01   5.6408e-01   6.0111e-03   3.0288e+02
20260105_06:00:00   6.4475e-01   1.3200e+02   1.2916e+01   5.5702e-01   2.6941e-02   3.0453e+02
20260105_09:00:00   8.5614e-01   1.5898e+02   1.3969e+01   7.8666e-01   4.4247e-03   3.0597e+02
20260105_12:00:00   8.8517e-01   1.6135e+02   1.4480e+01   8.1377e-01   3.0542e-03   3.0837e+02
20260105_15:00:00   4.0282e-01   9.1361e+01   1.1497e+01   2.8704e-01   3.7583e-02   3.1638e+02
20260105_18:00:00   1.7240e-01   4.4462e+01   7.3516e+00   6.2545e-02   1.8039e-02   3.1963e+02
20260105_21:00:00   2.2089e-01   5.4782e+01   5.5512e+00   1.3102e-01   4.1439e-02   3.2351e+02
20260106_00:00:00   1.6170e-01   4.1306e+01   5.1445e+00   6.9361e-02   4.8154e-02   3.2710e+02
20260106_03:00:00   8.7394e-02   2.4032e+01   3.5036e+00   0.0000e+00   1.7885e-02   3.4440e+02
20260106_06:00:00   8.4731e-02   2.3250e+01   3.2113e+00   0.0000e+00   6.4757e-03   3.4524e+02
20260106_09:00:00   7.9444e-02   2.2008e+01   2.4647e+00   0.0000e+00   8.0515e-03   3.4428e+02
20260106_12:00:00   7.7559e-02   2.1563e+01   2.1085e+00   2.9560e-04   6.9402e-03   3.5973e+02
20260106_15:00:00   7.6328e-02   2.1340e+01   2.0516e+00   0.0000e+00   2.2506e-04   3.6191e+02
20260106_18:00:00   7.9544e-02   2.2193e+01   2.8672e+00   0.0000e+00   2.3774e-04   3.5103e+02
20260106_21:00:00   8.5468e-02   2.3669e+01   3.9045e+00   0.0000e+00   2.1480e-06   3.4944e+02
20260107_00:00:00   8.6595e-02   2.3952e+01   4.1576e+00   0.0000e+00   8.9546e-05   3.5094e+02
20260107_03:00:00   9.5771e-02   2.6230e+01   5.5388e+00   0.0000e+00   3.3589e-03   3.5312e+02
20260107_06:00:00   9.1884e-02   2.5319e+01   5.0852e+00   0.0000e+00   1.1454e-02   3.4842e+02
20260107_09:00:00   8.7524e-02   2.4312e+01   4.5180e+00   0.0000e+00   9.7722e-03   3.4870e+02
20260107_12:00:00   9.3152e-02   2.5707e+01   5.3628e+00   0.0000e+00   9.1752e-03   3.4593e+02
20260107_15:00:00   1.0476e-01   2.8589e+01   7.2287e+00   0.0000e+00   4.6099e-02   3.4226e+02
20260107_18:00:00   1.1382e-01   3.0789e+01   8.6049e+00   1.0738e-04   3.8989e-02   3.5286e+02
20260107_21:00:00   1.5148e-01   3.9413e+01   1.2898e+01   1.7384e-03   2.7221e-01   3.5751e+02
20260108_00:00:00   1.5165e-01   3.9463e+01   1.2840e+01   1.2493e-03   9.7582e-02   3.5498e+02
20260108_03:00:00   1.5133e-01   3.9383e+01   1.2563e+01   2.1980e-03   7.6314e-02   3.5400e+02
20260108_06:00:00   1.6784e-01   4.3056e+01   1.2187e+01   2.4360e-02   7.5120e-02   3.5302e+02
20260108_09:00:00   1.1657e-01   3.1278e+01   8.1704e+00   0.0000e+00   8.2336e-03   3.5929e+02
20260108_12:00:00   8.3752e-02   2.3390e+01   3.4171e+00   3.4900e-05   1.8104e-03   3.6119e+02
20260108_15:00:00   7.7113e-02   2.1750e+01   2.5833e+00   0.0000e+00   2.7021e-04   3.5668e+02
20260108_18:00:00   7.5721e-02   2.1401e+01   2.2861e+00   0.0000e+00   2.1916e-04   3.5220e+02
20260108_21:00:00   7.5386e-02   2.1297e+01   2.1556e+00   0.0000e+00   7.5027e-04   3.5477e+02
20260109_00:00:00   7.5096e-02   2.1181e+01   2.0669e+00   0.0000e+00   2.8695e-03   3.5439e+02
20260109_03:00:00   7.4559e-02   2.1026e+01   2.0138e+00   0.0000e+00   5.6256e-04   3.5468e+02
20260109_06:00:00   7.3994e-02   2.0847e+01   2.0383e+00   0.0000e+00   2.4997e-03   3.5112e+02
