#            date       tau255        Tb[K]      pwv[mm] lwp[kg*m^-2] iwp[kg*m^-2]       o3[DU]
20251224_18:00:00   1.0477e-01   2.9054e+01   8.1817e+00   0.0000e+00   2.9189e-03   2.7705e+02
20251224_19:00:00   1.0618e-01   2.9396e+01   8.4017e+00   0.0000e+00   2.1467e-03   2.7350e+02
20251224_20:00:00   1.0820e-01   2.9924e+01   8.6363e+00   0.0000e+00   2.6300e-03   2.7116e+02
20251224_21:00:00   1.1166e-01   3.0760e+01   9.0880e+00   0.0000e+00   8.5443e-03   2.6836e+02
20251224_22:00:00   1.1327e-01   3.1119e+01   9.3209e+00   0.0000e+00   2.1575e-02   2.6769e+02
20251224_23:00:00   1.1472e-01   3.1450e+01   9.5613e+00   0.0000e+00   3.0790e-02   2.6748e+02
20251225_00:00:00   1.1379e-01   3.1254e+01   9.3614e+00   0.0000e+00   5.6915e-02   2.6797e+02
20251225_01:00:00   1.1517e-01   3.1576e+01   9.4501e+00   0.0000e+00   1.2745e-01   2.6787e+02
20251225_02:00:00   1.1815e-01   3.2289e+01   9.7893e+00   0.0000e+00   1.6176e-01   2.7040e+02
20251225_03:00:00   1.1881e-01   3.2428e+01   9.9181e+00   0.0000e+00   1.0731e-01   2.6903e+02
20251225_04:00:00   1.2308e-01   3.3481e+01   1.0440e+01   0.0000e+00   2.1083e-02   2.7036e+02
20251225_05:00:00   1.3173e-01   3.5566e+01   1.1443e+01   0.0000e+00   1.5331e-02   2.7199e+02
20251225_06:00:00   1.5395e-01   4.0917e+01   1.3739e+01   0.0000e+00   5.3783e-03   2.7527e+02
20251225_07:00:00   2.3212e-01   5.8720e+01   1.6806e+01   5.5699e-02   5.2808e-03   2.7627e+02
20251225_08:00:00   6.0848e-01   1.2610e+02   1.8893e+01   4.6371e-01   2.8383e-02   2.7584e+02
20251225_09:00:00   1.0572e+00   1.7977e+02   2.1350e+01   9.4883e-01   2.0321e-01   2.7530e+02
20251225_10:00:00   4.4199e-01   9.9438e+01   2.1255e+01   2.5142e-01   1.6059e-01   2.7889e+02
20251225_11:00:00   4.3534e-01   9.8238e+01   2.2212e+01   2.3256e-01   6.3886e-01   2.7942e+02
20251225_12:00:00   8.4947e-01   1.5936e+02   1.9775e+01   7.2853e-01   2.1034e-03   2.7512e+02
20251225_13:00:00   8.5882e-01   1.6153e+02   1.8124e+01   7.6302e-01   2.1480e-06   2.6923e+02
20251225_14:00:00   9.1762e-01   1.6804e+02   1.7885e+01   8.2894e-01   0.0000e+00   2.6861e+02
20251225_15:00:00   4.9519e-01   1.1026e+02   1.6877e+01   3.5029e-01   2.3917e-04   2.7191e+02
20251225_16:00:00   6.6750e-01   1.3745e+02   1.6318e+01   5.6121e-01   4.2335e-03   2.7055e+02
20251225_17:00:00   4.1685e-01   9.6944e+01   1.4761e+01   2.8321e-01   1.4292e-03   2.7367e+02
20251225_18:00:00   3.4792e-01   8.3757e+01   1.3957e+01   2.0940e-01   1.6467e-03   2.7561e+02
20251225_19:00:00   3.2581e-01   7.9299e+01   1.3554e+01   1.8906e-01   2.1670e-03   2.7880e+02
20251225_20:00:00   5.3158e-01   1.1645e+02   1.4327e+01   4.2550e-01   2.2125e-03   2.7571e+02
20251225_21:00:00   6.0910e-01   1.2827e+02   1.4768e+01   5.1194e-01   1.6836e-03   2.7565e+02
20251225_22:00:00   6.1874e-01   1.2942e+02   1.4791e+01   5.2338e-01   2.6678e-03   2.7924e+02
20251225_23:00:00   5.0438e-01   1.1122e+02   1.4685e+01   3.9216e-01   3.4950e-03   2.8319e+02
20251226_00:00:00   4.4727e-01   1.0136e+02   1.4189e+01   3.3314e-01   4.9980e-04   2.8318e+02
20251226_01:00:00   4.5600e-01   1.0283e+02   1.4344e+01   3.4327e-01   1.9552e-03   2.8446e+02
20251226_02:00:00   3.1968e-01   7.7208e+01   1.4398e+01   1.8605e-01   1.9260e-05   2.8578e+02
20251226_03:00:00   3.0194e-01   7.3605e+01   1.4206e+01   1.6810e-01   3.4666e-03   2.8536e+02
20251226_04:00:00   2.3206e-01   5.8823e+01   1.3820e+01   9.0730e-02   4.8863e-02   2.8239e+02
20251226_05:00:00   1.6046e-01   4.2635e+01   1.3132e+01   1.3796e-02   4.4592e-02   2.8203e+02
20251226_06:00:00   1.4890e-01   3.9943e+01   1.2776e+01   3.2500e-03   1.4702e-02   2.7852e+02
20251226_07:00:00   1.5380e-01   4.1122e+01   1.2745e+01   7.1740e-03   3.7189e-02   2.7599e+02
20251226_08:00:00   1.5987e-01   4.2539e+01   1.3238e+01   8.5300e-03   4.3317e-02   2.7412e+02
20251226_09:00:00   1.6508e-01   4.3733e+01   1.4412e+01   3.6512e-03   3.4646e-02   2.7340e+02
20251226_10:00:00   2.7062e-01   6.7009e+01   1.6405e+01   1.0610e-01   2.0159e-02   2.7149e+02
20251226_11:00:00   4.2205e-01   9.6351e+01   1.7963e+01   2.6331e-01   4.1759e-02   2.7140e+02
20251226_12:00:00   5.7993e-01   1.2265e+02   1.9031e+01   4.3443e-01   2.8038e-02   2.6892e+02
20251226_13:00:00   8.9319e-01   1.6393e+02   2.0004e+01   7.7985e-01   9.8058e-02   2.6869e+02
20251226_14:00:00   6.6000e-01   1.3493e+02   1.9757e+01   5.2088e-01   1.0680e-02   2.6839e+02
20251226_15:00:00   9.5976e-01   1.7186e+02   2.0035e+01   8.6498e-01   5.6757e-04   2.6916e+02
20251226_16:00:00   1.0385e+00   1.7947e+02   1.9693e+01   9.5326e-01   4.0065e-04   2.6998e+02
20251226_17:00:00   1.0028e+00   1.7597e+02   2.0096e+01   9.1039e-01   2.1789e-03   2.6786e+02
20251226_18:00:00   7.2602e-01   1.4426e+02   2.1147e+01   5.8972e-01   1.2334e-04   2.6718e+02
20251226_19:00:00   9.2191e-01   1.6808e+02   2.0838e+01   8.2044e-01   4.9980e-04   2.6721e+02
20251226_20:00:00   7.3821e-01   1.4603e+02   2.0582e+01   6.0941e-01   5.6274e-05   2.6613e+02
20251226_21:00:00   7.5576e-01   1.4856e+02   2.1233e+01   6.2314e-01   1.2436e-04   2.6573e+02
20251226_22:00:00   9.4671e-01   1.7132e+02   1.9752e+01   8.6048e-01   9.4875e-06   2.6850e+02
20251226_23:00:00   1.0822e+00   1.8445e+02   2.0911e+01   9.9699e-01   0.0000e+00   2.7111e+02
20251227_00:00:00   1.0572e+00   1.8254e+02   2.1000e+01   9.6849e-01   0.0000e+00   2.7140e+02
20251227_01:00:00   7.8899e-01   1.5360e+02   1.9112e+01   6.7550e-01   0.0000e+00   2.7356e+02
20251227_02:00:00   5.2389e-01   1.1554e+02   1.8243e+01   3.7660e-01   0.0000e+00   2.7373e+02
20251227_03:00:00   3.0156e-01   7.4445e+01   1.7036e+01   1.2606e-01   0.0000e+00   2.7533e+02
20251227_04:00:00   4.0114e-01   9.3825e+01   1.5525e+01   2.5491e-01   0.0000e+00   2.7722e+02
20251227_05:00:00   2.4353e-01   6.2218e+01   1.4241e+01   8.4635e-02   0.0000e+00   2.7839e+02
20251227_06:00:00   2.8490e-01   7.1017e+01   1.3193e+01   1.4376e-01   0.0000e+00   2.8033e+02
20251227_07:00:00   3.4815e-01   8.3814e+01   1.1996e+01   2.3020e-01   0.0000e+00   2.8196e+02
20251227_08:00:00   2.7933e-01   6.9694e+01   1.0528e+01   1.6498e-01   0.0000e+00   2.8544e+02
20251227_09:00:00   3.0940e-01   7.5762e+01   9.7243e+00   2.0889e-01   0.0000e+00   2.8685e+02
20251227_10:00:00   3.2752e-01   7.9261e+01   8.9306e+00   2.3902e-01   0.0000e+00   2.8613e+02
20251227_11:00:00   2.3703e-01   6.0191e+01   8.4040e+00   1.3858e-01   8.9040e-06   2.8559e+02
20251227_12:00:00   1.8029e-01   4.7396e+01   7.8834e+00   7.8000e-02   0.0000e+00   2.8551e+02
20251227_13:00:00   1.6433e-01   4.3650e+01   7.5784e+00   6.2740e-02   1.5424e-05   2.8762e+02
20251227_14:00:00   1.5134e-01   4.0607e+01   7.5750e+00   4.7720e-02   3.3948e-05   2.8654e+02
20251227_15:00:00   1.3055e-01   3.5669e+01   7.4740e+00   2.4340e-02   7.1202e-04   2.8624e+02
20251227_16:00:00   1.2216e-01   3.3677e+01   7.2624e+00   1.5712e-02   2.1877e-03   2.8422e+02
20251227_17:00:00   1.0999e-01   3.0731e+01   7.1471e+00   2.7960e-03   2.3235e-03   2.8323e+02
20251227_18:00:00   1.0726e-01   3.0077e+01   7.1710e+00   1.3602e-04   1.0337e-03   2.8124e+02
20251227_19:00:00   1.0649e-01   2.9903e+01   7.1377e+00   0.0000e+00   8.9360e-04   2.7975e+02
20251227_20:00:00   1.0686e-01   2.9997e+01   7.1956e+00   0.0000e+00   2.0855e-03   2.7993e+02
20251227_21:00:00   1.1046e-01   3.0814e+01   7.7556e+00   0.0000e+00   2.8343e-03   2.7938e+02
20251227_22:00:00   1.1202e-01   3.1136e+01   7.9875e+00   0.0000e+00   7.8400e-03   2.7832e+02
20251227_23:00:00   1.1156e-01   3.1001e+01   7.9605e+00   0.0000e+00   2.9928e-03   2.7725e+02
20251228_00:00:00   1.1031e-01   3.0679e+01   7.8664e+00   0.0000e+00   2.4850e-04   2.7799e+02
20251228_01:00:00   1.1147e-01   3.0921e+01   8.1677e+00   0.0000e+00   2.3977e-04   2.8038e+02
20251228_02:00:00   1.0892e-01   3.0325e+01   7.8079e+00   0.0000e+00   8.0540e-06   2.8080e+02
20251228_03:00:00   1.0685e-01   2.9809e+01   7.6332e+00   0.0000e+00   1.6438e-05   2.8070e+02
20251228_04:00:00   1.0738e-01   2.9909e+01   7.8339e+00   0.0000e+00   1.2855e-04   2.8044e+02
20251228_05:00:00   1.0695e-01   2.9786e+01   7.8226e+00   6.5230e-06   9.1078e-04   2.8035e+02
20251228_06:00:00   1.0863e-01   3.0158e+01   8.1263e+00   4.1100e-04   1.7348e-04   2.7939e+02
20251228_07:00:00   1.1159e-01   3.0865e+01   8.5538e+00   1.3906e-03   2.7150e-04   2.7974e+02
20251228_08:00:00   1.1617e-01   3.1957e+01   9.0406e+00   3.5860e-03   6.8599e-04   2.8275e+02
20251228_09:00:00   1.1969e-01   3.2827e+01   9.3659e+00   5.7520e-03   1.7081e-04   2.8420e+02
20251228_10:00:00   1.2506e-01   3.4104e+01   1.0121e+01   6.6680e-03   5.1884e-04   2.8521e+02
20251228_11:00:00   1.2788e-01   3.4759e+01   1.0710e+01   5.1550e-03   1.6108e-03   2.8249e+02
20251228_12:00:00   1.2866e-01   3.4951e+01   1.1108e+01   2.9865e-03   9.8696e-04   2.8284e+02
20251228_13:00:00   1.3391e-01   3.6194e+01   1.1943e+01   2.8093e-03   8.8600e-04   2.8273e+02
20251228_14:00:00   1.3978e-01   3.7622e+01   1.3098e+01   5.6720e-04   3.9306e-03   2.8369e+02
20251228_15:00:00   1.4312e-01   3.8469e+01   1.3706e+01   0.0000e+00   8.0995e-03   2.8419e+02
20251228_16:00:00   1.5455e-01   4.1176e+01   1.5272e+01   0.0000e+00   1.1608e-02   2.8327e+02
20251228_17:00:00   1.7734e-01   4.6550e+01   1.7998e+01   0.0000e+00   1.0046e-02   2.8300e+02
20251228_18:00:00   2.0588e-01   5.3061e+01   2.1030e+01   0.0000e+00   2.7076e-01   2.8508e+02
20251228_19:00:00   2.5480e-01   6.3696e+01   2.4239e+01   2.0824e-02   2.0412e-01   2.8343e+02
20251228_20:00:00   6.2675e-01   1.2897e+02   2.7004e+01   4.0667e-01   5.9094e-01   2.8097e+02
20251228_21:00:00   7.3625e-01   1.4463e+02   2.7643e+01   5.2798e-01   4.2340e-01   2.7817e+02
20251228_22:00:00   6.8161e-01   1.3798e+02   2.7661e+01   4.7071e-01   8.5147e-02   2.7615e+02
20251228_23:00:00   2.6110e-01   6.5441e+01   2.3913e+01   2.2862e-02   4.0575e-03   2.7395e+02
20251229_00:00:00   2.3857e-01   6.0643e+01   2.2303e+01   1.4078e-02   5.5103e-03   2.7105e+02
20251229_01:00:00   2.1362e-01   5.5222e+01   2.0170e+01   5.2476e-03   6.7759e-03   2.7051e+02
20251229_02:00:00   2.3195e-01   5.9257e+01   2.1457e+01   1.7051e-02   1.3252e-03   2.7014e+02
20251229_03:00:00   2.6079e-01   6.5608e+01   2.1842e+01   4.7255e-02   3.6149e-03   2.6890e+02
20251229_04:00:00   2.2762e-01   5.8370e+01   2.1307e+01   1.5676e-02   6.5700e-03   2.6988e+02
20251229_05:00:00   2.0661e-01   5.3676e+01   2.0353e+01   3.3930e-03   1.2976e-02   2.7018e+02
20251229_06:00:00   2.2955e-01   5.8853e+01   2.0308e+01   3.0311e-02   6.8400e-03   2.6862e+02
20251229_07:00:00   3.5140e-01   8.4285e+01   2.1062e+01   1.6719e-01   2.6296e-02   2.6897e+02
20251229_08:00:00   3.7256e-01   8.8315e+01   2.3894e+01   1.6336e-01   1.4570e-02   2.6736e+02
20251229_09:00:00   4.9690e-01   1.1072e+02   2.5914e+01   2.8828e-01   1.4056e-02   2.6665e+02
20251229_10:00:00   8.2169e-01   1.5758e+02   2.6596e+01   6.5961e-01   1.5408e-02   2.6677e+02
20251229_11:00:00   9.4303e-01   1.7090e+02   2.7446e+01   7.8327e-01   8.6217e-03   2.6687e+02
20251229_12:00:00   8.1308e-01   1.5553e+02   2.8152e+01   6.2276e-01   6.3724e-02   2.6778e+02
20251229_13:00:00   9.6254e-01   1.7198e+02   2.7721e+01   7.9348e-01   1.1957e-01   2.6784e+02
20251229_14:00:00   1.0105e+00   1.7535e+02   2.4115e+01   8.7538e-01   2.0278e-01   2.7339e+02
20251229_15:00:00   1.0482e+00   1.7840e+02   2.2765e+01   9.3153e-01   1.7028e-01   2.7759e+02
20251229_16:00:00   5.5204e-01   1.1732e+02   2.1009e+01   3.8798e-01   2.2652e-01   2.7983e+02
20251229_17:00:00   5.2705e-01   1.1311e+02   1.6038e+01   4.0735e-01   5.4866e-02   2.8319e+02
20251229_18:00:00   6.2323e-01   1.2703e+02   1.3321e+01   5.3460e-01   8.2433e-02   2.8401e+02
20251229_21:00:00   4.0028e-01   8.9918e+01   6.4168e+00   3.3038e-01   2.3698e-02   2.8433e+02
20251230_00:00:00   1.2971e-01   3.4440e+01   4.6130e+00   4.2542e-02   3.3007e-02   2.8802e+02
20251230_03:00:00   8.1664e-02   2.2946e+01   3.4135e+00   3.0080e-04   2.4346e-02   2.9396e+02
20251230_06:00:00   7.6846e-02   2.1717e+01   2.6790e+00   1.4400e-05   1.1093e-02   3.1558e+02
20251230_09:00:00   7.6685e-02   2.1624e+01   2.5536e+00   2.4000e-05   1.3714e-02   3.4059e+02
20251230_12:00:00   7.6489e-02   2.1506e+01   2.4135e+00   5.7600e-05   1.7036e-02   3.5193e+02
20251230_15:00:00   7.9620e-02   2.2209e+01   2.8489e+00   0.0000e+00   1.2891e-02   3.5653e+02
20251230_18:00:00   8.1973e-02   2.2696e+01   2.9120e+00   1.9252e-04   2.0705e-02   3.6577e+02
20251230_21:00:00   8.2283e-02   2.2751e+01   2.8923e+00   0.0000e+00   1.1526e-02   3.8253e+02
20251231_00:00:00   8.4646e-02   2.3294e+01   3.2442e+00   4.1080e-05   1.0775e-02   3.8529e+02
20251231_03:00:00   7.9968e-02   2.2246e+01   2.8369e+00   0.0000e+00   8.1141e-04   3.7862e+02
20251231_06:00:00   9.3985e-02   2.5595e+01   5.3748e+00   0.0000e+00   5.3690e-06   3.7020e+02
20251231_09:00:00   1.0118e-01   2.7381e+01   6.0011e+00   0.0000e+00   8.8886e-05   3.7024e+02
20251231_12:00:00   1.0466e-01   2.8275e+01   6.4266e+00   0.0000e+00   1.1943e-03   3.2571e+02
20251231_15:00:00   1.0580e-01   2.8689e+01   6.5969e+00   0.0000e+00   8.5700e-04   3.2091e+02
20251231_18:00:00   1.0339e-01   2.8232e+01   6.3743e+00   0.0000e+00   3.6336e-04   3.1256e+02
20251231_21:00:00   9.9260e-02   2.7324e+01   5.9921e+00   0.0000e+00   0.0000e+00   3.0295e+02
20260101_00:00:00   1.0036e-01   2.7595e+01   6.2278e+00   0.0000e+00   2.3642e-05   3.0145e+02
20260101_03:00:00   1.0151e-01   2.7932e+01   6.3467e+00   0.0000e+00   0.0000e+00   3.1236e+02
20260101_06:00:00   1.0629e-01   2.9083e+01   7.0225e+00   0.0000e+00   6.9955e-03   3.0362e+02
20260101_09:00:00   1.0915e-01   2.9748e+01   7.4256e+00   0.0000e+00   3.7530e-02   2.9856e+02
20260101_12:00:00   1.1339e-01   3.0699e+01   8.0922e+00   0.0000e+00   9.9912e-02   3.0557e+02
20260101_15:00:00   1.3173e-01   3.4959e+01   1.0747e+01   0.0000e+00   1.0302e-02   3.1269e+02
20260101_18:00:00   1.3869e-01   3.6712e+01   1.1206e+01   0.0000e+00   4.6472e-04   3.2101e+02
20260101_21:00:00   1.3046e-01   3.4894e+01   9.8572e+00   0.0000e+00   4.0400e-05   3.2649e+02
20260102_00:00:00   1.2238e-01   3.3010e+01   8.5642e+00   0.0000e+00   2.1480e-06   3.2523e+02
20260102_03:00:00   1.1133e-01   3.0449e+01   7.0124e+00   0.0000e+00   0.0000e+00   3.1663e+02
20260102_06:00:00   1.5329e-01   4.0308e+01   6.4670e+00   5.2700e-02   4.6460e-04   3.1522e+02
20260102_09:00:00   1.9224e-01   4.8985e+01   7.1882e+00   9.4160e-02   1.1559e-03   3.1709e+02
20260102_12:00:00   2.0987e-01   5.2858e+01   9.0620e+00   1.0174e-01   1.2006e-03   3.1355e+02
20260102_15:00:00   1.7716e-01   4.5554e+01   9.5843e+00   5.9344e-02   1.7556e-03   3.0907e+02
20260102_18:00:00   1.1498e-01   3.1193e+01   8.3413e+00   1.1202e-04   1.0089e-04   3.1536e+02
20260102_21:00:00   1.0646e-01   2.9173e+01   6.9452e+00   3.0040e-04   2.1539e-04   3.0308e+02
20260103_00:00:00   1.1231e-01   3.0486e+01   5.4579e+00   1.8668e-02   2.6986e-03   2.9936e+02
20260103_03:00:00   9.4557e-02   2.6160e+01   5.4840e+00   1.2432e-03   4.8125e-04   3.0307e+02
20260103_06:00:00   9.8926e-02   2.7125e+01   6.5527e+00   0.0000e+00   5.8316e-05   3.0161e+02
20260103_09:00:00   1.0023e-01   2.7403e+01   6.9145e+00   0.0000e+00   7.9752e-03   3.0795e+02
20260103_12:00:00   9.6839e-02   2.6577e+01   6.4266e+00   0.0000e+00   2.2478e-02   3.0923e+02
20260103_15:00:00   9.8087e-02   2.6899e+01   6.7431e+00   0.0000e+00   1.6444e-02   3.0843e+02
20260103_18:00:00   1.0186e-01   2.7922e+01   7.1798e+00   0.0000e+00   1.8630e-03   3.0545e+02
20260103_21:00:00   9.8662e-02   2.7323e+01   6.5170e+00   0.0000e+00   0.0000e+00   2.9947e+02
20260104_00:00:00   1.0111e-01   2.7934e+01   6.6869e+00   0.0000e+00   0.0000e+00   2.9559e+02
20260104_03:00:00   1.0508e-01   2.8941e+01   7.2000e+00   0.0000e+00   0.0000e+00   2.9537e+02
20260104_06:00:00   1.2459e-01   3.3668e+01   9.6836e+00   0.0000e+00   4.0640e-05   2.9288e+02
20260104_09:00:00   1.3799e-01   3.6866e+01   1.1318e+01   0.0000e+00   7.9379e-03   2.9534e+02
20260104_12:00:00   1.5135e-01   3.9778e+01   1.3685e+01   0.0000e+00   1.0391e-01   2.9477e+02
20260104_15:00:00   1.8147e-01   4.6679e+01   1.7101e+01   0.0000e+00   1.3865e-01   2.9585e+02
20260104_18:00:00   7.8464e-01   1.4910e+02   1.8452e+01   6.6681e-01   1.5063e-01   2.9779e+02
20260104_21:00:00   9.0652e-01   1.6360e+02   1.7398e+01   8.0879e-01   6.3282e-02   3.0158e+02
20260105_00:00:00   1.1598e+00   1.8880e+02   1.4859e+01   1.1190e+00   1.1464e-03   2.9985e+02
20260105_03:00:00   9.5173e-01   1.6907e+02   1.3595e+01   8.9330e-01   2.4516e-04   2.9457e+02
20260105_06:00:00   7.1907e-01   1.4195e+02   1.1635e+01   6.5000e-01   7.2220e-06   2.9347e+02
20260105_09:00:00   6.9465e-01   1.3867e+02   9.9492e+00   6.3790e-01   2.7820e-05   2.9469e+02
20260105_12:00:00   2.4969e-01   6.2263e+01   8.5306e+00   1.4712e-01   1.0056e-05   2.9714e+02
20260105_15:00:00   1.1868e-01   3.2459e+01   8.7322e+00   0.0000e+00   1.2738e-03   2.9736e+02
20260105_18:00:00   1.2115e-01   3.3008e+01   9.2957e+00   0.0000e+00   1.9642e-03   2.9839e+02
20260105_21:00:00   1.2651e-01   3.4250e+01   1.0033e+01   0.0000e+00   1.9458e-06   2.9674e+02
20260106_00:00:00   1.2834e-01   3.4614e+01   1.0001e+01   0.0000e+00   0.0000e+00   3.0227e+02
20260106_03:00:00   1.3401e-01   3.5869e+01   1.0525e+01   0.0000e+00   3.6900e-06   3.0307e+02
20260106_06:00:00   1.3319e-01   3.5582e+01   1.0586e+01   1.7938e-04   4.8996e-04   3.0247e+02
20260106_09:00:00   1.4064e-01   3.7270e+01   1.0225e+01   1.2807e-02   6.6579e-04   3.0487e+02
20260106_12:00:00   1.1775e-01   3.1798e+01   8.7225e+00   1.9484e-04   2.0127e-04   3.1213e+02
20260106_15:00:00   1.1283e-01   3.0599e+01   8.3105e+00   0.0000e+00   6.8106e-04   3.1506e+02
20260106_18:00:00   1.1924e-01   3.2098e+01   9.2291e+00   0.0000e+00   4.4176e-03   3.2106e+02
20260106_21:00:00   1.2035e-01   3.2357e+01   9.1501e+00   0.0000e+00   3.0408e-03   3.2384e+02
20260107_00:00:00   1.2134e-01   3.2530e+01   9.2613e+00   0.0000e+00   1.4060e-02   3.2334e+02
20260107_03:00:00   1.2510e-01   3.3437e+01   9.7669e+00   0.0000e+00   1.7232e-03   3.2701e+02
20260107_06:00:00   1.3003e-01   3.4589e+01   1.0392e+01   8.5240e-05   5.8042e-05   3.2743e+02
20260107_09:00:00   1.3869e-01   3.6672e+01   1.1569e+01   2.1748e-05   6.5802e-03   3.2618e+02
20260107_12:00:00   1.5346e-01   4.0146e+01   1.3349e+01   4.9950e-04   4.2608e-02   3.2262e+02
20260107_15:00:00   1.8015e-01   4.6312e+01   1.6445e+01   3.3961e-03   6.8312e-02   3.2124e+02
20260107_18:00:00   5.9228e-01   1.2285e+02   1.7758e+01   4.5536e-01   6.9148e-02   3.2089e+02
20260107_21:00:00   1.0425e+00   1.7737e+02   1.9996e+01   9.4585e-01   3.1808e-01   3.1623e+02
20260108_00:00:00   6.2618e-01   1.2857e+02   1.8556e+01   4.8766e-01   4.7451e-02   3.1731e+02
20260108_03:00:00   3.5227e-01   8.2896e+01   1.8015e+01   1.8332e-01   2.4280e-02   3.2230e+02
20260108_06:00:00   3.7757e-01   8.7541e+01   1.9761e+01   1.9355e-01   3.0646e-02   3.2279e+02
20260108_09:00:00   7.7422e-01   1.4847e+02   2.1362e+01   6.2814e-01   2.8837e-01   3.1976e+02
20260108_12:00:00   9.6787e-01   1.7041e+02   2.1192e+01   8.4463e-01   7.0575e-01   3.2303e+02
20260108_15:00:00   2.8135e-01   6.8721e+01   1.9063e+01   9.0926e-02   2.2951e-01   3.3002e+02
20260108_18:00:00   2.6429e-01   6.5534e+01   1.5496e+01   1.0381e-01   4.9099e-02   3.2818e+02
20260108_21:00:00   6.0469e-01   1.2627e+02   1.3992e+01   5.0223e-01   8.8618e-02   3.2761e+02
20260109_00:00:00   1.6717e-01   4.4154e+01   9.8408e+00   3.8823e-02   7.4960e-02   3.2294e+02
20260109_03:00:00   2.8132e-01   6.9127e+01   9.3311e+00   1.7680e-01   5.7891e-02   3.1689e+02
20260109_06:00:00   1.5149e-01   4.0219e+01   1.0211e+01   2.2401e-02   1.9170e-02   3.2203e+02
20260109_09:00:00   1.4524e-01   3.8691e+01   1.0559e+01   1.2910e-02   4.4941e-02   3.2002e+02
20260109_12:00:00   3.0080e-01   7.2591e+01   1.2881e+01   1.6594e-01   4.8943e-02   3.1956e+02
20260109_15:00:00   7.3442e-01   1.4299e+02   1.4403e+01   6.3858e-01   1.1587e-01   3.2085e+02
20260109_18:00:00   1.0597e+00   1.7863e+02   1.5446e+01   9.9401e-01   2.4527e-01   3.1723e+02
