#            date       tau255        Tb[K]      pwv[mm] lwp[kg*m^-2] iwp[kg*m^-2]       o3[DU]
20260115_00:00:00   4.9818e-01   1.0751e+02   1.1954e+01   3.9716e-01   2.6975e-01   3.6004e+02
20260115_01:00:00   6.3470e-01   1.2782e+02   1.1337e+01   5.5404e-01   2.1982e-01   3.7106e+02
20260115_02:00:00   1.8230e-01   4.6277e+01   9.7099e+00   5.9987e-02   5.5555e-02   3.8036e+02
20260115_03:00:00   1.1535e-01   3.0859e+01   7.8456e+00   0.0000e+00   2.9902e-02   3.8288e+02
20260115_04:00:00   9.9779e-02   2.7136e+01   5.5058e+00   0.0000e+00   1.7677e-02   3.7662e+02
20260115_05:00:00   8.5979e-02   2.3771e+01   3.6075e+00   0.0000e+00   1.6045e-02   3.7878e+02
20260115_06:00:00   8.1656e-02   2.2655e+01   3.0101e+00   2.3600e-05   2.0555e-02   3.7991e+02
20260115_07:00:00   8.1362e-02   2.2531e+01   2.9255e+00   2.9540e-05   2.2899e-02   3.8125e+02
20260115_08:00:00   8.0835e-02   2.2369e+01   2.8462e+00   6.9480e-05   2.8822e-02   3.7594e+02
20260115_09:00:00   7.9097e-02   2.1924e+01   2.6229e+00   0.0000e+00   3.1879e-02   3.7434e+02
20260115_10:00:00   7.8820e-02   2.1831e+01   2.5887e+00   0.0000e+00   3.5381e-02   3.7738e+02
20260115_11:00:00   7.9351e-02   2.1938e+01   2.6352e+00   0.0000e+00   4.1371e-02   3.8893e+02
20260115_12:00:00   7.9130e-02   2.1848e+01   2.5727e+00   0.0000e+00   3.4941e-02   3.9107e+02
20260115_13:00:00   7.9027e-02   2.1795e+01   2.5254e+00   8.0540e-06   3.5852e-02   3.9948e+02
20260115_14:00:00   7.8768e-02   2.1699e+01   2.4532e+00   1.0738e-05   2.4690e-02   4.0928e+02
20260115_15:00:00   7.8812e-02   2.1696e+01   2.4336e+00   3.5300e-05   1.8988e-02   4.1480e+02
20260115_16:00:00   7.9054e-02   2.1753e+01   2.4719e+00   1.9770e-05   1.3152e-02   4.2261e+02
20260115_17:00:00   7.9827e-02   2.1938e+01   2.5668e+00   7.0040e-05   1.6582e-02   4.2141e+02
20260115_18:00:00   8.0679e-02   2.2143e+01   2.6955e+00   4.1080e-05   1.4810e-02   4.1543e+02
20260115_19:00:00   8.2004e-02   2.2450e+01   2.8912e+00   3.6280e-05   1.1918e-02   4.2320e+02
20260115_20:00:00   8.3561e-02   2.2820e+01   3.1243e+00   3.2060e-05   1.2753e-02   4.4057e+02
20260115_21:00:00   8.4669e-02   2.3086e+01   3.2788e+00   2.6840e-06   1.5236e-02   4.2370e+02
20260115_22:00:00   8.6278e-02   2.3466e+01   3.5177e+00   0.0000e+00   2.1233e-02   4.1523e+02
20260115_23:00:00   8.6977e-02   2.3650e+01   3.6544e+00   0.0000e+00   1.7274e-02   4.2383e+02
20260116_00:00:00   8.4134e-02   2.3029e+01   3.3078e+00   0.0000e+00   3.5702e-03   4.4799e+02
20260116_01:00:00   7.9535e-02   2.1990e+01   2.7545e+00   0.0000e+00   1.0633e-04   4.4382e+02
20260116_02:00:00   7.7565e-02   2.1544e+01   2.4822e+00   0.0000e+00   2.7517e-04   4.0876e+02
20260116_03:00:00   7.5959e-02   2.1185e+01   2.2534e+00   0.0000e+00   3.5056e-04   3.7924e+02
20260116_04:00:00   7.5909e-02   2.1182e+01   2.2906e+00   0.0000e+00   1.5896e-03   3.6424e+02
20260116_05:00:00   7.6491e-02   2.1343e+01   2.3516e+00   0.0000e+00   6.4310e-03   3.6433e+02
20260116_06:00:00   7.7863e-02   2.1689e+01   2.6394e+00   0.0000e+00   3.6976e-03   3.5613e+02
20260116_07:00:00   7.9909e-02   2.2207e+01   3.0434e+00   0.0000e+00   3.3457e-03   3.5075e+02
20260116_08:00:00   8.1109e-02   2.2529e+01   3.3042e+00   0.0000e+00   1.7504e-03   3.3957e+02
20260116_09:00:00   8.1859e-02   2.2744e+01   3.4958e+00   0.0000e+00   1.9980e-04   3.3614e+02
20260116_10:00:00   8.4155e-02   2.3302e+01   3.8845e+00   0.0000e+00   6.2974e-05   3.3537e+02
20260116_11:00:00   8.7591e-02   2.4142e+01   4.4426e+00   0.0000e+00   6.1760e-07   3.3237e+02
20260116_12:00:00   9.0305e-02   2.4785e+01   4.9153e+00   0.0000e+00   1.6766e-05   3.2956e+02
20260116_13:00:00   9.3891e-02   2.5629e+01   5.5602e+00   0.0000e+00   4.9628e-03   3.2928e+02
20260116_14:00:00   9.9756e-02   2.7038e+01   6.3709e+00   0.0000e+00   1.1535e-02   3.3069e+02
20260116_15:00:00   9.9747e-02   2.7068e+01   6.4334e+00   0.0000e+00   1.1181e-02   3.2936e+02
20260116_16:00:00   9.9175e-02   2.6985e+01   6.2497e+00   0.0000e+00   2.3443e-03   3.2919e+02
20260116_17:00:00   1.0361e-01   2.8111e+01   6.7554e+00   0.0000e+00   3.6519e-03   3.2344e+02
20260116_18:00:00   1.0683e-01   2.8936e+01   7.0281e+00   0.0000e+00   7.6797e-03   3.1923e+02
20260116_19:00:00   1.1250e-01   3.0323e+01   7.5945e+00   0.0000e+00   2.4829e-02   3.1797e+02
20260116_20:00:00   1.1921e-01   3.1968e+01   8.2145e+00   8.1800e-04   4.3536e-02   3.1735e+02
20260116_21:00:00   1.3579e-01   3.5826e+01   8.7335e+00   1.5106e-02   3.1947e-02   3.1800e+02
20260116_22:00:00   1.3455e-01   3.5514e+01   9.0267e+00   1.2748e-02   5.1528e-02   3.2164e+02
20260116_23:00:00   1.4651e-01   3.8186e+01   9.7080e+00   2.0618e-02   9.1898e-02   3.2599e+02
20260117_00:00:00   1.3239e-01   3.4899e+01   1.0003e+01   1.2093e-03   2.1576e-01   3.2672e+02
20260117_01:00:00   1.3484e-01   3.5417e+01   1.0367e+01   0.0000e+00   2.3645e-01   3.2725e+02
20260117_02:00:00   1.3802e-01   3.6125e+01   1.0640e+01   0.0000e+00   3.2507e-01   3.2813e+02
20260117_03:00:00   1.3803e-01   3.6172e+01   1.0638e+01   0.0000e+00   1.2620e-01   3.2856e+02
20260117_04:00:00   1.3450e-01   3.5368e+01   1.0092e+01   1.4399e-06   8.3510e-02   3.3008e+02
20260117_05:00:00   1.3276e-01   3.4994e+01   9.8769e+00   3.2450e-06   5.2057e-02   3.3379e+02
20260117_06:00:00   1.3677e-01   3.5907e+01   1.0075e+01   1.8967e-03   1.2944e-01   3.3486e+02
20260117_07:00:00   1.3345e-01   3.5146e+01   9.7923e+00   0.0000e+00   1.4601e-01   3.3510e+02
20260117_08:00:00   1.3069e-01   3.4525e+01   9.3988e+00   0.0000e+00   1.0872e-01   3.3623e+02
20260117_09:00:00   1.3040e-01   3.4456e+01   9.3483e+00   8.1500e-07   1.5532e-01   3.3757e+02
20260117_10:00:00   1.3028e-01   3.4401e+01   9.2674e+00   0.0000e+00   2.7822e-01   3.4140e+02
20260117_11:00:00   1.2757e-01   3.3751e+01   8.9534e+00   8.5900e-05   1.9168e-01   3.4701e+02
20260117_12:00:00   1.2976e-01   3.4294e+01   7.8408e+00   1.1101e-02   1.0892e-01   3.5568e+02
20260117_13:00:00   1.1256e-01   3.0234e+01   6.4592e+00   4.2502e-03   3.2589e-02   3.6277e+02
20260117_14:00:00   1.0027e-01   2.7298e+01   5.5115e+00   0.0000e+00   3.7412e-04   3.7183e+02
20260117_15:00:00   1.0205e-01   2.7725e+01   5.4973e+00   1.5190e-03   7.6340e-03   3.7381e+02
20260117_16:00:00   9.6261e-02   2.6366e+01   5.0103e+00   0.0000e+00   2.0275e-05   3.6873e+02
20260117_17:00:00   9.6971e-02   2.6527e+01   5.2481e+00   0.0000e+00   2.9940e-06   3.6568e+02
20260117_18:00:00   9.8290e-02   2.6822e+01   5.5447e+00   0.0000e+00   1.4924e-05   3.6200e+02
20260117_19:00:00   1.0032e-01   2.7315e+01   5.8027e+00   0.0000e+00   1.1536e-04   3.5990e+02
20260117_20:00:00   1.0744e-01   2.8976e+01   6.7102e+00   2.0440e-05   1.1273e-03   3.5867e+02
20260117_21:00:00   1.1049e-01   2.9675e+01   7.2158e+00   0.0000e+00   1.4380e-03   3.5684e+02
20260117_22:00:00   1.1321e-01   3.0285e+01   7.6410e+00   0.0000e+00   2.1433e-03   3.5790e+02
20260117_23:00:00   1.1768e-01   3.1294e+01   8.1511e+00   0.0000e+00   8.7355e-03   3.5874e+02
20260118_00:00:00   1.2006e-01   3.1835e+01   8.4587e+00   0.0000e+00   1.3561e-02   3.6159e+02
20260118_01:00:00   1.2140e-01   3.2129e+01   8.6039e+00   5.8380e-06   2.8040e-02   3.6141e+02
20260118_02:00:00   1.2023e-01   3.1842e+01   8.4328e+00   3.6340e-04   3.4427e-02   3.6480e+02
20260118_03:00:00   1.1646e-01   3.0952e+01   8.0533e+00   0.0000e+00   2.4338e-02   3.6770e+02
20260118_04:00:00   1.1586e-01   3.0793e+01   8.0235e+00   0.0000e+00   3.1391e-02   3.6755e+02
20260118_05:00:00   1.1698e-01   3.1033e+01   8.1895e+00   0.0000e+00   2.6836e-02   3.6680e+02
20260118_06:00:00   1.1972e-01   3.1634e+01   8.4907e+00   0.0000e+00   4.5391e-02   3.7240e+02
20260118_07:00:00   1.2050e-01   3.1820e+01   8.5454e+00   0.0000e+00   1.3933e-01   3.7126e+02
20260118_08:00:00   1.2344e-01   3.2481e+01   8.8861e+00   0.0000e+00   1.5826e-01   3.7391e+02
20260118_09:00:00   1.2683e-01   3.3242e+01   9.1670e+00   0.0000e+00   4.0965e-01   3.7942e+02
20260118_10:00:00   1.2789e-01   3.3458e+01   9.2108e+00   0.0000e+00   5.8866e-01   3.8265e+02
20260118_11:00:00   1.2732e-01   3.3315e+01   9.1104e+00   0.0000e+00   5.9876e-01   3.8951e+02
20260118_12:00:00   1.2797e-01   3.3462e+01   9.2302e+00   0.0000e+00   6.5143e-01   3.9120e+02
20260118_13:00:00   1.2706e-01   3.3258e+01   9.2161e+00   0.0000e+00   5.0599e-01   3.9641e+02
20260118_14:00:00   1.2674e-01   3.3171e+01   9.1693e+00   0.0000e+00   5.4133e-01   4.0012e+02
20260118_15:00:00   1.2819e-01   3.3539e+01   9.4251e+00   0.0000e+00   5.2768e-01   4.0447e+02
20260118_16:00:00   1.2832e-01   3.3571e+01   9.4472e+00   6.2560e-05   5.4678e-01   4.1563e+02
20260118_17:00:00   1.2675e-01   3.3240e+01   9.3925e+00   2.0940e-05   4.0624e-01   4.1496e+02
20260118_18:00:00   1.2403e-01   3.2618e+01   9.1390e+00   0.0000e+00   4.6322e-01   4.0556e+02
20260118_19:00:00   1.1403e-01   3.0338e+01   7.9938e+00   2.7683e-04   3.0860e-01   4.0021e+02
20260118_20:00:00   1.0538e-01   2.8313e+01   6.8764e+00   2.1464e-04   2.7791e-01   4.0103e+02
20260118_21:00:00   9.4908e-02   2.5880e+01   5.3732e+00   6.5080e-05   1.4999e-01   3.9745e+02
20260118_22:00:00   8.8339e-02   2.4351e+01   4.1833e+00   9.9260e-05   9.8009e-02   3.9665e+02
20260118_23:00:00   8.3724e-02   2.3273e+01   3.3816e+00   0.0000e+00   2.8210e-02   3.9367e+02
20260119_00:00:00   8.0443e-02   2.2487e+01   2.7949e+00   0.0000e+00   1.4895e-03   3.9123e+02
20260119_01:00:00   8.0130e-02   2.2376e+01   2.8112e+00   0.0000e+00   1.3722e-03   3.8848e+02
20260119_02:00:00   7.9395e-02   2.2205e+01   2.7923e+00   0.0000e+00   1.1994e-03   3.8333e+02
20260119_03:00:00   7.9992e-02   2.2346e+01   2.9991e+00   0.0000e+00   1.1277e-03   3.7505e+02
20260119_04:00:00   8.1795e-02   2.2783e+01   3.3936e+00   0.0000e+00   3.1877e-04   3.6507e+02
20260119_05:00:00   8.4256e-02   2.3377e+01   3.8125e+00   0.0000e+00   4.2977e-04   3.5815e+02
20260119_06:00:00   8.7870e-02   2.4242e+01   4.3919e+00   0.0000e+00   2.4265e-04   3.5202e+02
20260119_07:00:00   9.0838e-02   2.4968e+01   4.7944e+00   0.0000e+00   2.0985e-04   3.5110e+02
20260119_08:00:00   8.9769e-02   2.4742e+01   4.5399e+00   0.0000e+00   4.9740e-06   3.4926e+02
20260119_09:00:00   8.4605e-02   2.3500e+01   3.6994e+00   0.0000e+00   8.9720e-07   3.4862e+02
20260119_10:00:00   7.8517e-02   2.2038e+01   2.8268e+00   0.0000e+00   0.0000e+00   3.4694e+02
20260119_11:00:00   7.6253e-02   2.1490e+01   2.5240e+00   0.0000e+00   0.0000e+00   3.4650e+02
20260119_12:00:00   7.5437e-02   2.1301e+01   2.4324e+00   0.0000e+00   0.0000e+00   3.4364e+02
20260119_13:00:00   7.5016e-02   2.1203e+01   2.4023e+00   0.0000e+00   0.0000e+00   3.4610e+02
20260119_14:00:00   7.6005e-02   2.1442e+01   2.5127e+00   0.0000e+00   0.0000e+00   3.5123e+02
20260119_15:00:00   7.6928e-02   2.1658e+01   2.6028e+00   0.0000e+00   4.5040e-05   3.5207e+02
20260119_16:00:00   7.7822e-02   2.1858e+01   2.7799e+00   0.0000e+00   7.8360e-05   3.5172e+02
20260119_17:00:00   7.9391e-02   2.2212e+01   3.0390e+00   0.0000e+00   4.7800e-05   3.4844e+02
20260119_18:00:00   8.2057e-02   2.2807e+01   3.4588e+00   0.0000e+00   2.1578e-05   3.4873e+02
20260119_19:00:00   8.5613e-02   2.3602e+01   3.9643e+00   0.0000e+00   1.5738e-04   3.5228e+02
20260119_20:00:00   8.7124e-02   2.3916e+01   4.1509e+00   0.0000e+00   3.3809e-04   3.4683e+02
20260119_21:00:00   8.5360e-02   2.3446e+01   3.8244e+00   0.0000e+00   7.2370e-05   3.4591e+02
20260119_22:00:00   8.0077e-02   2.2160e+01   2.8960e+00   0.0000e+00   4.0836e-05   3.5163e+02
20260119_23:00:00   7.6568e-02   2.1314e+01   2.1561e+00   0.0000e+00   2.7270e-04   3.5973e+02
20260120_00:00:00   7.5643e-02   2.1070e+01   1.9470e+00   0.0000e+00   2.3935e-03   3.6000e+02
20260120_03:00:00   7.4940e-02   2.0847e+01   1.8529e+00   0.0000e+00   3.8664e-03   3.6228e+02
20260120_06:00:00   7.6404e-02   2.1124e+01   2.1237e+00   0.0000e+00   1.5037e-03   3.8060e+02
20260120_09:00:00   7.7600e-02   2.1375e+01   2.2637e+00   0.0000e+00   5.4502e-05   4.0314e+02
20260120_12:00:00   7.7846e-02   2.1386e+01   2.1969e+00   0.0000e+00   1.9022e-06   4.2052e+02
20260120_15:00:00   7.6719e-02   2.1148e+01   2.0167e+00   0.0000e+00   0.0000e+00   4.2685e+02
20260120_18:00:00   7.5859e-02   2.0998e+01   1.8582e+00   0.0000e+00   0.0000e+00   4.2220e+02
20260120_21:00:00   7.6203e-02   2.1129e+01   2.0537e+00   0.0000e+00   0.0000e+00   4.1192e+02
20260121_00:00:00   8.0012e-02   2.2024e+01   2.6346e+00   0.0000e+00   5.9880e-06   4.0183e+02
20260121_03:00:00   8.4413e-02   2.3078e+01   3.3026e+00   0.0000e+00   9.8364e-05   3.8106e+02
20260121_06:00:00   8.4581e-02   2.3210e+01   3.4154e+00   0.0000e+00   0.0000e+00   3.6050e+02
20260121_09:00:00   8.8080e-02   2.4058e+01   4.0044e+00   0.0000e+00   5.9880e-06   3.5261e+02
20260121_12:00:00   9.9444e-02   2.6723e+01   5.5987e+00   0.0000e+00   2.2804e-05   3.4580e+02
20260121_15:00:00   1.0886e-01   2.9057e+01   6.9183e+00   0.0000e+00   3.1170e-04   3.4744e+02
20260121_18:00:00   1.1277e-01   3.0186e+01   7.5243e+00   0.0000e+00   4.5655e-04   3.4710e+02
20260121_21:00:00   1.1688e-01   3.1286e+01   8.2424e+00   0.0000e+00   2.4735e-03   3.4726e+02
20260122_00:00:00   1.1564e-01   3.1109e+01   8.2100e+00   0.0000e+00   1.5676e-03   3.4395e+02
20260122_03:00:00   3.9894e-01   8.9531e+01   9.8086e+00   3.0024e-01   1.9108e-02   3.4387e+02
20260122_06:00:00   2.4933e-01   6.0909e+01   8.6371e+00   1.4084e-01   1.4656e-02   3.4455e+02
20260122_09:00:00   1.9864e-01   5.0124e+01   7.7209e+00   9.2182e-02   1.0529e-02   3.3332e+02
20260122_12:00:00   2.4638e-01   6.0401e+01   6.5716e+00   1.5658e-01   6.0714e-03   3.1148e+02
20260122_15:00:00   1.7759e-01   4.5505e+01   6.5396e+00   8.0394e-02   1.0905e-02   3.1009e+02
20260122_18:00:00   1.0487e-01   2.8676e+01   6.4993e+00   1.3424e-04   2.9184e-03   3.0639e+02
20260122_21:00:00   1.1055e-01   3.0133e+01   6.4599e+00   5.5440e-03   5.3854e-04   3.0264e+02
20260123_00:00:00   1.4845e-01   3.9077e+01   1.0116e+01   1.2282e-02   1.7762e-04   3.0077e+02
20260123_03:00:00   3.6520e-01   8.4643e+01   1.0059e+01   2.5381e-01   4.2218e-04   2.9446e+02
20260123_06:00:00   3.2162e-01   7.6285e+01   9.9655e+00   2.0513e-01   8.8186e-04   2.8784e+02
20260123_09:00:00   3.0410e-01   7.2870e+01   1.0112e+01   1.8588e-01   9.8369e-04   2.8290e+02
20260123_12:00:00   3.1309e-01   7.4576e+01   1.2117e+01   1.8011e-01   3.7424e-03   2.7849e+02
20260123_15:00:00   1.9503e-01   4.9943e+01   1.2982e+01   4.2053e-02   1.2604e-03   2.7591e+02
20260123_18:00:00   1.4568e-01   3.8887e+01   1.2133e+01   0.0000e+00   0.0000e+00   2.7318e+02
20260123_21:00:00   1.2997e-01   3.5183e+01   1.0324e+01   0.0000e+00   0.0000e+00   2.7252e+02
20260124_00:00:00   1.4069e-01   3.7604e+01   1.1703e+01   0.0000e+00   8.2961e-05   2.7211e+02
20260124_03:00:00   1.9488e-01   4.9842e+01   1.5263e+01   2.6882e-02   2.0751e-01   2.7376e+02
20260124_06:00:00   1.0039e+00   1.7361e+02   1.7528e+01   9.1325e-01   6.7348e-02   2.7929e+02
20260124_09:00:00   9.6359e-01   1.7020e+02   1.7310e+01   8.7406e-01   5.5762e-02   2.7908e+02
20260124_12:00:00   1.9398e-01   5.0153e+01   1.4843e+01   2.5829e-02   0.0000e+00   2.7982e+02
20260124_15:00:00   2.0385e-01   5.2476e+01   1.5993e+01   3.1210e-02   3.4005e-02   2.8147e+02
20260124_18:00:00   2.2371e-01   5.6729e+01   1.9464e+01   2.3030e-02   1.3371e-01   2.7916e+02
20260124_21:00:00   7.7807e-01   1.4931e+02   2.1428e+01   6.3203e-01   4.5175e-01   2.8141e+02
20260125_00:00:00   9.7720e-01   1.7145e+02   2.0081e+01   8.6944e-01   6.2662e-01   2.8478e+02
20260125_03:00:00   6.8747e-01   1.3705e+02   1.7210e+01   5.6991e-01   1.5545e-01   2.9030e+02
20260125_06:00:00   9.9228e-01   1.7149e+02   1.0586e+01   9.6103e-01   3.7377e-02   3.1396e+02
20260125_09:00:00   1.1102e-01   2.9965e+01   7.2907e+00   0.0000e+00   3.7509e-02   3.2243e+02
20260125_12:00:00   9.1532e-02   2.5053e+01   4.2662e+00   0.0000e+00   3.2910e-02   3.5252e+02
20260125_15:00:00   8.6038e-02   2.3551e+01   3.2720e+00   0.0000e+00   3.9062e-02   3.6462e+02
20260125_18:00:00   8.3800e-02   2.2939e+01   2.9122e+00   7.5180e-05   2.3755e-02   3.5640e+02
20260125_21:00:00   8.1673e-02   2.2400e+01   2.5740e+00   0.0000e+00   1.8558e-02   3.8022e+02
20260126_00:00:00   7.8842e-02   2.1640e+01   2.1122e+00   0.0000e+00   2.2772e-02   3.8714e+02
20260126_03:00:00   7.6673e-02   2.1084e+01   1.7860e+00   0.0000e+00   9.5756e-03   3.8922e+02
20260126_06:00:00   7.4705e-02   2.0579e+01   1.4562e+00   0.0000e+00   1.1232e-02   3.8373e+02
20260126_09:00:00   7.1781e-02   1.9905e+01   1.0948e+00   0.0000e+00   3.4949e-03   3.8578e+02
20260126_12:00:00   7.2273e-02   2.0050e+01   1.1800e+00   0.0000e+00   2.5590e-03   3.8119e+02
20260126_15:00:00   7.3616e-02   2.0433e+01   1.4117e+00   0.0000e+00   5.0018e-04   3.5743e+02
20260126_18:00:00   7.4248e-02   2.0714e+01   1.6305e+00   0.0000e+00   1.2192e-04   3.4233e+02
20260126_21:00:00   7.6280e-02   2.1288e+01   2.0680e+00   0.0000e+00   1.8510e-04   3.3389e+02
20260127_00:00:00   7.7511e-02   2.1601e+01   2.4363e+00   0.0000e+00   3.2832e-06   3.2759e+02
20260127_03:00:00   8.0795e-02   2.2444e+01   3.2855e+00   0.0000e+00   1.8617e-03   3.2071e+02
20260127_06:00:00   8.8173e-02   2.4232e+01   4.6093e+00   0.0000e+00   2.0845e-02   3.2111e+02
20260127_09:00:00   9.4246e-02   2.5703e+01   5.6255e+00   0.0000e+00   5.5653e-02   3.1503e+02
20260127_12:00:00   1.0131e-01   2.7375e+01   6.5845e+00   0.0000e+00   2.4162e-01   3.1802e+02
20260127_15:00:00   1.1648e-01   3.0924e+01   8.4713e+00   0.0000e+00   4.7671e-01   3.2544e+02
20260127_18:00:00   1.2129e-01   3.2027e+01   9.0326e+00   0.0000e+00   4.8934e-01   3.2055e+02
20260127_21:00:00   1.0423e-01   2.8258e+01   6.2824e+00   0.0000e+00   1.1887e-02   3.2210e+02
20260128_00:00:00   1.0792e-01   2.9172e+01   6.4643e+00   0.0000e+00   2.2987e-03   3.2208e+02
20260128_03:00:00   1.0844e-01   2.9327e+01   6.6462e+00   0.0000e+00   2.3568e-03   3.1962e+02
20260128_06:00:00   1.1086e-01   2.9915e+01   6.9930e+00   0.0000e+00   3.0734e-02   3.2195e+02
20260128_09:00:00   1.2136e-01   3.2303e+01   8.5838e+00   0.0000e+00   6.1512e-02   3.3310e+02
20260128_12:00:00   1.2915e-01   3.4092e+01   9.5533e+00   0.0000e+00   1.1277e-01   3.4066e+02
20260128_15:00:00   1.2915e-01   3.4163e+01   9.2659e+00   7.4950e-05   7.0261e-02   3.5154e+02
20260128_18:00:00   1.4869e-01   3.8736e+01   1.0491e+01   1.0474e-02   1.1087e-01   3.6100e+02
20260128_21:00:00   1.6273e-01   4.2144e+01   9.5034e+00   3.0908e-02   6.0491e-02   3.4370e+02
20260129_00:00:00   2.0212e-01   5.0867e+01   7.3659e+00   9.4325e-02   4.2952e-02   3.4960e+02
20260129_03:00:00   2.0657e-01   5.1626e+01   7.0802e+00   1.0559e-01   5.3562e-02   3.5342e+02
20260129_06:00:00   1.0911e-01   2.9360e+01   6.1584e+00   5.9224e-03   1.5466e-02   3.4023e+02
20260129_09:00:00   9.5360e-02   2.6040e+01   4.6175e+00   3.2640e-03   6.7264e-03   3.4055e+02
20260129_12:00:00   8.2907e-02   2.3034e+01   3.1386e+00   1.4572e-04   8.5721e-04   3.3717e+02
20260129_15:00:00   7.6451e-02   2.1554e+01   2.3501e+00   0.0000e+00   2.5378e-06   3.4740e+02
20260129_18:00:00   8.0365e-02   2.2528e+01   3.0669e+00   0.0000e+00   9.1760e-05   3.4689e+02
20260129_21:00:00   8.6509e-02   2.3987e+01   3.8545e+00   0.0000e+00   2.8198e-03   3.4151e+02
20260130_00:00:00   8.8405e-02   2.4309e+01   4.0097e+00   0.0000e+00   2.9991e-02   3.4981e+02
20260130_03:00:00   8.8417e-02   2.4291e+01   3.9910e+00   0.0000e+00   1.5721e-04   3.4777e+02
20260130_06:00:00   8.6651e-02   2.3881e+01   3.7661e+00   0.0000e+00   2.8853e-05   3.4477e+02
20260130_09:00:00   8.4828e-02   2.3495e+01   3.5506e+00   0.0000e+00   2.2727e-07   3.3932e+02
20260130_12:00:00   8.2960e-02   2.3089e+01   3.3018e+00   0.0000e+00   0.0000e+00   3.3736e+02
20260130_15:00:00   8.5958e-02   2.3881e+01   3.7732e+00   0.0000e+00   3.6900e-06   3.3574e+02
20260130_18:00:00   9.5280e-02   2.6178e+01   5.1143e+00   0.0000e+00   4.0603e-05   3.3759e+02
20260130_21:00:00   1.0750e-01   2.9103e+01   6.7175e+00   0.0000e+00   3.5790e-04   3.3824e+02
20260131_00:00:00   1.1604e-01   3.1096e+01   7.6270e+00   0.0000e+00   1.8293e-03   3.5020e+02
