#            date       tau255        Tb[K]      pwv[mm] lwp[kg*m^-2] iwp[kg*m^-2]       o3[DU]
20260618_18:00:00   3.5622e-01   8.7326e+01   3.3576e+01   4.3378e-02   1.5749e-03   3.1288e+02
20260618_19:00:00   3.7244e-01   9.0485e+01   3.5444e+01   4.9640e-02   1.0712e-03   3.1347e+02
20260618_20:00:00   3.4519e-01   8.5047e+01   3.5861e+01   8.6141e-03   2.5035e-04   3.1210e+02
20260618_21:00:00   3.3824e-01   8.3596e+01   3.6167e+01   1.3604e-03   1.0840e-03   3.1406e+02
20260618_22:00:00   3.2723e-01   8.1210e+01   3.5465e+01   3.0720e-03   7.8479e-02   3.0815e+02
20260618_23:00:00   3.1822e-01   7.9350e+01   3.4482e+01   0.0000e+00   2.3506e-02   3.0332e+02
20260619_00:00:00   2.8894e-01   7.3118e+01   3.1946e+01   0.0000e+00   1.9892e-02   3.0178e+02
20260619_01:00:00   2.9665e-01   7.4406e+01   3.3048e+01   0.0000e+00   2.7829e-02   3.0389e+02
20260619_02:00:00   2.9506e-01   7.3940e+01   3.3070e+01   0.0000e+00   9.0259e-02   3.0526e+02
20260619_03:00:00   3.0507e-01   7.5859e+01   3.3838e+01   3.4640e-04   2.6536e-01   3.0461e+02
20260619_04:00:00   3.2922e-01   8.0476e+01   3.3089e+01   3.4422e-02   2.5779e-01   3.0529e+02
20260619_05:00:00   2.9523e-01   7.3714e+01   3.1760e+01   8.2906e-03   2.1086e-01   3.0488e+02
20260619_06:00:00   2.9032e-01   7.2760e+01   3.1211e+01   8.3353e-03   3.1403e-01   3.0501e+02
20260619_07:00:00   3.2117e-01   7.9263e+01   3.1760e+01   3.4100e-02   1.5551e-01   3.0592e+02
20260619_08:00:00   3.6368e-01   8.8033e+01   2.9566e+01   1.0581e-01   2.0289e-01   3.0717e+02
20260619_09:00:00   3.2468e-01   8.0176e+01   2.7734e+01   7.0755e-02   1.9526e-01   3.0801e+02
20260619_10:00:00   2.8098e-01   7.1037e+01   2.6323e+01   2.6680e-02   1.3256e-01   3.0967e+02
20260619_11:00:00   2.9872e-01   7.4836e+01   2.5038e+01   5.6290e-02   7.4752e-02   3.1206e+02
20260619_12:00:00   2.7828e-01   7.0521e+01   2.2413e+01   5.3837e-02   5.5347e-02   3.1365e+02
20260619_13:00:00   2.1271e-01   5.6130e+01   1.9694e+01   2.0540e-03   5.9400e-02   3.1463e+02
20260619_14:00:00   1.9715e-01   5.2615e+01   1.7859e+01   1.6696e-03   7.4263e-03   3.1663e+02
20260619_15:00:00   1.8228e-01   4.9201e+01   1.6427e+01   1.7182e-04   1.9200e-05   3.1930e+02
20260619_16:00:00   1.6761e-01   4.5750e+01   1.4944e+01   0.0000e+00   0.0000e+00   3.1612e+02
20260619_17:00:00   1.5770e-01   4.3366e+01   1.4097e+01   0.0000e+00   0.0000e+00   3.1630e+02
20260619_18:00:00   1.5628e-01   4.2991e+01   1.4050e+01   0.0000e+00   3.3840e-05   3.1737e+02
20260619_19:00:00   1.5772e-01   4.3343e+01   1.4165e+01   0.0000e+00   1.3916e-05   3.1798e+02
20260619_20:00:00   1.5825e-01   4.3459e+01   1.4187e+01   0.0000e+00   0.0000e+00   3.1917e+02
20260619_21:00:00   1.6340e-01   4.4655e+01   1.4771e+01   0.0000e+00   0.0000e+00   3.1891e+02
20260619_22:00:00   1.7045e-01   4.6327e+01   1.5528e+01   0.0000e+00   2.9940e-06   3.2247e+02
20260619_23:00:00   2.4505e-01   6.2888e+01   1.6664e+01   7.1800e-02   4.9140e-06   3.2596e+02
20260620_00:00:00   2.5726e-01   6.5462e+01   1.7260e+01   7.6813e-02   0.0000e+00   3.2065e+02
20260620_01:00:00   1.9205e-01   5.1201e+01   1.7033e+01   0.0000e+00   1.4740e-05   3.1919e+02
20260620_02:00:00   2.0734e-01   5.4542e+01   1.7050e+01   1.2198e-02   2.1478e-03   3.1862e+02
20260620_03:00:00   1.8890e-01   5.0326e+01   1.6164e+01   0.0000e+00   2.4679e-03   3.1729e+02
20260620_04:00:00   1.7069e-01   4.6030e+01   1.4444e+01   0.0000e+00   4.7893e-03   3.1780e+02
20260620_05:00:00   1.6838e-01   4.5437e+01   1.4235e+01   0.0000e+00   3.0243e-03   3.1611e+02
20260620_06:00:00   1.7896e-01   4.7819e+01   1.5607e+01   0.0000e+00   1.8637e-03   3.1358e+02
20260620_07:00:00   1.7729e-01   4.7394e+01   1.5605e+01   0.0000e+00   5.5654e-03   3.1273e+02
20260620_08:00:00   1.7222e-01   4.6174e+01   1.5342e+01   0.0000e+00   6.6807e-03   3.1177e+02
20260620_09:00:00   1.6984e-01   4.5591e+01   1.5518e+01   0.0000e+00   4.1688e-03   3.1054e+02
20260620_10:00:00   1.6963e-01   4.5555e+01   1.5484e+01   0.0000e+00   8.0607e-03   3.1287e+02
20260620_11:00:00   1.7687e-01   4.7219e+01   1.6414e+01   0.0000e+00   8.3167e-03   3.1438e+02
20260620_12:00:00   1.7664e-01   4.7234e+01   1.6152e+01   3.7480e-04   1.0707e-02   3.1671e+02
20260620_13:00:00   1.7911e-01   4.7816e+01   1.6574e+01   4.9204e-04   4.8863e-03   3.1722e+02
20260620_14:00:00   1.7796e-01   4.7585e+01   1.6256e+01   2.1100e-03   1.8082e-03   3.1743e+02
20260620_15:00:00   1.7335e-01   4.6552e+01   1.6020e+01   0.0000e+00   2.4322e-03   3.1799e+02
20260620_16:00:00   1.8195e-01   4.8547e+01   1.6508e+01   4.2160e-03   3.1305e-03   3.1927e+02
20260620_17:00:00   1.7808e-01   4.7740e+01   1.6565e+01   1.6560e-04   0.0000e+00   3.2235e+02
20260620_18:00:00   1.9012e-01   5.0532e+01   1.6947e+01   1.0934e-02   0.0000e+00   3.2345e+02
20260620_19:00:00   1.9470e-01   5.1604e+01   1.7569e+01   9.2928e-03   0.0000e+00   3.2388e+02
20260620_20:00:00   3.3219e-01   8.0397e+01   1.8234e+01   1.5816e-01   2.3500e-05   3.2404e+02
20260620_21:00:00   2.0689e-01   5.4420e+01   1.8947e+01   8.0560e-03   0.0000e+00   3.2413e+02
20260620_22:00:00   1.9629e-01   5.1955e+01   1.8619e+01   3.9972e-03   0.0000e+00   3.2496e+02
20260620_23:00:00   3.2730e-01   7.9477e+01   2.0221e+01   1.3596e-01   1.8630e-05   3.2558e+02
20260621_00:00:00   2.7852e-01   6.9753e+01   2.0404e+01   7.5620e-02   0.0000e+00   3.2606e+02
20260621_01:00:00   1.9978e-01   5.2846e+01   1.8700e+01   0.0000e+00   0.0000e+00   3.2628e+02
20260621_02:00:00   1.9525e-01   5.1814e+01   1.7644e+01   5.9240e-04   0.0000e+00   3.2725e+02
20260621_03:00:00   2.1793e-01   5.6854e+01   1.8384e+01   1.4844e-02   0.0000e+00   3.2456e+02
20260621_04:00:00   2.0414e-01   5.3776e+01   1.7065e+01   1.3174e-02   0.0000e+00   3.2338e+02
20260621_05:00:00   1.8004e-01   4.8259e+01   1.5609e+01   0.0000e+00   9.7280e-07   3.2133e+02
20260621_06:00:00   1.8071e-01   4.8391e+01   1.5643e+01   0.0000e+00   9.7280e-06   3.2073e+02
20260621_07:00:00   1.7523e-01   4.7066e+01   1.5318e+01   0.0000e+00   8.4147e-03   3.2058e+02
20260621_08:00:00   1.7742e-01   4.7532e+01   1.5886e+01   0.0000e+00   6.3418e-03   3.2041e+02
20260621_09:00:00   1.7631e-01   4.7249e+01   1.6165e+01   0.0000e+00   7.4163e-03   3.1934e+02
20260621_10:00:00   1.9153e-01   5.0668e+01   1.8733e+01   0.0000e+00   7.7968e-03   3.1917e+02
20260621_11:00:00   2.0256e-01   5.3145e+01   2.0457e+01   0.0000e+00   4.6361e-03   3.1716e+02
20260621_12:00:00   2.1285e-01   5.5471e+01   2.2087e+01   0.0000e+00   5.8930e-03   3.1750e+02
20260621_13:00:00   2.1646e-01   5.6308e+01   2.2954e+01   0.0000e+00   2.9622e-03   3.1722e+02
20260621_14:00:00   2.2708e-01   5.8634e+01   2.4700e+01   0.0000e+00   1.1144e-02   3.1832e+02
20260621_15:00:00   2.2665e-01   5.8581e+01   2.4949e+01   0.0000e+00   2.2116e-02   3.1843e+02
20260621_16:00:00   2.2820e-01   5.8975e+01   2.5089e+01   0.0000e+00   3.6533e-02   3.1874e+02
20260621_17:00:00   2.3445e-01   6.0450e+01   2.5893e+01   4.0640e-04   3.2758e-03   3.1625e+02
20260621_18:00:00   2.4936e-01   6.3805e+01   2.7306e+01   4.8320e-03   3.7267e-03   3.1494e+02
20260621_19:00:00   2.6527e-01   6.7274e+01   2.8433e+01   1.1596e-02   8.3560e-03   3.1402e+02
20260621_20:00:00   2.5848e-01   6.5972e+01   2.8115e+01   6.9283e-03   3.2041e-02   3.1364e+02
20260621_21:00:00   2.6160e-01   6.6704e+01   2.8319e+01   8.9580e-03   3.4376e-03   3.1374e+02
20260621_22:00:00   2.6434e-01   6.7341e+01   2.8487e+01   1.0581e-02   1.0005e-03   3.1392e+02
20260621_23:00:00   2.9893e-01   7.4668e+01   2.9203e+01   3.7601e-02   5.3179e-03   3.1260e+02
20260622_00:00:00   4.0515e-01   9.5107e+01   3.0737e+01   1.4435e-01   2.9967e-02   3.1166e+02
20260622_01:00:00   5.4086e-01   1.1827e+02   3.2678e+01   2.8043e-01   5.5677e-02   3.1180e+02
20260622_02:00:00   6.0365e-01   1.2794e+02   3.4576e+01   3.3201e-01   1.2843e-01   3.1035e+02
20260622_03:00:00   6.1316e-01   1.2932e+02   3.5591e+01   3.3198e-01   1.1959e-01   3.0964e+02
20260622_04:00:00   3.8164e-01   9.0550e+01   3.6180e+01   5.7972e-02   6.7640e-02   3.1041e+02
20260622_05:00:00   4.1243e-01   9.6394e+01   3.7550e+01   7.6324e-02   7.5886e-02   3.0872e+02
20260622_06:00:00   7.2113e-01   1.4393e+02   3.8794e+01   4.0919e-01   1.6716e-01   3.0888e+02
20260622_07:00:00   3.9418e-01   9.3283e+01   3.8472e+01   3.9266e-02   1.2813e-02   3.0953e+02
20260622_08:00:00   6.1655e-01   1.2983e+02   4.0113e+01   2.7382e-01   5.5001e-02   3.0900e+02
20260622_09:00:00   4.0507e-01   9.5587e+01   3.9050e+01   3.9191e-02   4.1249e-03   3.1075e+02
20260622_10:00:00   4.6046e-01   1.0532e+02   3.6910e+01   1.2561e-01   6.1734e-03   3.0976e+02
20260622_11:00:00   4.1951e-01   9.8313e+01   3.7230e+01   7.6630e-02   3.6287e-02   3.0970e+02
20260622_12:00:00   4.1666e-01   9.8034e+01   3.8053e+01   6.2405e-02   4.6308e-02   3.1027e+02
20260622_13:00:00   3.8861e-01   9.3175e+01   3.8944e+01   1.9329e-02   4.4577e-02   3.1028e+02
20260622_14:00:00   5.2729e-01   1.1837e+02   4.0513e+01   1.6958e-01   1.4726e-02   3.1082e+02
20260622_15:00:00   7.1896e-01   1.4718e+02   4.1235e+01   3.8850e-01   4.9792e-02   3.1121e+02
20260622_16:00:00   7.5401e-01   1.5157e+02   4.1820e+01   4.2509e-01   5.3224e-02   3.1160e+02
20260622_17:00:00   5.3402e-01   1.1937e+02   4.1805e+01   1.6692e-01   7.6072e-02   3.1252e+02
20260622_18:00:00   1.0631e+00   1.8790e+02   4.4388e+01   7.9258e-01   3.1933e-01   3.1161e+02
20260622_19:00:00   1.0343e+00   1.8408e+02   4.5034e+01   7.4061e-01   4.5637e-01   3.1096e+02
20260622_20:00:00   8.2718e-01   1.5850e+02   4.3525e+01   4.8311e-01   3.2652e-01   3.0982e+02
20260622_21:00:00   1.8215e+00   2.3566e+02   4.4020e+01   1.6374e+00   2.4533e-01   3.0932e+02
20260622_22:00:00   1.1996e+00   1.9782e+02   4.3064e+01   9.4441e-01   8.4472e-03   3.1119e+02
20260622_23:00:00   7.6157e-01   1.5156e+02   4.0755e+01   4.5747e-01   3.7383e-02   3.1310e+02
20260623_00:00:00   7.3254e-01   1.4912e+02   4.0733e+01   4.3754e-01   5.8502e-03   3.1287e+02
20260623_01:00:00   9.3758e-01   1.7441e+02   4.1054e+01   6.8572e-01   1.3537e-01   3.1309e+02
20260623_02:00:00   1.0592e+00   1.8708e+02   4.0117e+01   8.4030e-01   2.3221e-02   3.1209e+02
20260623_03:00:00   1.0985e+00   1.9002e+02   3.9286e+01   8.7617e-01   1.0283e-02   3.1288e+02
20260623_04:00:00   9.6183e-01   1.7666e+02   3.7463e+01   7.3529e-01   7.2942e-03   3.1398e+02
20260623_05:00:00   9.8980e-01   1.7980e+02   3.6698e+01   7.7906e-01   1.2701e-02   3.1461e+02
20260623_06:00:00   6.1117e-01   1.3111e+02   3.5553e+01   3.2357e-01   1.2190e-03   3.1280e+02
20260623_07:00:00   6.4643e-01   1.3665e+02   3.3873e+01   3.8502e-01   6.8767e-04   3.1229e+02
20260623_08:00:00   6.3727e-01   1.3533e+02   3.2749e+01   3.8589e-01   1.9059e-04   3.1380e+02
20260623_09:00:00   5.7201e-01   1.2518e+02   3.1856e+01   3.1409e-01   3.6092e-03   3.1605e+02
20260623_10:00:00   5.0815e-01   1.1471e+02   3.0899e+01   2.4404e-01   1.3318e-03   3.1798e+02
20260623_11:00:00   4.5839e-01   1.0601e+02   3.0044e+01   1.9089e-01   8.7064e-04   3.1844e+02
20260623_12:00:00   4.3674e-01   1.0205e+02   3.0530e+01   1.5907e-01   2.3818e-04   3.1874e+02
20260623_13:00:00   4.3126e-01   1.0110e+02   3.0460e+01   1.5340e-01   8.0600e-04   3.1925e+02
20260623_14:00:00   4.0125e-01   9.5485e+01   3.1029e+01   1.1185e-01   1.9300e-04   3.1894e+02
20260623_15:00:00   3.9249e-01   9.3859e+01   3.1341e+01   9.9078e-02   0.0000e+00   3.1659e+02
20260623_16:00:00   5.1537e-01   1.1599e+02   3.1775e+01   2.4495e-01   0.0000e+00   3.1483e+02
20260623_17:00:00   5.0622e-01   1.1419e+02   3.2441e+01   2.2199e-01   4.7384e-05   3.1469e+02
20260623_18:00:00   5.9774e-01   1.2895e+02   3.2721e+01   3.2748e-01   7.0100e-04   3.1530e+02
20260623_21:00:00   3.8531e-01   9.2587e+01   3.2516e+01   7.6341e-02   9.3797e-03   3.1809e+02
20260624_00:00:00   4.4058e-01   1.0265e+02   3.2692e+01   1.3438e-01   4.4160e-03   3.1920e+02
20260624_03:00:00   3.1500e-01   7.8482e+01   3.0936e+01   1.0620e-03   2.6705e-03   3.1987e+02
20260624_06:00:00   3.1114e-01   7.7621e+01   3.0028e+01   0.0000e+00   1.3832e-03   3.1894e+02
20260624_09:00:00   3.1860e-01   7.9060e+01   3.0647e+01   1.9569e-04   4.2772e-03   3.2071e+02
20260624_12:00:00   3.6776e-01   8.9045e+01   3.1340e+01   5.3005e-02   9.4400e-03   3.2452e+02
20260624_15:00:00   3.6424e-01   8.8428e+01   3.3275e+01   3.5694e-02   2.8413e-03   3.2656e+02
20260624_18:00:00   3.3214e-01   8.2033e+01   3.2694e+01   9.8680e-03   4.0071e-04   3.3008e+02
20260624_21:00:00   3.3077e-01   8.2018e+01   2.9304e+01   3.2899e-02   0.0000e+00   3.3031e+02
20260625_00:00:00   2.8138e-01   7.1569e+01   2.5856e+01   8.6954e-03   0.0000e+00   3.3814e+02
20260625_03:00:00   2.4385e-01   6.3270e+01   2.1712e+01   4.5040e-03   0.0000e+00   3.3235e+02
20260625_06:00:00   1.8088e-01   4.8862e+01   1.5413e+01   0.0000e+00   0.0000e+00   3.2921e+02
20260625_09:00:00   1.7704e-01   4.7826e+01   1.4837e+01   0.0000e+00   0.0000e+00   3.2978e+02
20260625_12:00:00   1.8345e-01   4.9338e+01   1.5824e+01   0.0000e+00   0.0000e+00   3.2783e+02
20260625_15:00:00   1.7898e-01   4.8337e+01   1.7051e+01   0.0000e+00   0.0000e+00   3.2970e+02
20260625_18:00:00   1.9227e-01   5.1467e+01   1.9826e+01   0.0000e+00   4.0680e-05   3.4151e+02
20260625_21:00:00   1.9687e-01   5.2586e+01   2.0872e+01   0.0000e+00   0.0000e+00   3.3613e+02
20260626_00:00:00   1.9909e-01   5.3330e+01   2.0272e+01   0.0000e+00   0.0000e+00   3.2541e+02
20260626_03:00:00   2.4603e-01   6.3560e+01   2.3673e+01   1.8880e-02   3.2040e-04   3.1979e+02
20260626_06:00:00   3.4846e-01   8.4700e+01   2.5867e+01   1.1652e-01   8.3724e-04   3.1768e+02
20260626_09:00:00   2.6104e-01   6.6834e+01   2.7709e+01   0.0000e+00   7.2102e-04   3.1831e+02
20260626_12:00:00   3.0683e-01   7.6406e+01   3.3454e+01   1.3568e-04   3.2281e-02   3.1873e+02
20260626_15:00:00   3.4157e-01   8.3634e+01   3.7152e+01   4.4572e-04   4.4052e-02   3.1354e+02
20260626_18:00:00   8.3948e-01   1.5949e+02   4.2042e+01   4.9928e-01   1.0322e-02   3.1037e+02
20260626_21:00:00   3.6404e-01   8.8485e+01   3.8932e+01   8.9560e-04   5.0948e-04   3.1224e+02
20260627_00:00:00   3.9521e-01   9.4222e+01   4.1774e+01   1.6502e-03   4.0074e-03   3.1047e+02
20260627_03:00:00   6.0539e-01   1.2978e+02   4.1577e+01   2.4668e-01   4.4244e-03   3.0859e+02
20260627_06:00:00   4.0174e-01   9.5204e+01   4.1539e+01   6.5714e-03   2.3468e-01   3.1209e+02
20260627_09:00:00   3.7284e-01   8.9906e+01   3.8696e+01   5.8165e-03   1.1145e-02   3.1729e+02
20260627_12:00:00   3.7189e-01   8.9804e+01   3.8714e+01   2.0880e-05   1.0277e-03   3.2617e+02
20260627_15:00:00   3.4948e-01   8.5718e+01   3.7718e+01   3.5040e-04   9.9414e-04   3.2012e+02
20260627_18:00:00   4.7552e-01   1.0950e+02   3.9041e+01   1.3085e-01   1.2610e-03   3.1888e+02
20260627_21:00:00   4.1659e-01   9.8838e+01   3.9938e+01   5.0794e-02   1.3233e-03   3.1713e+02
20260628_00:00:00   3.5896e-01   8.8050e+01   3.8450e+01   0.0000e+00   8.2199e-03   3.1271e+02
20260628_03:00:00   3.6777e-01   8.9484e+01   3.9339e+01   6.0180e-04   5.1379e-04   3.1294e+02
20260628_06:00:00   3.7024e-01   8.9662e+01   3.9705e+01   0.0000e+00   7.4511e-04   3.1076e+02
20260628_09:00:00   3.4655e-01   8.5086e+01   3.6915e+01   0.0000e+00   1.0751e-03   3.1194e+02
20260628_12:00:00   3.4763e-01   8.5538e+01   3.6500e+01   0.0000e+00   2.8026e-04   3.1311e+02
20260628_15:00:00   2.9258e-01   7.4687e+01   3.0671e+01   8.0540e-06   0.0000e+00   3.1249e+02
20260628_18:00:00   3.5077e-01   8.6670e+01   3.6562e+01   2.3981e-03   3.8655e-04   3.1140e+02
20260628_21:00:00   4.0278e-01   9.6110e+01   4.1534e+01   1.8144e-02   4.5057e-02   3.1113e+02
20260629_00:00:00   3.7181e-01   9.0094e+01   4.0604e+01   0.0000e+00   1.2602e-01   3.1283e+02
20260629_03:00:00   3.5811e-01   8.7441e+01   3.8405e+01   0.0000e+00   8.7589e-03   3.1678e+02
20260629_06:00:00   3.5066e-01   8.6069e+01   3.6623e+01   0.0000e+00   3.2541e-03   3.1585e+02
20260629_09:00:00   2.8620e-01   7.3076e+01   2.8830e+01   0.0000e+00   3.0929e-03   3.2238e+02
20260629_12:00:00   3.0918e-01   7.8129e+01   3.0286e+01   0.0000e+00   3.6740e-04   3.2261e+02
20260629_15:00:00   3.3500e-01   8.3602e+01   3.3935e+01   4.2152e-04   1.2768e-05   3.2286e+02
20260629_18:00:00   3.0846e-01   7.8324e+01   3.2397e+01   0.0000e+00   5.4240e-06   3.2079e+02
20260629_21:00:00   3.2172e-01   8.1184e+01   3.1967e+01   2.1326e-02   4.7880e-05   3.2285e+02
20260630_00:00:00   3.2946e-01   8.2683e+01   3.4870e+01   2.2560e-04   9.2100e-05   3.1905e+02
20260630_03:00:00   3.2307e-01   8.1359e+01   3.3455e+01   0.0000e+00   0.0000e+00   3.2097e+02
20260630_06:00:00   3.3788e-01   8.3945e+01   3.5952e+01   0.0000e+00   1.0306e-03   3.2028e+02
20260630_09:00:00   3.4129e-01   8.4558e+01   3.6828e+01   0.0000e+00   2.8610e-04   3.2203e+02
20260630_12:00:00   3.7517e-01   9.1342e+01   3.9846e+01   0.0000e+00   1.0368e-03   3.2190e+02
20260630_15:00:00   3.6552e-01   8.9781e+01   3.9393e+01   0.0000e+00   4.5020e-05   3.2187e+02
20260630_18:00:00   3.7236e-01   9.1298e+01   4.0262e+01   8.2160e-03   3.9945e-03   3.2181e+02
20260630_21:00:00   6.3620e-01   1.3599e+02   4.3012e+01   2.8827e-01   2.9375e-05   3.1973e+02
20260701_00:00:00   4.5023e-01   1.0545e+02   4.2571e+01   5.9714e-02   5.9606e-02   3.2020e+02
20260701_03:00:00   3.8160e-01   9.2840e+01   4.1467e+01   0.0000e+00   4.7194e-03   3.2024e+02
20260701_06:00:00   3.7398e-01   9.1048e+01   4.0544e+01   0.0000e+00   1.0403e-02   3.1780e+02
20260701_09:00:00   3.6474e-01   8.9007e+01   3.9309e+01   0.0000e+00   1.9077e-02   3.1856e+02
20260701_12:00:00   3.7613e-01   9.1148e+01   4.0882e+01   0.0000e+00   6.0770e-02   3.2126e+02
20260701_15:00:00   3.9352e-01   9.4623e+01   4.2896e+01   1.8256e-04   3.1192e-01   3.1603e+02
20260701_18:00:00   3.6874e-01   9.0264e+01   3.9935e+01   1.3570e-04   1.5131e-02   3.1631e+02
20260701_21:00:00   3.5341e-01   8.7406e+01   3.7234e+01   2.6138e-04   1.7025e-02   3.1923e+02
20260702_00:00:00   3.3269e-01   8.3198e+01   3.3614e+01   0.0000e+00   7.7665e-03   3.1951e+02
20260702_03:00:00   2.8987e-01   7.4286e+01   2.6925e+01   1.0332e-03   2.4759e-03   3.2151e+02
20260702_06:00:00   2.5305e-01   6.6135e+01   2.2852e+01   3.8280e-03   3.1241e-03   3.2047e+02
20260702_09:00:00   2.1738e-01   5.7830e+01   2.0333e+01   0.0000e+00   3.6420e-05   3.2115e+02
20260702_12:00:00   2.1426e-01   5.7083e+01   2.0645e+01   0.0000e+00   0.0000e+00   3.2417e+02
20260702_15:00:00   2.0302e-01   5.4444e+01   2.1516e+01   0.0000e+00   1.9458e-06   3.2501e+02
20260702_18:00:00   2.0647e-01   5.5348e+01   2.2350e+01   0.0000e+00   0.0000e+00   3.2481e+02
20260702_21:00:00   2.2455e-01   5.9515e+01   2.4278e+01   0.0000e+00   0.0000e+00   3.2185e+02
20260703_00:00:00   2.4863e-01   6.4768e+01   2.6623e+01   0.0000e+00   1.4711e-03   3.2028e+02
20260703_03:00:00   2.5525e-01   6.5873e+01   2.7292e+01   0.0000e+00   9.8480e-06   3.1845e+02
20260703_06:00:00   2.4592e-01   6.3579e+01   2.7000e+01   0.0000e+00   1.5383e-02   3.1896e+02
20260703_09:00:00   4.0292e-01   9.4079e+01   2.8224e+01   1.5847e-01   3.6278e-02   3.2192e+02
20260703_12:00:00   2.8028e-01   7.1009e+01   3.0104e+01   2.8042e-03   1.7830e-02   3.2806e+02
20260703_15:00:00   3.3392e-01   8.2001e+01   3.4197e+01   2.5941e-02   2.5540e-03   3.3318e+02
20260703_18:00:00   3.1779e-01   7.8790e+01   3.3962e+01   9.9755e-03   2.3423e-02   3.3359e+02
20260703_21:00:00   3.1172e-01   7.7623e+01   3.4059e+01   6.4987e-04   1.3952e-01   3.3491e+02
20260704_00:00:00   3.1456e-01   7.8315e+01   3.3515e+01   0.0000e+00   1.4711e-01   3.3537e+02
20260704_03:00:00   2.6496e-01   6.8178e+01   2.4523e+01   2.6840e-05   8.0809e-03   3.4423e+02
20260704_06:00:00   2.0013e-01   5.3549e+01   1.6450e+01   2.4740e-03   2.3759e-03   3.4284e+02
20260704_09:00:00   1.4655e-01   4.0614e+01   1.1174e+01   0.0000e+00   0.0000e+00   3.4538e+02
20260704_12:00:00   1.2813e-01   3.5997e+01   9.5201e+00   0.0000e+00   3.3382e-04   3.4901e+02
20260704_15:00:00   1.2344e-01   3.4814e+01   9.8638e+00   0.0000e+00   2.3983e-03   3.5448e+02
20260704_18:00:00   1.3255e-01   3.6956e+01   1.1619e+01   0.0000e+00   1.8693e-01   3.5923e+02
