#            date       tau255        Tb[K]      pwv[mm] lwp[kg*m^-2] iwp[kg*m^-2]       o3[DU]
20260108_12:00:00   1.0197e-01   2.8535e+01   6.7479e+00   0.0000e+00   3.6177e-05   3.1282e+02
20260108_13:00:00   1.0162e-01   2.8465e+01   6.8838e+00   0.0000e+00   4.2301e-03   3.1000e+02
20260108_14:00:00   1.0078e-01   2.8292e+01   6.9800e+00   0.0000e+00   7.7465e-03   3.0768e+02
20260108_15:00:00   1.0286e-01   2.8807e+01   7.5147e+00   0.0000e+00   1.4749e-02   3.1091e+02
20260108_16:00:00   1.0454e-01   2.9197e+01   7.8908e+00   0.0000e+00   5.7213e-03   3.0783e+02
20260108_17:00:00   1.0567e-01   2.9451e+01   8.2031e+00   0.0000e+00   8.2173e-03   3.0539e+02
20260108_18:00:00   1.1386e-01   3.1361e+01   9.5842e+00   0.0000e+00   3.2792e-02   3.0173e+02
20260108_19:00:00   1.1378e-01   3.1347e+01   9.5207e+00   0.0000e+00   9.9637e-02   2.9711e+02
20260108_20:00:00   1.1157e-01   3.0852e+01   9.1438e+00   0.0000e+00   2.3564e-02   2.9722e+02
20260108_21:00:00   1.1721e-01   3.2166e+01   9.9658e+00   0.0000e+00   8.3042e-02   2.9460e+02
20260108_22:00:00   1.1708e-01   3.2125e+01   9.9435e+00   0.0000e+00   2.3777e-02   2.9282e+02
20260108_23:00:00   1.1845e-01   3.2425e+01   1.0098e+01   0.0000e+00   4.8089e-02   2.9025e+02
20260109_00:00:00   1.2267e-01   3.3435e+01   1.0754e+01   0.0000e+00   7.2353e-03   2.8637e+02
20260109_01:00:00   1.2876e-01   3.4857e+01   1.1586e+01   0.0000e+00   1.5239e-02   2.8611e+02
20260109_02:00:00   1.3604e-01   3.6565e+01   1.2503e+01   0.0000e+00   1.6544e-01   2.8419e+02
20260109_03:00:00   1.6023e-01   4.2320e+01   1.5814e+01   0.0000e+00   2.9994e-01   2.8186e+02
20260109_04:00:00   1.5124e-01   4.0284e+01   1.4653e+01   0.0000e+00   7.8277e-02   2.8378e+02
20260109_05:00:00   1.5290e-01   4.0767e+01   1.4736e+01   0.0000e+00   1.6352e-02   2.8555e+02
20260109_06:00:00   1.5454e-01   4.1228e+01   1.4737e+01   0.0000e+00   8.2140e-05   2.8736e+02
20260109_07:00:00   1.5496e-01   4.1401e+01   1.4527e+01   0.0000e+00   6.4299e-05   2.8588e+02
20260109_08:00:00   1.6105e-01   4.2847e+01   1.5304e+01   0.0000e+00   8.6799e-04   2.8494e+02
20260109_09:00:00   1.6806e-01   4.4619e+01   1.5930e+01   0.0000e+00   3.6358e-03   2.8460e+02
20260109_10:00:00   1.7952e-01   4.7243e+01   1.7411e+01   0.0000e+00   1.8147e-02   2.8177e+02
20260109_11:00:00   1.8890e-01   4.9350e+01   1.8809e+01   1.2872e-04   1.6111e-02   2.8199e+02
20260109_12:00:00   1.8752e-01   4.9099e+01   1.8038e+01   3.0474e-03   2.5606e-02   2.8228e+02
20260109_13:00:00   1.7958e-01   4.7349e+01   1.6169e+01   7.7310e-03   1.4842e-02   2.7911e+02
20260109_14:00:00   2.2394e-01   5.7467e+01   2.1007e+01   1.0642e-02   1.4482e-02   2.7613e+02
20260109_15:00:00   2.5297e-01   6.3746e+01   2.4621e+01   1.1435e-02   3.2606e-02   2.7399e+02
20260109_16:00:00   2.7837e-01   6.9032e+01   2.7789e+01   7.1868e-03   2.5603e-01   2.7308e+02
20260109_17:00:00   4.6468e-01   1.0360e+02   2.8745e+01   2.0614e-01   4.8062e-01   2.6933e+02
20260109_18:00:00   6.0795e-01   1.2748e+02   2.8399e+01   3.7994e-01   1.5098e-01   2.6619e+02
20260109_19:00:00   9.5995e-01   1.7133e+02   2.9405e+01   7.6880e-01   3.8599e-01   2.6797e+02
20260109_20:00:00   4.9906e-01   1.1053e+02   2.7797e+01   2.6159e-01   4.3046e-01   2.6875e+02
20260109_21:00:00   9.5997e-01   1.7201e+02   2.5480e+01   8.1009e-01   2.1171e-01   2.6973e+02
20260109_22:00:00   2.3480e-01   5.9784e+01   2.2282e+01   1.0506e-02   1.7026e-01   2.7251e+02
20260109_23:00:00   2.1237e-01   5.4870e+01   1.9742e+01   5.1889e-03   1.6889e-01   2.7215e+02
20260110_00:00:00   2.6258e-01   6.6017e+01   1.8441e+01   7.4389e-02   1.9698e-01   2.6813e+02
20260110_01:00:00   2.9415e-01   7.2666e+01   1.8324e+01   1.1257e-01   1.9800e-01   2.6995e+02
20260110_02:00:00   3.7119e-01   8.7833e+01   1.8330e+01   2.0037e-01   3.6610e-01   2.6981e+02
20260110_03:00:00   4.6576e-01   1.0513e+02   1.8138e+01   3.1308e-01   1.9239e-01   2.6808e+02
20260110_04:00:00   4.2981e-01   9.8672e+01   1.8284e+01   2.6982e-01   2.4523e-01   2.6705e+02
20260110_05:00:00   2.1395e-01   5.5155e+01   1.8309e+01   1.8664e-02   2.7830e-01   2.6798e+02
20260110_06:00:00   2.1900e-01   5.6168e+01   2.0074e+01   8.7145e-03   2.7568e-01   2.6903e+02
20260110_07:00:00   2.7163e-01   6.7472e+01   2.2130e+01   4.9292e-02   3.4098e-01   2.7104e+02
20260110_08:00:00   2.7896e-01   6.8861e+01   2.3271e+01   4.6360e-02   5.1528e-01   2.7126e+02
20260110_09:00:00   6.0263e-01   1.2631e+02   2.5437e+01   3.9900e-01   6.0431e-01   2.6951e+02
20260110_10:00:00   3.1883e-01   7.7243e+01   2.4908e+01   8.1459e-02   5.4370e-01   2.6977e+02
20260110_11:00:00   3.6838e-01   8.6988e+01   2.5909e+01   1.2924e-01   6.4129e-01   2.7246e+02
20260110_12:00:00   3.6687e-01   8.6358e+01   2.6115e+01   1.2407e-01   7.1168e-01   2.7172e+02
20260110_13:00:00   4.4609e-01   1.0020e+02   2.6379e+01   2.1120e-01   3.9186e-01   2.7277e+02
20260110_14:00:00   9.1288e-01   1.6486e+02   2.6838e+01   7.3589e-01   2.5967e-01   2.7494e+02
20260110_15:00:00   1.2449e+00   1.9529e+02   2.7446e+01   1.1024e+00   4.5198e-01   2.7096e+02
20260110_16:00:00   1.5493e+00   2.1708e+02   2.8178e+01   1.4477e+00   3.4773e-01   2.6802e+02
20260110_17:00:00   1.4431e+00   2.1125e+02   2.8842e+01   1.3268e+00   9.4093e-01   2.6958e+02
20260110_18:00:00   1.4751e+00   2.1317e+02   2.8397e+01   1.3674e+00   6.5260e-01   2.7029e+02
20260110_19:00:00   7.0197e-01   1.3950e+02   2.7743e+01   4.8786e-01   5.9598e-01   2.6949e+02
20260110_20:00:00   1.3660e+00   2.0605e+02   2.7077e+01   1.2577e+00   1.1857e-01   2.7017e+02
20260110_21:00:00   7.5770e-01   1.4769e+02   2.5038e+01   5.8191e-01   3.2153e-01   2.6962e+02
20260110_22:00:00   4.6137e-01   1.0324e+02   2.0955e+01   2.7580e-01   1.0646e-01   2.7374e+02
20260110_23:00:00   2.0077e-01   5.2149e+01   1.8346e+01   5.7124e-03   2.7956e-01   2.7593e+02
20260111_00:00:00   2.2682e-01   5.7933e+01   1.6794e+01   4.5973e-02   1.9390e-01   2.7980e+02
20260111_01:00:00   3.1455e-01   7.6149e+01   1.7066e+01   1.4603e-01   2.8010e-01   2.8271e+02
20260111_02:00:00   5.5992e-01   1.1926e+02   1.7430e+01   4.2267e-01   1.1055e-01   2.8479e+02
20260111_03:00:00   8.5740e-01   1.5910e+02   1.7822e+01   7.5633e-01   4.8817e-02   2.8723e+02
20260111_04:00:00   9.8711e-01   1.7253e+02   1.7239e+01   9.0581e-01   7.8984e-02   2.8367e+02
20260111_05:00:00   7.7561e-01   1.4863e+02   1.5897e+01   6.7763e-01   9.3658e-02   2.8601e+02
20260111_06:00:00   9.6103e-01   1.6920e+02   1.4807e+01   8.9430e-01   1.1555e-01   2.8458e+02
20260111_07:00:00   6.8071e-01   1.3581e+02   1.3697e+01   5.8855e-01   9.5627e-02   2.8405e+02
20260111_08:00:00   7.3852e-01   1.4306e+02   1.0828e+01   6.7519e-01   2.8509e-02   2.8603e+02
20260111_09:00:00   5.1153e-01   1.0984e+02   9.7617e+00   4.2715e-01   2.9798e-02   2.9540e+02
20260111_10:00:00   2.5727e-01   6.2839e+01   8.2117e+00   1.5401e-01   1.5903e-02   3.0064e+02
20260111_11:00:00   1.0162e-01   2.8005e+01   5.8175e+00   1.4274e-03   8.8084e-03   3.0472e+02
20260111_12:00:00   9.2254e-02   2.5672e+01   4.7871e+00   0.0000e+00   2.6884e-04   3.1386e+02
20260111_13:00:00   1.0208e-01   2.7916e+01   6.1367e+00   2.9000e-04   2.0464e-04   3.2316e+02
20260111_14:00:00   1.1187e-01   3.0158e+01   7.0736e+00   4.8000e-06   2.3064e-02   3.4023e+02
20260111_15:00:00   1.1184e-01   3.0103e+01   6.8155e+00   4.6960e-05   4.4524e-02   3.4661e+02
20260111_16:00:00   1.0619e-01   2.8693e+01   5.8341e+00   1.4953e-04   8.8329e-02   3.5659e+02
20260111_17:00:00   9.6533e-02   2.6337e+01   4.5576e+00   6.5200e-04   3.1921e-02   3.5885e+02
20260111_18:00:00   9.0993e-02   2.4956e+01   3.9491e+00   0.0000e+00   1.7990e-02   3.6985e+02
20260111_19:00:00   9.4076e-02   2.5591e+01   4.3172e+00   0.0000e+00   4.5406e-02   3.8244e+02
20260111_20:00:00   9.3257e-02   2.5371e+01   4.0843e+00   0.0000e+00   6.8261e-02   3.7833e+02
20260111_21:00:00   8.9676e-02   2.4510e+01   3.6485e+00   1.8256e-04   3.8591e-02   3.5320e+02
20260111_22:00:00   8.8905e-02   2.4373e+01   3.5998e+00   0.0000e+00   2.9353e-02   3.4833e+02
20260111_23:00:00   9.0572e-02   2.4807e+01   3.8586e+00   0.0000e+00   3.6806e-02   3.4910e+02
20260112_00:00:00   8.9138e-02   2.4550e+01   3.7409e+00   0.0000e+00   2.4940e-02   3.5356e+02
20260112_01:00:00   8.7765e-02   2.4273e+01   3.6420e+00   0.0000e+00   1.9315e-02   3.5714e+02
20260112_02:00:00   8.6386e-02   2.3982e+01   3.4304e+00   6.7480e-04   2.0719e-02   3.6214e+02
20260112_03:00:00   8.6043e-02   2.3910e+01   3.5019e+00   1.0170e-05   2.4930e-02   3.6845e+02
20260112_04:00:00   8.7542e-02   2.4291e+01   3.4993e+00   2.2660e-03   1.1715e-02   3.6868e+02
20260112_05:00:00   8.9930e-02   2.4881e+01   3.4734e+00   5.1440e-03   9.1292e-03   3.6710e+02
20260112_06:00:00   9.2005e-02   2.5413e+01   3.2875e+00   8.9040e-03   6.0717e-03   3.6094e+02
20260112_07:00:00   9.2079e-02   2.5445e+01   3.2944e+00   9.0840e-03   5.5297e-03   3.5969e+02
20260112_08:00:00   9.3486e-02   2.5810e+01   3.5609e+00   9.7220e-03   3.8111e-03   3.5905e+02
20260112_09:00:00   9.4130e-02   2.5969e+01   3.8636e+00   8.7780e-03   3.6562e-03   3.6146e+02
20260112_10:00:00   9.0428e-02   2.5083e+01   4.5044e+00   9.2500e-04   1.4408e-03   3.5906e+02
20260112_11:00:00   9.1969e-02   2.5460e+01   4.9533e+00   6.2400e-05   3.3173e-04   3.5718e+02
20260112_12:00:00   9.2913e-02   2.5671e+01   5.1551e+00   0.0000e+00   4.0136e-04   3.5458e+02
20260112_13:00:00   9.1485e-02   2.5342e+01   4.9380e+00   0.0000e+00   3.0570e-04   3.5039e+02
20260112_14:00:00   9.1283e-02   2.5326e+01   4.8963e+00   0.0000e+00   3.0590e-06   3.4742e+02
20260112_15:00:00   9.1614e-02   2.5410e+01   4.8732e+00   0.0000e+00   2.5378e-06   3.4776e+02
20260112_16:00:00   9.2427e-02   2.5633e+01   5.0046e+00   0.0000e+00   0.0000e+00   3.5049e+02
20260112_17:00:00   9.3041e-02   2.5820e+01   5.2137e+00   0.0000e+00   1.9200e-05   3.4664e+02
20260112_18:00:00   9.3950e-02   2.6057e+01   5.4865e+00   0.0000e+00   3.4374e-04   3.4044e+02
20260112_19:00:00   9.5744e-02   2.6477e+01   5.8765e+00   0.0000e+00   1.6543e-03   3.3857e+02
20260112_20:00:00   9.9422e-02   2.7322e+01   6.4708e+00   0.0000e+00   2.4756e-03   3.3420e+02
20260112_21:00:00   1.0241e-01   2.8036e+01   6.8216e+00   0.0000e+00   5.0942e-04   3.3397e+02
20260112_22:00:00   1.0827e-01   2.9397e+01   7.5687e+00   0.0000e+00   4.4219e-05   3.3588e+02
20260112_23:00:00   9.8480e-02   2.7101e+01   5.9653e+00   0.0000e+00   1.0490e-04   3.4308e+02
20260113_00:00:00   9.2545e-02   2.5693e+01   4.9910e+00   0.0000e+00   1.4540e-04   3.4831e+02
20260113_01:00:00   8.9216e-02   2.4903e+01   4.4188e+00   0.0000e+00   0.0000e+00   3.5140e+02
20260113_02:00:00   8.7307e-02   2.4452e+01   4.0595e+00   0.0000e+00   0.0000e+00   3.5132e+02
20260113_03:00:00   8.5883e-02   2.4125e+01   3.8076e+00   0.0000e+00   0.0000e+00   3.5119e+02
20260113_04:00:00   8.4463e-02   2.3792e+01   3.5713e+00   0.0000e+00   0.0000e+00   3.5461e+02
20260113_05:00:00   8.4303e-02   2.3771e+01   3.5515e+00   0.0000e+00   0.0000e+00   3.5809e+02
20260113_06:00:00   8.4844e-02   2.3904e+01   3.5940e+00   0.0000e+00   0.0000e+00   3.5824e+02
20260113_07:00:00   8.5115e-02   2.3958e+01   3.6007e+00   0.0000e+00   0.0000e+00   3.5385e+02
20260113_08:00:00   8.4592e-02   2.3827e+01   3.5400e+00   0.0000e+00   0.0000e+00   3.5304e+02
20260113_09:00:00   8.3905e-02   2.3657e+01   3.4884e+00   0.0000e+00   9.7280e-07   3.4874e+02
20260113_10:00:00   8.3342e-02   2.3519e+01   3.4617e+00   0.0000e+00   2.2680e-03   3.4685e+02
20260113_11:00:00   8.4012e-02   2.3670e+01   3.6523e+00   0.0000e+00   1.1816e-03   3.4680e+02
20260113_12:00:00   8.4899e-02   2.3869e+01   3.8454e+00   0.0000e+00   7.6161e-03   3.5081e+02
20260113_15:00:00   9.4169e-02   2.6114e+01   5.6211e+00   0.0000e+00   1.3800e-02   3.4512e+02
20260113_18:00:00   1.0430e-01   2.8646e+01   7.2093e+00   0.0000e+00   6.6266e-03   3.4041e+02
20260113_21:00:00   1.2491e-01   3.3517e+01   1.0247e+01   0.0000e+00   3.1514e-02   3.3737e+02
20260114_00:00:00   1.0479e-01   2.8801e+01   7.3819e+00   0.0000e+00   5.5594e-04   3.3500e+02
20260114_03:00:00   1.1589e-01   3.1373e+01   9.1253e+00   0.0000e+00   3.8617e-02   3.3545e+02
20260114_06:00:00   1.3921e-01   3.6789e+01   1.1933e+01   0.0000e+00   8.3021e-02   3.3597e+02
20260114_09:00:00   1.6696e-01   4.3161e+01   1.3571e+01   1.0750e-02   3.3468e-02   3.3382e+02
20260114_12:00:00   3.3147e-01   7.7825e+01   1.3561e+01   1.9611e-01   3.5272e-02   3.5014e+02
20260114_15:00:00   4.0522e-01   9.1614e+01   1.3209e+01   2.8176e-01   5.0410e-02   3.5269e+02
20260114_18:00:00   5.4082e-01   1.1436e+02   1.2638e+01   4.3900e-01   4.2148e-02   3.4983e+02
20260114_21:00:00   6.4406e-01   1.2901e+02   1.1744e+01   5.5972e-01   3.4080e-02   3.4928e+02
20260115_00:00:00   2.6652e-01   6.4344e+01   1.0305e+01   1.4837e-01   2.3486e-02   3.4887e+02
20260115_03:00:00   1.1258e-01   3.0248e+01   7.6406e+00   0.0000e+00   6.6144e-03   3.4903e+02
20260115_06:00:00   9.5237e-02   2.6061e+01   5.1647e+00   1.1276e-04   6.2055e-03   3.5182e+02
20260115_09:00:00   8.7713e-02   2.4201e+01   4.0384e+00   0.0000e+00   8.8447e-03   3.5754e+02
20260115_12:00:00   8.5162e-02   2.3538e+01   3.6875e+00   0.0000e+00   3.7809e-03   3.6662e+02
20260115_15:00:00   8.3304e-02   2.3076e+01   3.4192e+00   0.0000e+00   1.0358e-02   3.8229e+02
20260115_18:00:00   8.2957e-02   2.3044e+01   3.3243e+00   0.0000e+00   7.2967e-03   3.9406e+02
20260115_21:00:00   8.6086e-02   2.3843e+01   3.6704e+00   0.0000e+00   7.1929e-05   3.8966e+02
20260116_00:00:00   8.6941e-02   2.4015e+01   3.6157e+00   0.0000e+00   8.0318e-05   3.7852e+02
20260116_03:00:00   8.0931e-02   2.2574e+01   2.8322e+00   0.0000e+00   2.0520e-05   3.8661e+02
20260116_06:00:00   7.6980e-02   2.1663e+01   2.3033e+00   0.0000e+00   1.2176e-05   3.7450e+02
20260116_09:00:00   7.3814e-02   2.0944e+01   1.9538e+00   0.0000e+00   0.0000e+00   3.4697e+02
20260116_12:00:00   7.2588e-02   2.0681e+01   1.8615e+00   0.0000e+00   0.0000e+00   3.4411e+02
20260116_15:00:00   7.2121e-02   2.0634e+01   1.9786e+00   0.0000e+00   0.0000e+00   3.3643e+02
20260116_18:00:00   7.5953e-02   2.1561e+01   2.8448e+00   0.0000e+00   8.1580e-06   3.3291e+02
20260116_21:00:00   8.1240e-02   2.2875e+01   3.6490e+00   0.0000e+00   4.4259e-04   3.2658e+02
20260117_00:00:00   8.4611e-02   2.3622e+01   4.0868e+00   0.0000e+00   3.4125e-03   3.1794e+02
20260117_03:00:00   8.8982e-02   2.4666e+01   4.7029e+00   0.0000e+00   4.8870e-02   3.1260e+02
20260117_06:00:00   9.7608e-02   2.6697e+01   5.9506e+00   0.0000e+00   1.1822e-01   3.1192e+02
20260117_09:00:00   1.1923e-01   3.1817e+01   8.7612e+00   0.0000e+00   5.5386e-03   3.1307e+02
20260117_12:00:00   1.2816e-01   3.3864e+01   9.6761e+00   0.0000e+00   3.5628e-02   3.2042e+02
20260117_15:00:00   1.3608e-01   3.5701e+01   1.0472e+01   1.0738e-04   1.9035e-01   3.3261e+02
20260117_18:00:00   1.3571e-01   3.5662e+01   1.0098e+01   1.3118e-03   7.5532e-02   3.4278e+02
20260117_21:00:00   1.3836e-01   3.6214e+01   9.6553e+00   8.6092e-03   1.2567e-01   3.6192e+02
20260118_00:00:00   1.3231e-01   3.4768e+01   9.5728e+00   2.8840e-06   2.2011e-01   3.8373e+02
20260118_03:00:00   1.3494e-01   3.5349e+01   8.9633e+00   5.7311e-03   4.0524e-01   4.1768e+02
20260118_06:00:00   1.0873e-01   2.9043e+01   6.3430e+00   0.0000e+00   3.1375e-02   4.3678e+02
20260118_09:00:00   9.9197e-02   2.6752e+01   4.9406e+00   0.0000e+00   4.7514e-02   4.1812e+02
20260118_12:00:00   8.3822e-02   2.3030e+01   3.0200e+00   0.0000e+00   3.1191e-02   4.0645e+02
20260118_15:00:00   7.9724e-02   2.2068e+01   2.6842e+00   0.0000e+00   4.3378e-03   3.8709e+02
20260118_18:00:00   8.8031e-02   2.4044e+01   3.8633e+00   0.0000e+00   3.1184e-03   3.9356e+02
20260118_21:00:00   9.2818e-02   2.5274e+01   4.3571e+00   0.0000e+00   7.2677e-04   3.9286e+02
20260119_00:00:00   8.8575e-02   2.4451e+01   4.1095e+00   0.0000e+00   3.0224e-04   3.6206e+02
20260119_03:00:00   9.2593e-02   2.5483e+01   4.8556e+00   0.0000e+00   1.9200e-06   3.4699e+02
20260119_06:00:00   1.0292e-01   2.8012e+01   6.3159e+00   0.0000e+00   1.0738e-05   3.4141e+02
20260119_09:00:00   1.0942e-01   2.9737e+01   7.2211e+00   0.0000e+00   2.7278e-04   3.3184e+02
20260119_12:00:00   1.1445e-01   3.0995e+01   8.0984e+00   0.0000e+00   7.1479e-06   3.2823e+02
20260119_15:00:00   1.2103e-01   3.2595e+01   9.0036e+00   0.0000e+00   7.0620e-06   3.2301e+02
20260119_18:00:00   1.2273e-01   3.3088e+01   9.1625e+00   2.3120e-04   4.5902e-05   3.2404e+02
20260119_21:00:00   1.2728e-01   3.4167e+01   9.7207e+00   2.2640e-04   6.3856e-05   3.2870e+02
20260120_00:00:00   1.7380e-01   4.4925e+01   1.0395e+01   4.5224e-02   4.8059e-04   3.2735e+02
20260120_03:00:00   5.1436e-01   1.0974e+02   1.0735e+01   4.2509e-01   7.3613e-03   3.2909e+02
20260120_06:00:00   2.4061e-01   5.9186e+01   9.7730e+00   1.2686e-01   5.6740e-03   3.2507e+02
20260120_09:00:00   1.1882e-01   3.2000e+01   8.5431e+00   2.0460e-03   2.5269e-03   3.2736e+02
20260120_12:00:00   1.0428e-01   2.8429e+01   7.0999e+00   0.0000e+00   7.8508e-05   3.0830e+02
20260120_15:00:00   1.0276e-01   2.8039e+01   6.9336e+00   0.0000e+00   9.0670e-05   3.1031e+02
20260120_18:00:00   1.0528e-01   2.8613e+01   7.3882e+00   0.0000e+00   5.3559e-04   3.0626e+02
20260120_21:00:00   1.0330e-01   2.8092e+01   7.0128e+00   0.0000e+00   5.9784e-05   3.0488e+02
20260121_00:00:00   1.1052e-01   2.9722e+01   7.8233e+00   1.0732e-04   4.6035e-03   2.9938e+02
20260121_03:00:00   1.0864e-01   2.9209e+01   7.6713e+00   0.0000e+00   3.5837e-03   2.9510e+02
20260121_06:00:00   9.5417e-02   2.6092e+01   5.5825e+00   2.1480e-05   4.1229e-03   2.9496e+02
20260121_09:00:00   8.4420e-02   2.3480e+01   3.8375e+00   0.0000e+00   1.8282e-03   2.9199e+02
20260121_12:00:00   8.0996e-02   2.2639e+01   3.3886e+00   0.0000e+00   3.4088e-03   2.9327e+02
20260121_15:00:00   8.0507e-02   2.2553e+01   3.5613e+00   0.0000e+00   2.0777e-02   2.9693e+02
20260121_18:00:00   8.5513e-02   2.3780e+01   4.4244e+00   0.0000e+00   1.7142e-02   2.9607e+02
20260121_21:00:00   8.8587e-02   2.4583e+01   5.0146e+00   0.0000e+00   1.7664e-02   2.9339e+02
20260122_00:00:00   9.1719e-02   2.5338e+01   5.5281e+00   0.0000e+00   3.7964e-02   2.8957e+02
20260122_03:00:00   9.6785e-02   2.6564e+01   6.3198e+00   0.0000e+00   8.3873e-02   2.9196e+02
20260122_06:00:00   1.1215e-01   3.0239e+01   8.6138e+00   0.0000e+00   5.9269e-02   2.9365e+02
20260122_09:00:00   1.3684e-01   3.6060e+01   1.1734e+01   0.0000e+00   8.8521e-02   2.9463e+02
20260122_12:00:00   3.3070e-01   7.7239e+01   1.4383e+01   1.9138e-01   2.4148e-02   2.8899e+02
20260122_15:00:00   3.7302e-01   8.5561e+01   1.5438e+01   2.2644e-01   9.8825e-03   2.8733e+02
20260122_18:00:00   7.8538e-01   1.4845e+02   1.6945e+01   6.8029e-01   5.0363e-02   2.8529e+02
20260122_21:00:00   1.0808e+00   1.8059e+02   1.7814e+01   1.0061e+00   2.4700e-01   2.8230e+02
20260123_00:00:00   1.0051e+00   1.7327e+02   1.8471e+01   9.1567e-01   1.0023e-01   2.8599e+02
20260123_03:00:00   9.9567e-01   1.7239e+02   1.8973e+01   8.9897e-01   2.8028e-01   2.8439e+02
20260123_06:00:00   1.1691e+00   1.8863e+02   1.7809e+01   1.1039e+00   9.5031e-03   2.8700e+02
20260123_09:00:00   1.0932e+00   1.8208e+02   1.8138e+01   1.0139e+00   1.5531e-01   2.8502e+02
20260123_12:00:00   7.1432e-01   1.4027e+02   1.5724e+01   6.0478e-01   3.5024e-03   2.8510e+02
20260123_15:00:00   6.0484e-01   1.2512e+02   1.5111e+01   4.8740e-01   6.0647e-04   2.8287e+02
20260123_18:00:00   3.6385e-01   8.5002e+01   1.5045e+01   2.1660e-01   3.1326e-03   2.8639e+02
20260123_21:00:00   3.3132e-01   7.8804e+01   1.5378e+01   1.7723e-01   2.6927e-02   2.8802e+02
20260124_00:00:00   3.2458e-01   7.7336e+01   1.7692e+01   1.5273e-01   7.0810e-02   2.8984e+02
20260124_03:00:00   1.1630e+00   1.8890e+02   1.9906e+01   1.0836e+00   3.4461e-01   2.8947e+02
20260124_06:00:00   1.0851e+00   1.8130e+02   1.8503e+01   1.0026e+00   2.0414e-01   2.8989e+02
20260124_09:00:00   6.3768e-01   1.2965e+02   1.6440e+01   5.1374e-01   2.0288e-01   2.9642e+02
20260124_12:00:00   4.8866e-01   1.0654e+02   1.0936e+01   3.8986e-01   3.8515e-03   2.9520e+02
