#            date       tau255        Tb[K]      pwv[mm] lwp[kg*m^-2] iwp[kg*m^-2]       o3[DU]
20260527_06:00:00   3.3654e-01   8.2296e+01   3.6284e+01   4.8359e-04   2.4629e-01   3.2008e+02
20260527_07:00:00   3.1982e-01   7.8938e+01   3.4618e+01   0.0000e+00   1.9881e-01   3.2019e+02
20260527_08:00:00   3.1761e-01   7.8466e+01   3.4190e+01   0.0000e+00   2.0221e-01   3.2103e+02
20260527_09:00:00   2.9779e-01   7.4459e+01   3.1828e+01   0.0000e+00   1.5593e-01   3.2231e+02
20260527_10:00:00   3.0889e-01   7.6706e+01   3.2700e+01   0.0000e+00   2.0056e-01   3.2398e+02
20260527_11:00:00   3.1911e-01   7.8679e+01   3.3975e+01   0.0000e+00   3.1382e-01   3.2557e+02
20260527_12:00:00   3.3456e-01   8.1768e+01   3.5544e+01   0.0000e+00   3.6397e-01   3.2525e+02
20260527_13:00:00   3.4606e-01   8.4043e+01   3.6411e+01   2.1660e-03   3.1908e-01   3.2716e+02
20260527_14:00:00   3.7786e-01   9.0181e+01   3.5889e+01   4.0722e-02   1.0874e-01   3.2938e+02
20260527_15:00:00   3.2637e-01   8.0571e+01   3.3562e+01   3.8922e-03   6.2776e-03   3.3293e+02
20260527_16:00:00   3.1598e-01   7.8521e+01   3.3159e+01   9.8420e-04   3.2942e-03   3.3367e+02
20260527_17:00:00   3.2014e-01   7.9340e+01   3.3854e+01   1.5982e-03   2.6743e-03   3.3458e+02
20260527_18:00:00   3.1403e-01   7.8150e+01   3.3137e+01   4.2300e-03   4.1908e-03   3.3428e+02
20260527_19:00:00   3.0987e-01   7.7288e+01   3.3216e+01   7.9040e-06   8.3579e-03   3.3612e+02
20260527_20:00:00   3.1182e-01   7.7641e+01   3.3474e+01   0.0000e+00   6.3733e-03   3.3666e+02
20260527_21:00:00   3.0145e-01   7.5519e+01   3.2402e+01   0.0000e+00   1.6523e-03   3.3733e+02
20260527_22:00:00   4.5215e-01   1.0312e+02   3.5128e+01   1.4079e-01   5.4569e-01   3.3446e+02
20260527_23:00:00   5.9897e-01   1.2728e+02   3.7625e+01   2.7586e-01   7.4453e-01   3.3275e+02
20260528_00:00:00   4.5392e-01   1.0367e+02   3.3801e+01   1.5878e-01   9.4695e-04   3.3427e+02
20260528_01:00:00   4.4478e-01   1.0199e+02   3.5636e+01   1.2323e-01   2.7825e-02   3.3388e+02
20260528_02:00:00   9.8211e-01   1.7344e+02   3.7589e+01   7.0861e-01   1.0192e+00   3.3121e+02
20260528_03:00:00   8.9570e-01   1.6643e+02   3.8028e+01   6.1659e-01   2.3031e-01   3.3361e+02
20260528_04:00:00   5.3130e-01   1.1638e+02   3.7142e+01   1.9868e-01   6.3999e-03   3.3325e+02
20260528_05:00:00   3.9016e-01   9.2296e+01   3.6379e+01   4.5951e-02   2.4440e-02   3.3619e+02
20260528_06:00:00   1.1147e+00   1.8838e+02   3.6529e+01   8.8045e-01   5.6105e-02   3.3793e+02
20260528_07:00:00   3.2581e-01   7.9666e+01   3.3560e+01   6.0166e-03   2.8636e-01   3.3865e+02
20260528_08:00:00   2.8388e-01   7.1191e+01   2.9371e+01   4.8000e-06   6.6400e-02   3.4005e+02
20260528_09:00:00   2.4431e-01   6.2992e+01   2.3225e+01   1.7450e-03   1.0495e-02   3.3911e+02
20260528_10:00:00   2.2805e-01   5.9440e+01   2.1231e+01   2.1608e-03   0.0000e+00   3.4134e+02
20260528_11:00:00   2.3490e-01   6.0997e+01   2.0598e+01   1.9112e-02   0.0000e+00   3.4219e+02
20260528_12:00:00   2.4535e-01   6.3214e+01   2.2051e+01   1.9965e-02   0.0000e+00   3.4150e+02
20260528_13:00:00   2.8219e-01   7.1263e+01   2.1934e+01   6.0600e-02   0.0000e+00   3.4247e+02
20260528_14:00:00   2.9654e-01   7.4392e+01   2.1914e+01   7.6660e-02   4.1620e-05   3.4539e+02
20260528_15:00:00   2.4832e-01   6.4110e+01   2.0696e+01   2.6497e-02   9.3160e-06   3.4633e+02
20260528_16:00:00   2.2163e-01   5.8245e+01   1.9345e+01   7.0053e-03   0.0000e+00   3.4778e+02
20260528_17:00:00   2.1864e-01   5.7598e+01   1.8615e+01   1.1236e-02   0.0000e+00   3.4699e+02
20260528_18:00:00   1.9591e-01   5.2430e+01   1.7249e+01   7.1722e-04   0.0000e+00   3.4359e+02
20260528_19:00:00   1.8197e-01   4.9182e+01   1.5909e+01   0.0000e+00   0.0000e+00   3.4582e+02
20260528_20:00:00   1.7477e-01   4.7463e+01   1.5282e+01   0.0000e+00   0.0000e+00   3.4509e+02
20260528_21:00:00   1.6458e-01   4.5021e+01   1.4342e+01   0.0000e+00   0.0000e+00   3.4857e+02
20260528_22:00:00   1.6074e-01   4.4073e+01   1.3990e+01   0.0000e+00   0.0000e+00   3.4770e+02
20260528_23:00:00   1.5043e-01   4.1607e+01   1.2408e+01   0.0000e+00   0.0000e+00   3.4888e+02
20260529_00:00:00   1.4563e-01   4.0360e+01   1.1763e+01   0.0000e+00   0.0000e+00   3.5143e+02
20260529_01:00:00   1.4000e-01   3.8864e+01   1.0899e+01   0.0000e+00   0.0000e+00   3.5536e+02
20260529_02:00:00   1.4242e-01   3.9331e+01   1.1203e+01   0.0000e+00   0.0000e+00   3.5403e+02
20260529_03:00:00   1.3909e-01   3.8459e+01   1.1019e+01   0.0000e+00   0.0000e+00   3.5286e+02
20260529_04:00:00   1.3246e-01   3.6817e+01   1.0478e+01   0.0000e+00   0.0000e+00   3.5158e+02
20260529_05:00:00   1.2884e-01   3.5890e+01   1.0225e+01   0.0000e+00   0.0000e+00   3.5410e+02
20260529_06:00:00   1.2612e-01   3.5195e+01   1.0054e+01   0.0000e+00   0.0000e+00   3.5757e+02
20260529_07:00:00   1.2475e-01   3.4835e+01   1.0071e+01   0.0000e+00   0.0000e+00   3.5863e+02
20260529_08:00:00   1.2357e-01   3.4541e+01   9.9845e+00   0.0000e+00   0.0000e+00   3.5924e+02
20260529_09:00:00   1.2282e-01   3.4343e+01   9.9015e+00   0.0000e+00   0.0000e+00   3.6028e+02
20260529_10:00:00   1.2013e-01   3.3681e+01   9.5924e+00   0.0000e+00   0.0000e+00   3.5902e+02
20260529_11:00:00   1.1850e-01   3.3314e+01   9.3963e+00   0.0000e+00   0.0000e+00   3.5794e+02
20260529_12:00:00   1.1891e-01   3.3488e+01   9.4673e+00   0.0000e+00   0.0000e+00   3.5813e+02
20260529_13:00:00   1.1592e-01   3.2817e+01   9.2391e+00   0.0000e+00   0.0000e+00   3.5591e+02
20260529_14:00:00   1.1985e-01   3.3871e+01   9.6832e+00   0.0000e+00   0.0000e+00   3.5141e+02
20260529_15:00:00   1.2153e-01   3.4345e+01   1.0089e+01   0.0000e+00   0.0000e+00   3.4913e+02
20260529_16:00:00   1.2298e-01   3.4776e+01   1.0465e+01   0.0000e+00   0.0000e+00   3.4882e+02
20260529_17:00:00   1.2145e-01   3.4457e+01   1.0467e+01   0.0000e+00   0.0000e+00   3.4829e+02
20260529_18:00:00   1.2144e-01   3.4499e+01   1.0578e+01   0.0000e+00   0.0000e+00   3.4595e+02
20260529_19:00:00   1.1731e-01   3.3516e+01   1.0113e+01   0.0000e+00   0.0000e+00   3.4560e+02
20260529_20:00:00   1.1374e-01   3.2647e+01   9.6413e+00   0.0000e+00   0.0000e+00   3.4428e+02
20260529_21:00:00   1.1161e-01   3.2119e+01   9.2295e+00   0.0000e+00   0.0000e+00   3.4405e+02
20260529_22:00:00   1.1570e-01   3.3159e+01   9.5325e+00   0.0000e+00   7.7820e-07   3.4407e+02
20260529_23:00:00   1.1655e-01   3.3339e+01   9.3605e+00   0.0000e+00   2.7784e-05   3.4302e+02
20260530_00:00:00   1.1445e-01   3.2755e+01   8.7847e+00   0.0000e+00   2.2000e-05   3.4173e+02
20260530_01:00:00   1.1028e-01   3.1628e+01   8.0562e+00   0.0000e+00   4.2167e-05   3.4215e+02
20260530_02:00:00   1.0887e-01   3.1221e+01   7.7719e+00   0.0000e+00   2.8575e-05   3.4306e+02
20260530_03:00:00   1.0700e-01   3.0714e+01   7.4955e+00   0.0000e+00   4.6367e-04   3.4340e+02
20260530_04:00:00   1.0784e-01   3.0883e+01   7.5196e+00   0.0000e+00   3.8563e-03   3.4332e+02
20260530_05:00:00   1.0703e-01   3.0654e+01   7.3571e+00   0.0000e+00   8.0208e-03   3.4267e+02
20260530_06:00:00   1.0869e-01   3.1047e+01   7.4548e+00   0.0000e+00   1.3992e-02   3.4356e+02
20260530_07:00:00   1.0880e-01   3.1058e+01   7.4184e+00   0.0000e+00   2.0878e-02   3.4540e+02
20260530_08:00:00   1.1131e-01   3.1650e+01   7.7004e+00   0.0000e+00   5.9250e-03   3.4487e+02
20260530_09:00:00   1.1009e-01   3.1300e+01   7.7046e+00   0.0000e+00   6.7297e-03   3.4590e+02
20260530_10:00:00   1.1698e-01   3.2987e+01   8.5526e+00   0.0000e+00   4.8982e-03   3.4628e+02
20260530_11:00:00   1.2892e-01   3.5927e+01   1.0279e+01   0.0000e+00   6.4652e-03   3.4771e+02
20260530_12:00:00   1.6005e-01   4.3509e+01   1.4523e+01   0.0000e+00   2.0697e-03   3.4846e+02
20260530_13:00:00   1.9228e-01   5.1070e+01   1.8328e+01   1.0738e-05   2.1780e-03   3.5021e+02
20260530_14:00:00   2.1534e-01   5.6305e+01   2.1007e+01   2.9939e-05   7.7554e-04   3.4976e+02
20260530_15:00:00   1.7941e-01   4.8257e+01   1.6209e+01   0.0000e+00   4.7560e-05   3.5229e+02
20260530_16:00:00   1.3197e-01   3.6975e+01   1.0565e+01   0.0000e+00   1.8862e-05   3.5470e+02
20260530_17:00:00   1.0669e-01   3.0639e+01   7.7417e+00   0.0000e+00   2.6820e-05   3.5672e+02
20260530_18:00:00   9.6006e-02   2.7923e+01   6.3940e+00   0.0000e+00   3.8500e-05   3.5834e+02
20260530_19:00:00   9.1907e-02   2.6865e+01   5.8481e+00   0.0000e+00   1.7100e-05   3.5938e+02
20260530_20:00:00   9.2031e-02   2.6893e+01   5.8616e+00   0.0000e+00   3.0960e-04   3.5896e+02
20260530_21:00:00   9.4382e-02   2.7493e+01   6.1228e+00   0.0000e+00   0.0000e+00   3.5815e+02
20260530_22:00:00   9.9862e-02   2.8877e+01   6.7505e+00   0.0000e+00   0.0000e+00   3.5683e+02
20260530_23:00:00   1.0742e-01   3.0775e+01   7.5624e+00   0.0000e+00   5.3700e-06   3.5663e+02
20260531_00:00:00   1.1259e-01   3.2027e+01   7.9834e+00   0.0000e+00   1.3830e-04   3.5740e+02
20260531_01:00:00   1.1906e-01   3.3538e+01   8.5644e+00   0.0000e+00   3.4240e-04   3.5702e+02
20260531_02:00:00   1.1716e-01   3.3024e+01   8.2249e+00   0.0000e+00   2.1640e-04   3.5777e+02
20260531_03:00:00   1.1751e-01   3.3067e+01   8.2378e+00   0.0000e+00   2.6240e-04   3.5817e+02
20260531_04:00:00   1.2073e-01   3.3805e+01   8.6069e+00   0.0000e+00   1.1006e-03   3.5740e+02
20260531_05:00:00   1.2041e-01   3.3702e+01   8.5947e+00   0.0000e+00   9.4780e-04   3.5647e+02
20260531_06:00:00   1.2041e-01   3.3669e+01   8.6234e+00   0.0000e+00   1.1976e-03   3.5649e+02
20260531_07:00:00   1.1865e-01   3.3233e+01   8.4773e+00   0.0000e+00   5.5560e-04   3.5610e+02
20260531_08:00:00   1.1728e-01   3.2899e+01   8.3869e+00   0.0000e+00   7.4980e-05   3.5467e+02
20260531_09:00:00   1.1812e-01   3.3102e+01   8.5205e+00   0.0000e+00   9.2780e-05   3.5499e+02
20260531_10:00:00   1.1710e-01   3.2869e+01   8.4521e+00   0.0000e+00   2.4900e-04   3.5557e+02
20260531_11:00:00   1.1987e-01   3.3592e+01   8.7699e+00   0.0000e+00   2.4125e-03   3.5479e+02
20260531_12:00:00   1.2774e-01   3.5596e+01   9.6911e+00   0.0000e+00   8.3590e-03   3.5514e+02
20260531_13:00:00   1.3250e-01   3.6834e+01   1.0269e+01   0.0000e+00   1.2400e-02   3.5519e+02
20260531_14:00:00   1.3627e-01   3.7809e+01   1.0677e+01   0.0000e+00   1.7319e-02   3.5404e+02
20260531_15:00:00   1.3965e-01   3.8710e+01   1.1127e+01   0.0000e+00   2.2361e-02   3.5236e+02
20260531_16:00:00   1.4452e-01   3.9949e+01   1.1790e+01   0.0000e+00   1.2034e-02   3.5138e+02
20260531_17:00:00   1.5696e-01   4.2949e+01   1.3539e+01   0.0000e+00   7.4921e-03   3.5065e+02
20260531_18:00:00   1.6614e-01   4.5154e+01   1.4923e+01   0.0000e+00   6.4992e-03   3.5066e+02
20260531_19:00:00   1.7762e-01   4.7864e+01   1.6708e+01   0.0000e+00   4.4111e-03   3.5069e+02
20260531_20:00:00   1.8465e-01   4.9540e+01   1.7717e+01   3.7100e-04   1.8016e-02   3.5021e+02
20260531_21:00:00   2.2232e-01   5.7957e+01   1.9884e+01   2.5401e-02   3.5435e-02   3.5079e+02
20260531_22:00:00   2.9706e-01   7.3734e+01   2.1321e+01   9.1500e-02   2.3153e-03   3.5105e+02
20260531_23:00:00   2.8687e-01   7.1779e+01   2.2399e+01   6.2588e-02   1.6344e-03   3.4927e+02
20260601_00:00:00   2.7194e-01   6.8614e+01   2.2442e+01   4.4170e-02   2.7244e-03   3.4647e+02
20260601_01:00:00   3.2971e-01   8.0283e+01   2.3094e+01   1.0318e-01   2.7893e-03   3.4360e+02
20260601_02:00:00   3.1803e-01   7.7983e+01   2.2220e+01   9.8775e-02   1.9941e-03   3.4254e+02
20260601_03:00:00   4.8032e-01   1.0793e+02   2.2889e+01   2.7964e-01   1.4077e-02   3.4232e+02
20260601_04:00:00   2.5141e-01   6.4238e+01   2.1960e+01   2.5430e-02   3.9921e-02   3.4107e+02
20260601_05:00:00   2.8187e-01   7.0635e+01   2.2548e+01   5.4591e-02   2.6876e-02   3.4061e+02
20260601_06:00:00   2.7951e-01   7.0099e+01   2.2946e+01   5.0499e-02   7.9164e-02   3.4026e+02
20260601_09:00:00   2.5555e-01   6.4988e+01   2.2657e+01   2.5424e-02   1.3467e-02   3.4416e+02
20260601_12:00:00   2.0899e-01   5.4843e+01   1.8679e+01   1.0366e-02   8.1362e-03   3.4699e+02
20260601_15:00:00   1.7772e-01   4.7380e+01   1.7803e+01   0.0000e+00   2.2839e-02   3.4776e+02
20260601_18:00:00   1.9610e-01   5.1418e+01   1.9822e+01   2.3016e-03   9.5816e-03   3.4823e+02
20260601_21:00:00   2.2845e-01   5.8616e+01   1.9130e+01   3.6980e-02   2.2733e-04   3.6200e+02
20260602_00:00:00   2.1950e-01   5.6410e+01   1.5338e+01   4.4983e-02   9.6200e-05   3.9310e+02
20260602_03:00:00   1.6936e-01   4.4974e+01   1.3933e+01   4.4020e-04   0.0000e+00   4.1774e+02
20260602_06:00:00   1.4208e-01   3.8593e+01   1.0006e+01   6.7600e-03   0.0000e+00   4.0863e+02
20260602_09:00:00   1.5331e-01   4.1117e+01   1.1231e+01   7.5840e-03   0.0000e+00   4.1122e+02
20260602_12:00:00   1.3921e-01   3.7867e+01   1.0451e+01   1.5302e-04   0.0000e+00   4.1628e+02
20260602_15:00:00   1.3725e-01   3.7462e+01   1.0659e+01   0.0000e+00   0.0000e+00   4.1121e+02
20260602_18:00:00   1.4471e-01   3.9163e+01   1.2207e+01   2.5700e-03   8.4440e-04   4.0001e+02
20260602_21:00:00   1.4677e-01   3.9718e+01   1.2976e+01   7.4140e-04   1.0510e-03   3.8935e+02
20260603_00:00:00   1.4546e-01   3.9434e+01   1.2649e+01   0.0000e+00   3.8920e-07   3.8167e+02
20260603_03:00:00   1.2541e-01   3.4530e+01   1.0039e+01   0.0000e+00   0.0000e+00   3.7246e+02
20260603_06:00:00   1.3864e-01   3.7562e+01   1.1793e+01   0.0000e+00   0.0000e+00   3.6352e+02
20260603_09:00:00   1.4977e-01   4.0104e+01   1.2962e+01   0.0000e+00   0.0000e+00   3.6678e+02
20260603_12:00:00   1.5166e-01   4.0554e+01   1.3499e+01   0.0000e+00   0.0000e+00   3.6812e+02
20260603_15:00:00   1.5567e-01   4.1578e+01   1.3993e+01   1.3902e-03   0.0000e+00   3.6772e+02
20260603_18:00:00   2.0541e-01   5.2801e+01   1.2803e+01   5.8869e-02   2.2226e-03   3.9914e+02
20260603_21:00:00   2.1525e-01   5.5295e+01   1.3970e+01   6.1381e-02   2.9044e-04   3.8887e+02
20260604_00:00:00   1.7577e-01   4.6643e+01   1.5035e+01   5.7000e-03   1.3438e-05   3.8187e+02
20260604_03:00:00   1.5338e-01   4.1460e+01   1.2878e+01   0.0000e+00   0.0000e+00   3.7773e+02
20260604_06:00:00   1.4815e-01   4.0193e+01   1.2468e+01   0.0000e+00   0.0000e+00   3.6562e+02
20260604_09:00:00   1.4296e-01   3.8992e+01   1.1915e+01   0.0000e+00   0.0000e+00   3.6334e+02
20260604_12:00:00   1.4004e-01   3.8435e+01   1.1779e+01   0.0000e+00   3.4780e-06   3.6053e+02
20260604_15:00:00   1.4387e-01   3.9530e+01   1.2655e+01   0.0000e+00   0.0000e+00   3.6245e+02
20260604_18:00:00   1.5415e-01   4.2208e+01   1.4372e+01   0.0000e+00   0.0000e+00   3.5864e+02
20260604_21:00:00   1.7388e-01   4.6967e+01   1.6942e+01   0.0000e+00   1.8800e-04   3.5391e+02
20260605_00:00:00   1.9992e-01   5.2996e+01   1.9426e+01   0.0000e+00   8.3977e-03   3.5272e+02
20260605_03:00:00   1.9012e-01   5.0677e+01   1.8104e+01   0.0000e+00   1.8294e-02   3.5015e+02
20260605_06:00:00   1.9088e-01   5.0846e+01   1.8202e+01   0.0000e+00   4.8000e-06   3.4198e+02
20260605_09:00:00   2.0345e-01   5.3600e+01   1.9832e+01   0.0000e+00   1.3434e-03   3.3779e+02
20260605_12:00:00   1.9946e-01   5.2882e+01   1.9367e+01   0.0000e+00   1.8738e-02   3.3888e+02
20260605_15:00:00   2.1561e-01   5.6777e+01   2.1340e+01   0.0000e+00   1.8280e-02   3.4015e+02
20260605_18:00:00   2.1142e-01   5.6000e+01   2.1678e+01   0.0000e+00   1.3573e-02   3.3989e+02
20260605_21:00:00   2.2282e-01   5.8687e+01   2.3244e+01   5.3120e-04   0.0000e+00   3.4182e+02
20260606_00:00:00   2.6197e-01   6.7329e+01   2.5516e+01   1.3796e-02   0.0000e+00   3.4234e+02
20260606_03:00:00   2.8586e-01   7.2182e+01   2.7081e+01   2.2240e-02   5.3860e-04   3.4216e+02
20260606_06:00:00   3.3940e-01   8.2824e+01   2.8410e+01   7.0035e-02   0.0000e+00   3.3679e+02
20260606_09:00:00   2.7980e-01   7.0630e+01   2.8724e+01   0.0000e+00   2.0616e-03   3.3058e+02
20260606_12:00:00   2.8064e-01   7.0825e+01   2.9102e+01   0.0000e+00   6.8042e-02   3.2916e+02
20260606_15:00:00   2.3872e-01   6.1875e+01   2.5589e+01   0.0000e+00   3.3242e-02   3.3046e+02
20260606_18:00:00   2.5956e-01   6.6816e+01   2.6909e+01   2.2420e-03   0.0000e+00   3.4669e+02
20260606_21:00:00   3.3840e-01   8.3340e+01   2.7477e+01   7.9743e-02   0.0000e+00   3.3507e+02
20260607_00:00:00   2.8271e-01   7.2040e+01   2.8604e+01   2.6200e-03   0.0000e+00   3.3680e+02
20260607_03:00:00   2.8689e-01   7.2790e+01   2.8275e+01   0.0000e+00   0.0000e+00   3.3409e+02
20260607_06:00:00   2.6732e-01   6.8645e+01   2.5876e+01   0.0000e+00   0.0000e+00   3.3030e+02
20260607_09:00:00   2.6879e-01   6.8913e+01   2.5748e+01   0.0000e+00   0.0000e+00   3.2950e+02
20260607_12:00:00   2.8132e-01   7.1727e+01   2.6806e+01   0.0000e+00   0.0000e+00   3.2870e+02
20260607_15:00:00   2.7266e-01   7.0206e+01   2.5396e+01   7.8741e-03   0.0000e+00   3.3087e+02
20260607_18:00:00   3.4498e-01   8.4927e+01   2.5776e+01   1.0103e-01   2.3800e-02   3.3290e+02
20260607_21:00:00   5.9323e-01   1.2753e+02   2.8654e+01   3.6207e-01   3.6528e-02   3.3039e+02
20260608_00:00:00   2.6604e-01   6.8533e+01   2.4136e+01   2.1365e-02   4.6185e-02   3.2747e+02
20260608_03:00:00   2.4927e-01   6.4668e+01   2.3817e+01   0.0000e+00   1.2404e-02   3.2529e+02
20260608_06:00:00   2.2552e-01   5.9270e+01   2.1527e+01   0.0000e+00   3.0058e-02   3.2228e+02
20260608_09:00:00   1.9551e-01   5.2237e+01   1.8543e+01   0.0000e+00   3.3338e-03   3.2174e+02
20260608_12:00:00   1.7843e-01   4.8271e+01   1.6584e+01   0.0000e+00   6.0798e-03   3.2441e+02
20260608_15:00:00   1.5699e-01   4.3347e+01   1.4485e+01   0.0000e+00   1.0278e-02   3.2731e+02
20260608_18:00:00   1.5483e-01   4.2914e+01   1.4784e+01   0.0000e+00   1.0132e-02   3.2911e+02
20260608_21:00:00   1.6804e-01   4.6126e+01   1.6319e+01   0.0000e+00   8.8329e-03   3.3011e+02
20260609_00:00:00   1.9860e-01   5.3133e+01   1.8699e+01   0.0000e+00   1.1136e-02   3.3049e+02
20260609_03:00:00   1.8545e-01   4.9740e+01   1.6758e+01   4.2200e-03   1.3605e-02   3.2941e+02
20260609_06:00:00   1.7267e-01   4.6694e+01   1.5057e+01   3.0220e-03   4.3956e-03   3.3230e+02
20260609_09:00:00   1.6480e-01   4.4739e+01   1.3839e+01   0.0000e+00   0.0000e+00   3.3246e+02
20260609_12:00:00   1.4497e-01   4.0140e+01   1.1703e+01   0.0000e+00   0.0000e+00   3.3936e+02
20260609_15:00:00   1.5102e-01   4.1793e+01   1.3076e+01   0.0000e+00   0.0000e+00   3.4961e+02
20260609_18:00:00   1.5426e-01   4.2736e+01   1.4444e+01   0.0000e+00   0.0000e+00   3.5071e+02
20260609_21:00:00   1.5375e-01   4.2685e+01   1.4824e+01   0.0000e+00   0.0000e+00   3.3602e+02
20260610_00:00:00   1.6195e-01   4.4615e+01   1.4988e+01   0.0000e+00   1.4552e-03   3.3118e+02
20260610_03:00:00   1.5503e-01   4.2763e+01   1.4115e+01   0.0000e+00   2.2997e-03   3.2759e+02
20260610_06:00:00   1.6092e-01   4.4119e+01   1.4754e+01   0.0000e+00   7.5100e-04   3.2409e+02
20260610_09:00:00   1.4947e-01   4.1439e+01   1.3351e+01   0.0000e+00   5.5640e-05   3.2520e+02
20260610_12:00:00   1.5095e-01   4.1927e+01   1.3674e+01   0.0000e+00   6.0160e-04   3.2447e+02
20260610_15:00:00   1.6804e-01   4.6257e+01   1.5957e+01   0.0000e+00   1.2970e-03   3.2256e+02
20260610_18:00:00   1.7930e-01   4.9156e+01   1.8028e+01   0.0000e+00   2.8257e-04   3.2238e+02
20260610_21:00:00   2.0039e-01   5.4195e+01   2.0799e+01   0.0000e+00   6.2020e-05   3.1952e+02
20260611_00:00:00   2.0991e-01   5.6496e+01   2.1069e+01   0.0000e+00   0.0000e+00   3.2106e+02
20260611_03:00:00   1.9951e-01   5.3868e+01   1.9440e+01   0.0000e+00   0.0000e+00   3.2285e+02
20260611_06:00:00   2.0568e-01   5.5192e+01   1.9881e+01   0.0000e+00   0.0000e+00   3.2203e+02
20260611_09:00:00   1.8158e-01   4.9561e+01   1.7132e+01   0.0000e+00   0.0000e+00   3.2412e+02
20260611_12:00:00   1.8490e-01   5.0498e+01   1.7229e+01   0.0000e+00   0.0000e+00   3.2796e+02
20260611_15:00:00   2.2390e-01   5.9745e+01   2.1787e+01   0.0000e+00   0.0000e+00   3.2534e+02
20260611_18:00:00   2.3867e-01   6.3170e+01   2.4380e+01   0.0000e+00   9.1400e-04   3.2526e+02
20260611_21:00:00   2.4791e-01   6.5316e+01   2.5647e+01   9.9158e-05   2.6159e-05   3.2743e+02
20260612_00:00:00   3.0476e-01   7.7370e+01   2.8022e+01   3.5264e-02   6.9580e-06   3.2852e+02
20260612_03:00:00   2.9633e-01   7.5334e+01   2.8054e+01   2.9139e-02   4.1394e-04   3.2746e+02
20260612_06:00:00   2.9925e-01   7.5886e+01   3.0867e+01   1.0642e-02   1.6852e-04   3.2427e+02
