#            date       tau255        Tb[K]      pwv[mm] lwp[kg*m^-2] iwp[kg*m^-2]       o3[DU]
20260522_18:00:00   1.1390e+00   1.8961e+02   3.4537e+01   9.3457e-01   7.3252e-02   3.2118e+02
20260522_19:00:00   6.9042e-01   1.4117e+02   3.3018e+01   4.5017e-01   1.5320e-02   3.2012e+02
20260522_20:00:00   1.0335e+00   1.8129e+02   3.3978e+01   8.4244e-01   1.6612e-01   3.1947e+02
20260522_21:00:00   1.2972e+00   2.0297e+02   3.4086e+01   1.1307e+00   1.5944e-01   3.1959e+02
20260522_22:00:00   1.3148e+00   2.0295e+02   3.4613e+01   1.1292e+00   1.6664e-01   3.1919e+02
20260522_23:00:00   1.1773e+00   1.9233e+02   3.5048e+01   9.6815e-01   8.1881e-02   3.1730e+02
20260523_00:00:00   8.3743e-01   1.5871e+02   3.4758e+01   5.8895e-01   6.2110e-02   3.1746e+02
20260523_01:00:00   1.0190e+00   1.7879e+02   3.4683e+01   8.0319e-01   5.5898e-02   3.1657e+02
20260523_02:00:00   1.1243e+00   1.8879e+02   3.4732e+01   9.2459e-01   8.5086e-02   3.1668e+02
20260523_03:00:00   1.2571e+00   1.9957e+02   3.5218e+01   1.0684e+00   1.8940e-01   3.1777e+02
20260523_04:00:00   1.3579e+00   2.0690e+02   3.4890e+01   1.1856e+00   2.3541e-01   3.1848e+02
20260523_05:00:00   1.1318e+00   1.8879e+02   3.4935e+01   9.2419e-01   3.0908e-01   3.1912e+02
20260523_06:00:00   1.0080e+00   1.7711e+02   3.5139e+01   7.7902e-01   2.5793e-01   3.2118e+02
20260523_07:00:00   8.3563e-01   1.5867e+02   3.5094e+01   5.8466e-01   4.4093e-01   3.2114e+02
20260523_08:00:00   8.3591e-01   1.5848e+02   3.4737e+01   5.8654e-01   5.4566e-01   3.2217e+02
20260523_09:00:00   7.6720e-01   1.5007e+02   3.4604e+01   5.1029e-01   5.2503e-01   3.2448e+02
20260523_10:00:00   8.7963e-01   1.6360e+02   3.4239e+01   6.4434e-01   3.4668e-01   3.2360e+02
20260523_11:00:00   1.0925e+00   1.8524e+02   3.4428e+01   8.8421e-01   2.2930e-01   3.2303e+02
20260523_12:00:00   1.1399e+00   1.8917e+02   3.4734e+01   9.2927e-01   3.1265e-01   3.2076e+02
20260523_13:00:00   1.1231e+00   1.8837e+02   3.4968e+01   9.1507e-01   1.5606e-01   3.2134e+02
20260523_14:00:00   1.3518e+00   2.0720e+02   3.5008e+01   1.1839e+00   7.2005e-02   3.1993e+02
20260523_15:00:00   1.6654e+00   2.2606e+02   3.4682e+01   1.5406e+00   3.9895e-02   3.2184e+02
20260523_16:00:00   1.5016e+00   2.1799e+02   3.4898e+01   1.3704e+00   2.8458e-02   3.2319e+02
20260523_17:00:00   8.3658e-01   1.6015e+02   3.4892e+01   6.0231e-01   2.4300e-02   3.2397e+02
20260523_18:00:00   1.2730e+00   2.0221e+02   3.5445e+01   1.0989e+00   5.9465e-02   3.2402e+02
20260523_19:00:00   1.1789e+00   1.9385e+02   3.5166e+01   9.8429e-01   6.2339e-02   3.2537e+02
20260523_20:00:00   1.0508e+00   1.8195e+02   3.4798e+01   8.3740e-01   7.9191e-02   3.2507e+02
20260523_21:00:00   9.9254e-01   1.7579e+02   3.4698e+01   7.6572e-01   4.1659e-01   3.2565e+02
20260523_22:00:00   8.0191e-01   1.5427e+02   3.4177e+01   5.5229e-01   5.2664e-01   3.2748e+02
20260523_23:00:00   4.4954e-01   1.0268e+02   3.3104e+01   1.6318e-01   3.7820e-01   3.2991e+02
20260524_00:00:00   4.1515e-01   9.6675e+01   3.3092e+01   1.2499e-01   2.7711e-01   3.3665e+02
20260524_01:00:00   4.5008e-01   1.0307e+02   3.3265e+01   1.6400e-01   2.2384e-02   3.3892e+02
20260524_02:00:00   5.2014e-01   1.1529e+02   3.3210e+01   2.4499e-01   2.5172e-02   3.4144e+02
20260524_03:00:00   6.2031e-01   1.3123e+02   3.3135e+01   3.6172e-01   4.0512e-04   3.4298e+02
20260524_04:00:00   5.7002e-01   1.2363e+02   3.2205e+01   3.1255e-01   0.0000e+00   3.4456e+02
20260524_05:00:00   5.7581e-01   1.2457e+02   3.1605e+01   3.2425e-01   1.6568e-04   3.4050e+02
20260524_06:00:00   5.7895e-01   1.2511e+02   3.1276e+01   3.2994e-01   2.1700e-04   3.3755e+02
20260524_07:00:00   5.0968e-01   1.1384e+02   3.0875e+01   2.4840e-01   1.1622e-04   3.4116e+02
20260524_08:00:00   4.0219e-01   9.4653e+01   3.0410e+01   1.2291e-01   2.3634e-03   3.4159e+02
20260524_09:00:00   3.7921e-01   9.0357e+01   3.0347e+01   9.8475e-02   9.7739e-03   3.4048e+02
20260524_10:00:00   4.0428e-01   9.5203e+01   3.0390e+01   1.3249e-01   2.5430e-02   3.4003e+02
20260524_11:00:00   3.9914e-01   9.4336e+01   3.0570e+01   1.2466e-01   1.1805e-02   3.3884e+02
20260524_12:00:00   3.7768e-01   9.0380e+01   3.0447e+01   9.9074e-02   7.0048e-03   3.3852e+02
20260524_13:00:00   3.4810e-01   8.4621e+01   3.0620e+01   5.9713e-02   3.6341e-03   3.4011e+02
20260524_14:00:00   3.4454e-01   8.3964e+01   3.0997e+01   4.8974e-02   5.7686e-03   3.3964e+02
20260524_15:00:00   3.2389e-01   7.9779e+01   3.1620e+01   1.8770e-02   1.2102e-02   3.3632e+02
20260524_16:00:00   3.3221e-01   8.1550e+01   3.2001e+01   2.4068e-02   1.1179e-02   3.3537e+02
20260524_17:00:00   3.3244e-01   8.1731e+01   3.1898e+01   2.6420e-02   1.3255e-03   3.3516e+02
20260524_18:00:00   3.1828e-01   7.9018e+01   3.1521e+01   1.4612e-02   6.0029e-04   3.3385e+02
20260524_19:00:00   3.4216e-01   8.3869e+01   3.2574e+01   3.5423e-02   1.3277e-04   3.3326e+02
20260524_20:00:00   4.3117e-01   1.0077e+02   3.4554e+01   1.2334e-01   6.1880e-04   3.3112e+02
20260524_21:00:00   4.4967e-01   1.0394e+02   3.5582e+01   1.3160e-01   3.1712e-04   3.3033e+02
20260524_22:00:00   3.4543e-01   8.4218e+01   3.5606e+01   5.6685e-03   1.4535e-03   3.3187e+02
20260524_23:00:00   3.5878e-01   8.6884e+01   3.5392e+01   2.4385e-02   2.9346e-03   3.3135e+02
20260525_00:00:00   3.4343e-01   8.3735e+01   3.4912e+01   1.0646e-02   6.4955e-03   3.3215e+02
20260525_01:00:00   3.4641e-01   8.4184e+01   3.4822e+01   1.5796e-02   8.3253e-03   3.3384e+02
20260525_02:00:00   3.8608e-01   9.1849e+01   3.5823e+01   5.4325e-02   2.1986e-02   3.3669e+02
20260525_03:00:00   6.3032e-01   1.3203e+02   3.7489e+01   3.1737e-01   3.2106e-01   3.3773e+02
20260525_04:00:00   6.6476e-01   1.3643e+02   3.8194e+01   3.4019e-01   5.3493e-01   3.3764e+02
20260525_05:00:00   1.0207e+00   1.7834e+02   3.8830e+01   7.3665e-01   6.4051e-01   3.3555e+02
20260525_06:00:00   9.9886e-01   1.7664e+02   3.8615e+01   7.1954e-01   3.7964e-01   3.3353e+02
20260525_07:00:00   9.5559e-01   1.7262e+02   3.8203e+01   6.8106e-01   8.2858e-02   3.3091e+02
20260525_08:00:00   1.1686e+00   1.9343e+02   3.8580e+01   9.2632e-01   6.5493e-02   3.3043e+02
20260525_09:00:00   1.2878e+00   2.0495e+02   3.9592e+01   1.0807e+00   4.7344e-02   3.3007e+02
20260525_10:00:00   1.4729e+00   2.1851e+02   3.9918e+01   1.3039e+00   1.5336e-01   3.3032e+02
20260525_11:00:00   1.0300e+00   1.8322e+02   3.9278e+01   7.9556e-01   5.6593e-02   3.2984e+02
20260525_12:00:00   1.7791e+00   2.3369e+02   4.0052e+01   1.6273e+00   5.3628e-01   3.3082e+02
20260525_13:00:00   1.0890e+00   1.8711e+02   3.9587e+01   8.3243e-01   3.2617e-01   3.3040e+02
20260525_14:00:00   1.2823e+00   2.0340e+02   3.9482e+01   1.0564e+00   2.0269e-01   3.3003e+02
20260525_15:00:00   9.0867e-01   1.6874e+02   3.9559e+01   6.2255e-01   1.5381e-01   3.2822e+02
20260525_16:00:00   1.3155e+00   2.0560e+02   3.9759e+01   1.0875e+00   3.0319e-02   3.2596e+02
20260525_17:00:00   9.9459e-01   1.7656e+02   3.9422e+01   7.0878e-01   1.1853e-02   3.2533e+02
20260525_18:00:00   1.0566e+00   1.8221e+02   3.9118e+01   7.7767e-01   7.9710e-03   3.2534e+02
20260525_19:00:00   1.1230e+00   1.8833e+02   3.9803e+01   8.4648e-01   1.0665e-01   3.2445e+02
20260525_20:00:00   1.0832e+00   1.8501e+02   3.9880e+01   8.0221e-01   1.2161e-01   3.2369e+02
20260525_21:00:00   1.0312e+00   1.7989e+02   3.9698e+01   7.4489e-01   3.8931e-02   3.2302e+02
20260525_22:00:00   6.2483e-01   1.3096e+02   3.9569e+01   2.8176e-01   3.1292e-02   3.2272e+02
20260525_23:00:00   7.2127e-01   1.4429e+02   3.9012e+01   3.9829e-01   1.4607e-02   3.2216e+02
20260526_00:00:00   7.4949e-01   1.4783e+02   3.8833e+01   4.3262e-01   4.4284e-02   3.2138e+02
20260526_01:00:00   7.2690e-01   1.4481e+02   3.8918e+01   4.0526e-01   4.1371e-02   3.2075e+02
20260526_02:00:00   5.0204e-01   1.1172e+02   3.8840e+01   1.5076e-01   8.9713e-02   3.2024e+02
20260526_03:00:00   4.7892e-01   1.0794e+02   3.8831e+01   1.2531e-01   2.4958e-01   3.2115e+02
20260526_04:00:00   6.2324e-01   1.3092e+02   3.8475e+01   2.9859e-01   2.1780e-01   3.2070e+02
20260526_05:00:00   5.7486e-01   1.2381e+02   3.8210e+01   2.4893e-01   8.1501e-02   3.2191e+02
20260526_06:00:00   9.3919e-01   1.7161e+02   3.9299e+01   6.6309e-01   1.7784e-01   3.2336e+02
20260526_07:00:00   1.1867e+00   1.9518e+02   3.9274e+01   9.4741e-01   3.1513e-01   3.2206e+02
20260526_08:00:00   9.1387e-01   1.6881e+02   3.9539e+01   6.2856e-01   2.7957e-01   3.2198e+02
20260526_09:00:00   1.0039e+00   1.7759e+02   3.9479e+01   7.2371e-01   2.6960e-01   3.2192e+02
20260526_10:00:00   1.1280e+00   1.8886e+02   3.9300e+01   8.6190e-01   2.8163e-01   3.2129e+02
20260526_11:00:00   1.1851e+00   1.9405e+02   3.9344e+01   9.2986e-01   3.8448e-01   3.2178e+02
20260526_12:00:00   8.6896e-01   1.6273e+02   3.9075e+01   5.6903e-01   3.5873e-01   3.2559e+02
20260526_13:00:00   8.1494e-01   1.5621e+02   3.8700e+01   5.0852e-01   2.1228e-01   3.2625e+02
20260526_14:00:00   6.0639e-01   1.2844e+02   3.7903e+01   2.8068e-01   9.9932e-02   3.2391e+02
20260526_15:00:00   5.5867e-01   1.2110e+02   3.7377e+01   2.3142e-01   3.5608e-02   3.2274e+02
20260526_16:00:00   4.5385e-01   1.0369e+02   3.7039e+01   1.1411e-01   3.3100e-02   3.2384e+02
20260526_17:00:00   3.7992e-01   9.0722e+01   3.6649e+01   3.4723e-02   1.9012e-02   3.2548e+02
20260526_18:00:00   3.5780e-01   8.6648e+01   3.6294e+01   1.3722e-02   2.3325e-02   3.2731e+02
20260526_19:00:00   3.5044e-01   8.5283e+01   3.5902e+01   9.3248e-03   1.4778e-02   3.2708e+02
20260526_20:00:00   3.6654e-01   8.8493e+01   3.6543e+01   2.1518e-02   1.0862e-02   3.2634e+02
20260526_21:00:00   3.5635e-01   8.6444e+01   3.7052e+01   3.3107e-03   1.3086e-02   3.2694e+02
20260526_22:00:00   3.5218e-01   8.5612e+01   3.6970e+01   7.4143e-04   2.5904e-02   3.2720e+02
20260526_23:00:00   3.4833e-01   8.4833e+01   3.6764e+01   1.2550e-04   3.1558e-02   3.2709e+02
20260527_00:00:00   3.4363e-01   8.3846e+01   3.6415e+01   0.0000e+00   9.7590e-03   3.2629e+02
20260527_01:00:00   3.3536e-01   8.2138e+01   3.5492e+01   0.0000e+00   1.0794e-02   3.2568e+02
20260527_02:00:00   3.2747e-01   8.0541e+01   3.4731e+01   0.0000e+00   4.9489e-02   3.2459e+02
20260527_03:00:00   3.2484e-01   7.9993e+01   3.4481e+01   0.0000e+00   7.3691e-02   3.2521e+02
20260527_04:00:00   3.2558e-01   8.0106e+01   3.4632e+01   0.0000e+00   3.3352e-02   3.2589e+02
20260527_05:00:00   3.3141e-01   8.1190e+01   3.5243e+01   0.0000e+00   3.6297e-02   3.2690e+02
20260527_06:00:00   3.3533e-01   8.1920e+01   3.5524e+01   0.0000e+00   1.8430e-02   3.2794e+02
20260527_07:00:00   3.3555e-01   8.1920e+01   3.5428e+01   0.0000e+00   1.7549e-02   3.3096e+02
20260527_08:00:00   3.4344e-01   8.3380e+01   3.5596e+01   7.4400e-03   3.7656e-02   3.3342e+02
20260527_09:00:00   4.2896e-01   9.9062e+01   3.6351e+01   9.6266e-02   1.4826e-01   3.3166e+02
20260527_10:00:00   5.0947e-01   1.1289e+02   3.6956e+01   1.8274e-01   1.5805e-01   3.2997e+02
20260527_11:00:00   7.7997e-01   1.5148e+02   3.7173e+01   4.8824e-01   4.5385e-02   3.2707e+02
20260527_12:00:00   8.9933e-01   1.6563e+02   3.7533e+01   6.1960e-01   6.9660e-02   3.2562e+02
20260527_13:00:00   1.0310e+00   1.7893e+02   3.8065e+01   7.5646e-01   3.4475e-01   3.2463e+02
20260527_14:00:00   9.9536e-01   1.7557e+02   3.7733e+01   7.2230e-01   3.2960e-01   3.2350e+02
20260527_15:00:00   6.3756e-01   1.3243e+02   3.7358e+01   3.2088e-01   2.3428e-01   3.2243e+02
20260527_16:00:00   4.2206e-01   9.8030e+01   3.5431e+01   9.9685e-02   8.6174e-02   3.2344e+02
20260527_17:00:00   3.0881e-01   7.6710e+01   3.2528e+01   4.9987e-03   6.9997e-02   3.2476e+02
20260527_18:00:00   2.9849e-01   7.4714e+01   3.1755e+01   5.0582e-03   8.6758e-02   3.2422e+02
20260527_21:00:00   2.9090e-01   7.3272e+01   3.1367e+01   3.4967e-03   4.1895e-02   3.2804e+02
20260528_00:00:00   3.0452e-01   7.5952e+01   3.2634e+01   0.0000e+00   5.3962e-02   3.2930e+02
20260528_03:00:00   5.7989e-01   1.2353e+02   3.4427e+01   2.9696e-01   9.0828e-02   3.2594e+02
20260528_06:00:00   6.4618e-01   1.3381e+02   3.7444e+01   3.3633e-01   2.3008e-01   3.3008e+02
20260528_09:00:00   6.1667e-01   1.2935e+02   3.7509e+01   2.9557e-01   2.7184e-01   3.3525e+02
20260528_12:00:00   1.0357e+00   1.8049e+02   3.8404e+01   7.6918e-01   1.5358e-01   3.3952e+02
20260528_15:00:00   8.5072e-01   1.6286e+02   3.6072e+01   6.0807e-01   1.7118e-02   3.4042e+02
20260528_18:00:00   6.5060e-01   1.3591e+02   3.6232e+01   3.6528e-01   2.3972e-03   3.3899e+02
20260528_21:00:00   4.5814e-01   1.0486e+02   3.4845e+01   1.4512e-01   7.8579e-05   3.3981e+02
20260529_00:00:00   2.9722e-01   7.4173e+01   3.0228e+01   6.2260e-03   7.4241e-05   3.3842e+02
20260529_03:00:00   2.9824e-01   7.4325e+01   2.7564e+01   3.6500e-02   2.4823e-03   3.4002e+02
20260529_06:00:00   2.4036e-01   6.1899e+01   2.3862e+01   0.0000e+00   2.2461e-02   3.3659e+02
20260529_09:00:00   2.9655e-01   7.3603e+01   2.3424e+01   6.6245e-02   4.5827e-02   3.4123e+02
20260529_12:00:00   2.5896e-01   6.5644e+01   1.9760e+01   6.4078e-02   4.0172e-02   3.4470e+02
20260529_15:00:00   1.5830e-01   4.3101e+01   1.5099e+01   5.0670e-04   1.4805e-01   3.4233e+02
20260529_18:00:00   1.5033e-01   4.1306e+01   1.4509e+01   8.5240e-05   1.0719e-01   3.3974e+02
20260529_21:00:00   1.7743e-01   4.7755e+01   1.7782e+01   1.7520e-03   3.7568e-02   3.3830e+02
20260530_00:00:00   2.5894e-01   6.5834e+01   2.2890e+01   3.0052e-02   7.3541e-03   3.3913e+02
20260530_03:00:00   2.4287e-01   6.2138e+01   2.2430e+01   1.5946e-02   4.7168e-02   3.4597e+02
20260530_06:00:00   2.4089e-01   6.1653e+01   2.2376e+01   1.0262e-02   5.7334e-02   3.4583e+02
20260530_09:00:00   2.2848e-01   5.8950e+01   2.1403e+01   1.8838e-03   9.7444e-03   3.4927e+02
20260530_12:00:00   2.8836e-01   7.1936e+01   2.0757e+01   7.4367e-02   6.5736e-03   3.5106e+02
20260530_15:00:00   2.6004e-01   6.5927e+01   2.0618e+01   4.5393e-02   3.2465e-02   3.5095e+02
20260530_18:00:00   3.6057e-01   8.6296e+01   2.3169e+01   1.4056e-01   6.1621e-02   3.5221e+02
20260530_21:00:00   3.0645e-01   7.5266e+01   2.4653e+01   6.4772e-02   1.3655e-01   3.5283e+02
20260531_00:00:00   3.9705e-01   9.2753e+01   2.4922e+01   1.6732e-01   6.7850e-03   3.5179e+02
20260531_03:00:00   2.8312e-01   7.0338e+01   2.3291e+01   5.1935e-02   1.6141e-02   3.5097e+02
20260531_06:00:00   2.9329e-01   7.1966e+01   2.3330e+01   6.6858e-02   5.2943e-03   3.4833e+02
20260531_09:00:00   7.5985e-01   1.4781e+02   2.2691e+01   5.9714e-01   1.6162e-02   3.4732e+02
20260531_12:00:00   6.0991e-01   1.2715e+02   2.1018e+01   4.3911e-01   1.1814e-02   3.5398e+02
20260531_15:00:00   6.5133e-01   1.3260e+02   2.1542e+01   4.7895e-01   1.0506e-02   3.7049e+02
20260531_18:00:00   6.9697e-01   1.3887e+02   2.1250e+01   5.3411e-01   2.5757e-02   3.7228e+02
20260531_21:00:00   5.8055e-01   1.2324e+02   2.0506e+01   4.1465e-01   5.4300e-05   3.6479e+02
20260601_00:00:00   3.5119e-01   8.3494e+01   1.9193e+01   1.6336e-01   1.3916e-06   3.6817e+02
20260601_03:00:00   4.6495e-01   1.0391e+02   1.8158e+01   2.9619e-01   1.0072e-03   3.7352e+02
20260601_06:00:00   2.3232e-01   5.9207e+01   1.6229e+01   4.9243e-02   3.6618e-03   3.7771e+02
20260601_09:00:00   2.3897e-01   6.0609e+01   1.5539e+01   6.6272e-02   3.2220e-06   3.8191e+02
20260601_12:00:00   2.5619e-01   6.4265e+01   1.5570e+01   8.6254e-02   1.1771e-04   3.8449e+02
20260601_15:00:00   6.2112e-01   1.2893e+02   1.6426e+01   4.9342e-01   5.3965e-04   3.8448e+02
20260601_18:00:00   2.7937e-01   6.8812e+01   1.6798e+01   1.0050e-01   5.1449e-03   3.8376e+02
20260601_21:00:00   1.9250e-01   5.0374e+01   1.7414e+01   1.0640e-03   5.2316e-06   3.8372e+02
20260602_00:00:00   2.0086e-01   5.2172e+01   1.8303e+01   0.0000e+00   1.6700e-05   3.9112e+02
20260602_03:00:00   2.0756e-01   5.3369e+01   1.9035e+01   3.5998e-05   2.7055e-03   4.0763e+02
20260602_06:00:00   2.0242e-01   5.2143e+01   1.8637e+01   7.9180e-05   1.8135e-03   4.1814e+02
20260602_09:00:00   1.9799e-01   5.1055e+01   1.8299e+01   0.0000e+00   2.4249e-01   4.1752e+02
20260602_12:00:00   1.9317e-01   5.0111e+01   1.7694e+01   0.0000e+00   1.7401e-04   4.1523e+02
20260602_15:00:00   2.0294e-01   5.2443e+01   1.7667e+01   1.2896e-02   7.2556e-05   4.1416e+02
20260602_18:00:00   8.2038e-01   1.5339e+02   2.0332e+01   6.7911e-01   3.7646e-02   4.1164e+02
20260602_21:00:00   4.6886e-01   1.0397e+02   2.0899e+01   2.7930e-01   1.0900e-01   4.1092e+02
20260603_00:00:00   2.3131e-01   5.8534e+01   2.0145e+01   1.9874e-02   1.2037e-02   4.1028e+02
20260603_03:00:00   3.4427e-01   8.1525e+01   1.9225e+01   1.5700e-01   4.1651e-02   4.0717e+02
20260603_06:00:00   2.1110e-01   5.4062e+01   1.8276e+01   1.5076e-02   2.6052e-02   4.1154e+02
20260603_09:00:00   3.4964e-01   8.2206e+01   1.8045e+01   1.7040e-01   1.5448e-02   4.1540e+02
20260603_12:00:00   2.3224e-01   5.8678e+01   1.7481e+01   4.2021e-02   5.1551e-03   4.1854e+02
20260603_15:00:00   1.9999e-01   5.1768e+01   1.8558e+01   0.0000e+00   5.0062e-02   4.1315e+02
20260603_18:00:00   2.4633e-01   6.1974e+01   2.1041e+01   2.8251e-02   4.1908e-02   4.0963e+02
20260603_21:00:00   2.7249e-01   6.7466e+01   2.1628e+01   5.3760e-02   1.1093e-01   4.0491e+02
20260604_00:00:00   2.1120e-01   5.4472e+01   2.0196e+01   0.0000e+00   7.6720e-05   4.0354e+02
20260604_03:00:00   2.0224e-01   5.2460e+01   1.8918e+01   0.0000e+00   3.7200e-04   3.9174e+02
20260604_06:00:00   1.8940e-01   4.9628e+01   1.7608e+01   0.0000e+00   0.0000e+00   3.7955e+02
20260604_09:00:00   1.7455e-01   4.6280e+01   1.5908e+01   0.0000e+00   0.0000e+00   3.7019e+02
20260604_12:00:00   1.6982e-01   4.5389e+01   1.5227e+01   0.0000e+00   0.0000e+00   3.6828e+02
20260604_15:00:00   1.6772e-01   4.5117e+01   1.5402e+01   0.0000e+00   0.0000e+00   3.6630e+02
20260604_18:00:00   1.7265e-01   4.6519e+01   1.6339e+01   0.0000e+00   0.0000e+00   3.6599e+02
20260604_21:00:00   1.8839e-01   5.0317e+01   1.8102e+01   1.1268e-04   0.0000e+00   3.6039e+02
20260605_00:00:00   2.0005e-01   5.3145e+01   1.8601e+01   0.0000e+00   0.0000e+00   3.5511e+02
20260605_03:00:00   1.8384e-01   4.9295e+01   1.6498e+01   0.0000e+00   0.0000e+00   3.4856e+02
20260605_06:00:00   1.7999e-01   4.8365e+01   1.5988e+01   0.0000e+00   0.0000e+00   3.5039e+02
20260605_09:00:00   1.8781e-01   5.0138e+01   1.6728e+01   0.0000e+00   0.0000e+00   3.5592e+02
20260605_12:00:00   1.9017e-01   5.0837e+01   1.7032e+01   0.0000e+00   0.0000e+00   3.5657e+02
20260605_15:00:00   1.9494e-01   5.2133e+01   1.7845e+01   1.2080e-04   1.2318e-04   3.5491e+02
20260605_18:00:00   2.0483e-01   5.4444e+01   1.8951e+01   9.8882e-03   2.1960e-03   3.5708e+02
20260605_21:00:00   4.2868e-01   9.8902e+01   2.1713e+01   2.3578e-01   9.7353e-04   3.5991e+02
20260606_00:00:00   3.1617e-01   7.7951e+01   2.2345e+01   9.4482e-02   6.3820e-05   3.6128e+02
20260606_03:00:00   2.4437e-01   6.3183e+01   2.0448e+01   3.2158e-02   0.0000e+00   3.6072e+02
20260606_06:00:00   2.3571e-01   6.1255e+01   2.0291e+01   2.2546e-02   0.0000e+00   3.4860e+02
20260606_09:00:00   2.1894e-01   5.7476e+01   2.0196e+01   1.1426e-03   0.0000e+00   3.4686e+02
20260606_12:00:00   2.2459e-01   5.8901e+01   2.0848e+01   0.0000e+00   0.0000e+00   3.4088e+02
20260606_15:00:00   2.6424e-01   6.7460e+01   2.0530e+01   5.5091e-02   0.0000e+00   3.4010e+02
20260606_18:00:00   3.0664e-01   7.6249e+01   2.1799e+01   9.4380e-02   7.7820e-07   3.3874e+02
20260606_21:00:00   4.3334e-01   1.0000e+02   2.3002e+01   2.2638e-01   4.6180e-06   3.3900e+02
20260607_00:00:00   2.4430e-01   6.3539e+01   2.2406e+01   9.9920e-03   0.0000e+00   3.3629e+02
20260607_03:00:00   2.2775e-01   5.9758e+01   2.1544e+01   0.0000e+00   0.0000e+00   3.3471e+02
20260607_06:00:00   4.7147e-01   1.0700e+02   2.2418e+01   2.7084e-01   0.0000e+00   3.3206e+02
20260607_09:00:00   2.1884e-01   5.7603e+01   2.0674e+01   0.0000e+00   0.0000e+00   3.3081e+02
20260607_12:00:00   2.5111e-01   6.4702e+01   2.4437e+01   3.0460e-03   4.4257e-04   3.2775e+02
20260607_15:00:00   2.9454e-01   7.3806e+01   2.8848e+01   1.4556e-02   1.7512e-04   3.2782e+02
20260607_18:00:00   5.1948e-01   1.1458e+02   3.4888e+01   2.2031e-01   1.0104e-02   3.2684e+02
