#            date       tau255        Tb[K]      pwv[mm] lwp[kg*m^-2] iwp[kg*m^-2]       o3[DU]
20260702_00:00:00   2.7805e-01   7.2565e+01   2.8768e+01   0.0000e+00   0.0000e+00   3.2650e+02
20260702_01:00:00   2.6655e-01   6.9933e+01   2.7314e+01   0.0000e+00   0.0000e+00   3.2677e+02
20260702_02:00:00   2.6207e-01   6.8874e+01   2.6570e+01   0.0000e+00   0.0000e+00   3.2686e+02
20260702_03:00:00   2.5862e-01   6.8048e+01   2.6078e+01   0.0000e+00   0.0000e+00   3.2490e+02
20260702_04:00:00   2.5429e-01   6.7067e+01   2.5581e+01   0.0000e+00   0.0000e+00   3.2353e+02
20260702_05:00:00   2.5352e-01   6.6866e+01   2.5470e+01   0.0000e+00   0.0000e+00   3.2357e+02
20260702_06:00:00   2.5103e-01   6.6272e+01   2.5284e+01   0.0000e+00   0.0000e+00   3.2495e+02
20260702_07:00:00   2.5113e-01   6.6240e+01   2.5462e+01   0.0000e+00   0.0000e+00   3.2602e+02
20260702_08:00:00   2.4673e-01   6.5225e+01   2.5017e+01   0.0000e+00   0.0000e+00   3.2586e+02
20260702_09:00:00   2.4052e-01   6.3798e+01   2.4436e+01   0.0000e+00   0.0000e+00   3.2603e+02
20260702_10:00:00   2.3886e-01   6.3376e+01   2.4327e+01   0.0000e+00   0.0000e+00   3.2698e+02
20260702_11:00:00   2.3754e-01   6.3080e+01   2.4196e+01   0.0000e+00   0.0000e+00   3.2805e+02
20260702_12:00:00   2.4182e-01   6.4148e+01   2.4624e+01   0.0000e+00   0.0000e+00   3.2908e+02
20260702_13:00:00   2.4335e-01   6.4590e+01   2.4997e+01   0.0000e+00   0.0000e+00   3.2688e+02
20260702_14:00:00   2.4168e-01   6.4282e+01   2.5122e+01   0.0000e+00   0.0000e+00   3.2640e+02
20260702_15:00:00   2.4560e-01   6.5182e+01   2.6061e+01   0.0000e+00   0.0000e+00   3.2667e+02
20260702_16:00:00   2.3808e-01   6.3498e+01   2.5729e+01   0.0000e+00   0.0000e+00   3.2757e+02
20260702_17:00:00   2.4329e-01   6.4655e+01   2.6649e+01   0.0000e+00   0.0000e+00   3.2938e+02
20260702_18:00:00   2.4521e-01   6.5089e+01   2.7125e+01   0.0000e+00   0.0000e+00   3.2931e+02
20260702_19:00:00   2.4389e-01   6.4811e+01   2.7184e+01   0.0000e+00   0.0000e+00   3.2861e+02
20260702_20:00:00   2.4354e-01   6.4756e+01   2.7302e+01   0.0000e+00   0.0000e+00   3.2751e+02
20260702_21:00:00   2.4503e-01   6.5097e+01   2.7550e+01   0.0000e+00   0.0000e+00   3.2686e+02
20260702_22:00:00   2.4823e-01   6.5941e+01   2.7722e+01   0.0000e+00   0.0000e+00   3.2644e+02
20260702_23:00:00   2.5435e-01   6.7436e+01   2.7896e+01   0.0000e+00   0.0000e+00   3.2533e+02
20260703_00:00:00   2.6147e-01   6.9011e+01   2.8020e+01   0.0000e+00   0.0000e+00   3.2491e+02
20260703_01:00:00   2.6413e-01   6.9486e+01   2.8053e+01   0.0000e+00   0.0000e+00   3.2317e+02
20260703_02:00:00   2.6457e-01   6.9539e+01   2.7925e+01   0.0000e+00   0.0000e+00   3.2397e+02
20260703_03:00:00   2.6368e-01   6.9317e+01   2.7684e+01   0.0000e+00   0.0000e+00   3.2279e+02
20260703_04:00:00   2.6085e-01   6.8675e+01   2.7248e+01   0.0000e+00   0.0000e+00   3.2136e+02
20260703_05:00:00   2.6284e-01   6.9058e+01   2.7452e+01   0.0000e+00   0.0000e+00   3.2049e+02
20260703_06:00:00   2.6381e-01   6.9230e+01   2.7562e+01   0.0000e+00   0.0000e+00   3.2029e+02
20260703_07:00:00   2.5845e-01   6.8011e+01   2.7065e+01   0.0000e+00   0.0000e+00   3.2036e+02
20260703_08:00:00   2.4515e-01   6.5005e+01   2.5732e+01   0.0000e+00   0.0000e+00   3.2035e+02
20260703_09:00:00   2.4221e-01   6.4276e+01   2.5490e+01   0.0000e+00   1.3896e-04   3.2014e+02
20260703_10:00:00   2.3781e-01   6.3243e+01   2.5028e+01   0.0000e+00   9.6294e-04   3.1950e+02
20260703_11:00:00   2.3603e-01   6.2838e+01   2.4861e+01   0.0000e+00   3.0495e-03   3.1990e+02
20260703_12:00:00   2.3639e-01   6.2988e+01   2.4877e+01   0.0000e+00   5.3779e-03   3.2013e+02
20260703_13:00:00   2.3220e-01   6.2104e+01   2.4611e+01   0.0000e+00   3.5648e-03   3.2002e+02
20260703_14:00:00   2.2839e-01   6.1305e+01   2.4359e+01   0.0000e+00   6.8540e-04   3.2117e+02
20260703_15:00:00   2.4137e-01   6.4304e+01   2.5965e+01   0.0000e+00   1.0738e-05   3.2131e+02
20260703_16:00:00   2.5043e-01   6.6332e+01   2.7291e+01   0.0000e+00   0.0000e+00   3.1904e+02
20260703_17:00:00   2.5751e-01   6.7871e+01   2.8385e+01   0.0000e+00   0.0000e+00   3.1573e+02
20260703_18:00:00   2.6709e-01   6.9864e+01   2.9701e+01   0.0000e+00   0.0000e+00   3.1420e+02
20260703_19:00:00   2.7970e-01   7.2326e+01   3.0203e+01   1.4358e-02   4.9860e-05   3.1486e+02
20260703_20:00:00   3.4720e-01   8.5589e+01   3.0382e+01   9.1897e-02   3.0238e-04   3.1550e+02
20260703_21:00:00   3.8398e-01   9.2319e+01   3.0081e+01   1.3776e-01   3.2682e-02   3.1534e+02
20260703_22:00:00   6.3946e-01   1.3431e+02   3.5251e+01   3.7766e-01   1.7779e-01   3.1507e+02
20260703_23:00:00   3.9202e-01   9.4321e+01   3.6563e+01   7.4787e-02   2.0796e-01   3.1483e+02
20260704_00:00:00   4.5629e-01   1.0538e+02   3.5462e+01   1.5665e-01   6.3580e-02   3.1590e+02
20260704_01:00:00   3.5418e-01   8.6955e+01   3.5855e+01   2.6066e-02   1.9060e-02   3.1627e+02
20260704_02:00:00   3.4142e-01   8.4261e+01   3.3199e+01   4.5519e-02   5.2045e-03   3.1413e+02
20260704_03:00:00   3.1354e-01   7.8619e+01   3.1843e+01   3.3002e-02   1.2368e-03   3.1683e+02
20260704_04:00:00   2.9830e-01   7.5529e+01   3.1592e+01   2.0477e-02   3.5012e-03   3.1546e+02
20260704_05:00:00   3.1645e-01   7.9164e+01   3.3300e+01   2.0940e-02   5.9175e-03   3.1487e+02
20260704_06:00:00   2.9934e-01   7.5738e+01   3.3607e+01   0.0000e+00   7.9634e-03   3.1397e+02
20260704_07:00:00   2.9986e-01   7.5788e+01   3.3984e+01   0.0000e+00   7.8819e-03   3.1321e+02
20260704_08:00:00   2.9734e-01   7.5276e+01   3.3792e+01   0.0000e+00   1.8259e-02   3.1387e+02
20260704_09:00:00   3.0265e-01   7.6322e+01   3.4449e+01   0.0000e+00   7.7820e-07   3.1225e+02
20260704_10:00:00   3.0636e-01   7.7065e+01   3.4657e+01   1.0950e-03   4.4817e-03   3.1099e+02
20260704_11:00:00   3.6067e-01   8.7634e+01   3.6058e+01   4.8308e-02   1.4660e-02   3.1125e+02
20260704_12:00:00   3.4028e-01   8.3865e+01   3.6568e+01   1.8900e-02   4.1708e-04   3.1099e+02
20260704_13:00:00   2.8790e-01   7.3503e+01   3.2425e+01   0.0000e+00   2.9020e-05   3.1096e+02
20260704_14:00:00   2.7171e-01   7.0204e+01   3.0728e+01   0.0000e+00   4.2700e-05   3.1135e+02
20260704_15:00:00   2.5834e-01   6.7501e+01   2.9033e+01   0.0000e+00   5.3700e-06   3.1010e+02
20260704_16:00:00   2.6474e-01   6.9001e+01   2.9643e+01   0.0000e+00   1.2104e-04   3.1131e+02
20260704_17:00:00   2.7324e-01   7.0847e+01   3.0632e+01   0.0000e+00   1.0740e-04   3.1267e+02
20260704_18:00:00   2.7950e-01   7.2130e+01   3.1636e+01   0.0000e+00   2.8953e-04   3.1265e+02
20260704_19:00:00   2.9453e-01   7.5235e+01   3.2306e+01   1.0860e-02   3.4910e-04   3.1237e+02
20260704_20:00:00   3.0129e-01   7.6639e+01   3.1940e+01   2.1625e-02   7.2580e-05   3.1287e+02
20260704_21:00:00   2.7349e-01   7.1003e+01   3.0806e+01   1.3916e-05   0.0000e+00   3.1388e+02
20260704_22:00:00   2.7303e-01   7.0965e+01   3.0678e+01   0.0000e+00   0.0000e+00   3.1331e+02
20260704_23:00:00   2.7302e-01   7.0861e+01   3.0861e+01   0.0000e+00   0.0000e+00   3.1224e+02
20260705_00:00:00   2.9538e-01   7.5313e+01   3.3562e+01   2.0220e-04   5.8060e-05   3.1141e+02
20260705_01:00:00   3.2577e-01   8.1361e+01   3.6658e+01   1.0020e-03   2.5882e-04   3.1272e+02
20260705_02:00:00   3.9588e-01   9.4661e+01   3.8565e+01   5.3199e-02   7.1952e-04   3.1452e+02
20260705_03:00:00   4.0883e-01   9.7053e+01   3.8914e+01   6.5948e-02   5.6586e-05   3.1343e+02
20260705_04:00:00   3.4686e-01   8.5398e+01   3.8577e+01   6.1559e-04   2.3614e-04   3.1358e+02
20260705_05:00:00   3.3972e-01   8.3860e+01   3.7969e+01   0.0000e+00   1.8973e-04   3.1377e+02
20260705_06:00:00   3.6037e-01   8.7716e+01   3.7817e+01   2.4122e-02   3.0977e-03   3.1203e+02
20260705_07:00:00   3.8150e-01   9.1633e+01   3.7797e+01   4.6867e-02   8.6849e-04   3.1012e+02
20260705_08:00:00   3.3701e-01   8.3245e+01   3.7189e+01   1.7516e-03   3.2966e-05   3.0991e+02
20260705_09:00:00   3.3146e-01   8.2125e+01   3.6726e+01   0.0000e+00   1.2612e-05   3.1228e+02
20260705_10:00:00   3.2606e-01   8.0982e+01   3.6278e+01   0.0000e+00   1.0464e-05   3.1206e+02
20260705_11:00:00   3.1778e-01   7.9337e+01   3.5629e+01   0.0000e+00   4.1748e-06   3.1311e+02
20260705_12:00:00   3.1523e-01   7.8919e+01   3.5552e+01   0.0000e+00   1.4818e-04   3.1226e+02
20260705_13:00:00   3.0240e-01   7.6418e+01   3.4433e+01   0.0000e+00   2.3442e-04   3.1290e+02
20260705_14:00:00   3.0271e-01   7.6550e+01   3.4543e+01   0.0000e+00   2.1424e-04   3.1324e+02
20260705_15:00:00   3.1036e-01   7.8201e+01   3.5294e+01   0.0000e+00   7.6249e-04   3.1375e+02
20260705_16:00:00   3.1760e-01   7.9777e+01   3.6008e+01   0.0000e+00   3.6562e-04   3.1325e+02
20260705_17:00:00   3.5330e-01   8.6858e+01   3.7194e+01   2.8324e-02   1.4672e-04   3.1394e+02
20260705_18:00:00   1.2655e+00   2.0173e+02   3.9293e+01   1.0519e+00   7.2192e-03   3.1336e+02
20260705_19:00:00   1.7593e+00   2.3030e+02   4.5164e+01   1.5295e+00   4.2461e-01   3.1067e+02
20260705_20:00:00   6.5229e-01   1.3597e+02   4.2064e+01   3.0252e-01   5.0045e-01   3.1151e+02
20260705_21:00:00   6.2736e-01   1.3299e+02   4.0768e+01   2.8712e-01   8.0565e-02   3.1042e+02
20260705_22:00:00   6.9549e-01   1.4351e+02   4.2369e+01   3.5525e-01   7.3691e-02   3.1174e+02
20260705_23:00:00   5.0618e-01   1.1424e+02   4.1107e+01   1.5032e-01   3.1765e-02   3.1529e+02
20260706_00:00:00   5.6968e-01   1.2387e+02   4.0683e+01   2.2779e-01   3.1928e-02   3.1307e+02
20260706_01:00:00   6.1191e-01   1.3095e+02   4.2018e+01   2.5828e-01   2.1835e-02   3.1395e+02
20260706_02:00:00   9.7232e-01   1.7421e+02   4.4282e+01   6.3620e-01   2.3097e-02   3.1536e+02
20260706_03:00:00   8.1420e-01   1.5620e+02   4.4169e+01   4.5766e-01   2.0564e-01   3.1375e+02
20260706_04:00:00   8.9708e-01   1.6607e+02   4.4037e+01   5.5427e-01   4.0615e-01   3.1292e+02
20260706_05:00:00   4.7444e-01   1.0812e+02   4.1439e+01   1.0982e-01   3.7394e-01   3.1227e+02
20260706_06:00:00   3.4066e-01   8.3828e+01   3.8267e+01   3.7960e-04   2.5341e-01   3.1259e+02
20260706_07:00:00   3.5608e-01   8.6814e+01   3.9054e+01   5.6080e-03   9.5172e-02   3.1157e+02
20260706_08:00:00   3.8715e-01   9.2665e+01   3.9760e+01   3.1147e-02   4.7633e-03   3.1207e+02
20260706_09:00:00   3.6299e-01   8.8137e+01   3.9575e+01   4.6780e-03   2.2806e-02   3.1338e+02
20260706_10:00:00   3.5824e-01   8.7217e+01   3.9474e+01   2.7840e-04   1.8625e-02   3.1608e+02
20260706_11:00:00   3.5824e-01   8.7235e+01   3.9513e+01   1.3916e-05   1.0287e-02   3.1636e+02
20260706_12:00:00   3.6231e-01   8.8130e+01   3.9802e+01   1.3916e-05   2.3069e-03   3.1830e+02
20260706_13:00:00   3.5799e-01   8.7394e+01   3.9439e+01   0.0000e+00   1.8397e-03   3.1920e+02
20260706_14:00:00   3.5235e-01   8.6401e+01   3.9085e+01   0.0000e+00   1.0488e-03   3.1721e+02
20260706_15:00:00   3.5328e-01   8.6675e+01   3.9416e+01   1.7182e-04   2.3915e-03   3.1389e+02
20260706_16:00:00   3.6621e-01   8.9231e+01   4.0530e+01   3.8804e-03   1.0306e-02   3.1236e+02
20260706_17:00:00   3.9894e-01   9.5377e+01   4.1681e+01   3.0341e-02   1.3765e-02   3.1145e+02
20260706_18:00:00   5.7308e-01   1.2491e+02   4.2618e+01   2.2222e-01   2.1141e-02   3.1222e+02
20260706_19:00:00   4.5784e-01   1.0618e+02   4.3308e+01   7.6435e-02   6.8982e-03   3.1124e+02
20260706_20:00:00   3.9228e-01   9.4641e+01   4.2168e+01   1.6080e-02   5.6305e-05   3.0922e+02
20260706_21:00:00   5.0092e-01   1.1427e+02   4.3520e+01   1.2976e-01   3.5237e-04   3.0992e+02
20260706_22:00:00   7.2707e-01   1.4759e+02   4.4007e+01   3.8123e-01   3.8461e-02   3.1014e+02
20260706_23:00:00   4.8155e-01   1.0991e+02   4.4301e+01   7.8951e-02   3.1329e-01   3.1019e+02
20260707_00:00:00   3.9773e-01   9.5103e+01   4.2294e+01   3.0671e-03   2.5628e-01   3.1035e+02
20260707_03:00:00   3.7272e-01   9.0068e+01   4.1015e+01   0.0000e+00   1.7862e-02   3.1049e+02
20260707_06:00:00   3.7568e-01   9.0623e+01   4.0919e+01   3.0340e-04   2.0475e-02   3.0978e+02
20260707_09:00:00   4.0625e-01   9.6267e+01   4.1018e+01   2.7834e-02   1.7662e-03   3.1460e+02
20260707_12:00:00   3.3110e-01   8.2340e+01   3.4143e+01   1.6836e-03   3.4780e-06   3.2280e+02
20260707_15:00:00   3.1285e-01   7.8974e+01   3.2172e+01   3.1346e-03   2.5178e-03   3.2445e+02
20260707_18:00:00   3.1416e-01   7.9039e+01   3.3080e+01   1.5980e-02   2.3790e-03   3.2267e+02
20260707_21:00:00   3.8909e-01   9.3739e+01   3.4746e+01   8.0198e-02   2.1981e-05   3.2738e+02
20260708_00:00:00   3.0819e-01   7.7747e+01   3.1712e+01   9.9345e-03   0.0000e+00   3.2565e+02
20260708_03:00:00   2.7620e-01   7.0964e+01   2.7319e+01   4.0160e-03   8.6412e-05   3.3109e+02
20260708_06:00:00   2.9795e-01   7.5428e+01   2.9397e+01   0.0000e+00   0.0000e+00   3.3122e+02
20260708_09:00:00   3.3047e-01   8.1880e+01   3.2973e+01   4.2250e-05   9.1600e-04   3.2873e+02
20260708_12:00:00   3.1206e-01   7.8455e+01   2.9423e+01   2.2732e-03   5.7676e-03   3.2721e+02
20260708_15:00:00   3.0653e-01   7.7442e+01   3.0021e+01   1.5612e-03   0.0000e+00   3.2477e+02
20260708_18:00:00   3.3315e-01   8.2804e+01   3.3096e+01   8.2546e-03   0.0000e+00   3.2470e+02
20260708_21:00:00   5.1653e-01   1.1608e+02   3.8553e+01   1.5909e-01   0.0000e+00   3.2616e+02
20260709_00:00:00   3.1688e-01   7.9534e+01   3.1889e+01   0.0000e+00   2.0120e-05   3.3021e+02
20260709_03:00:00   3.2266e-01   8.0487e+01   3.2040e+01   0.0000e+00   9.4215e-04   3.2912e+02
20260709_06:00:00   3.2572e-01   8.1033e+01   3.2016e+01   0.0000e+00   0.0000e+00   3.3467e+02
20260709_09:00:00   3.1586e-01   7.9032e+01   3.0652e+01   4.4233e-03   0.0000e+00   3.3911e+02
20260709_12:00:00   3.2583e-01   8.1236e+01   2.9586e+01   2.4899e-02   0.0000e+00   3.4105e+02
20260709_15:00:00   3.1313e-01   7.8827e+01   3.0308e+01   3.2590e-03   0.0000e+00   3.3734e+02
20260709_18:00:00   4.2125e-01   1.0014e+02   3.1298e+01   1.2948e-01   0.0000e+00   3.3234e+02
20260709_21:00:00   5.0755e-01   1.1528e+02   3.1777e+01   2.2824e-01   0.0000e+00   3.2862e+02
20260710_00:00:00   3.1565e-01   7.9687e+01   3.1387e+01   9.7320e-04   0.0000e+00   3.3002e+02
20260710_03:00:00   2.9242e-01   7.4635e+01   2.8945e+01   0.0000e+00   0.0000e+00   3.3038e+02
20260710_06:00:00   2.7359e-01   7.0556e+01   2.6435e+01   0.0000e+00   0.0000e+00   3.2601e+02
20260710_09:00:00   2.6118e-01   6.7876e+01   2.5193e+01   0.0000e+00   0.0000e+00   3.2134e+02
20260710_12:00:00   2.7348e-01   7.0639e+01   2.6455e+01   0.0000e+00   0.0000e+00   3.2236e+02
20260710_15:00:00   2.6006e-01   6.8026e+01   2.5832e+01   0.0000e+00   5.3700e-06   3.2039e+02
20260710_18:00:00   2.6185e-01   6.8497e+01   2.7076e+01   0.0000e+00   8.3360e-05   3.1814e+02
20260710_21:00:00   2.4253e-01   6.4297e+01   2.5059e+01   0.0000e+00   2.9740e-05   3.1808e+02
20260711_00:00:00   2.8487e-01   7.3653e+01   2.8104e+01   5.8920e-03   1.0170e-05   3.1562e+02
20260711_03:00:00   3.1685e-01   8.0282e+01   3.1756e+01   0.0000e+00   7.4840e-06   3.1481e+02
20260711_06:00:00   3.7091e-01   9.0758e+01   3.8394e+01   0.0000e+00   6.7625e-03   3.1360e+02
20260711_09:00:00   6.6664e-01   1.3817e+02   4.3286e+01   3.0003e-01   9.3780e-02   3.1209e+02
20260711_12:00:00   5.2623e-01   1.1896e+02   4.3346e+01   1.6498e-01   1.3484e-01   3.1170e+02
20260711_15:00:00   4.5692e-01   1.0675e+02   4.2235e+01   7.9424e-02   1.2584e-02   3.1104e+02
20260711_18:00:00   3.6477e-01   8.9816e+01   3.9532e+01   1.6376e-03   3.6665e-03   3.1036e+02
20260711_21:00:00   3.6901e-01   9.0757e+01   3.9606e+01   4.3238e-03   1.7778e-02   3.0866e+02
20260712_00:00:00   3.4875e-01   8.6629e+01   3.7070e+01   0.0000e+00   1.0751e-01   3.0617e+02
20260712_03:00:00   4.0725e-01   9.7130e+01   4.3779e+01   3.9319e-03   9.0173e-03   3.0932e+02
20260712_06:00:00   4.4666e-01   1.0388e+02   4.4732e+01   4.1306e-02   1.8433e-01   3.0776e+02
20260712_09:00:00   3.4047e-01   8.3709e+01   3.7459e+01   1.3916e-05   2.0686e-01   3.0873e+02
20260712_12:00:00   3.6039e-01   8.7863e+01   3.9096e+01   0.0000e+00   1.4326e-01   3.0870e+02
20260712_15:00:00   3.8771e-01   9.3363e+01   4.0547e+01   1.8594e-02   2.1337e-01   3.1218e+02
20260712_18:00:00   3.8972e-01   9.3809e+01   4.2292e+01   3.1401e-03   1.4761e-02   3.1039e+02
20260712_21:00:00   5.4338e-01   1.1998e+02   4.4400e+01   1.4979e-01   4.2915e-01   3.0937e+02
20260713_00:00:00   3.9584e-01   9.4940e+01   4.2728e+01   0.0000e+00   2.7351e-01   3.1145e+02
20260713_03:00:00   3.8474e-01   9.2841e+01   4.0513e+01   0.0000e+00   2.4450e-02   3.1356e+02
20260713_06:00:00   3.8918e-01   9.3499e+01   4.0672e+01   4.5888e-04   9.9288e-02   3.1492e+02
20260713_09:00:00   3.7454e-01   9.0777e+01   3.8808e+01   0.0000e+00   3.2046e-02   3.1561e+02
20260713_12:00:00   3.8223e-01   9.2266e+01   3.9034e+01   0.0000e+00   9.8496e-02   3.1622e+02
20260713_15:00:00   3.8050e-01   9.2095e+01   3.9145e+01   1.5508e-03   9.8903e-02   3.2106e+02
20260713_18:00:00   3.7184e-01   9.0672e+01   3.7205e+01   9.6966e-03   5.0880e-02   3.2007e+02
20260713_21:00:00   3.4897e-01   8.6279e+01   3.5225e+01   1.9180e-03   2.3108e-02   3.2168e+02
20260714_00:00:00   3.4251e-01   8.4814e+01   3.4069e+01   0.0000e+00   9.4550e-04   3.2456e+02
20260714_03:00:00   2.8678e-01   7.3230e+01   2.7286e+01   0.0000e+00   2.8005e-04   3.1127e+02
20260714_06:00:00   2.7839e-01   7.1296e+01   2.6112e+01   9.3320e-04   7.3079e-04   3.1082e+02
20260714_09:00:00   4.2256e-01   1.0043e+02   2.6378e+01   1.8363e-01   1.1358e-04   3.1402e+02
20260714_12:00:00   2.6283e-01   6.8018e+01   2.4931e+01   2.5518e-03   0.0000e+00   3.1388e+02
20260714_15:00:00   2.7318e-01   7.0561e+01   2.4819e+01   2.0200e-02   0.0000e+00   3.1079e+02
20260714_18:00:00   2.6639e-01   6.9266e+01   2.7053e+01   2.8894e-03   0.0000e+00   3.1053e+02
20260714_21:00:00   2.9366e-01   7.5299e+01   3.0043e+01   8.1045e-03   6.0715e-05   3.0848e+02
20260715_00:00:00   3.0796e-01   7.8157e+01   3.2740e+01   0.0000e+00   0.0000e+00   3.0640e+02
20260715_03:00:00   3.1816e-01   7.9913e+01   3.5053e+01   0.0000e+00   4.8000e-06   3.0391e+02
20260715_06:00:00   3.0811e-01   7.7904e+01   3.3594e+01   0.0000e+00   0.0000e+00   3.0416e+02
20260715_09:00:00   2.8965e-01   7.3993e+01   3.1494e+01   0.0000e+00   0.0000e+00   3.0492e+02
20260715_12:00:00   2.9164e-01   7.4499e+01   3.2164e+01   0.0000e+00   0.0000e+00   3.0746e+02
20260715_15:00:00   2.3341e-01   6.2109e+01   2.5937e+01   0.0000e+00   0.0000e+00   3.0933e+02
20260715_18:00:00   2.3162e-01   6.2069e+01   2.5704e+01   0.0000e+00   0.0000e+00   3.0586e+02
20260715_21:00:00   2.4601e-01   6.5504e+01   2.7378e+01   0.0000e+00   1.9216e-04   3.0358e+02
20260716_00:00:00   2.7885e-01   7.2457e+01   3.1444e+01   0.0000e+00   2.4209e-02   3.0258e+02
20260716_03:00:00   2.9104e-01   7.4991e+01   3.2103e+01   0.0000e+00   6.1252e-02   3.0311e+02
20260716_06:00:00   3.2496e-01   8.2168e+01   3.3867e+01   2.7360e-04   8.6193e-04   3.0772e+02
20260716_09:00:00   3.3138e-01   8.3699e+01   3.2162e+01   2.0740e-02   3.7366e-03   3.0870e+02
20260716_12:00:00   3.8364e-01   9.4423e+01   3.2767e+01   8.3141e-02   9.7304e-03   3.0564e+02
20260716_15:00:00   3.2262e-01   8.1999e+01   3.3671e+01   7.2060e-03   1.7917e-02   3.0582e+02
20260716_18:00:00   2.8797e-01   7.4898e+01   3.1779e+01   0.0000e+00   2.2372e-04   3.0558e+02
20260716_21:00:00   2.9551e-01   7.6695e+01   3.2300e+01   0.0000e+00   5.3267e-04   3.0503e+02
20260717_00:00:00   3.1937e-01   8.1727e+01   3.3548e+01   0.0000e+00   3.7103e-04   3.0434e+02
20260717_03:00:00   2.8840e-01   7.4891e+01   2.9961e+01   0.0000e+00   3.6891e-04   3.0372e+02
20260717_06:00:00   2.8138e-01   7.3219e+01   2.9178e+01   0.0000e+00   2.1180e-04   3.0207e+02
20260717_09:00:00   2.8518e-01   7.3907e+01   2.9363e+01   0.0000e+00   3.5180e-04   3.0382e+02
20260717_12:00:00   3.0000e-01   7.7187e+01   3.0913e+01   0.0000e+00   0.0000e+00   3.0406e+02
20260717_15:00:00   2.8583e-01   7.4395e+01   3.0379e+01   0.0000e+00   0.0000e+00   3.0340e+02
20260717_18:00:00   2.3251e-01   6.2401e+01   2.6144e+01   0.0000e+00   0.0000e+00   3.0578e+02
20260717_21:00:00   2.3780e-01   6.3684e+01   2.6780e+01   0.0000e+00   0.0000e+00   3.0589e+02
20260718_00:00:00   2.6078e-01   6.8866e+01   2.8547e+01   0.0000e+00   0.0000e+00   3.0589e+02
