#            date       tau255        Tb[K]      pwv[mm] lwp[kg*m^-2] iwp[kg*m^-2]       o3[DU]
20260423_00:00:00   2.2027e-01   5.6547e+01   2.1272e+01   0.0000e+00   8.3137e-02   3.6472e+02
20260423_01:00:00   1.9735e-01   5.1710e+01   1.7616e+01   4.8714e-03   1.1883e-03   3.6645e+02
20260423_02:00:00   1.8735e-01   4.9480e+01   1.6762e+01   0.0000e+00   3.0119e-04   3.6602e+02
20260423_03:00:00   1.9127e-01   5.0301e+01   1.7347e+01   0.0000e+00   1.1788e-04   3.6417e+02
20260423_04:00:00   2.0832e-01   5.4014e+01   1.9593e+01   0.0000e+00   6.2953e-04   3.6139e+02
20260423_05:00:00   2.0315e-01   5.2817e+01   1.9379e+01   0.0000e+00   4.7133e-03   3.5669e+02
20260423_06:00:00   2.0087e-01   5.2296e+01   1.9164e+01   0.0000e+00   1.2181e-02   3.5520e+02
20260423_07:00:00   2.0718e-01   5.3668e+01   2.0162e+01   0.0000e+00   5.8186e-03   3.5480e+02
20260423_08:00:00   2.1061e-01   5.4418e+01   2.0607e+01   0.0000e+00   4.4917e-03   3.5568e+02
20260423_09:00:00   2.0237e-01   5.2563e+01   1.9699e+01   0.0000e+00   1.3610e-03   3.5720e+02
20260423_10:00:00   2.0028e-01   5.2084e+01   1.9416e+01   0.0000e+00   6.8483e-03   3.5546e+02
20260423_11:00:00   2.0110e-01   5.2290e+01   1.9466e+01   0.0000e+00   1.1064e-03   3.5267e+02
20260423_12:00:00   2.0655e-01   5.3617e+01   2.0040e+01   0.0000e+00   5.1830e-04   3.5059e+02
20260423_13:00:00   2.1410e-01   5.5389e+01   2.0754e+01   0.0000e+00   6.2613e-04   3.4735e+02
20260423_14:00:00   2.2664e-01   5.8268e+01   2.2079e+01   0.0000e+00   7.8233e-05   3.4620e+02
20260423_15:00:00   2.3601e-01   6.0371e+01   2.2963e+01   1.5138e-03   3.6247e-05   3.4655e+02
20260423_16:00:00   2.4448e-01   6.2239e+01   2.3068e+01   1.1196e-02   5.5952e-05   3.4797e+02
20260423_17:00:00   2.4189e-01   6.1687e+01   2.3154e+01   8.6049e-03   0.0000e+00   3.4989e+02
20260423_18:00:00   2.4123e-01   6.1534e+01   2.2872e+01   1.2385e-02   1.6896e-04   3.4988e+02
20260423_19:00:00   2.6533e-01   6.6642e+01   2.2876e+01   4.0802e-02   2.4154e-05   3.4780e+02
20260423_20:00:00   2.8582e-01   7.0875e+01   2.3195e+01   6.1646e-02   8.2763e-04   3.4768e+02
20260423_21:00:00   3.3667e-01   8.1032e+01   2.3350e+01   1.1750e-01   7.2579e-04   3.4760e+02
20260423_22:00:00   4.1627e-01   9.5704e+01   2.2736e+01   2.1217e-01   1.7336e-04   3.4619e+02
20260423_23:00:00   2.8695e-01   7.0967e+01   2.1373e+01   7.8880e-02   1.8481e-04   3.4716e+02
20260424_00:00:00   2.6640e-01   6.6847e+01   2.1304e+01   5.5864e-02   4.9986e-05   3.4660e+02
20260424_01:00:00   2.2328e-01   5.7648e+01   2.1874e+01   1.3484e-04   2.6698e-04   3.4585e+02
20260424_02:00:00   2.2009e-01   5.6892e+01   2.1564e+01   0.0000e+00   1.4038e-05   3.4629e+02
20260424_03:00:00   2.0972e-01   5.4573e+01   2.0382e+01   0.0000e+00   2.4502e-04   3.4748e+02
20260424_04:00:00   2.0566e-01   5.3682e+01   1.9801e+01   0.0000e+00   2.2900e-05   3.4659e+02
20260424_05:00:00   2.0232e-01   5.2920e+01   1.9327e+01   0.0000e+00   2.6740e-05   3.4750e+02
20260424_06:00:00   1.9828e-01   5.2005e+01   1.8722e+01   0.0000e+00   1.6242e-04   3.5031e+02
20260424_07:00:00   1.9019e-01   5.0190e+01   1.7621e+01   0.0000e+00   1.1412e-04   3.5201e+02
20260424_08:00:00   1.8234e-01   4.8422e+01   1.6523e+01   0.0000e+00   3.8839e-04   3.5352e+02
20260424_09:00:00   1.8095e-01   4.8098e+01   1.6207e+01   0.0000e+00   2.5080e-04   3.5184e+02
20260424_10:00:00   1.7799e-01   4.7405e+01   1.5828e+01   0.0000e+00   4.8804e-04   3.5044e+02
20260424_11:00:00   1.8006e-01   4.7855e+01   1.6058e+01   0.0000e+00   1.9788e-03   3.5118e+02
20260424_12:00:00   1.8220e-01   4.8393e+01   1.6373e+01   0.0000e+00   5.4638e-04   3.5341e+02
20260424_13:00:00   1.7560e-01   4.6945e+01   1.5823e+01   0.0000e+00   4.2019e-05   3.5534e+02
20260424_14:00:00   1.7697e-01   4.7310e+01   1.6025e+01   0.0000e+00   7.4840e-06   3.5631e+02
20260424_15:00:00   1.7747e-01   4.7419e+01   1.6310e+01   0.0000e+00   4.8000e-06   3.5805e+02
20260424_16:00:00   1.7562e-01   4.7001e+01   1.6251e+01   5.6919e-04   2.8179e-05   3.5750e+02
20260424_17:00:00   1.8721e-01   4.9596e+01   1.6723e+01   1.0704e-02   3.9760e-04   3.5974e+02
20260424_18:00:00   3.4201e-01   8.1441e+01   1.7435e+01   1.7953e-01   2.3209e-03   3.5894e+02
20260424_19:00:00   6.1910e-01   1.2758e+02   1.8922e+01   4.7447e-01   1.8525e-02   3.5576e+02
20260424_20:00:00   2.5409e-01   6.4029e+01   1.7833e+01   7.3985e-02   4.8415e-03   3.5440e+02
20260424_21:00:00   2.7744e-01   6.8939e+01   1.8151e+01   9.8297e-02   1.2283e-03   3.5551e+02
20260424_22:00:00   1.8559e-01   4.9467e+01   1.7212e+01   2.3596e-03   3.8076e-04   3.5316e+02
20260424_23:00:00   3.3257e-01   8.0091e+01   1.9195e+01   1.4726e-01   3.4440e-04   3.5174e+02
20260425_00:00:00   2.3837e-01   6.0954e+01   1.8359e+01   5.0466e-02   1.3554e-04   3.5042e+02
20260425_01:00:00   3.7868e-01   8.8665e+01   2.0260e+01   1.9170e-01   7.0484e-04   3.4736e+02
20260425_02:00:00   2.1672e-01   5.6256e+01   2.0271e+01   9.9054e-03   7.0424e-03   3.4764e+02
20260425_03:00:00   2.0817e-01   5.4348e+01   2.0119e+01   0.0000e+00   8.2553e-03   3.4858e+02
20260425_04:00:00   2.2047e-01   5.6932e+01   2.1739e+01   1.8524e-04   2.4960e-02   3.4985e+02
20260425_05:00:00   3.2343e-01   7.8310e+01   2.4841e+01   8.9733e-02   1.1334e-02   3.4985e+02
20260425_06:00:00   6.9352e-01   1.3889e+02   2.7214e+01   4.8260e-01   1.8947e-01   3.4902e+02
20260425_07:00:00   1.0520e+00   1.7984e+02   2.7992e+01   8.7872e-01   7.5757e-02   3.4656e+02
20260425_08:00:00   9.4338e-01   1.6971e+02   2.8328e+01   7.5798e-01   9.3395e-02   3.4628e+02
20260425_09:00:00   4.0537e-01   9.4541e+01   2.5048e+01   1.7549e-01   1.4298e-03   3.5056e+02
20260425_10:00:00   3.1374e-01   7.6787e+01   2.4276e+01   7.7582e-02   9.8716e-04   3.4923e+02
20260425_11:00:00   3.9408e-01   9.2685e+01   2.4355e+01   1.7704e-01   1.1092e-03   3.4858e+02
20260425_12:00:00   5.6733e-01   1.2283e+02   2.3009e+01   3.9801e-01   1.4184e-03   3.5054e+02
20260425_13:00:00   5.2021e-01   1.1509e+02   2.0334e+01   3.6487e-01   2.3371e-03   3.5215e+02
20260425_14:00:00   2.9772e-01   7.3778e+01   1.8408e+01   1.1794e-01   4.5847e-03   3.5378e+02
20260425_15:00:00   2.2737e-01   5.8681e+01   1.6556e+01   5.3663e-02   1.2219e-01   3.5623e+02
20260425_16:00:00   1.7293e-01   4.6322e+01   1.4252e+01   9.2700e-03   3.8052e-02   3.5599e+02
20260425_17:00:00   1.6424e-01   4.4404e+01   1.3021e+01   9.6940e-03   3.5374e-02   3.5465e+02
20260425_18:00:00   1.5308e-01   4.1716e+01   1.2608e+01   7.6520e-04   2.8431e-02   3.5587e+02
20260425_19:00:00   1.4063e-01   3.8723e+01   1.1340e+01   0.0000e+00   2.2032e-02   3.5642e+02
20260425_20:00:00   1.2765e-01   3.5575e+01   9.9858e+00   0.0000e+00   3.0278e-03   3.5886e+02
20260425_21:00:00   1.1527e-01   3.2535e+01   8.5056e+00   0.0000e+00   7.6740e-05   3.6243e+02
20260425_22:00:00   1.1736e-01   3.3068e+01   8.5008e+00   0.0000e+00   0.0000e+00   3.6497e+02
20260425_23:00:00   1.2803e-01   3.5665e+01   9.4943e+00   0.0000e+00   0.0000e+00   3.6485e+02
20260426_00:00:00   1.3541e-01   3.7411e+01   1.0114e+01   0.0000e+00   0.0000e+00   3.6502e+02
20260426_01:00:00   1.4200e-01   3.8933e+01   1.0708e+01   0.0000e+00   4.1032e-04   3.6565e+02
20260426_02:00:00   1.4078e-01   3.8595e+01   1.0414e+01   0.0000e+00   8.6402e-03   3.6554e+02
20260426_03:00:00   1.3964e-01   3.8284e+01   9.5870e+00   5.8560e-03   7.5387e-03   3.6666e+02
20260426_04:00:00   2.0252e-01   5.3103e+01   9.1068e+00   8.5240e-02   3.3290e-03   3.6830e+02
20260426_05:00:00   2.6373e-01   6.6694e+01   8.6853e+00   1.6364e-01   9.3074e-04   3.7110e+02
20260426_06:00:00   1.6317e-01   4.3934e+01   8.3930e+00   4.7560e-02   4.6860e-04   3.7430e+02
20260426_07:00:00   1.1671e-01   3.2617e+01   7.8361e+00   9.6000e-06   1.1148e-04   3.7806e+02
20260426_08:00:00   1.1241e-01   3.1516e+01   7.4716e+00   0.0000e+00   0.0000e+00   3.7953e+02
20260426_09:00:00   1.1358e-01   3.1776e+01   7.7117e+00   0.0000e+00   0.0000e+00   3.7806e+02
20260426_10:00:00   1.1452e-01   3.1998e+01   7.9956e+00   0.0000e+00   1.4970e-05   3.7430e+02
20260426_11:00:00   1.1419e-01   3.1916e+01   7.9766e+00   0.0000e+00   4.8000e-05   3.7473e+02
20260426_12:00:00   1.1579e-01   3.2349e+01   8.1918e+00   0.0000e+00   2.4360e-05   3.7513e+02
20260426_13:00:00   1.1468e-01   3.2131e+01   8.2150e+00   0.0000e+00   1.0050e-04   3.7566e+02
20260426_14:00:00   1.1795e-01   3.2979e+01   8.7186e+00   0.0000e+00   3.7158e-05   3.7562e+02
20260426_15:00:00   1.2213e-01   3.4039e+01   9.4423e+00   0.0000e+00   5.7540e-05   3.7484e+02
20260426_16:00:00   1.2297e-01   3.4298e+01   9.6878e+00   0.0000e+00   9.0890e-04   3.7107e+02
20260426_17:00:00   1.2726e-01   3.5373e+01   1.0376e+01   0.0000e+00   2.9639e-03   3.6812e+02
20260426_18:00:00   1.3513e-01   3.7286e+01   1.1530e+01   0.0000e+00   7.1771e-03   3.6538e+02
20260426_19:00:00   1.4381e-01   3.9322e+01   1.2823e+01   0.0000e+00   6.4216e-02   3.6310e+02
20260426_20:00:00   1.4844e-01   4.0495e+01   1.3195e+01   0.0000e+00   1.6377e-02   3.6059e+02
20260426_21:00:00   1.6203e-01   4.3689e+01   1.4689e+01   2.8800e-04   3.0931e-02   3.5925e+02
20260426_22:00:00   1.6942e-01   4.5495e+01   1.5068e+01   0.0000e+00   3.1943e-04   3.6094e+02
20260426_23:00:00   1.6997e-01   4.5640e+01   1.4562e+01   0.0000e+00   6.5810e-04   3.5697e+02
20260427_00:00:00   1.6571e-01   4.4517e+01   1.3656e+01   0.0000e+00   3.3136e-03   3.5698e+02
20260427_01:00:00   1.6130e-01   4.3369e+01   1.3000e+01   2.2260e-05   4.4831e-03   3.5716e+02
20260427_02:00:00   1.5840e-01   4.2607e+01   1.2608e+01   1.4994e-03   4.7008e-03   3.5533e+02
20260427_03:00:00   1.5890e-01   4.2682e+01   1.2441e+01   4.4140e-03   9.3774e-03   3.5679e+02
20260427_04:00:00   1.6122e-01   4.3164e+01   1.2682e+01   5.1262e-03   2.1566e-03   3.5705e+02
20260427_05:00:00   1.6306e-01   4.3573e+01   1.2638e+01   8.5320e-03   3.5840e-03   3.5972e+02
20260427_06:00:00   1.5813e-01   4.2363e+01   1.2671e+01   4.0180e-03   3.1754e-03   3.6336e+02
20260427_07:00:00   1.5268e-01   4.1042e+01   1.2516e+01   6.0340e-04   3.6569e-03   3.6048e+02
20260427_08:00:00   1.5108e-01   4.0624e+01   1.2551e+01   1.4037e-05   3.8438e-03   3.6022e+02
20260427_09:00:00   1.4771e-01   3.9854e+01   1.2189e+01   2.0520e-04   4.9489e-04   3.6076e+02
20260427_10:00:00   1.4772e-01   3.9860e+01   1.2114e+01   1.8426e-03   1.2610e-03   3.5632e+02
20260427_11:00:00   1.5131e-01   4.0744e+01   1.1878e+01   7.8430e-03   2.0975e-03   3.5420e+02
20260427_12:00:00   1.5400e-01   4.1420e+01   1.1990e+01   9.7040e-03   3.2509e-03   3.5420e+02
20260427_13:00:00   1.5159e-01   4.0844e+01   1.2535e+01   2.7449e-03   9.2150e-03   3.5251e+02
20260427_14:00:00   1.5250e-01   4.1062e+01   1.2855e+01   2.2660e-03   7.6122e-03   3.4815e+02
20260427_15:00:00   1.5065e-01   4.0679e+01   1.3021e+01   0.0000e+00   3.0242e-03   3.4544e+02
20260427_16:00:00   1.4820e-01   4.0188e+01   1.2970e+01   0.0000e+00   4.0226e-03   3.4524e+02
20260427_17:00:00   1.5405e-01   4.1602e+01   1.3769e+01   0.0000e+00   5.6421e-03   3.4612e+02
20260427_18:00:00   1.6528e-01   4.4238e+01   1.5153e+01   0.0000e+00   1.4811e-02   3.4669e+02
20260427_19:00:00   1.7554e-01   4.6624e+01   1.6528e+01   6.1914e-06   3.0345e-02   3.5006e+02
20260427_20:00:00   1.9525e-01   5.1072e+01   1.8582e+01   4.9752e-03   7.2608e-03   3.4952e+02
20260427_21:00:00   2.0359e-01   5.2838e+01   1.9794e+01   5.3220e-03   2.1883e-01   3.4554e+02
20260427_22:00:00   2.1844e-01   5.6052e+01   2.1195e+01   9.9301e-03   5.3597e-02   3.4573e+02
20260427_23:00:00   2.1562e-01   5.5518e+01   2.1601e+01   1.0103e-03   7.2755e-03   3.4426e+02
20260428_00:00:00   2.2310e-01   5.7128e+01   2.2380e+01   1.8890e-03   3.6774e-03   3.4376e+02
20260428_03:00:00   1.9893e-01   5.1761e+01   2.0034e+01   0.0000e+00   3.7519e-03   3.3986e+02
20260428_06:00:00   2.1942e-01   5.6194e+01   2.2562e+01   0.0000e+00   1.9983e-01   3.3656e+02
20260428_09:00:00   9.3143e-01   1.6703e+02   2.8443e+01   7.4288e-01   1.2338e+00   3.3699e+02
20260428_12:00:00   9.3308e-01   1.6846e+02   2.8417e+01   7.5248e-01   4.8372e-01   3.4553e+02
20260428_15:00:00   1.0334e+00   1.8008e+02   2.5284e+01   9.0092e-01   1.7785e-01   3.4334e+02
20260428_18:00:00   8.9716e-01   1.6667e+02   2.2334e+01   7.7667e-01   0.0000e+00   3.5138e+02
20260428_21:00:00   3.0424e-01   7.5438e+01   1.6625e+01   1.3217e-01   3.2137e-03   3.5514e+02
20260429_00:00:00   2.4060e-01   6.1889e+01   1.9047e+01   3.1195e-02   1.2496e-04   3.6015e+02
20260429_03:00:00   2.3238e-01   5.9765e+01   1.9291e+01   2.6490e-02   5.0340e-04   3.5714e+02
20260429_06:00:00   1.8463e-01   4.8754e+01   1.4674e+01   1.6574e-02   0.0000e+00   3.7135e+02
20260429_09:00:00   1.5091e-01   4.0717e+01   1.2312e+01   2.5589e-03   0.0000e+00   3.7169e+02
20260429_12:00:00   1.4901e-01   4.0242e+01   1.1973e+01   4.2904e-03   5.0232e-04   3.5469e+02
20260429_15:00:00   1.3869e-01   3.7907e+01   1.2074e+01   0.0000e+00   4.3036e-02   3.5026e+02
20260429_18:00:00   1.6420e-01   4.3863e+01   1.5843e+01   0.0000e+00   1.2625e-01   3.5463e+02
20260429_21:00:00   1.8090e-01   4.7835e+01   1.8019e+01   0.0000e+00   4.3103e-03   3.6763e+02
20260430_00:00:00   2.3808e-01   6.0552e+01   2.2931e+01   1.0163e-02   1.8431e-02   3.7178e+02
20260430_03:00:00   2.4656e-01   6.2335e+01   2.4433e+01   0.0000e+00   1.6521e-01   3.6634e+02
20260430_06:00:00   3.7824e-01   8.8296e+01   2.3285e+01   1.5844e-01   5.1250e-02   3.6608e+02
20260430_09:00:00   1.9596e-01   5.1064e+01   1.8068e+01   0.0000e+00   3.5417e-04   3.6090e+02
20260430_12:00:00   2.4751e-01   6.2629e+01   1.3757e+01   9.4066e-02   0.0000e+00   3.7155e+02
20260430_15:00:00   3.0623e-01   7.4720e+01   1.2758e+01   1.7310e-01   0.0000e+00   3.6905e+02
20260430_18:00:00   1.6765e-01   4.4633e+01   1.2383e+01   1.9536e-02   0.0000e+00   3.6506e+02
20260430_21:00:00   1.3309e-01   3.6374e+01   1.1244e+01   0.0000e+00   1.1650e-03   3.6400e+02
20260501_00:00:00   1.2763e-01   3.5025e+01   1.0109e+01   0.0000e+00   4.4737e-03   3.6135e+02
20260501_03:00:00   1.1735e-01   3.2498e+01   8.6774e+00   0.0000e+00   2.5052e-03   3.5859e+02
20260501_06:00:00   1.1245e-01   3.1311e+01   8.0150e+00   0.0000e+00   9.9000e-03   3.4410e+02
20260501_09:00:00   1.0936e-01   3.0521e+01   7.9933e+00   0.0000e+00   1.2691e-03   3.4414e+02
20260501_12:00:00   1.1736e-01   3.2503e+01   9.6044e+00   0.0000e+00   4.0664e-03   3.4005e+02
20260501_15:00:00   1.4970e-01   4.0277e+01   1.4614e+01   0.0000e+00   5.6906e-02   3.3685e+02
20260501_18:00:00   1.9347e-01   5.0421e+01   2.0136e+01   0.0000e+00   2.5946e-01   3.3067e+02
20260501_21:00:00   4.6793e-01   1.0385e+02   2.6501e+01   2.3472e-01   2.0313e-01   3.2028e+02
20260502_00:00:00   1.2609e+00   1.9922e+02   2.9067e+01   1.1192e+00   9.9851e-02   3.1549e+02
20260502_03:00:00   1.4043e+00   2.1194e+02   3.1628e+01   1.2897e+00   1.5622e-01   3.0738e+02
20260502_06:00:00   1.3550e+00   2.0641e+02   3.3335e+01   1.1893e+00   5.0828e-01   3.0383e+02
20260502_09:00:00   1.2504e+00   1.9867e+02   3.4519e+01   1.0566e+00   7.5702e-01   3.0906e+02
20260502_12:00:00   1.2186e+00   1.9732e+02   3.4723e+01   1.0336e+00   3.0888e-01   2.9689e+02
20260502_15:00:00   1.4217e+00   2.1221e+02   3.4532e+01   1.2607e+00   2.3602e-01   3.0029e+02
20260502_18:00:00   5.2948e-01   1.1646e+02   2.3103e+01   3.3933e-01   1.5283e-02   3.1214e+02
20260502_21:00:00   2.3278e-01   5.9543e+01   1.0411e+01   1.0700e-01   0.0000e+00   3.2896e+02
20260503_00:00:00   1.4179e-01   3.8324e+01   1.1501e+01   0.0000e+00   1.2332e-05   3.4309e+02
20260503_03:00:00   1.5376e-01   4.0872e+01   8.7461e+00   3.2321e-02   1.9426e-04   3.6903e+02
20260503_06:00:00   6.5707e-01   1.3210e+02   1.1763e+01   5.7822e-01   2.9289e-03   3.7548e+02
20260503_09:00:00   6.1010e-01   1.2558e+02   1.2928e+01   5.1994e-01   2.8641e-03   3.6515e+02
20260503_12:00:00   7.7706e-01   1.4785e+02   1.0683e+01   7.2230e-01   2.6638e-03   3.7160e+02
20260503_15:00:00   5.3922e-01   1.1470e+02   8.1708e+00   4.7344e-01   1.4388e-03   3.8168e+02
20260503_18:00:00   5.4367e-01   1.1556e+02   8.8725e+00   4.7005e-01   1.4310e-03   3.7289e+02
20260503_21:00:00   3.9619e-01   9.0780e+01   9.2155e+00   2.9951e-01   7.7210e-04   3.6098e+02
20260504_00:00:00   3.0610e-01   7.3849e+01   8.5536e+00   2.0438e-01   2.3678e-04   3.6852e+02
20260504_03:00:00   4.7981e-01   1.0554e+02   7.6870e+00   4.0919e-01   1.7066e-04   3.6436e+02
20260504_06:00:00   2.2560e-01   5.7091e+01   6.9554e+00   1.2938e-01   7.4360e-05   3.5716e+02
20260504_09:00:00   1.5973e-01   4.2296e+01   6.8796e+00   5.6263e-02   9.9021e-05   3.5127e+02
20260504_12:00:00   1.9817e-01   5.0937e+01   7.0254e+00   9.8860e-02   1.3536e-04   3.5205e+02
20260504_15:00:00   1.1879e-01   3.2637e+01   8.1982e+00   2.3100e-03   4.2024e-05   3.5520e+02
20260504_18:00:00   1.2380e-01   3.3994e+01   9.8564e+00   0.0000e+00   0.0000e+00   3.7207e+02
20260504_21:00:00   1.3751e-01   3.7357e+01   1.1950e+01   0.0000e+00   0.0000e+00   3.8028e+02
20260505_00:00:00   1.4462e-01   3.9083e+01   1.2781e+01   0.0000e+00   0.0000e+00   3.7115e+02
20260505_03:00:00   1.5959e-01   4.2552e+01   1.5004e+01   0.0000e+00   5.5576e-03   3.5747e+02
20260505_06:00:00   1.7592e-01   4.6165e+01   1.7619e+01   0.0000e+00   1.5828e-02   3.5404e+02
20260505_09:00:00   1.7626e-01   4.6276e+01   1.7872e+01   0.0000e+00   1.3364e-02   3.5061e+02
20260505_12:00:00   1.7348e-01   4.5749e+01   1.7464e+01   0.0000e+00   3.0347e-03   3.4984e+02
20260505_15:00:00   1.8883e-01   4.9355e+01   1.9928e+01   0.0000e+00   1.3922e-01   3.5243e+02
20260505_18:00:00   2.0274e-01   5.2650e+01   2.1707e+01   0.0000e+00   4.4233e-02   3.4684e+02
20260505_21:00:00   2.2599e-01   5.7876e+01   2.4357e+01   0.0000e+00   5.7469e-01   3.4985e+02
20260506_00:00:00   2.3306e-01   5.9498e+01   2.5406e+01   5.3700e-06   2.2119e-01   3.4584e+02
20260506_03:00:00   3.4769e-01   8.2931e+01   2.6629e+01   1.2138e-01   8.7372e-02   3.4442e+02
20260506_06:00:00   3.3897e-01   8.1440e+01   2.8150e+01   9.2233e-02   1.1782e-01   3.4130e+02
20260506_09:00:00   4.4142e-01   1.0056e+02   3.0149e+01   1.8428e-01   2.2714e-01   3.3131e+02
20260506_12:00:00   4.0077e-01   9.4276e+01   3.0912e+01   1.4015e-01   9.6997e-02   3.2418e+02
20260506_15:00:00   4.3945e-01   1.0177e+02   3.0937e+01   1.8688e-01   2.5353e-02   3.1911e+02
20260506_18:00:00   4.7023e-01   1.0734e+02   3.2735e+01   1.9622e-01   9.8531e-03   3.1272e+02
20260506_21:00:00   5.8675e-01   1.2686e+02   3.3807e+01   3.2260e-01   2.0379e-02   3.0949e+02
20260507_00:00:00   3.2942e-01   8.0471e+01   3.3916e+01   8.1581e-03   3.4591e-01   3.1577e+02
20260507_03:00:00   3.1655e-01   7.7244e+01   2.9223e+01   4.7844e-02   2.2732e-01   3.1871e+02
20260507_06:00:00   2.7489e-01   6.8743e+01   2.8603e+01   6.5880e-03   8.7093e-02   3.2199e+02
20260507_09:00:00   2.3183e-01   5.9593e+01   2.2544e+01   0.0000e+00   4.5578e-03   3.3653e+02
20260507_12:00:00   2.4446e-01   6.2448e+01   2.1376e+01   2.1441e-02   1.2814e-03   3.3731e+02
20260507_15:00:00   3.3976e-01   8.2369e+01   2.1861e+01   1.3343e-01   1.3063e-04   3.4746e+02
20260507_18:00:00   2.5905e-01   6.5653e+01   2.2401e+01   3.2052e-02   4.2695e-04   3.6148e+02
20260507_21:00:00   3.7876e-01   9.0257e+01   2.0715e+01   1.8482e-01   0.0000e+00   3.6985e+02
20260508_00:00:00   3.0553e-01   7.5716e+01   1.2931e+01   1.7778e-01   0.0000e+00   3.4905e+02
20260508_03:00:00   1.3017e-01   3.6039e+01   9.9446e+00   0.0000e+00   0.0000e+00   3.3495e+02
20260508_06:00:00   1.2267e-01   3.4148e+01   9.4778e+00   0.0000e+00   1.9116e-03   3.3564e+02
20260508_09:00:00   1.1921e-01   3.3248e+01   9.0913e+00   0.0000e+00   1.0047e-02   3.3875e+02
20260508_12:00:00   1.1745e-01   3.2818e+01   9.0256e+00   0.0000e+00   2.8794e-02   3.3800e+02
20260508_15:00:00   1.1572e-01   3.2480e+01   9.2937e+00   0.0000e+00   6.0173e-03   3.3594e+02
20260508_18:00:00   1.3304e-01   3.6877e+01   1.1849e+01   0.0000e+00   0.0000e+00   3.3113e+02
20260508_21:00:00   1.5813e-01   4.2996e+01   1.5336e+01   0.0000e+00   0.0000e+00   3.2893e+02
20260509_00:00:00   1.8286e-01   4.8751e+01   1.7617e+01   0.0000e+00   5.4864e-04   3.3211e+02
