#            date       tau255        Tb[K]      pwv[mm] lwp[kg*m^-2] iwp[kg*m^-2]       o3[DU]
20260511_12:00:00   6.0256e-01   1.2495e+02   2.2025e+01   4.2051e-01   7.6451e-01   3.7117e+02
20260511_13:00:00   6.8513e-01   1.3651e+02   2.1220e+01   5.2133e-01   7.8687e-01   3.7075e+02
20260511_14:00:00   4.4669e-01   9.9835e+01   2.0463e+01   2.6125e-01   5.3983e-01   3.7326e+02
20260511_15:00:00   2.2500e-01   5.6760e+01   1.7854e+01   3.7742e-02   1.4354e-01   3.7553e+02
20260511_16:00:00   1.6594e-01   4.3605e+01   1.4648e+01   1.4971e-03   3.7987e-01   3.7836e+02
20260511_17:00:00   1.2453e-01   3.4039e+01   9.5239e+00   3.4796e-05   1.1332e-01   3.8829e+02
20260511_18:00:00   1.0667e-01   2.9821e+01   7.0637e+00   0.0000e+00   6.7839e-05   3.9659e+02
20260511_19:00:00   1.0590e-01   2.9636e+01   7.1545e+00   0.0000e+00   0.0000e+00   3.9872e+02
20260511_20:00:00   1.1166e-01   3.1040e+01   7.8401e+00   0.0000e+00   5.3700e-06   3.9918e+02
20260511_21:00:00   1.1393e-01   3.1584e+01   8.1270e+00   0.0000e+00   1.0563e-04   3.9554e+02
20260511_22:00:00   1.2028e-01   3.3082e+01   8.8886e+00   0.0000e+00   9.4081e-04   3.9381e+02
20260511_23:00:00   1.2709e-01   3.4739e+01   9.4761e+00   0.0000e+00   4.0578e-04   3.9159e+02
20260512_00:00:00   1.2684e-01   3.4667e+01   9.2911e+00   0.0000e+00   7.0720e-06   3.9477e+02
20260512_01:00:00   1.2824e-01   3.4954e+01   9.3148e+00   0.0000e+00   9.8060e-05   3.9003e+02
20260512_02:00:00   1.2818e-01   3.4922e+01   9.2531e+00   0.0000e+00   8.1570e-06   3.8691e+02
20260512_03:00:00   1.2262e-01   3.3620e+01   8.6373e+00   0.0000e+00   2.6160e-06   3.9025e+02
20260512_04:00:00   1.2112e-01   3.3248e+01   8.5651e+00   0.0000e+00   0.0000e+00   3.9251e+02
20260512_05:00:00   1.2171e-01   3.3383e+01   8.7275e+00   0.0000e+00   0.0000e+00   3.9026e+02
20260512_06:00:00   1.2429e-01   3.3976e+01   9.1048e+00   0.0000e+00   4.0679e-06   3.8239e+02
20260512_07:00:00   1.2411e-01   3.3940e+01   9.0098e+00   0.0000e+00   3.3840e-06   3.7970e+02
20260512_08:00:00   1.2126e-01   3.3264e+01   8.6659e+00   0.0000e+00   1.0738e-06   3.7882e+02
20260512_09:00:00   1.2731e-01   3.4710e+01   9.3125e+00   0.0000e+00   9.8638e-06   3.7834e+02
20260512_10:00:00   1.2614e-01   3.4441e+01   9.1020e+00   9.1200e-05   2.2918e-05   3.7773e+02
20260512_11:00:00   1.2478e-01   3.4150e+01   8.8428e+00   0.0000e+00   8.3640e-06   3.7738e+02
20260512_12:00:00   1.2613e-01   3.4536e+01   9.0579e+00   0.0000e+00   4.9080e-05   3.7827e+02
20260512_13:00:00   1.2465e-01   3.4248e+01   8.9850e+00   0.0000e+00   0.0000e+00   3.7836e+02
20260512_14:00:00   1.2590e-01   3.4593e+01   9.2700e+00   0.0000e+00   1.9200e-06   3.7808e+02
20260512_15:00:00   1.2546e-01   3.4569e+01   9.4582e+00   0.0000e+00   0.0000e+00   3.7830e+02
20260512_16:00:00   1.2890e-01   3.5431e+01   1.0274e+01   9.7280e-07   2.7840e-06   3.7751e+02
20260512_17:00:00   1.3217e-01   3.6258e+01   1.0940e+01   3.6520e-05   5.0100e-05   3.7833e+02
20260512_18:00:00   1.3128e-01   3.6121e+01   1.0924e+01   0.0000e+00   0.0000e+00   3.7371e+02
20260512_19:00:00   1.3253e-01   3.6471e+01   1.1253e+01   0.0000e+00   2.7840e-06   3.6992e+02
20260512_20:00:00   1.3611e-01   3.7366e+01   1.1763e+01   0.0000e+00   1.1133e-05   3.6608e+02
20260512_21:00:00   1.3903e-01   3.8086e+01   1.2263e+01   0.0000e+00   2.8020e-05   3.6191e+02
20260512_22:00:00   1.4412e-01   3.9309e+01   1.2908e+01   0.0000e+00   8.0140e-06   3.5991e+02
20260512_23:00:00   1.4936e-01   4.0572e+01   1.3509e+01   0.0000e+00   8.2232e-04   3.5663e+02
20260513_00:00:00   1.5013e-01   4.0712e+01   1.3581e+01   0.0000e+00   7.7326e-03   3.5681e+02
20260513_01:00:00   1.4682e-01   3.9901e+01   1.3002e+01   0.0000e+00   7.6084e-04   3.5902e+02
20260513_02:00:00   1.4563e-01   3.9609e+01   1.2660e+01   0.0000e+00   2.5997e-03   3.5997e+02
20260513_03:00:00   1.4702e-01   3.9927e+01   1.2715e+01   0.0000e+00   4.8000e-06   3.5879e+02
20260513_04:00:00   1.4631e-01   3.9748e+01   1.2553e+01   0.0000e+00   7.1640e-06   3.5925e+02
20260513_05:00:00   1.4553e-01   3.9545e+01   1.2395e+01   0.0000e+00   3.9840e-05   3.5923e+02
20260513_06:00:00   1.3937e-01   3.8071e+01   1.1650e+01   0.0000e+00   0.0000e+00   3.6652e+02
20260513_07:00:00   1.4075e-01   3.8367e+01   1.1810e+01   0.0000e+00   0.0000e+00   3.6877e+02
20260513_08:00:00   1.4277e-01   3.8805e+01   1.2163e+01   0.0000e+00   0.0000e+00   3.6491e+02
20260513_09:00:00   1.4726e-01   3.9812e+01   1.2926e+01   0.0000e+00   6.4356e-04   3.6594e+02
20260513_10:00:00   1.6337e-01   4.3468e+01   1.5189e+01   0.0000e+00   3.1589e-03   3.6799e+02
20260513_11:00:00   1.8235e-01   4.7786e+01   1.6622e+01   7.8260e-03   2.2725e-02   3.6677e+02
20260513_12:00:00   2.1923e-01   5.6032e+01   1.8205e+01   3.5540e-02   1.3082e-01   3.6626e+02
20260513_13:00:00   1.8286e-01   4.7984e+01   1.7457e+01   0.0000e+00   8.2218e-02   3.6502e+02
20260513_14:00:00   2.2496e-01   5.7283e+01   1.9900e+01   2.1256e-02   2.7959e-01   3.6792e+02
20260513_15:00:00   4.0374e-01   9.2683e+01   2.1951e+01   2.0298e-01   2.3518e-01   3.7456e+02
20260513_16:00:00   7.9423e-01   1.5131e+02   2.3532e+01   6.2584e-01   5.2678e-01   3.8343e+02
20260513_17:00:00   8.4994e-01   1.5814e+02   2.3111e+01   6.9174e-01   4.9261e-01   3.8584e+02
20260513_18:00:00   5.6976e-01   1.2011e+02   2.2950e+01   3.7144e-01   6.4825e-01   3.8653e+02
20260513_19:00:00   2.2721e-01   5.8094e+01   1.8909e+01   2.0830e-02   7.5543e-03   3.9302e+02
20260513_20:00:00   7.6973e-01   1.5046e+02   1.9597e+01   6.4507e-01   6.0940e-06   3.9613e+02
20260513_21:00:00   3.8324e-01   8.9366e+01   1.9352e+01   1.9576e-01   1.0572e-04   4.0018e+02
20260513_22:00:00   1.8371e-01   4.8392e+01   1.5779e+01   0.0000e+00   0.0000e+00   4.0434e+02
20260513_23:00:00   5.3485e-01   1.1509e+02   1.7438e+01   3.8727e-01   1.8436e-02   4.0550e+02
20260514_00:00:00   3.1836e-01   7.7402e+01   1.3687e+01   1.7761e-01   0.0000e+00   4.0928e+02
20260514_01:00:00   7.3200e-01   1.4441e+02   1.1923e+01   6.6345e-01   2.8920e-05   4.0624e+02
20260514_02:00:00   4.0251e-01   9.2567e+01   1.0582e+01   2.9480e-01   3.3618e-05   4.0575e+02
20260514_03:00:00   2.8036e-01   6.8729e+01   9.3644e+00   1.6687e-01   9.5718e-05   4.0878e+02
20260514_04:00:00   2.6811e-01   6.5936e+01   9.5430e+00   1.5234e-01   1.9808e-04   4.0531e+02
20260514_05:00:00   2.2919e-01   5.7686e+01   1.1004e+01   9.9481e-02   1.9514e-04   3.9654e+02
20260514_06:00:00   2.3213e-01   5.8217e+01   1.0999e+01   1.0360e-01   3.7019e-04   3.9260e+02
20260514_07:00:00   4.4975e-01   9.9874e+01   1.0719e+01   3.5114e-01   1.1922e-03   3.8969e+02
20260514_08:00:00   5.7642e-01   1.2022e+02   1.0718e+01   4.9306e-01   3.2640e-03   3.8778e+02
20260514_09:00:00   7.0943e-01   1.3906e+02   1.0803e+01   6.4114e-01   1.0130e-02   3.9050e+02
20260514_10:00:00   7.5022e-01   1.4445e+02   1.0845e+01   6.8674e-01   1.4222e-02   3.9283e+02
20260514_11:00:00   7.3449e-01   1.4253e+02   1.0923e+01   6.6893e-01   1.4028e-02   3.9321e+02
20260514_12:00:00   7.1202e-01   1.3958e+02   1.0962e+01   6.4374e-01   1.1401e-02   3.9336e+02
20260514_13:00:00   7.0658e-01   1.3889e+02   1.1192e+01   6.3660e-01   7.0653e-03   3.9449e+02
20260514_14:00:00   6.8297e-01   1.3565e+02   1.1465e+01   6.0797e-01   7.3566e-03   3.9565e+02
20260514_15:00:00   6.1895e-01   1.2665e+02   1.1825e+01   5.3334e-01   6.2299e-03   3.9622e+02
20260514_16:00:00   6.5378e-01   1.3144e+02   1.2180e+01   5.6918e-01   8.0823e-03   3.9718e+02
20260514_17:00:00   5.8374e-01   1.2141e+02   1.2499e+01   4.8819e-01   6.9708e-03   4.0147e+02
20260514_18:00:00   6.0821e-01   1.2517e+02   1.2526e+01   5.1588e-01   5.3782e-03   4.0616e+02
20260514_19:00:00   6.7542e-01   1.3493e+02   1.2537e+01   5.9241e-01   3.5568e-03   4.0946e+02
20260514_20:00:00   6.9531e-01   1.3768e+02   1.2472e+01   6.1510e-01   4.5147e-03   4.0792e+02
20260514_21:00:00   8.7431e-01   1.5956e+02   1.2668e+01   8.1380e-01   2.5928e-03   4.0894e+02
20260514_22:00:00   6.3991e-01   1.2994e+02   1.2026e+01   5.5379e-01   2.8572e-03   4.0991e+02
20260514_23:00:00   4.5633e-01   1.0125e+02   1.0761e+01   3.5561e-01   1.4266e-03   4.0852e+02
20260515_00:00:00   2.6176e-01   6.4495e+01   9.5220e+00   1.4516e-01   8.7729e-04   4.0688e+02
20260515_01:00:00   2.0515e-01   5.2417e+01   8.8910e+00   8.5845e-02   4.9297e-04   4.0687e+02
20260515_02:00:00   1.8488e-01   4.7777e+01   8.9609e+00   6.2464e-02   5.7205e-04   4.0767e+02
20260515_03:00:00   1.7314e-01   4.5118e+01   9.3488e+00   4.6669e-02   1.2446e-03   4.0515e+02
20260515_04:00:00   1.5567e-01   4.1151e+01   9.3916e+00   2.7593e-02   6.7404e-04   4.0147e+02
20260515_05:00:00   1.4294e-01   3.8241e+01   9.2232e+00   1.5962e-02   1.8005e-04   3.9837e+02
20260515_06:00:00   1.5252e-01   4.0541e+01   8.0932e+00   3.7321e-02   2.2640e-05   3.9960e+02
20260515_07:00:00   1.4712e-01   3.9282e+01   7.1602e+00   3.9300e-02   7.2720e-05   3.9668e+02
20260515_08:00:00   1.4015e-01   3.7655e+01   6.5915e+00   3.6532e-02   8.0620e-05   3.9365e+02
20260515_09:00:00   1.2406e-01   3.3853e+01   6.1090e+00   2.3011e-02   8.3100e-05   3.9182e+02
20260515_10:00:00   1.2003e-01   3.2907e+01   5.7807e+00   2.1900e-02   6.7400e-05   3.8671e+02
20260515_11:00:00   1.1741e-01   3.2300e+01   5.7005e+00   2.0000e-02   5.9100e-05   3.8254e+02
20260515_12:00:00   1.0240e-01   2.8691e+01   5.6085e+00   4.7520e-03   3.4240e-05   3.7981e+02
20260515_13:00:00   9.5656e-02   2.7083e+01   5.4101e+00   1.1276e-04   0.0000e+00   3.7693e+02
20260515_14:00:00   9.8035e-02   2.7685e+01   5.8368e+00   0.0000e+00   1.9458e-06   3.7245e+02
20260515_15:00:00   9.9561e-02   2.8105e+01   6.0471e+00   0.0000e+00   1.5362e-04   3.6879e+02
20260515_16:00:00   1.0200e-01   2.8769e+01   6.3870e+00   0.0000e+00   7.2340e-04   3.6769e+02
20260515_17:00:00   1.0041e-01   2.8453e+01   6.3808e+00   0.0000e+00   1.5476e-03   3.6768e+02
20260515_18:00:00   1.0023e-01   2.8468e+01   6.5289e+00   0.0000e+00   9.1735e-04   3.6666e+02
20260515_19:00:00   1.0021e-01   2.8530e+01   6.6256e+00   0.0000e+00   6.4157e-04   3.6443e+02
20260515_20:00:00   9.9293e-02   2.8365e+01   6.5961e+00   0.0000e+00   4.8894e-04   3.6426e+02
20260515_21:00:00   1.0137e-01   2.8916e+01   6.8977e+00   0.0000e+00   3.1198e-04   3.6265e+02
20260515_22:00:00   1.0488e-01   2.9818e+01   7.2759e+00   0.0000e+00   1.6831e-03   3.6142e+02
20260515_23:00:00   1.1002e-01   3.1108e+01   7.7770e+00   0.0000e+00   1.5008e-02   3.6129e+02
20260516_00:00:00   1.0997e-01   3.1003e+01   7.9318e+00   0.0000e+00   4.5318e-02   3.6071e+02
20260516_01:00:00   1.1259e-01   3.1520e+01   8.6030e+00   0.0000e+00   1.5860e-02   3.5891e+02
20260516_02:00:00   1.1575e-01   3.2228e+01   9.2253e+00   0.0000e+00   1.3738e-03   3.5714e+02
20260516_03:00:00   1.2941e-01   3.5489e+01   1.1688e+01   0.0000e+00   2.4285e-04   3.5518e+02
20260516_04:00:00   1.4522e-01   3.9241e+01   1.4024e+01   0.0000e+00   1.7726e-04   3.5275e+02
20260516_05:00:00   1.5769e-01   4.2263e+01   1.5482e+01   0.0000e+00   2.6035e-03   3.5300e+02
20260516_06:00:00   1.7081e-01   4.5325e+01   1.7174e+01   0.0000e+00   1.2354e-02   3.5152e+02
20260516_07:00:00   1.8947e-01   4.9522e+01   1.9885e+01   0.0000e+00   1.7670e-02   3.5182e+02
20260516_08:00:00   3.1574e-01   7.6277e+01   2.5067e+01   8.9400e-02   8.3237e-02   3.5334e+02
20260516_09:00:00   2.5514e-01   6.4106e+01   2.6480e+01   1.8490e-03   1.9708e-01   3.5430e+02
20260516_10:00:00   3.1977e-01   7.7332e+01   2.5701e+01   8.2414e-02   7.7622e-02   3.5680e+02
20260516_11:00:00   2.3001e-01   5.9023e+01   2.3462e+01   0.0000e+00   2.0603e-03   3.5731e+02
20260516_12:00:00   2.4029e-01   6.1425e+01   2.3762e+01   6.8780e-03   6.8785e-03   3.5540e+02
20260516_15:00:00   8.3234e-01   1.5755e+02   3.1603e+01   6.0601e-01   6.2934e-01   3.5343e+02
20260516_18:00:00   6.4452e-01   1.3540e+02   3.2091e+01   3.9963e-01   5.7332e-03   3.5230e+02
20260516_21:00:00   8.1827e-01   1.5998e+02   2.3638e+01   6.9327e-01   1.2952e-02   3.5098e+02
20260517_00:00:00   2.2931e-01   5.9858e+01   1.6984e+01   4.0800e-02   7.5852e-03   3.5188e+02
20260517_03:00:00   2.0025e-01   5.3053e+01   1.7460e+01   0.0000e+00   4.9020e-03   3.4586e+02
20260517_06:00:00   1.6425e-01   4.4690e+01   1.3071e+01   0.0000e+00   1.0248e-03   3.4352e+02
20260517_09:00:00   1.4009e-01   3.8720e+01   1.0994e+01   0.0000e+00   0.0000e+00   3.5004e+02
20260517_12:00:00   1.4311e-01   3.9471e+01   1.2061e+01   0.0000e+00   0.0000e+00   3.5421e+02
20260517_15:00:00   1.4330e-01   3.9603e+01   1.2661e+01   0.0000e+00   0.0000e+00   3.4934e+02
20260517_18:00:00   1.5145e-01   4.1619e+01   1.4173e+01   0.0000e+00   4.8000e-06   3.4313e+02
20260517_21:00:00   1.6039e-01   4.3861e+01   1.5485e+01   0.0000e+00   5.2997e-04   3.4513e+02
20260518_00:00:00   1.8563e-01   4.9737e+01   1.8641e+01   0.0000e+00   1.7465e-02   3.4304e+02
20260518_03:00:00   1.6130e-01   4.3979e+01   1.5739e+01   0.0000e+00   7.0456e-03   3.4924e+02
20260518_06:00:00   1.7249e-01   4.6291e+01   1.7878e+01   0.0000e+00   1.7051e-05   3.4236e+02
20260518_09:00:00   2.0398e-01   5.3380e+01   2.1284e+01   6.0116e-03   5.9882e-04   3.4007e+02
20260518_12:00:00   2.0426e-01   5.3647e+01   2.1592e+01   0.0000e+00   3.7621e-05   3.3596e+02
20260518_15:00:00   1.9393e-01   5.1568e+01   2.0623e+01   2.1400e-05   7.1875e-06   3.3336e+02
20260518_18:00:00   1.7101e-01   4.6429e+01   1.7968e+01   0.0000e+00   0.0000e+00   3.3471e+02
20260518_21:00:00   1.8363e-01   4.9549e+01   1.9518e+01   3.4780e-06   2.5279e-04   3.3338e+02
20260519_00:00:00   2.0531e-01   5.4841e+01   2.1491e+01   0.0000e+00   2.5780e-04   3.3243e+02
20260519_03:00:00   1.8854e-01   5.0957e+01   1.8947e+01   0.0000e+00   5.1862e-04   3.3199e+02
20260519_06:00:00   1.8827e-01   5.0902e+01   1.8414e+01   0.0000e+00   1.4656e-04   3.3197e+02
20260519_09:00:00   2.0914e-01   5.5739e+01   2.0457e+01   0.0000e+00   6.3059e-04   3.2268e+02
20260519_12:00:00   2.3852e-01   6.2470e+01   2.3606e+01   0.0000e+00   2.7203e-04   3.1791e+02
20260519_15:00:00   2.7133e-01   6.9756e+01   2.7370e+01   4.4707e-03   7.9420e-04   3.1643e+02
20260519_18:00:00   6.9276e-01   1.4199e+02   3.1866e+01   4.4938e-01   4.4292e-03   3.1308e+02
20260519_21:00:00   3.3492e-01   8.2465e+01   2.9510e+01   6.3896e-02   2.0184e-02   3.1136e+02
20260520_00:00:00   2.6477e-01   6.8465e+01   2.7174e+01   0.0000e+00   1.1104e-04   3.0691e+02
20260520_03:00:00   2.5290e-01   6.5513e+01   2.6332e+01   0.0000e+00   1.5232e-05   3.0391e+02
20260520_06:00:00   2.7847e-01   7.0763e+01   3.0074e+01   0.0000e+00   6.7846e-05   2.9980e+02
20260520_09:00:00   2.8070e-01   7.1145e+01   2.9950e+01   0.0000e+00   3.9742e-03   3.0136e+02
20260520_12:00:00   2.5946e-01   6.6776e+01   2.7449e+01   2.2980e-03   6.6655e-03   3.0301e+02
20260520_15:00:00   2.5755e-01   6.6581e+01   2.7795e+01   0.0000e+00   3.0957e-02   3.0267e+02
20260520_18:00:00   4.2929e-01   9.9998e+01   3.0351e+01   1.7978e-01   1.0015e-05   3.0530e+02
20260520_21:00:00   2.6909e-01   6.9130e+01   2.9553e+01   1.4622e-03   1.7114e-03   3.0787e+02
20260521_00:00:00   2.7406e-01   7.0186e+01   2.8949e+01   0.0000e+00   4.7579e-03   3.0970e+02
20260521_03:00:00   3.2652e-01   8.0595e+01   3.4457e+01   0.0000e+00   4.3519e-03   3.0976e+02
20260521_06:00:00   2.9419e-01   7.3533e+01   3.1739e+01   0.0000e+00   2.5102e-03   3.0959e+02
20260521_09:00:00   5.0949e-01   1.1242e+02   3.3652e+01   2.2407e-01   5.3841e-02   3.1123e+02
20260521_12:00:00   2.9564e-01   7.3826e+01   3.0697e+01   7.6306e-03   4.4351e-02   3.1629e+02
20260521_15:00:00   2.6442e-01   6.7640e+01   2.7968e+01   0.0000e+00   1.0729e-02   3.1911e+02
20260521_18:00:00   2.3557e-01   6.1542e+01   2.5461e+01   0.0000e+00   7.3961e-04   3.1970e+02
20260521_21:00:00   2.6370e-01   6.7614e+01   2.9152e+01   0.0000e+00   3.6217e-02   3.2042e+02
20260522_00:00:00   2.8119e-01   7.1301e+01   3.0402e+01   2.0101e-03   8.2721e-03   3.1989e+02
20260522_03:00:00   2.8328e-01   7.1407e+01   3.0675e+01   1.6040e-04   1.2292e-02   3.1761e+02
20260522_06:00:00   3.0323e-01   7.5411e+01   3.2850e+01   0.0000e+00   5.2890e-03   3.1940e+02
20260522_09:00:00   3.4776e-01   8.3904e+01   3.3080e+01   4.7803e-02   4.7066e-02   3.2209e+02
20260522_12:00:00   3.0487e-01   7.5884e+01   3.2159e+01   1.0738e-05   1.6438e-04   3.2453e+02
20260522_15:00:00   5.3741e-01   1.1736e+02   3.2696e+01   2.5609e-01   9.0222e-03   3.2615e+02
20260522_18:00:00   5.5944e-01   1.2219e+02   3.1337e+01   2.9642e-01   6.9580e-06   3.2224e+02
20260522_21:00:00   3.5262e-01   8.5674e+01   3.2625e+01   4.7680e-02   1.6769e-01   3.1699e+02
20260523_00:00:00   2.8299e-01   7.1995e+01   2.8943e+01   0.0000e+00   0.0000e+00   3.1555e+02
20260523_03:00:00   2.9926e-01   7.4982e+01   3.1210e+01   0.0000e+00   3.9686e-04   3.1414e+02
20260523_06:00:00   2.9519e-01   7.3822e+01   3.1800e+01   0.0000e+00   1.4956e-02   3.1326e+02
20260523_09:00:00   2.9892e-01   7.4385e+01   3.1861e+01   3.4645e-03   3.6044e-02   3.1902e+02
20260523_12:00:00   3.2160e-01   7.9181e+01   3.1160e+01   2.5167e-02   2.2511e-03   3.2408e+02
20260523_15:00:00   2.9836e-01   7.4972e+01   3.1239e+01   7.9420e-05   0.0000e+00   3.2740e+02
20260523_18:00:00   5.4715e-01   1.2063e+02   3.2458e+01   2.7335e-01   4.5220e-04   3.2633e+02
20260523_21:00:00   3.0782e-01   7.7508e+01   3.1275e+01   0.0000e+00   2.8000e-05   3.2071e+02
20260524_00:00:00   2.6812e-01   6.9388e+01   2.6920e+01   0.0000e+00   3.1880e-04   3.2039e+02
20260524_03:00:00   2.8209e-01   7.2019e+01   2.8526e+01   0.0000e+00   4.7180e-04   3.2087e+02
20260524_06:00:00   2.8771e-01   7.2996e+01   2.9630e+01   0.0000e+00   6.6854e-03   3.2029e+02
20260524_09:00:00   3.1355e-01   7.8043e+01   3.3920e+01   0.0000e+00   7.2328e-02   3.2092e+02
20260524_12:00:00   3.3202e-01   8.1881e+01   3.6137e+01   0.0000e+00   3.3848e-03   3.2270e+02
20260524_15:00:00   3.3468e-01   8.2817e+01   3.6095e+01   0.0000e+00   1.3534e-04   3.2385e+02
20260524_18:00:00   7.9696e-01   1.5620e+02   3.7393e+01   5.2310e-01   1.3906e-04   3.1962e+02
20260524_21:00:00   6.1467e-01   1.3109e+02   3.8836e+01   2.8090e-01   1.3672e-03   3.1890e+02
20260525_00:00:00   1.2990e+00   2.0378e+02   4.1545e+01   1.0337e+00   2.1349e-02   3.1578e+02
20260525_03:00:00   4.7822e-01   1.0809e+02   3.9385e+01   1.2539e-01   3.6188e-01   3.1706e+02
20260525_06:00:00   4.6121e-01   1.0514e+02   3.8504e+01   1.0801e-01   8.5685e-02   3.1805e+02
20260525_09:00:00   7.3939e-01   1.5014e+02   3.5773e+01   4.8514e-01   1.8364e-03   3.1914e+02
20260525_12:00:00   8.3015e-01   1.6136e+02   2.3607e+01   6.9895e-01   7.8841e-03   3.2741e+02
20260525_15:00:00   1.2858e-01   3.6163e+01   9.7425e+00   0.0000e+00   3.2646e-03   3.3558e+02
20260525_18:00:00   1.1984e-01   3.4110e+01   9.6756e+00   0.0000e+00   1.4153e-03   3.3766e+02
20260525_21:00:00   1.3422e-01   3.7744e+01   1.1125e+01   0.0000e+00   4.3286e-04   3.3865e+02
20260526_00:00:00   1.4422e-01   4.0061e+01   1.1785e+01   0.0000e+00   0.0000e+00   3.3566e+02
20260526_03:00:00   1.3767e-01   3.8275e+01   1.0666e+01   0.0000e+00   0.0000e+00   3.3378e+02
20260526_06:00:00   1.3008e-01   3.6385e+01   1.0059e+01   0.0000e+00   0.0000e+00   3.3611e+02
20260526_09:00:00   1.2227e-01   3.4468e+01   9.3667e+00   0.0000e+00   0.0000e+00   3.3416e+02
20260526_12:00:00   1.1669e-01   3.3137e+01   8.8279e+00   0.0000e+00   0.0000e+00   3.3080e+02
20260526_15:00:00   1.1115e-01   3.1955e+01   8.5400e+00   0.0000e+00   0.0000e+00   3.3333e+02
20260526_18:00:00   1.2503e-01   3.5598e+01   1.0889e+01   0.0000e+00   6.5220e-05   3.3181e+02
20260526_21:00:00   1.4165e-01   3.9764e+01   1.3457e+01   0.0000e+00   1.9346e-03   3.3273e+02
20260527_00:00:00   2.0212e-01   5.4204e+01   1.9810e+01   0.0000e+00   5.8026e-03   3.3205e+02
20260527_03:00:00   2.2421e-01   5.9191e+01   2.1168e+01   0.0000e+00   2.7524e-02   3.2975e+02
20260527_06:00:00   2.2882e-01   6.0197e+01   2.1387e+01   0.0000e+00   5.5528e-04   3.2725e+02
20260527_09:00:00   2.0597e-01   5.4849e+01   1.9775e+01   0.0000e+00   7.8270e-03   3.2834e+02
20260527_12:00:00   2.0630e-01   5.4759e+01   2.0735e+01   0.0000e+00   5.7235e-03   3.2913e+02
