#            date       tau255        Tb[K]      pwv[mm] lwp[kg*m^-2] iwp[kg*m^-2]       o3[DU]
20260202_12:00:00   7.6011e-02   2.1137e+01   1.9822e+00   0.0000e+00   4.8410e-06   4.2280e+02
20260202_13:00:00   7.5040e-02   2.0935e+01   1.8862e+00   0.0000e+00   5.2180e-07   4.1994e+02
20260202_14:00:00   7.5157e-02   2.1015e+01   1.9417e+00   0.0000e+00   5.2180e-07   4.0658e+02
20260202_15:00:00   7.5547e-02   2.1148e+01   2.0348e+00   0.0000e+00   0.0000e+00   4.0114e+02
20260202_16:00:00   7.6180e-02   2.1333e+01   2.2207e+00   0.0000e+00   0.0000e+00   3.9666e+02
20260202_17:00:00   7.8260e-02   2.1849e+01   2.6168e+00   0.0000e+00   4.9307e-05   4.0266e+02
20260202_18:00:00   8.1580e-02   2.2652e+01   3.1592e+00   0.0000e+00   0.0000e+00   3.9672e+02
20260202_19:00:00   9.1407e-02   2.4977e+01   4.5885e+00   0.0000e+00   0.0000e+00   3.8272e+02
20260202_20:00:00   9.9824e-02   2.7007e+01   5.5749e+00   0.0000e+00   2.2440e-04   3.6014e+02
20260202_21:00:00   1.0233e-01   2.7642e+01   5.7139e+00   0.0000e+00   2.4496e-03   3.5912e+02
20260202_22:00:00   1.0408e-01   2.8083e+01   5.8022e+00   0.0000e+00   5.0961e-03   3.6669e+02
20260202_23:00:00   1.0212e-01   2.7603e+01   5.4863e+00   0.0000e+00   5.0509e-03   3.6282e+02
20260203_00:00:00   9.9322e-02   2.6948e+01   5.1321e+00   0.0000e+00   5.4718e-03   3.5371e+02
20260203_01:00:00   9.7832e-02   2.6602e+01   4.9594e+00   0.0000e+00   9.8628e-03   3.5146e+02
20260203_02:00:00   9.6413e-02   2.6293e+01   4.8317e+00   0.0000e+00   1.3564e-02   3.4545e+02
20260203_03:00:00   9.5088e-02   2.6002e+01   4.7268e+00   2.6840e-06   1.5279e-02   3.4424e+02
20260203_04:00:00   9.5206e-02   2.6040e+01   4.8521e+00   0.0000e+00   1.3260e-02   3.4205e+02
20260203_05:00:00   9.6026e-02   2.6242e+01   5.0649e+00   1.4970e-05   1.4934e-02   3.4380e+02
20260203_06:00:00   9.7210e-02   2.6540e+01   5.3615e+00   1.3424e-05   1.0359e-02   3.3915e+02
20260203_07:00:00   9.9248e-02   2.7023e+01   5.7602e+00   4.1817e-05   1.1170e-02   3.3295e+02
20260203_08:00:00   1.0137e-01   2.7547e+01   6.1178e+00   1.2797e-04   1.1453e-02   3.3142e+02
20260203_09:00:00   1.0274e-01   2.7886e+01   6.3918e+00   2.0660e-04   8.3756e-03   3.3139e+02
20260203_10:00:00   1.0811e-01   2.9165e+01   6.8358e+00   3.1020e-03   6.1109e-03   3.3217e+02
20260203_11:00:00   1.0823e-01   2.9205e+01   6.8746e+00   3.3060e-03   3.5138e-03   3.3040e+02
20260203_12:00:00   1.1235e-01   3.0150e+01   7.3271e+00   4.4000e-03   3.3918e-03   3.2864e+02
20260203_13:00:00   1.1677e-01   3.1207e+01   7.9509e+00   4.3140e-03   2.7703e-03   3.3118e+02
20260203_14:00:00   1.1772e-01   3.1443e+01   8.2831e+00   2.5320e-03   3.7170e-03   3.3350e+02
20260203_15:00:00   1.1867e-01   3.1693e+01   8.7097e+00   6.6320e-04   1.2277e-02   3.3813e+02
20260203_16:00:00   1.2686e-01   3.3625e+01   9.8338e+00   0.0000e+00   2.3812e-02   3.4372e+02
20260203_17:00:00   1.3969e-01   3.6617e+01   1.1256e+01   2.4347e-04   4.3268e-02   3.4020e+02
20260203_18:00:00   1.5408e-01   3.9913e+01   1.1803e+01   1.0182e-02   1.0390e-01   3.3890e+02
20260203_19:00:00   1.6065e-01   4.1420e+01   1.1775e+01   1.7218e-02   4.1363e-02   3.3632e+02
20260203_20:00:00   1.5761e-01   4.0758e+01   1.1826e+01   1.2333e-02   8.0305e-02   3.3909e+02
20260203_21:00:00   1.5539e-01   4.0254e+01   1.2058e+01   6.6399e-03   1.4378e-01   3.4485e+02
20260203_22:00:00   1.7077e-01   4.3720e+01   1.2100e+01   2.2738e-02   2.0157e-01   3.4700e+02
20260203_23:00:00   2.0134e-01   5.0444e+01   1.1986e+01   5.7903e-02   1.3501e-01   3.5601e+02
20260204_00:00:00   2.1486e-01   5.3294e+01   1.1950e+01   7.2147e-02   2.8731e-01   3.6789e+02
20260204_01:00:00   1.9794e-01   4.9667e+01   1.1770e+01   5.4306e-02   2.4710e-01   3.6799e+02
20260204_02:00:00   1.5214e-01   3.9525e+01   1.1200e+01   6.8807e-03   2.4037e-01   3.7387e+02
20260204_03:00:00   1.3733e-01   3.6221e+01   1.0049e+01   0.0000e+00   1.8912e-02   3.7817e+02
20260204_04:00:00   1.3233e-01   3.5033e+01   9.4456e+00   2.2536e-04   3.0883e-03   3.7836e+02
20260204_05:00:00   1.2875e-01   3.4190e+01   8.8184e+00   1.5948e-03   2.8983e-03   3.7659e+02
20260204_06:00:00   1.2821e-01   3.4076e+01   8.3856e+00   4.8666e-03   3.2733e-03   3.7337e+02
20260204_07:00:00   1.3073e-01   3.4667e+01   8.0461e+00   1.0722e-02   6.3804e-03   3.7493e+02
20260204_08:00:00   1.3025e-01   3.4531e+01   7.8353e+00   1.1851e-02   6.2158e-03   3.7640e+02
20260204_09:00:00   1.2694e-01   3.3731e+01   7.7318e+00   8.8050e-03   4.1115e-03   3.8061e+02
20260204_10:00:00   1.2199e-01   3.2524e+01   7.7435e+00   3.5792e-03   1.5099e-03   3.8186e+02
20260204_11:00:00   1.1934e-01   3.1878e+01   7.7957e+00   5.5770e-04   9.3941e-04   3.8259e+02
20260204_12:00:00   1.1809e-01   3.1543e+01   7.6986e+00   1.2553e-04   6.8348e-04   3.7948e+02
20260204_13:00:00   1.1242e-01   3.0200e+01   6.9795e+00   1.2897e-04   1.7192e-03   3.8361e+02
20260204_14:00:00   1.0228e-01   2.7858e+01   5.7387e+00   1.2482e-04   4.8239e-03   3.8699e+02
20260204_15:00:00   9.6679e-02   2.6544e+01   4.9207e+00   9.9520e-04   9.4975e-03   3.9065e+02
20260204_16:00:00   9.4235e-02   2.5984e+01   4.6261e+00   5.1660e-04   1.5227e-02   3.9114e+02
20260204_17:00:00   9.4316e-02   2.6011e+01   4.5712e+00   8.8260e-04   1.8073e-02   3.8584e+02
20260204_18:00:00   1.0510e-01   2.8571e+01   5.0718e+00   8.0135e-03   2.4458e-02   3.8550e+02
20260204_19:00:00   1.0947e-01   2.9597e+01   4.8941e+00   1.4778e-02   1.6821e-02   3.8286e+02
20260204_20:00:00   9.5870e-02   2.6356e+01   4.6043e+00   2.3840e-03   9.5417e-03   3.9314e+02
20260204_21:00:00   9.2470e-02   2.5535e+01   4.3511e+00   1.9656e-04   5.8420e-03   3.9889e+02
20260204_22:00:00   9.4189e-02   2.5921e+01   4.3552e+00   1.2566e-03   6.4269e-03   3.9368e+02
20260204_23:00:00   9.5326e-02   2.6116e+01   4.1007e+00   4.3725e-03   7.9518e-03   3.9859e+02
20260205_00:00:00   9.3661e-02   2.5668e+01   3.9766e+00   3.7472e-03   7.0685e-03   4.0247e+02
20260205_01:00:00   9.6891e-02   2.6395e+01   3.9427e+00   8.0311e-03   1.1118e-02   4.1013e+02
20260205_02:00:00   9.0755e-02   2.4904e+01   3.8577e+00   2.1684e-03   8.8960e-03   4.1858e+02
20260205_03:00:00   8.8934e-02   2.4441e+01   3.8355e+00   5.4040e-04   4.7101e-03   4.2128e+02
20260205_04:00:00   8.9236e-02   2.4477e+01   3.8873e+00   6.9864e-04   6.9875e-03   4.2053e+02
20260205_05:00:00   8.8761e-02   2.4329e+01   3.9319e+00   1.5840e-04   8.9347e-03   4.0959e+02
20260205_06:00:00   8.7609e-02   2.4029e+01   3.8549e+00   0.0000e+00   5.4485e-03   4.0692e+02
20260205_07:00:00   8.6254e-02   2.3681e+01   3.7111e+00   0.0000e+00   6.1995e-03   3.8743e+02
20260205_08:00:00   8.5076e-02   2.3390e+01   3.5731e+00   2.0767e-06   4.8868e-03   3.8234e+02
20260205_09:00:00   8.3722e-02   2.3063e+01   3.3773e+00   4.1630e-06   1.8058e-03   3.8723e+02
20260205_10:00:00   8.2057e-02   2.2667e+01   3.1173e+00   1.0400e-05   3.4065e-04   4.0352e+02
20260205_11:00:00   8.1375e-02   2.2503e+01   3.0060e+00   2.9120e-05   7.8440e-05   4.3058e+02
20260205_12:00:00   8.2314e-02   2.2719e+01   3.1545e+00   1.0795e-04   6.4538e-05   4.3587e+02
20260205_13:00:00   8.2430e-02   2.2761e+01   3.1650e+00   1.1608e-04   5.5412e-05   4.3147e+02
20260205_14:00:00   8.2193e-02   2.2741e+01   3.1276e+00   0.0000e+00   3.7226e-05   4.1873e+02
20260205_15:00:00   8.2243e-02   2.2792e+01   3.0791e+00   0.0000e+00   4.0396e-05   4.1128e+02
20260205_16:00:00   8.2567e-02   2.2904e+01   3.1674e+00   0.0000e+00   1.6715e-05   4.0524e+02
20260205_17:00:00   8.2976e-02   2.3034e+01   3.2933e+00   0.0000e+00   2.1480e-06   4.0207e+02
20260205_18:00:00   8.3855e-02   2.3265e+01   3.4563e+00   0.0000e+00   7.5180e-06   4.1166e+02
20260205_19:00:00   8.5735e-02   2.3709e+01   3.7129e+00   0.0000e+00   3.5200e-05   4.0268e+02
20260205_20:00:00   8.6717e-02   2.3935e+01   3.8603e+00   0.0000e+00   6.0980e-05   4.0234e+02
20260205_21:00:00   8.6871e-02   2.3961e+01   3.8863e+00   0.0000e+00   1.7967e-03   4.0361e+02
20260205_22:00:00   8.9355e-02   2.4507e+01   4.2396e+00   0.0000e+00   1.1588e-02   4.0262e+02
20260205_23:00:00   9.1544e-02   2.4959e+01   4.5399e+00   0.0000e+00   2.0989e-02   3.9819e+02
20260206_00:00:00   9.2786e-02   2.5222e+01   4.7137e+00   2.6840e-06   2.6384e-02   4.0038e+02
20260206_01:00:00   9.4789e-02   2.5669e+01   5.0362e+00   0.0000e+00   4.3820e-02   4.0686e+02
20260206_02:00:00   9.5909e-02   2.5912e+01   5.2039e+00   0.0000e+00   3.5425e-02   4.1051e+02
20260206_03:00:00   9.6404e-02   2.6018e+01   5.2807e+00   0.0000e+00   1.3906e-02   4.1017e+02
20260206_04:00:00   9.5199e-02   2.5742e+01   5.1267e+00   0.0000e+00   4.2274e-03   4.1491e+02
20260206_05:00:00   9.3814e-02   2.5444e+01   4.9551e+00   0.0000e+00   1.2650e-03   4.2746e+02
20260206_06:00:00   9.1754e-02   2.4977e+01   4.6672e+00   0.0000e+00   4.2106e-05   4.1805e+02
20260206_07:00:00   9.1287e-02   2.4895e+01   4.5932e+00   0.0000e+00   1.5589e-05   4.1391e+02
20260206_08:00:00   9.2604e-02   2.5232e+01   4.7988e+00   0.0000e+00   1.0292e-03   3.9791e+02
20260206_09:00:00   9.4969e-02   2.5795e+01   5.1445e+00   0.0000e+00   5.6234e-03   3.9624e+02
20260206_10:00:00   9.6235e-02   2.6133e+01   5.4463e+00   0.0000e+00   1.1951e-02   3.9780e+02
20260206_11:00:00   1.0053e-01   2.7153e+01   6.0969e+00   0.0000e+00   1.5275e-04   3.9219e+02
20260206_12:00:00   1.0367e-01   2.7921e+01   6.3943e+00   0.0000e+00   2.6733e-05   3.8000e+02
20260206_13:00:00   1.0599e-01   2.8528e+01   6.6267e+00   0.0000e+00   1.2134e-05   3.7476e+02
20260206_14:00:00   1.0669e-01   2.8747e+01   6.8061e+00   0.0000e+00   1.4245e-05   3.7611e+02
20260206_15:00:00   1.0795e-01   2.9066e+01   7.1131e+00   0.0000e+00   1.8506e-03   3.8299e+02
20260206_16:00:00   1.1576e-01   3.0868e+01   8.0905e+00   0.0000e+00   2.0085e-02   3.9085e+02
20260206_17:00:00   1.2498e-01   3.3066e+01   8.8064e+00   2.6223e-03   4.7341e-02   3.9746e+02
20260206_18:00:00   1.2916e-01   3.4143e+01   9.1599e+00   1.1684e-03   1.7550e-01   3.9554e+02
20260206_19:00:00   1.2582e-01   3.3470e+01   8.6141e+00   3.1140e-04   1.6768e-01   3.9647e+02
20260206_20:00:00   1.2422e-01   3.3108e+01   8.2088e+00   2.2123e-03   1.1662e-01   3.9533e+02
20260206_21:00:00   1.4331e-01   3.7433e+01   8.1315e+00   2.4979e-02   6.8764e-02   3.9079e+02
20260206_22:00:00   1.3995e-01   3.6738e+01   7.3134e+00   2.8380e-02   4.5552e-02   3.8670e+02
20260206_23:00:00   1.6610e-01   4.2808e+01   6.7958e+00   6.2320e-02   4.5187e-02   3.7751e+02
20260207_00:00:00   1.4316e-01   3.7534e+01   6.3960e+00   4.0628e-02   5.3183e-02   3.7191e+02
20260207_01:00:00   1.1718e-01   3.1419e+01   6.1955e+00   1.4681e-02   3.4370e-02   3.6189e+02
20260207_02:00:00   1.0781e-01   2.9158e+01   6.3332e+00   4.6300e-03   2.4316e-02   3.5264e+02
20260207_03:00:00   1.0345e-01   2.8081e+01   6.3984e+00   1.3424e-05   1.6451e-02   3.4490e+02
20260207_04:00:00   1.0234e-01   2.7792e+01   6.2988e+00   0.0000e+00   7.6636e-03   3.4756e+02
20260207_05:00:00   1.0125e-01   2.7513e+01   6.1326e+00   0.0000e+00   8.4262e-03   3.5056e+02
20260207_06:00:00   1.0118e-01   2.7460e+01   6.1058e+00   0.0000e+00   2.1407e-02   3.5770e+02
20260207_07:00:00   9.7742e-02   2.6559e+01   5.6649e+00   0.0000e+00   1.0451e-02   3.6282e+02
20260207_08:00:00   9.2535e-02   2.5282e+01   4.8892e+00   0.0000e+00   4.4085e-03   3.6674e+02
20260207_09:00:00   8.3305e-02   2.3104e+01   3.5360e+00   0.0000e+00   4.1145e-04   3.6727e+02
20260207_10:00:00   8.0901e-02   2.2505e+01   3.1709e+00   0.0000e+00   3.9812e-04   3.6506e+02
20260207_11:00:00   7.9663e-02   2.2185e+01   2.9709e+00   1.9200e-05   2.0434e-04   3.6185e+02
20260207_12:00:00   7.9032e-02   2.2016e+01   2.8793e+00   0.0000e+00   7.7135e-05   3.6698e+02
20260207_15:00:00   7.9319e-02   2.2109e+01   2.9801e+00   0.0000e+00   1.0738e-06   3.9022e+02
20260207_18:00:00   8.2418e-02   2.2927e+01   3.5349e+00   0.0000e+00   1.0738e-06   3.8887e+02
20260207_21:00:00   9.1618e-02   2.5128e+01   4.7410e+00   0.0000e+00   1.3387e-04   3.7699e+02
20260208_00:00:00   9.5569e-02   2.5986e+01   5.1338e+00   0.0000e+00   6.9082e-04   3.7378e+02
20260208_03:00:00   9.4613e-02   2.5763e+01   4.9360e+00   0.0000e+00   3.5461e-04   3.6198e+02
20260208_06:00:00   9.0133e-02   2.4724e+01   4.2108e+00   0.0000e+00   8.0571e-05   3.5504e+02
20260208_09:00:00   8.6312e-02   2.3810e+01   3.6188e+00   0.0000e+00   1.3423e-04   3.7286e+02
20260208_12:00:00   8.3044e-02   2.3053e+01   3.1517e+00   0.0000e+00   2.3433e-04   3.7798e+02
20260208_15:00:00   8.3914e-02   2.3341e+01   3.3817e+00   4.5640e-05   3.3082e-04   3.7965e+02
20260208_18:00:00   8.7183e-02   2.4163e+01   3.9867e+00   0.0000e+00   1.2278e-03   3.8005e+02
20260208_21:00:00   9.3326e-02   2.5575e+01   4.9879e+00   5.1420e-05   3.4622e-03   3.7661e+02
20260209_00:00:00   9.5811e-02   2.6104e+01   5.3321e+00   1.6858e-04   5.5927e-04   3.7183e+02
20260209_03:00:00   9.7694e-02   2.6547e+01   5.5805e+00   0.0000e+00   2.4791e-04   3.8286e+02
20260209_06:00:00   1.0149e-01   2.7417e+01   6.0756e+00   0.0000e+00   1.6486e-04   3.7800e+02
20260209_09:00:00   1.0560e-01   2.8393e+01   6.6656e+00   0.0000e+00   1.3537e-03   3.7119e+02
20260209_12:00:00   1.1008e-01   2.9408e+01   7.2291e+00   0.0000e+00   4.6284e-04   3.7155e+02
20260209_15:00:00   1.1056e-01   2.9593e+01   7.0347e+00   1.5054e-03   7.5308e-04   3.7156e+02
20260209_18:00:00   1.0843e-01   2.9165e+01   6.9575e+00   3.3725e-04   3.1562e-03   3.7052e+02
20260209_21:00:00   1.0233e-01   2.7752e+01   6.4488e+00   8.8120e-05   2.1527e-03   3.6388e+02
20260210_00:00:00   9.5574e-02   2.6145e+01   5.3095e+00   4.1340e-04   1.5459e-03   3.6581e+02
20260210_03:00:00   8.5157e-02   2.3654e+01   3.7578e+00   1.9200e-05   1.7606e-04   3.6565e+02
20260210_06:00:00   7.8874e-02   2.2148e+01   3.0059e+00   0.0000e+00   9.1330e-05   3.5645e+02
20260210_09:00:00   7.4932e-02   2.1177e+01   2.4217e+00   0.0000e+00   6.9650e-06   3.4642e+02
20260210_12:00:00   6.9746e-02   1.9917e+01   1.6696e+00   0.0000e+00   0.0000e+00   3.4429e+02
20260210_15:00:00   6.8668e-02   1.9711e+01   1.5419e+00   0.0000e+00   0.0000e+00   3.4822e+02
20260210_18:00:00   7.5631e-02   2.1489e+01   2.4998e+00   0.0000e+00   0.0000e+00   3.4671e+02
20260210_21:00:00   8.0706e-02   2.2753e+01   3.1642e+00   0.0000e+00   0.0000e+00   3.3728e+02
20260211_00:00:00   8.2153e-02   2.3075e+01   3.3637e+00   0.0000e+00   1.1271e-04   3.3592e+02
20260211_03:00:00   8.0410e-02   2.2667e+01   3.3155e+00   0.0000e+00   1.4400e-06   3.3214e+02
20260211_06:00:00   8.0575e-02   2.2713e+01   3.4105e+00   0.0000e+00   0.0000e+00   3.2824e+02
20260211_09:00:00   8.0593e-02   2.2775e+01   3.4994e+00   0.0000e+00   1.7098e-03   3.3208e+02
20260211_12:00:00   7.9073e-02   2.2476e+01   3.3333e+00   0.0000e+00   9.3991e-03   3.2587e+02
20260211_15:00:00   8.0310e-02   2.2846e+01   3.6901e+00   0.0000e+00   4.4095e-03   3.2287e+02
20260211_18:00:00   8.4383e-02   2.3896e+01   4.3690e+00   0.0000e+00   1.4460e-03   3.1435e+02
20260211_21:00:00   9.0401e-02   2.5428e+01   5.1347e+00   1.1678e-03   4.0960e-04   3.0922e+02
20260212_00:00:00   8.8677e-02   2.4925e+01   5.1571e+00   0.0000e+00   3.4500e-03   3.0711e+02
20260212_03:00:00   8.9308e-02   2.5076e+01   5.4287e+00   0.0000e+00   3.0610e-03   3.0659e+02
20260212_06:00:00   9.3773e-02   2.6122e+01   6.2184e+00   0.0000e+00   7.2115e-02   3.0288e+02
20260212_09:00:00   1.0108e-01   2.8023e+01   7.2108e+00   0.0000e+00   1.0247e-02   2.9699e+02
20260212_12:00:00   1.2435e-01   3.3739e+01   9.9820e+00   0.0000e+00   1.0022e-02   2.9551e+02
20260212_15:00:00   1.4451e-01   3.8680e+01   1.2099e+01   2.4320e-04   5.4209e-03   2.9453e+02
20260212_18:00:00   1.8623e-01   4.8310e+01   1.3142e+01   3.7854e-02   1.7580e-02   2.9245e+02
20260212_21:00:00   1.6611e-01   4.3543e+01   1.5359e+01   1.9370e-03   1.6517e-01   2.8811e+02
20260213_00:00:00   1.9275e-01   4.9411e+01   1.9447e+01   9.1780e-05   1.1679e-01   2.8117e+02
20260213_03:00:00   6.4068e-01   1.3034e+02   2.1977e+01   4.7968e-01   4.7320e-01   2.7355e+02
20260213_06:00:00   6.7399e-01   1.3487e+02   2.1873e+01   5.1304e-01   8.3097e-01   2.7224e+02
20260213_09:00:00   6.4816e-01   1.3175e+02   2.0231e+01   5.0352e-01   1.9148e-01   2.8571e+02
20260213_12:00:00   1.4906e-01   3.9492e+01   1.2193e+01   1.8109e-03   2.3220e-01   3.2164e+02
20260213_15:00:00   1.2402e-01   3.3827e+01   8.0175e+00   3.4159e-03   1.3668e-05   3.2731e+02
20260213_18:00:00   1.0983e-01   3.0431e+01   6.7842e+00   0.0000e+00   0.0000e+00   3.2597e+02
20260213_21:00:00   1.0403e-01   2.8935e+01   6.6126e+00   0.0000e+00   9.6646e-03   3.3267e+02
20260214_00:00:00   9.7699e-02   2.7374e+01   5.7491e+00   0.0000e+00   0.0000e+00   3.4647e+02
20260214_03:00:00   9.9898e-02   2.7870e+01   6.3389e+00   0.0000e+00   2.6680e-05   3.4372e+02
20260214_06:00:00   1.0884e-01   3.0059e+01   7.3949e+00   0.0000e+00   1.7394e-06   3.4184e+02
20260214_09:00:00   1.1990e-01   3.2656e+01   8.8385e+00   1.3954e-03   1.2049e-02   3.4466e+02
20260214_12:00:00   1.5272e-01   4.0338e+01   1.0747e+01   2.2538e-02   1.5425e-01   3.4722e+02
20260214_15:00:00   1.5441e-01   4.0687e+01   1.2200e+01   1.0484e-02   2.2040e-01   3.7050e+02
20260214_18:00:00   1.8815e-01   4.8423e+01   1.4119e+01   2.7993e-02   3.3711e-01   3.8820e+02
20260214_21:00:00   2.0357e-01   5.1997e+01   1.5106e+01   3.6216e-02   1.7803e-01   4.0675e+02
20260215_00:00:00   5.0921e-01   1.0966e+02   1.2783e+01   4.0322e-01   1.2168e-01   4.4057e+02
20260215_03:00:00   1.3315e-01   3.5132e+01   1.0392e+01   7.6720e-04   2.4063e-01   4.4287e+02
20260215_06:00:00   1.1604e-01   3.1072e+01   8.3987e+00   0.0000e+00   1.0241e-01   4.2832e+02
20260215_09:00:00   9.9798e-02   2.7343e+01   5.9705e+00   4.1080e-05   3.5987e-02   4.2649e+02
20260215_12:00:00   8.1699e-02   2.3045e+01   3.3061e+00   7.5800e-04   7.8643e-03   3.7144e+02
20260215_15:00:00   8.3987e-02   2.3681e+01   3.6573e+00   1.3446e-03   1.6103e-03   3.5303e+02
20260215_18:00:00   9.6324e-02   2.6817e+01   4.7552e+00   6.7040e-03   8.7314e-04   3.4076e+02
20260215_21:00:00   1.0660e-01   2.9376e+01   7.0348e+00   0.0000e+00   9.0360e-05   3.3093e+02
20260216_00:00:00   1.0803e-01   2.9720e+01   7.6413e+00   0.0000e+00   8.6650e-07   3.2238e+02
20260216_03:00:00   1.1423e-01   3.1267e+01   8.8391e+00   0.0000e+00   4.8320e-06   3.1839e+02
20260216_06:00:00   1.1000e-01   3.0363e+01   8.1582e+00   0.0000e+00   0.0000e+00   3.0996e+02
20260216_09:00:00   1.1564e-01   3.1852e+01   8.8228e+00   0.0000e+00   0.0000e+00   3.1022e+02
20260216_12:00:00   1.2270e-01   3.3545e+01   9.6957e+00   0.0000e+00   0.0000e+00   3.1987e+02
20260216_15:00:00   1.3083e-01   3.5585e+01   1.0714e+01   0.0000e+00   0.0000e+00   3.1672e+02
20260216_18:00:00   1.3689e-01   3.7109e+01   1.1498e+01   0.0000e+00   7.7820e-07   3.1787e+02
20260216_21:00:00   1.3982e-01   3.7915e+01   1.1966e+01   0.0000e+00   1.1468e-05   3.1954e+02
20260217_00:00:00   1.4047e-01   3.7983e+01   1.2458e+01   0.0000e+00   1.2594e-04   3.2345e+02
20260217_03:00:00   1.2156e-01   3.3459e+01   1.0206e+01   0.0000e+00   1.3479e-03   3.1590e+02
20260217_06:00:00   1.1777e-01   3.2609e+01   9.7785e+00   0.0000e+00   1.3252e-02   3.1499e+02
20260217_09:00:00   1.1535e-01   3.2108e+01   9.1611e+00   0.0000e+00   3.8550e-02   3.1577e+02
20260217_12:00:00   1.2627e-01   3.4693e+01   1.0980e+01   0.0000e+00   6.3964e-02   3.1386e+02
20260217_15:00:00   1.4634e-01   3.9547e+01   1.3916e+01   0.0000e+00   8.2051e-04   3.1362e+02
20260217_18:00:00   1.6128e-01   4.3153e+01   1.6106e+01   0.0000e+00   1.0498e-01   3.1138e+02
20260217_21:00:00   1.8337e-01   4.8187e+01   1.8666e+01   6.6720e-03   2.9712e-02   3.0633e+02
20260218_00:00:00   4.2456e-01   9.7633e+01   2.4031e+01   2.2994e-01   4.9090e-03   2.9948e+02
20260218_03:00:00   3.2732e-01   7.9556e+01   2.4404e+01   1.0931e-01   1.1432e-02   2.9318e+02
20260218_06:00:00   2.3628e-01   6.0551e+01   2.4541e+01   7.8040e-04   9.3562e-03   2.8469e+02
20260218_09:00:00   2.6524e-01   6.6846e+01   2.4045e+01   3.7180e-02   3.1748e-02   2.8449e+02
20260218_12:00:00   1.9898e-01   5.2352e+01   2.0252e+01   0.0000e+00   8.9410e-03   2.8940e+02
