#            date       tau255        Tb[K]      pwv[mm] lwp[kg*m^-2] iwp[kg*m^-2]       o3[DU]
20260120_06:00:00   7.3908e-02   2.0635e+01   1.7683e+00   0.0000e+00   0.0000e+00   3.7019e+02
20260120_07:00:00   7.4055e-02   2.0653e+01   1.8031e+00   0.0000e+00   0.0000e+00   3.7421e+02
20260120_08:00:00   7.5348e-02   2.0938e+01   2.0332e+00   0.0000e+00   0.0000e+00   3.8055e+02
20260120_09:00:00   7.6582e-02   2.1207e+01   2.2059e+00   0.0000e+00   0.0000e+00   3.8351e+02
20260120_10:00:00   7.7240e-02   2.1334e+01   2.2584e+00   0.0000e+00   0.0000e+00   3.8823e+02
20260120_11:00:00   7.6821e-02   2.1213e+01   2.1706e+00   0.0000e+00   0.0000e+00   3.9500e+02
20260120_12:00:00   7.5571e-02   2.0907e+01   1.9509e+00   0.0000e+00   1.0738e-05   3.8729e+02
20260120_13:00:00   7.4155e-02   2.0582e+01   1.7213e+00   0.0000e+00   0.0000e+00   3.9004e+02
20260120_14:00:00   7.2921e-02   2.0313e+01   1.5357e+00   0.0000e+00   0.0000e+00   3.9699e+02
20260120_15:00:00   7.2587e-02   2.0261e+01   1.4974e+00   0.0000e+00   0.0000e+00   3.9558e+02
20260120_16:00:00   7.2844e-02   2.0340e+01   1.5390e+00   0.0000e+00   0.0000e+00   3.9506e+02
20260120_17:00:00   7.3333e-02   2.0467e+01   1.6105e+00   0.0000e+00   0.0000e+00   3.9362e+02
20260120_18:00:00   7.4273e-02   2.0697e+01   1.7317e+00   0.0000e+00   0.0000e+00   3.9558e+02
20260120_19:00:00   7.4975e-02   2.0874e+01   1.8277e+00   0.0000e+00   0.0000e+00   3.9676e+02
20260120_20:00:00   7.4795e-02   2.0845e+01   1.7955e+00   0.0000e+00   0.0000e+00   4.0094e+02
20260120_21:00:00   7.4368e-02   2.0763e+01   1.7793e+00   0.0000e+00   0.0000e+00   3.9922e+02
20260120_22:00:00   7.4356e-02   2.0779e+01   1.8419e+00   0.0000e+00   0.0000e+00   3.9368e+02
20260120_23:00:00   7.4390e-02   2.0803e+01   1.9144e+00   0.0000e+00   0.0000e+00   3.8358e+02
20260121_00:00:00   7.3934e-02   2.0711e+01   1.8811e+00   0.0000e+00   0.0000e+00   3.8175e+02
20260121_01:00:00   7.4236e-02   2.0806e+01   1.9913e+00   0.0000e+00   0.0000e+00   3.7914e+02
20260121_02:00:00   7.5312e-02   2.1079e+01   2.2085e+00   0.0000e+00   0.0000e+00   3.6999e+02
20260121_03:00:00   7.7358e-02   2.1572e+01   2.5866e+00   0.0000e+00   0.0000e+00   3.6055e+02
20260121_04:00:00   7.9283e-02   2.2037e+01   2.9186e+00   0.0000e+00   0.0000e+00   3.5557e+02
20260121_05:00:00   8.1012e-02   2.2457e+01   3.2271e+00   0.0000e+00   0.0000e+00   3.5309e+02
20260121_06:00:00   8.4828e-02   2.3385e+01   3.8300e+00   0.0000e+00   8.1580e-06   3.5013e+02
20260121_07:00:00   9.1285e-02   2.4961e+01   4.7226e+00   0.0000e+00   1.0306e-05   3.4822e+02
20260121_08:00:00   9.6577e-02   2.6246e+01   5.4113e+00   0.0000e+00   5.2320e-06   3.4679e+02
20260121_09:00:00   1.0178e-01   2.7507e+01   6.1133e+00   0.0000e+00   8.1580e-06   3.4368e+02
20260121_10:00:00   1.0401e-01   2.8066e+01   6.4529e+00   0.0000e+00   1.7986e-05   3.4079e+02
20260121_11:00:00   1.0312e-01   2.7883e+01   6.3770e+00   0.0000e+00   2.0156e-05   3.3975e+02
20260121_12:00:00   9.9236e-02   2.6989e+01   5.9088e+00   0.0000e+00   2.3082e-05   3.4034e+02
20260121_13:00:00   9.7229e-02   2.6531e+01   5.6580e+00   0.0000e+00   9.8280e-06   3.3969e+02
20260121_14:00:00   9.2984e-02   2.5582e+01   4.9920e+00   0.0000e+00   0.0000e+00   3.3626e+02
20260121_15:00:00   9.0326e-02   2.4983e+01   4.7172e+00   0.0000e+00   0.0000e+00   3.3487e+02
20260121_16:00:00   8.7946e-02   2.4438e+01   4.4233e+00   0.0000e+00   2.6796e-04   3.3475e+02
20260121_17:00:00   8.6760e-02   2.4184e+01   4.2739e+00   0.0000e+00   2.2228e-03   3.3358e+02
20260121_18:00:00   1.0353e-01   2.8240e+01   6.6030e+00   0.0000e+00   1.4835e-02   3.3457e+02
20260121_19:00:00   1.1415e-01   3.0781e+01   7.8053e+00   6.8220e-04   1.1187e-02   3.3708e+02
20260121_20:00:00   1.1720e-01   3.1474e+01   8.3392e+00   0.0000e+00   2.9777e-03   3.3794e+02
20260121_21:00:00   1.1854e-01   3.1779e+01   8.5904e+00   0.0000e+00   1.1371e-02   3.4140e+02
20260121_22:00:00   1.2011e-01   3.2123e+01   8.7611e+00   0.0000e+00   3.5798e-02   3.4199e+02
20260121_23:00:00   1.3099e-01   3.4619e+01   1.0023e+01   0.0000e+00   9.5136e-02   3.4274e+02
20260122_00:00:00   1.3605e-01   3.5790e+01   1.0475e+01   0.0000e+00   1.2541e-01   3.4169e+02
20260122_01:00:00   1.4133e-01   3.7033e+01   1.0974e+01   0.0000e+00   1.8719e-01   3.3737e+02
20260122_02:00:00   1.4362e-01   3.7604e+01   1.0991e+01   0.0000e+00   1.6506e-01   3.4788e+02
20260122_03:00:00   2.5576e-01   6.2082e+01   1.0435e+01   1.2792e-01   1.2921e-01   3.5543e+02
20260122_04:00:00   3.1098e-01   7.3288e+01   9.5956e+00   1.9557e-01   1.0852e-01   3.5595e+02
20260122_05:00:00   2.9722e-01   7.1022e+01   8.6418e+00   1.8829e-01   8.7203e-02   3.5503e+02
20260122_06:00:00   7.6165e-01   1.4480e+02   7.5386e+00   7.2003e-01   2.0594e-02   3.6019e+02
20260122_07:00:00   6.6933e-01   1.3264e+02   6.8778e+00   6.2226e-01   1.6634e-02   3.5698e+02
20260122_08:00:00   4.2412e-01   9.4604e+01   6.8493e+00   3.4871e-01   2.4533e-03   3.5741e+02
20260122_09:00:00   3.1530e-01   7.4306e+01   6.5843e+00   2.2976e-01   2.4011e-03   3.5998e+02
20260122_10:00:00   2.0808e-01   5.2301e+01   6.2519e+00   1.1270e-01   2.6424e-03   3.6293e+02
20260122_11:00:00   1.9114e-01   4.8682e+01   5.8997e+00   9.7483e-02   1.4426e-03   3.6532e+02
20260122_12:00:00   1.4522e-01   3.8288e+01   5.7365e+00   4.7504e-02   7.0565e-04   3.6412e+02
20260122_13:00:00   1.1107e-01   3.0207e+01   5.4816e+00   1.1954e-02   3.1124e-04   3.6191e+02
20260122_14:00:00   1.1746e-01   3.1728e+01   5.4780e+00   1.9180e-02   3.2464e-04   3.6049e+02
20260122_15:00:00   9.8473e-02   2.7171e+01   5.3431e+00   0.0000e+00   4.8735e-06   3.5856e+02
20260122_16:00:00   9.7023e-02   2.6852e+01   5.3008e+00   0.0000e+00   1.0738e-06   3.6181e+02
20260122_17:00:00   9.9191e-02   2.7397e+01   5.5978e+00   0.0000e+00   1.8760e-05   3.5965e+02
20260122_18:00:00   1.0139e-01   2.7931e+01   5.8335e+00   0.0000e+00   1.7182e-05   3.5481e+02
20260122_19:00:00   1.0343e-01   2.8415e+01   6.0822e+00   0.0000e+00   4.6234e-05   3.5483e+02
20260122_20:00:00   1.0390e-01   2.8510e+01   6.2063e+00   0.0000e+00   2.8171e-04   3.5517e+02
20260122_21:00:00   1.0387e-01   2.8499e+01   6.1870e+00   0.0000e+00   1.5604e-03   3.5398e+02
20260122_22:00:00   1.0507e-01   2.8739e+01   6.3710e+00   0.0000e+00   3.7383e-03   3.5600e+02
20260122_23:00:00   1.0675e-01   2.9066e+01   6.6368e+00   0.0000e+00   1.8411e-03   3.5599e+02
20260123_00:00:00   1.0779e-01   2.9271e+01   6.8395e+00   4.8580e-05   1.7902e-03   3.5685e+02
20260123_01:00:00   1.1088e-01   2.9982e+01   7.0815e+00   1.8426e-03   3.0191e-03   3.5496e+02
20260123_02:00:00   1.2802e-01   3.4029e+01   7.2438e+00   1.9936e-02   2.8236e-03   3.4947e+02
20260123_03:00:00   1.5357e-01   3.9982e+01   7.4696e+00   4.6740e-02   5.0066e-03   3.4675e+02
20260123_04:00:00   1.6605e-01   4.2810e+01   7.4800e+00   6.0540e-02   5.3863e-03   3.5009e+02
20260123_05:00:00   1.6047e-01   4.1511e+01   7.4717e+00   5.4540e-02   4.1136e-03   3.5660e+02
20260123_06:00:00   1.2606e-01   3.3499e+01   7.7766e+00   1.4722e-02   8.6792e-03   3.5751e+02
20260123_07:00:00   1.1934e-01   3.1851e+01   7.9713e+00   6.0480e-03   2.1412e-02   3.5619e+02
20260123_08:00:00   1.1427e-01   3.0616e+01   8.0685e+00   3.0800e-04   3.3968e-02   3.5381e+02
20260123_09:00:00   1.1297e-01   3.0271e+01   7.9709e+00   0.0000e+00   3.1428e-02   3.4842e+02
20260123_10:00:00   1.1394e-01   3.0465e+01   8.1664e+00   0.0000e+00   2.0807e-02   3.4142e+02
20260123_11:00:00   1.1376e-01   3.0387e+01   8.1693e+00   0.0000e+00   1.3424e-02   3.4016e+02
20260123_12:00:00   1.1109e-01   2.9735e+01   7.8398e+00   0.0000e+00   1.0327e-02   3.4118e+02
20260123_13:00:00   1.0547e-01   2.8412e+01   7.0676e+00   0.0000e+00   3.5804e-03   3.4160e+02
20260123_14:00:00   1.0112e-01   2.7390e+01   6.4697e+00   0.0000e+00   3.7267e-03   3.3228e+02
20260123_15:00:00   9.7797e-02   2.6612e+01   5.9800e+00   0.0000e+00   2.1543e-03   3.2509e+02
20260123_16:00:00   9.5846e-02   2.6150e+01   5.6891e+00   0.0000e+00   8.4688e-04   3.2440e+02
20260123_17:00:00   9.5225e-02   2.5999e+01   5.5403e+00   0.0000e+00   1.5066e-03   3.2725e+02
20260123_18:00:00   9.6399e-02   2.6249e+01   5.7117e+00   0.0000e+00   1.9659e-03   3.3147e+02
20260123_19:00:00   9.4669e-02   2.5823e+01   5.5222e+00   0.0000e+00   1.0185e-03   3.2892e+02
20260123_20:00:00   9.3857e-02   2.5608e+01   5.4304e+00   0.0000e+00   1.0546e-04   3.2667e+02
20260123_21:00:00   9.2195e-02   2.5194e+01   5.1383e+00   0.0000e+00   2.6348e-04   3.2054e+02
20260123_22:00:00   8.8728e-02   2.4335e+01   4.6882e+00   0.0000e+00   3.6478e-03   3.1599e+02
20260123_23:00:00   8.6620e-02   2.3791e+01   4.3948e+00   0.0000e+00   1.9614e-02   3.1274e+02
20260124_00:00:00   8.6069e-02   2.3651e+01   4.3129e+00   0.0000e+00   3.0753e-02   3.1161e+02
20260124_01:00:00   8.6160e-02   2.3640e+01   4.2864e+00   0.0000e+00   3.0945e-02   3.0895e+02
20260124_02:00:00   8.6493e-02   2.3709e+01   4.2940e+00   0.0000e+00   1.4873e-02   3.0713e+02
20260124_03:00:00   8.6894e-02   2.3786e+01   4.3455e+00   0.0000e+00   1.3405e-02   3.0716e+02
20260124_04:00:00   8.7447e-02   2.3897e+01   4.4202e+00   0.0000e+00   2.0970e-02   3.0578e+02
20260124_05:00:00   8.8848e-02   2.4218e+01   4.6293e+00   0.0000e+00   4.1051e-02   3.0351e+02
20260124_06:00:00   9.0055e-02   2.4500e+01   4.8208e+00   0.0000e+00   2.1271e-02   3.0151e+02
20260124_07:00:00   9.1169e-02   2.4754e+01   4.9850e+00   0.0000e+00   1.0521e-02   3.0071e+02
20260124_08:00:00   9.1805e-02   2.4916e+01   5.1139e+00   0.0000e+00   2.4576e-02   2.9930e+02
20260124_09:00:00   9.3491e-02   2.5301e+01   5.3452e+00   0.0000e+00   9.0517e-02   2.9890e+02
20260124_10:00:00   9.4727e-02   2.5614e+01   5.5757e+00   0.0000e+00   9.4831e-02   2.9811e+02
20260124_11:00:00   9.6775e-02   2.6086e+01   5.7860e+00   0.0000e+00   2.4279e-01   2.9954e+02
20260124_12:00:00   9.8975e-02   2.6620e+01   6.0990e+00   0.0000e+00   3.2676e-01   3.0128e+02
20260124_13:00:00   1.0107e-01   2.7108e+01   6.3250e+00   0.0000e+00   4.3506e-01   3.0255e+02
20260124_14:00:00   1.0418e-01   2.7856e+01   6.8020e+00   0.0000e+00   3.8088e-01   2.9897e+02
20260124_15:00:00   1.0710e-01   2.8556e+01   7.2330e+00   0.0000e+00   3.7283e-01   2.9467e+02
20260124_16:00:00   1.1048e-01   2.9369e+01   7.7399e+00   0.0000e+00   2.9678e-01   2.9359e+02
20260124_17:00:00   1.1380e-01   3.0159e+01   8.1350e+00   0.0000e+00   4.2545e-01   2.9363e+02
20260124_18:00:00   1.1629e-01   3.0778e+01   8.5096e+00   0.0000e+00   4.5430e-01   2.9375e+02
20260124_19:00:00   1.1975e-01   3.1583e+01   8.9576e+00   0.0000e+00   4.9906e-01   2.9078e+02
20260124_20:00:00   1.2556e-01   3.2961e+01   9.7877e+00   0.0000e+00   3.3083e-01   2.9043e+02
20260124_21:00:00   1.3019e-01   3.4021e+01   1.0243e+01   0.0000e+00   5.9617e-01   2.9197e+02
20260124_22:00:00   1.3545e-01   3.5241e+01   1.0900e+01   0.0000e+00   5.3902e-01   2.9219e+02
20260124_23:00:00   1.3957e-01   3.6193e+01   1.1340e+01   0.0000e+00   7.1832e-01   2.9426e+02
20260125_00:00:00   1.4197e-01   3.6769e+01   1.1676e+01   0.0000e+00   7.6485e-01   2.9331e+02
20260125_01:00:00   1.4423e-01   3.7311e+01   1.2001e+01   0.0000e+00   8.2346e-01   2.9242e+02
20260125_02:00:00   1.4519e-01   3.7543e+01   1.2109e+01   0.0000e+00   8.7544e-01   2.9090e+02
20260125_03:00:00   1.4607e-01   3.7748e+01   1.2226e+01   0.0000e+00   9.1344e-01   2.9127e+02
20260125_04:00:00   1.4589e-01   3.7714e+01   1.2260e+01   0.0000e+00   8.7425e-01   2.9066e+02
20260125_05:00:00   1.4662e-01   3.7897e+01   1.2376e+01   0.0000e+00   8.8793e-01   2.8983e+02
20260125_06:00:00   1.4728e-01   3.8055e+01   1.2497e+01   0.0000e+00   9.1132e-01   2.8878e+02
20260125_09:00:00   1.4917e-01   3.8540e+01   1.2977e+01   0.0000e+00   7.3810e-01   2.8978e+02
20260125_12:00:00   1.4830e-01   3.8347e+01   1.2916e+01   0.0000e+00   7.1196e-01   2.8900e+02
20260125_15:00:00   1.4675e-01   3.7979e+01   1.2818e+01   0.0000e+00   5.8587e-01   2.8660e+02
20260125_18:00:00   1.4283e-01   3.7063e+01   1.2318e+01   0.0000e+00   5.0805e-01   2.9073e+02
20260125_21:00:00   1.3434e-01   3.5094e+01   1.1198e+01   4.7760e-05   1.7040e-01   2.9963e+02
20260126_00:00:00   1.0021e-01   2.7175e+01   6.2552e+00   1.3424e-05   4.0143e-02   3.0425e+02
20260126_03:00:00   8.7181e-02   2.4023e+01   4.1754e+00   0.0000e+00   1.5445e-02   3.0372e+02
20260126_06:00:00   8.7889e-02   2.4118e+01   4.1828e+00   0.0000e+00   5.3000e-03   3.0430e+02
20260126_09:00:00   9.0406e-02   2.4619e+01   4.3669e+00   0.0000e+00   1.2135e-02   3.0869e+02
20260126_12:00:00   8.8697e-02   2.4140e+01   3.6823e+00   0.0000e+00   1.5019e-03   3.1147e+02
20260126_15:00:00   8.2964e-02   2.2777e+01   2.6735e+00   7.9300e-06   2.6717e-03   3.2049e+02
20260126_18:00:00   8.6701e-02   2.3568e+01   2.0177e+00   8.9100e-03   1.1434e-02   3.4610e+02
20260126_21:00:00   7.9311e-02   2.1806e+01   1.9330e+00   1.8590e-04   1.3702e-02   3.6129e+02
20260127_00:00:00   7.8171e-02   2.1539e+01   1.8140e+00   0.0000e+00   6.6921e-03   3.6431e+02
20260127_03:00:00   7.9247e-02   2.1837e+01   2.1128e+00   0.0000e+00   1.4512e-03   3.5774e+02
20260127_06:00:00   7.8894e-02   2.1769e+01   2.1527e+00   0.0000e+00   1.7708e-04   3.5568e+02
20260127_09:00:00   7.9914e-02   2.2078e+01   2.4571e+00   0.0000e+00   9.3702e-06   3.5502e+02
20260127_12:00:00   7.9027e-02   2.1934e+01   2.4005e+00   0.0000e+00   5.7994e-06   3.5975e+02
20260127_15:00:00   7.7412e-02   2.1651e+01   2.2284e+00   0.0000e+00   3.3490e-07   3.6031e+02
20260127_18:00:00   7.9828e-02   2.2309e+01   2.5416e+00   0.0000e+00   0.0000e+00   3.6492e+02
20260127_21:00:00   7.9785e-02   2.2343e+01   2.5838e+00   0.0000e+00   4.4820e-06   3.6766e+02
20260128_00:00:00   7.8847e-02   2.1995e+01   2.4610e+00   0.0000e+00   1.1689e-02   3.7364e+02
20260128_03:00:00   7.8202e-02   2.1864e+01   2.4942e+00   0.0000e+00   1.1859e-06   3.5945e+02
20260128_06:00:00   8.5369e-02   2.3655e+01   3.6117e+00   0.0000e+00   0.0000e+00   3.6447e+02
20260128_09:00:00   8.1647e-02   2.2766e+01   3.2345e+00   0.0000e+00   3.8006e-04   3.6007e+02
20260128_12:00:00   8.1348e-02   2.2705e+01   3.2167e+00   0.0000e+00   1.9877e-02   3.4987e+02
20260128_15:00:00   8.5030e-02   2.3625e+01   3.8041e+00   0.0000e+00   4.2643e-02   3.4201e+02
20260128_18:00:00   9.7541e-02   2.6589e+01   5.5793e+00   0.0000e+00   3.6317e-02   3.4721e+02
20260128_21:00:00   1.1519e-01   3.0674e+01   7.8618e+00   0.0000e+00   5.1750e-02   3.4461e+02
20260129_00:00:00   1.2163e-01   3.2151e+01   8.4500e+00   0.0000e+00   1.3560e-03   3.4512e+02
20260129_03:00:00   1.1951e-01   3.1651e+01   8.2167e+00   0.0000e+00   3.3933e-04   3.4777e+02
20260129_06:00:00   1.0965e-01   2.9509e+01   6.7158e+00   0.0000e+00   5.0701e-04   3.4827e+02
20260129_09:00:00   9.6781e-02   2.6574e+01   4.9937e+00   7.9200e-05   6.1569e-04   3.3538e+02
20260129_12:00:00   9.8357e-02   2.7019e+01   5.0587e+00   3.2190e-03   4.2081e-04   3.2893e+02
20260129_15:00:00   1.0215e-01   2.8128e+01   6.0614e+00   0.0000e+00   3.3018e-06   3.2617e+02
20260129_18:00:00   1.0961e-01   3.0055e+01   6.9921e+00   0.0000e+00   6.4049e-04   3.2074e+02
20260129_21:00:00   1.1462e-01   3.1301e+01   7.6087e+00   1.5910e-03   4.2797e-04   3.1788e+02
20260130_00:00:00   1.2563e-01   3.3848e+01   7.5628e+00   1.8826e-02   3.2697e-04   3.1591e+02
20260130_03:00:00   1.1040e-01   3.0177e+01   7.4520e+00   4.2860e-03   5.1561e-03   3.1007e+02
20260130_06:00:00   1.0425e-01   2.8676e+01   7.2141e+00   1.1664e-03   1.3301e-02   3.1058e+02
20260130_09:00:00   1.1423e-01   3.1079e+01   8.5136e+00   1.8295e-03   7.1093e-03   3.0674e+02
20260130_12:00:00   3.9636e-01   9.0571e+01   1.1617e+01   2.8976e-01   7.1199e-02   3.0934e+02
20260130_15:00:00   5.0050e-01   1.0884e+02   1.5015e+01   3.7526e-01   1.9622e-01   3.0902e+02
20260130_18:00:00   9.6922e-01   1.6995e+02   1.7008e+01   8.8479e-01   1.0651e-01   3.0444e+02
20260130_21:00:00   1.1786e+00   1.8909e+02   1.7630e+01   1.1168e+00   3.0964e-01   3.0912e+02
20260131_00:00:00   5.7554e-01   1.2009e+02   1.6721e+01   4.4294e-01   5.9071e-01   3.0889e+02
20260131_03:00:00   7.6327e-01   1.4574e+02   1.4530e+01   6.7493e-01   1.1996e-01   3.1436e+02
20260131_06:00:00   5.4624e-01   1.1515e+02   1.2482e+01   4.4660e-01   1.6494e-01   3.1963e+02
20260131_09:00:00   7.0504e-01   1.3750e+02   8.7297e+00   6.5429e-01   4.2404e-02   3.2980e+02
20260131_12:00:00   3.5401e-01   8.1309e+01   7.2917e+00   2.7074e-01   3.4685e-02   3.5074e+02
20260131_15:00:00   1.0870e-01   2.9344e+01   6.4005e+00   2.3614e-03   4.1325e-02   3.7075e+02
20260131_18:00:00   1.0756e-01   2.8899e+01   5.4825e+00   8.4600e-03   1.8394e-02   3.8507e+02
20260131_21:00:00   8.8828e-02   2.4248e+01   3.8613e+00   2.0000e-04   2.3556e-02   4.4974e+02
20260201_00:00:00   8.0362e-02   2.2035e+01   2.4323e+00   0.0000e+00   3.7387e-02   4.6816e+02
20260201_03:00:00   7.7387e-02   2.1248e+01   2.0268e+00   4.8320e-05   5.2068e-02   4.5149e+02
20260201_06:00:00   7.6740e-02   2.1052e+01   1.9828e+00   0.0000e+00   2.7895e-02   4.5489e+02
20260201_09:00:00   7.7136e-02   2.1155e+01   2.0473e+00   0.0000e+00   3.4749e-02   4.2654e+02
20260201_12:00:00   7.9415e-02   2.1772e+01   2.4756e+00   0.0000e+00   1.5798e-02   4.0456e+02
20260201_15:00:00   8.1885e-02   2.2477e+01   2.9531e+00   0.0000e+00   1.4399e-02   3.9701e+02
20260201_18:00:00   8.0756e-02   2.2297e+01   2.7962e+00   0.0000e+00   1.9119e-02   3.9386e+02
20260201_21:00:00   7.9966e-02   2.2110e+01   2.6699e+00   0.0000e+00   2.5170e-02   3.8857e+02
20260202_00:00:00   7.9285e-02   2.1902e+01   2.4708e+00   0.0000e+00   2.4797e-02   3.8722e+02
20260202_03:00:00   8.0329e-02   2.2217e+01   2.6110e+00   0.0000e+00   2.1422e-02   3.8530e+02
20260202_06:00:00   8.0446e-02   2.2288e+01   2.7095e+00   0.0000e+00   1.4600e-02   3.9472e+02
20260202_09:00:00   8.0139e-02   2.2245e+01   2.8330e+00   0.0000e+00   5.5291e-03   4.0587e+02
20260202_12:00:00   8.1285e-02   2.2531e+01   3.1393e+00   0.0000e+00   1.1149e-03   3.8807e+02
20260202_15:00:00   8.1562e-02   2.2706e+01   3.2153e+00   0.0000e+00   3.4562e-04   3.7317e+02
20260202_18:00:00   8.7952e-02   2.4323e+01   4.0942e+00   1.8792e-04   3.9512e-03   3.7139e+02
20260202_21:00:00   9.5945e-02   2.6244e+01   5.1726e+00   8.4440e-05   2.2149e-03   3.6683e+02
20260203_00:00:00   1.0052e-01   2.7314e+01   5.9054e+00   0.0000e+00   7.5674e-03   3.6499e+02
20260203_03:00:00   1.0190e-01   2.7652e+01   6.2055e+00   1.4400e-05   5.4255e-03   3.5805e+02
20260203_06:00:00   1.0077e-01   2.7383e+01   6.2050e+00   0.0000e+00   5.6836e-03   3.5017e+02
20260203_09:00:00   1.0652e-01   2.8730e+01   7.1285e+00   0.0000e+00   7.7846e-03   3.4648e+02
20260203_12:00:00   1.1050e-01   2.9659e+01   7.7922e+00   0.0000e+00   4.0227e-02   3.3732e+02
20260203_15:00:00   1.1549e-01   3.0845e+01   8.4074e+00   0.0000e+00   1.0491e-01   3.3616e+02
20260203_18:00:00   1.2663e-01   3.3435e+01   9.8326e+00   9.7280e-07   2.0707e-01   3.3409e+02
20260203_21:00:00   1.2707e-01   3.3539e+01   9.7629e+00   2.7680e-04   1.7152e-01   3.3342e+02
20260204_00:00:00   1.2381e-01   3.2772e+01   9.2842e+00   0.0000e+00   4.3188e-02   3.3277e+02
20260204_03:00:00   1.2237e-01   3.2500e+01   8.6997e+00   0.0000e+00   7.9025e-02   3.3006e+02
20260204_06:00:00   1.2622e-01   3.3440e+01   8.9278e+00   0.0000e+00   1.1155e-01   3.2841e+02
20260204_09:00:00   1.2684e-01   3.3576e+01   8.9472e+00   0.0000e+00   1.2843e-01   3.3525e+02
20260204_12:00:00   1.2548e-01   3.3235e+01   8.6799e+00   0.0000e+00   1.7261e-01   3.4264e+02
20260204_15:00:00   1.3558e-01   3.5624e+01   8.2432e+00   1.4474e-02   6.2803e-02   3.5413e+02
20260204_18:00:00   1.3599e-01   3.5728e+01   8.5704e+00   1.1311e-02   1.8475e-01   3.6372e+02
20260204_21:00:00   1.3352e-01   3.5288e+01   8.2163e+00   1.2133e-02   1.9229e-02   3.6167e+02
20260205_00:00:00   1.2721e-01   3.3890e+01   6.9114e+00   1.6452e-02   8.0457e-03   3.4431e+02
20260205_03:00:00   1.6254e-01   4.1976e+01   6.5296e+00   6.2362e-02   1.5169e-03   3.4134e+02
20260205_06:00:00   1.4226e-01   3.7221e+01   6.9017e+00   3.6957e-02   9.0245e-03   3.3331e+02
