#            date       tau255        Tb[K]      pwv[mm] lwp[kg*m^-2] iwp[kg*m^-2]       o3[DU]
20260708_00:00:00   3.7917e-01   9.1874e+01   4.0134e+01   0.0000e+00   1.2079e-03   3.1532e+02
20260708_01:00:00   3.7505e-01   9.0953e+01   3.9751e+01   0.0000e+00   1.3968e-03   3.1651e+02
20260708_02:00:00   3.6792e-01   8.9528e+01   3.9136e+01   0.0000e+00   9.5398e-04   3.1901e+02
20260708_03:00:00   3.5494e-01   8.6975e+01   3.7929e+01   0.0000e+00   2.1341e-03   3.2191e+02
20260708_04:00:00   3.4798e-01   8.5550e+01   3.7207e+01   0.0000e+00   4.2344e-03   3.2381e+02
20260708_05:00:00   3.4515e-01   8.4965e+01   3.6887e+01   0.0000e+00   6.6859e-04   3.2260e+02
20260708_06:00:00   3.4672e-01   8.5265e+01   3.6861e+01   1.3424e-04   1.4368e-04   3.2197e+02
20260708_07:00:00   3.6812e-01   8.9400e+01   3.7516e+01   1.4898e-02   1.5848e-04   3.2180e+02
20260708_08:00:00   4.1981e-01   9.9156e+01   3.7457e+01   7.5994e-02   4.2075e-04   3.2052e+02
20260708_09:00:00   3.9785e-01   9.5096e+01   3.6530e+01   5.9555e-02   3.1424e-05   3.2086e+02
20260708_10:00:00   3.3931e-01   8.3744e+01   3.5646e+01   2.4537e-04   3.3020e-05   3.2234e+02
20260708_11:00:00   3.3760e-01   8.3389e+01   3.5675e+01   0.0000e+00   2.6433e-04   3.2268e+02
20260708_12:00:00   3.4599e-01   8.5160e+01   3.6518e+01   0.0000e+00   4.6654e-04   3.2134e+02
20260708_13:00:00   3.4667e-01   8.5390e+01   3.6672e+01   6.4440e-05   3.4579e-04   3.2123e+02
20260708_14:00:00   3.5215e-01   8.6503e+01   3.7434e+01   2.2760e-04   1.0806e-03   3.2337e+02
20260708_15:00:00   3.5390e-01   8.6914e+01   3.7578e+01   2.5232e-03   1.1674e-03   3.2274e+02
20260708_16:00:00   3.9011e-01   9.4034e+01   3.8129e+01   4.2886e-02   8.7936e-04   3.2277e+02
20260708_17:00:00   3.8541e-01   9.3163e+01   3.9948e+01   1.8503e-02   1.7898e-03   3.2346e+02
20260708_18:00:00   4.1387e-01   9.8557e+01   4.1905e+01   3.0724e-02   4.2500e-03   3.2402e+02
20260708_19:00:00   4.1409e-01   9.8563e+01   4.3088e+01   1.5258e-02   1.8366e-02   3.2317e+02
20260708_20:00:00   4.0776e-01   9.7356e+01   4.3555e+01   1.8186e-03   1.8626e-02   3.2090e+02
20260708_21:00:00   4.0184e-01   9.6192e+01   4.3315e+01   0.0000e+00   1.2292e-01   3.2023e+02
20260708_22:00:00   3.9760e-01   9.5353e+01   4.3033e+01   0.0000e+00   1.9242e-01   3.2046e+02
20260708_23:00:00   3.8732e-01   9.3369e+01   4.2267e+01   1.6858e-04   1.2005e-01   3.1995e+02
20260709_00:00:00   3.9198e-01   9.4269e+01   4.2536e+01   0.0000e+00   2.4583e-03   3.1954e+02
20260709_01:00:00   4.0130e-01   9.5841e+01   4.3108e+01   0.0000e+00   2.4957e-05   3.2082e+02
20260709_02:00:00   3.9586e-01   9.4800e+01   4.2368e+01   0.0000e+00   2.9940e-05   3.2315e+02
20260709_03:00:00   3.8139e-01   9.2075e+01   4.0771e+01   0.0000e+00   3.1145e-04   3.2421e+02
20260709_04:00:00   3.7123e-01   9.0090e+01   3.9642e+01   0.0000e+00   3.4165e-04   3.2363e+02
20260709_05:00:00   3.6603e-01   8.9061e+01   3.9045e+01   0.0000e+00   0.0000e+00   3.2171e+02
20260709_06:00:00   3.5701e-01   8.7316e+01   3.8004e+01   0.0000e+00   0.0000e+00   3.2050e+02
20260709_07:00:00   3.5370e-01   8.6639e+01   3.7673e+01   3.5060e-05   0.0000e+00   3.1807e+02
20260709_08:00:00   3.5110e-01   8.6078e+01   3.7367e+01   0.0000e+00   0.0000e+00   3.1753e+02
20260709_09:00:00   3.5439e-01   8.6622e+01   3.7854e+01   0.0000e+00   0.0000e+00   3.2036e+02
20260709_10:00:00   3.8501e-01   9.2389e+01   3.8197e+01   3.0303e-02   1.2886e-05   3.2122e+02
20260709_11:00:00   3.7291e-01   9.0218e+01   3.7841e+01   1.4478e-02   0.0000e+00   3.2250e+02
20260709_12:00:00   3.5842e-01   8.7660e+01   3.7197e+01   0.0000e+00   0.0000e+00   3.2275e+02
20260709_13:00:00   3.5246e-01   8.6552e+01   3.6852e+01   0.0000e+00   0.0000e+00   3.2363e+02
20260709_14:00:00   3.5543e-01   8.7128e+01   3.7260e+01   8.7260e-04   0.0000e+00   3.2519e+02
20260709_15:00:00   3.7066e-01   9.0133e+01   3.8681e+01   1.8292e-03   0.0000e+00   3.2724e+02
20260709_16:00:00   3.7970e-01   9.2008e+01   3.9043e+01   8.5595e-03   0.0000e+00   3.2912e+02
20260709_17:00:00   4.3093e-01   1.0177e+02   3.9799e+01   6.2849e-02   0.0000e+00   3.3010e+02
20260709_18:00:00   4.3712e-01   1.0280e+02   4.0921e+01   6.0300e-02   3.1643e-04   3.2684e+02
20260709_19:00:00   4.0622e-01   9.6869e+01   4.2884e+01   0.0000e+00   2.4771e-03   3.2763e+02
20260709_20:00:00   4.1613e-01   9.8655e+01   4.4136e+01   6.1749e-04   4.1095e-03   3.2703e+02
20260709_21:00:00   4.2671e-01   1.0053e+02   4.5358e+01   1.6884e-03   4.5028e-03   3.2572e+02
20260709_22:00:00   4.2637e-01   1.0045e+02   4.5665e+01   3.0773e-05   1.3776e-02   3.2284e+02
20260709_23:00:00   4.4367e-01   1.0340e+02   4.5298e+01   2.4720e-02   2.6201e-02   3.2332e+02
20260710_00:00:00   4.2360e-01   9.9718e+01   4.4444e+01   1.1502e-02   5.3524e-02   3.2117e+02
20260710_01:00:00   4.4082e-01   1.0258e+02   4.3933e+01   3.6564e-02   5.1133e-01   3.1883e+02
20260710_02:00:00   4.2493e-01   9.9759e+01   4.3433e+01   2.3745e-02   4.6868e-02   3.2022e+02
20260710_03:00:00   4.0015e-01   9.5252e+01   4.2251e+01   8.7520e-03   2.7717e-04   3.2080e+02
20260710_04:00:00   3.9356e-01   9.3995e+01   4.1978e+01   1.2755e-03   4.0098e-03   3.2014e+02
20260710_05:00:00   3.8656e-01   9.2601e+01   4.1043e+01   3.3920e-03   1.5226e-04   3.1959e+02
20260710_06:00:00   3.9175e-01   9.3429e+01   3.9904e+01   2.5759e-02   9.3500e-05   3.1713e+02
20260710_07:00:00   3.5808e-01   8.7087e+01   3.7535e+01   1.2006e-02   1.0773e-04   3.1347e+02
20260710_08:00:00   3.2639e-01   8.0912e+01   3.4187e+01   0.0000e+00   5.9060e-05   3.1289e+02
20260710_09:00:00   2.6011e-01   6.7260e+01   2.5885e+01   0.0000e+00   6.2300e-04   3.1255e+02
20260710_10:00:00   2.6335e-01   6.7922e+01   2.6652e+01   0.0000e+00   3.6040e-04   3.1146e+02
20260710_11:00:00   2.8144e-01   7.1820e+01   2.8932e+01   0.0000e+00   1.7667e-03   3.1077e+02
20260710_12:00:00   3.0561e-01   7.6866e+01   3.1971e+01   0.0000e+00   3.6269e-02   3.1061e+02
20260710_13:00:00   3.2923e-01   8.1648e+01   3.4972e+01   1.7818e-04   1.3748e-02   3.0923e+02
20260710_14:00:00   3.6338e-01   8.8265e+01   3.9255e+01   4.2581e-04   1.3649e-02   3.0677e+02
20260710_15:00:00   8.2637e-01   1.5809e+02   4.3870e+01   4.7341e-01   2.1400e-01   3.0663e+02
20260710_16:00:00   5.3951e-01   1.1925e+02   4.4757e+01   1.3985e-01   6.6731e-02   3.0727e+02
20260710_17:00:00   1.0940e+00   1.8691e+02   4.5943e+01   7.5924e-01   1.6879e-01   3.0657e+02
20260710_18:00:00   9.0499e-01   1.6807e+02   4.5152e+01   5.5676e-01   2.4288e-01   3.0571e+02
20260710_19:00:00   5.5152e-01   1.2084e+02   4.3982e+01   1.6333e-01   4.5228e-01   3.0838e+02
20260710_20:00:00   7.1971e-01   1.4488e+02   4.3901e+01   3.5336e-01   2.7677e-01   3.0932e+02
20260710_21:00:00   4.2067e-01   9.9482e+01   3.9904e+01   5.6174e-02   8.7784e-03   3.1194e+02
20260710_22:00:00   6.2472e-01   1.3421e+02   3.8751e+01   3.0979e-01   6.9820e-03   3.1403e+02
20260710_23:00:00   9.2145e-01   1.7287e+02   3.7954e+01   6.6327e-01   1.9778e-03   3.1576e+02
20260711_00:00:00   3.6050e-01   8.8591e+01   3.1154e+01   4.8020e-02   1.7768e-03   3.1634e+02
20260711_01:00:00   5.0309e-01   1.1516e+02   3.2981e+01   2.1902e-01   8.4082e-04   3.1470e+02
20260711_02:00:00   5.1243e-01   1.1669e+02   3.3590e+01   2.2817e-01   1.9482e-03   3.1486e+02
20260711_03:00:00   4.6076e-01   1.0750e+02   3.3206e+01   1.6652e-01   4.9139e-03   3.1609e+02
20260711_04:00:00   4.3690e-01   1.0309e+02   3.3849e+01   1.2820e-01   2.5783e-02   3.1612e+02
20260711_05:00:00   4.8195e-01   1.1111e+02   3.4592e+01   1.7292e-01   1.1232e-02   3.1630e+02
20260711_06:00:00   3.9126e-01   9.4457e+01   3.4304e+01   6.4222e-02   1.5658e-02   3.1632e+02
20260711_07:00:00   4.3368e-01   1.0248e+02   3.4453e+01   1.1672e-01   7.7140e-03   3.1479e+02
20260711_08:00:00   4.4155e-01   1.0388e+02   3.5008e+01   1.1847e-01   3.7263e-03   3.1374e+02
20260711_09:00:00   4.1461e-01   9.8724e+01   3.5275e+01   8.2193e-02   6.3839e-03   3.1202e+02
20260711_10:00:00   3.9306e-01   9.4579e+01   3.4733e+01   6.3180e-02   1.9486e-02   3.1042e+02
20260711_11:00:00   3.8819e-01   9.3545e+01   3.4704e+01   6.0560e-02   2.6141e-01   3.1107e+02
20260711_12:00:00   4.0178e-01   9.6151e+01   3.4792e+01   7.6920e-02   1.6437e-02   3.1098e+02
20260711_13:00:00   4.6463e-01   1.0780e+02   3.5183e+01   1.5376e-01   5.4697e-02   3.1064e+02
20260711_14:00:00   5.2202e-01   1.1778e+02   3.5937e+01   2.2024e-01   1.5953e-02   3.1008e+02
20260711_15:00:00   4.2937e-01   1.0114e+02   3.7876e+01   8.6365e-02   4.2577e-02   3.1101e+02
20260711_16:00:00   4.6609e-01   1.0664e+02   4.0991e+01   9.2606e-02   5.1139e-02   3.1087e+02
20260711_17:00:00   9.1138e-01   1.6726e+02   4.1814e+01   5.8942e-01   1.2488e-01   3.1219e+02
20260711_18:00:00   1.2861e+00   2.0125e+02   4.2346e+01   1.0092e+00   3.7209e-01   3.1079e+02
20260711_19:00:00   1.0688e+00   1.8356e+02   4.2316e+01   7.6783e-01   4.2463e-01   3.1059e+02
20260711_20:00:00   6.6865e-01   1.3752e+02   4.2388e+01   3.1259e-01   4.1443e-01   3.1166e+02
20260711_21:00:00   5.5834e-01   1.2134e+02   4.2141e+01   1.9053e-01   4.3240e-01   3.1263e+02
20260711_22:00:00   5.0955e-01   1.1353e+02   4.0670e+01   1.5435e-01   7.2511e-02   3.1648e+02
20260711_23:00:00   4.8291e-01   1.0915e+02   3.9504e+01   1.3442e-01   3.9801e-02   3.2037e+02
20260712_00:00:00   6.4220e-01   1.3370e+02   3.8923e+01   3.1439e-01   1.0876e-02   3.1851e+02
20260712_01:00:00   5.1539e-01   1.1439e+02   3.7957e+01   1.8090e-01   1.6350e-02   3.1977e+02
20260712_02:00:00   4.4108e-01   1.0180e+02   3.7703e+01   9.9579e-02   3.7363e-02   3.2306e+02
20260712_03:00:00   3.8885e-01   9.2523e+01   3.7916e+01   3.8605e-02   1.7878e-02   3.2836e+02
20260712_04:00:00   3.6260e-01   8.7709e+01   3.7672e+01   9.0059e-03   1.5523e-02   3.3246e+02
20260712_05:00:00   3.4744e-01   8.4888e+01   3.6541e+01   8.3422e-04   5.2009e-03   3.3423e+02
20260712_06:00:00   3.4053e-01   8.3509e+01   3.5763e+01   3.1380e-03   3.2840e-03   3.3492e+02
20260712_07:00:00   3.4283e-01   8.3882e+01   3.5329e+01   1.1372e-02   3.8582e-03   3.3373e+02
20260712_08:00:00   3.2909e-01   8.1243e+01   3.4750e+01   1.1516e-03   1.4537e-03   3.3580e+02
20260712_09:00:00   3.2217e-01   7.9922e+01   3.3460e+01   0.0000e+00   1.3427e-04   3.3641e+02
20260712_10:00:00   3.2096e-01   7.9735e+01   3.2580e+01   0.0000e+00   1.2796e-05   3.3536e+02
20260712_11:00:00   3.1681e-01   7.8974e+01   3.1507e+01   0.0000e+00   1.2442e-05   3.3264e+02
20260712_12:00:00   3.1716e-01   7.9220e+01   3.0994e+01   0.0000e+00   1.2796e-05   3.3431e+02
20260712_13:00:00   3.1125e-01   7.8140e+01   3.0217e+01   0.0000e+00   1.9458e-06   3.3359e+02
20260712_14:00:00   3.0684e-01   7.7329e+01   2.9975e+01   5.0440e-05   0.0000e+00   3.3154e+02
20260712_15:00:00   3.1954e-01   8.0070e+01   3.0278e+01   1.7494e-02   0.0000e+00   3.2997e+02
20260712_16:00:00   3.2856e-01   8.1932e+01   3.1335e+01   2.1540e-02   0.0000e+00   3.2960e+02
20260712_17:00:00   3.4453e-01   8.5105e+01   3.2829e+01   2.7024e-02   0.0000e+00   3.2892e+02
20260712_18:00:00   3.5114e-01   8.6315e+01   3.4435e+01   1.9649e-02   1.3079e-05   3.3038e+02
20260712_19:00:00   3.8088e-01   9.2101e+01   3.5734e+01   3.7934e-02   2.4160e-05   3.3098e+02
20260712_20:00:00   3.5626e-01   8.7297e+01   3.6019e+01   1.2058e-03   2.6600e-04   3.3025e+02
20260712_21:00:00   3.6261e-01   8.8572e+01   3.5808e+01   8.5038e-03   0.0000e+00   3.3012e+02
20260712_22:00:00   3.7000e-01   8.9969e+01   3.5865e+01   1.4721e-02   5.7600e-05   3.3015e+02
20260712_23:00:00   3.6271e-01   8.8511e+01   3.5762e+01   6.7182e-03   9.6000e-05   3.3203e+02
20260713_00:00:00   3.5490e-01   8.6831e+01   3.4995e+01   9.9820e-03   0.0000e+00   3.3503e+02
20260713_03:00:00   3.2444e-01   8.0544e+01   3.1991e+01   8.7560e-05   0.0000e+00   3.3130e+02
20260713_06:00:00   3.6019e-01   8.7530e+01   3.3073e+01   3.2714e-02   0.0000e+00   3.2964e+02
20260713_09:00:00   4.4718e-01   1.0426e+02   3.1829e+01   1.5460e-01   0.0000e+00   3.3781e+02
20260713_12:00:00   4.3051e-01   1.0073e+02   3.0349e+01   1.4430e-01   0.0000e+00   3.4212e+02
20260713_15:00:00   3.3321e-01   8.1837e+01   2.6911e+01   7.4820e-02   0.0000e+00   3.4262e+02
20260713_18:00:00   2.6106e-01   6.7214e+01   2.5821e+01   7.9230e-03   0.0000e+00   3.4420e+02
20260713_21:00:00   5.6802e-01   1.2365e+02   2.7847e+01   3.4160e-01   2.4760e-04   3.3897e+02
20260714_00:00:00   2.9530e-01   7.4551e+01   2.6048e+01   3.7700e-02   0.0000e+00   3.3505e+02
20260714_03:00:00   2.4293e-01   6.3251e+01   2.4009e+01   0.0000e+00   3.9540e-05   3.2547e+02
20260714_06:00:00   2.2132e-01   5.8372e+01   2.2107e+01   0.0000e+00   4.8000e-05   3.2099e+02
20260714_09:00:00   2.1610e-01   5.7113e+01   2.2049e+01   0.0000e+00   2.9940e-05   3.1828e+02
20260714_12:00:00   2.2355e-01   5.8896e+01   2.2757e+01   0.0000e+00   0.0000e+00   3.1861e+02
20260714_15:00:00   2.3391e-01   6.1460e+01   2.4622e+01   0.0000e+00   0.0000e+00   3.1397e+02
20260714_18:00:00   2.3482e-01   6.1840e+01   2.5829e+01   0.0000e+00   0.0000e+00   3.1163e+02
20260714_21:00:00   2.4980e-01   6.5307e+01   2.7513e+01   5.3700e-06   0.0000e+00   3.1343e+02
20260715_00:00:00   2.7449e-01   7.0790e+01   2.9434e+01   0.0000e+00   2.2940e-05   3.1463e+02
20260715_03:00:00   2.4822e-01   6.4972e+01   2.5912e+01   0.0000e+00   6.8620e-04   3.1239e+02
20260715_06:00:00   2.5210e-01   6.5786e+01   2.5948e+01   0.0000e+00   1.6190e-04   3.0894e+02
20260715_09:00:00   2.5201e-01   6.5738e+01   2.5654e+01   0.0000e+00   0.0000e+00   3.0949e+02
20260715_12:00:00   2.5800e-01   6.7133e+01   2.6151e+01   0.0000e+00   0.0000e+00   3.0971e+02
20260715_15:00:00   2.6517e-01   6.9016e+01   2.7387e+01   0.0000e+00   0.0000e+00   3.0809e+02
20260715_18:00:00   3.5684e-01   8.7807e+01   3.2693e+01   6.4123e-02   1.7070e-03   3.0648e+02
20260715_21:00:00   4.0240e-01   9.6467e+01   3.4729e+01   8.9080e-02   2.9380e-04   3.0799e+02
20260716_00:00:00   5.4841e-01   1.2132e+02   3.7187e+01   2.3163e-01   0.0000e+00   3.0867e+02
20260716_03:00:00   3.6467e-01   8.8796e+01   3.8310e+01   6.2538e-03   1.9641e-02   3.1421e+02
20260716_06:00:00   3.3139e-01   8.2349e+01   3.4121e+01   1.0738e-05   8.6977e-06   3.2499e+02
20260716_09:00:00   3.1197e-01   7.8240e+01   3.1757e+01   0.0000e+00   0.0000e+00   3.2294e+02
20260716_12:00:00   3.1785e-01   7.9576e+01   3.1769e+01   0.0000e+00   0.0000e+00   3.2969e+02
20260716_15:00:00   3.1744e-01   7.9813e+01   3.1044e+01   5.3072e-03   0.0000e+00   3.2925e+02
20260716_18:00:00   3.0898e-01   7.8084e+01   3.0998e+01   5.3343e-03   1.3768e-03   3.2398e+02
20260716_21:00:00   2.8133e-01   7.2368e+01   2.8514e+01   2.4000e-05   0.0000e+00   3.2078e+02
20260717_00:00:00   2.6778e-01   6.9472e+01   2.6568e+01   0.0000e+00   0.0000e+00   3.2320e+02
20260717_03:00:00   3.0799e-01   7.7483e+01   2.7659e+01   3.6820e-02   2.2743e-03   3.1856e+02
20260717_06:00:00   2.3014e-01   6.0713e+01   2.2869e+01   0.0000e+00   0.0000e+00   3.1711e+02
20260717_09:00:00   2.3408e-01   6.1512e+01   2.3407e+01   0.0000e+00   2.8800e-05   3.1124e+02
20260717_12:00:00   2.5014e-01   6.5224e+01   2.4713e+01   0.0000e+00   0.0000e+00   3.1215e+02
20260717_15:00:00   2.5272e-01   6.5961e+01   2.6362e+01   2.4620e-04   1.4638e-04   3.0951e+02
20260717_18:00:00   2.3665e-01   6.2307e+01   2.6708e+01   0.0000e+00   9.6000e-06   3.0884e+02
20260717_21:00:00   2.4023e-01   6.3070e+01   2.7783e+01   0.0000e+00   1.2176e-04   3.0990e+02
20260718_00:00:00   2.5387e-01   6.6359e+01   2.7389e+01   0.0000e+00   0.0000e+00   3.1403e+02
20260718_03:00:00   2.5434e-01   6.6514e+01   2.6542e+01   0.0000e+00   0.0000e+00   3.0959e+02
20260718_06:00:00   2.6684e-01   6.9316e+01   2.6515e+01   0.0000e+00   0.0000e+00   3.0808e+02
20260718_09:00:00   2.7779e-01   7.1707e+01   2.6220e+01   0.0000e+00   2.6840e-05   3.0768e+02
20260718_12:00:00   3.6813e-01   9.0801e+01   2.7856e+01   9.9913e-02   2.8677e-04   3.0767e+02
20260718_15:00:00   3.4747e-01   8.6437e+01   3.4978e+01   1.5555e-02   1.1054e-03   3.0424e+02
20260718_18:00:00   3.7187e-01   9.1007e+01   4.1363e+01   0.0000e+00   9.7020e-05   3.0315e+02
20260718_21:00:00   3.7290e-01   9.1347e+01   4.0851e+01   1.3446e-02   6.2060e-05   2.9857e+02
20260719_00:00:00   5.1264e-01   1.1614e+02   4.7183e+01   9.2521e-02   2.7547e-01   2.9980e+02
20260719_03:00:00   4.8563e-01   1.0841e+02   3.6361e+01   1.8144e-01   7.5178e-01   3.0643e+02
20260719_06:00:00   2.6577e-01   6.8644e+01   2.6461e+01   0.0000e+00   8.3150e-04   3.0984e+02
20260719_09:00:00   2.2654e-01   6.0078e+01   2.0739e+01   2.4560e-05   0.0000e+00   3.2006e+02
20260719_12:00:00   2.2533e-01   5.9717e+01   1.9705e+01   7.3840e-03   0.0000e+00   3.2737e+02
20260719_15:00:00   1.9596e-01   5.2990e+01   1.8774e+01   0.0000e+00   0.0000e+00   3.3332e+02
20260719_18:00:00   2.0463e-01   5.5046e+01   2.0707e+01   0.0000e+00   0.0000e+00   3.3640e+02
20260719_21:00:00   2.0782e-01   5.5776e+01   2.1113e+01   0.0000e+00   0.0000e+00   3.3245e+02
20260720_00:00:00   2.0103e-01   5.4198e+01   1.9704e+01   0.0000e+00   0.0000e+00   3.3037e+02
20260720_03:00:00   2.1256e-01   5.6526e+01   2.0835e+01   0.0000e+00   0.0000e+00   3.3223e+02
20260720_06:00:00   2.5704e-01   6.6287e+01   2.3385e+01   1.9384e-02   9.2320e-04   3.3516e+02
20260720_09:00:00   2.4893e-01   6.4539e+01   2.3213e+01   9.9020e-03   0.0000e+00   3.3975e+02
20260720_12:00:00   2.6029e-01   6.7113e+01   2.4990e+01   7.7820e-06   0.0000e+00   3.4216e+02
20260720_15:00:00   2.7617e-01   7.0690e+01   2.7339e+01   4.0800e-04   1.0230e-03   3.4282e+02
20260720_18:00:00   3.4900e-01   8.5513e+01   2.9177e+01   7.6782e-02   1.1599e-02   3.4327e+02
20260720_21:00:00   3.0280e-01   7.6296e+01   3.1366e+01   1.5798e-03   1.4547e-02   3.4438e+02
20260721_00:00:00   2.9223e-01   7.4151e+01   2.8522e+01   9.1000e-03   5.2031e-04   3.4536e+02
20260721_03:00:00   2.7459e-01   7.0224e+01   2.6753e+01   0.0000e+00   5.1420e-04   3.4801e+02
20260721_06:00:00   2.6757e-01   6.8644e+01   2.5570e+01   0.0000e+00   0.0000e+00   3.4210e+02
20260721_09:00:00   2.6034e-01   6.7089e+01   2.4951e+01   0.0000e+00   0.0000e+00   3.4429e+02
20260721_12:00:00   2.6876e-01   6.8970e+01   2.5714e+01   0.0000e+00   0.0000e+00   3.4865e+02
20260721_15:00:00   2.6679e-01   6.8775e+01   2.5982e+01   2.5280e-04   0.0000e+00   3.4903e+02
20260721_18:00:00   6.3671e-01   1.3463e+02   2.8920e+01   4.0720e-01   0.0000e+00   3.4725e+02
20260721_21:00:00   3.1996e-01   7.9799e+01   3.1266e+01   1.4110e-02   0.0000e+00   3.4574e+02
20260722_00:00:00   2.8034e-01   7.1852e+01   2.7325e+01   1.5700e-03   0.0000e+00   3.4236e+02
20260722_03:00:00   2.4828e-01   6.4802e+01   2.3792e+01   0.0000e+00   3.0536e-04   3.3741e+02
20260722_06:00:00   2.2885e-01   6.0429e+01   2.1598e+01   0.0000e+00   0.0000e+00   3.2814e+02
20260722_09:00:00   2.1394e-01   5.6993e+01   1.9968e+01   0.0000e+00   0.0000e+00   3.2262e+02
20260722_12:00:00   2.1104e-01   5.6442e+01   1.9650e+01   0.0000e+00   0.0000e+00   3.2528e+02
20260722_15:00:00   1.9166e-01   5.2251e+01   1.8142e+01   0.0000e+00   2.9480e-04   3.1733e+02
20260722_18:00:00   2.2007e-01   5.8836e+01   2.2317e+01   0.0000e+00   4.2900e-04   3.1269e+02
20260722_21:00:00   3.2650e-01   8.1222e+01   2.5699e+01   9.4078e-02   3.8920e-06   3.1073e+02
20260723_00:00:00   3.2331e-01   8.0663e+01   2.6268e+01   8.0295e-02   4.6118e-05   3.1287e+02
20260723_03:00:00   4.1867e-01   9.8652e+01   2.7287e+01   1.7911e-01   2.7895e-05   3.1463e+02
20260723_06:00:00   2.9670e-01   7.5157e+01   2.6813e+01   3.8800e-02   4.8280e-05   3.1152e+02
20260723_09:00:00   2.7832e-01   7.1409e+01   2.7861e+01   3.6440e-03   3.6082e-03   3.0975e+02
20260723_12:00:00   2.8254e-01   7.2084e+01   3.0168e+01   0.0000e+00   5.0895e-02   3.0798e+02
20260723_15:00:00   4.0737e-01   9.6127e+01   4.0043e+01   4.8188e-02   1.7783e-01   3.0548e+02
20260723_18:00:00   3.6983e-01   8.9162e+01   3.9119e+01   1.3691e-02   8.3694e-02   3.0675e+02
20260723_21:00:00   3.2709e-01   8.1093e+01   3.6666e+01   3.4180e-05   2.3630e-02   3.1694e+02
20260724_00:00:00   4.6584e-01   1.0637e+02   3.9863e+01   1.1364e-01   2.9955e-01   3.2028e+02
