#            date       tau255        Tb[K]      pwv[mm] lwp[kg*m^-2] iwp[kg*m^-2]       o3[DU]
20260517_18:00:00   2.5335e-01   6.5099e+01   2.7155e+01   8.6980e-06   0.0000e+00   3.3527e+02
20260517_19:00:00   2.5431e-01   6.5417e+01   2.7034e+01   2.6260e-03   0.0000e+00   3.3400e+02
20260517_20:00:00   2.6364e-01   6.7472e+01   2.7251e+01   1.1574e-02   0.0000e+00   3.3431e+02
20260517_21:00:00   2.8961e-01   7.2932e+01   2.7742e+01   3.5259e-02   5.5660e-06   3.3574e+02
20260517_22:00:00   2.6295e-01   6.7601e+01   2.7550e+01   4.2900e-03   1.6102e-04   3.3534e+02
20260517_23:00:00   2.8580e-01   7.2578e+01   2.7808e+01   2.3922e-02   2.4800e-04   3.3288e+02
20260518_00:00:00   2.6133e-01   6.7396e+01   2.6970e+01   1.4536e-03   9.1020e-05   3.3276e+02
20260518_01:00:00   2.8099e-01   7.1423e+01   2.7251e+01   1.8682e-02   8.3360e-05   3.3168e+02
20260518_02:00:00   2.6945e-01   6.8995e+01   2.6710e+01   8.9817e-03   1.2582e-04   3.3106e+02
20260518_03:00:00   2.5368e-01   6.5626e+01   2.5927e+01   0.0000e+00   6.2855e-05   3.3158e+02
20260518_04:00:00   2.4225e-01   6.3106e+01   2.4665e+01   0.0000e+00   2.4298e-05   3.3265e+02
20260518_05:00:00   2.3608e-01   6.1696e+01   2.3992e+01   0.0000e+00   2.6680e-05   3.3141e+02
20260518_06:00:00   2.3810e-01   6.2076e+01   2.4352e+01   0.0000e+00   5.1900e-05   3.3155e+02
20260518_07:00:00   2.4159e-01   6.2790e+01   2.4863e+01   0.0000e+00   6.4168e-05   3.2937e+02
20260518_08:00:00   2.4357e-01   6.3158e+01   2.5256e+01   0.0000e+00   2.1338e-05   3.2712e+02
20260518_09:00:00   2.4338e-01   6.3065e+01   2.5353e+01   0.0000e+00   0.0000e+00   3.2552e+02
20260518_10:00:00   2.3582e-01   6.1401e+01   2.4562e+01   0.0000e+00   0.0000e+00   3.2417e+02
20260518_11:00:00   2.3095e-01   6.0398e+01   2.3916e+01   0.0000e+00   0.0000e+00   3.2509e+02
20260518_12:00:00   2.2873e-01   6.0036e+01   2.3584e+01   0.0000e+00   0.0000e+00   3.2601e+02
20260518_13:00:00   2.3561e-01   6.1668e+01   2.4301e+01   0.0000e+00   0.0000e+00   3.2631e+02
20260518_14:00:00   2.4913e-01   6.4732e+01   2.5668e+01   0.0000e+00   0.0000e+00   3.2737e+02
20260518_15:00:00   2.6189e-01   6.7577e+01   2.7019e+01   0.0000e+00   0.0000e+00   3.2905e+02
20260518_16:00:00   2.6546e-01   6.8404e+01   2.7649e+01   0.0000e+00   0.0000e+00   3.3055e+02
20260518_17:00:00   2.5845e-01   6.6905e+01   2.7256e+01   0.0000e+00   0.0000e+00   3.3154e+02
20260518_18:00:00   2.5562e-01   6.6267e+01   2.7207e+01   3.2840e-04   0.0000e+00   3.2875e+02
20260518_19:00:00   3.4201e-01   8.3435e+01   2.7552e+01   9.6848e-02   4.1310e-04   3.2678e+02
20260518_20:00:00   2.7979e-01   7.1047e+01   2.5762e+01   4.4629e-02   6.0766e-04   3.2756e+02
20260518_21:00:00   2.3268e-01   6.1303e+01   2.4761e+01   0.0000e+00   0.0000e+00   3.2461e+02
20260518_22:00:00   2.9898e-01   7.5173e+01   2.9313e+01   3.3224e-02   3.1174e-01   3.2335e+02
20260518_23:00:00   1.0917e+00   1.8413e+02   3.2901e+01   8.8857e-01   6.8446e-02   3.2300e+02
20260519_00:00:00   3.0349e-01   7.5475e+01   3.0007e+01   2.9378e-02   3.2093e-01   3.2468e+02
20260519_01:00:00   2.8527e-01   7.2117e+01   3.0687e+01   1.8358e-03   8.6691e-03   3.2580e+02
20260519_02:00:00   2.8312e-01   7.1643e+01   3.0062e+01   1.7152e-03   5.8348e-03   3.2243e+02
20260519_03:00:00   2.7334e-01   6.9590e+01   2.9215e+01   0.0000e+00   2.1512e-03   3.2057e+02
20260519_04:00:00   2.6987e-01   6.8818e+01   2.8877e+01   0.0000e+00   1.3016e-03   3.2145e+02
20260519_05:00:00   2.6181e-01   6.7076e+01   2.7830e+01   8.3880e-05   3.6573e-02   3.2206e+02
20260519_06:00:00   2.5222e-01   6.5110e+01   2.6523e+01   0.0000e+00   8.8312e-04   3.2313e+02
20260519_07:00:00   2.5007e-01   6.4707e+01   2.5837e+01   0.0000e+00   2.8348e-04   3.2145e+02
20260519_08:00:00   2.4777e-01   6.4221e+01   2.5430e+01   0.0000e+00   8.9183e-04   3.1750e+02
20260519_09:00:00   2.4840e-01   6.4325e+01   2.5546e+01   0.0000e+00   1.6517e-03   3.1706e+02
20260519_10:00:00   2.4412e-01   6.3381e+01   2.5074e+01   0.0000e+00   3.0331e-03   3.1610e+02
20260519_11:00:00   2.3024e-01   6.0349e+01   2.3463e+01   0.0000e+00   2.0864e-02   3.1613e+02
20260519_12:00:00   2.3104e-01   6.0613e+01   2.3428e+01   0.0000e+00   4.9423e-02   3.1572e+02
20260519_13:00:00   2.3137e-01   6.0724e+01   2.3565e+01   0.0000e+00   1.0162e-01   3.1500e+02
20260519_14:00:00   2.2191e-01   5.8626e+01   2.2874e+01   0.0000e+00   3.8611e-02   3.1303e+02
20260519_15:00:00   2.2585e-01   5.9577e+01   2.3457e+01   0.0000e+00   4.8559e-03   3.1244e+02
20260519_16:00:00   2.2119e-01   5.8525e+01   2.3320e+01   0.0000e+00   1.6038e-03   3.1330e+02
20260519_17:00:00   2.2153e-01   5.8528e+01   2.3778e+01   0.0000e+00   1.6862e-03   3.1359e+02
20260519_18:00:00   2.2282e-01   5.8814e+01   2.4207e+01   0.0000e+00   1.3032e-03   3.1341e+02
20260519_19:00:00   2.3640e-01   6.1806e+01   2.5873e+01   0.0000e+00   8.6020e-04   3.1459e+02
20260519_20:00:00   2.5371e-01   6.5420e+01   2.6282e+01   1.6492e-02   1.2140e-03   3.1569e+02
20260519_21:00:00   2.4850e-01   6.4411e+01   2.6403e+01   9.2860e-03   1.9597e-03   3.1719e+02
20260519_22:00:00   2.4401e-01   6.3514e+01   2.6883e+01   4.8840e-05   2.8659e-03   3.1895e+02
20260519_23:00:00   2.4659e-01   6.4060e+01   2.7167e+01   3.4788e-05   1.7896e-02   3.1776e+02
20260520_00:00:00   2.5057e-01   6.4836e+01   2.7281e+01   2.2301e-03   3.5627e-02   3.1542e+02
20260520_01:00:00   2.5557e-01   6.5854e+01   2.7829e+01   9.7850e-04   2.0094e-02   3.1700e+02
20260520_02:00:00   2.6218e-01   6.7275e+01   2.8311e+01   2.4360e-05   4.2172e-02   3.1798e+02
20260520_03:00:00   2.5797e-01   6.6404e+01   2.7634e+01   0.0000e+00   4.4509e-03   3.1742e+02
20260520_04:00:00   2.5224e-01   6.5162e+01   2.6814e+01   0.0000e+00   1.1316e-02   3.1676e+02
20260520_05:00:00   2.4813e-01   6.4209e+01   2.6490e+01   0.0000e+00   8.8629e-02   3.1846e+02
20260520_06:00:00   2.5331e-01   6.5287e+01   2.7126e+01   0.0000e+00   4.3952e-02   3.1974e+02
20260520_07:00:00   2.6419e-01   6.7573e+01   2.8182e+01   0.0000e+00   1.6148e-02   3.2378e+02
20260520_08:00:00   2.7928e-01   7.0631e+01   2.9904e+01   0.0000e+00   1.0202e-02   3.2447e+02
20260520_09:00:00   2.7976e-01   7.0654e+01   2.9798e+01   8.4340e-04   2.7200e-02   3.2407e+02
20260520_10:00:00   2.7027e-01   6.8707e+01   2.8650e+01   0.0000e+00   7.0933e-03   3.2292e+02
20260520_11:00:00   2.6547e-01   6.7748e+01   2.7763e+01   0.0000e+00   2.7395e-04   3.2223e+02
20260520_12:00:00   2.6349e-01   6.7474e+01   2.7323e+01   0.0000e+00   9.1504e-04   3.1964e+02
20260520_13:00:00   2.5113e-01   6.4838e+01   2.6118e+01   0.0000e+00   1.0650e-03   3.1617e+02
20260520_14:00:00   2.4409e-01   6.3376e+01   2.5335e+01   0.0000e+00   2.2036e-04   3.1537e+02
20260520_15:00:00   2.4806e-01   6.4280e+01   2.6081e+01   0.0000e+00   1.0738e-04   3.1590e+02
20260520_16:00:00   2.6352e-01   6.7612e+01   2.8043e+01   0.0000e+00   4.9445e-04   3.1546e+02
20260520_17:00:00   2.6792e-01   6.8535e+01   2.8809e+01   9.7280e-06   2.5824e-03   3.1397e+02
20260520_18:00:00   2.8706e-01   7.2504e+01   2.9995e+01   1.1710e-02   2.9053e-03   3.1331e+02
20260520_19:00:00   3.6171e-01   8.7265e+01   3.0457e+01   9.5075e-02   1.2315e-03   3.1215e+02
20260520_20:00:00   5.8888e-01   1.2604e+02   3.1645e+01   3.3798e-01   1.8053e-03   3.1096e+02
20260520_21:00:00   5.1873e-01   1.1501e+02   3.3212e+01   2.3330e-01   2.1515e-03   3.1209e+02
20260520_22:00:00   4.3561e-01   1.0074e+02   3.3645e+01   1.3375e-01   4.4410e-03   3.1374e+02
20260520_23:00:00   4.5914e-01   1.0413e+02   3.4313e+01   1.5282e-01   3.7358e-01   3.1537e+02
20260521_00:00:00   3.7703e-01   8.9926e+01   3.4470e+01   5.9442e-02   8.6084e-02   3.1789e+02
20260521_01:00:00   6.3411e-01   1.3144e+02   3.5353e+01   3.3578e-01   3.0808e-01   3.1797e+02
20260521_02:00:00   3.9501e-01   9.2693e+01   3.3498e+01   9.4746e-02   5.4524e-01   3.1963e+02
20260521_03:00:00   3.6347e-01   8.6803e+01   3.2862e+01   6.6693e-02   2.7024e-01   3.2079e+02
20260521_04:00:00   7.4533e-01   1.4648e+02   3.3089e+01   4.9798e-01   1.3511e-01   3.1990e+02
20260521_05:00:00   6.6530e-01   1.3595e+02   3.3252e+01   4.0446e-01   4.1685e-01   3.2104e+02
20260521_06:00:00   8.0116e-01   1.5349e+02   3.3227e+01   5.5476e-01   3.5525e-01   3.2149e+02
20260521_07:00:00   9.2876e-01   1.6822e+02   3.4398e+01   6.8355e-01   7.8925e-02   3.1893e+02
20260521_08:00:00   9.3008e-01   1.6840e+02   3.5212e+01   6.7099e-01   1.1150e-01   3.1461e+02
20260521_09:00:00   8.7983e-01   1.6295e+02   3.5018e+01   6.1479e-01   6.8268e-02   3.1342e+02
20260521_10:00:00   6.6336e-01   1.3562e+02   3.4721e+01   3.7085e-01   4.2591e-02   3.1323e+02
20260521_11:00:00   8.4454e-01   1.5870e+02   3.5075e+01   5.7132e-01   5.5987e-02   3.1387e+02
20260521_12:00:00   1.0203e+00   1.7765e+02   3.5368e+01   7.6722e-01   1.1121e-01   3.1327e+02
20260521_13:00:00   1.1273e+00   1.8793e+02   3.5498e+01   8.8961e-01   8.1243e-02   3.1349e+02
20260521_14:00:00   1.3192e+00   2.0343e+02   3.5767e+01   1.1048e+00   1.2411e-01   3.1404e+02
20260521_15:00:00   5.6523e-01   1.2230e+02   3.5118e+01   2.6041e-01   1.0891e-02   3.1466e+02
20260521_16:00:00   1.1418e+00   1.9080e+02   3.6076e+01   9.1720e-01   4.6883e-02   3.1516e+02
20260521_17:00:00   1.5624e+00   2.2110e+02   3.6943e+01   1.3942e+00   6.5130e-02   3.1655e+02
20260521_18:00:00   1.4724e+00   2.1663e+02   3.6470e+01   1.3111e+00   1.1015e-01   3.1712e+02
20260521_19:00:00   1.3117e+00   2.0617e+02   3.5958e+01   1.1427e+00   2.0426e-01   3.1736e+02
20260521_20:00:00   1.4914e+00   2.1840e+02   3.5736e+01   1.3560e+00   6.4661e-02   3.1943e+02
20260521_21:00:00   1.3919e+00   2.1199e+02   3.4688e+01   1.2564e+00   1.9369e-02   3.1797e+02
20260521_22:00:00   1.0200e+00   1.8077e+02   3.3625e+01   8.3367e-01   3.5807e-02   3.1650e+02
20260521_23:00:00   9.5406e-01   1.7403e+02   3.3103e+01   7.6263e-01   4.2481e-02   3.1613e+02
20260522_00:00:00   7.2458e-01   1.4594e+02   3.3115e+01   4.8878e-01   1.7978e-01   3.1601e+02
20260522_01:00:00   5.1926e-01   1.1465e+02   3.2658e+01   2.4577e-01   1.0282e-01   3.1607e+02
20260522_02:00:00   4.3526e-01   1.0035e+02   3.2099e+01   1.5177e-01   3.5978e-01   3.1795e+02
20260522_03:00:00   4.8874e-01   1.0981e+02   3.1761e+01   2.2154e-01   3.6637e-01   3.1628e+02
20260522_04:00:00   5.5828e-01   1.2124e+02   3.1426e+01   3.1020e-01   2.0636e-01   3.1703e+02
20260522_05:00:00   7.3877e-01   1.4671e+02   3.2653e+01   5.0034e-01   5.6515e-01   3.1660e+02
20260522_06:00:00   8.2487e-01   1.5679e+02   3.3434e+01   5.8302e-01   6.0870e-01   3.1611e+02
20260522_07:00:00   9.4132e-01   1.6940e+02   3.3587e+01   7.0900e-01   4.9197e-01   3.1607e+02
20260522_08:00:00   9.7868e-01   1.7355e+02   3.3894e+01   7.5130e-01   1.6650e-01   3.1524e+02
20260522_09:00:00   8.5243e-01   1.6030e+02   3.4439e+01   6.0412e-01   1.4364e-01   3.1569e+02
20260522_10:00:00   1.1891e+00   1.9422e+02   3.5455e+01   9.8204e-01   1.6940e-01   3.1697e+02
20260522_11:00:00   1.5499e+00   2.1979e+02   3.5789e+01   1.3960e+00   2.0284e-01   3.1832e+02
20260522_12:00:00   1.4838e+00   2.1591e+02   3.5635e+01   1.3235e+00   1.3868e-01   3.1958e+02
20260522_13:00:00   1.4365e+00   2.1245e+02   3.5607e+01   1.2647e+00   1.9145e-01   3.1985e+02
20260522_14:00:00   5.7061e-01   1.2302e+02   3.4665e+01   2.8498e-01   6.4520e-03   3.2037e+02
20260522_15:00:00   8.3072e-01   1.5880e+02   3.5316e+01   5.8175e-01   6.8986e-03   3.1940e+02
20260522_16:00:00   8.5472e-01   1.6197e+02   3.5423e+01   6.1395e-01   1.9514e-02   3.1897e+02
20260522_17:00:00   8.0629e-01   1.5539e+02   3.5216e+01   5.5084e-01   1.9498e-02   3.1868e+02
20260522_18:00:00   5.2962e-01   1.1666e+02   3.5115e+01   2.3607e-01   1.1261e-02   3.1853e+02
20260522_21:00:00   5.5837e-01   1.2193e+02   3.4530e+01   2.8423e-01   2.2148e-03   3.1869e+02
20260523_00:00:00   1.5816e+00   2.2153e+02   3.7438e+01   1.4110e+00   3.7590e-02   3.1887e+02
20260523_03:00:00   6.3398e-01   1.3210e+02   3.5316e+01   3.5213e-01   1.3076e-02   3.2079e+02
20260523_06:00:00   6.4977e-01   1.3476e+02   3.5568e+01   3.6504e-01   1.5780e-02   3.1944e+02
20260523_09:00:00   8.5952e-01   1.6178e+02   3.6638e+01   5.9575e-01   6.1636e-03   3.2438e+02
20260523_12:00:00   6.3136e-01   1.3264e+02   3.7753e+01   3.2181e-01   2.1578e-02   3.2426e+02
20260523_15:00:00   4.0763e-01   9.6181e+01   3.7439e+01   6.2071e-02   8.1451e-03   3.2409e+02
20260523_18:00:00   5.5766e-01   1.2196e+02   3.9697e+01   2.1072e-01   4.7686e-02   3.1968e+02
20260523_21:00:00   4.5117e-01   1.0329e+02   3.8272e+01   9.8402e-02   3.9011e-01   3.2307e+02
20260524_00:00:00   5.0623e-01   1.1252e+02   3.6721e+01   1.8520e-01   8.9929e-03   3.2396e+02
20260524_03:00:00   3.6105e-01   8.6851e+01   3.6574e+01   1.1348e-02   3.0297e-02   3.2827e+02
20260524_06:00:00   3.7871e-01   9.0614e+01   3.4010e+01   4.3644e-02   0.0000e+00   3.3483e+02
20260524_09:00:00   3.2886e-01   8.1073e+01   2.9648e+01   3.0788e-02   8.1345e-04   3.3856e+02
20260524_12:00:00   2.6215e-01   6.7239e+01   2.4756e+01   1.1738e-02   2.7596e-04   3.3539e+02
20260524_15:00:00   2.3893e-01   6.2282e+01   2.4687e+01   0.0000e+00   1.9200e-05   3.3369e+02
20260524_18:00:00   2.5020e-01   6.4808e+01   2.6841e+01   5.6540e-04   5.4640e-04   3.2830e+02
20260524_21:00:00   3.7918e-01   9.0708e+01   3.0007e+01   1.1708e-01   6.6652e-05   3.2793e+02
20260525_00:00:00   3.2625e-01   8.0801e+01   3.3452e+01   1.1458e-02   6.8294e-02   3.2399e+02
20260525_03:00:00   3.1924e-01   7.9169e+01   3.3310e+01   0.0000e+00   2.3443e-01   3.2015e+02
20260525_06:00:00   3.4097e-01   8.3314e+01   3.5306e+01   9.3818e-03   3.6575e-02   3.1927e+02
20260525_09:00:00   4.4645e-01   1.0330e+02   3.6328e+01   1.2871e-01   2.3553e-02   3.1731e+02
20260525_12:00:00   5.8104e-01   1.2667e+02   3.6668e+01   2.9807e-01   2.7185e-03   3.1718e+02
20260525_15:00:00   5.6464e-01   1.2407e+02   3.6658e+01   2.6896e-01   3.7368e-03   3.1583e+02
20260525_18:00:00   5.1004e-01   1.1510e+02   3.7007e+01   1.9830e-01   9.5836e-03   3.1654e+02
20260525_21:00:00   4.7312e-01   1.0790e+02   3.7967e+01   1.3644e-01   9.8515e-01   3.1107e+02
20260526_00:00:00   3.6386e-01   8.7472e+01   3.7438e+01   1.8250e-02   8.9981e-01   3.1338e+02
20260526_03:00:00   3.9474e-01   9.3680e+01   3.8130e+01   4.8615e-02   2.9403e-01   3.1528e+02
20260526_06:00:00   4.2263e-01   9.9531e+01   3.3397e+01   1.2980e-01   1.2438e-01   3.1755e+02
20260526_09:00:00   3.7945e-01   9.0980e+01   3.5134e+01   5.5860e-02   8.1580e-02   3.2394e+02
20260526_12:00:00   3.8330e-01   9.1913e+01   3.5214e+01   5.5963e-02   1.1614e-02   3.2889e+02
20260526_15:00:00   3.5749e-01   8.6997e+01   3.4827e+01   3.2321e-02   4.1274e-02   3.2454e+02
20260526_18:00:00   3.4481e-01   8.4433e+01   3.5796e+01   9.0110e-03   7.1033e-02   3.2358e+02
20260526_21:00:00   3.8521e-01   9.2195e+01   3.8064e+01   2.5957e-02   2.1585e-01   3.2516e+02
20260527_00:00:00   2.9068e-01   7.3350e+01   2.9995e+01   1.3960e-04   1.5543e-01   3.2431e+02
20260527_03:00:00   2.0321e-01   5.4072e+01   1.9951e+01   0.0000e+00   6.4353e-03   3.2591e+02
20260527_06:00:00   1.9844e-01   5.2904e+01   1.8807e+01   0.0000e+00   3.1320e-02   3.2730e+02
20260527_09:00:00   2.0582e-01   5.4589e+01   1.9032e+01   0.0000e+00   1.3359e-02   3.3147e+02
20260527_12:00:00   2.1022e-01   5.5742e+01   1.9020e+01   0.0000e+00   1.1216e-03   3.3458e+02
20260527_15:00:00   2.2415e-01   5.9015e+01   2.0907e+01   2.4160e-05   5.8898e-03   3.3661e+02
20260527_18:00:00   2.0491e-01   5.4789e+01   1.9136e+01   0.0000e+00   1.2470e-02   3.3411e+02
20260527_21:00:00   1.7859e-01   4.8653e+01   1.6352e+01   0.0000e+00   2.9436e-03   3.3669e+02
20260528_00:00:00   1.8278e-01   4.9497e+01   1.7310e+01   0.0000e+00   1.6249e-03   3.4013e+02
20260528_03:00:00   1.7650e-01   4.7890e+01   1.6141e+01   0.0000e+00   1.8660e-02   3.4027e+02
20260528_06:00:00   1.6007e-01   4.3954e+01   1.3787e+01   0.0000e+00   1.2761e-02   3.4442e+02
20260528_09:00:00   1.4402e-01   4.0049e+01   1.1805e+01   0.0000e+00   1.9280e-03   3.5027e+02
20260528_12:00:00   1.3374e-01   3.7609e+01   1.0686e+01   0.0000e+00   5.6431e-03   3.5264e+02
20260528_15:00:00   1.3598e-01   3.8309e+01   1.1443e+01   0.0000e+00   1.6254e-03   3.5185e+02
20260528_18:00:00   1.4452e-01   4.0529e+01   1.3253e+01   0.0000e+00   2.0161e-03   3.5703e+02
20260528_21:00:00   1.6361e-01   4.5218e+01   1.5902e+01   0.0000e+00   1.6395e-02   3.5025e+02
20260529_00:00:00   2.0376e-01   5.4757e+01   1.8992e+01   0.0000e+00   3.4780e-06   3.5795e+02
20260529_03:00:00   1.9640e-01   5.2830e+01   1.7816e+01   0.0000e+00   0.0000e+00   3.6109e+02
20260529_06:00:00   1.8290e-01   4.9593e+01   1.6292e+01   0.0000e+00   0.0000e+00   3.6030e+02
20260529_09:00:00   1.6961e-01   4.6415e+01   1.4731e+01   0.0000e+00   4.2140e-05   3.5852e+02
20260529_12:00:00   1.7419e-01   4.7649e+01   1.5197e+01   0.0000e+00   1.9458e-06   3.6179e+02
20260529_15:00:00   1.6432e-01   4.5440e+01   1.4816e+01   0.0000e+00   4.5160e-04   3.5619e+02
20260529_18:00:00   1.8132e-01   4.9520e+01   1.7796e+01   0.0000e+00   0.0000e+00   3.5170e+02
20260529_21:00:00   1.8585e-01   5.0705e+01   1.8508e+01   0.0000e+00   7.3061e-03   3.4535e+02
20260530_00:00:00   2.0482e-01   5.5063e+01   1.9846e+01   3.5820e-05   4.9359e-03   3.4163e+02
20260530_03:00:00   2.0051e-01   5.3846e+01   1.9266e+01   0.0000e+00   4.9183e-03   3.3604e+02
20260530_06:00:00   2.0933e-01   5.5911e+01   1.9542e+01   0.0000e+00   3.9391e-03   3.3447e+02
20260530_09:00:00   2.0379e-01   5.4605e+01   1.8741e+01   0.0000e+00   7.1968e-03   3.3727e+02
20260530_12:00:00   1.8597e-01   5.0557e+01   1.6977e+01   0.0000e+00   2.2792e-03   3.3875e+02
20260530_15:00:00   1.5695e-01   4.3726e+01   1.4310e+01   0.0000e+00   7.2708e-03   3.3638e+02
20260530_18:00:00   1.5589e-01   4.3437e+01   1.5099e+01   0.0000e+00   1.7308e-03   3.3497e+02
20260530_21:00:00   1.6794e-01   4.6378e+01   1.6787e+01   0.0000e+00   1.1727e-03   3.3465e+02
20260531_00:00:00   2.0086e-01   5.4177e+01   1.9837e+01   0.0000e+00   3.2361e-05   3.3436e+02
20260531_03:00:00   2.2019e-01   5.8359e+01   2.1856e+01   0.0000e+00   2.9590e-03   3.3513e+02
20260531_06:00:00   2.4375e-01   6.3625e+01   2.4030e+01   0.0000e+00   1.3044e-02   3.3826e+02
20260531_09:00:00   2.3215e-01   6.1030e+01   2.2863e+01   0.0000e+00   1.0790e-02   3.4301e+02
20260531_12:00:00   2.2615e-01   5.9532e+01   2.3415e+01   0.0000e+00   3.0065e-03   3.4442e+02
20260531_15:00:00   2.1941e-01   5.8005e+01   2.3297e+01   0.0000e+00   0.0000e+00   3.3962e+02
20260531_18:00:00   2.4265e-01   6.3486e+01   2.5297e+01   1.2404e-03   2.2120e-04   3.4083e+02
20260531_21:00:00   2.5973e-01   6.7471e+01   2.6799e+01   1.9366e-03   2.5019e-03   3.3488e+02
20260601_00:00:00   2.7817e-01   7.1522e+01   2.8100e+01   1.7122e-03   5.7255e-04   3.2814e+02
20260601_03:00:00   2.6120e-01   6.7634e+01   2.6528e+01   0.0000e+00   4.3338e-04   3.2425e+02
20260601_06:00:00   2.4979e-01   6.5090e+01   2.5137e+01   0.0000e+00   7.1840e-04   3.2200e+02
20260601_09:00:00   2.4291e-01   6.3441e+01   2.4497e+01   0.0000e+00   2.5958e-03   3.2383e+02
20260601_12:00:00   2.4891e-01   6.4924e+01   2.4977e+01   0.0000e+00   2.9120e-03   3.2152e+02
20260601_15:00:00   2.6976e-01   6.9631e+01   2.7781e+01   7.2480e-04   2.4000e-04   3.1061e+02
20260601_18:00:00   2.9342e-01   7.4539e+01   3.1552e+01   1.1382e-05   1.2972e-03   3.0915e+02
20260601_21:00:00   3.3279e-01   8.2591e+01   3.5620e+01   5.9920e-04   3.6629e-02   3.0358e+02
20260602_00:00:00   1.1792e+00   1.9334e+02   4.1167e+01   9.0598e-01   5.6794e-02   2.9794e+02
20260602_03:00:00   2.8996e-01   7.3517e+01   3.0600e+01   0.0000e+00   1.8041e-03   2.9961e+02
20260602_06:00:00   2.7615e-01   7.0519e+01   2.9129e+01   0.0000e+00   1.3474e-03   2.9830e+02
20260602_09:00:00   7.8240e-01   1.5690e+02   3.1573e+01   5.8718e-01   2.4083e-03   2.9946e+02
20260602_12:00:00   8.9371e-01   1.7001e+02   2.4764e+01   7.8022e-01   0.0000e+00   3.0526e+02
20260602_15:00:00   1.4205e-01   3.9721e+01   1.1245e+01   0.0000e+00   0.0000e+00   3.2180e+02
20260602_18:00:00   1.1507e-01   3.3062e+01   8.5812e+00   0.0000e+00   0.0000e+00   3.1974e+02
