#            date       tau255        Tb[K]      pwv[mm] lwp[kg*m^-2] iwp[kg*m^-2]       o3[DU]
20260125_12:00:00   1.1324e+00   1.8425e+02   1.9290e+01   1.0544e+00   6.7450e-01   2.8671e+02
20260125_13:00:00   1.0298e+00   1.7592e+02   2.0028e+01   9.3813e-01   6.7449e-01   2.8653e+02
20260125_14:00:00   1.3129e+00   1.9941e+02   2.0588e+01   1.2519e+00   5.0409e-01   2.8342e+02
20260125_15:00:00   1.1552e+00   1.8714e+02   2.0994e+01   1.0707e+00   7.7240e-01   2.7649e+02
20260125_16:00:00   1.0049e+00   1.7375e+02   2.1392e+01   8.9959e-01   6.8205e-01   2.7251e+02
20260125_17:00:00   1.1832e+00   1.8998e+02   2.1748e+01   1.0983e+00   6.6907e-01   2.6984e+02
20260125_18:00:00   7.3669e-01   1.4342e+02   2.2059e+01   5.9183e-01   6.5343e-01   2.7045e+02
20260125_19:00:00   8.5529e-01   1.5796e+02   2.2255e+01   7.2403e-01   7.4272e-01   2.7031e+02
20260125_20:00:00   1.1585e+00   1.8796e+02   2.2587e+01   1.0628e+00   7.6417e-01   2.7177e+02
20260125_21:00:00   8.3073e-01   1.5460e+02   2.1751e+01   6.9818e-01   7.9053e-01   2.7248e+02
20260125_22:00:00   7.0685e-01   1.3948e+02   2.1477e+01   5.6349e-01   5.1164e-01   2.7297e+02
20260125_23:00:00   3.2938e-01   7.8195e+01   2.0482e+01   1.4577e-01   3.8738e-01   2.7654e+02
20260126_00:00:00   1.0500e+00   1.7815e+02   1.7021e+01   9.8619e-01   3.1223e-01   2.7901e+02
20260126_01:00:00   1.0308e+00   1.7570e+02   1.4452e+01   9.7885e-01   1.2461e-01   2.8199e+02
20260126_02:00:00   8.0158e-01   1.5075e+02   1.2639e+01   7.3335e-01   3.5899e-02   2.8062e+02
20260126_03:00:00   4.7256e-01   1.0367e+02   1.1328e+01   3.7108e-01   3.9465e-03   2.8301e+02
20260126_04:00:00   4.1906e-01   9.3995e+01   1.0830e+01   3.1389e-01   1.0471e-02   2.8431e+02
20260126_05:00:00   3.4287e-01   7.9849e+01   1.0170e+01   2.3509e-01   9.3697e-03   2.8770e+02
20260126_06:00:00   1.4860e-01   3.9212e+01   9.3972e+00   2.4855e-02   3.5434e-03   2.8675e+02
20260126_07:00:00   1.2204e-01   3.2935e+01   8.9355e+00   2.0675e-04   2.4760e-03   2.8670e+02
20260126_08:00:00   1.1822e-01   3.1923e+01   8.5569e+00   0.0000e+00   2.4802e-03   2.8303e+02
20260126_09:00:00   1.1422e-01   3.0884e+01   8.0048e+00   0.0000e+00   3.7006e-03   2.8529e+02
20260126_10:00:00   1.1323e-01   3.0565e+01   7.9447e+00   0.0000e+00   2.2256e-03   2.8708e+02
20260126_11:00:00   1.1263e-01   3.0350e+01   7.8778e+00   0.0000e+00   1.4584e-03   2.9195e+02
20260126_12:00:00   1.1146e-01   2.9974e+01   7.6930e+00   0.0000e+00   3.5703e-03   2.9400e+02
20260126_13:00:00   1.0915e-01   2.9343e+01   7.4273e+00   0.0000e+00   3.3569e-03   2.9398e+02
20260126_14:00:00   1.0246e-01   2.7726e+01   6.4145e+00   0.0000e+00   4.6730e-03   2.9232e+02
20260126_15:00:00   9.0995e-02   2.4996e+01   4.6656e+00   0.0000e+00   8.4147e-03   2.9586e+02
20260126_16:00:00   8.2318e-02   2.2899e+01   3.2858e+00   0.0000e+00   7.2537e-03   2.9704e+02
20260126_17:00:00   7.9416e-02   2.2182e+01   2.7631e+00   5.3700e-06   8.5395e-03   3.0148e+02
20260126_18:00:00   7.7883e-02   2.1795e+01   2.4999e+00   1.6108e-05   1.1287e-02   3.0412e+02
20260126_19:00:00   7.8868e-02   2.1975e+01   2.6121e+00   0.0000e+00   1.2588e-02   3.0873e+02
20260126_20:00:00   7.9812e-02   2.2129e+01   2.6818e+00   0.0000e+00   1.2094e-02   3.1552e+02
20260126_21:00:00   7.9226e-02   2.1929e+01   2.4817e+00   0.0000e+00   1.7560e-02   3.2657e+02
20260126_22:00:00   7.8523e-02   2.1707e+01   2.2557e+00   0.0000e+00   2.2754e-02   3.3542e+02
20260126_23:00:00   7.8062e-02   2.1547e+01   2.0823e+00   0.0000e+00   2.4979e-02   3.4941e+02
20260127_00:00:00   7.8187e-02   2.1526e+01   2.0287e+00   0.0000e+00   2.9722e-02   3.6225e+02
20260127_01:00:00   7.7792e-02   2.1409e+01   1.9490e+00   0.0000e+00   2.4140e-02   3.7198e+02
20260127_02:00:00   7.6651e-02   2.1139e+01   1.7999e+00   0.0000e+00   1.5041e-02   3.7236e+02
20260127_03:00:00   7.6205e-02   2.1036e+01   1.7789e+00   0.0000e+00   1.0410e-02   3.6376e+02
20260127_04:00:00   7.5769e-02   2.0946e+01   1.7668e+00   0.0000e+00   7.0158e-03   3.5556e+02
20260127_05:00:00   7.4237e-02   2.0620e+01   1.6443e+00   0.0000e+00   3.7001e-03   3.5195e+02
20260127_06:00:00   7.4105e-02   2.0601e+01   1.6951e+00   0.0000e+00   2.5073e-03   3.4334e+02
20260127_07:00:00   7.4926e-02   2.0808e+01   1.8811e+00   0.0000e+00   1.2084e-03   3.4408e+02
20260127_08:00:00   7.6825e-02   2.1270e+01   2.2335e+00   0.0000e+00   3.2088e-04   3.4416e+02
20260127_09:00:00   7.7725e-02   2.1497e+01   2.4457e+00   0.0000e+00   5.4277e-05   3.4209e+02
20260127_10:00:00   7.7701e-02   2.1494e+01   2.4988e+00   0.0000e+00   3.2110e-05   3.3738e+02
20260127_11:00:00   7.5823e-02   2.1062e+01   2.2024e+00   0.0000e+00   1.4797e-05   3.3470e+02
20260127_12:00:00   7.2379e-02   2.0279e+01   1.6657e+00   0.0000e+00   1.4797e-05   3.3357e+02
20260127_13:00:00   7.1593e-02   2.0120e+01   1.6073e+00   0.0000e+00   1.9110e-06   3.3642e+02
20260127_14:00:00   7.1373e-02   2.0138e+01   1.6656e+00   0.0000e+00   0.0000e+00   3.3827e+02
20260127_15:00:00   7.2841e-02   2.0535e+01   1.9024e+00   0.0000e+00   0.0000e+00   3.3784e+02
20260127_16:00:00   7.7429e-02   2.1665e+01   2.5599e+00   0.0000e+00   0.0000e+00   3.3863e+02
20260127_17:00:00   8.4671e-02   2.3402e+01   3.5971e+00   0.0000e+00   0.0000e+00   3.4422e+02
20260127_18:00:00   9.3868e-02   2.5566e+01   4.8272e+00   0.0000e+00   1.4578e-05   3.4825e+02
20260127_19:00:00   9.9816e-02   2.6964e+01   5.5867e+00   0.0000e+00   3.7431e-03   3.5617e+02
20260127_20:00:00   1.0196e-01   2.7449e+01   5.8330e+00   0.0000e+00   1.9812e-02   3.5487e+02
20260127_21:00:00   1.0152e-01   2.7335e+01   5.6767e+00   0.0000e+00   1.8837e-02   3.5142e+02
20260127_22:00:00   9.5862e-02   2.5989e+01   4.8823e+00   0.0000e+00   2.1471e-02   3.4870e+02
20260127_23:00:00   8.8696e-02   2.4273e+01   3.8703e+00   0.0000e+00   2.7791e-02   3.5002e+02
20260128_00:00:00   8.4643e-02   2.3271e+01   3.2627e+00   0.0000e+00   2.5820e-02   3.5648e+02
20260128_01:00:00   8.0608e-02   2.2277e+01   2.6884e+00   0.0000e+00   1.9192e-02   3.6270e+02
20260128_02:00:00   7.9647e-02   2.2015e+01   2.4554e+00   0.0000e+00   1.8679e-02   3.6505e+02
20260128_03:00:00   7.9732e-02   2.2021e+01   2.3793e+00   0.0000e+00   1.8244e-02   3.6556e+02
20260128_04:00:00   7.8434e-02   2.1719e+01   2.1864e+00   0.0000e+00   1.7258e-02   3.7343e+02
20260128_05:00:00   7.6465e-02   2.1272e+01   1.9500e+00   0.0000e+00   1.3771e-02   3.7316e+02
20260128_06:00:00   7.5066e-02   2.0966e+01   1.8118e+00   0.0000e+00   1.0013e-02   3.8782e+02
20260128_07:00:00   7.4150e-02   2.0761e+01   1.7238e+00   4.1080e-05   4.3453e-03   3.8665e+02
20260128_08:00:00   7.3675e-02   2.0619e+01   1.6602e+00   0.0000e+00   2.1600e-03   3.7553e+02
20260128_09:00:00   7.3558e-02   2.0557e+01   1.6427e+00   0.0000e+00   7.6541e-04   3.6649e+02
20260128_10:00:00   7.3364e-02   2.0468e+01   1.6249e+00   0.0000e+00   2.3267e-04   3.7371e+02
20260128_11:00:00   7.3112e-02   2.0382e+01   1.5809e+00   0.0000e+00   5.5581e-05   3.7604e+02
20260128_12:00:00   7.3418e-02   2.0434e+01   1.6274e+00   0.0000e+00   4.9325e-05   3.7225e+02
20260128_13:00:00   7.4051e-02   2.0572e+01   1.7146e+00   0.0000e+00   6.1049e-05   3.7326e+02
20260128_14:00:00   7.6009e-02   2.1072e+01   2.0113e+00   0.0000e+00   1.0521e-04   3.7920e+02
20260128_15:00:00   7.7232e-02   2.1373e+01   2.2192e+00   0.0000e+00   3.2942e-04   3.9333e+02
20260128_16:00:00   7.8951e-02   2.1793e+01   2.4930e+00   0.0000e+00   3.0136e-04   4.0327e+02
20260128_17:00:00   8.1476e-02   2.2402e+01   2.8987e+00   0.0000e+00   2.3296e-04   4.0308e+02
20260128_18:00:00   8.4140e-02   2.3053e+01   3.3233e+00   0.0000e+00   1.6272e-04   4.1810e+02
20260128_19:00:00   8.9183e-02   2.4212e+01   3.9402e+00   1.7988e-04   1.2021e-03   4.3698e+02
20260128_20:00:00   9.2626e-02   2.4984e+01   4.4168e+00   1.0974e-04   5.1708e-03   4.5994e+02
20260128_21:00:00   9.3552e-02   2.5175e+01   4.6062e+00   0.0000e+00   8.0642e-03   4.7708e+02
20260128_22:00:00   9.5570e-02   2.5614e+01   4.8895e+00   0.0000e+00   1.5942e-02   4.7765e+02
20260128_23:00:00   9.7554e-02   2.6057e+01   5.1286e+00   0.0000e+00   3.0050e-02   4.7011e+02
20260129_00:00:00   9.8958e-02   2.6363e+01   5.2158e+00   0.0000e+00   4.7356e-02   4.5680e+02
20260129_01:00:00   9.7768e-02   2.6072e+01   4.9837e+00   0.0000e+00   6.0135e-02   4.3788e+02
20260129_02:00:00   9.4822e-02   2.5394e+01   4.5192e+00   0.0000e+00   4.3972e-02   4.1697e+02
20260129_03:00:00   9.1028e-02   2.4523e+01   3.9211e+00   0.0000e+00   3.9532e-02   4.0007e+02
20260129_04:00:00   8.5057e-02   2.3158e+01   3.0491e+00   0.0000e+00   2.1142e-02   3.8566e+02
20260129_05:00:00   7.8918e-02   2.1735e+01   2.2257e+00   0.0000e+00   9.1897e-03   3.7898e+02
20260129_06:00:00   7.6599e-02   2.1205e+01   1.9636e+00   0.0000e+00   8.6603e-03   3.8118e+02
20260129_07:00:00   7.6216e-02   2.1131e+01   1.9505e+00   0.0000e+00   8.2811e-03   3.8705e+02
20260129_08:00:00   7.6069e-02   2.1103e+01   1.9653e+00   0.0000e+00   8.5386e-03   3.8656e+02
20260129_09:00:00   7.5676e-02   2.1008e+01   1.9460e+00   4.8000e-06   7.0683e-03   3.8493e+02
20260129_10:00:00   7.6262e-02   2.1138e+01   2.0616e+00   3.1480e-05   6.0398e-03   3.8279e+02
20260129_11:00:00   7.6746e-02   2.1238e+01   2.1769e+00   5.3700e-06   5.4982e-03   3.8309e+02
20260129_12:00:00   7.7147e-02   2.1324e+01   2.2518e+00   0.0000e+00   4.7850e-03   3.8532e+02
20260129_13:00:00   7.7520e-02   2.1409e+01   2.2994e+00   0.0000e+00   3.8517e-03   3.8401e+02
20260129_14:00:00   7.8474e-02   2.1647e+01   2.4047e+00   2.4040e-04   2.6450e-03   3.8399e+02
20260129_15:00:00   7.9454e-02   2.1879e+01   2.5636e+00   0.0000e+00   2.7950e-03   3.8476e+02
20260129_16:00:00   8.0747e-02   2.2185e+01   2.7420e+00   0.0000e+00   1.0657e-03   3.8836e+02
20260129_17:00:00   8.1952e-02   2.2473e+01   2.9378e+00   0.0000e+00   4.7513e-04   3.8941e+02
20260129_18:00:00   8.3033e-02   2.2729e+01   3.0714e+00   0.0000e+00   5.3812e-04   3.9418e+02
20260129_19:00:00   8.4335e-02   2.3031e+01   3.2726e+00   0.0000e+00   7.9788e-04   3.9590e+02
20260129_20:00:00   8.5571e-02   2.3324e+01   3.4181e+00   2.6840e-06   1.8873e-03   3.8642e+02
20260129_21:00:00   8.6035e-02   2.3439e+01   3.4809e+00   2.6840e-06   2.9932e-03   3.8416e+02
20260129_22:00:00   8.5487e-02   2.3310e+01   3.3605e+00   0.0000e+00   2.5959e-03   3.8313e+02
20260129_23:00:00   8.3952e-02   2.2926e+01   3.1136e+00   0.0000e+00   1.8661e-03   3.8074e+02
20260130_00:00:00   8.3065e-02   2.2698e+01   2.9732e+00   0.0000e+00   1.6348e-03   3.7955e+02
20260130_01:00:00   8.1577e-02   2.2349e+01   2.7427e+00   0.0000e+00   1.1461e-03   3.7820e+02
20260130_02:00:00   8.0023e-02   2.1981e+01   2.5068e+00   0.0000e+00   9.9624e-04   3.7570e+02
20260130_03:00:00   7.9201e-02   2.1770e+01   2.3751e+00   0.0000e+00   9.2853e-04   3.7621e+02
20260130_04:00:00   7.8672e-02   2.1633e+01   2.3128e+00   0.0000e+00   8.3194e-04   3.7822e+02
20260130_05:00:00   7.8830e-02   2.1654e+01   2.3595e+00   0.0000e+00   7.7423e-04   3.7792e+02
20260130_06:00:00   7.9330e-02   2.1747e+01   2.4570e+00   0.0000e+00   1.4205e-03   3.7830e+02
20260130_07:00:00   7.9772e-02   2.1838e+01   2.5241e+00   0.0000e+00   2.3054e-03   3.7938e+02
20260130_08:00:00   8.0287e-02   2.1937e+01   2.5812e+00   0.0000e+00   1.6479e-03   3.7737e+02
20260130_09:00:00   7.9221e-02   2.1699e+01   2.4101e+00   0.0000e+00   1.1964e-03   3.7484e+02
20260130_10:00:00   7.9267e-02   2.1698e+01   2.4027e+00   0.0000e+00   4.7826e-04   3.7609e+02
20260130_11:00:00   8.0189e-02   2.1899e+01   2.5287e+00   0.0000e+00   1.1211e-03   3.7286e+02
20260130_12:00:00   8.1405e-02   2.2182e+01   2.6864e+00   0.0000e+00   2.7740e-03   3.7464e+02
20260130_15:00:00   8.5716e-02   2.3241e+01   3.1460e+00   0.0000e+00   8.3105e-04   3.7716e+02
20260130_18:00:00   1.0162e-01   2.6925e+01   3.5895e+00   1.3706e-02   4.0874e-03   3.9308e+02
20260130_21:00:00   9.8005e-02   2.6023e+01   3.5501e+00   9.0620e-03   1.0478e-02   4.0515e+02
20260131_00:00:00   8.1070e-02   2.2069e+01   2.2438e+00   2.6840e-06   3.6888e-03   4.1012e+02
20260131_03:00:00   8.3774e-02   2.2719e+01   2.7201e+00   0.0000e+00   1.6792e-03   4.0187e+02
20260131_06:00:00   8.3290e-02   2.2643e+01   2.6819e+00   0.0000e+00   3.2328e-04   4.1317e+02
20260131_09:00:00   8.5076e-02   2.3073e+01   2.8794e+00   0.0000e+00   6.4160e-04   4.2027e+02
20260131_12:00:00   7.9113e-02   2.1683e+01   2.1328e+00   0.0000e+00   4.2107e-04   4.2704e+02
20260131_15:00:00   8.0258e-02   2.2079e+01   2.2910e+00   0.0000e+00   2.6190e-04   4.1671e+02
20260131_18:00:00   8.1778e-02   2.2526e+01   2.4917e+00   0.0000e+00   9.4903e-05   3.9332e+02
20260131_21:00:00   7.9406e-02   2.1987e+01   2.2436e+00   0.0000e+00   1.9694e-05   3.8251e+02
20260201_00:00:00   7.5565e-02   2.1011e+01   1.7792e+00   0.0000e+00   2.2126e-03   3.7204e+02
20260201_03:00:00   7.6194e-02   2.1163e+01   1.7926e+00   1.0584e-03   3.1414e-04   3.7240e+02
20260201_06:00:00   7.5552e-02   2.1039e+01   2.0116e+00   5.0400e-05   2.0623e-05   3.8199e+02
20260201_09:00:00   7.6211e-02   2.1260e+01   2.3749e+00   0.0000e+00   0.0000e+00   3.7307e+02
20260201_12:00:00   7.9425e-02   2.2062e+01   3.0536e+00   0.0000e+00   1.3626e-04   3.5360e+02
20260201_15:00:00   8.9034e-02   2.4427e+01   4.5680e+00   0.0000e+00   3.9100e-03   3.4891e+02
20260201_18:00:00   9.7345e-02   2.6449e+01   5.7158e+00   0.0000e+00   7.8616e-02   3.4633e+02
20260201_21:00:00   1.0844e-01   2.9077e+01   7.1060e+00   0.0000e+00   1.4501e-01   3.4955e+02
20260202_00:00:00   1.1207e-01   2.9915e+01   7.5608e+00   0.0000e+00   2.1640e-02   3.6218e+02
20260202_03:00:00   1.2708e-01   3.3429e+01   9.2946e+00   2.7392e-05   3.1989e-01   3.6650e+02
20260202_06:00:00   1.2040e-01   3.1878e+01   8.6076e+00   1.3046e-05   1.1511e-01   3.8820e+02
20260202_09:00:00   1.2242e-01   3.2327e+01   8.8119e+00   0.0000e+00   5.7344e-02   4.0971e+02
20260202_12:00:00   1.2897e-01   3.3924e+01   9.4647e+00   0.0000e+00   3.1051e-02   4.0614e+02
20260202_15:00:00   1.2913e-01   3.4101e+01   9.0813e+00   6.9800e-05   1.4391e-02   4.1150e+02
20260202_18:00:00   1.3695e-01   3.6013e+01   8.5205e+00   1.1664e-02   1.2228e-02   4.0025e+02
20260202_21:00:00   1.2634e-01   3.3588e+01   7.9087e+00   4.7834e-03   3.2674e-02   3.8224e+02
20260203_00:00:00   1.2050e-01   3.2180e+01   7.1383e+00   6.2984e-03   1.7778e-02   3.5980e+02
20260203_03:00:00   1.6065e-01   4.1510e+01   6.5865e+00   5.6865e-02   1.1665e-02   3.5692e+02
20260203_06:00:00   2.3621e-01   5.7939e+01   6.3603e+00   1.4347e-01   8.4656e-03   3.5226e+02
20260203_09:00:00   1.4174e-01   3.7129e+01   6.7725e+00   3.5140e-02   1.7724e-03   3.5565e+02
20260203_12:00:00   1.3321e-01   3.5094e+01   7.3040e+00   2.1707e-02   4.0809e-03   3.7003e+02
20260203_15:00:00   1.2271e-01   3.2740e+01   7.9943e+00   3.4980e-03   1.7235e-04   3.7262e+02
20260203_18:00:00   1.3250e-01   3.5097e+01   9.0419e+00   3.1360e-03   1.6073e-03   3.8512e+02
20260203_21:00:00   1.3963e-01   3.6751e+01   9.0359e+00   7.7903e-03   1.8359e-01   3.8189e+02
20260204_00:00:00   3.0889e-01   7.2716e+01   6.2795e+00   2.2203e-01   5.6651e-02   3.9001e+02
20260204_03:00:00   9.0307e-02   2.4996e+01   3.8533e+00   0.0000e+00   1.4499e-02   3.9277e+02
20260204_06:00:00   9.3237e-02   2.5615e+01   2.7509e+00   1.4756e-02   6.6638e-03   3.8486e+02
20260204_09:00:00   8.6935e-02   2.4105e+01   3.3938e+00   4.5320e-03   1.3141e-03   3.7715e+02
20260204_12:00:00   9.2660e-02   2.5401e+01   4.1734e+00   4.7360e-03   3.3794e-03   3.7279e+02
20260204_15:00:00   9.3433e-02   2.5590e+01   4.8604e+00   3.2340e-04   1.3346e-03   3.7735e+02
20260204_18:00:00   9.6028e-02   2.6213e+01   5.1830e+00   0.0000e+00   3.8860e-04   3.8170e+02
20260204_21:00:00   9.4632e-02   2.5839e+01   4.7959e+00   4.2960e-05   2.3081e-03   3.9465e+02
20260205_00:00:00   9.6873e-02   2.6178e+01   4.9826e+00   3.2900e-04   5.0237e-03   4.0687e+02
20260205_03:00:00   8.8882e-02   2.4368e+01   3.8974e+00   1.4994e-04   1.0664e-03   4.2297e+02
20260205_06:00:00   8.8911e-02   2.4379e+01   4.0904e+00   2.0920e-04   3.7154e-03   4.1049e+02
20260205_09:00:00   1.0639e-01   2.8541e+01   6.8410e+00   0.0000e+00   4.4215e-04   3.9459e+02
20260205_12:00:00   1.0737e-01   2.8882e+01   6.8744e+00   9.6000e-06   2.1582e-03   3.8596e+02
20260205_15:00:00   1.1132e-01   3.0069e+01   7.3655e+00   0.0000e+00   2.2772e-02   3.8136e+02
20260205_18:00:00   1.9642e-01   4.9462e+01   8.6935e+00   8.5837e-02   1.6589e-02   3.6594e+02
20260205_21:00:00   2.9165e-01   6.9535e+01   9.5674e+00   1.8746e-01   7.6079e-03   3.5377e+02
20260206_00:00:00   3.4174e-01   7.9393e+01   9.8909e+00   2.4145e-01   3.6976e-03   3.3962e+02
20260206_03:00:00   3.6782e-01   8.4334e+01   9.1358e+00   2.7399e-01   4.2755e-03   3.4071e+02
20260206_06:00:00   3.3360e-01   7.7895e+01   8.7446e+00   2.3687e-01   4.7623e-03   3.4737e+02
20260206_09:00:00   1.8377e-01   4.7146e+01   7.4658e+00   7.8214e-02   2.7538e-03   3.4497e+02
20260206_12:00:00   1.5523e-01   4.0728e+01   6.9260e+00   5.0425e-02   1.7565e-03   3.4748e+02
20260206_15:00:00   1.0491e-01   2.9074e+01   6.1192e+00   1.9536e-03   5.2501e-04   3.4551e+02
20260206_18:00:00   1.0174e-01   2.8357e+01   5.6034e+00   3.1380e-03   1.1409e-03   3.3799e+02
20260206_21:00:00   1.0230e-01   2.8484e+01   6.0145e+00   2.2600e-03   3.5704e-03   3.4068e+02
20260207_00:00:00   9.2680e-02   2.6071e+01   5.1348e+00   0.0000e+00   3.6208e-02   3.4609e+02
20260207_03:00:00   1.0539e-01   2.9072e+01   7.4238e+00   6.6120e-06   4.0800e-03   3.3621e+02
20260207_06:00:00   1.0784e-01   2.9636e+01   7.8006e+00   8.4990e-05   2.5212e-03   3.2618e+02
20260207_09:00:00   1.2574e-01   3.3883e+01   1.0192e+01   1.5290e-06   4.7512e-02   3.2446e+02
20260207_12:00:00   1.6047e-01   4.1862e+01   1.4715e+01   7.3848e-04   1.9815e-01   3.2850e+02
20260207_15:00:00   2.1101e-01   5.3239e+01   1.6065e+01   4.3052e-02   2.7542e-01   3.2861e+02
20260207_18:00:00   8.0653e-01   1.5133e+02   1.5197e+01   7.1618e-01   3.7777e-02   3.3786e+02
20260207_21:00:00   6.5523e-01   1.3205e+02   1.1589e+01   5.7557e-01   1.1003e-03   3.5508e+02
20260208_00:00:00   7.5091e-01   1.4468e+02   1.2137e+01   6.7753e-01   2.4548e-02   3.2227e+02
20260208_03:00:00   7.3472e-01   1.4249e+02   1.1796e+01   6.6288e-01   1.6576e-02   3.1079e+02
20260208_06:00:00   8.0243e-01   1.5103e+02   1.1466e+01   7.4331e-01   1.2259e-02   3.0387e+02
20260208_09:00:00   4.2752e-01   9.5972e+01   9.6822e+00   3.3589e-01   7.1156e-04   3.0128e+02
20260208_12:00:00   4.4720e-01   9.9312e+01   7.6462e+00   3.7618e-01   3.6135e-04   2.9687e+02
20260208_15:00:00   1.5619e-01   4.1137e+01   7.0781e+00   5.4227e-02   1.7087e-04   2.8984e+02
20260208_18:00:00   1.1906e-01   3.2427e+01   6.9889e+00   1.3669e-02   1.1699e-04   2.9464e+02
20260208_21:00:00   1.1079e-01   3.0436e+01   7.6113e+00   5.0480e-04   9.4307e-04   2.9374e+02
20260209_00:00:00   1.0976e-01   3.0121e+01   7.7058e+00   4.3780e-06   2.4082e-03   2.8992e+02
20260209_03:00:00   1.0803e-01   2.9676e+01   7.3488e+00   7.5013e-04   7.7359e-04   2.9143e+02
20260209_06:00:00   1.1038e-01   3.0167e+01   7.9753e+00   0.0000e+00   5.5302e-03   2.9379e+02
20260209_09:00:00   1.1175e-01   3.0449e+01   8.2039e+00   6.0400e-06   5.7238e-03   2.9732e+02
20260209_12:00:00   1.1388e-01   3.0906e+01   8.3990e+00   3.5480e-04   2.9385e-03   2.9727e+02
20260209_15:00:00   1.4786e-01   3.9000e+01   9.2315e+00   2.9054e-02   3.3181e-03   2.9705e+02
20260209_18:00:00   3.5809e-01   8.2955e+01   1.0930e+01   2.5066e-01   1.6100e-02   2.9815e+02
20260209_21:00:00   6.2800e-01   1.2711e+02   1.3093e+01   5.3586e-01   1.5455e-01   2.9861e+02
20260210_00:00:00   5.7501e-01   1.1876e+02   1.4391e+01   4.6357e-01   7.4304e-02   2.9899e+02
20260210_03:00:00   3.1327e-01   7.3873e+01   1.5173e+01   1.6215e-01   6.0535e-01   2.9976e+02
20260210_06:00:00   2.8503e-01   6.8171e+01   1.4904e+01   1.3302e-01   6.9188e-01   3.0019e+02
20260210_09:00:00   2.0507e-01   5.1502e+01   1.4912e+01   4.3194e-02   7.6793e-01   2.9813e+02
20260210_12:00:00   2.0398e-01   5.1373e+01   1.5585e+01   3.4433e-02   8.6151e-01   3.0157e+02
