#            date       tau255        Tb[K]      pwv[mm] lwp[kg*m^-2] iwp[kg*m^-2]       o3[DU]
20260415_00:00:00   2.4676e-01   6.3612e+01   2.4891e+01   0.0000e+00   1.7530e-04   2.9774e+02
20260415_01:00:00   2.4770e-01   6.3760e+01   2.4852e+01   0.0000e+00   4.8000e-06   2.9888e+02
20260415_02:00:00   2.4441e-01   6.2955e+01   2.4866e+01   0.0000e+00   0.0000e+00   2.9849e+02
20260415_03:00:00   2.4589e-01   6.3241e+01   2.5079e+01   0.0000e+00   1.2752e-04   2.9760e+02
20260415_04:00:00   2.4502e-01   6.3010e+01   2.5157e+01   0.0000e+00   8.7700e-06   2.9675e+02
20260415_05:00:00   2.5632e-01   6.5385e+01   2.6566e+01   0.0000e+00   1.7012e-04   2.9851e+02
20260415_06:00:00   2.5714e-01   6.5495e+01   2.6723e+01   0.0000e+00   8.6495e-03   2.9656e+02
20260415_07:00:00   2.5101e-01   6.4217e+01   2.5985e+01   0.0000e+00   6.0808e-04   2.9673e+02
20260415_08:00:00   2.3866e-01   6.1648e+01   2.4144e+01   0.0000e+00   2.3080e-05   2.9536e+02
20260415_09:00:00   2.1387e-01   5.6200e+01   2.1436e+01   0.0000e+00   9.6000e-06   2.9391e+02
20260415_10:00:00   1.9640e-01   5.2097e+01   1.9921e+01   0.0000e+00   9.9897e-04   2.9317e+02
20260415_11:00:00   1.9292e-01   5.1259e+01   1.9508e+01   0.0000e+00   1.3008e-03   2.9341e+02
20260415_12:00:00   2.1782e-01   5.7082e+01   2.1685e+01   0.0000e+00   3.5869e-03   2.9337e+02
20260415_13:00:00   2.2267e-01   5.8238e+01   2.2217e+01   0.0000e+00   1.6710e-03   2.9428e+02
20260415_14:00:00   2.1972e-01   5.7613e+01   2.2369e+01   0.0000e+00   2.6192e-03   2.9441e+02
20260415_15:00:00   2.1799e-01   5.7246e+01   2.2489e+01   0.0000e+00   8.9010e-05   2.9576e+02
20260415_16:00:00   2.1430e-01   5.6505e+01   2.2241e+01   0.0000e+00   3.4259e-05   2.9711e+02
20260415_17:00:00   2.1594e-01   5.6953e+01   2.2650e+01   0.0000e+00   8.5760e-04   2.9561e+02
20260415_18:00:00   2.1417e-01   5.6594e+01   2.2660e+01   0.0000e+00   2.3780e-03   2.9447e+02
20260415_19:00:00   2.1398e-01   5.6556e+01   2.2814e+01   0.0000e+00   2.1909e-03   2.9372e+02
20260415_20:00:00   2.2567e-01   5.9135e+01   2.4266e+01   0.0000e+00   2.3430e-04   2.9484e+02
20260415_21:00:00   2.2315e-01   5.8623e+01   2.3719e+01   0.0000e+00   2.3947e-04   2.9331e+02
20260415_22:00:00   2.2273e-01   5.8584e+01   2.3342e+01   0.0000e+00   6.9550e-02   2.9396e+02
20260415_23:00:00   2.3073e-01   6.0158e+01   2.4560e+01   0.0000e+00   1.6363e-01   2.9347e+02
20260416_00:00:00   2.2031e-01   5.7913e+01   2.2764e+01   0.0000e+00   1.7731e-02   2.9380e+02
20260416_01:00:00   2.0531e-01   5.4479e+01   2.0944e+01   0.0000e+00   3.3161e-02   2.9446e+02
20260416_02:00:00   1.9258e-01   5.1437e+01   1.9650e+01   0.0000e+00   1.5237e-01   2.9352e+02
20260416_03:00:00   1.8276e-01   4.9168e+01   1.8381e+01   0.0000e+00   1.0111e-01   2.9183e+02
20260416_04:00:00   1.8613e-01   4.9927e+01   1.8688e+01   0.0000e+00   1.6205e-01   2.9205e+02
20260416_05:00:00   1.7921e-01   4.8352e+01   1.7751e+01   0.0000e+00   9.4385e-02   2.9394e+02
20260416_06:00:00   1.8374e-01   4.9379e+01   1.8248e+01   0.0000e+00   3.4018e-02   2.9152e+02
20260416_07:00:00   1.8838e-01   5.0432e+01   1.8640e+01   0.0000e+00   2.8581e-02   2.9040e+02
20260416_08:00:00   1.9608e-01   5.2200e+01   1.9124e+01   0.0000e+00   3.7001e-02   2.9396e+02
20260416_09:00:00   1.9185e-01   5.1220e+01   1.8513e+01   0.0000e+00   2.5879e-02   2.9516e+02
20260416_10:00:00   1.7443e-01   4.7099e+01   1.6422e+01   0.0000e+00   9.7639e-03   2.9684e+02
20260416_11:00:00   1.6174e-01   4.4046e+01   1.4765e+01   0.0000e+00   2.8139e-03   2.9861e+02
20260416_12:00:00   1.5168e-01   4.1699e+01   1.3419e+01   0.0000e+00   5.0065e-03   2.9893e+02
20260416_13:00:00   1.5179e-01   4.1787e+01   1.3244e+01   0.0000e+00   3.5886e-03   2.9983e+02
20260416_14:00:00   1.5674e-01   4.3020e+01   1.3795e+01   0.0000e+00   1.6558e-03   2.9921e+02
20260416_15:00:00   1.5617e-01   4.2888e+01   1.4027e+01   0.0000e+00   7.4153e-04   2.9725e+02
20260416_16:00:00   1.7838e-01   4.8180e+01   1.6606e+01   0.0000e+00   6.9398e-04   2.9941e+02
20260416_17:00:00   1.8812e-01   5.0502e+01   1.7988e+01   0.0000e+00   1.1868e-03   2.9825e+02
20260416_18:00:00   1.9215e-01   5.1399e+01   1.8742e+01   0.0000e+00   2.3780e-03   2.9877e+02
20260416_19:00:00   1.9237e-01   5.1467e+01   1.8791e+01   1.4658e-03   6.0940e-04   3.0118e+02
20260416_20:00:00   2.8304e-01   7.1050e+01   2.1896e+01   7.4910e-02   3.3222e-04   3.0270e+02
20260416_21:00:00   2.3630e-01   6.1304e+01   2.1602e+01   2.1598e-02   4.8485e-05   3.0337e+02
20260416_22:00:00   2.6005e-01   6.6300e+01   2.6892e+01   2.0140e-04   5.0686e-05   3.0409e+02
20260416_23:00:00   4.0635e-01   9.5431e+01   2.9427e+01   1.3609e-01   5.0040e-04   3.0691e+02
20260417_00:00:00   2.8838e-01   7.2014e+01   2.6798e+01   2.1936e-02   2.4560e-05   3.1108e+02
20260417_01:00:00   2.1262e-01   5.5619e+01   2.0534e+01   0.0000e+00   3.8650e-04   3.1402e+02
20260417_02:00:00   1.8284e-01   4.8704e+01   1.7360e+01   0.0000e+00   2.8315e-03   3.1767e+02
20260417_03:00:00   1.7190e-01   4.6020e+01   1.6116e+01   0.0000e+00   2.0522e-02   3.2482e+02
20260417_04:00:00   1.7300e-01   4.6271e+01   1.6040e+01   0.0000e+00   3.6835e-02   3.2933e+02
20260417_05:00:00   1.8886e-01   4.9826e+01   1.8278e+01   0.0000e+00   5.1354e-02   3.3014e+02
20260417_06:00:00   1.9049e-01   5.0261e+01   1.8109e+01   0.0000e+00   2.4491e-02   3.2849e+02
20260417_07:00:00   1.9351e-01   5.0914e+01   1.8134e+01   0.0000e+00   1.3375e-01   3.2750e+02
20260417_08:00:00   2.0850e-01   5.4345e+01   1.8509e+01   1.2130e-02   1.9412e-01   3.2976e+02
20260417_09:00:00   2.1691e-01   5.6138e+01   2.0126e+01   8.4040e-03   3.7261e-02   3.3432e+02
20260417_10:00:00   2.2512e-01   5.7960e+01   2.0878e+01   1.0440e-02   2.9490e-02   3.3558e+02
20260417_11:00:00   2.2625e-01   5.8194e+01   2.1283e+01   7.6880e-03   1.7062e-02   3.3718e+02
20260417_12:00:00   2.1252e-01   5.5188e+01   2.0604e+01   6.2120e-04   1.7587e-02   3.3904e+02
20260417_13:00:00   1.9882e-01   5.2220e+01   1.8959e+01   2.7660e-04   2.0493e-02   3.4230e+02
20260417_14:00:00   1.8104e-01   4.8346e+01   1.6384e+01   0.0000e+00   2.1747e-03   3.4114e+02
20260417_15:00:00   1.6940e-01   4.5761e+01   1.4675e+01   0.0000e+00   4.8716e-04   3.4222e+02
20260417_16:00:00   1.6989e-01   4.5910e+01   1.4806e+01   0.0000e+00   0.0000e+00   3.4239e+02
20260417_17:00:00   1.6472e-01   4.4761e+01   1.4342e+01   0.0000e+00   0.0000e+00   3.4071e+02
20260417_18:00:00   1.6945e-01   4.5885e+01   1.5121e+01   0.0000e+00   0.0000e+00   3.3386e+02
20260417_19:00:00   1.7740e-01   4.7739e+01   1.6058e+01   4.2720e-04   6.3822e-06   3.2953e+02
20260417_20:00:00   1.9650e-01   5.2072e+01   1.6817e+01   1.5913e-02   1.1067e-03   3.2671e+02
20260417_21:00:00   2.6053e-01   6.6000e+01   1.6469e+01   9.2479e-02   8.5436e-04   3.2512e+02
20260417_22:00:00   2.9053e-01   7.2263e+01   1.6637e+01   1.2408e-01   3.1130e-03   3.2373e+02
20260417_23:00:00   1.7043e-01   4.6241e+01   1.5180e+01   0.0000e+00   5.7660e-04   3.2303e+02
20260418_00:00:00   1.6894e-01   4.5846e+01   1.4935e+01   0.0000e+00   8.1980e-05   3.2322e+02
20260418_01:00:00   1.7452e-01   4.7089e+01   1.5499e+01   7.0440e-04   4.3899e-04   3.2002e+02
20260418_02:00:00   1.8845e-01   5.0234e+01   1.6044e+01   1.0834e-02   9.6000e-06   3.1800e+02
20260418_03:00:00   1.7339e-01   4.6799e+01   1.5223e+01   1.6324e-03   3.1400e-03   3.1922e+02
20260418_04:00:00   1.7750e-01   4.7732e+01   1.5433e+01   4.3840e-03   3.0483e-03   3.1941e+02
20260418_05:00:00   1.6861e-01   4.5678e+01   1.4755e+01   0.0000e+00   7.9473e-03   3.1961e+02
20260418_06:00:00   1.6623e-01   4.5076e+01   1.4531e+01   0.0000e+00   2.9441e-03   3.1942e+02
20260418_07:00:00   1.6399e-01   4.4492e+01   1.4287e+01   0.0000e+00   1.3845e-02   3.1783e+02
20260418_08:00:00   1.5321e-01   4.1947e+01   1.2904e+01   0.0000e+00   1.5241e-02   3.1660e+02
20260418_09:00:00   1.4934e-01   4.0942e+01   1.2662e+01   0.0000e+00   3.1573e-02   3.1493e+02
20260418_10:00:00   1.5364e-01   4.1940e+01   1.3310e+01   0.0000e+00   1.5965e-03   3.1552e+02
20260418_11:00:00   1.5946e-01   4.3257e+01   1.4081e+01   0.0000e+00   5.7608e-03   3.1628e+02
20260418_12:00:00   1.6659e-01   4.4966e+01   1.5193e+01   0.0000e+00   1.0457e-02   3.1540e+02
20260418_13:00:00   1.9399e-01   5.1321e+01   1.9212e+01   0.0000e+00   7.7499e-03   3.1290e+02
20260418_14:00:00   2.1577e-01   5.6215e+01   2.2507e+01   0.0000e+00   2.8984e-02   3.0761e+02
20260418_15:00:00   2.4122e-01   6.1794e+01   2.5844e+01   0.0000e+00   6.9917e-02   3.0783e+02
20260418_16:00:00   2.6501e-01   6.6990e+01   2.8265e+01   0.0000e+00   2.7833e-02   3.0611e+02
20260418_17:00:00   3.4628e-01   8.3478e+01   3.0106e+01   7.4168e-02   2.9193e-02   3.0453e+02
20260418_18:00:00   2.8959e-01   7.2181e+01   2.9270e+01   1.7737e-02   4.2767e-02   3.0528e+02
20260418_19:00:00   2.7055e-01   6.8361e+01   2.8722e+01   3.2557e-03   4.0211e-02   3.0649e+02
20260418_20:00:00   3.2263e-01   7.9046e+01   2.9317e+01   5.9124e-02   5.1786e-02   3.0509e+02
20260418_21:00:00   4.3898e-01   1.0052e+02   3.1024e+01   1.7102e-01   1.4313e-01   3.0391e+02
20260418_22:00:00   7.4405e-01   1.4613e+02   3.2839e+01   4.9292e-01   3.2869e-01   3.0292e+02
20260418_23:00:00   7.5008e-01   1.4679e+02   3.3063e+01   4.9230e-01   6.7020e-01   3.0144e+02
20260419_00:00:00   7.3450e-01   1.4478e+02   3.1944e+01   4.8942e-01   2.6955e-01   3.0069e+02
20260419_01:00:00   4.3828e-01   1.0018e+02   3.2394e+01   1.4610e-01   3.1539e-01   2.9970e+02
20260419_02:00:00   7.4803e-01   1.4625e+02   3.2748e+01   4.8715e-01   7.1852e-01   3.0161e+02
20260419_03:00:00   7.5921e-01   1.4850e+02   3.3418e+01   4.9824e-01   8.1200e-01   3.0422e+02
20260419_04:00:00   5.2042e-01   1.1426e+02   3.2361e+01   2.3702e-01   9.8764e-01   3.0433e+02
20260419_05:00:00   8.0185e-01   1.5504e+02   3.2130e+01   5.7308e-01   2.5557e-01   3.0569e+02
20260419_06:00:00   7.6008e-01   1.5086e+02   3.0125e+01   5.6184e-01   1.5863e-01   3.0770e+02
20260419_07:00:00   1.3137e+00   2.0469e+02   2.8329e+01   1.2148e+00   1.1796e-01   3.0979e+02
20260419_08:00:00   1.0042e+00   1.7642e+02   2.5958e+01   8.7111e-01   1.6423e-01   3.1206e+02
20260419_09:00:00   5.0616e-01   1.1086e+02   2.3965e+01   3.1347e-01   1.8347e-01   3.1924e+02
20260419_10:00:00   6.2857e-01   1.2896e+02   2.3957e+01   4.4814e-01   2.6773e-01   3.2124e+02
20260419_11:00:00   5.7407e-01   1.2079e+02   2.2666e+01   3.9762e-01   1.2906e-01   3.2441e+02
20260419_12:00:00   5.8346e-01   1.2147e+02   1.9446e+01   4.3927e-01   1.0258e-01   3.2323e+02
20260419_13:00:00   1.7201e-01   4.4867e+01   1.5622e+01   9.1238e-03   9.9451e-02   3.2676e+02
20260419_14:00:00   2.3329e-01   5.8100e+01   1.2270e+01   1.0110e-01   2.4910e-02   3.3045e+02
20260419_15:00:00   1.6619e-01   4.3390e+01   1.0080e+01   4.1862e-02   1.8674e-02   3.3151e+02
20260419_16:00:00   1.1077e-01   3.0525e+01   7.5924e+00   0.0000e+00   1.7407e-04   3.3216e+02
20260419_17:00:00   1.0165e-01   2.8328e+01   6.2135e+00   0.0000e+00   8.8180e-05   3.3482e+02
20260419_18:00:00   1.0023e-01   2.7939e+01   6.0081e+00   0.0000e+00   7.6137e-05   3.3908e+02
20260419_19:00:00   1.0047e-01   2.7952e+01   6.0383e+00   0.0000e+00   2.1635e-03   3.4468e+02
20260419_20:00:00   1.1145e-01   3.0462e+01   7.0326e+00   2.7440e-03   1.3439e-02   3.5036e+02
20260419_21:00:00   1.1750e-01   3.1792e+01   7.5034e+00   4.5900e-03   8.9859e-03   3.6635e+02
20260419_22:00:00   1.1525e-01   3.1273e+01   7.6195e+00   0.0000e+00   9.1434e-04   3.8221e+02
20260419_23:00:00   1.2359e-01   3.3172e+01   8.4363e+00   0.0000e+00   4.3895e-02   3.8319e+02
20260420_00:00:00   1.3389e-01   3.5488e+01   9.1275e+00   2.1362e-03   1.1590e-01   3.8726e+02
20260420_03:00:00   1.0708e-01   2.9082e+01   6.0252e+00   0.0000e+00   5.2801e-03   4.0246e+02
20260420_06:00:00   9.1933e-02   2.5438e+01   4.1869e+00   0.0000e+00   4.0785e-06   3.8376e+02
20260420_09:00:00   8.4091e-02   2.3544e+01   3.1811e+00   0.0000e+00   1.3736e-04   3.8419e+02
20260420_12:00:00   8.1188e-02   2.2865e+01   2.9288e+00   0.0000e+00   0.0000e+00   3.8887e+02
20260420_15:00:00   8.1425e-02   2.2964e+01   3.1541e+00   0.0000e+00   0.0000e+00   3.8676e+02
20260420_18:00:00   9.4080e-02   2.6069e+01   4.9849e+00   0.0000e+00   0.0000e+00   3.8466e+02
20260420_21:00:00   9.4180e-02   2.6233e+01   5.0305e+00   0.0000e+00   0.0000e+00   3.8011e+02
20260421_00:00:00   9.4448e-02   2.6320e+01   5.1459e+00   0.0000e+00   0.0000e+00   3.7741e+02
20260421_03:00:00   9.3215e-02   2.6033e+01   5.1171e+00   0.0000e+00   0.0000e+00   3.8408e+02
20260421_06:00:00   9.5719e-02   2.6666e+01   5.7064e+00   0.0000e+00   0.0000e+00   3.8457e+02
20260421_09:00:00   1.0715e-01   2.9471e+01   7.4571e+00   0.0000e+00   4.8000e-06   3.7739e+02
20260421_12:00:00   1.0877e-01   2.9958e+01   7.6853e+00   0.0000e+00   0.0000e+00   3.7909e+02
20260421_15:00:00   1.1821e-01   3.2413e+01   9.1609e+00   0.0000e+00   0.0000e+00   3.8119e+02
20260421_18:00:00   1.2747e-01   3.4870e+01   1.0441e+01   0.0000e+00   3.5726e-03   3.8139e+02
20260421_21:00:00   1.3963e-01   3.7875e+01   1.2013e+01   0.0000e+00   3.5576e-03   3.8089e+02
20260422_00:00:00   1.4563e-01   3.9197e+01   1.2761e+01   0.0000e+00   5.9114e-03   3.8152e+02
20260422_03:00:00   1.4177e-01   3.8159e+01   1.2328e+01   0.0000e+00   2.6205e-04   3.7626e+02
20260422_06:00:00   1.4796e-01   3.9709e+01   1.2679e+01   0.0000e+00   6.9580e-06   3.7580e+02
20260422_09:00:00   4.7934e-01   1.0556e+02   1.5704e+01   3.3997e-01   3.7078e-02   3.8012e+02
20260422_12:00:00   5.5934e-01   1.1908e+02   1.5644e+01   4.3040e-01   5.8162e-04   3.7864e+02
20260422_15:00:00   7.9650e-01   1.5236e+02   1.5162e+01   7.0821e-01   2.2070e-03   3.7678e+02
20260422_18:00:00   1.9491e-01   5.0336e+01   1.3005e+01   4.4701e-02   1.4358e-04   3.9097e+02
20260422_21:00:00   1.4567e-01   3.9015e+01   1.2304e+01   1.3968e-03   8.2912e-04   3.8920e+02
20260423_00:00:00   1.3329e-01   3.6015e+01   1.0752e+01   0.0000e+00   1.0850e-06   3.8299e+02
20260423_03:00:00   1.2025e-01   3.2849e+01   8.9107e+00   0.0000e+00   0.0000e+00   3.8049e+02
20260423_06:00:00   1.1784e-01   3.2200e+01   8.6518e+00   0.0000e+00   0.0000e+00   3.7995e+02
20260423_09:00:00   1.1934e-01   3.2493e+01   8.8603e+00   0.0000e+00   0.0000e+00   3.8786e+02
20260423_12:00:00   1.1724e-01   3.2026e+01   8.7510e+00   0.0000e+00   0.0000e+00   3.8525e+02
20260423_15:00:00   1.1918e-01   3.2578e+01   9.3259e+00   0.0000e+00   0.0000e+00   3.7666e+02
20260423_18:00:00   1.2960e-01   3.5251e+01   1.1022e+01   0.0000e+00   3.4298e-04   3.7625e+02
20260423_21:00:00   1.5568e-01   4.1327e+01   1.4650e+01   0.0000e+00   4.6223e-02   3.8044e+02
20260424_00:00:00   5.1225e-01   1.1115e+02   2.0109e+01   3.4959e-01   1.7087e-01   3.7494e+02
20260424_03:00:00   2.7124e-01   6.6716e+01   2.0787e+01   6.8023e-02   4.3135e-01   3.6878e+02
20260424_06:00:00   3.2042e-01   7.6786e+01   2.1127e+01   1.2217e-01   2.8556e-01   3.6588e+02
20260424_09:00:00   2.0849e-01   5.3483e+01   2.0866e+01   0.0000e+00   2.8695e-02   3.6502e+02
20260424_12:00:00   2.4606e-01   6.1594e+01   2.2966e+01   2.0475e-02   3.6356e-01   3.6260e+02
20260424_15:00:00   7.3805e-01   1.4413e+02   2.6452e+01   5.4084e-01   4.1940e-01   3.5978e+02
20260424_18:00:00   1.3609e+00   2.0614e+02   2.8394e+01   1.2372e+00   1.6445e-01   3.6334e+02
20260424_21:00:00   8.2810e-01   1.5793e+02   2.7929e+01   6.4099e-01   4.5501e-03   3.6183e+02
20260425_00:00:00   2.7039e-01   6.7703e+01   2.6110e+01   1.4986e-02   2.5101e-03   3.5572e+02
20260425_03:00:00   2.8611e-01   7.0838e+01   2.5151e+01   4.0576e-02   1.5437e-04   3.5459e+02
20260425_06:00:00   2.1198e-01   5.5185e+01   2.0605e+01   0.0000e+00   2.8480e-03   3.5127e+02
20260425_09:00:00   2.1902e-01   5.6725e+01   2.1184e+01   1.0514e-03   2.4697e-03   3.5089e+02
20260425_12:00:00   2.2249e-01   5.7472e+01   2.1795e+01   0.0000e+00   1.3871e-02   3.5116e+02
20260425_15:00:00   2.2839e-01   5.8644e+01   2.3475e+01   2.7969e-03   1.6748e-01   3.5470e+02
20260425_18:00:00   5.2366e-01   1.1359e+02   2.7351e+01   2.9257e-01   5.3317e-01   3.5311e+02
20260425_21:00:00   6.3924e-01   1.3263e+02   2.6343e+01   4.4409e-01   2.7978e-01   3.5334e+02
20260426_00:00:00   1.1515e+00   1.9082e+02   2.4210e+01   1.0460e+00   2.7128e-02   3.6088e+02
20260426_03:00:00   8.8435e-01   1.6479e+02   2.1201e+01   7.6968e-01   2.4767e-02   3.6531e+02
20260426_06:00:00   2.7409e-01   6.8522e+01   2.0498e+01   7.9330e-02   1.3580e-01   3.6728e+02
20260426_09:00:00   3.3037e-01   7.9407e+01   2.3681e+01   1.1279e-01   7.5874e-02   3.7568e+02
20260426_12:00:00   2.7724e-01   6.8912e+01   2.2129e+01   5.5560e-02   6.5533e-02   3.9290e+02
20260426_15:00:00   3.5973e-01   8.5987e+01   2.0010e+01   1.6932e-01   3.1480e-05   4.0186e+02
20260426_18:00:00   5.5109e-01   1.1980e+02   2.1862e+01   3.8151e-01   3.3397e-04   3.9697e+02
20260426_21:00:00   3.6874e-01   8.7153e+01   2.1666e+01   1.6861e-01   6.4226e-03   3.9148e+02
20260427_00:00:00   5.2628e-01   1.1442e+02   2.0846e+01   3.5495e-01   1.4941e-02   3.9820e+02
20260427_03:00:00   7.0766e-01   1.4051e+02   1.9614e+01   5.7350e-01   4.0815e-02   3.9407e+02
20260427_06:00:00   9.8279e-01   1.7192e+02   1.8160e+01   8.9538e-01   5.5668e-03   3.8095e+02
20260427_09:00:00   8.3484e-01   1.5498e+02   1.7158e+01   7.3312e-01   4.0047e-01   3.8438e+02
20260427_12:00:00   2.6804e-01   6.5847e+01   9.2447e+00   1.5840e-01   2.0401e-04   3.9095e+02
20260427_15:00:00   1.4654e-01   3.9037e+01   8.6277e+00   2.7820e-02   1.5182e-04   3.9713e+02
20260427_18:00:00   1.1598e-01   3.1964e+01   8.1084e+00   0.0000e+00   0.0000e+00   3.9345e+02
20260427_21:00:00   1.2036e-01   3.3051e+01   8.7785e+00   0.0000e+00   3.6840e-05   3.8040e+02
20260428_00:00:00   1.2588e-01   3.4279e+01   8.8785e+00   3.0580e-03   1.5424e-05   3.7261e+02
20260428_03:00:00   1.1188e-01   3.0918e+01   7.2475e+00   3.4126e-04   1.0738e-06   3.7406e+02
20260428_06:00:00   1.0620e-01   2.9452e+01   6.5726e+00   4.9480e-04   5.9880e-06   3.7171e+02
20260428_09:00:00   1.0586e-01   2.9318e+01   6.4249e+00   2.6649e-03   1.0902e-05   3.7037e+02
20260428_12:00:00   1.4238e-01   3.8053e+01   6.7997e+00   3.9980e-02   1.9093e-04   3.7078e+02
20260428_15:00:00   1.0616e-01   2.9524e+01   6.8147e+00   0.0000e+00   1.0738e-06   3.7143e+02
20260428_18:00:00   1.1025e-01   3.0640e+01   7.3216e+00   0.0000e+00   0.0000e+00   3.6028e+02
20260428_21:00:00   1.1210e-01   3.1107e+01   7.5503e+00   0.0000e+00   0.0000e+00   3.5926e+02
20260429_00:00:00   1.1584e-01   3.1879e+01   7.5321e+00   3.0400e-03   3.6675e-05   3.6648e+02
20260429_03:00:00   1.1233e-01   3.0950e+01   7.6108e+00   0.0000e+00   6.2160e-06   3.6327e+02
20260429_06:00:00   1.1621e-01   3.1830e+01   8.2049e+00   7.5260e-05   4.9140e-06   3.6082e+02
20260429_09:00:00   1.2050e-01   3.2811e+01   9.0139e+00   0.0000e+00   5.0213e-03   3.6106e+02
20260429_12:00:00   1.2856e-01   3.4728e+01   1.0434e+01   0.0000e+00   1.9361e-03   3.6350e+02
20260429_15:00:00   1.4098e-01   3.7816e+01   1.2233e+01   6.9580e-06   1.9282e-04   3.6264e+02
20260429_18:00:00   1.7552e-01   4.5840e+01   1.6148e+01   7.3214e-03   2.5280e-03   3.6317e+02
20260429_21:00:00   2.7709e-01   6.7703e+01   2.0236e+01   7.6280e-02   5.8868e-01   3.6327e+02
20260430_00:00:00   8.7109e-01   1.6008e+02   2.0331e+01   7.4859e-01   4.6477e-02   3.5749e+02
20260430_03:00:00   2.8992e-01   7.0433e+01   1.9900e+01   9.3349e-02   1.6749e-01   3.6221e+02
20260430_06:00:00   5.0643e-01   1.0975e+02   2.0344e+01   3.3167e-01   2.7023e-02   3.5546e+02
20260430_09:00:00   8.0227e-01   1.5200e+02   2.0730e+01   6.6453e-01   4.2462e-02   3.5015e+02
20260430_12:00:00   7.6568e-01   1.4792e+02   2.1625e+01   6.1678e-01   2.4882e-02   3.4372e+02
20260430_15:00:00   3.3079e-01   7.9146e+01   2.3940e+01   1.0350e-01   4.7117e-01   3.3989e+02
20260430_18:00:00   9.4039e-01   1.6824e+02   2.5460e+01   7.8123e-01   6.4880e-01   3.3360e+02
20260430_21:00:00   1.2445e+00   1.9649e+02   2.6391e+01   1.1203e+00   5.3784e-01   3.3792e+02
20260501_00:00:00   6.3635e-01   1.3128e+02   2.5642e+01   4.4025e-01   1.0806e-01   3.4760e+02
