#            date       tau255        Tb[K]      pwv[mm] lwp[kg*m^-2] iwp[kg*m^-2]       o3[DU]
20260322_18:00:00   1.7630e-01   4.7443e+01   1.7631e+01   0.0000e+00   4.3587e-03   3.1029e+02
20260322_19:00:00   1.8534e-01   4.9600e+01   1.8824e+01   0.0000e+00   1.9469e-04   3.0817e+02
20260322_20:00:00   1.8580e-01   4.9831e+01   1.8760e+01   0.0000e+00   2.6840e-06   3.0477e+02
20260322_21:00:00   1.8707e-01   5.0212e+01   1.8747e+01   0.0000e+00   1.7394e-06   3.0382e+02
20260322_22:00:00   1.8935e-01   5.0722e+01   1.8894e+01   0.0000e+00   4.9957e-04   3.0466e+02
20260322_23:00:00   1.8660e-01   5.0018e+01   1.8493e+01   0.0000e+00   2.1418e-03   3.0527e+02
20260323_00:00:00   1.8265e-01   4.9108e+01   1.7837e+01   0.0000e+00   4.4917e-04   3.0644e+02
20260323_01:00:00   1.9791e-01   5.2641e+01   1.9363e+01   0.0000e+00   3.1381e-04   3.0853e+02
20260323_02:00:00   2.2066e-01   5.7650e+01   2.2040e+01   0.0000e+00   7.6614e-02   3.0600e+02
20260323_03:00:00   2.4302e-01   6.2417e+01   2.4717e+01   0.0000e+00   1.3590e-01   3.0745e+02
20260323_04:00:00   2.5224e-01   6.4267e+01   2.5816e+01   0.0000e+00   2.0570e-01   3.0512e+02
20260323_05:00:00   2.4764e-01   6.3177e+01   2.5422e+01   0.0000e+00   4.7232e-01   3.0285e+02
20260323_06:00:00   2.5966e-01   6.5728e+01   2.6576e+01   0.0000e+00   3.5419e-01   3.0537e+02
20260323_07:00:00   3.9054e-01   9.2358e+01   2.7860e+01   1.3775e-01   2.5251e-01   3.0529e+02
20260323_08:00:00   1.5706e+00   2.2072e+02   3.0375e+01   1.4692e+00   2.7425e-01   3.0334e+02
20260323_09:00:00   6.1908e-01   1.2798e+02   2.6143e+01   4.1108e-01   1.1128e-01   3.0717e+02
20260323_10:00:00   3.0975e-01   7.5912e+01   2.1889e+01   1.0748e-01   1.0166e-03   3.0819e+02
20260323_11:00:00   6.8423e-01   1.3951e+02   1.6305e+01   5.8584e-01   3.4180e-04   3.1107e+02
20260323_12:00:00   6.9542e-01   1.4015e+02   1.2420e+01   6.2122e-01   0.0000e+00   3.1633e+02
20260323_13:00:00   5.8176e-01   1.2311e+02   1.0522e+01   5.0406e-01   3.2220e-06   3.2328e+02
20260323_14:00:00   5.5590e-01   1.1857e+02   9.6200e+00   4.8076e-01   1.6500e-05   3.2560e+02
20260323_15:00:00   4.6162e-01   1.0267e+02   7.2604e+00   3.9413e-01   1.6308e-04   3.2156e+02
20260323_16:00:00   3.1844e-01   7.6007e+01   5.7080e+00   2.4554e-01   2.3120e-04   3.1693e+02
20260323_17:00:00   2.1570e-01   5.4614e+01   5.2003e+00   1.3472e-01   4.7547e-04   3.1926e+02
20260323_18:00:00   1.8746e-01   4.8326e+01   4.9582e+00   1.0510e-01   6.5291e-04   3.2116e+02
20260323_19:00:00   1.5511e-01   4.0945e+01   4.7233e+00   7.0499e-02   1.3051e-03   3.2136e+02
20260323_20:00:00   1.0503e-01   2.9088e+01   4.9642e+00   1.1838e-02   6.8336e-04   3.2850e+02
20260323_21:00:00   9.6449e-02   2.7000e+01   5.1389e+00   2.4000e-04   5.1620e-05   3.3577e+02
20260323_22:00:00   9.6544e-02   2.6982e+01   5.2225e+00   0.0000e+00   8.1460e-06   3.3148e+02
20260323_23:00:00   9.5936e-02   2.6755e+01   5.1368e+00   0.0000e+00   3.2717e-05   3.3465e+02
20260324_00:00:00   9.3650e-02   2.6161e+01   4.8035e+00   3.5360e-04   1.4438e-04   3.3507e+02
20260324_01:00:00   9.6071e-02   2.6727e+01   4.9176e+00   1.6194e-03   9.9044e-04   3.3756e+02
20260324_02:00:00   9.3483e-02   2.6049e+01   4.7234e+00   1.2350e-04   3.2331e-03   3.4062e+02
20260324_03:00:00   9.1697e-02   2.5553e+01   4.5708e+00   1.0702e-05   1.2219e-03   3.4201e+02
20260324_04:00:00   8.6450e-02   2.4268e+01   4.0331e+00   0.0000e+00   5.2593e-06   3.4284e+02
20260324_05:00:00   8.4209e-02   2.3692e+01   3.8267e+00   0.0000e+00   5.4240e-06   3.4542e+02
20260324_06:00:00   8.3885e-02   2.3579e+01   3.8198e+00   0.0000e+00   2.1199e-05   3.4703e+02
20260324_07:00:00   8.3372e-02   2.3429e+01   3.7936e+00   0.0000e+00   1.0667e-03   3.5117e+02
20260324_08:00:00   8.2197e-02   2.3119e+01   3.7055e+00   0.0000e+00   6.9038e-04   3.5374e+02
20260324_09:00:00   8.0633e-02   2.2718e+01   3.5937e+00   0.0000e+00   7.8430e-04   3.5690e+02
20260324_10:00:00   7.9808e-02   2.2512e+01   3.5413e+00   0.0000e+00   1.3270e-03   3.5950e+02
20260324_11:00:00   8.0412e-02   2.2653e+01   3.6334e+00   0.0000e+00   2.8509e-03   3.6270e+02
20260324_12:00:00   8.0590e-02   2.2694e+01   3.6818e+00   0.0000e+00   4.9669e-03   3.6126e+02
20260324_13:00:00   8.0677e-02   2.2724e+01   3.7932e+00   0.0000e+00   1.8421e-02   3.6171e+02
20260324_14:00:00   8.3926e-02   2.3510e+01   4.3253e+00   0.0000e+00   1.2712e-02   3.6262e+02
20260324_15:00:00   8.6120e-02   2.4055e+01   4.6725e+00   0.0000e+00   1.2956e-02   3.6457e+02
20260324_16:00:00   8.8995e-02   2.4773e+01   5.0757e+00   0.0000e+00   4.5061e-02   3.6260e+02
20260324_17:00:00   9.4174e-02   2.6063e+01   5.8142e+00   0.0000e+00   4.7906e-02   3.6203e+02
20260324_18:00:00   9.5631e-02   2.6489e+01   5.9919e+00   0.0000e+00   6.6921e-03   3.5913e+02
20260324_19:00:00   9.5338e-02   2.6463e+01   5.9115e+00   0.0000e+00   1.7792e-03   3.5463e+02
20260324_20:00:00   9.5365e-02   2.6526e+01   5.9167e+00   0.0000e+00   8.5617e-04   3.5989e+02
20260324_21:00:00   9.6175e-02   2.6783e+01   6.0064e+00   0.0000e+00   0.0000e+00   3.6287e+02
20260324_22:00:00   9.7994e-02   2.7251e+01   6.1990e+00   0.0000e+00   0.0000e+00   3.5998e+02
20260324_23:00:00   9.9879e-02   2.7720e+01   6.3610e+00   0.0000e+00   1.3082e-04   3.5664e+02
20260325_00:00:00   9.9138e-02   2.7516e+01   6.2010e+00   0.0000e+00   2.3677e-03   3.5083e+02
20260325_01:00:00   1.0017e-01   2.7744e+01   6.3236e+00   0.0000e+00   1.8880e-03   3.4866e+02
20260325_02:00:00   1.0016e-01   2.7733e+01   6.3398e+00   0.0000e+00   6.1170e-03   3.5088e+02
20260325_03:00:00   1.0031e-01   2.7740e+01   6.4775e+00   0.0000e+00   5.3571e-03   3.5388e+02
20260325_04:00:00   9.9303e-02   2.7484e+01   6.3206e+00   0.0000e+00   1.9501e-02   3.5315e+02
20260325_05:00:00   9.9742e-02   2.7568e+01   6.4523e+00   0.0000e+00   5.3358e-02   3.5211e+02
20260325_06:00:00   1.0064e-01   2.7787e+01   6.5793e+00   0.0000e+00   3.4669e-02   3.5133e+02
20260325_07:00:00   1.0304e-01   2.8346e+01   6.9801e+00   0.0000e+00   4.6837e-02   3.4969e+02
20260325_08:00:00   1.0685e-01   2.9238e+01   7.5873e+00   0.0000e+00   2.4188e-02   3.4645e+02
20260325_09:00:00   1.0858e-01   2.9661e+01   7.8160e+00   0.0000e+00   1.2035e-02   3.4522e+02
20260325_10:00:00   1.1038e-01   3.0084e+01   8.0835e+00   0.0000e+00   1.0434e-02   3.4762e+02
20260325_11:00:00   1.1005e-01   3.0028e+01   8.0435e+00   0.0000e+00   7.4266e-03   3.5279e+02
20260325_12:00:00   1.0967e-01   2.9951e+01   7.9655e+00   0.0000e+00   1.8874e-03   3.5507e+02
20260325_13:00:00   1.0867e-01   2.9771e+01   7.8502e+00   0.0000e+00   3.5618e-06   3.5612e+02
20260325_14:00:00   1.1003e-01   3.0152e+01   8.0916e+00   0.0000e+00   4.3820e-05   3.5508e+02
20260325_15:00:00   1.1551e-01   3.1517e+01   8.8988e+00   0.0000e+00   6.7660e-06   3.5265e+02
20260325_16:00:00   1.2021e-01   3.2708e+01   9.5144e+00   0.0000e+00   0.0000e+00   3.5091e+02
20260325_17:00:00   1.2527e-01   3.3952e+01   1.0158e+01   0.0000e+00   2.3420e-05   3.4960e+02
20260325_18:00:00   1.2992e-01   3.5137e+01   1.0773e+01   0.0000e+00   9.3009e-04   3.5049e+02
20260325_19:00:00   1.3417e-01   3.6211e+01   1.1307e+01   0.0000e+00   8.0874e-05   3.5377e+02
20260325_20:00:00   1.3723e-01   3.6968e+01   1.1712e+01   0.0000e+00   1.1270e-03   3.4724e+02
20260325_21:00:00   1.3984e-01   3.7625e+01   1.2068e+01   0.0000e+00   2.4720e-03   3.4336e+02
20260325_22:00:00   1.4295e-01   3.8390e+01   1.2497e+01   0.0000e+00   1.3104e-02   3.4144e+02
20260325_23:00:00   1.4464e-01   3.8767e+01   1.2756e+01   0.0000e+00   2.5007e-02   3.3662e+02
20260326_00:00:00   1.4854e-01   3.9628e+01   1.3296e+01   0.0000e+00   5.0753e-02   3.3011e+02
20260326_01:00:00   1.5136e-01   4.0292e+01   1.3726e+01   0.0000e+00   2.1350e-02   3.2680e+02
20260326_02:00:00   1.5522e-01   4.1194e+01   1.4286e+01   0.0000e+00   4.4470e-02   3.2185e+02
20260326_03:00:00   1.5893e-01   4.2062e+01   1.4815e+01   0.0000e+00   5.9401e-02   3.2093e+02
20260326_04:00:00   1.6361e-01   4.3146e+01   1.5448e+01   0.0000e+00   2.5306e-02   3.1884e+02
20260326_05:00:00   1.7153e-01   4.4964e+01   1.6353e+01   0.0000e+00   1.3500e-02   3.1766e+02
20260326_06:00:00   1.7738e-01   4.6297e+01   1.7044e+01   0.0000e+00   1.5903e-02   3.1544e+02
20260326_07:00:00   1.8553e-01   4.8157e+01   1.7791e+01   1.3612e-03   5.3936e-03   3.1236e+02
20260326_08:00:00   2.7778e-01   6.8343e+01   1.8462e+01   1.0178e-01   2.3001e-02   3.1003e+02
20260326_09:00:00   2.5634e-01   6.3832e+01   1.8877e+01   7.2480e-02   3.0691e-02   3.0827e+02
20260326_10:00:00   2.0427e-01   5.2484e+01   1.9107e+01   9.8157e-03   3.7238e-02   3.0682e+02
20260326_11:00:00   2.9365e-01   7.1623e+01   2.2156e+01   8.1479e-02   1.8563e-02   3.0401e+02
20260326_12:00:00   2.7563e-01   6.8030e+01   2.2372e+01   5.9815e-02   8.5249e-03   3.0210e+02
20260326_13:00:00   3.0312e-01   7.3794e+01   2.2210e+01   9.4690e-02   4.2298e-02   3.0092e+02
20260326_14:00:00   3.6759e-01   8.6479e+01   2.3480e+01   1.5363e-01   1.6534e-02   2.9977e+02
20260326_15:00:00   4.5628e-01   1.0217e+02   2.3831e+01   2.4728e-01   1.4227e-02   2.9680e+02
20260326_16:00:00   5.9992e-01   1.2537e+02   2.4159e+01   4.0463e-01   4.4574e-03   2.9648e+02
20260326_17:00:00   5.3152e-01   1.1553e+02   2.3674e+01   3.3365e-01   8.8290e-03   2.9661e+02
20260326_18:00:00   1.0341e+00   1.8036e+02   2.3739e+01   9.1786e-01   2.2638e-03   2.9264e+02
20260326_19:00:00   7.5179e-01   1.4903e+02   2.3844e+01   5.9559e-01   2.6111e-03   2.9078e+02
20260326_20:00:00   7.9841e-01   1.5494e+02   2.4105e+01   6.4540e-01   1.1700e-03   2.8913e+02
20260326_21:00:00   4.7136e-01   1.0702e+02   2.2325e+01   2.8099e-01   4.8000e-05   2.8843e+02
20260326_22:00:00   2.9732e-01   7.4009e+01   2.1586e+01   8.0960e-02   0.0000e+00   2.8873e+02
20260326_23:00:00   2.6914e-01   6.7948e+01   2.4120e+01   2.7687e-02   9.6000e-06   2.8818e+02
20260327_00:00:00   2.5324e-01   6.4439e+01   2.5399e+01   0.0000e+00   0.0000e+00   2.9131e+02
20260327_01:00:00   2.4467e-01   6.2595e+01   2.4663e+01   1.3587e-06   1.0738e-05   2.9134e+02
20260327_02:00:00   2.3980e-01   6.1575e+01   2.4097e+01   1.3612e-06   0.0000e+00   2.8984e+02
20260327_03:00:00   2.3535e-01   6.0659e+01   2.3597e+01   2.7530e-06   7.4840e-06   2.8450e+02
20260327_04:00:00   2.3450e-01   6.0530e+01   2.3084e+01   5.5887e-04   3.2880e-04   2.8124e+02
20260327_05:00:00   2.5096e-01   6.4058e+01   2.4164e+01   9.3220e-03   1.8732e-02   2.7691e+02
20260327_06:00:00   2.6130e-01   6.6271e+01   2.4718e+01   1.9890e-02   3.8048e-02   2.7519e+02
20260327_07:00:00   2.7161e-01   6.8584e+01   2.5213e+01   2.5526e-02   4.6372e-02   2.7700e+02
20260327_08:00:00   5.2160e-01   1.1582e+02   2.8812e+01   2.8856e-01   1.9138e-01   2.7625e+02
20260327_09:00:00   9.2732e-01   1.7087e+02   2.9457e+01   7.5892e-01   7.4242e-02   2.7796e+02
20260327_10:00:00   1.0474e+00   1.8358e+02   2.8484e+01   9.1101e-01   1.1407e-02   2.7828e+02
20260327_11:00:00   9.5124e-01   1.7391e+02   2.7336e+01   8.1195e-01   7.3379e-03   2.8035e+02
20260327_12:00:00   1.0944e+00   1.8777e+02   2.9247e+01   9.5871e-01   1.4890e-02   2.8242e+02
20260327_13:00:00   1.0107e+00   1.7847e+02   2.7131e+01   8.7420e-01   2.6356e-03   2.8281e+02
20260327_14:00:00   1.0283e+00   1.7869e+02   2.5402e+01   9.0047e-01   1.4907e-03   2.8490e+02
20260327_15:00:00   6.7653e-01   1.3671e+02   2.4984e+01   4.9680e-01   1.2911e-03   2.8407e+02
20260327_16:00:00   6.2973e-01   1.2958e+02   2.3388e+01   4.5694e-01   1.6872e-03   2.8270e+02
20260327_17:00:00   3.3894e-01   8.0400e+01   2.2701e+01   1.3228e-01   7.8030e-04   2.8176e+02
20260327_18:00:00   5.2005e-01   1.1218e+02   2.2723e+01   3.4187e-01   8.6233e-03   2.7986e+02
20260327_21:00:00   4.6553e-01   1.0229e+02   2.0261e+01   3.0064e-01   5.8965e-02   2.7794e+02
20260328_00:00:00   1.5661e-01   4.1047e+01   1.3110e+01   1.1250e-02   3.2826e-02   2.8554e+02
20260328_03:00:00   1.0856e-01   2.9726e+01   7.0095e+00   4.6720e-03   3.9600e-02   2.8413e+02
20260328_06:00:00   8.6735e-02   2.4402e+01   3.5471e+00   2.1180e-03   3.2202e-04   2.8629e+02
20260328_09:00:00   7.9747e-02   2.2603e+01   2.8176e+00   8.6980e-06   1.0018e-04   2.9335e+02
20260328_12:00:00   7.6653e-02   2.1760e+01   2.4358e+00   0.0000e+00   1.2711e-06   2.9214e+02
20260328_15:00:00   7.6625e-02   2.1724e+01   2.3860e+00   0.0000e+00   0.0000e+00   3.0202e+02
20260328_18:00:00   8.1474e-02   2.2875e+01   2.9670e+00   0.0000e+00   0.0000e+00   3.0644e+02
20260328_21:00:00   9.0563e-02   2.4971e+01   3.9883e+00   8.5900e-05   1.6269e-02   3.2419e+02
20260329_00:00:00   9.9257e-02   2.6958e+01   4.8775e+00   0.0000e+00   4.6612e-03   3.6452e+02
20260329_03:00:00   8.9071e-02   2.4571e+01   3.6265e+00   0.0000e+00   0.0000e+00   3.7370e+02
20260329_06:00:00   9.4508e-02   2.5888e+01   4.3599e+00   0.0000e+00   1.1507e-03   3.7699e+02
20260329_09:00:00   8.5436e-02   2.3742e+01   3.1958e+00   0.0000e+00   0.0000e+00   3.8118e+02
20260329_12:00:00   8.0077e-02   2.2459e+01   2.5298e+00   0.0000e+00   0.0000e+00   3.8935e+02
20260329_15:00:00   8.0732e-02   2.2639e+01   2.9103e+00   0.0000e+00   0.0000e+00   3.9841e+02
20260329_18:00:00   8.7059e-02   2.4221e+01   4.0196e+00   0.0000e+00   4.8897e-04   4.0680e+02
20260329_21:00:00   9.4878e-02   2.6144e+01   5.1830e+00   0.0000e+00   1.1858e-03   4.2444e+02
20260330_00:00:00   9.0509e-02   2.5203e+01   4.3994e+00   0.0000e+00   0.0000e+00   4.2183e+02
20260330_03:00:00   8.7569e-02   2.4509e+01   4.1613e+00   0.0000e+00   0.0000e+00   4.1372e+02
20260330_06:00:00   8.7206e-02   2.4422e+01   4.3350e+00   0.0000e+00   0.0000e+00   4.1128e+02
20260330_09:00:00   8.8576e-02   2.4812e+01   4.5518e+00   0.0000e+00   0.0000e+00   3.9199e+02
20260330_12:00:00   9.0460e-02   2.5362e+01   4.6689e+00   0.0000e+00   0.0000e+00   3.7935e+02
20260330_15:00:00   1.0183e-01   2.8222e+01   6.4179e+00   0.0000e+00   0.0000e+00   3.7280e+02
20260330_18:00:00   1.2095e-01   3.2760e+01   9.5310e+00   0.0000e+00   1.0238e-03   3.7156e+02
20260330_21:00:00   1.3997e-01   3.7296e+01   1.1738e+01   0.0000e+00   1.7718e-02   3.7198e+02
20260331_00:00:00   1.4821e-01   3.9284e+01   1.2470e+01   0.0000e+00   7.2986e-04   3.6446e+02
20260331_03:00:00   1.4554e-01   3.8679e+01   1.2133e+01   0.0000e+00   2.6017e-03   3.6264e+02
20260331_06:00:00   1.3959e-01   3.7268e+01   1.1676e+01   0.0000e+00   1.1239e-03   3.6288e+02
20260331_09:00:00   1.3467e-01   3.6086e+01   1.1166e+01   0.0000e+00   2.3143e-02   3.6089e+02
20260331_12:00:00   1.3886e-01   3.7081e+01   1.1775e+01   0.0000e+00   2.8750e-02   3.5747e+02
20260331_15:00:00   1.5597e-01   4.1104e+01   1.4263e+01   0.0000e+00   5.4306e-02   3.5356e+02
20260331_18:00:00   1.7812e-01   4.6254e+01   1.7168e+01   0.0000e+00   1.0991e-01   3.5229e+02
20260331_21:00:00   1.9904e-01   5.1068e+01   1.9431e+01   1.4254e-04   2.7576e-01   3.4696e+02
20260401_00:00:00   1.7969e-01   4.6715e+01   1.7421e+01   3.2140e-04   2.4541e-01   3.4362e+02
20260401_03:00:00   1.6330e-01   4.3022e+01   1.5626e+01   0.0000e+00   2.0962e-02   3.3786e+02
20260401_06:00:00   1.5374e-01   4.0870e+01   1.4361e+01   0.0000e+00   8.3964e-02   3.2862e+02
20260401_09:00:00   1.4773e-01   3.9482e+01   1.3685e+01   0.0000e+00   9.2227e-02   3.2064e+02
20260401_12:00:00   1.6377e-01   4.3318e+01   1.5621e+01   0.0000e+00   6.1715e-02   3.1534e+02
20260401_15:00:00   2.1236e-01   5.4565e+01   2.1380e+01   9.4860e-04   3.3148e-02   3.1534e+02
20260401_18:00:00   2.4508e-01   6.1945e+01   2.3271e+01   1.8779e-02   3.5982e-02   3.1617e+02
20260401_21:00:00   3.2098e-01   7.7148e+01   2.4578e+01   9.0236e-02   1.6272e-01   3.1743e+02
20260402_00:00:00   1.3126e+00   2.0276e+02   2.3790e+01   1.2268e+00   1.4740e-02   3.1884e+02
20260402_03:00:00   3.9089e-01   9.1702e+01   1.5863e+01   2.4309e-01   1.5577e-03   3.2274e+02
20260402_06:00:00   2.1379e-01   5.5282e+01   1.1827e+01   7.2302e-02   8.4263e-04   3.2413e+02
20260402_09:00:00   1.7647e-01   4.6613e+01   7.9457e+00   6.6467e-02   1.4037e-04   3.2756e+02
20260402_12:00:00   1.5726e-01   4.1782e+01   6.7457e+00   5.6411e-02   8.5694e-04   3.2575e+02
20260402_15:00:00   1.9184e-01   4.9484e+01   6.1299e+00   1.0171e-01   3.1839e-03   3.2897e+02
20260402_18:00:00   1.0497e-01   2.9190e+01   5.7640e+00   5.1641e-03   2.4081e-03   3.3026e+02
20260402_21:00:00   9.7346e-02   2.7396e+01   5.4956e+00   0.0000e+00   6.9465e-04   3.3225e+02
20260403_00:00:00   9.6240e-02   2.7024e+01   5.1782e+00   0.0000e+00   7.5496e-04   3.3216e+02
20260403_03:00:00   8.8125e-02   2.4970e+01   4.1843e+00   0.0000e+00   6.3295e-04   3.3362e+02
20260403_06:00:00   8.1549e-02   2.3333e+01   3.4487e+00   0.0000e+00   1.5628e-04   3.3183e+02
20260403_09:00:00   8.5021e-02   2.4146e+01   3.9351e+00   0.0000e+00   3.6994e-04   3.3209e+02
20260403_12:00:00   8.5803e-02   2.4331e+01   4.1650e+00   0.0000e+00   2.8901e-03   3.3087e+02
20260403_15:00:00   8.6377e-02   2.4568e+01   4.4581e+00   0.0000e+00   3.4761e-03   3.3045e+02
20260403_18:00:00   8.6107e-02   2.4569e+01   4.6237e+00   0.0000e+00   1.7369e-02   3.2990e+02
20260403_21:00:00   9.1474e-02   2.5943e+01   5.4034e+00   0.0000e+00   8.6501e-03   3.3109e+02
20260404_00:00:00   9.3510e-02   2.6407e+01   5.6164e+00   0.0000e+00   1.2560e-02   3.3188e+02
20260404_03:00:00   9.6346e-02   2.7067e+01   6.1057e+00   0.0000e+00   2.8388e-02   3.3189e+02
20260404_06:00:00   1.0389e-01   2.8874e+01   7.2953e+00   0.0000e+00   3.0604e-02   3.3316e+02
20260404_09:00:00   1.1696e-01   3.1982e+01   9.2587e+00   0.0000e+00   2.8122e-03   3.3124e+02
20260404_12:00:00   1.4971e-01   3.9921e+01   1.3202e+01   0.0000e+00   5.0628e-04   3.3299e+02
20260404_15:00:00   1.7405e-01   4.5814e+01   1.6238e+01   0.0000e+00   5.8402e-04   3.4046e+02
20260404_18:00:00   1.9894e-01   5.1605e+01   1.8464e+01   5.9954e-03   1.7020e-03   3.3532e+02
20260404_21:00:00   1.9088e-01   4.9906e+01   1.7526e+01   5.0662e-03   1.2724e-05   3.2770e+02
20260405_00:00:00   1.9796e-01   5.1327e+01   1.9054e+01   1.5642e-03   3.1559e-04   3.2549e+02
20260405_03:00:00   1.9301e-01   5.0213e+01   1.8695e+01   0.0000e+00   2.1480e-06   3.2324e+02
20260405_06:00:00   1.8094e-01   4.7525e+01   1.7032e+01   0.0000e+00   0.0000e+00   3.1769e+02
20260405_09:00:00   1.8169e-01   4.7763e+01   1.6851e+01   0.0000e+00   2.9200e-04   3.0754e+02
20260405_12:00:00   1.7323e-01   4.5950e+01   1.5831e+01   0.0000e+00   2.1197e-03   3.1065e+02
20260405_15:00:00   1.7827e-01   4.7358e+01   1.6554e+01   0.0000e+00   1.4618e-03   3.1648e+02
20260405_18:00:00   1.8542e-01   4.9151e+01   1.7720e+01   3.8400e-05   9.1175e-03   3.1107e+02
20260405_21:00:00   1.9274e-01   5.0922e+01   1.8277e+01   2.7115e-03   1.0738e-06   3.0885e+02
20260406_00:00:00   1.9945e-01   5.2350e+01   1.8500e+01   2.8933e-03   4.4840e-03   3.0812e+02
20260406_03:00:00   1.9029e-01   5.0166e+01   1.7626e+01   0.0000e+00   1.0764e-02   3.0187e+02
20260406_06:00:00   1.9082e-01   5.0180e+01   1.7844e+01   0.0000e+00   1.3428e-02   3.0266e+02
20260406_09:00:00   2.0286e-01   5.2584e+01   1.9978e+01   7.8220e-04   1.6736e-01   3.0496e+02
20260406_12:00:00   2.1695e-01   5.5610e+01   2.1545e+01   2.3780e-03   6.0090e-02   3.0604e+02
20260406_15:00:00   2.2616e-01   5.7655e+01   2.3038e+01   0.0000e+00   1.8313e-01   3.0876e+02
20260406_18:00:00   3.9713e-01   9.1498e+01   2.4375e+01   1.7771e-01   3.4396e-01   3.0905e+02
20260406_21:00:00   8.3403e-01   1.5627e+02   2.5641e+01   6.5451e-01   2.2773e-01   3.0352e+02
20260407_00:00:00   6.1706e-01   1.2796e+02   2.5837e+01   4.0292e-01   4.6603e-01   3.0583e+02
20260407_03:00:00   9.8115e-01   1.7225e+02   2.3537e+01   8.3091e-01   1.6453e-01   3.1170e+02
20260407_06:00:00   2.0639e-01   5.3474e+01   1.7506e+01   1.3157e-02   6.4259e-02   3.1282e+02
20260407_09:00:00   1.6901e-01   4.5026e+01   1.3253e+01   1.0484e-02   5.6840e-03   3.1647e+02
20260407_12:00:00   1.8474e-01   4.8702e+01   1.3675e+01   2.3620e-02   0.0000e+00   3.1663e+02
20260407_15:00:00   1.7040e-01   4.5460e+01   1.3336e+01   1.2324e-02   0.0000e+00   3.2008e+02
20260407_18:00:00   1.3442e-01   3.6968e+01   1.0586e+01   2.6840e-05   0.0000e+00   3.2640e+02
