#            date       tau255        Tb[K]      pwv[mm] lwp[kg*m^-2] iwp[kg*m^-2]       o3[DU]
20260624_00:00:00   2.5260e-01   6.4815e+01   2.5459e+01   0.0000e+00   1.3822e-01   3.2500e+02
20260624_01:00:00   2.4302e-01   6.2830e+01   2.3765e+01   0.0000e+00   4.4062e-02   3.2389e+02
20260624_02:00:00   2.2994e-01   6.0008e+01   2.1725e+01   0.0000e+00   9.2362e-02   3.2488e+02
20260624_03:00:00   2.1661e-01   5.7066e+01   1.9925e+01   0.0000e+00   5.6253e-02   3.2590e+02
20260624_04:00:00   2.1095e-01   5.5722e+01   1.9397e+01   0.0000e+00   2.1587e-02   3.2783e+02
20260624_05:00:00   2.1507e-01   5.6570e+01   1.9772e+01   0.0000e+00   4.5349e-03   3.3227e+02
20260624_06:00:00   2.1722e-01   5.6970e+01   2.0089e+01   0.0000e+00   7.9720e-06   3.3474e+02
20260624_07:00:00   2.2427e-01   5.8401e+01   2.1111e+01   0.0000e+00   6.9980e-05   3.3568e+02
20260624_08:00:00   2.2540e-01   5.8599e+01   2.1184e+01   0.0000e+00   3.6328e-04   3.3844e+02
20260624_09:00:00   2.1857e-01   5.7059e+01   2.0380e+01   0.0000e+00   5.6700e-06   3.4932e+02
20260624_10:00:00   2.1159e-01   5.5439e+01   1.9662e+01   0.0000e+00   4.0019e-02   3.5605e+02
20260624_11:00:00   2.0049e-01   5.2960e+01   1.8344e+01   0.0000e+00   6.0709e-03   3.5788e+02
20260624_12:00:00   1.8902e-01   5.0398e+01   1.6769e+01   0.0000e+00   2.7317e-03   3.6196e+02
20260624_13:00:00   1.8419e-01   4.9415e+01   1.5610e+01   0.0000e+00   2.6342e-03   3.6500e+02
20260624_14:00:00   1.9266e-01   5.1375e+01   1.6493e+01   0.0000e+00   0.0000e+00   3.6741e+02
20260624_15:00:00   2.0088e-01   5.3206e+01   1.7677e+01   1.2092e-03   0.0000e+00   3.6869e+02
20260624_16:00:00   1.9678e-01   5.2326e+01   1.7619e+01   0.0000e+00   0.0000e+00   3.6508e+02
20260624_17:00:00   1.9510e-01   5.1967e+01   1.7717e+01   0.0000e+00   0.0000e+00   3.6235e+02
20260624_18:00:00   2.0282e-01   5.3725e+01   1.8873e+01   1.2198e-04   0.0000e+00   3.6040e+02
20260624_19:00:00   2.1861e-01   5.7295e+01   2.0192e+01   6.0040e-03   0.0000e+00   3.6050e+02
20260624_20:00:00   2.0899e-01   5.5168e+01   1.9680e+01   3.7900e-04   0.0000e+00   3.6191e+02
20260624_21:00:00   2.1029e-01   5.5518e+01   1.9762e+01   0.0000e+00   1.1032e-04   3.6028e+02
20260624_22:00:00   2.1232e-01   5.6001e+01   1.9854e+01   3.5440e-05   1.3822e-04   3.5684e+02
20260624_23:00:00   2.4475e-01   6.3081e+01   2.0716e+01   2.7380e-02   4.8360e-04   3.5266e+02
20260625_00:00:00   2.1434e-01   5.6367e+01   2.0068e+01   0.0000e+00   1.1572e-03   3.5040e+02
20260625_01:00:00   2.0578e-01   5.4359e+01   1.9241e+01   0.0000e+00   7.0003e-04   3.5125e+02
20260625_02:00:00   2.0157e-01   5.3310e+01   1.8795e+01   0.0000e+00   5.8694e-04   3.5179e+02
20260625_03:00:00   1.9854e-01   5.2556e+01   1.8520e+01   0.0000e+00   7.9873e-04   3.5225e+02
20260625_04:00:00   2.0286e-01   5.3482e+01   1.8999e+01   0.0000e+00   8.6738e-05   3.5088e+02
20260625_05:00:00   2.1162e-01   5.5400e+01   2.0040e+01   0.0000e+00   4.7573e-05   3.4830e+02
20260625_06:00:00   2.1195e-01   5.5423e+01   2.0249e+01   0.0000e+00   2.3143e-04   3.4684e+02
20260625_07:00:00   2.1258e-01   5.5504e+01   2.0612e+01   0.0000e+00   2.6565e-03   3.4508e+02
20260625_08:00:00   2.1357e-01   5.5674e+01   2.0985e+01   0.0000e+00   5.9045e-03   3.4560e+02
20260625_09:00:00   2.1766e-01   5.6542e+01   2.1631e+01   0.0000e+00   1.1506e-02   3.4789e+02
20260625_10:00:00   2.2214e-01   5.7479e+01   2.2205e+01   0.0000e+00   2.7513e-02   3.5207e+02
20260625_11:00:00   2.3580e-01   6.0381e+01   2.4029e+01   7.0100e-04   2.6238e-02   3.5154e+02
20260625_12:00:00   2.4390e-01   6.2131e+01   2.5038e+01   0.0000e+00   7.4163e-02   3.5243e+02
20260625_13:00:00   2.5546e-01   6.4611e+01   2.5602e+01   7.3580e-03   4.7957e-02   3.5213e+02
20260625_14:00:00   2.5402e-01   6.4367e+01   2.6097e+01   1.4576e-05   3.6332e-02   3.5227e+02
20260625_15:00:00   3.2411e-01   7.8655e+01   2.6242e+01   7.8420e-02   1.5722e-02   3.5289e+02
20260625_16:00:00   5.4063e-01   1.1678e+02   2.6878e+01   3.1690e-01   3.6840e-02   3.5460e+02
20260625_17:00:00   5.9802e-01   1.2562e+02   2.7390e+01   3.7565e-01   3.5994e-02   3.5652e+02
20260625_18:00:00   4.4083e-01   1.0041e+02   2.8308e+01   1.8714e-01   6.0339e-02   3.5836e+02
20260625_19:00:00   8.0001e-01   1.5325e+02   2.9924e+01   5.7534e-01   2.5825e-01   3.5848e+02
20260625_20:00:00   8.3742e-01   1.5791e+02   3.1486e+01   5.9843e-01   4.8903e-02   3.6246e+02
20260625_21:00:00   9.8322e-01   1.7340e+02   3.0940e+01   7.6943e-01   8.8564e-02   3.6784e+02
20260625_22:00:00   6.6030e-01   1.3487e+02   3.2676e+01   3.7414e-01   1.1341e+00   3.6757e+02
20260625_23:00:00   7.4072e-01   1.4627e+02   3.3656e+01   4.5810e-01   2.2420e-01   3.6880e+02
20260626_00:00:00   6.6205e-01   1.3556e+02   3.3559e+01   3.6738e-01   2.6687e-01   3.6595e+02
20260626_01:00:00   8.2454e-01   1.5720e+02   3.5039e+01   5.3659e-01   7.3951e-01   3.6213e+02
20260626_02:00:00   4.8590e-01   1.0849e+02   3.3551e+01   1.6480e-01   8.4472e-01   3.6199e+02
20260626_03:00:00   7.0500e-01   1.4168e+02   3.5129e+01   3.9485e-01   5.0095e-01   3.6508e+02
20260626_04:00:00   4.0902e-01   9.5199e+01   3.4076e+01   6.9357e-02   3.5614e-01   3.6381e+02
20260626_05:00:00   1.0338e+00   1.8006e+02   3.5178e+01   7.7468e-01   6.6690e-01   3.6772e+02
20260626_06:00:00   5.9652e-01   1.2784e+02   3.2940e+01   3.0944e-01   1.9990e-03   3.7718e+02
20260626_07:00:00   5.5815e-01   1.2249e+02   3.1532e+01   2.8634e-01   4.4192e-02   3.7127e+02
20260626_08:00:00   5.7088e-01   1.2479e+02   2.9714e+01   3.2084e-01   2.9855e-02   3.6788e+02
20260626_09:00:00   6.7981e-01   1.4163e+02   2.6179e+01   4.8811e-01   2.1660e-06   3.7143e+02
20260626_10:00:00   5.7560e-01   1.2571e+02   2.5298e+01   3.6423e-01   0.0000e+00   3.6118e+02
20260626_11:00:00   5.1607e-01   1.1600e+02   2.5541e+01   2.8944e-01   8.1080e-07   3.5450e+02
20260626_12:00:00   4.7995e-01   1.0977e+02   2.5303e+01   2.4569e-01   6.4580e-04   3.5388e+02
20260626_13:00:00   3.3896e-01   8.3173e+01   2.4661e+01   7.6997e-02   8.3399e-04   3.5222e+02
20260626_14:00:00   3.1892e-01   7.9202e+01   2.4150e+01   5.8130e-02   3.6100e-03   3.5152e+02
20260626_15:00:00   2.9281e-01   7.3794e+01   2.4028e+01   2.9075e-02   1.0057e-02   3.4775e+02
20260626_16:00:00   2.8267e-01   7.1706e+01   2.4171e+01   1.8618e-02   2.4351e-02   3.4505e+02
20260626_17:00:00   2.7714e-01   7.0593e+01   2.4233e+01   1.2517e-02   2.1784e-02   3.4535e+02
20260626_18:00:00   2.7421e-01   6.9982e+01   2.4568e+01   1.0638e-02   1.0840e-01   3.4761e+02
20260626_19:00:00   3.4054e-01   8.3450e+01   2.5195e+01   8.4988e-02   1.8610e-01   3.4899e+02
20260626_20:00:00   2.6076e-01   6.7039e+01   2.4665e+01   2.7860e-03   2.1689e-01   3.4891e+02
20260626_21:00:00   2.5010e-01   6.4782e+01   2.3929e+01   0.0000e+00   1.3577e-01   3.4845e+02
20260626_22:00:00   2.4706e-01   6.4081e+01   2.3895e+01   0.0000e+00   1.3875e-01   3.4851e+02
20260626_23:00:00   2.6577e-01   6.8135e+01   2.5656e+01   0.0000e+00   7.2247e-02   3.4848e+02
20260627_00:00:00   2.8221e-01   7.1596e+01   2.7019e+01   0.0000e+00   6.1056e-02   3.4966e+02
20260627_01:00:00   2.7683e-01   7.0474e+01   2.6228e+01   0.0000e+00   1.0800e-02   3.4968e+02
20260627_02:00:00   2.7062e-01   6.9150e+01   2.5318e+01   0.0000e+00   1.0905e-03   3.5148e+02
20260627_03:00:00   2.6004e-01   6.6893e+01   2.4123e+01   0.0000e+00   6.5779e-04   3.5375e+02
20260627_04:00:00   2.5558e-01   6.5914e+01   2.3575e+01   0.0000e+00   0.0000e+00   3.5482e+02
20260627_05:00:00   2.4984e-01   6.4655e+01   2.2956e+01   0.0000e+00   0.0000e+00   3.5788e+02
20260627_06:00:00   2.4743e-01   6.4097e+01   2.2600e+01   0.0000e+00   0.0000e+00   3.5534e+02
20260627_07:00:00   2.4354e-01   6.3215e+01   2.2108e+01   0.0000e+00   0.0000e+00   3.5036e+02
20260627_08:00:00   2.3694e-01   6.1745e+01   2.1517e+01   0.0000e+00   4.2520e-05   3.4874e+02
20260627_09:00:00   2.3692e-01   6.1685e+01   2.1583e+01   0.0000e+00   5.7680e-04   3.4905e+02
20260627_10:00:00   2.4308e-01   6.2972e+01   2.2277e+01   0.0000e+00   2.0402e-03   3.4793e+02
20260627_11:00:00   2.4979e-01   6.4394e+01   2.3018e+01   0.0000e+00   3.4180e-03   3.4726e+02
20260627_12:00:00   2.5210e-01   6.4923e+01   2.3133e+01   0.0000e+00   1.4649e-02   3.4805e+02
20260627_13:00:00   2.5313e-01   6.5173e+01   2.3283e+01   0.0000e+00   1.6300e-02   3.4880e+02
20260627_14:00:00   2.5611e-01   6.5887e+01   2.3640e+01   0.0000e+00   4.9358e-02   3.4994e+02
20260627_15:00:00   2.6927e-01   6.8799e+01   2.4042e+01   1.2414e-02   6.3740e-02   3.5018e+02
20260627_16:00:00   2.7976e-01   7.1081e+01   2.4642e+01   2.1078e-02   7.3048e-02   3.5067e+02
20260627_17:00:00   3.0816e-01   7.6989e+01   2.5761e+01   4.4775e-02   2.9852e-02   3.5198e+02
20260627_18:00:00   3.8919e-01   9.3016e+01   2.6723e+01   1.3369e-01   9.6440e-03   3.5026e+02
20260627_19:00:00   3.8688e-01   9.2419e+01   2.7759e+01   1.1606e-01   3.7884e-03   3.5169e+02
20260627_20:00:00   4.3831e-01   1.0182e+02   2.8842e+01   1.6632e-01   1.1014e-03   3.5246e+02
20260627_21:00:00   3.2746e-01   8.0883e+01   2.8160e+01   4.4403e-02   8.5298e-04   3.5530e+02
20260627_22:00:00   3.8400e-01   9.1667e+01   3.0177e+01   8.9263e-02   2.4903e-03   3.5638e+02
20260627_23:00:00   3.6726e-01   8.8424e+01   3.1868e+01   5.3633e-02   3.5627e-03   3.5800e+02
20260628_00:00:00   3.2795e-01   8.0700e+01   3.2113e+01   3.6774e-03   7.0375e-04   3.5810e+02
20260628_01:00:00   3.3126e-01   8.1330e+01   3.0910e+01   1.5770e-02   8.4848e-04   3.5752e+02
20260628_02:00:00   3.2334e-01   7.9721e+01   2.9106e+01   2.5386e-02   1.4946e-03   3.5769e+02
20260628_03:00:00   3.0878e-01   7.6616e+01   2.9036e+01   1.1356e-02   1.4898e-02   3.5506e+02
20260628_04:00:00   2.8399e-01   7.1674e+01   2.7118e+01   9.2140e-05   2.9804e-02   3.5853e+02
20260628_05:00:00   2.9965e-01   7.4769e+01   2.8546e+01   3.1680e-03   3.7309e-03   3.5603e+02
20260628_06:00:00   2.8469e-01   7.1744e+01   2.7136e+01   0.0000e+00   6.6720e-04   3.5058e+02
20260628_07:00:00   2.7381e-01   6.9484e+01   2.5710e+01   0.0000e+00   9.2380e-05   3.5086e+02
20260628_08:00:00   2.5010e-01   6.4429e+01   2.3109e+01   0.0000e+00   6.5460e-05   3.5097e+02
20260628_09:00:00   2.2324e-01   5.8489e+01   2.0314e+01   0.0000e+00   0.0000e+00   3.5300e+02
20260628_10:00:00   2.0864e-01   5.5222e+01   1.8559e+01   0.0000e+00   0.0000e+00   3.5362e+02
20260628_11:00:00   2.0138e-01   5.3620e+01   1.7572e+01   0.0000e+00   0.0000e+00   3.5449e+02
20260628_12:00:00   1.9742e-01   5.2756e+01   1.7086e+01   0.0000e+00   0.0000e+00   3.5340e+02
20260628_13:00:00   2.1012e-01   5.5682e+01   1.8580e+01   0.0000e+00   0.0000e+00   3.5110e+02
20260628_14:00:00   2.2349e-01   5.8702e+01   2.0094e+01   0.0000e+00   0.0000e+00   3.4981e+02
20260628_15:00:00   2.2761e-01   5.9664e+01   2.0599e+01   0.0000e+00   0.0000e+00   3.4792e+02
20260628_16:00:00   2.3266e-01   6.0795e+01   2.1299e+01   1.4730e-03   5.3880e-05   3.4934e+02
20260628_17:00:00   2.4255e-01   6.2956e+01   2.2550e+01   4.4960e-03   1.9304e-05   3.4755e+02
20260628_18:00:00   5.0664e-01   1.1271e+02   2.3510e+01   3.0075e-01   1.8810e-05   3.4610e+02
20260628_19:00:00   5.1978e-01   1.1476e+02   2.4065e+01   3.0762e-01   2.1900e-05   3.4525e+02
20260628_20:00:00   4.9390e-01   1.1065e+02   2.4383e+01   2.7281e-01   2.0520e-06   3.4178e+02
20260628_21:00:00   6.3567e-01   1.3288e+02   2.5162e+01   4.2491e-01   3.2020e-07   3.3975e+02
20260628_22:00:00   2.8314e-01   7.1783e+01   2.4058e+01   3.0956e-02   0.0000e+00   3.3885e+02
20260628_23:00:00   2.4556e-01   6.3935e+01   2.3044e+01   0.0000e+00   0.0000e+00   3.4134e+02
20260629_00:00:00   2.4482e-01   6.3730e+01   2.3026e+01   3.5440e-05   5.4960e-05   3.4161e+02
20260629_03:00:00   2.6261e-01   6.7478e+01   2.4435e+01   0.0000e+00   2.9960e-05   3.3984e+02
20260629_06:00:00   2.6642e-01   6.8154e+01   2.4935e+01   0.0000e+00   4.9036e-03   3.3972e+02
20260629_09:00:00   2.6501e-01   6.7752e+01   2.5120e+01   0.0000e+00   2.1091e-02   3.4538e+02
20260629_12:00:00   2.5852e-01   6.6381e+01   2.4633e+01   0.0000e+00   1.8499e-02   3.5140e+02
20260629_15:00:00   2.5480e-01   6.5818e+01   2.4587e+01   0.0000e+00   0.0000e+00   3.5680e+02
20260629_18:00:00   2.5564e-01   6.5976e+01   2.5669e+01   3.1384e-03   0.0000e+00   3.5089e+02
20260629_21:00:00   2.8455e-01   7.2050e+01   2.6122e+01   3.9878e-02   3.6420e-03   3.4325e+02
20260630_00:00:00   3.1803e-01   7.9196e+01   3.1428e+01   2.1844e-02   1.4912e-04   3.3431e+02
20260630_03:00:00   3.3036e-01   8.1623e+01   3.5189e+01   0.0000e+00   5.3761e-02   3.3035e+02
20260630_06:00:00   3.1637e-01   7.8694e+01   3.3963e+01   0.0000e+00   4.8525e-03   3.2671e+02
20260630_09:00:00   3.4119e-01   8.3856e+01   3.6317e+01   0.0000e+00   1.3340e-03   3.2994e+02
20260630_12:00:00   3.2002e-01   7.9603e+01   2.9802e+01   4.0320e-02   0.0000e+00   3.3303e+02
20260630_15:00:00   3.1543e-01   7.9448e+01   3.2808e+01   0.0000e+00   0.0000e+00   3.3327e+02
20260630_18:00:00   3.4897e-01   8.6629e+01   3.7485e+01   8.7640e-04   0.0000e+00   3.3049e+02
20260630_21:00:00   4.7251e-01   1.0968e+02   4.5768e+01   4.5940e-02   1.3652e-03   3.2707e+02
20260701_00:00:00   4.2869e-01   1.0284e+02   4.4941e+01   0.0000e+00   8.0264e-04   3.2227e+02
20260701_03:00:00   3.8457e-01   9.4595e+01   4.0216e+01   0.0000e+00   5.7041e-03   3.2159e+02
20260701_06:00:00   4.1400e-01   1.0035e+02   4.1878e+01   0.0000e+00   1.4420e-04   3.2102e+02
20260701_09:00:00   3.4544e-01   8.6806e+01   3.5246e+01   0.0000e+00   1.3874e-03   3.2188e+02
20260701_12:00:00   3.3825e-01   8.5777e+01   3.4445e+01   0.0000e+00   3.4897e-03   3.1707e+02
20260701_15:00:00   3.8576e-01   9.5670e+01   3.8571e+01   0.0000e+00   6.0800e-03   3.1643e+02
20260701_18:00:00   4.2684e-01   1.0353e+02   4.4075e+01   3.9240e-04   3.3540e-04   3.1524e+02
20260701_21:00:00   4.9759e-01   1.1589e+02   4.8044e+01   6.4414e-02   0.0000e+00   3.1499e+02
20260702_00:00:00   4.6600e-01   1.1019e+02   4.5651e+01   4.2993e-02   0.0000e+00   3.1234e+02
20260702_03:00:00   3.8942e-01   9.5781e+01   4.0825e+01   0.0000e+00   2.4676e-03   3.1304e+02
20260702_06:00:00   3.8918e-01   9.5426e+01   4.0989e+01   0.0000e+00   0.0000e+00   3.1580e+02
20260702_09:00:00   3.2637e-01   8.2878e+01   3.4197e+01   0.0000e+00   2.4020e-06   3.1716e+02
20260702_12:00:00   3.0603e-01   7.8689e+01   3.1841e+01   0.0000e+00   0.0000e+00   3.1797e+02
20260702_15:00:00   3.5798e-01   8.9238e+01   3.9076e+01   0.0000e+00   0.0000e+00   3.1800e+02
20260702_18:00:00   3.7345e-01   9.2155e+01   4.1124e+01   4.1882e-03   0.0000e+00   3.1362e+02
20260702_21:00:00   4.4706e-01   1.0591e+02   4.5680e+01   3.8510e-02   4.2344e-04   3.1460e+02
20260703_00:00:00   4.2025e-01   1.0075e+02   4.5634e+01   3.0420e-05   0.0000e+00   3.1233e+02
20260703_03:00:00   3.3473e-01   8.3599e+01   3.7149e+01   0.0000e+00   0.0000e+00   3.1653e+02
20260703_06:00:00   2.8020e-01   7.1989e+01   3.0739e+01   2.5540e-03   4.6474e-04   3.1585e+02
20260703_09:00:00   3.0296e-01   7.6640e+01   3.0307e+01   2.4660e-02   5.1145e-04   3.1510e+02
20260703_12:00:00   2.8144e-01   7.2504e+01   2.9340e+01   0.0000e+00   8.5108e-03   3.1883e+02
20260703_15:00:00   2.7780e-01   7.1981e+01   2.9098e+01   0.0000e+00   1.9548e-03   3.1601e+02
20260703_18:00:00   3.1902e-01   8.0612e+01   3.3042e+01   2.2132e-03   4.1777e-04   3.1661e+02
20260703_21:00:00   3.1101e-01   7.8781e+01   2.9842e+01   2.0085e-02   7.3619e-03   3.2258e+02
20260704_00:00:00   2.0978e-01   5.6101e+01   1.9438e+01   0.0000e+00   0.0000e+00   3.3022e+02
20260704_03:00:00   1.6462e-01   4.5053e+01   1.3682e+01   0.0000e+00   0.0000e+00   3.3681e+02
20260704_06:00:00   1.4663e-01   4.0492e+01   1.1275e+01   0.0000e+00   0.0000e+00   3.4738e+02
20260704_09:00:00   1.5705e-01   4.2743e+01   1.2323e+01   0.0000e+00   0.0000e+00   3.7346e+02
20260704_12:00:00   1.7272e-01   4.6365e+01   1.4035e+01   0.0000e+00   0.0000e+00   3.8980e+02
20260704_15:00:00   1.7429e-01   4.6849e+01   1.4908e+01   0.0000e+00   0.0000e+00   3.7297e+02
20260704_18:00:00   1.7132e-01   4.6482e+01   1.4474e+01   0.0000e+00   0.0000e+00   3.6369e+02
20260704_21:00:00   1.6769e-01   4.5826e+01   1.4146e+01   0.0000e+00   0.0000e+00   3.6795e+02
20260705_00:00:00   1.5872e-01   4.3707e+01   1.3021e+01   0.0000e+00   0.0000e+00   3.7408e+02
20260705_03:00:00   1.5112e-01   4.1773e+01   1.2287e+01   0.0000e+00   0.0000e+00   3.6529e+02
20260705_06:00:00   1.5591e-01   4.2810e+01   1.3208e+01   0.0000e+00   2.4896e-04   3.6025e+02
20260705_09:00:00   1.5812e-01   4.3140e+01   1.3990e+01   0.0000e+00   9.3743e-04   3.5814e+02
20260705_12:00:00   1.6068e-01   4.3633e+01   1.4870e+01   0.0000e+00   1.5100e-02   3.5778e+02
20260705_15:00:00   1.7633e-01   4.7317e+01   1.7221e+01   0.0000e+00   1.6051e-01   3.5836e+02
20260705_18:00:00   1.9446e-01   5.1784e+01   1.9545e+01   0.0000e+00   7.6675e-03   3.5872e+02
20260705_21:00:00   2.3707e-01   6.1451e+01   2.4884e+01   0.0000e+00   4.6594e-02   3.6107e+02
20260706_00:00:00   2.2642e-01   5.9174e+01   2.3401e+01   0.0000e+00   4.3027e-03   3.5613e+02
20260706_03:00:00   2.7311e-01   6.9205e+01   2.8220e+01   1.4420e-03   5.0192e-03   3.5338e+02
20260706_06:00:00   3.5081e-01   8.4598e+01   3.0044e+01   7.0896e-02   7.3173e-03   3.4345e+02
20260706_09:00:00   2.9443e-01   7.4011e+01   3.0548e+01   0.0000e+00   9.2560e-04   3.3846e+02
20260706_12:00:00   3.2237e-01   7.9780e+01   3.4529e+01   0.0000e+00   3.1412e-02   3.3921e+02
20260706_15:00:00   3.1368e-01   7.8475e+01   3.3334e+01   0.0000e+00   0.0000e+00   3.3612e+02
20260706_18:00:00   3.1000e-01   7.8279e+01   3.2906e+01   0.0000e+00   9.0500e-05   3.3728e+02
20260706_21:00:00   3.3667e-01   8.4011e+01   3.6046e+01   0.0000e+00   5.9660e-05   3.4102e+02
20260707_00:00:00   3.1544e-01   7.9812e+01   3.3642e+01   0.0000e+00   3.0398e-02   3.3816e+02
20260707_03:00:00   2.9401e-01   7.5203e+01   3.1402e+01   0.0000e+00   1.0519e-01   3.3263e+02
20260707_06:00:00   2.7662e-01   7.1356e+01   2.9609e+01   0.0000e+00   3.2415e-05   3.2924e+02
20260707_09:00:00   2.3397e-01   6.2095e+01   2.4231e+01   0.0000e+00   3.9876e-03   3.2671e+02
20260707_12:00:00   2.2389e-01   5.9904e+01   2.2863e+01   0.0000e+00   3.9159e-03   3.2785e+02
20260707_15:00:00   2.4266e-01   6.4380e+01   2.4629e+01   0.0000e+00   0.0000e+00   3.2830e+02
20260707_18:00:00   2.7800e-01   7.2315e+01   2.8631e+01   0.0000e+00   0.0000e+00   3.2489e+02
20260707_21:00:00   2.6669e-01   6.9842e+01   2.7920e+01   0.0000e+00   0.0000e+00   3.2844e+02
20260708_00:00:00   2.9942e-01   7.6886e+01   3.0958e+01   0.0000e+00   0.0000e+00   3.2753e+02
20260708_03:00:00   2.2568e-01   6.0439e+01   2.2787e+01   0.0000e+00   1.6856e-03   3.3142e+02
20260708_06:00:00   2.1687e-01   5.7469e+01   2.4137e+01   0.0000e+00   1.5019e-02   3.2425e+02
20260708_09:00:00   3.8420e-01   9.2701e+01   4.1918e+01   2.9200e-03   6.2883e-03   3.2222e+02
20260708_12:00:00   3.9216e-01   9.4461e+01   4.2112e+01   0.0000e+00   3.4795e-03   3.2397e+02
20260708_15:00:00   3.9631e-01   9.5277e+01   4.2383e+01   3.5900e-05   1.1364e-01   3.2208e+02
20260708_18:00:00   5.4348e-01   1.2042e+02   4.6425e+01   1.2197e-01   7.5371e-02   3.2531e+02
20260708_21:00:00   9.7410e-01   1.7622e+02   4.7925e+01   6.0068e-01   7.7593e-02   3.2424e+02
20260709_00:00:00   9.4787e-01   1.7236e+02   4.7907e+01   5.5285e-01   2.4079e-01   3.2468e+02
20260709_03:00:00   1.0784e+00   1.8504e+02   4.8484e+01   6.8892e-01   8.1978e-01   3.2546e+02
20260709_06:00:00   1.7795e+00   2.3498e+02   4.9619e+01   1.5148e+00   4.9041e-02   3.2394e+02
20260709_09:00:00   1.0589e+00   1.8800e+02   4.6548e+01   7.5870e-01   3.9769e-03   3.2580e+02
20260709_12:00:00   1.3415e+00   2.1129e+02   4.7066e+01   1.0855e+00   9.9400e-02   3.2344e+02
20260709_15:00:00   1.3456e+00   2.0950e+02   4.8641e+01   1.0305e+00   6.5409e-01   3.2115e+02
20260709_18:00:00   2.0526e+00   2.4583e+02   4.8992e+01   1.8397e+00   1.8135e-01   3.1900e+02
20260709_21:00:00   2.3115e+00   2.5486e+02   4.9191e+01   2.1604e+00   2.6196e-01   3.1738e+02
20260710_00:00:00   6.3247e-01   1.3440e+02   4.2699e+01   2.6114e-01   1.9214e-04   3.1814e+02
