#            date       tau255        Tb[K]      pwv[mm] lwp[kg*m^-2] iwp[kg*m^-2]       o3[DU]
20260225_12:00:00   1.3665e-01   3.5362e+01   9.1578e+00   0.0000e+00   6.1259e-01   4.3844e+02
20260225_13:00:00   1.3732e-01   3.5561e+01   9.3184e+00   0.0000e+00   3.9484e-01   4.4823e+02
20260225_14:00:00   1.3640e-01   3.5405e+01   9.1658e+00   0.0000e+00   2.2691e-01   4.4790e+02
20260225_15:00:00   1.3375e-01   3.4898e+01   8.3512e+00   2.9697e-03   7.3243e-02   4.4271e+02
20260225_16:00:00   1.8253e-01   4.6005e+01   7.7311e+00   6.1441e-02   3.0557e-02   4.3907e+02
20260225_17:00:00   1.4181e-01   3.6958e+01   7.3587e+00   2.0226e-02   3.6556e-03   4.4150e+02
20260225_18:00:00   1.4453e-01   3.7623e+01   7.2665e+00   2.4221e-02   2.9863e-03   4.5020e+02
20260225_19:00:00   1.4367e-01   3.7447e+01   7.1527e+00   2.3629e-02   4.0115e-03   4.5882e+02
20260225_20:00:00   1.2627e-01   3.3455e+01   7.1480e+00   4.2226e-03   8.2723e-04   4.6671e+02
20260225_21:00:00   1.2268e-01   3.2590e+01   7.3150e+00   5.8770e-06   1.7824e-04   4.6698e+02
20260225_22:00:00   1.2379e-01   3.2859e+01   7.3239e+00   1.2947e-03   1.2094e-04   4.6830e+02
20260225_23:00:00   1.3252e-01   3.4922e+01   7.6705e+00   7.6906e-03   1.9816e-04   4.6810e+02
20260226_00:00:00   1.6552e-01   4.2597e+01   7.9181e+00   4.2385e-02   9.6530e-04   4.6411e+02
20260226_01:00:00   1.3882e-01   3.6456e+01   7.6324e+00   1.4969e-02   1.7134e-03   4.5565e+02
20260226_02:00:00   2.1954e-01   5.4657e+01   7.3707e+00   1.0808e-01   5.6806e-04   4.5477e+02
20260226_03:00:00   1.5328e-01   3.9839e+01   7.8499e+00   2.8525e-02   5.0133e-04   4.5720e+02
20260226_04:00:00   1.2839e-01   3.4081e+01   7.7449e+00   1.2498e-03   3.7868e-05   4.5074e+02
20260226_05:00:00   1.5303e-01   3.9781e+01   8.6326e+00   1.8863e-02   7.1018e-02   4.4730e+02
20260226_06:00:00   2.1078e-01   5.2638e+01   7.8398e+00   9.1256e-02   7.5395e-02   4.4514e+02
20260226_07:00:00   1.2728e-01   3.3670e+01   6.7163e+00   9.5304e-03   3.1790e-03   4.4513e+02
20260226_08:00:00   1.0785e-01   2.9057e+01   5.3087e+00   0.0000e+00   8.3520e-04   4.4389e+02
20260226_09:00:00   9.8738e-02   2.6887e+01   4.1117e+00   0.0000e+00   8.9164e-06   4.4681e+02
20260226_10:00:00   9.6639e-02   2.6350e+01   3.8484e+00   0.0000e+00   1.9239e-05   4.4855e+02
20260226_11:00:00   9.3858e-02   2.5677e+01   3.5412e+00   0.0000e+00   9.6670e-06   4.4929e+02
20260226_12:00:00   9.4376e-02   2.5795e+01   3.5704e+00   0.0000e+00   1.0741e-04   4.4985e+02
20260226_13:00:00   9.4193e-02   2.5750e+01   3.5034e+00   0.0000e+00   3.2992e-04   4.4732e+02
20260226_14:00:00   9.4335e-02   2.5792e+01   3.5284e+00   4.9620e-04   7.1647e-04   4.4602e+02
20260226_15:00:00   9.4121e-02   2.5773e+01   3.6169e+00   3.6280e-04   1.1466e-03   4.4401e+02
20260226_16:00:00   9.4499e-02   2.5872e+01   3.8392e+00   0.0000e+00   5.1813e-03   4.4280e+02
20260226_17:00:00   9.7416e-02   2.6575e+01   4.3417e+00   0.0000e+00   8.6176e-03   4.4265e+02
20260226_18:00:00   9.9847e-02   2.7157e+01   4.8512e+00   0.0000e+00   9.2014e-03   4.4028e+02
20260226_19:00:00   1.0770e-01   2.8997e+01   5.9015e+00   7.5860e-04   1.3273e-02   4.3824e+02
20260226_20:00:00   1.1272e-01   3.0138e+01   6.7240e+00   1.0360e-04   2.0969e-01   4.3631e+02
20260226_21:00:00   1.1898e-01   3.1575e+01   7.6509e+00   0.0000e+00   2.1916e-01   4.3713e+02
20260226_22:00:00   1.1819e-01   3.1397e+01   7.5885e+00   0.0000e+00   1.2919e-01   4.4069e+02
20260226_23:00:00   1.1365e-01   3.0333e+01   6.9371e+00   0.0000e+00   1.9237e-01   4.4284e+02
20260227_00:00:00   1.0474e-01   2.8296e+01   5.5755e+00   0.0000e+00   8.9161e-03   4.4351e+02
20260227_01:00:00   1.0132e-01   2.7518e+01   4.9549e+00   0.0000e+00   6.9377e-06   4.4650e+02
20260227_02:00:00   1.0057e-01   2.7281e+01   4.8947e+00   0.0000e+00   1.1283e-02   4.5112e+02
20260227_03:00:00   9.9076e-02   2.6881e+01   4.7584e+00   0.0000e+00   4.0111e-03   4.5377e+02
20260227_04:00:00   9.6958e-02   2.6352e+01   4.4341e+00   0.0000e+00   5.2792e-05   4.5410e+02
20260227_05:00:00   9.7253e-02   2.6404e+01   4.3971e+00   0.0000e+00   1.0548e-05   4.5123e+02
20260227_06:00:00   9.7420e-02   2.6420e+01   4.3590e+00   0.0000e+00   5.6881e-05   4.5069e+02
20260227_07:00:00   9.7978e-02   2.6527e+01   4.3520e+00   0.0000e+00   4.3632e-05   4.4627e+02
20260227_08:00:00   9.8369e-02   2.6608e+01   4.3809e+00   0.0000e+00   4.6322e-06   4.4651e+02
20260227_09:00:00   9.8376e-02   2.6622e+01   4.3167e+00   0.0000e+00   4.2075e-06   4.5621e+02
20260227_10:00:00   9.8394e-02   2.6641e+01   4.2695e+00   0.0000e+00   4.0148e-05   4.5230e+02
20260227_11:00:00   9.9238e-02   2.6829e+01   4.3553e+00   0.0000e+00   1.6237e-04   4.4914e+02
20260227_12:00:00   1.0137e-01   2.7334e+01   4.6228e+00   0.0000e+00   9.1134e-05   4.5286e+02
20260227_13:00:00   1.0474e-01   2.8148e+01   5.0336e+00   0.0000e+00   5.2442e-06   4.4900e+02
20260227_14:00:00   1.0758e-01   2.8833e+01   5.3408e+00   0.0000e+00   6.4963e-06   4.5148e+02
20260227_15:00:00   1.0921e-01   2.9264e+01   5.5002e+00   0.0000e+00   9.8854e-06   4.5277e+02
20260227_16:00:00   1.1107e-01   2.9756e+01   5.6979e+00   0.0000e+00   8.1570e-06   4.5195e+02
20260227_17:00:00   1.1599e-01   3.0955e+01   6.2640e+00   0.0000e+00   1.9286e-05   4.4901e+02
20260227_18:00:00   1.2420e-01   3.2915e+01   6.9832e+00   2.5755e-03   4.2167e-04   4.4207e+02
20260227_19:00:00   1.4515e-01   3.7815e+01   7.3520e+00   2.2346e-02   7.5929e-04   4.3780e+02
20260227_20:00:00   1.5542e-01   4.0152e+01   8.1679e+00   2.7312e-02   8.6601e-04   4.3761e+02
20260227_21:00:00   1.3544e-01   3.5567e+01   8.7457e+00   6.0050e-06   1.1955e-04   4.3582e+02
20260227_22:00:00   1.3482e-01   3.5483e+01   8.6046e+00   0.0000e+00   6.9067e-05   4.3740e+02
20260227_23:00:00   1.3300e-01   3.5129e+01   8.4237e+00   4.8720e-05   5.4141e-05   4.3174e+02
20260228_00:00:00   1.2808e-01   3.4057e+01   7.9073e+00   0.0000e+00   2.4791e-05   4.2230e+02
20260228_01:00:00   1.2728e-01   3.3905e+01   7.8654e+00   5.1280e-06   2.2421e-05   4.2496e+02
20260228_02:00:00   1.3110e-01   3.4809e+01   8.3081e+00   2.1522e-03   4.8639e-05   4.2330e+02
20260228_03:00:00   1.3639e-01   3.6054e+01   8.4084e+00   9.1550e-03   6.3587e-04   4.1649e+02
20260228_04:00:00   1.5418e-01   4.0203e+01   8.3806e+00   3.0961e-02   2.4282e-03   4.0925e+02
20260228_05:00:00   1.5007e-01   3.9237e+01   8.3917e+00   2.7378e-02   5.3222e-03   4.0605e+02
20260228_06:00:00   1.3622e-01   3.5995e+01   8.3360e+00   1.3140e-02   2.8813e-02   4.0422e+02
20260228_07:00:00   1.2315e-01   3.2921e+01   8.3048e+00   0.0000e+00   8.3602e-03   4.0528e+02
20260228_08:00:00   1.2096e-01   3.2433e+01   8.1192e+00   0.0000e+00   2.9544e-04   3.9959e+02
20260228_09:00:00   1.2034e-01   3.2311e+01   8.0285e+00   0.0000e+00   2.1604e-04   3.9861e+02
20260228_10:00:00   1.2327e-01   3.3042e+01   8.4153e+00   0.0000e+00   1.0164e-03   3.9411e+02
20260228_11:00:00   1.2916e-01   3.4471e+01   9.2548e+00   0.0000e+00   1.7801e-03   3.9052e+02
20260228_12:00:00   1.3606e-01   3.6109e+01   1.0147e+01   0.0000e+00   7.2128e-05   3.8626e+02
20260228_13:00:00   1.4088e-01   3.7270e+01   1.0724e+01   0.0000e+00   8.9528e-04   3.8530e+02
20260228_14:00:00   1.4691e-01   3.8689e+01   1.1371e+01   0.0000e+00   3.4708e-04   3.8747e+02
20260228_15:00:00   1.5771e-01   4.1220e+01   1.2473e+01   0.0000e+00   1.0660e-03   3.8891e+02
20260228_16:00:00   3.1068e-01   7.3938e+01   1.4007e+01   1.5411e-01   1.0450e-03   3.8418e+02
20260228_17:00:00   3.0212e-01   7.2392e+01   1.5259e+01   1.3212e-01   5.0512e-03   3.8977e+02
20260228_18:00:00   2.4954e-01   6.1688e+01   1.4138e+01   8.3486e-02   7.4758e-04   3.9138e+02
20260228_19:00:00   2.4435e-01   6.0722e+01   1.1606e+01   1.0105e-01   1.8830e-03   3.9115e+02
20260228_20:00:00   2.3911e-01   5.9527e+01   1.0619e+01   1.0304e-01   3.9717e-03   3.9036e+02
20260228_21:00:00   1.8263e-01   4.7047e+01   1.0379e+01   4.2057e-02   1.6265e-03   3.9123e+02
20260228_22:00:00   2.4999e-01   6.1556e+01   1.0660e+01   1.1656e-01   4.3894e-03   3.9229e+02
20260228_23:00:00   2.0264e-01   5.1355e+01   1.0745e+01   6.3492e-02   2.6931e-04   3.9478e+02
20260301_00:00:00   1.4149e-01   3.7475e+01   1.0212e+01   1.5412e-03   9.9902e-05   3.9079e+02
20260301_01:00:00   1.3907e-01   3.6832e+01   1.0248e+01   0.0000e+00   9.9273e-05   3.8880e+02
20260301_02:00:00   1.3561e-01   3.5960e+01   1.0003e+01   0.0000e+00   1.4619e-03   3.8671e+02
20260301_03:00:00   1.3311e-01   3.5338e+01   9.8135e+00   0.0000e+00   4.8901e-04   3.8299e+02
20260301_04:00:00   1.3155e-01   3.4937e+01   9.6623e+00   0.0000e+00   1.6075e-03   3.7841e+02
20260301_05:00:00   1.3131e-01   3.4831e+01   9.6775e+00   0.0000e+00   4.2760e-03   3.7692e+02
20260301_06:00:00   1.3491e-01   3.5602e+01   1.0131e+01   0.0000e+00   1.1128e-02   3.7586e+02
20260301_07:00:00   1.4035e-01   3.6804e+01   1.0704e+01   0.0000e+00   1.4668e-01   3.7181e+02
20260301_08:00:00   1.6482e-01   4.2357e+01   1.3165e+01   0.0000e+00   5.3868e-01   3.7034e+02
20260301_09:00:00   1.8020e-01   4.5723e+01   1.2774e+01   2.1540e-02   2.5510e-01   3.7031e+02
20260301_10:00:00   1.6038e-01   4.1256e+01   1.1936e+01   6.4855e-03   1.0892e-01   3.6981e+02
20260301_11:00:00   1.4944e-01   3.8713e+01   1.0937e+01   7.3338e-04   1.6539e-01   3.6749e+02
20260301_12:00:00   1.4418e-01   3.7470e+01   1.0167e+01   0.0000e+00   1.5637e-01   3.6661e+02
20260301_13:00:00   1.3818e-01   3.6067e+01   9.3302e+00   1.3329e-04   1.3809e-01   3.7020e+02
20260301_14:00:00   1.2847e-01   3.3812e+01   8.0675e+00   6.6180e-05   3.7185e-02   3.7072e+02
20260301_15:00:00   1.1836e-01   3.1437e+01   6.1816e+00   5.0540e-03   1.5209e-03   3.7327e+02
20260301_16:00:00   1.0187e-01   2.7573e+01   4.5789e+00   4.2680e-04   5.6452e-04   3.7633e+02
20260301_17:00:00   9.5681e-02   2.6079e+01   3.7622e+00   0.0000e+00   2.7528e-04   3.7754e+02
20260301_18:00:00   9.2456e-02   2.5288e+01   3.2203e+00   1.4480e-07   4.7699e-04   3.7717e+02
20260301_19:00:00   9.1254e-02   2.4976e+01   2.9697e+00   0.0000e+00   8.3928e-04   3.7491e+02
20260301_20:00:00   9.0767e-02   2.4839e+01   2.8492e+00   0.0000e+00   4.8207e-04   3.6918e+02
20260301_21:00:00   8.9012e-02   2.4399e+01   2.6073e+00   0.0000e+00   4.3309e-05   3.6796e+02
20260301_22:00:00   8.7183e-02   2.3951e+01   2.3677e+00   0.0000e+00   1.2334e-05   3.6946e+02
20260301_23:00:00   8.5871e-02   2.3611e+01   2.1776e+00   0.0000e+00   3.6205e-05   3.6814e+02
20260302_00:00:00   8.6177e-02   2.3651e+01   2.1973e+00   0.0000e+00   2.9242e-04   3.6973e+02
20260302_01:00:00   8.6103e-02   2.3605e+01   2.2070e+00   0.0000e+00   4.5274e-04   3.7180e+02
20260302_02:00:00   8.5856e-02   2.3519e+01   2.2670e+00   0.0000e+00   2.5578e-04   3.7401e+02
20260302_03:00:00   8.6991e-02   2.3738e+01   2.5929e+00   0.0000e+00   5.2776e-03   3.7266e+02
20260302_04:00:00   8.9777e-02   2.4337e+01   3.1007e+00   0.0000e+00   5.3174e-03   3.7123e+02
20260302_05:00:00   9.1506e-02   2.4720e+01   3.3784e+00   0.0000e+00   1.9175e-03   3.6669e+02
20260302_06:00:00   9.4111e-02   2.5304e+01   3.7634e+00   0.0000e+00   7.0032e-02   3.6784e+02
20260302_07:00:00   9.5197e-02   2.5562e+01   3.9143e+00   0.0000e+00   1.3972e-01   3.6618e+02
20260302_08:00:00   9.8589e-02   2.6335e+01   4.4035e+00   0.0000e+00   1.1948e-01   3.6519e+02
20260302_09:00:00   1.0219e-01   2.7177e+01   4.8994e+00   0.0000e+00   1.9820e-01   3.6718e+02
20260302_10:00:00   1.0513e-01   2.7827e+01   5.2297e+00   0.0000e+00   2.5246e-01   3.7278e+02
20260302_11:00:00   1.0633e-01   2.8080e+01   5.2986e+00   0.0000e+00   3.3447e-01   3.7037e+02
20260302_12:00:00   1.0546e-01   2.7861e+01   5.1935e+00   0.0000e+00   2.6858e-01   3.6756e+02
20260302_15:00:00   1.0552e-01   2.7818e+01   5.0004e+00   0.0000e+00   2.6512e-01   3.7973e+02
20260302_18:00:00   9.4369e-02   2.5328e+01   3.1307e+00   0.0000e+00   8.7486e-03   3.9504e+02
20260302_21:00:00   9.1215e-02   2.4615e+01   2.4956e+00   0.0000e+00   2.1978e-03   4.0713e+02
20260303_00:00:00   9.1097e-02   2.4503e+01   2.2820e+00   0.0000e+00   7.4698e-04   4.1535e+02
20260303_03:00:00   8.7693e-02   2.3625e+01   1.8095e+00   0.0000e+00   6.7030e-06   4.3198e+02
20260303_06:00:00   8.3558e-02   2.2687e+01   1.3568e+00   0.0000e+00   9.7500e-07   4.2253e+02
20260303_09:00:00   8.3366e-02   2.2714e+01   1.5333e+00   0.0000e+00   1.0775e-06   4.0991e+02
20260303_12:00:00   8.5017e-02   2.3193e+01   1.9854e+00   0.0000e+00   4.1440e-08   3.9476e+02
20260303_15:00:00   9.0377e-02   2.4589e+01   2.9306e+00   0.0000e+00   0.0000e+00   3.8956e+02
20260303_18:00:00   9.8109e-02   2.6586e+01   4.0683e+00   0.0000e+00   0.0000e+00   3.7933e+02
20260303_21:00:00   1.0038e-01   2.7303e+01   4.2870e+00   0.0000e+00   2.2220e-04   3.7407e+02
20260304_00:00:00   1.0074e-01   2.7439e+01   4.4561e+00   0.0000e+00   1.4605e-02   3.7634e+02
20260304_03:00:00   9.7424e-02   2.6611e+01   4.1745e+00   0.0000e+00   8.0283e-02   3.7478e+02
20260304_06:00:00   1.0814e-01   2.9115e+01   5.3941e+00   2.2265e-03   5.1935e-02   3.6852e+02
20260304_09:00:00   1.6115e-01   4.1324e+01   9.2960e+00   2.8202e-02   5.2524e-01   3.7265e+02
20260304_12:00:00   1.8115e-01   4.5942e+01   1.3213e+01   1.2370e-02   6.3626e-01   3.7700e+02
20260304_15:00:00   3.2333e-01   7.6033e+01   1.0206e+01   1.9759e-01   1.1380e-02   4.0683e+02
20260304_18:00:00   1.2305e-01   3.2996e+01   6.8337e+00   0.0000e+00   3.7941e-05   4.0448e+02
20260304_21:00:00   1.0535e-01   2.8843e+01   4.9565e+00   0.0000e+00   7.4880e-07   4.0177e+02
20260305_00:00:00   1.0446e-01   2.8659e+01   5.4779e+00   0.0000e+00   7.0880e-07   3.8804e+02
20260305_03:00:00   1.1331e-01   3.0749e+01   6.8443e+00   0.0000e+00   1.4794e-03   3.8315e+02
20260305_06:00:00   1.1738e-01   3.1647e+01   7.6421e+00   0.0000e+00   6.1101e-04   3.7530e+02
20260305_09:00:00   1.0146e-01   2.7921e+01   5.3225e+00   0.0000e+00   4.2330e-02   3.7013e+02
20260305_12:00:00   9.4925e-02   2.6429e+01   4.3056e+00   0.0000e+00   5.1742e-03   3.6750e+02
20260305_15:00:00   9.5358e-02   2.6562e+01   4.5409e+00   0.0000e+00   1.1837e-02   3.5937e+02
20260305_18:00:00   1.1429e-01   3.1046e+01   7.4754e+00   0.0000e+00   1.8304e-01   3.5217e+02
20260305_21:00:00   1.2768e-01   3.4248e+01   9.2970e+00   0.0000e+00   3.8528e-01   3.4138e+02
20260306_00:00:00   8.9054e-01   1.6136e+02   2.1045e+01   7.5219e-01   6.3458e-01   3.3575e+02
20260306_03:00:00   8.6753e-01   1.5933e+02   2.3882e+01   6.9917e-01   3.3918e-01   3.3482e+02
20260306_06:00:00   7.4995e-01   1.4564e+02   2.4959e+01   5.5536e-01   4.9397e-01   3.3579e+02
20260306_09:00:00   3.9613e-01   9.1872e+01   2.2884e+01   1.7318e-01   1.7036e-04   3.3795e+02
20260306_12:00:00   3.1562e-01   7.6679e+01   2.2055e+01   9.0344e-02   8.5567e-04   3.4207e+02
20260306_15:00:00   3.1903e-01   7.7542e+01   2.0498e+01   1.0399e-01   1.1839e-04   3.4524e+02
20260306_18:00:00   6.0360e-01   1.2712e+02   1.5795e+01   4.6798e-01   2.0520e-06   3.5348e+02
20260306_21:00:00   2.1920e-01   5.5624e+01   8.5541e+00   9.5597e-02   1.6611e-04   3.4096e+02
20260307_00:00:00   1.1900e-01   3.2297e+01   6.9227e+00   8.4514e-04   1.0025e-03   3.3405e+02
20260307_03:00:00   9.6469e-02   2.6801e+01   4.2413e+00   0.0000e+00   1.1955e-03   3.2601e+02
20260307_06:00:00   9.2459e-02   2.5869e+01   3.8080e+00   0.0000e+00   1.3352e-03   3.2021e+02
20260307_09:00:00   9.3802e-02   2.6171e+01   4.0824e+00   0.0000e+00   3.3564e-03   3.1705e+02
20260307_12:00:00   9.4668e-02   2.6357e+01   4.1270e+00   0.0000e+00   8.1863e-04   3.0922e+02
20260307_15:00:00   9.9393e-02   2.7495e+01   5.0877e+00   0.0000e+00   1.7626e-02   3.1075e+02
20260307_18:00:00   1.1418e-01   3.1034e+01   7.4956e+00   0.0000e+00   5.0220e-02   2.9737e+02
20260307_21:00:00   6.5152e-01   1.3107e+02   1.8478e+01   5.1292e-01   2.7126e-01   2.8700e+02
20260308_00:00:00   2.7467e-01   6.7139e+01   2.2659e+01   4.3299e-02   8.8125e-02   2.8069e+02
20260308_03:00:00   9.0890e-01   1.6471e+02   2.1481e+01   7.6913e-01   8.7113e-02   2.7539e+02
20260308_06:00:00   4.8691e-01   1.0742e+02   1.8345e+01   3.1115e-01   2.5292e-03   2.7157e+02
20260308_09:00:00   4.5914e-01   1.0334e+02   2.0232e+01   2.6044e-01   1.2373e-04   2.7037e+02
20260308_12:00:00   2.4769e-01   6.2815e+01   1.7814e+01   3.6687e-02   2.2573e-03   2.7486e+02
20260308_15:00:00   2.1246e-01   5.5420e+01   1.7603e+01   3.7753e-03   7.9902e-04   2.7735e+02
20260308_18:00:00   2.1420e-01   5.5812e+01   1.9253e+01   7.7960e-05   4.6275e-04   2.7624e+02
20260308_21:00:00   3.0562e-01   7.5350e+01   3.0439e+01   0.0000e+00   9.8065e-04   2.7563e+02
20260309_00:00:00   3.8127e-01   9.0242e+01   3.3014e+01   4.7314e-02   4.1279e-04   2.7476e+02
20260309_03:00:00   3.0693e-01   7.6047e+01   2.9248e+01   1.0466e-04   0.0000e+00   2.7192e+02
20260309_06:00:00   2.8484e-01   7.1642e+01   2.5638e+01   1.7401e-02   0.0000e+00   2.6852e+02
20260309_09:00:00   2.4826e-01   6.3897e+01   2.1751e+01   2.0165e-02   0.0000e+00   2.6928e+02
20260309_12:00:00   2.4101e-01   6.2271e+01   1.7529e+01   5.8160e-02   0.0000e+00   2.7270e+02
20260309_15:00:00   2.2044e-01   5.7795e+01   1.8316e+01   1.9910e-02   0.0000e+00   2.7686e+02
20260309_18:00:00   2.1603e-01   5.7018e+01   1.9066e+01   0.0000e+00   0.0000e+00   2.7564e+02
20260309_21:00:00   2.0613e-01   5.4865e+01   1.7570e+01   0.0000e+00   0.0000e+00   2.7698e+02
20260310_00:00:00   1.8057e-01   4.8790e+01   1.4700e+01   0.0000e+00   0.0000e+00   2.7788e+02
20260310_03:00:00   1.7929e-01   4.8396e+01   1.4999e+01   0.0000e+00   4.9620e-05   2.7625e+02
20260310_06:00:00   2.3659e-01   6.1327e+01   2.1836e+01   0.0000e+00   7.9980e-03   2.7441e+02
20260310_09:00:00   2.7214e-01   6.8716e+01   2.6686e+01   0.0000e+00   1.8785e-02   2.7702e+02
20260310_12:00:00   2.8392e-01   7.1068e+01   2.8428e+01   0.0000e+00   1.2213e-02   2.7310e+02
20260310_15:00:00   2.7248e-01   6.8876e+01   2.6787e+01   0.0000e+00   7.9426e-04   2.7311e+02
20260310_18:00:00   2.3540e-01   6.1135e+01   2.2123e+01   0.0000e+00   1.2003e-02   2.7513e+02
20260310_21:00:00   2.0660e-01   5.4746e+01   1.8820e+01   0.0000e+00   1.7575e-02   2.7279e+02
20260311_00:00:00   2.2986e-01   5.9690e+01   2.1784e+01   1.4176e-05   1.8937e-02   2.7187e+02
20260311_03:00:00   2.9407e-01   7.3148e+01   2.9836e+01   0.0000e+00   2.9747e-02   2.7327e+02
20260311_06:00:00   3.1006e-01   7.6412e+01   3.0943e+01   0.0000e+00   4.4515e-03   2.7546e+02
20260311_09:00:00   2.8991e-01   7.2321e+01   2.8584e+01   1.4176e-05   9.9344e-03   2.7882e+02
20260311_12:00:00   2.2689e-01   5.8923e+01   2.0224e+01   4.7857e-03   3.2514e-02   2.7877e+02
20260311_15:00:00   2.1496e-01   5.6244e+01   1.8591e+01   4.7560e-03   2.8313e-02   2.7909e+02
20260311_18:00:00   2.3044e-01   5.9857e+01   1.9555e+01   8.8800e-03   5.5437e-03   2.7912e+02
20260311_21:00:00   3.7909e-01   9.0692e+01   2.0988e+01   1.7572e-01   6.0102e-03   2.7994e+02
20260312_00:00:00   3.0237e-01   7.4838e+01   3.0835e+01   0.0000e+00   1.1160e-02   2.8686e+02
20260312_03:00:00   3.0300e-01   7.5059e+01   2.9511e+01   5.9404e-03   1.5359e-02   2.8807e+02
20260312_06:00:00   3.4346e-01   8.3665e+01   2.1211e+01   1.2967e-01   1.0975e-03   2.8623e+02
20260312_09:00:00   4.2798e-01   9.9792e+01   2.7211e+01   1.6617e-01   5.5960e-04   2.9074e+02
20260312_12:00:00   4.5070e-01   1.0401e+02   2.3053e+01   2.4305e-01   1.2372e-03   2.9109e+02
20260312_15:00:00   6.0453e-01   1.2969e+02   2.6161e+01   4.0788e-01   1.9312e-03   2.8838e+02
20260312_18:00:00   6.4759e-01   1.3617e+02   3.1104e+01   4.1382e-01   2.1969e-03   2.8128e+02
20260312_21:00:00   6.2458e-01   1.3271e+02   3.1561e+01   3.7515e-01   8.9819e-04   2.7843e+02
20260313_00:00:00   9.7063e-01   1.7706e+02   2.9879e+01   8.1011e-01   7.3770e-04   2.7750e+02
20260313_03:00:00   8.7982e-01   1.6645e+02   2.3444e+01   7.6004e-01   2.4657e-02   2.7532e+02
20260313_06:00:00   1.0793e+00   1.8774e+02   2.6473e+01   9.7416e-01   1.9069e-02   2.7539e+02
20260313_09:00:00   2.8593e-01   7.0447e+01   2.2451e+01   6.3348e-02   1.6126e-01   3.1355e+02
20260313_12:00:00   2.3801e-01   5.8958e+01   1.3119e+01   8.4648e-02   2.4746e-02   3.4499e+02
