#            date       tau255        Tb[K]      pwv[mm] lwp[kg*m^-2] iwp[kg*m^-2]       o3[DU]
20260619_18:00:00   3.1844e-01   7.8275e+01   1.9608e+01   1.1418e-01   0.0000e+00   3.3151e+02
20260619_19:00:00   3.3735e-01   8.1942e+01   1.8838e+01   1.4664e-01   0.0000e+00   3.3303e+02
20260619_20:00:00   1.9184e-01   5.1192e+01   1.7234e+01   4.7660e-04   0.0000e+00   3.3308e+02
20260619_21:00:00   1.9481e-01   5.1896e+01   1.7642e+01   6.0840e-05   3.2020e-07   3.3166e+02
20260619_22:00:00   2.0256e-01   5.3624e+01   1.8427e+01   1.3468e-04   0.0000e+00   3.3543e+02
20260619_23:00:00   2.1225e-01   5.5692e+01   1.9675e+01   0.0000e+00   0.0000e+00   3.4365e+02
20260620_00:00:00   2.1660e-01   5.6489e+01   2.0205e+01   0.0000e+00   0.0000e+00   3.5304e+02
20260620_01:00:00   2.1325e-01   5.5724e+01   1.9339e+01   0.0000e+00   0.0000e+00   3.5782e+02
20260620_02:00:00   2.0777e-01   5.4480e+01   1.8412e+01   0.0000e+00   0.0000e+00   3.5712e+02
20260620_03:00:00   2.0126e-01   5.2977e+01   1.7503e+01   0.0000e+00   0.0000e+00   3.5788e+02
20260620_04:00:00   1.9751e-01   5.2092e+01   1.7026e+01   0.0000e+00   0.0000e+00   3.5801e+02
20260620_05:00:00   2.0318e-01   5.3297e+01   1.7598e+01   0.0000e+00   0.0000e+00   3.5933e+02
20260620_06:00:00   2.0999e-01   5.4713e+01   1.8401e+01   0.0000e+00   0.0000e+00   3.5935e+02
20260620_07:00:00   2.3551e-01   6.0178e+01   2.0429e+01   1.0930e-02   7.3269e-04   3.5384e+02
20260620_08:00:00   5.4515e-01   1.1770e+02   2.3639e+01   3.3912e-01   2.5181e-03   3.5256e+02
20260620_09:00:00   2.5916e-01   6.5087e+01   2.3135e+01   1.5779e-02   4.1614e-03   3.5182e+02
20260620_10:00:00   2.8036e-01   6.9702e+01   2.2713e+01   4.4266e-02   3.3387e-04   3.5287e+02
20260620_11:00:00   3.3198e-01   8.0039e+01   2.2509e+01   1.0301e-01   2.0700e-05   3.5359e+02
20260620_12:00:00   2.3781e-01   6.0775e+01   2.1684e+01   2.1841e-03   2.9960e-06   3.5318e+02
20260620_13:00:00   2.3467e-01   6.0159e+01   2.1094e+01   6.1980e-03   2.9960e-06   3.5585e+02
20260620_14:00:00   2.5384e-01   6.4327e+01   2.2017e+01   1.7693e-02   0.0000e+00   3.5664e+02
20260620_15:00:00   2.5542e-01   6.4701e+01   2.1906e+01   2.1737e-02   0.0000e+00   3.5764e+02
20260620_16:00:00   2.8824e-01   7.1635e+01   2.3201e+01   4.7343e-02   0.0000e+00   3.6018e+02
20260620_17:00:00   3.1756e-01   7.7683e+01   2.4426e+01   6.9294e-02   2.9960e-06   3.6291e+02
20260620_18:00:00   2.7358e-01   6.8674e+01   2.4918e+01   1.2934e-02   0.0000e+00   3.6525e+02
20260620_19:00:00   2.7800e-01   6.9633e+01   2.5060e+01   1.8362e-02   7.8880e-06   3.6620e+02
20260620_20:00:00   2.5889e-01   6.5601e+01   2.4823e+01   8.0300e-04   1.3109e-04   3.6612e+02
20260620_21:00:00   2.6362e-01   6.6599e+01   2.5427e+01   1.1584e-06   1.6216e-03   3.6529e+02
20260620_22:00:00   2.6379e-01   6.6610e+01   2.5478e+01   0.0000e+00   2.6953e-03   3.6578e+02
20260620_23:00:00   2.6010e-01   6.5843e+01   2.4980e+01   0.0000e+00   7.9163e-03   3.6546e+02
20260621_00:00:00   2.5842e-01   6.5463e+01   2.4649e+01   0.0000e+00   1.5305e-03   3.6532e+02
20260621_01:00:00   2.5943e-01   6.5621e+01   2.4762e+01   0.0000e+00   3.8567e-03   3.6577e+02
20260621_02:00:00   2.6084e-01   6.5841e+01   2.4990e+01   0.0000e+00   1.0935e-02   3.6610e+02
20260621_03:00:00   2.6209e-01   6.6016e+01   2.5219e+01   0.0000e+00   1.3698e-02   3.6570e+02
20260621_04:00:00   2.6039e-01   6.5615e+01   2.5039e+01   0.0000e+00   2.0945e-02   3.6547e+02
20260621_05:00:00   2.5858e-01   6.5224e+01   2.4783e+01   0.0000e+00   1.4319e-02   3.6654e+02
20260621_06:00:00   2.5275e-01   6.4034e+01   2.3952e+01   0.0000e+00   2.4270e-03   3.6756e+02
20260621_07:00:00   2.4978e-01   6.3428e+01   2.3436e+01   0.0000e+00   1.5597e-03   3.6922e+02
20260621_08:00:00   2.5135e-01   6.3737e+01   2.3542e+01   0.0000e+00   9.6947e-04   3.7207e+02
20260621_09:00:00   2.5209e-01   6.3865e+01   2.3649e+01   0.0000e+00   1.4740e-04   3.7418e+02
20260621_10:00:00   2.4838e-01   6.3083e+01   2.3186e+01   0.0000e+00   3.3964e-06   3.7386e+02
20260621_11:00:00   2.4398e-01   6.2212e+01   2.2534e+01   0.0000e+00   0.0000e+00   3.7365e+02
20260621_12:00:00   2.4827e-01   6.3163e+01   2.2868e+01   0.0000e+00   0.0000e+00   3.7406e+02
20260621_13:00:00   2.9210e-01   7.2172e+01   2.4656e+01   3.2525e-02   1.4655e-03   3.7421e+02
20260621_14:00:00   3.9058e-01   9.1244e+01   2.5114e+01   1.4060e-01   4.8519e-03   3.7276e+02
20260621_15:00:00   5.1212e-01   1.1234e+02   2.5572e+01   2.7680e-01   1.1928e-02   3.6878e+02
20260621_16:00:00   2.9828e-01   7.3490e+01   2.5469e+01   3.5697e-02   9.9763e-04   3.7035e+02
20260621_17:00:00   2.7663e-01   6.9149e+01   2.5621e+01   1.0606e-02   1.7879e-03   3.7276e+02
20260621_18:00:00   2.7129e-01   6.8220e+01   2.5213e+01   9.4759e-03   4.4473e-04   3.7790e+02
20260621_19:00:00   2.7421e-01   6.8904e+01   2.5615e+01   7.7821e-03   1.2517e-04   3.8324e+02
20260621_20:00:00   2.7290e-01   6.8670e+01   2.4640e+01   1.9599e-02   1.3897e-05   3.8267e+02
20260621_21:00:00   2.5832e-01   6.5627e+01   2.4697e+01   3.4738e-03   0.0000e+00   3.7902e+02
20260621_22:00:00   2.3762e-01   6.1309e+01   2.2583e+01   0.0000e+00   0.0000e+00   3.6949e+02
20260621_23:00:00   2.4890e-01   6.3808e+01   2.2605e+01   8.7180e-03   7.9540e-04   3.6031e+02
20260622_00:00:00   2.5276e-01   6.4643e+01   2.2693e+01   1.0848e-02   2.3460e-03   3.5841e+02
20260622_01:00:00   2.3817e-01   6.1481e+01   2.2198e+01   0.0000e+00   6.9140e-03   3.5717e+02
20260622_02:00:00   2.2885e-01   5.9431e+01   2.1405e+01   0.0000e+00   4.8096e-03   3.5556e+02
20260622_03:00:00   2.2873e-01   5.9365e+01   2.1495e+01   0.0000e+00   5.9133e-03   3.5062e+02
20260622_04:00:00   2.1798e-01   5.7029e+01   2.0229e+01   0.0000e+00   1.0518e-02   3.4694e+02
20260622_05:00:00   2.1004e-01   5.5253e+01   1.9167e+01   0.0000e+00   1.6363e-02   3.4648e+02
20260622_06:00:00   2.0101e-01   5.3234e+01   1.8023e+01   0.0000e+00   1.0364e-02   3.4619e+02
20260622_07:00:00   1.9543e-01   5.1981e+01   1.7176e+01   0.0000e+00   1.1988e-02   3.4791e+02
20260622_08:00:00   1.9085e-01   5.0919e+01   1.6604e+01   0.0000e+00   1.9544e-02   3.4639e+02
20260622_09:00:00   1.8312e-01   4.9138e+01   1.5775e+01   0.0000e+00   2.4248e-02   3.4882e+02
20260622_10:00:00   1.7246e-01   4.6681e+01   1.4629e+01   0.0000e+00   2.9952e-02   3.4905e+02
20260622_11:00:00   1.7537e-01   4.7334e+01   1.5108e+01   0.0000e+00   6.8447e-02   3.4840e+02
20260622_12:00:00   1.8031e-01   4.8413e+01   1.6066e+01   0.0000e+00   1.7858e-01   3.4776e+02
20260622_13:00:00   1.9421e-01   5.1481e+01   1.8349e+01   0.0000e+00   2.5525e-01   3.4546e+02
20260622_14:00:00   2.2740e-01   5.8798e+01   2.2588e+01   0.0000e+00   3.4676e-01   3.4310e+02
20260622_15:00:00   2.8988e-01   7.1896e+01   2.7803e+01   2.1986e-02   6.1434e-01   3.4039e+02
20260622_16:00:00   5.0154e-01   1.1061e+02   3.1874e+01   2.1889e-01   4.7180e-01   3.4027e+02
20260622_17:00:00   4.3014e-01   9.8546e+01   3.4139e+01   1.0975e-01   6.6859e-01   3.3804e+02
20260622_18:00:00   6.8764e-01   1.3873e+02   3.5946e+01   3.8107e-01   8.7257e-01   3.3666e+02
20260622_19:00:00   6.2363e-01   1.2987e+02   3.7191e+01   2.9521e-01   5.8359e-01   3.3911e+02
20260622_20:00:00   1.0176e+00   1.7785e+02   3.8430e+01   7.3219e-01   3.8284e-01   3.3873e+02
20260622_21:00:00   1.4211e+00   2.1202e+02   3.8828e+01   1.2002e+00   2.0684e-01   3.3481e+02
20260622_22:00:00   1.4883e+00   2.1762e+02   3.8990e+01   1.2925e+00   8.9800e-02   3.3180e+02
20260622_23:00:00   1.6764e+00   2.2940e+02   3.9071e+01   1.5269e+00   6.6509e-02   3.3116e+02
20260623_00:00:00   1.8482e+00   2.3726e+02   3.9218e+01   1.7185e+00   1.0663e-01   3.2815e+02
20260623_01:00:00   1.5983e+00   2.2520e+02   4.0058e+01   1.4275e+00   1.6895e-01   3.2741e+02
20260623_02:00:00   1.6008e+00   2.2588e+02   4.0399e+01   1.4353e+00   1.3246e-01   3.2764e+02
20260623_03:00:00   1.7460e+00   2.3263e+02   4.0332e+01   1.5809e+00   6.9656e-02   3.2664e+02
20260623_04:00:00   1.4465e+00   2.1676e+02   3.9657e+01   1.2598e+00   9.8590e-02   3.2656e+02
20260623_05:00:00   1.0617e+00   1.8580e+02   3.9795e+01   8.0076e-01   2.7272e-02   3.2607e+02
20260623_06:00:00   1.2005e+00   1.9735e+02   3.9779e+01   9.4926e-01   2.3420e-02   3.2427e+02
20260623_07:00:00   1.1612e+00   1.9378e+02   4.0001e+01   8.9886e-01   4.3220e-02   3.2293e+02
20260623_08:00:00   1.2146e+00   1.9940e+02   3.8856e+01   9.9043e-01   1.2916e-02   3.2410e+02
20260623_09:00:00   1.4558e+00   2.1590e+02   4.0034e+01   1.2410e+00   4.6671e-02   3.2508e+02
20260623_10:00:00   1.3053e+00   2.0543e+02   3.9215e+01   1.0767e+00   3.9044e-02   3.2681e+02
20260623_11:00:00   9.2111e-01   1.6975e+02   3.8794e+01   6.2946e-01   2.0480e-02   3.2848e+02
20260623_12:00:00   6.0984e-01   1.2959e+02   3.8635e+01   2.6993e-01   1.5613e-02   3.2876e+02
20260623_13:00:00   5.3303e-01   1.1725e+02   3.7695e+01   1.8602e-01   4.7853e-02   3.2998e+02
20260623_14:00:00   5.8228e-01   1.2471e+02   3.8347e+01   2.3514e-01   2.7300e-01   3.3175e+02
20260623_15:00:00   6.1011e-01   1.2905e+02   3.5131e+01   3.0024e-01   1.8379e-02   3.3492e+02
20260623_16:00:00   3.6098e-01   8.7265e+01   3.1583e+01   4.4433e-02   4.3740e-05   3.3725e+02
20260623_17:00:00   3.4153e-01   8.3461e+01   2.8018e+01   5.4970e-02   2.2820e-06   3.3901e+02
20260623_18:00:00   2.7346e-01   6.9759e+01   2.3520e+01   2.1322e-02   5.7920e-07   3.4429e+02
20260623_19:00:00   2.8185e-01   7.1573e+01   2.3366e+01   3.6636e-02   0.0000e+00   3.4312e+02
20260623_20:00:00   2.9764e-01   7.4753e+01   2.2752e+01   6.4244e-02   0.0000e+00   3.4575e+02
20260623_21:00:00   4.9627e-01   1.1138e+02   2.3731e+01   2.8659e-01   0.0000e+00   3.3990e+02
20260623_22:00:00   2.2892e-01   5.9988e+01   2.1016e+01   7.3842e-03   0.0000e+00   3.4008e+02
20260623_23:00:00   2.3266e-01   6.0856e+01   2.1039e+01   7.5960e-03   0.0000e+00   3.4438e+02
20260624_00:00:00   2.3403e-01   6.1095e+01   2.1732e+01   6.0040e-06   0.0000e+00   3.4700e+02
20260624_01:00:00   2.2490e-01   5.8976e+01   2.0598e+01   0.0000e+00   0.0000e+00   3.4786e+02
20260624_02:00:00   2.1366e-01   5.6320e+01   1.9524e+01   0.0000e+00   0.0000e+00   3.4525e+02
20260624_03:00:00   2.0176e-01   5.3562e+01   1.8302e+01   0.0000e+00   1.4589e-03   3.5308e+02
20260624_04:00:00   1.9246e-01   5.1342e+01   1.7349e+01   0.0000e+00   2.2782e-02   3.5455e+02
20260624_05:00:00   1.8651e-01   4.9985e+01   1.6460e+01   0.0000e+00   9.6387e-03   3.5624e+02
20260624_06:00:00   1.8256e-01   4.9021e+01   1.5994e+01   0.0000e+00   1.2678e-02   3.5720e+02
20260624_07:00:00   1.7483e-01   4.7182e+01   1.5059e+01   0.0000e+00   1.4416e-03   3.5895e+02
20260624_08:00:00   1.7093e-01   4.6217e+01   1.4594e+01   0.0000e+00   9.5959e-03   3.5779e+02
20260624_09:00:00   1.6941e-01   4.5845e+01   1.4338e+01   0.0000e+00   1.9472e-02   3.5718e+02
20260624_10:00:00   1.7123e-01   4.6219e+01   1.4644e+01   0.0000e+00   6.5306e-03   3.5984e+02
20260624_11:00:00   1.7398e-01   4.6843e+01   1.5099e+01   0.0000e+00   6.7350e-05   3.5983e+02
20260624_12:00:00   1.7870e-01   4.7996e+01   1.5485e+01   0.0000e+00   0.0000e+00   3.6001e+02
20260624_13:00:00   1.8500e-01   4.9508e+01   1.6095e+01   0.0000e+00   0.0000e+00   3.5870e+02
20260624_14:00:00   1.9531e-01   5.1943e+01   1.7027e+01   0.0000e+00   0.0000e+00   3.5481e+02
20260624_15:00:00   2.0576e-01   5.4308e+01   1.8347e+01   0.0000e+00   0.0000e+00   3.5305e+02
20260624_16:00:00   2.1263e-01   5.5867e+01   1.9303e+01   1.0514e-03   0.0000e+00   3.5236e+02
20260624_17:00:00   2.1244e-01   5.5854e+01   1.9732e+01   0.0000e+00   0.0000e+00   3.5291e+02
20260624_18:00:00   2.1003e-01   5.5309e+01   1.9670e+01   3.7700e-04   0.0000e+00   3.5390e+02
20260624_21:00:00   2.2686e-01   5.9070e+01   2.1151e+01   5.2685e-03   1.6840e-05   3.5929e+02
20260625_00:00:00   2.2313e-01   5.8245e+01   2.0890e+01   0.0000e+00   0.0000e+00   3.5961e+02
20260625_03:00:00   2.2209e-01   5.7873e+01   2.0735e+01   0.0000e+00   0.0000e+00   3.6200e+02
20260625_06:00:00   2.0499e-01   5.4018e+01   1.8912e+01   0.0000e+00   0.0000e+00   3.6514e+02
20260625_09:00:00   2.0749e-01   5.4536e+01   1.8920e+01   0.0000e+00   0.0000e+00   3.6255e+02
20260625_12:00:00   2.0647e-01   5.4302e+01   1.9166e+01   0.0000e+00   3.0800e-03   3.6346e+02
20260625_15:00:00   2.0808e-01   5.4731e+01   1.9829e+01   0.0000e+00   8.6748e-03   3.6322e+02
20260625_18:00:00   2.2924e-01   5.9428e+01   2.2946e+01   2.5640e-06   2.8469e-02   3.6484e+02
20260625_21:00:00   4.7517e-01   1.0687e+02   2.7772e+01   2.2900e-01   2.5853e-03   3.6768e+02
20260626_00:00:00   2.8376e-01   7.1508e+01   2.8142e+01   4.6641e-04   2.9593e-03   3.5698e+02
20260626_03:00:00   3.3491e-01   8.1381e+01   3.1737e+01   2.1205e-02   1.2086e-01   3.5394e+02
20260626_06:00:00   3.7380e-01   8.8611e+01   3.1511e+01   6.5840e-02   2.3870e-01   3.5535e+02
20260626_09:00:00   9.5480e-01   1.7067e+02   3.3563e+01   6.9576e-01   4.8481e-01   3.5630e+02
20260626_12:00:00   4.8908e-01   1.0877e+02   3.1922e+01   1.8802e-01   6.6279e-02   3.6213e+02
20260626_15:00:00   1.1285e+00   1.8818e+02   3.3198e+01   9.0574e-01   1.8805e-01   3.6605e+02
20260626_18:00:00   7.9869e-01   1.5337e+02   3.2776e+01   5.2863e-01   5.7879e-01   3.5909e+02
20260626_21:00:00   3.6348e-01   8.7233e+01   2.9908e+01   5.8447e-02   9.5598e-04   3.7807e+02
20260627_00:00:00   3.2797e-01   8.0276e+01   2.9743e+01   2.0745e-02   0.0000e+00   3.7432e+02
20260627_03:00:00   3.2512e-01   7.9701e+01   3.0231e+01   1.3303e-02   2.0440e-02   3.6347e+02
20260627_06:00:00   3.8666e-01   9.2198e+01   2.9728e+01   9.1603e-02   5.2920e-05   3.5686e+02
20260627_09:00:00   3.1231e-01   7.7555e+01   2.5402e+01   4.8537e-02   1.7990e-05   3.5434e+02
20260627_12:00:00   2.8183e-01   7.1290e+01   2.3593e+01   2.6289e-02   2.1100e-05   3.5575e+02
20260627_15:00:00   2.7083e-01   6.9078e+01   2.4163e+01   6.9804e-03   1.6252e-05   3.6382e+02
20260627_18:00:00   2.7725e-01   7.0548e+01   2.4653e+01   2.1965e-02   3.8340e-04   3.6326e+02
20260627_21:00:00   2.5939e-01   6.6868e+01   2.4730e+01   1.6824e-03   8.0060e-07   3.5720e+02
20260628_00:00:00   2.8013e-01   7.1422e+01   2.6252e+01   0.0000e+00   5.9258e-03   3.4986e+02
20260628_03:00:00   2.7814e-01   7.0875e+01   2.5842e+01   0.0000e+00   3.0715e-02   3.4670e+02
20260628_06:00:00   2.8568e-01   7.2269e+01   2.6719e+01   7.3000e-04   6.2841e-02   3.4702e+02
20260628_09:00:00   3.1419e-01   7.7891e+01   2.7714e+01   2.4187e-02   1.3799e-02   3.4869e+02
20260628_12:00:00   4.1214e-01   9.7479e+01   2.8145e+01   1.4153e-01   3.5255e-03   3.5826e+02
20260628_15:00:00   4.9723e-01   1.1302e+02   2.7656e+01   2.4970e-01   0.0000e+00   3.5881e+02
20260628_18:00:00   4.4934e-01   1.0452e+02   2.8280e+01   1.8812e-01   0.0000e+00   3.5721e+02
20260628_21:00:00   3.4845e-01   8.5358e+01   2.8695e+01   6.2899e-02   0.0000e+00   3.5212e+02
20260629_00:00:00   3.0947e-01   7.7323e+01   2.9855e+01   1.5538e-03   0.0000e+00   3.4186e+02
20260629_03:00:00   3.1707e-01   7.8877e+01   3.0446e+01   0.0000e+00   0.0000e+00   3.3809e+02
20260629_06:00:00   3.0878e-01   7.7231e+01   2.9328e+01   0.0000e+00   0.0000e+00   3.3395e+02
20260629_09:00:00   3.0668e-01   7.6855e+01   2.9042e+01   0.0000e+00   1.0546e-05   3.3454e+02
20260629_12:00:00   2.9046e-01   7.3631e+01   2.6901e+01   3.8900e-03   5.1280e-06   3.3662e+02
20260629_15:00:00   2.9728e-01   7.5431e+01   2.7402e+01   4.9068e-03   7.3240e-05   3.3715e+02
20260629_18:00:00   2.6612e-01   6.9032e+01   2.5638e+01   2.5173e-03   0.0000e+00   3.3849e+02
20260629_21:00:00   2.9574e-01   7.5438e+01   2.8657e+01   6.5100e-03   1.6418e-04   3.3945e+02
20260630_00:00:00   3.4922e-01   8.6360e+01   3.3444e+01   1.1020e-02   2.0520e-05   3.3394e+02
20260630_03:00:00   3.3449e-01   8.3253e+01   3.2779e+01   0.0000e+00   2.0071e-03   3.3210e+02
20260630_06:00:00   3.0219e-01   7.6324e+01   3.0416e+01   0.0000e+00   1.0710e-03   3.2844e+02
20260630_09:00:00   2.4805e-01   6.4525e+01   2.5102e+01   0.0000e+00   9.7720e-05   3.3498e+02
20260630_12:00:00   2.3554e-01   6.1820e+01   2.3390e+01   3.1790e-03   7.2080e-03   3.3372e+02
20260630_15:00:00   2.3714e-01   6.2419e+01   2.3959e+01   0.0000e+00   7.3906e-03   3.3558e+02
20260630_18:00:00   2.6560e-01   6.9080e+01   2.6731e+01   0.0000e+00   3.7544e-03   3.3893e+02
20260630_21:00:00   3.2365e-01   8.1712e+01   3.2074e+01   5.7920e-07   4.6955e-03   3.4084e+02
20260701_00:00:00   3.6231e-01   8.9605e+01   3.6230e+01   0.0000e+00   0.0000e+00   3.3405e+02
20260701_03:00:00   3.9900e-01   9.6688e+01   4.0825e+01   0.0000e+00   7.0879e-02   3.2714e+02
20260701_06:00:00   4.3273e-01   1.0295e+02   4.4267e+01   0.0000e+00   1.1362e-04   3.2103e+02
20260701_09:00:00   3.2925e-01   8.3016e+01   3.2004e+01   0.0000e+00   2.2262e-04   3.2559e+02
20260701_12:00:00   1.9382e-01   5.3029e+01   1.7828e+01   0.0000e+00   1.0436e-04   3.2870e+02
20260701_15:00:00   2.1384e-01   5.7714e+01   2.2410e+01   0.0000e+00   4.9639e-05   3.2701e+02
20260701_18:00:00   3.4375e-01   8.5995e+01   3.7196e+01   2.2520e-04   0.0000e+00   3.2700e+02
20260701_21:00:00   4.1350e-01   1.0014e+02   4.4116e+01   0.0000e+00   1.4176e-05   3.2366e+02
20260702_00:00:00   4.1785e-01   1.0077e+02   4.4646e+01   0.0000e+00   1.9461e-02   3.1822e+02
20260702_03:00:00   3.8460e-01   9.3703e+01   4.2189e+01   0.0000e+00   1.1491e-02   3.1572e+02
20260702_06:00:00   4.2286e-01   1.0072e+02   4.5574e+01   0.0000e+00   2.6433e-02   3.1617e+02
20260702_09:00:00   4.3375e-01   1.0297e+02   4.3691e+01   0.0000e+00   4.1972e-02   3.2147e+02
20260702_12:00:00   3.8816e-01   9.4462e+01   3.6699e+01   3.2690e-05   4.2661e-02   3.2577e+02
20260702_15:00:00   2.9301e-01   7.5259e+01   2.7149e+01   1.3302e-03   2.8055e-04   3.2388e+02
20260702_18:00:00   2.7054e-01   7.0312e+01   2.6711e+01   3.3940e-04   0.0000e+00   3.2762e+02
20260702_21:00:00   2.7120e-01   7.0127e+01   2.8138e+01   0.0000e+00   3.8378e-03   3.2702e+02
20260703_00:00:00   2.9987e-01   7.5695e+01   3.1755e+01   0.0000e+00   3.4426e-02   3.2095e+02
20260703_03:00:00   2.8994e-01   7.3243e+01   3.0727e+01   0.0000e+00   5.0240e-02   3.2633e+02
20260703_06:00:00   2.8108e-01   7.1398e+01   2.8604e+01   0.0000e+00   2.4517e-02   3.3017e+02
20260703_09:00:00   2.8369e-01   7.1765e+01   2.8139e+01   0.0000e+00   1.0787e-01   3.3212e+02
20260703_12:00:00   2.5343e-01   6.5439e+01   2.3966e+01   0.0000e+00   2.4972e-03   3.4035e+02
20260703_15:00:00   2.6738e-01   6.8570e+01   2.3551e+01   1.5676e-02   0.0000e+00   3.3961e+02
20260703_18:00:00   3.8488e-01   9.2072e+01   2.2807e+01   1.6418e-01   0.0000e+00   3.4712e+02
20260703_21:00:00   4.1593e-01   9.7579e+01   2.5455e+01   1.6271e-01   1.0256e-06   3.6138e+02
20260704_00:00:00   2.8770e-01   7.2899e+01   2.5211e+01   1.6516e-02   0.0000e+00   3.6884e+02
20260704_03:00:00   5.2073e-01   1.1525e+02   2.6777e+01   2.6657e-01   5.5200e-07   3.7300e+02
20260704_06:00:00   3.5846e-01   8.6526e+01   2.6118e+01   9.0372e-02   2.7798e-05   3.7549e+02
20260704_09:00:00   2.9225e-01   7.3139e+01   2.5627e+01   2.6547e-02   4.0661e-05   3.7563e+02
20260704_12:00:00   2.6704e-01   6.8117e+01   2.5336e+01   0.0000e+00   0.0000e+00   3.7540e+02
20260704_15:00:00   2.7128e-01   6.9284e+01   2.5875e+01   0.0000e+00   7.9980e-05   3.6716e+02
20260704_18:00:00   5.2701e-01   1.1646e+02   2.6201e+01   2.9423e-01   8.7436e-05   3.6178e+02
20260704_21:00:00   3.6532e-01   8.8324e+01   2.6722e+01   1.0557e-01   8.6620e-05   3.5486e+02
20260705_00:00:00   2.8935e-01   7.3436e+01   2.7440e+01   5.8790e-03   4.2368e-03   3.4726e+02
20260705_03:00:00   2.8889e-01   7.3414e+01   2.7483e+01   0.0000e+00   0.0000e+00   3.3775e+02
20260705_06:00:00   3.1470e-01   7.8681e+01   2.8135e+01   2.3440e-02   4.2849e-04   3.3458e+02
20260705_09:00:00   3.2801e-01   8.1246e+01   3.2386e+01   3.1257e-03   6.7711e-03   3.2881e+02
20260705_12:00:00   3.4070e-01   8.3848e+01   3.4603e+01   0.0000e+00   2.6013e-03   3.2652e+02
20260705_15:00:00   3.6750e-01   8.9216e+01   3.8255e+01   0.0000e+00   1.5387e-01   3.2325e+02
20260705_18:00:00   6.1142e-01   1.2987e+02   4.1698e+01   2.4826e-01   2.0245e-01   3.1807e+02
