#            date       tau255        Tb[K]      pwv[mm] lwp[kg*m^-2] iwp[kg*m^-2]       o3[DU]
20260312_00:00:00   3.2514e-01   7.9138e+01   3.2396e+01   4.0056e-03   2.0901e-02   2.9761e+02
20260312_01:00:00   3.0654e-01   7.5626e+01   3.0334e+01   1.1961e-03   1.2106e-02   2.9897e+02
20260312_02:00:00   3.1819e-01   7.8109e+01   3.0849e+01   1.2658e-02   2.4558e-03   3.0298e+02
20260312_03:00:00   3.3600e-01   8.1588e+01   3.1988e+01   2.4061e-02   1.9150e-03   3.0528e+02
20260312_04:00:00   7.7041e-01   1.4967e+02   3.4928e+01   4.8024e-01   3.9153e-02   3.0564e+02
20260312_05:00:00   7.4389e-01   1.4638e+02   3.5300e+01   4.4428e-01   4.5041e-02   3.0887e+02
20260312_06:00:00   8.6665e-01   1.6197e+02   3.5892e+01   5.8027e-01   1.7838e-01   3.0972e+02
20260312_07:00:00   4.8677e-01   1.0892e+02   3.4715e+01   1.6389e-01   2.1417e-02   3.1036e+02
20260312_08:00:00   1.0159e+00   1.8056e+02   3.4698e+01   7.9600e-01   5.8066e-03   3.0640e+02
20260312_09:00:00   7.2700e-01   1.4516e+02   3.2983e+01   4.5963e-01   1.7541e-03   3.1054e+02
20260312_10:00:00   6.9158e-01   1.4123e+02   3.0928e+01   4.5266e-01   2.9281e-03   3.0955e+02
20260312_11:00:00   6.0755e-01   1.2741e+02   2.6244e+01   3.9739e-01   1.1309e-03   3.0756e+02
20260312_12:00:00   8.4728e-01   1.5802e+02   2.4993e+01   6.7826e-01   1.4473e-02   3.0636e+02
20260312_13:00:00   6.3334e-01   1.2988e+02   2.2959e+01   4.5961e-01   1.2184e-02   3.0443e+02
20260312_14:00:00   7.8386e-01   1.4926e+02   2.0422e+01   6.5257e-01   1.0012e-01   3.0696e+02
20260312_15:00:00   5.9246e-01   1.2251e+02   1.9564e+01   4.4205e-01   1.1519e-01   3.0756e+02
20260312_16:00:00   6.7150e-01   1.3311e+02   1.7751e+01   5.4391e-01   3.1795e-01   3.0614e+02
20260312_17:00:00   2.4917e-01   6.1268e+01   1.6119e+01   8.4218e-02   2.2285e-01   3.0599e+02
20260312_18:00:00   3.4196e-01   7.9256e+01   1.4632e+01   2.0220e-01   1.1641e-01   3.0669e+02
20260312_19:00:00   1.8783e-01   4.7741e+01   1.4240e+01   3.3872e-02   4.2212e-02   3.0688e+02
20260312_20:00:00   1.7818e-01   4.5433e+01   1.3153e+01   3.0768e-02   1.5713e-01   3.1178e+02
20260312_21:00:00   1.4341e-01   3.7453e+01   1.1599e+01   1.6444e-03   2.8675e-01   3.1918e+02
20260312_22:00:00   1.3490e-01   3.5465e+01   1.0585e+01   0.0000e+00   1.5124e-01   3.2685e+02
20260312_23:00:00   1.2440e-01   3.2955e+01   8.8136e+00   1.4010e-05   1.4335e-01   3.3080e+02
20260313_00:00:00   1.0810e-01   2.9151e+01   6.0030e+00   3.6700e-04   4.3734e-02   3.3783e+02
20260313_01:00:00   9.9542e-02   2.7128e+01   4.3834e+00   0.0000e+00   1.8539e-03   3.4008e+02
20260313_02:00:00   9.6917e-02   2.6446e+01   3.8878e+00   0.0000e+00   3.2406e-05   3.5137e+02
20260313_03:00:00   9.6913e-02   2.6368e+01   3.8374e+00   0.0000e+00   1.0738e-05   3.6864e+02
20260313_04:00:00   9.8665e-02   2.6704e+01   3.9684e+00   0.0000e+00   1.6467e-05   3.8183e+02
20260313_05:00:00   9.9770e-02   2.6909e+01   4.0517e+00   0.0000e+00   2.6950e-05   3.8819e+02
20260313_06:00:00   1.0080e-01   2.7105e+01   4.1260e+00   0.0000e+00   8.8314e-05   3.9702e+02
20260313_07:00:00   1.0063e-01   2.7029e+01   4.0866e+00   0.0000e+00   2.1913e-05   4.0415e+02
20260313_08:00:00   9.8685e-02   2.6580e+01   3.8595e+00   0.0000e+00   1.0086e-05   4.1926e+02
20260313_09:00:00   9.6796e-02   2.6170e+01   3.6264e+00   0.0000e+00   3.0398e-05   4.3227e+02
20260313_10:00:00   9.5954e-02   2.6008e+01   3.5384e+00   0.0000e+00   3.3538e-05   4.2838e+02
20260313_11:00:00   9.6580e-02   2.6166e+01   3.6337e+00   0.0000e+00   1.3031e-04   4.2099e+02
20260313_12:00:00   9.5250e-02   2.5889e+01   3.5912e+00   0.0000e+00   5.7110e-05   4.1829e+02
20260313_13:00:00   9.3548e-02   2.5517e+01   3.4936e+00   0.0000e+00   9.1223e-04   4.2454e+02
20260313_14:00:00   9.5466e-02   2.5983e+01   4.0186e+00   0.0000e+00   6.6290e-03   4.2946e+02
20260313_15:00:00   1.0175e-01   2.7430e+01   5.0587e+00   0.0000e+00   5.8063e-02   4.2684e+02
20260313_16:00:00   1.0731e-01   2.8699e+01   5.9396e+00   0.0000e+00   2.0679e-01   4.2491e+02
20260313_17:00:00   1.1329e-01   3.0102e+01   6.7514e+00   0.0000e+00   2.7262e-01   4.2576e+02
20260313_18:00:00   1.2145e-01   3.2019e+01   7.7669e+00   0.0000e+00   4.3819e-01   4.2433e+02
20260313_19:00:00   1.3196e-01   3.4461e+01   9.0592e+00   0.0000e+00   1.7896e-01   4.2363e+02
20260313_20:00:00   1.4347e-01   3.7083e+01   9.9028e+00   2.7752e-04   7.0800e-01   4.1929e+02
20260313_21:00:00   1.3542e-01   3.5255e+01   9.1839e+00   4.3430e-05   4.5041e-01   4.2748e+02
20260313_22:00:00   1.4310e-01   3.7019e+01   9.9191e+00   0.0000e+00   5.0518e-01   4.3406e+02
20260313_23:00:00   1.4470e-01   3.7457e+01   1.0081e+01   0.0000e+00   2.6563e-01   4.4762e+02
20260314_00:00:00   1.4712e-01   3.8155e+01   9.2995e+00   6.8428e-03   2.4017e-01   4.5769e+02
20260314_01:00:00   2.4841e-01   6.0326e+01   9.1292e+00   1.2153e-01   1.5014e-01   4.6256e+02
20260314_02:00:00   3.0523e-01   7.2010e+01   1.0718e+01   1.7202e-01   1.1586e-01   4.6345e+02
20260314_03:00:00   2.8398e-01   6.7950e+01   1.1829e+01   1.3786e-01   4.4757e-01   4.6032e+02
20260314_04:00:00   5.7177e-01   1.1865e+02   1.1601e+01   4.6518e-01   1.5108e-01   4.6936e+02
20260314_05:00:00   7.2768e-01   1.4089e+02   1.1173e+01   6.4381e-01   2.8840e-01   4.8010e+02
20260314_06:00:00   6.3754e-01   1.2930e+02   1.0055e+01   5.5602e-01   4.7145e-02   4.8061e+02
20260314_07:00:00   3.8015e-01   8.7055e+01   9.8476e+00   2.6687e-01   2.0752e-01   4.7809e+02
20260314_08:00:00   1.6058e-01   4.1434e+01   9.2337e+00   2.5806e-02   4.3243e-02   4.8090e+02
20260314_09:00:00   1.4400e-01   3.7547e+01   8.8861e+00   1.0883e-02   6.0231e-02   4.8565e+02
20260314_10:00:00   1.5898e-01   4.1035e+01   8.8250e+00   2.7088e-02   7.1355e-02   4.8833e+02
20260314_11:00:00   1.3334e-01   3.4956e+01   8.1045e+00   5.2219e-03   3.0204e-02   4.8891e+02
20260314_12:00:00   1.2559e-01   3.3082e+01   7.7984e+00   3.8460e-05   2.4239e-02   4.9284e+02
20260314_13:00:00   1.2574e-01   3.3078e+01   7.8656e+00   0.0000e+00   4.7089e-03   4.9270e+02
20260314_14:00:00   1.2809e-01   3.3628e+01   8.0842e+00   0.0000e+00   1.6509e-02   4.9313e+02
20260314_15:00:00   1.3458e-01   3.5163e+01   7.9809e+00   7.3340e-03   5.6849e-03   4.8571e+02
20260314_16:00:00   1.2704e-01   3.3424e+01   7.7860e+00   4.4200e-04   1.4172e-02   4.8727e+02
20260314_17:00:00   1.2127e-01   3.2079e+01   7.0498e+00   4.5020e-04   3.9359e-03   4.7793e+02
20260314_18:00:00   1.1796e-01   3.1332e+01   6.5496e+00   8.8080e-05   2.8816e-03   4.7630e+02
20260314_19:00:00   1.1523e-01   3.0742e+01   6.1429e+00   1.3076e-04   5.9484e-04   4.7605e+02
20260314_20:00:00   1.1657e-01   3.1051e+01   6.1817e+00   3.0300e-04   3.1202e-03   4.7152e+02
20260314_21:00:00   1.1444e-01   3.0559e+01   5.9065e+00   0.0000e+00   9.4226e-04   4.6831e+02
20260314_22:00:00   1.1256e-01   3.0126e+01   5.6091e+00   0.0000e+00   5.8410e-04   4.5174e+02
20260314_23:00:00   1.1005e-01   2.9542e+01   5.2608e+00   0.0000e+00   5.8799e-04   4.4697e+02
20260315_00:00:00   1.0602e-01   2.8610e+01   4.6813e+00   0.0000e+00   1.0350e-03   4.4576e+02
20260315_01:00:00   1.0344e-01   2.7996e+01   4.3211e+00   0.0000e+00   8.0217e-04   4.3862e+02
20260315_02:00:00   1.0060e-01   2.7318e+01   4.0299e+00   0.0000e+00   1.5063e-03   4.3415e+02
20260315_03:00:00   9.7750e-02   2.6638e+01   3.7309e+00   0.0000e+00   2.0534e-04   4.3201e+02
20260315_04:00:00   9.4904e-02   2.5973e+01   3.4622e+00   0.0000e+00   9.0640e-06   4.3097e+02
20260315_05:00:00   9.3526e-02   2.5638e+01   3.4090e+00   0.0000e+00   7.5540e-06   4.2885e+02
20260315_06:00:00   9.2740e-02   2.5460e+01   3.4219e+00   0.0000e+00   5.1870e-06   4.2640e+02
20260315_07:00:00   9.2634e-02   2.5430e+01   3.5874e+00   0.0000e+00   4.5008e-04   4.1997e+02
20260315_08:00:00   9.4412e-02   2.5835e+01   3.9919e+00   0.0000e+00   4.1380e-04   4.1779e+02
20260315_09:00:00   9.6231e-02   2.6260e+01   4.3494e+00   0.0000e+00   1.8039e-05   4.1594e+02
20260315_10:00:00   9.6599e-02   2.6353e+01   4.5738e+00   0.0000e+00   9.0285e-04   4.1170e+02
20260315_11:00:00   9.8960e-02   2.6926e+01   4.9756e+00   0.0000e+00   5.8411e-03   4.0708e+02
20260315_12:00:00   1.0460e-01   2.8261e+01   5.8044e+00   0.0000e+00   2.9486e-02   4.0338e+02
20260315_13:00:00   1.1276e-01   3.0194e+01   6.9789e+00   0.0000e+00   2.4658e-02   3.9938e+02
20260315_14:00:00   1.1955e-01   3.1807e+01   7.9767e+00   0.0000e+00   1.5050e-02   3.9551e+02
20260315_15:00:00   1.2667e-01   3.3514e+01   8.9460e+00   0.0000e+00   1.4429e-02   3.9194e+02
20260315_16:00:00   1.3389e-01   3.5227e+01   9.9270e+00   0.0000e+00   3.5687e-02   3.9015e+02
20260315_17:00:00   1.3784e-01   3.6191e+01   1.0544e+01   0.0000e+00   3.3118e-02   3.8776e+02
20260315_18:00:00   1.4880e-01   3.8744e+01   1.1905e+01   0.0000e+00   4.9823e-02   3.8362e+02
20260315_19:00:00   1.5626e-01   4.0502e+01   1.2789e+01   0.0000e+00   1.3145e-01   3.8177e+02
20260315_20:00:00   1.5914e-01   4.1252e+01   1.3044e+01   2.5602e-03   8.6811e-03   3.7967e+02
20260315_21:00:00   1.4913e-01   3.9039e+01   1.2238e+01   0.0000e+00   8.0989e-03   3.7829e+02
20260315_22:00:00   1.4257e-01   3.7560e+01   1.1480e+01   0.0000e+00   5.4830e-03   3.7601e+02
20260315_23:00:00   1.3464e-01   3.5733e+01   1.0451e+01   0.0000e+00   1.7243e-02   3.7444e+02
20260316_00:00:00   1.2978e-01   3.4626e+01   9.7800e+00   0.0000e+00   1.0134e-02   3.7060e+02
20260316_01:00:00   1.2770e-01   3.4173e+01   9.4690e+00   0.0000e+00   1.0196e-02   3.7019e+02
20260316_02:00:00   1.3254e-01   3.5369e+01   9.9875e+00   0.0000e+00   2.4730e-02   3.6652e+02
20260316_03:00:00   1.7183e-01   4.4534e+01   1.2020e+01   2.1524e-02   2.8426e-02   3.6354e+02
20260316_04:00:00   5.2878e-01   1.1305e+02   1.3257e+01   4.1193e-01   2.0356e-02   3.6184e+02
20260316_05:00:00   6.5564e-01   1.3251e+02   1.4118e+01   5.4785e-01   1.6918e-02   3.6143e+02
20260316_06:00:00   7.3690e-01   1.4369e+02   1.4978e+01   6.3100e-01   1.3084e-02   3.5725e+02
20260316_07:00:00   1.1275e+00   1.8586e+02   1.7478e+01   1.0500e+00   3.8371e-03   3.5280e+02
20260316_08:00:00   1.2161e+00   1.9400e+02   1.7647e+01   1.1560e+00   8.0922e-03   3.5301e+02
20260316_09:00:00   1.2652e+00   1.9818e+02   2.0130e+01   1.1926e+00   1.0885e-02   3.5375e+02
20260316_10:00:00   1.7658e+00   2.2906e+02   2.1843e+01   1.7595e+00   2.5907e-02   3.5538e+02
20260316_11:00:00   8.3271e-01   1.5597e+02   2.5446e+01   6.4726e-01   8.9793e-01   3.5161e+02
20260316_12:00:00   1.8200e+00   2.3145e+02   2.4452e+01   1.7843e+00   1.0439e-01   3.4780e+02
20260316_13:00:00   1.0181e+00   1.7810e+02   2.1827e+01   9.0571e-01   8.1316e-02   3.4395e+02
20260316_14:00:00   1.1546e+00   1.9199e+02   2.4067e+01   1.0623e+00   7.5615e-02   3.4157e+02
20260316_15:00:00   1.5226e+00   2.1924e+02   2.7888e+01   1.4538e+00   1.8755e-01   3.3938e+02
20260316_16:00:00   1.2800e+00   2.0323e+02   2.7434e+01   1.1816e+00   2.7764e-01   3.3965e+02
20260316_17:00:00   1.2040e+00   1.9761e+02   2.7268e+01   1.0996e+00   1.2256e-01   3.3694e+02
20260316_18:00:00   1.0788e+00   1.8700e+02   2.8633e+01   9.4605e-01   9.1455e-02   3.3511e+02
20260316_19:00:00   1.1398e+00   1.9311e+02   2.7295e+01   1.0369e+00   3.6854e-02   3.3089e+02
20260316_20:00:00   1.1425e+00   1.9338e+02   2.9075e+01   1.0230e+00   3.8370e-02   3.3140e+02
20260316_21:00:00   1.1276e+00   1.9185e+02   2.8260e+01   1.0052e+00   1.0113e-01   3.3007e+02
20260316_22:00:00   9.2716e-01   1.7194e+02   2.7206e+01   7.7886e-01   4.3644e-02   3.2948e+02
20260316_23:00:00   7.1222e-01   1.4496e+02   2.7211e+01   5.2305e-01   1.8907e-02   3.3072e+02
20260317_00:00:00   9.6504e-01   1.7598e+02   2.9414e+01   8.1258e-01   1.9665e-01   3.2982e+02
20260317_03:00:00   1.6520e+00   2.2671e+02   3.2177e+01   1.5530e+00   1.9189e-01   3.3645e+02
20260317_06:00:00   8.2133e-01   1.5504e+02   1.9782e+01   6.9677e-01   9.6844e-02   3.3902e+02
20260317_09:00:00   1.0116e-01   2.8047e+01   5.7255e+00   0.0000e+00   1.0484e-02   3.5775e+02
20260317_12:00:00   9.5534e-02   2.6437e+01   4.9885e+00   0.0000e+00   7.9707e-04   3.5722e+02
20260317_15:00:00   1.0492e-01   2.8509e+01   6.2785e+00   0.0000e+00   7.5014e-04   3.6110e+02
20260317_18:00:00   1.0640e-01   2.8760e+01   6.3778e+00   0.0000e+00   2.7434e-03   3.6670e+02
20260317_21:00:00   1.0514e-01   2.8373e+01   5.9586e+00   0.0000e+00   6.9264e-03   3.8214e+02
20260318_00:00:00   1.0167e-01   2.7446e+01   4.9045e+00   0.0000e+00   1.8389e-03   4.0434e+02
20260318_03:00:00   1.0124e-01   2.7185e+01   4.4917e+00   0.0000e+00   3.5563e-03   4.1443e+02
20260318_06:00:00   9.4257e-02   2.5429e+01   3.2180e+00   0.0000e+00   1.4794e-03   4.6123e+02
20260318_09:00:00   9.4364e-02   2.5348e+01   3.0066e+00   0.0000e+00   9.8869e-06   4.7466e+02
20260318_12:00:00   9.2673e-02   2.4968e+01   2.7557e+00   0.0000e+00   3.1640e-05   4.4838e+02
20260318_15:00:00   9.2224e-02   2.4906e+01   2.7821e+00   1.3349e-03   1.8671e-02   4.4992e+02
20260318_18:00:00   9.1678e-02   2.4899e+01   3.0682e+00   5.8420e-05   2.5884e-03   4.4452e+02
20260318_21:00:00   9.3931e-02   2.5480e+01   3.5185e+00   0.0000e+00   9.2602e-04   4.3176e+02
20260319_00:00:00   1.0431e-01   2.7881e+01   4.7456e+00   0.0000e+00   6.7243e-03   4.1783e+02
20260319_03:00:00   9.6990e-02   2.6125e+01   3.9410e+00   0.0000e+00   1.7233e-02   4.1506e+02
20260319_06:00:00   9.8684e-02   2.6468e+01   4.1598e+00   0.0000e+00   1.7437e-02   4.1012e+02
20260319_09:00:00   1.0300e-01   2.7421e+01   4.5853e+00   0.0000e+00   1.9710e-02   4.1296e+02
20260319_12:00:00   1.0795e-01   2.8576e+01   4.8623e+00   0.0000e+00   4.8316e-03   4.3511e+02
20260319_15:00:00   1.0431e-01   2.7915e+01   4.4917e+00   0.0000e+00   1.4216e-03   4.1564e+02
20260319_18:00:00   1.0669e-01   2.8613e+01   5.2280e+00   5.4700e-04   2.9892e-03   4.0965e+02
20260319_21:00:00   1.1852e-01   3.1426e+01   7.0635e+00   0.0000e+00   2.0544e-02   4.0366e+02
20260320_00:00:00   1.2081e-01   3.2068e+01   7.1424e+00   0.0000e+00   5.4941e-03   4.0455e+02
20260320_03:00:00   1.2485e-01   3.3024e+01   7.5912e+00   0.0000e+00   1.5942e-04   3.9610e+02
20260320_06:00:00   1.3885e-01   3.6191e+01   9.6721e+00   0.0000e+00   4.2872e-03   3.9154e+02
20260320_09:00:00   1.4697e-01   3.8030e+01   1.0465e+01   0.0000e+00   1.9791e-01   3.9938e+02
20260320_12:00:00   1.4168e-01   3.6932e+01   9.7246e+00   0.0000e+00   1.6242e-02   4.0852e+02
20260320_15:00:00   1.4710e-01   3.8282e+01   9.6451e+00   4.0858e-03   1.7752e-01   4.2520e+02
20260320_18:00:00   1.6887e-01   4.3392e+01   9.4362e+00   3.0922e-02   3.7773e-02   4.2772e+02
20260320_21:00:00   1.7058e-01   4.4150e+01   8.4529e+00   3.7158e-02   4.7710e-02   4.3006e+02
20260321_00:00:00   2.0293e-01   5.1304e+01   7.7463e+00   8.1876e-02   7.4271e-03   4.1761e+02
20260321_03:00:00   1.1649e-01   3.1561e+01   6.4428e+00   4.3660e-04   1.1619e-04   4.0358e+02
20260321_06:00:00   1.1714e-01   3.1588e+01   7.2167e+00   0.0000e+00   1.4219e-02   4.0446e+02
20260321_09:00:00   1.2770e-01   3.3993e+01   8.7948e+00   0.0000e+00   1.3840e-02   3.9283e+02
20260321_12:00:00   1.2257e-01   3.2875e+01   8.0088e+00   0.0000e+00   5.8755e-06   3.8920e+02
20260321_15:00:00   1.2644e-01   3.3905e+01   8.6952e+00   0.0000e+00   9.2032e-05   3.7267e+02
20260321_18:00:00   1.3167e-01   3.5242e+01   9.9339e+00   0.0000e+00   2.2162e-03   3.5349e+02
20260321_21:00:00   1.5378e-01   4.0478e+01   1.2981e+01   0.0000e+00   6.9508e-03   3.3657e+02
20260322_00:00:00   1.7044e-01   4.4419e+01   1.4279e+01   1.0256e-05   6.9396e-02   3.1905e+02
20260322_03:00:00   9.4911e-01   1.6814e+02   1.7598e+01   8.4548e-01   1.8460e-02   3.1709e+02
20260322_06:00:00   3.0374e-01   7.3502e+01   1.8351e+01   1.1011e-01   3.1037e-05   3.1148e+02
20260322_09:00:00   2.2771e-01   5.7799e+01   1.8703e+01   2.0958e-02   6.4040e-07   3.0778e+02
20260322_12:00:00   2.3295e-01   5.9160e+01   1.9280e+01   2.7201e-02   1.6422e-04   3.0239e+02
20260322_15:00:00   2.0987e-01   5.4617e+01   1.9568e+01   0.0000e+00   2.0977e-03   2.9939e+02
20260322_18:00:00   2.1422e-01   5.6086e+01   2.0286e+01   0.0000e+00   8.7284e-04   3.0062e+02
20260322_21:00:00   2.1341e-01   5.6306e+01   1.9706e+01   0.0000e+00   2.2945e-03   3.0010e+02
20260323_00:00:00   2.0915e-01   5.5459e+01   1.8590e+01   0.0000e+00   4.0040e-07   3.0046e+02
20260323_03:00:00   2.0778e-01   5.5181e+01   1.8034e+01   0.0000e+00   2.6226e-03   2.9800e+02
20260323_06:00:00   2.1730e-01   5.7275e+01   1.8870e+01   0.0000e+00   8.6177e-04   2.9630e+02
20260323_09:00:00   2.1264e-01   5.6144e+01   1.8398e+01   0.0000e+00   7.6241e-03   2.9745e+02
20260323_12:00:00   2.0500e-01   5.4391e+01   1.7746e+01   0.0000e+00   3.6446e-03   2.9854e+02
20260323_15:00:00   2.1045e-01   5.5717e+01   1.8325e+01   0.0000e+00   5.9017e-04   2.9724e+02
20260323_18:00:00   2.1285e-01   5.6303e+01   1.9335e+01   0.0000e+00   1.5778e-05   2.9604e+02
20260323_21:00:00   2.3913e-01   6.2092e+01   2.2114e+01   0.0000e+00   2.1660e-05   2.9997e+02
20260324_00:00:00   2.5285e-01   6.4870e+01   2.3807e+01   0.0000e+00   8.6547e-04   2.9895e+02
20260324_03:00:00   3.6018e-01   8.5850e+01   2.6599e+01   8.9134e-02   3.0420e-04   2.9933e+02
20260324_06:00:00   2.9930e-01   7.4254e+01   2.7341e+01   6.0723e-03   1.2167e-03   3.0324e+02
20260324_09:00:00   3.0809e-01   7.5733e+01   2.3749e+01   5.9843e-02   1.2006e-03   3.0596e+02
20260324_12:00:00   2.8362e-01   7.0300e+01   2.4103e+01   2.6477e-02   1.9712e-03   3.0652e+02
20260324_15:00:00   3.9804e-01   9.3078e+01   2.3862e+01   1.6437e-01   1.9492e-04   3.0548e+02
20260324_18:00:00   4.8328e-01   1.0855e+02   2.3292e+01   2.7037e-01   3.4760e-07   3.0511e+02
20260324_21:00:00   2.9253e-01   7.2618e+01   2.0821e+01   6.4225e-02   0.0000e+00   3.0893e+02
20260325_00:00:00   2.6494e-01   6.6592e+01   2.3397e+01   1.5548e-02   6.3082e-04   3.1230e+02
20260325_03:00:00   8.2165e-01   1.5519e+02   2.5940e+01   6.2334e-01   1.7156e-02   3.2280e+02
20260325_06:00:00   2.7273e-01   6.8420e+01   2.5383e+01   3.4592e-04   2.4670e-03   3.2282e+02
20260325_09:00:00   3.8597e-01   9.0885e+01   2.4285e+01   1.4195e-01   3.0054e-03   3.2983e+02
20260325_12:00:00   7.6693e-01   1.4815e+02   2.3029e+01   5.8873e-01   1.3651e-02   3.3243e+02
20260325_15:00:00   1.6059e+00   2.1920e+02   2.2009e+01   1.5507e+00   1.0295e-01   3.3264e+02
20260325_18:00:00   1.1613e+00   1.8783e+02   2.1444e+01   1.0551e+00   6.1498e-01   3.4217e+02
20260325_21:00:00   2.6996e-01   6.5449e+01   1.8448e+01   7.4276e-02   8.2689e-01   3.4622e+02
20260326_00:00:00   1.5125e-01   3.9283e+01   1.2188e+01   7.0130e-04   2.7908e-01   3.6349e+02
20260326_03:00:00   9.8875e-02   2.7000e+01   4.4029e+00   0.0000e+00   2.0049e-04   3.9272e+02
20260326_06:00:00   1.0621e-01   2.8463e+01   5.0746e+00   0.0000e+00   7.9352e-04   4.2701e+02
20260326_09:00:00   1.1496e-01   3.0232e+01   5.5068e+00   6.1800e-03   2.1753e-02   4.5104e+02
20260326_12:00:00   9.5236e-02   2.5693e+01   3.4684e+00   0.0000e+00   1.1215e-03   4.6695e+02
20260326_15:00:00   9.2256e-02   2.4984e+01   3.0441e+00   0.0000e+00   4.0525e-04   4.8083e+02
20260326_18:00:00   9.4410e-02   2.5464e+01   3.2742e+00   1.4694e-05   1.4468e-03   4.7336e+02
20260326_21:00:00   9.6257e-02   2.5864e+01   3.4720e+00   0.0000e+00   7.6702e-04   4.6816e+02
20260327_00:00:00   9.7577e-02   2.6116e+01   3.4816e+00   0.0000e+00   1.1138e-05   4.5216e+02
20260327_03:00:00   9.7420e-02   2.6068e+01   3.3438e+00   0.0000e+00   1.6014e-04   4.4242e+02
20260327_06:00:00   9.6134e-02   2.5796e+01   3.1697e+00   0.0000e+00   6.8266e-05   4.3477e+02
20260327_09:00:00   9.7603e-02   2.6138e+01   3.4304e+00   0.0000e+00   1.0895e-05   4.2941e+02
20260327_12:00:00   9.7717e-02   2.6150e+01   3.4368e+00   0.0000e+00   5.0989e-06   4.4351e+02
20260327_15:00:00   9.6396e-02   2.5902e+01   3.3148e+00   0.0000e+00   1.4336e-05   4.5435e+02
20260327_18:00:00   9.5008e-02   2.5696e+01   3.1671e+00   0.0000e+00   2.7080e-05   4.6280e+02
20260327_21:00:00   9.7172e-02   2.6297e+01   3.6071e+00   0.0000e+00   7.0025e-05   4.3084e+02
20260328_00:00:00   1.0139e-01   2.7361e+01   4.3246e+00   0.0000e+00   3.9180e-06   3.9856e+02
