#            date       tau255        Tb[K]      pwv[mm] lwp[kg*m^-2] iwp[kg*m^-2]       o3[DU]
20260327_06:00:00   5.8343e-01   1.2253e+02   2.4058e+01   3.7872e-01   1.4958e-02   2.8812e+02
20260327_07:00:00   5.8590e-01   1.2272e+02   2.2408e+01   3.9389e-01   3.7474e-03   2.8505e+02
20260327_08:00:00   4.6285e-01   1.0352e+02   2.0480e+01   2.7792e-01   4.8264e-03   2.8478e+02
20260327_09:00:00   6.0426e-01   1.2556e+02   1.7740e+01   4.6048e-01   3.8597e-03   2.8775e+02
20260327_10:00:00   3.5373e-01   8.2705e+01   1.5455e+01   1.9400e-01   6.1421e-04   2.9029e+02
20260327_11:00:00   1.6426e-01   4.2967e+01   1.3318e+01   2.5954e-03   1.5122e-02   2.9073e+02
20260327_12:00:00   1.3307e-01   3.5587e+01   9.8890e+00   4.1070e-05   1.9944e-02   2.9020e+02
20260327_13:00:00   1.1407e-01   3.0970e+01   7.2614e+00   0.0000e+00   4.2578e-02   2.9049e+02
20260327_14:00:00   1.0657e-01   2.9094e+01   6.1849e+00   0.0000e+00   5.3151e-02   2.9256e+02
20260327_15:00:00   1.0124e-01   2.7792e+01   5.3763e+00   0.0000e+00   8.0745e-03   2.9355e+02
20260327_16:00:00   9.6679e-02   2.6667e+01   4.7691e+00   0.0000e+00   5.7238e-03   2.9490e+02
20260327_17:00:00   8.9650e-02   2.4988e+01   3.7999e+00   0.0000e+00   1.0897e-03   3.0045e+02
20260327_18:00:00   8.6876e-02   2.4297e+01   3.4490e+00   0.0000e+00   1.7431e-02   3.0061e+02
20260327_19:00:00   8.8072e-02   2.4538e+01   3.6571e+00   0.0000e+00   9.3839e-02   3.0039e+02
20260327_20:00:00   8.7175e-02   2.4321e+01   3.4726e+00   0.0000e+00   3.8587e-02   3.0133e+02
20260327_21:00:00   8.5559e-02   2.3931e+01   3.1183e+00   0.0000e+00   9.9981e-03   3.0557e+02
20260327_22:00:00   8.5260e-02   2.3849e+01   2.9116e+00   0.0000e+00   4.2800e-04   3.0618e+02
20260327_23:00:00   8.4693e-02   2.3697e+01   2.6603e+00   0.0000e+00   0.0000e+00   3.0629e+02
20260328_00:00:00   8.6080e-02   2.3992e+01   2.7655e+00   0.0000e+00   0.0000e+00   3.0907e+02
20260328_01:00:00   8.7745e-02   2.4349e+01   2.9621e+00   0.0000e+00   0.0000e+00   3.0762e+02
20260328_02:00:00   9.0644e-02   2.4977e+01   3.2872e+00   0.0000e+00   0.0000e+00   3.1413e+02
20260328_03:00:00   9.3459e-02   2.5580e+01   3.5505e+00   0.0000e+00   0.0000e+00   3.2167e+02
20260328_04:00:00   9.5362e-02   2.5969e+01   3.6837e+00   0.0000e+00   0.0000e+00   3.2243e+02
20260328_05:00:00   9.6008e-02   2.6075e+01   3.6537e+00   0.0000e+00   0.0000e+00   3.2528e+02
20260328_06:00:00   9.5277e-02   2.5864e+01   3.4828e+00   0.0000e+00   0.0000e+00   3.3409e+02
20260328_07:00:00   9.4754e-02   2.5688e+01   3.3708e+00   0.0000e+00   4.0540e-07   3.4235e+02
20260328_08:00:00   9.3970e-02   2.5451e+01   3.2396e+00   0.0000e+00   3.8567e-05   3.4602e+02
20260328_09:00:00   9.3006e-02   2.5180e+01   3.0759e+00   0.0000e+00   8.1126e-06   3.6361e+02
20260328_10:00:00   9.4137e-02   2.5382e+01   3.1692e+00   0.0000e+00   3.9006e-06   3.7625e+02
20260328_11:00:00   9.6457e-02   2.5859e+01   3.4186e+00   0.0000e+00   4.9681e-04   3.7826e+02
20260328_12:00:00   9.8139e-02   2.6197e+01   3.5988e+00   0.0000e+00   1.0091e-02   3.8129e+02
20260328_13:00:00   1.0015e-01   2.6628e+01   3.7852e+00   0.0000e+00   3.4227e-03   3.8931e+02
20260328_14:00:00   1.0601e-01   2.7958e+01   3.7019e+00   7.0240e-03   2.5801e-03   4.0026e+02
20260328_15:00:00   1.2576e-01   3.2299e+01   3.5842e+00   3.1800e-02   8.5437e-03   4.0766e+02
20260328_16:00:00   1.0885e-01   2.8531e+01   3.4882e+00   1.3239e-02   1.7388e-02   4.2042e+02
20260328_17:00:00   1.3301e-01   3.3747e+01   3.3297e+00   4.4800e-02   4.4278e-02   4.3306e+02
20260328_18:00:00   1.0723e-01   2.8142e+01   3.3297e+00   1.3510e-02   5.8438e-02   4.3824e+02
20260328_19:00:00   1.2653e-01   3.2306e+01   3.4041e+00   3.7358e-02   7.9243e-02   4.6172e+02
20260328_20:00:00   1.0136e-01   2.6933e+01   3.8135e+00   8.5580e-04   7.8538e-02   4.7864e+02
20260328_21:00:00   1.3280e-01   3.3678e+01   3.6472e+00   4.3116e-02   9.3768e-02   5.0490e+02
20260328_22:00:00   1.0892e-01   2.8620e+01   4.0073e+00   8.8500e-03   3.2190e-02   5.1651e+02
20260328_23:00:00   1.0729e-01   2.8374e+01   4.5508e+00   0.0000e+00   2.1942e-02   5.1750e+02
20260329_00:00:00   1.0327e-01   2.7453e+01   4.0741e+00   0.0000e+00   5.9406e-04   5.1561e+02
20260329_01:00:00   9.9380e-02   2.6542e+01   3.6051e+00   0.0000e+00   8.1570e-06   5.0941e+02
20260329_02:00:00   1.0002e-01   2.6698e+01   3.5940e+00   0.0000e+00   1.3813e-05   4.9833e+02
20260329_03:00:00   9.8043e-02   2.6243e+01   3.3831e+00   0.0000e+00   3.5317e-05   4.8559e+02
20260329_04:00:00   9.6789e-02   2.5938e+01   3.3267e+00   0.0000e+00   5.5789e-04   4.8380e+02
20260329_05:00:00   9.8594e-02   2.6339e+01   3.6712e+00   0.0000e+00   2.4181e-03   4.8040e+02
20260329_06:00:00   1.0136e-01   2.6974e+01   4.1188e+00   0.0000e+00   4.3891e-03   4.7082e+02
20260329_07:00:00   1.0585e-01   2.8012e+01   4.7236e+00   0.0000e+00   4.6319e-03   4.6637e+02
20260329_08:00:00   1.0783e-01   2.8499e+01   4.9859e+00   0.0000e+00   1.8287e-03   4.6427e+02
20260329_09:00:00   1.0934e-01   2.8888e+01   5.1519e+00   0.0000e+00   3.9197e-05   4.6298e+02
20260329_10:00:00   1.1015e-01   2.9118e+01   5.2642e+00   0.0000e+00   3.8598e-05   4.5726e+02
20260329_11:00:00   1.1210e-01   2.9593e+01   5.5214e+00   0.0000e+00   3.2437e-05   4.5761e+02
20260329_12:00:00   1.1457e-01   3.0200e+01   5.8167e+00   0.0000e+00   4.5340e-05   4.5136e+02
20260329_13:00:00   1.1704e-01   3.0831e+01   6.1284e+00   0.0000e+00   2.0295e-03   4.4479e+02
20260329_14:00:00   1.1866e-01   3.1279e+01   6.3259e+00   0.0000e+00   1.3091e-02   4.4134e+02
20260329_15:00:00   1.1668e-01   3.0886e+01   6.2091e+00   0.0000e+00   3.8728e-03   4.3549e+02
20260329_16:00:00   1.1308e-01   3.0110e+01   5.8734e+00   0.0000e+00   1.7838e-04   4.2947e+02
20260329_17:00:00   1.1166e-01   2.9825e+01   5.8594e+00   2.4020e-06   1.6439e-03   4.2525e+02
20260329_18:00:00   1.1386e-01   3.0371e+01   6.2699e+00   1.4956e-05   1.9387e-02   4.2286e+02
20260329_19:00:00   1.1824e-01   3.1445e+01   6.8346e+00   3.5340e-04   3.5048e-02   4.1363e+02
20260329_20:00:00   1.2064e-01   3.2087e+01   7.2417e+00   1.0522e-04   1.3098e-02   4.0941e+02
20260329_21:00:00   1.2395e-01   3.2936e+01   7.7153e+00   0.0000e+00   1.5611e-02   4.1432e+02
20260329_22:00:00   1.2660e-01   3.3588e+01   8.1089e+00   0.0000e+00   3.7098e-02   4.1953e+02
20260329_23:00:00   1.2870e-01   3.4124e+01   8.3826e+00   0.0000e+00   3.1757e-02   4.2067e+02
20260330_00:00:00   1.2984e-01   3.4432e+01   8.5151e+00   0.0000e+00   3.5659e-02   4.1992e+02
20260330_01:00:00   1.2978e-01   3.4462e+01   8.4854e+00   0.0000e+00   2.7373e-02   4.1847e+02
20260330_02:00:00   1.2915e-01   3.4336e+01   8.4398e+00   0.0000e+00   2.0547e-02   4.1647e+02
20260330_03:00:00   1.2921e-01   3.4375e+01   8.4833e+00   0.0000e+00   2.4483e-02   4.1264e+02
20260330_04:00:00   1.3106e-01   3.4817e+01   8.7881e+00   0.0000e+00   3.5571e-02   4.0855e+02
20260330_05:00:00   1.3458e-01   3.5641e+01   9.3191e+00   0.0000e+00   3.3786e-02   4.0220e+02
20260330_06:00:00   1.3932e-01   3.6759e+01   9.9343e+00   0.0000e+00   6.9148e-02   3.9941e+02
20260330_07:00:00   1.4349e-01   3.7750e+01   1.0511e+01   0.0000e+00   8.5732e-03   3.9775e+02
20260330_08:00:00   1.4641e-01   3.8432e+01   1.0899e+01   0.0000e+00   1.7752e-02   3.9555e+02
20260330_09:00:00   1.4925e-01   3.9130e+01   1.1246e+01   0.0000e+00   6.9400e-03   3.9580e+02
20260330_10:00:00   1.4804e-01   3.8889e+01   1.1195e+01   0.0000e+00   1.3636e-03   3.9452e+02
20260330_11:00:00   1.4419e-01   3.8017e+01   1.0874e+01   0.0000e+00   3.6586e-03   3.9323e+02
20260330_12:00:00   1.4632e-01   3.8508e+01   1.1310e+01   0.0000e+00   1.8294e-02   3.9041e+02
20260330_13:00:00   1.4935e-01   3.9255e+01   1.1796e+01   0.0000e+00   2.6543e-02   3.8977e+02
20260330_14:00:00   1.5386e-01   4.0374e+01   1.2401e+01   0.0000e+00   3.8117e-02   3.8793e+02
20260330_15:00:00   1.5799e-01   4.1396e+01   1.2775e+01   0.0000e+00   2.7314e-01   3.8666e+02
20260330_16:00:00   1.6209e-01   4.2379e+01   1.3384e+01   0.0000e+00   1.5813e-01   3.8536e+02
20260330_17:00:00   1.8124e-01   4.6827e+01   1.5547e+01   0.0000e+00   4.9897e-02   3.8232e+02
20260330_18:00:00   2.3072e-01   5.7895e+01   1.8058e+01   3.0875e-02   1.1794e-01   3.8277e+02
20260330_19:00:00   2.4062e-01   6.0111e+01   1.9192e+01   2.9960e-02   1.4357e-01   3.8288e+02
20260330_20:00:00   2.5313e-01   6.2835e+01   1.9684e+01   3.8840e-02   1.1808e-01   3.8244e+02
20260330_21:00:00   2.5343e-01   6.2973e+01   1.9709e+01   3.8105e-02   4.8968e-02   3.8005e+02
20260330_22:00:00   2.8774e-01   7.0255e+01   1.8773e+01   8.6008e-02   3.1682e-03   3.8070e+02
20260330_23:00:00   2.7153e-01   6.6868e+01   1.8684e+01   6.8240e-02   9.3587e-03   3.7746e+02
20260331_00:00:00   2.2757e-01   5.7487e+01   1.9057e+01   1.4543e-02   1.8503e-03   3.7421e+02
20260331_01:00:00   2.3170e-01   5.8427e+01   1.9119e+01   1.8457e-02   2.3097e-03   3.7347e+02
20260331_02:00:00   2.4685e-01   6.1641e+01   1.9594e+01   2.9806e-02   2.2502e-03   3.7063e+02
20260331_03:00:00   2.3579e-01   5.9305e+01   2.0231e+01   1.1296e-02   4.0841e-03   3.7213e+02
20260331_04:00:00   2.4599e-01   6.1441e+01   2.0902e+01   1.6984e-02   6.6198e-03   3.7158e+02
20260331_05:00:00   3.6126e-01   8.4344e+01   2.2251e+01   1.3398e-01   1.1336e-02   3.7108e+02
20260331_06:00:00   6.1813e-01   1.2713e+02   2.2189e+01   4.2328e-01   1.8383e-02   3.7225e+02
20260331_07:00:00   3.7998e-01   8.8072e+01   2.2522e+01   1.5095e-01   9.3471e-03   3.6921e+02
20260331_08:00:00   5.8822e-01   1.2240e+02   2.3153e+01   3.7895e-01   1.0312e-02   3.6473e+02
20260331_09:00:00   3.0200e-01   7.3067e+01   2.3525e+01   5.3218e-02   3.8038e-03   3.6292e+02
20260331_10:00:00   5.7682e-01   1.2141e+02   2.4675e+01   3.5340e-01   1.9244e-02   3.6229e+02
20260331_11:00:00   2.8064e-01   6.9042e+01   2.4827e+01   1.8640e-02   7.9687e-02   3.6142e+02
20260331_12:00:00   3.0424e-01   7.4065e+01   2.5126e+01   4.2484e-02   4.5969e-03   3.6193e+02
20260331_13:00:00   3.6359e-01   8.5968e+01   2.6406e+01   9.9376e-02   1.5064e-01   3.6323e+02
20260331_14:00:00   3.6442e-01   8.6115e+01   2.7131e+01   9.1639e-02   3.2855e-01   3.6190e+02
20260331_15:00:00   3.5711e-01   8.4937e+01   2.7771e+01   7.7836e-02   5.0761e-01   3.6120e+02
20260331_16:00:00   6.8518e-01   1.3818e+02   2.9218e+01   4.3491e-01   1.0094e+00   3.6366e+02
20260331_17:00:00   2.7674e-01   6.8879e+01   2.6433e+01   5.4922e-03   5.1927e-01   3.6243e+02
20260331_18:00:00   3.3736e-01   8.1486e+01   2.8502e+01   5.0104e-02   4.8933e-02   3.5817e+02
20260331_19:00:00   8.6724e-01   1.6153e+02   3.1205e+01   6.2391e-01   1.9112e-01   3.5487e+02
20260331_20:00:00   4.8634e-01   1.0926e+02   3.0185e+01   2.0558e-01   1.6762e-02   3.5545e+02
20260331_21:00:00   3.8480e-01   9.0824e+01   3.0416e+01   8.0349e-02   1.4815e-02   3.5412e+02
20260331_22:00:00   4.4478e-01   1.0208e+02   3.2101e+01   1.3513e-01   2.7789e-02   3.4948e+02
20260331_23:00:00   4.0025e-01   9.3720e+01   3.1720e+01   8.3588e-02   1.6884e-02   3.4929e+02
20260401_00:00:00   1.0957e+00   1.8764e+02   3.2106e+01   8.9639e-01   9.4103e-03   3.5041e+02
20260401_01:00:00   7.3564e-01   1.4702e+02   3.1961e+01   4.7173e-01   1.8981e-03   3.4816e+02
20260401_02:00:00   3.4261e-01   8.2959e+01   3.1870e+01   1.5018e-02   1.5152e-03   3.4582e+02
20260401_03:00:00   3.2503e-01   7.9477e+01   3.1446e+01   1.3804e-03   2.3374e-03   3.4603e+02
20260401_04:00:00   3.8907e-01   9.2100e+01   2.9693e+01   9.7200e-02   3.0192e-03   3.4315e+02
20260401_05:00:00   2.8865e-01   7.2329e+01   2.7236e+01   1.9202e-03   2.6765e-03   3.4165e+02
20260401_06:00:00   2.8555e-01   7.1689e+01   2.7715e+01   0.0000e+00   7.3520e-03   3.3982e+02
20260401_09:00:00   2.2621e-01   5.8885e+01   2.1236e+01   0.0000e+00   1.6410e-03   3.3545e+02
20260401_12:00:00   2.0299e-01   5.3699e+01   1.8098e+01   0.0000e+00   5.3350e-03   3.3452e+02
20260401_15:00:00   2.3070e-01   6.0200e+01   2.1179e+01   8.3700e-05   2.6562e-03   3.3295e+02
20260401_18:00:00   2.6338e-01   6.7488e+01   2.4702e+01   0.0000e+00   5.5840e-04   3.2954e+02
20260401_21:00:00   4.9790e-01   1.1166e+02   3.2322e+01   1.9725e-01   4.7476e-04   3.3260e+02
20260402_00:00:00   6.9135e-01   1.3881e+02   2.9127e+01   4.5597e-01   1.7099e-01   3.2625e+02
20260402_03:00:00   1.6967e-01   4.4567e+01   1.5111e+01   1.5043e-03   1.1073e-01   3.3287e+02
20260402_06:00:00   1.1299e-01   3.1157e+01   6.6638e+00   3.5440e-06   3.3181e-02   3.4470e+02
20260402_09:00:00   1.1243e-01   3.0840e+01   6.1510e+00   2.9305e-03   3.6754e-02   3.5956e+02
20260402_12:00:00   9.7860e-02   2.7194e+01   4.6426e+00   0.0000e+00   2.7149e-02   3.6525e+02
20260402_15:00:00   9.6973e-02   2.7003e+01   4.6096e+00   0.0000e+00   0.0000e+00   3.7270e+02
20260402_18:00:00   1.0505e-01   2.9017e+01   5.8528e+00   0.0000e+00   2.1494e-04   3.6633e+02
20260402_21:00:00   1.0816e-01   2.9791e+01   6.4004e+00   0.0000e+00   2.7940e-02   3.6319e+02
20260403_00:00:00   1.0371e-01   2.8674e+01   5.8217e+00   0.0000e+00   8.1990e-03   3.6651e+02
20260403_03:00:00   1.0930e-01   2.9958e+01   6.5265e+00   0.0000e+00   3.3114e-02   3.6625e+02
20260403_06:00:00   1.2070e-01   3.2611e+01   7.8855e+00   0.0000e+00   3.2997e-02   3.7338e+02
20260403_09:00:00   1.2379e-01   3.3239e+01   8.3517e+00   0.0000e+00   3.5959e-02   3.7282e+02
20260403_12:00:00   1.4470e-01   3.8005e+01   9.4680e+00   1.3000e-02   9.4266e-02   3.6758e+02
20260403_15:00:00   1.4073e-01   3.7075e+01   1.0470e+01   3.8008e-03   8.2372e-02   3.6071e+02
20260403_18:00:00   1.4801e-01   3.8747e+01   1.2210e+01   2.4978e-06   2.5681e-01   3.4902e+02
20260403_21:00:00   1.6762e-01   4.3209e+01   1.4586e+01   2.3224e-04   5.5335e-01   3.4449e+02
20260404_00:00:00   3.5906e-01   8.2676e+01   1.8838e+01   1.7367e-01   6.6896e-01   3.4236e+02
20260404_03:00:00   5.5921e-01   1.1696e+02   2.0375e+01   3.8285e-01   6.4173e-01   3.4524e+02
20260404_06:00:00   7.6066e-01   1.4525e+02   2.0708e+01   6.0568e-01   7.6405e-01   3.5541e+02
20260404_09:00:00   1.2455e+00   1.9409e+02   2.0415e+01   1.1547e+00   2.8754e-01   3.6312e+02
20260404_12:00:00   1.0247e+00   1.7541e+02   2.1286e+01   9.0098e-01   4.7791e-02   3.6619e+02
20260404_15:00:00   1.3682e+00   2.0400e+02   1.8266e+01   1.3151e+00   1.8136e-03   3.5884e+02
20260404_18:00:00   9.0474e-01   1.6346e+02   1.6869e+01   8.0501e-01   1.0550e-02   3.5558e+02
20260404_21:00:00   1.0529e+00   1.7888e+02   2.7866e+01   8.8177e-01   1.2224e-01   3.5106e+02
20260405_00:00:00   1.2060e+00   1.9350e+02   2.9778e+01   1.0430e+00   4.6858e-01   3.4365e+02
20260405_03:00:00   1.3343e+00   2.0360e+02   2.8548e+01   1.2019e+00   7.7428e-02   3.4717e+02
20260405_06:00:00   2.5181e-01   6.3142e+01   1.9141e+01   5.1716e-02   1.2823e-01   3.5801e+02
20260405_09:00:00   1.4531e-01   3.8913e+01   7.9062e+00   2.5605e-02   1.9056e-02   3.6260e+02
20260405_12:00:00   1.1125e-01   3.0682e+01   6.3653e+00   7.0880e-06   7.9540e-04   3.5586e+02
20260405_15:00:00   1.1313e-01   3.1022e+01   6.2435e+00   1.3846e-04   1.5362e-05   3.6125e+02
20260405_18:00:00   1.1610e-01   3.1641e+01   6.3934e+00   0.0000e+00   1.0338e-04   3.6556e+02
20260405_21:00:00   1.2302e-01   3.3094e+01   7.1953e+00   0.0000e+00   1.1474e-05   3.8482e+02
20260406_00:00:00   1.1540e-01   3.1047e+01   6.3028e+00   0.0000e+00   7.7790e-06   4.1209e+02
20260406_03:00:00   1.1382e-01   3.0535e+01   5.8966e+00   1.5384e-05   1.7914e-03   4.2044e+02
20260406_06:00:00   1.0877e-01   2.9191e+01   5.0631e+00   0.0000e+00   4.4177e-04   4.3055e+02
20260406_09:00:00   1.0280e-01   2.7678e+01   4.1234e+00   0.0000e+00   1.0255e-03   4.2537e+02
20260406_12:00:00   9.0955e-02   2.4907e+01   2.7670e+00   0.0000e+00   9.0560e-06   4.2099e+02
20260406_15:00:00   9.2252e-02   2.5360e+01   3.2362e+00   0.0000e+00   0.0000e+00   4.1287e+02
20260406_18:00:00   1.0417e-01   2.8291e+01   5.0734e+00   0.0000e+00   3.2460e-05   3.8901e+02
20260406_21:00:00   1.1651e-01   3.1370e+01   6.8553e+00   0.0000e+00   0.0000e+00   3.7842e+02
20260407_00:00:00   1.2120e-01   3.2582e+01   7.6302e+00   0.0000e+00   2.9960e-06   3.7200e+02
20260407_03:00:00   1.3389e-01   3.5591e+01   9.5896e+00   0.0000e+00   3.6670e-04   3.6660e+02
20260407_06:00:00   1.5796e-01   4.1209e+01   1.2761e+01   0.0000e+00   9.7831e-03   3.6234e+02
20260407_09:00:00   1.5700e-01   4.1085e+01   1.2657e+01   0.0000e+00   2.2594e-02   3.6249e+02
20260407_12:00:00   1.5685e-01   4.0993e+01   1.2867e+01   0.0000e+00   1.0016e-01   3.7492e+02
20260407_15:00:00   1.3547e-01   3.6090e+01   1.0455e+01   0.0000e+00   8.0744e-03   3.8321e+02
20260407_18:00:00   1.8707e-01   4.8110e+01   1.6890e+01   5.1166e-04   1.0662e-01   3.8806e+02
20260407_21:00:00   6.7930e-01   1.3579e+02   2.3047e+01   4.9026e-01   5.6626e-01   3.7539e+02
20260408_00:00:00   8.1354e-01   1.5390e+02   2.5433e+01   6.2264e-01   4.2700e-01   3.6189e+02
20260408_03:00:00   1.0339e+00   1.7824e+02   2.6665e+01   8.6235e-01   4.5347e-01   3.4249e+02
20260408_06:00:00   1.1108e+00   1.8653e+02   2.5490e+01   9.6602e-01   7.2621e-03   3.4387e+02
20260408_09:00:00   5.9677e-01   1.2719e+02   2.6831e+01   3.8091e-01   9.9061e-04   3.2075e+02
20260408_12:00:00   4.4572e-01   1.0251e+02   2.5072e+01   2.1194e-01   2.4038e-02   3.1627e+02
20260408_15:00:00   3.8195e-01   9.0757e+01   2.6680e+01   1.2974e-01   7.9308e-02   3.0933e+02
20260408_18:00:00   4.1902e-01   9.7861e+01   2.7748e+01   1.6584e-01   2.4202e-01   3.0645e+02
20260408_21:00:00   3.5345e-01   8.5303e+01   2.8062e+01   7.6702e-02   9.8489e-02   3.1544e+02
20260409_00:00:00   3.6047e-01   8.6593e+01   2.7511e+01   9.4008e-02   1.4628e-02   3.2103e+02
20260409_03:00:00   1.1887e+00   1.9190e+02   2.8948e+01   1.0184e+00   6.5304e-01   3.2780e+02
20260409_06:00:00   5.6997e-01   1.1870e+02   2.1639e+01   3.8538e-01   4.8953e-01   3.4177e+02
20260409_09:00:00   1.2257e-01   3.3120e+01   7.3873e+00   1.0659e-03   7.3622e-04   3.8052e+02
20260409_12:00:00   1.0841e-01   2.9389e+01   5.7898e+00   0.0000e+00   4.8375e-05   3.9458e+02
20260409_15:00:00   1.0498e-01   2.8448e+01   5.0740e+00   3.5800e-04   6.0322e-04   3.9791e+02
20260409_18:00:00   1.0881e-01   2.9263e+01   4.3654e+00   8.4080e-03   9.0696e-03   4.0960e+02
20260409_21:00:00   9.9795e-02   2.7127e+01   4.0065e+00   0.0000e+00   1.0175e-03   4.1741e+02
20260410_00:00:00   9.2242e-02   2.5271e+01   2.9899e+00   0.0000e+00   5.5866e-06   4.1836e+02
20260410_03:00:00   9.3909e-02   2.5663e+01   3.0741e+00   0.0000e+00   7.2940e-05   4.2164e+02
20260410_06:00:00   8.9758e-02   2.4708e+01   2.6856e+00   0.0000e+00   5.5927e-06   4.1295e+02
20260410_09:00:00   9.1022e-02   2.5001e+01   3.0674e+00   0.0000e+00   3.0568e-06   4.0092e+02
20260410_12:00:00   9.2416e-02   2.5357e+01   3.4505e+00   0.0000e+00   0.0000e+00   3.8494e+02
20260410_15:00:00   1.0197e-01   2.7697e+01   4.9894e+00   0.0000e+00   4.0780e-06   3.7618e+02
20260410_18:00:00   1.0743e-01   2.9161e+01   5.8636e+00   0.0000e+00   8.1570e-06   3.7985e+02
20260410_21:00:00   1.2152e-01   3.2666e+01   7.7404e+00   0.0000e+00   0.0000e+00   3.8060e+02
20260411_00:00:00   1.3472e-01   3.5870e+01   9.4507e+00   0.0000e+00   8.1570e-06   3.8018e+02
20260411_03:00:00   1.4082e-01   3.7357e+01   1.0448e+01   0.0000e+00   1.7693e-03   3.8008e+02
20260411_06:00:00   1.5093e-01   3.9670e+01   1.2113e+01   0.0000e+00   2.5653e-04   3.6969e+02
20260411_09:00:00   1.4594e-01   3.8568e+01   1.1606e+01   0.0000e+00   3.3396e-03   3.7021e+02
20260411_12:00:00   1.4488e-01   3.8345e+01   1.1651e+01   0.0000e+00   2.9160e-02   3.6893e+02
20260411_15:00:00   1.3716e-01   3.6703e+01   1.0630e+01   0.0000e+00   4.6566e-03   3.6672e+02
20260411_18:00:00   1.2244e-01   3.3504e+01   8.2529e+00   0.0000e+00   8.9159e-03   3.7209e+02
20260411_21:00:00   1.3675e-01   3.6955e+01   1.0048e+01   0.0000e+00   1.0648e-02   3.7259e+02
20260412_00:00:00   1.5362e-01   4.0829e+01   1.2429e+01   0.0000e+00   2.3454e-04   3.5299e+02
20260412_03:00:00   1.6098e-01   4.2594e+01   1.2918e+01   4.8260e-06   2.1800e-03   3.5410e+02
20260412_06:00:00   1.9727e-01   5.0958e+01   1.5774e+01   1.4095e-02   1.1867e-02   3.4672e+02
