#            date       tau255        Tb[K]      pwv[mm] lwp[kg*m^-2] iwp[kg*m^-2]       o3[DU]
20260712_18:00:00   2.1176e-01   5.6193e+01   1.9512e+01   0.0000e+00   0.0000e+00   3.5902e+02
20260712_19:00:00   2.1193e-01   5.6267e+01   1.9795e+01   0.0000e+00   0.0000e+00   3.5858e+02
20260712_20:00:00   2.1396e-01   5.6725e+01   2.0276e+01   0.0000e+00   1.6012e-06   3.5989e+02
20260712_21:00:00   2.1877e-01   5.7788e+01   2.1030e+01   2.3240e-04   0.0000e+00   3.6041e+02
20260712_22:00:00   2.3387e-01   6.1121e+01   2.1557e+01   1.3792e-02   8.1520e-05   3.5796e+02
20260712_23:00:00   2.4327e-01   6.3197e+01   2.1422e+01   2.6040e-02   1.9586e-04   3.5723e+02
20260713_00:00:00   2.2137e-01   5.8359e+01   2.0857e+01   6.3400e-03   6.8960e-05   3.5719e+02
20260713_01:00:00   2.1725e-01   5.7417e+01   2.0967e+01   1.8852e-04   1.2516e-04   3.5723e+02
20260713_02:00:00   2.2421e-01   5.9018e+01   2.1493e+01   0.0000e+00   0.0000e+00   3.5557e+02
20260713_03:00:00   2.3311e-01   6.0997e+01   2.2036e+01   0.0000e+00   2.5679e-04   3.5401e+02
20260713_04:00:00   2.3049e-01   6.0391e+01   2.1596e+01   0.0000e+00   1.0054e-02   3.5433e+02
20260713_05:00:00   2.3033e-01   6.0335e+01   2.1660e+01   0.0000e+00   2.7032e-04   3.5451e+02
20260713_06:00:00   2.3088e-01   6.0440e+01   2.1851e+01   0.0000e+00   4.5491e-03   3.5539e+02
20260713_07:00:00   2.2823e-01   5.9846e+01   2.1607e+01   0.0000e+00   7.3037e-05   3.5718e+02
20260713_08:00:00   2.1308e-01   5.6430e+01   2.0024e+01   0.0000e+00   8.6880e-07   3.5470e+02
20260713_09:00:00   2.0366e-01   5.4277e+01   1.9034e+01   0.0000e+00   5.1280e-06   3.5391e+02
20260713_10:00:00   2.0505e-01   5.4627e+01   1.9041e+01   0.0000e+00   1.9304e-05   3.5061e+02
20260713_11:00:00   2.2406e-01   5.9023e+01   2.0879e+01   0.0000e+00   7.7500e-05   3.5001e+02
20260713_12:00:00   2.4577e-01   6.3959e+01   2.2865e+01   0.0000e+00   0.0000e+00   3.4815e+02
20260713_13:00:00   2.5056e-01   6.5119e+01   2.3395e+01   0.0000e+00   1.6012e-06   3.4607e+02
20260713_14:00:00   2.5610e-01   6.6413e+01   2.4054e+01   0.0000e+00   5.7500e-05   3.4554e+02
20260713_15:00:00   2.3883e-01   6.2714e+01   2.2400e+01   0.0000e+00   9.6920e-04   3.4518e+02
20260713_16:00:00   2.4696e-01   6.4536e+01   2.3689e+01   0.0000e+00   1.8328e-03   3.4700e+02
20260713_17:00:00   2.7549e-01   7.0672e+01   2.7645e+01   4.5168e-04   1.1592e-03   3.4720e+02
20260713_18:00:00   3.5107e-01   8.5903e+01   2.9221e+01   7.8022e-02   6.4773e-04   3.4685e+02
20260713_19:00:00   3.2316e-01   8.0414e+01   3.1765e+01   2.2607e-02   2.5078e-04   3.4862e+02
20260713_20:00:00   4.5613e-01   1.0542e+02   3.5887e+01   1.3455e-01   4.1520e-04   3.5371e+02
20260713_21:00:00   6.1528e-01   1.3135e+02   3.8075e+01   2.9007e-01   1.1314e-04   3.5210e+02
20260713_22:00:00   3.5835e-01   8.7591e+01   3.6270e+01   1.0388e-02   6.6528e-04   3.5131e+02
20260713_23:00:00   3.6084e-01   8.8258e+01   3.6764e+01   2.0766e-03   2.2869e-04   3.5185e+02
20260714_00:00:00   3.6309e-01   8.8636e+01   3.6412e+01   5.7608e-03   1.4278e-04   3.5227e+02
20260714_01:00:00   3.7500e-01   9.0854e+01   3.6667e+01   1.4731e-02   7.8415e-04   3.4848e+02
20260714_02:00:00   3.4613e-01   8.5372e+01   3.4883e+01   0.0000e+00   3.4375e-03   3.5006e+02
20260714_03:00:00   3.3970e-01   8.4180e+01   3.3887e+01   0.0000e+00   1.2455e-03   3.4694e+02
20260714_04:00:00   3.3111e-01   8.2461e+01   3.2959e+01   0.0000e+00   2.1600e-03   3.4085e+02
20260714_05:00:00   3.1974e-01   8.0155e+01   3.2240e+01   0.0000e+00   1.5002e-03   3.3652e+02
20260714_06:00:00   3.2531e-01   8.1327e+01   3.2848e+01   0.0000e+00   3.4380e-04   3.3291e+02
20260714_07:00:00   3.2817e-01   8.1962e+01   3.2994e+01   0.0000e+00   0.0000e+00   3.3172e+02
20260714_08:00:00   3.3404e-01   8.3115e+01   3.4018e+01   0.0000e+00   1.3546e-03   3.2997e+02
20260714_09:00:00   3.4590e-01   8.5472e+01   3.5828e+01   0.0000e+00   4.1440e-03   3.2948e+02
20260714_10:00:00   3.4761e-01   8.5893e+01   3.6191e+01   0.0000e+00   7.9815e-03   3.2837e+02
20260714_11:00:00   3.4410e-01   8.5290e+01   3.6203e+01   0.0000e+00   4.7363e-03   3.2465e+02
20260714_12:00:00   3.3069e-01   8.2655e+01   3.4926e+01   0.0000e+00   7.3958e-02   3.2166e+02
20260714_13:00:00   3.1919e-01   8.0358e+01   3.3717e+01   0.0000e+00   1.6372e-01   3.1833e+02
20260714_14:00:00   3.0939e-01   7.8447e+01   3.2319e+01   0.0000e+00   1.4756e-02   3.1629e+02
20260714_15:00:00   2.9217e-01   7.5106e+01   3.0517e+01   0.0000e+00   2.7694e-02   3.1575e+02
20260714_16:00:00   2.9839e-01   7.6767e+01   3.0954e+01   0.0000e+00   5.0585e-02   3.1504e+02
20260714_17:00:00   2.9259e-01   7.5763e+01   3.0456e+01   0.0000e+00   1.2597e-03   3.1436e+02
20260714_18:00:00   3.0775e-01   7.9132e+01   3.2193e+01   0.0000e+00   5.8522e-03   3.1365e+02
20260714_19:00:00   3.1945e-01   8.1793e+01   3.3555e+01   0.0000e+00   1.8379e-02   3.1262e+02
20260714_20:00:00   3.2137e-01   8.2253e+01   3.3969e+01   0.0000e+00   1.5079e-01   3.1136e+02
20260714_21:00:00   3.0755e-01   7.9473e+01   3.1867e+01   0.0000e+00   4.2875e-02   3.1183e+02
20260714_22:00:00   3.0018e-01   7.7991e+01   3.0466e+01   0.0000e+00   3.3439e-02   3.1257e+02
20260714_23:00:00   2.9260e-01   7.6414e+01   2.8968e+01   0.0000e+00   3.3709e-02   3.1274e+02
20260715_00:00:00   3.0292e-01   7.8636e+01   2.9674e+01   0.0000e+00   1.0162e-02   3.1435e+02
20260715_01:00:00   3.2181e-01   8.2651e+01   3.1464e+01   0.0000e+00   1.1692e-03   3.1641e+02
20260715_02:00:00   3.3904e-01   8.6179e+01   3.3270e+01   0.0000e+00   0.0000e+00   3.1745e+02
20260715_03:00:00   3.5726e-01   8.9765e+01   3.5312e+01   0.0000e+00   4.9954e-05   3.1798e+02
20260715_04:00:00   3.5910e-01   9.0034e+01   3.5894e+01   0.0000e+00   1.7220e-04   3.1643e+02
20260715_05:00:00   3.6460e-01   9.0953e+01   3.6918e+01   0.0000e+00   8.4500e-04   3.1643e+02
20260715_06:00:00   3.8429e-01   9.4554e+01   3.9384e+01   0.0000e+00   6.0894e-03   3.1581e+02
20260715_07:00:00   3.9582e-01   9.6572e+01   4.0495e+01   0.0000e+00   9.7654e-03   3.1541e+02
20260715_08:00:00   3.8279e-01   9.3941e+01   3.9215e+01   0.0000e+00   8.3580e-05   3.1674e+02
20260715_09:00:00   3.7603e-01   9.2468e+01   3.8440e+01   0.0000e+00   0.0000e+00   3.1769e+02
20260715_10:00:00   3.6981e-01   9.1046e+01   3.7927e+01   0.0000e+00   1.2260e-04   3.1740e+02
20260715_11:00:00   3.8356e-01   9.3389e+01   3.9168e+01   3.7460e-04   1.5216e-04   3.1739e+02
20260715_12:00:00   3.7377e-01   9.1343e+01   3.8531e+01   0.0000e+00   3.4811e-02   3.1772e+02
20260715_13:00:00   3.5474e-01   8.7171e+01   3.8132e+01   0.0000e+00   9.8561e-03   3.2045e+02
20260715_14:00:00   3.0694e-01   7.7469e+01   3.2443e+01   1.4770e-05   1.1823e-01   3.2429e+02
20260715_15:00:00   2.5688e-01   6.6856e+01   2.5784e+01   0.0000e+00   9.0520e-02   3.2601e+02
20260715_16:00:00   2.3596e-01   6.2183e+01   2.3186e+01   0.0000e+00   7.6543e-02   3.3013e+02
20260715_17:00:00   2.0993e-01   5.6193e+01   2.0312e+01   0.0000e+00   8.6636e-02   3.3426e+02
20260715_18:00:00   2.1364e-01   5.7024e+01   2.0594e+01   0.0000e+00   1.0180e-01   3.3530e+02
20260715_19:00:00   2.1448e-01   5.7323e+01   2.0617e+01   0.0000e+00   3.4218e-02   3.3749e+02
20260715_20:00:00   2.0238e-01   5.4570e+01   1.9603e+01   0.0000e+00   6.4458e-03   3.3992e+02
20260715_21:00:00   2.0335e-01   5.4706e+01   2.0089e+01   0.0000e+00   1.3945e-03   3.4256e+02
20260715_22:00:00   2.0836e-01   5.5836e+01   2.0686e+01   0.0000e+00   4.4008e-03   3.4415e+02
20260715_23:00:00   2.0489e-01   5.5009e+01   2.0215e+01   0.0000e+00   4.1521e-03   3.4415e+02
20260716_00:00:00   1.9161e-01   5.1825e+01   1.8914e+01   0.0000e+00   3.5067e-03   3.4262e+02
20260716_01:00:00   1.9918e-01   5.3432e+01   2.0182e+01   0.0000e+00   1.5666e-02   3.4323e+02
20260716_02:00:00   2.0799e-01   5.5468e+01   2.1057e+01   0.0000e+00   4.1972e-03   3.4517e+02
20260716_03:00:00   2.1691e-01   5.7533e+01   2.1724e+01   0.0000e+00   8.9116e-05   3.4482e+02
20260716_04:00:00   2.1680e-01   5.7527e+01   2.1551e+01   0.0000e+00   0.0000e+00   3.4723e+02
20260716_05:00:00   2.1207e-01   5.6387e+01   2.1159e+01   0.0000e+00   0.0000e+00   3.4712e+02
20260716_06:00:00   2.1532e-01   5.7099e+01   2.1447e+01   0.0000e+00   2.5640e-06   3.4642e+02
20260716_07:00:00   2.1074e-01   5.6059e+01   2.0661e+01   0.0000e+00   4.1020e-06   3.4656e+02
20260716_08:00:00   1.8640e-01   5.0442e+01   1.7735e+01   0.0000e+00   0.0000e+00   3.5098e+02
20260716_09:00:00   2.0563e-01   5.4839e+01   1.9839e+01   0.0000e+00   0.0000e+00   3.5013e+02
20260716_10:00:00   2.1868e-01   5.7749e+01   2.1305e+01   0.0000e+00   0.0000e+00   3.5081e+02
20260716_11:00:00   2.1106e-01   5.6060e+01   2.0456e+01   0.0000e+00   5.4178e-06   3.5347e+02
20260716_12:00:00   2.1501e-01   5.7031e+01   2.0550e+01   0.0000e+00   8.1000e-04   3.5582e+02
20260716_13:00:00   2.1774e-01   5.7752e+01   2.0425e+01   0.0000e+00   3.8502e-05   3.5817e+02
20260716_14:00:00   2.2910e-01   6.0296e+01   2.1619e+01   0.0000e+00   0.0000e+00   3.5963e+02
20260716_15:00:00   4.1390e-01   9.6966e+01   2.6053e+01   1.6993e-01   1.6464e-05   3.6467e+02
20260716_16:00:00   2.7784e-01   7.0600e+01   2.5431e+01   1.3296e-02   2.3161e-05   3.6844e+02
20260716_17:00:00   4.9798e-01   1.1113e+02   2.4016e+01   2.8030e-01   2.2684e-04   3.7519e+02
20260716_18:00:00   3.5165e-01   8.5055e+01   2.2692e+01   1.2683e-01   1.3997e-04   3.7840e+02
20260716_19:00:00   3.0843e-01   7.6496e+01   2.3005e+01   7.5785e-02   1.3069e-04   3.7704e+02
20260716_20:00:00   3.2724e-01   7.9870e+01   2.1479e+01   1.1608e-01   4.0360e-04   3.7645e+02
20260716_21:00:00   2.0441e-01   5.4037e+01   1.8678e+01   1.1693e-02   2.1669e-06   3.7592e+02
20260716_22:00:00   1.9853e-01   5.2609e+01   1.9215e+01   2.2260e-04   0.0000e+00   3.7865e+02
20260716_23:00:00   1.9709e-01   5.2304e+01   1.8391e+01   0.0000e+00   0.0000e+00   3.8437e+02
20260717_00:00:00   1.9429e-01   5.1636e+01   1.7598e+01   0.0000e+00   0.0000e+00   3.8055e+02
20260717_01:00:00   1.9649e-01   5.2057e+01   1.7534e+01   0.0000e+00   0.0000e+00   3.7599e+02
20260717_02:00:00   1.9554e-01   5.1776e+01   1.7368e+01   0.0000e+00   0.0000e+00   3.7453e+02
20260717_03:00:00   1.9602e-01   5.1818e+01   1.7485e+01   0.0000e+00   0.0000e+00   3.7425e+02
20260717_04:00:00   2.0253e-01   5.3207e+01   1.8077e+01   0.0000e+00   0.0000e+00   3.7268e+02
20260717_05:00:00   2.0197e-01   5.3024e+01   1.8118e+01   0.0000e+00   0.0000e+00   3.7180e+02
20260717_06:00:00   2.0415e-01   5.3451e+01   1.8404e+01   0.0000e+00   0.0000e+00   3.7101e+02
20260717_07:00:00   1.9365e-01   5.1065e+01   1.7119e+01   7.2980e-04   0.0000e+00   3.6948e+02
20260717_08:00:00   1.8369e-01   4.8775e+01   1.6068e+01   0.0000e+00   0.0000e+00   3.7053e+02
20260717_09:00:00   2.0053e-01   5.2550e+01   1.8202e+01   0.0000e+00   0.0000e+00   3.7099e+02
20260717_10:00:00   2.1650e-01   5.6057e+01   2.0273e+01   0.0000e+00   0.0000e+00   3.7213e+02
20260717_11:00:00   2.2237e-01   5.7365e+01   2.0722e+01   0.0000e+00   0.0000e+00   3.7373e+02
20260717_12:00:00   2.2451e-01   5.7884e+01   2.0871e+01   0.0000e+00   0.0000e+00   3.7204e+02
20260717_13:00:00   2.1394e-01   5.5663e+01   1.9177e+01   1.5594e-04   0.0000e+00   3.7398e+02
20260717_14:00:00   2.1772e-01   5.6554e+01   1.9541e+01   7.0880e-06   0.0000e+00   3.7851e+02
20260717_15:00:00   2.1269e-01   5.5547e+01   1.9142e+01   0.0000e+00   0.0000e+00   3.7745e+02
20260717_16:00:00   2.1131e-01   5.5366e+01   1.8255e+01   3.6260e-03   0.0000e+00   3.7783e+02
20260717_17:00:00   1.9826e-01   5.2583e+01   1.7010e+01   5.9128e-04   0.0000e+00   3.7645e+02
20260717_18:00:00   2.0176e-01   5.3436e+01   1.6921e+01   5.3740e-03   0.0000e+00   3.6805e+02
20260717_21:00:00   1.7587e-01   4.7566e+01   1.4783e+01   0.0000e+00   0.0000e+00   3.6459e+02
20260718_00:00:00   1.7387e-01   4.7003e+01   1.4879e+01   0.0000e+00   0.0000e+00   3.6212e+02
20260718_03:00:00   1.8865e-01   5.0221e+01   1.7031e+01   0.0000e+00   0.0000e+00   3.6588e+02
20260718_06:00:00   1.7552e-01   4.7082e+01   1.5836e+01   0.0000e+00   0.0000e+00   3.6656e+02
20260718_09:00:00   1.8713e-01   4.9787e+01   1.7117e+01   0.0000e+00   0.0000e+00   3.6485e+02
20260718_12:00:00   1.8383e-01   4.9120e+01   1.6742e+01   0.0000e+00   0.0000e+00   3.5968e+02
20260718_15:00:00   1.7919e-01   4.8204e+01   1.6714e+01   0.0000e+00   0.0000e+00   3.5808e+02
20260718_18:00:00   2.0803e-01   5.5027e+01   2.0298e+01   0.0000e+00   0.0000e+00   3.5727e+02
20260718_21:00:00   2.0889e-01   5.5255e+01   2.1062e+01   0.0000e+00   3.5308e-04   3.5920e+02
20260719_00:00:00   2.4710e-01   6.3809e+01   2.5138e+01   0.0000e+00   0.0000e+00   3.5668e+02
20260719_03:00:00   2.7842e-01   7.0353e+01   2.9114e+01   4.2520e-05   1.3072e-01   3.5800e+02
20260719_06:00:00   6.5454e-01   1.3463e+02   3.6693e+01   3.4932e-01   5.1403e-01   3.5482e+02
20260719_09:00:00   3.8618e-01   9.2172e+01   3.9627e+01   7.9651e-03   5.5393e-02   3.4658e+02
20260719_12:00:00   3.9509e-01   9.4382e+01   4.1118e+01   0.0000e+00   2.9950e-02   3.4224e+02
20260719_15:00:00   3.9098e-01   9.4176e+01   4.0638e+01   2.7600e-04   2.8864e-03   3.4144e+02
20260719_18:00:00   8.1335e-01   1.6032e+02   4.1530e+01   4.8017e-01   1.1530e-04   3.4352e+02
20260719_21:00:00   3.1769e-01   8.0237e+01   3.1610e+01   3.8980e-04   1.1584e-06   3.5076e+02
20260720_00:00:00   2.9366e-01   7.4961e+01   2.8368e+01   0.0000e+00   1.7638e-04   3.5247e+02
20260720_03:00:00   2.3863e-01   6.2608e+01   2.2169e+01   0.0000e+00   1.7648e-05   3.4824e+02
20260720_06:00:00   2.2444e-01   5.9033e+01   2.1456e+01   0.0000e+00   9.9295e-03   3.3955e+02
20260720_09:00:00   1.8663e-01   5.0056e+01   1.7941e+01   0.0000e+00   8.6303e-04   3.4109e+02
20260720_12:00:00   2.0733e-01   5.4475e+01   2.1785e+01   0.0000e+00   2.2637e-02   3.3357e+02
20260720_15:00:00   2.6225e-01   6.6736e+01   2.8948e+01   0.0000e+00   3.6478e-02   3.3032e+02
20260720_18:00:00   3.1364e-01   7.7530e+01   3.3581e+01   1.5178e-02   5.5397e-02   3.2271e+02
20260720_21:00:00   1.1338e+00   1.9087e+02   4.0650e+01   8.8339e-01   9.8610e-03   3.1721e+02
20260721_00:00:00   1.5850e+00   2.2373e+02   4.8379e+01   1.3012e+00   2.8871e-01   3.1825e+02
20260721_03:00:00   1.9164e+00   2.4056e+02   4.9565e+01   1.6711e+00   2.1944e-02   3.1624e+02
20260721_06:00:00   1.0511e+00   1.8819e+02   4.4249e+01   7.9735e-01   1.5908e-02   3.2156e+02
20260721_09:00:00   5.9845e-01   1.3052e+02   4.5677e+01   2.0607e-01   5.7620e-01   3.2669e+02
20260721_12:00:00   6.1200e-01   1.3255e+02   4.7463e+01   1.9019e-01   8.1333e-02   3.2018e+02
20260721_15:00:00   7.9026e-01   1.5957e+02   4.1920e+01   4.7053e-01   8.7724e-02   3.2576e+02
20260721_18:00:00   4.1226e-01   9.9206e+01   3.9515e+01   1.3684e-02   2.3460e-03   3.2784e+02
20260721_21:00:00   5.2726e-01   1.1852e+02   4.1113e+01   1.4662e-01   4.3979e-03   3.3547e+02
20260722_00:00:00   4.1978e-01   9.9650e+01   4.2105e+01   1.5456e-02   7.1000e-04   3.3939e+02
20260722_03:00:00   3.8315e-01   9.2417e+01   3.9292e+01   6.0800e-05   4.2780e-05   3.5093e+02
20260722_06:00:00   3.6025e-01   8.7876e+01   3.5891e+01   0.0000e+00   0.0000e+00   3.5489e+02
20260722_09:00:00   4.6876e-01   1.0801e+02   3.1552e+01   1.7791e-01   0.0000e+00   3.4687e+02
20260722_12:00:00   3.6881e-01   8.9107e+01   2.4184e+01   1.3803e-01   0.0000e+00   3.4051e+02
20260722_15:00:00   2.4192e-01   6.2795e+01   2.0520e+01   1.6095e-02   0.0000e+00   3.4066e+02
20260722_18:00:00   2.2052e-01   5.8242e+01   2.0284e+01   0.0000e+00   0.0000e+00   3.4572e+02
20260722_21:00:00   2.2604e-01   5.9473e+01   2.1456e+01   0.0000e+00   0.0000e+00   3.4578e+02
20260723_00:00:00   2.4014e-01   6.2397e+01   2.3937e+01   2.8960e-07   0.0000e+00   3.4085e+02
20260723_03:00:00   2.5962e-01   6.6348e+01   2.6440e+01   0.0000e+00   1.9023e-03   3.3690e+02
20260723_06:00:00   2.7711e-01   6.9987e+01   2.8068e+01   0.0000e+00   2.7561e-03   3.3271e+02
20260723_09:00:00   2.9661e-01   7.3911e+01   3.0128e+01   0.0000e+00   7.5012e-04   3.3057e+02
20260723_12:00:00   3.0755e-01   7.6180e+01   3.0790e+01   4.1720e-03   1.6701e-02   3.2930e+02
20260723_15:00:00   3.0019e-01   7.4912e+01   3.0701e+01   1.4176e-04   1.7855e-03   3.2595e+02
20260723_18:00:00   5.9710e-01   1.2780e+02   3.0820e+01   3.4159e-01   1.7161e-02   3.2722e+02
20260723_21:00:00   2.9672e-01   7.4481e+01   3.0324e+01   2.7300e-03   4.5247e-03   3.2903e+02
20260724_00:00:00   3.1556e-01   7.8280e+01   3.0501e+01   2.0701e-02   9.4330e-03   3.2766e+02
20260724_03:00:00   3.1463e-01   7.7786e+01   3.2330e+01   0.0000e+00   7.6927e-03   3.3027e+02
20260724_06:00:00   3.1467e-01   7.7616e+01   3.2584e+01   0.0000e+00   1.9773e-03   3.3551e+02
20260724_09:00:00   3.5408e-01   8.5078e+01   3.1622e+01   5.3987e-02   2.1664e-03   3.3490e+02
20260724_12:00:00   3.4103e-01   8.2543e+01   3.0588e+01   4.9727e-02   5.3983e-02   3.3316e+02
20260724_15:00:00   3.1665e-01   7.7901e+01   3.0956e+01   1.9485e-02   1.0045e-02   3.3276e+02
20260724_18:00:00   2.9886e-01   7.4628e+01   3.0759e+01   1.6162e-03   4.4256e-02   3.3299e+02
20260724_21:00:00   3.0197e-01   7.5531e+01   3.1236e+01   0.0000e+00   7.4550e-02   3.3249e+02
20260725_00:00:00   2.9762e-01   7.4388e+01   3.0963e+01   0.0000e+00   1.4602e-01   3.3006e+02
20260725_03:00:00   2.8040e-01   7.0597e+01   2.9656e+01   0.0000e+00   9.7085e-02   3.3173e+02
20260725_06:00:00   2.9973e-01   7.4605e+01   3.0768e+01   2.7712e-03   5.3066e-02   3.3031e+02
20260725_09:00:00   3.8671e-01   9.2250e+01   3.2098e+01   9.2602e-02   3.2084e-02   3.2917e+02
20260725_12:00:00   4.7440e-01   1.0826e+02   3.9597e+01   1.0333e-01   1.0314e-01   3.2588e+02
20260725_15:00:00   1.0464e+00   1.8448e+02   4.4745e+01   7.2968e-01   2.7862e-01   3.2327e+02
20260725_18:00:00   1.8651e+00   2.3937e+02   4.7891e+01   1.6481e+00   2.3498e-01   3.1765e+02
20260725_21:00:00   8.8711e-01   1.6906e+02   4.7821e+01   5.2284e-01   1.2734e-01   3.2150e+02
20260726_00:00:00   7.1192e-01   1.4704e+02   4.6972e+01   3.2327e-01   7.2583e-02   3.1952e+02
20260726_03:00:00   6.7151e-01   1.4151e+02   4.7148e+01   2.7864e-01   2.6501e-03   3.1670e+02
20260726_06:00:00   8.1062e-01   1.6092e+02   4.8370e+01   4.4151e-01   2.1765e-03   3.1441e+02
20260726_09:00:00   6.9299e-01   1.4497e+02   4.8376e+01   2.9095e-01   1.8939e-03   3.1616e+02
20260726_12:00:00   6.0603e-01   1.3150e+02   4.8165e+01   1.7647e-01   2.2285e-02   3.1326e+02
20260726_15:00:00   4.9542e-01   1.1328e+02   4.8452e+01   3.0157e-02   3.2439e-03   3.1387e+02
20260726_18:00:00   4.8877e-01   1.1246e+02   4.8945e+01   2.3265e-02   1.8363e-02   3.1187e+02
20260726_21:00:00   5.7975e-01   1.2681e+02   5.1655e+01   9.2429e-02   3.1878e-01   3.0912e+02
20260727_00:00:00   6.2210e-01   1.3301e+02   5.2816e+01   1.2666e-01   1.7340e-01   3.1154e+02
20260727_03:00:00   1.2148e+00   1.9842e+02   5.4007e+01   7.8434e-01   2.1181e-01   3.1208e+02
20260727_06:00:00   5.7523e-01   1.2589e+02   5.1829e+01   7.8399e-02   1.8844e-01   3.1683e+02
20260727_09:00:00   4.6414e-01   1.0777e+02   4.7062e+01   6.9137e-03   2.9966e-02   3.2284e+02
20260727_12:00:00   4.1491e-01   9.9040e+01   4.1231e+01   1.9250e-02   1.9883e-04   3.2732e+02
20260727_15:00:00   3.5475e-01   8.7793e+01   3.5699e+01   0.0000e+00   6.4160e-04   3.2170e+02
20260727_18:00:00   5.3571e-01   1.2099e+02   3.4849e+01   2.1762e-01   0.0000e+00   3.2762e+02
20260727_21:00:00   3.4470e-01   8.6504e+01   3.2949e+01   6.5961e-03   0.0000e+00   3.1756e+02
20260728_00:00:00   3.2060e-01   8.1388e+01   3.1710e+01   4.4620e-04   6.0460e-04   3.1370e+02
20260728_03:00:00   3.2120e-01   8.1289e+01   3.2307e+01   0.0000e+00   5.7520e-03   3.0975e+02
20260728_06:00:00   3.0276e-01   7.7358e+01   3.0478e+01   0.0000e+00   3.3303e-03   3.0990e+02
20260728_09:00:00   2.8251e-01   7.2885e+01   2.8373e+01   0.0000e+00   1.0761e-03   3.0583e+02
20260728_12:00:00   2.9270e-01   7.5193e+01   2.9401e+01   0.0000e+00   5.7210e-03   3.0497e+02
20260728_15:00:00   3.0153e-01   7.7161e+01   3.0486e+01   0.0000e+00   5.3368e-03   3.0474e+02
20260728_18:00:00   2.7272e-01   7.0758e+01   2.9407e+01   0.0000e+00   3.1794e-03   3.0545e+02
