#            date       tau255        Tb[K]      pwv[mm] lwp[kg*m^-2] iwp[kg*m^-2]       o3[DU]
20260226_18:00:00   1.0519e-01   2.8475e+01   5.2715e+00   6.9220e-05   1.7225e-03   4.4352e+02
20260226_19:00:00   1.0909e-01   2.9382e+01   5.8173e+00   2.7600e-04   2.8967e-03   4.4006e+02
20260226_20:00:00   1.1141e-01   2.9933e+01   6.0066e+00   1.3210e-03   1.2909e-02   4.3985e+02
20260226_21:00:00   1.1009e-01   2.9623e+01   6.0037e+00   9.0900e-06   5.1618e-03   4.4256e+02
20260226_22:00:00   1.0942e-01   2.9424e+01   5.9444e+00   0.0000e+00   1.9727e-04   4.4259e+02
20260226_23:00:00   1.0831e-01   2.9112e+01   5.9530e+00   0.0000e+00   2.2801e-03   4.4380e+02
20260227_00:00:00   1.0935e-01   2.9308e+01   6.2046e+00   0.0000e+00   2.2105e-02   4.4365e+02
20260227_01:00:00   1.0918e-01   2.9242e+01   6.1570e+00   0.0000e+00   5.4268e-02   4.4507e+02
20260227_02:00:00   1.0898e-01   2.9193e+01   6.0416e+00   0.0000e+00   1.8601e-02   4.4736e+02
20260227_03:00:00   1.0579e-01   2.8439e+01   5.6011e+00   0.0000e+00   3.0264e-03   4.4787e+02
20260227_04:00:00   1.0155e-01   2.7439e+01   5.0265e+00   0.0000e+00   2.3153e-04   4.4776e+02
20260227_05:00:00   9.9007e-02   2.6839e+01   4.7014e+00   0.0000e+00   7.6273e-06   4.4296e+02
20260227_06:00:00   9.8292e-02   2.6668e+01   4.5962e+00   0.0000e+00   1.4760e-06   4.3683e+02
20260227_07:00:00   9.9757e-02   2.6996e+01   4.8286e+00   0.0000e+00   8.3932e-05   4.3039e+02
20260227_08:00:00   1.0302e-01   2.7724e+01   5.2934e+00   0.0000e+00   2.1140e-03   4.2776e+02
20260227_09:00:00   1.0384e-01   2.7917e+01   5.3418e+00   0.0000e+00   3.6173e-03   4.2524e+02
20260227_10:00:00   1.0381e-01   2.7936e+01   5.2507e+00   0.0000e+00   5.8098e-04   4.3596e+02
20260227_11:00:00   1.0468e-01   2.8146e+01   5.2471e+00   0.0000e+00   6.2601e-05   4.3566e+02
20260227_12:00:00   1.0555e-01   2.8374e+01   5.2351e+00   0.0000e+00   2.5483e-06   4.3303e+02
20260227_13:00:00   1.0790e-01   2.8954e+01   5.4946e+00   0.0000e+00   6.5535e-06   4.2960e+02
20260227_14:00:00   1.0977e-01   2.9429e+01   5.7022e+00   0.0000e+00   1.1207e-05   4.3057e+02
20260227_15:00:00   1.1114e-01   2.9791e+01   5.8570e+00   0.0000e+00   9.0440e-06   4.2670e+02
20260227_16:00:00   1.1209e-01   3.0068e+01   5.9852e+00   0.0000e+00   5.9910e-06   4.2052e+02
20260227_17:00:00   1.1497e-01   3.0759e+01   6.3116e+00   0.0000e+00   1.0878e-03   4.1912e+02
20260227_18:00:00   1.1537e-01   3.0908e+01   6.3978e+00   0.0000e+00   1.3136e-03   4.1622e+02
20260227_19:00:00   1.1630e-01   3.1168e+01   6.4947e+00   0.0000e+00   3.1450e-04   4.1572e+02
20260227_20:00:00   1.1917e-01   3.1855e+01   6.7068e+00   4.0410e-04   9.7007e-05   4.2124e+02
20260227_21:00:00   1.2306e-01   3.2788e+01   6.8525e+00   2.6353e-03   1.4057e-04   4.2401e+02
20260227_22:00:00   1.2045e-01   3.2168e+01   6.8483e+00   0.0000e+00   1.8735e-05   4.2789e+02
20260227_23:00:00   1.2015e-01   3.2077e+01   6.8947e+00   0.0000e+00   1.8241e-05   4.3871e+02
20260228_00:00:00   1.2224e-01   3.2566e+01   7.1712e+00   0.0000e+00   1.7960e-05   4.3657e+02
20260228_01:00:00   1.2612e-01   3.3509e+01   7.6963e+00   0.0000e+00   1.3448e-05   4.3352e+02
20260228_02:00:00   1.2559e-01   3.3476e+01   7.5850e+00   0.0000e+00   2.7457e-05   4.2454e+02
20260228_03:00:00   1.2247e-01   3.2820e+01   7.1607e+00   1.2548e-04   7.9398e-05   4.1554e+02
20260228_04:00:00   1.1934e-01   3.2132e+01   6.7548e+00   6.8190e-04   7.4570e-05   4.0721e+02
20260228_05:00:00   1.2130e-01   3.2621e+01   6.7161e+00   4.2270e-03   5.1392e-04   3.9980e+02
20260228_06:00:00   1.2298e-01   3.3038e+01   6.7737e+00   6.9178e-03   4.5801e-04   3.9693e+02
20260228_07:00:00   1.2062e-01   3.2488e+01   6.8671e+00   5.3240e-03   2.2130e-04   3.9332e+02
20260228_08:00:00   1.1967e-01   3.2224e+01   7.5747e+00   1.2087e-04   4.9290e-04   3.9136e+02
20260228_09:00:00   1.2192e-01   3.2717e+01   8.0686e+00   0.0000e+00   3.8108e-03   3.9021e+02
20260228_10:00:00   1.2171e-01   3.2695e+01   8.0440e+00   0.0000e+00   2.0089e-03   3.9001e+02
20260228_11:00:00   1.2070e-01   3.2491e+01   7.8606e+00   0.0000e+00   4.4061e-04   3.8482e+02
20260228_12:00:00   1.1952e-01   3.2227e+01   7.7292e+00   0.0000e+00   3.2020e-07   3.8109e+02
20260228_13:00:00   1.2798e-01   3.4252e+01   8.8232e+00   0.0000e+00   1.3558e-05   3.8322e+02
20260228_14:00:00   1.3923e-01   3.6890e+01   1.0269e+01   0.0000e+00   7.4902e-04   3.8335e+02
20260228_15:00:00   1.5148e-01   3.9717e+01   1.1693e+01   0.0000e+00   8.1881e-04   3.8422e+02
20260228_16:00:00   1.5822e-01   4.1320e+01   1.2401e+01   0.0000e+00   2.9223e-05   3.8458e+02
20260228_17:00:00   2.1969e-01   5.4936e+01   1.4349e+01   4.7763e-02   1.4295e-02   3.8563e+02
20260228_18:00:00   4.7106e-01   1.0324e+02   1.5151e+01   3.2162e-01   9.3043e-03   3.8605e+02
20260228_19:00:00   4.6236e-01   1.0195e+02   1.4708e+01   3.1698e-01   5.4614e-04   3.8496e+02
20260228_20:00:00   3.5274e-01   8.2329e+01   1.3771e+01   2.0211e-01   2.5655e-04   3.7546e+02
20260228_21:00:00   3.8518e-01   8.8222e+01   1.2687e+01   2.4842e-01   6.5909e-04   3.7416e+02
20260228_22:00:00   4.4827e-01   9.9546e+01   1.1726e+01   3.2850e-01   3.2547e-03   3.7111e+02
20260228_23:00:00   3.9433e-01   8.9971e+01   1.0560e+01   2.7748e-01   1.2383e-02   3.7341e+02
20260301_00:00:00   1.8681e-01   4.8039e+01   9.8405e+00   5.0524e-02   6.1558e-03   3.7423e+02
20260301_01:00:00   1.6893e-01   4.3967e+01   8.9746e+00   4.0975e-02   5.6564e-03   3.8015e+02
20260301_02:00:00   1.4960e-01   3.9422e+01   8.3852e+00   2.5607e-02   1.0296e-02   3.8247e+02
20260301_03:00:00   1.3875e-01   3.6852e+01   7.5901e+00   2.1951e-02   5.3310e-04   3.8624e+02
20260301_04:00:00   1.3181e-01   3.5126e+01   7.5279e+00   1.6025e-02   4.3226e-05   3.8475e+02
20260301_05:00:00   1.2976e-01   3.4550e+01   7.9600e+00   1.0547e-02   2.3023e-04   3.8442e+02
20260301_06:00:00   1.2708e-01   3.3844e+01   8.3263e+00   4.8871e-03   1.2841e-04   3.8612e+02
20260301_07:00:00   1.2957e-01   3.4349e+01   8.8859e+00   2.8060e-03   8.3334e-05   3.8483e+02
20260301_08:00:00   1.2498e-01   3.3273e+01   8.5741e+00   7.1560e-04   1.8813e-04   3.8414e+02
20260301_09:00:00   1.2367e-01   3.2911e+01   8.4042e+00   9.7330e-04   4.2612e-03   3.8081e+02
20260301_10:00:00   1.2991e-01   3.4322e+01   9.2854e+00   1.0276e-04   3.7078e-02   3.7941e+02
20260301_11:00:00   1.6124e-01   4.1432e+01   1.1193e+01   1.5702e-02   3.1861e-01   3.8136e+02
20260301_12:00:00   3.1724e-01   7.3491e+01   1.2295e+01   1.7618e-01   5.2602e-01   3.8216e+02
20260301_13:00:00   1.7988e-01   4.5373e+01   1.2188e+01   2.0799e-02   7.6441e-01   3.8125e+02
20260301_14:00:00   1.5655e-01   4.0152e+01   1.1588e+01   7.7940e-07   6.7111e-01   3.8347e+02
20260301_15:00:00   1.5080e-01   3.8845e+01   1.0856e+01   4.0855e-05   3.9490e-01   3.8438e+02
20260301_16:00:00   1.4752e-01   3.8130e+01   9.5975e+00   6.3682e-03   2.3162e-01   3.8815e+02
20260301_17:00:00   1.3936e-01   3.6282e+01   8.4345e+00   7.8590e-03   7.9812e-02   3.8791e+02
20260301_18:00:00   1.4205e-01   3.6830e+01   6.8497e+00   2.5489e-02   1.1244e-02   3.8730e+02
20260301_19:00:00   1.1242e-01   3.0008e+01   5.3648e+00   5.2060e-03   3.4422e-03   3.8728e+02
20260301_20:00:00   1.0210e-01   2.7557e+01   4.6002e+00   1.0732e-05   9.9961e-04   3.8469e+02
20260301_21:00:00   9.7443e-02   2.6441e+01   3.8867e+00   0.0000e+00   1.1508e-04   3.8771e+02
20260301_22:00:00   9.4241e-02   2.5653e+01   3.3713e+00   0.0000e+00   8.4336e-06   3.8832e+02
20260301_23:00:00   9.3035e-02   2.5320e+01   3.1207e+00   0.0000e+00   7.4068e-06   3.8599e+02
20260302_00:00:00   9.2046e-02   2.5031e+01   2.9073e+00   0.0000e+00   8.1851e-06   3.8549e+02
20260302_01:00:00   9.0343e-02   2.4575e+01   2.6012e+00   0.0000e+00   1.2144e-05   3.8569e+02
20260302_02:00:00   8.8972e-02   2.4195e+01   2.3549e+00   0.0000e+00   1.9535e-04   3.8135e+02
20260302_03:00:00   8.8028e-02   2.3923e+01   2.2176e+00   0.0000e+00   7.8714e-04   3.8427e+02
20260302_04:00:00   8.7035e-02   2.3653e+01   2.0757e+00   0.0000e+00   9.2231e-04   3.8659e+02
20260302_05:00:00   8.6002e-02   2.3387e+01   1.9532e+00   0.0000e+00   3.2501e-04   3.9082e+02
20260302_06:00:00   8.5196e-02   2.3178e+01   1.8468e+00   0.0000e+00   2.6056e-04   4.0077e+02
20260302_07:00:00   8.4344e-02   2.2969e+01   1.7687e+00   0.0000e+00   1.3941e-04   4.0589e+02
20260302_08:00:00   8.3957e-02   2.2867e+01   1.7415e+00   0.0000e+00   6.2832e-06   4.0838e+02
20260302_09:00:00   8.3981e-02   2.2857e+01   1.7365e+00   0.0000e+00   4.3000e-06   4.0612e+02
20260302_10:00:00   8.3970e-02   2.2834e+01   1.6950e+00   0.0000e+00   4.2352e-06   4.0351e+02
20260302_11:00:00   8.3352e-02   2.2696e+01   1.6243e+00   0.0000e+00   3.6488e-06   4.0113e+02
20260302_12:00:00   8.3110e-02   2.2634e+01   1.5752e+00   0.0000e+00   2.8784e-06   4.0391e+02
20260302_13:00:00   8.3936e-02   2.2814e+01   1.6536e+00   0.0000e+00   1.4748e-03   4.1080e+02
20260302_14:00:00   8.5206e-02   2.3101e+01   1.7714e+00   0.0000e+00   4.1376e-03   4.1332e+02
20260302_15:00:00   8.6194e-02   2.3346e+01   1.8789e+00   0.0000e+00   1.3578e-02   4.1355e+02
20260302_16:00:00   8.6981e-02   2.3552e+01   1.9589e+00   0.0000e+00   7.6940e-03   4.1388e+02
20260302_17:00:00   8.7370e-02   2.3667e+01   2.0181e+00   0.0000e+00   1.2046e-02   4.1119e+02
20260302_18:00:00   8.9902e-02   2.4254e+01   2.2922e+00   0.0000e+00   1.2371e-02   4.1276e+02
20260302_19:00:00   9.0374e-02   2.4382e+01   2.3344e+00   0.0000e+00   1.3099e-02   4.1556e+02
20260302_20:00:00   9.0409e-02   2.4402e+01   2.3203e+00   0.0000e+00   9.0680e-03   4.1581e+02
20260302_21:00:00   9.0617e-02   2.4451e+01   2.2911e+00   0.0000e+00   1.4497e-03   4.2097e+02
20260302_22:00:00   9.0547e-02   2.4417e+01   2.2411e+00   0.0000e+00   4.1071e-04   4.2637e+02
20260302_23:00:00   8.9839e-02   2.4236e+01   2.1299e+00   0.0000e+00   6.3836e-05   4.2906e+02
20260303_00:00:00   8.9102e-02   2.4052e+01   2.0291e+00   0.0000e+00   6.1373e-06   4.3468e+02
20260303_01:00:00   8.8853e-02   2.4005e+01   1.9883e+00   0.0000e+00   6.8263e-06   4.3564e+02
20260303_02:00:00   8.8722e-02   2.3995e+01   2.0274e+00   0.0000e+00   7.5774e-06   4.2786e+02
20260303_03:00:00   8.9243e-02   2.4132e+01   2.1849e+00   0.0000e+00   7.9438e-06   4.2166e+02
20260303_04:00:00   8.9985e-02   2.4318e+01   2.3295e+00   0.0000e+00   7.4918e-06   4.1242e+02
20260303_05:00:00   9.0243e-02   2.4406e+01   2.4723e+00   0.0000e+00   5.5862e-06   4.0874e+02
20260303_06:00:00   9.1625e-02   2.4735e+01   2.7499e+00   0.0000e+00   4.5997e-06   4.0526e+02
20260303_07:00:00   9.2072e-02   2.4864e+01   2.9268e+00   0.0000e+00   1.0050e-03   3.9984e+02
20260303_08:00:00   9.2426e-02   2.4970e+01   3.0476e+00   0.0000e+00   3.7791e-06   3.9787e+02
20260303_09:00:00   9.3156e-02   2.5183e+01   3.2285e+00   0.0000e+00   3.0906e-06   3.9700e+02
20260303_10:00:00   9.3818e-02   2.5376e+01   3.3664e+00   0.0000e+00   2.3602e-06   3.9621e+02
20260303_11:00:00   9.4233e-02   2.5508e+01   3.4881e+00   0.0000e+00   5.2985e-06   3.9355e+02
20260303_12:00:00   9.5759e-02   2.5896e+01   3.8394e+00   0.0000e+00   1.1729e-06   3.9144e+02
20260303_13:00:00   9.7816e-02   2.6414e+01   4.1948e+00   0.0000e+00   9.6225e-06   3.8860e+02
20260303_14:00:00   1.0055e-01   2.7090e+01   4.6394e+00   0.0000e+00   2.2655e-05   3.8580e+02
20260303_15:00:00   1.0013e-01   2.7054e+01   4.6230e+00   0.0000e+00   7.6340e-06   3.8025e+02
20260303_16:00:00   9.9365e-02   2.6947e+01   4.4756e+00   0.0000e+00   2.0541e-04   3.7609e+02
20260303_17:00:00   9.8031e-02   2.6722e+01   4.2051e+00   0.0000e+00   1.1760e-04   3.7462e+02
20260303_18:00:00   1.0058e-01   2.7385e+01   4.4707e+00   0.0000e+00   1.4912e-04   3.7307e+02
20260303_21:00:00   1.0062e-01   2.7536e+01   4.4162e+00   0.0000e+00   4.0699e-03   3.7805e+02
20260304_00:00:00   1.1700e-01   3.1496e+01   6.5699e+00   0.0000e+00   1.7174e-02   3.7015e+02
20260304_03:00:00   1.8807e-01   4.7797e+01   1.0466e+01   4.5299e-02   3.6332e-02   3.6792e+02
20260304_06:00:00   1.9515e-01   4.9153e+01   1.5529e+01   6.3449e-03   7.7314e-01   3.6658e+02
20260304_09:00:00   4.2201e-01   9.4149e+01   1.7179e+01   2.4885e-01   6.3396e-01   3.6084e+02
20260304_12:00:00   6.5868e-01   1.3171e+02   1.8443e+01   5.0626e-01   7.4012e-01   3.6116e+02
20260304_15:00:00   2.7343e-01   6.6357e+01   1.8352e+01   7.6276e-02   2.6637e-01   3.6063e+02
20260304_18:00:00   1.6949e-01   4.4409e+01   8.0019e+00   4.4755e-02   4.4030e-03   3.7186e+02
20260304_21:00:00   1.3597e-01   3.6675e+01   6.4695e+00   2.0000e-02   1.8781e-04   3.6500e+02
20260305_00:00:00   1.1144e-01   3.0800e+01   4.9482e+00   9.3390e-03   8.2713e-03   3.6544e+02
20260305_03:00:00   1.0458e-01   2.9084e+01   5.0658e+00   2.0788e-03   7.7855e-02   3.5801e+02
20260305_06:00:00   1.1396e-01   3.1272e+01   6.5382e+00   4.9350e-03   2.8785e-02   3.5519e+02
20260305_09:00:00   1.4534e-01   3.8624e+01   1.0176e+01   1.1967e-02   6.7214e-02   3.4413e+02
20260305_12:00:00   7.8919e-01   1.5020e+02   2.4244e+01   6.0540e-01   1.3579e-01   3.3827e+02
20260305_15:00:00   6.7094e-01   1.3619e+02   2.3940e+01   4.8480e-01   3.3506e-01   3.4058e+02
20260305_18:00:00   6.4015e-01   1.3222e+02   2.6162e+01   4.3124e-01   6.5249e-02   3.2626e+02
20260305_21:00:00   5.8200e-01   1.2317e+02   2.5935e+01   3.5796e-01   8.0089e-02   3.3404e+02
20260306_00:00:00   4.0202e-01   9.3293e+01   2.3590e+01   1.6653e-01   4.1439e-03   3.3843e+02
20260306_03:00:00   3.7603e-01   8.8222e+01   2.1056e+01   1.5690e-01   7.0089e-04   3.2840e+02
20260306_06:00:00   4.9623e-01   1.0905e+02   2.0132e+01   3.0829e-01   1.2458e-03   3.2891e+02
20260306_09:00:00   1.4799e+00   2.1133e+02   1.7106e+01   1.4498e+00   1.3658e-02   3.2713e+02
20260306_12:00:00   1.0507e+00   1.7654e+02   1.4981e+01   9.7771e-01   8.4398e-02   3.3303e+02
20260306_15:00:00   7.6617e-01   1.4524e+02   1.3462e+01   6.6904e-01   5.0688e-02   3.3483e+02
20260306_18:00:00   4.8639e-01   1.0512e+02   1.1848e+01   3.6801e-01   1.8796e-02   3.3467e+02
20260306_21:00:00   4.4521e-01   9.8250e+01   1.1712e+01   3.2417e-01   6.1975e-03   3.3382e+02
20260307_00:00:00   2.8301e-01   6.7915e+01   1.1886e+01   1.4242e-01   1.8521e-02   3.3134e+02
20260307_03:00:00   3.6629e-01   8.3979e+01   1.3072e+01   2.2748e-01   2.1636e-01   3.3054e+02
20260307_06:00:00   2.0083e-01   5.0560e+01   1.5948e+01   2.1409e-02   7.2742e-02   3.1953e+02
20260307_09:00:00   3.1617e-01   7.4739e+01   1.9490e+01   1.1584e-01   2.2072e-01   2.9450e+02
20260307_12:00:00   1.1517e+00   1.8659e+02   2.1577e+01   1.0418e+00   3.0640e-01   2.8938e+02
20260307_15:00:00   1.0394e+00   1.7737e+02   2.3578e+01   9.0264e-01   2.4262e-02   2.8958e+02
20260307_18:00:00   1.2751e+00   1.9775e+02   2.5514e+01   1.1527e+00   5.9003e-02   2.8962e+02
20260307_21:00:00   1.0361e+00   1.7816e+02   2.4017e+01   9.0159e-01   4.4911e-04   2.8515e+02
20260308_00:00:00   8.2896e-01   1.5636e+02   1.9594e+01   7.0148e-01   1.0554e-04   2.8717e+02
20260308_03:00:00   6.6156e-01   1.3525e+02   2.1216e+01   4.9489e-01   4.3494e-05   2.7367e+02
20260308_06:00:00   6.3797e-01   1.3254e+02   2.3805e+01   4.5365e-01   7.2787e-03   2.7129e+02
20260308_09:00:00   7.1273e-01   1.4412e+02   2.5561e+01   5.3186e-01   2.0252e-03   2.6044e+02
20260308_12:00:00   7.8115e-01   1.5278e+02   2.7832e+01   5.9812e-01   4.9985e-03   2.6564e+02
20260308_15:00:00   4.2849e-01   9.9345e+01   1.3383e+01   3.0044e-01   4.8477e-02   2.8118e+02
20260308_18:00:00   1.8072e-01   4.8377e+01   1.0349e+01   3.3956e-02   2.7842e-04   2.7901e+02
20260308_21:00:00   1.4631e-01   4.0174e+01   9.3925e+00   4.6137e-03   0.0000e+00   2.7956e+02
20260309_00:00:00   2.0635e-01   5.4175e+01   9.7055e+00   7.7618e-02   9.7560e-04   2.7285e+02
20260309_03:00:00   2.3481e-01   6.0517e+01   1.0288e+01   1.0331e-01   0.0000e+00   2.6936e+02
20260309_06:00:00   2.4536e-01   6.2806e+01   1.1044e+01   1.0890e-01   7.3623e-03   2.7383e+02
20260309_09:00:00   2.8075e-01   7.0475e+01   1.1979e+01   1.4237e-01   2.6403e-03   2.8596e+02
20260309_12:00:00   3.2501e-01   7.9660e+01   1.5255e+01   1.6066e-01   2.0644e-03   2.9689e+02
20260309_15:00:00   3.0219e-01   7.5304e+01   1.6683e+01   1.2476e-01   1.7126e-03   2.9673e+02
20260309_18:00:00   2.9872e-01   7.4420e+01   2.2862e+01   5.7974e-02   3.3775e-03   2.9735e+02
20260309_21:00:00   3.1956e-01   7.8730e+01   2.3568e+01   6.8490e-02   1.5228e-02   3.1484e+02
20260310_00:00:00   3.4423e-01   8.3324e+01   2.7958e+01   7.1520e-02   5.6095e-01   3.1968e+02
20260310_03:00:00   5.6932e-01   1.2168e+02   3.1620e+01   2.8454e-01   1.6885e-01   3.1389e+02
20260310_06:00:00   3.0201e-01   7.4401e+01   2.6545e+01   3.3764e-02   4.3957e-02   3.1309e+02
20260310_09:00:00   2.7635e-01   6.9014e+01   2.3662e+01   3.4307e-02   2.3604e-02   3.1468e+02
20260310_12:00:00   2.4555e-01   6.2108e+01   2.2354e+01   1.6208e-02   1.9667e-01   3.1540e+02
20260310_15:00:00   2.2180e-01   5.6839e+01   2.1224e+01   3.8095e-04   3.6125e-02   3.2281e+02
20260310_18:00:00   2.6085e-01   6.5474e+01   2.2882e+01   2.1445e-02   6.9989e-03   3.2673e+02
20260310_21:00:00   5.2330e-01   1.1483e+02   2.7344e+01   2.8038e-01   7.7156e-03   3.2916e+02
20260311_00:00:00   1.0165e+00   1.7822e+02   3.0518e+01   8.2400e-01   2.1183e-01   3.3361e+02
20260311_03:00:00   1.3363e+00   2.0504e+02   3.1830e+01   1.1724e+00   1.9808e-01   3.2709e+02
20260311_06:00:00   8.5152e-01   1.6181e+02   3.1570e+01   6.4150e-01   1.8083e-03   3.2360e+02
20260311_09:00:00   7.6199e-01   1.5107e+02   3.1195e+01   5.4927e-01   5.9915e-02   3.2339e+02
20260311_12:00:00   4.1238e-01   9.6266e+01   3.2930e+01   9.0620e-02   1.8724e-02   3.3097e+02
20260311_15:00:00   2.3232e-01   5.9410e+01   2.0442e+01   8.9037e-03   8.9964e-04   3.3731e+02
20260311_18:00:00   1.7114e-01   4.5292e+01   1.4752e+01   0.0000e+00   1.7931e-03   3.4294e+02
20260311_21:00:00   1.2698e-01   3.4669e+01   9.5380e+00   0.0000e+00   8.1080e-03   3.5786e+02
20260312_00:00:00   1.2425e-01   3.3730e+01   9.4194e+00   0.0000e+00   5.0075e-02   3.6962e+02
20260312_03:00:00   1.2217e-01   3.3074e+01   9.6810e+00   0.0000e+00   4.2146e-02   3.7299e+02
20260312_06:00:00   8.4636e-01   1.5605e+02   1.9504e+01   7.2522e-01   1.7159e-01   3.5436e+02
20260312_09:00:00   1.6580e+00   2.2097e+02   2.2674e+01   1.6117e+00   1.9070e-01   3.5857e+02
20260312_12:00:00   1.5571e+00   2.1570e+02   2.1629e+01   1.5091e+00   2.6990e-02   3.5085e+02
20260312_15:00:00   9.2410e-01   1.6590e+02   1.5996e+01   8.3640e-01   1.0951e-02   3.4817e+02
20260312_18:00:00   1.0689e+00   1.8018e+02   1.5159e+01   1.0057e+00   1.2846e-02   3.4751e+02
20260312_21:00:00   1.1353e+00   1.8689e+02   1.6095e+01   1.0802e+00   9.1018e-03   3.3960e+02
20260313_00:00:00   7.5596e-01   1.4640e+02   1.7481e+01   6.3592e-01   5.3832e-02   3.3233e+02
20260313_03:00:00   1.1221e+00   1.8631e+02   1.7135e+01   1.0613e+00   8.3146e-02   3.2606e+02
20260313_06:00:00   6.3056e-01   1.2961e+02   2.3737e+01   4.4118e-01   8.3765e-02   3.1723e+02
20260313_09:00:00   7.1975e-01   1.4182e+02   2.7139e+01   5.0855e-01   7.0514e-01   3.2062e+02
20260313_12:00:00   1.4642e+00   2.1325e+02   2.7733e+01   1.3718e+00   5.5144e-02   3.2110e+02
20260313_15:00:00   1.0041e+00   1.7620e+02   2.7225e+01   8.5496e-01   2.7420e-01   3.1840e+02
20260313_18:00:00   1.2062e+00   1.9414e+02   2.9602e+01   1.0544e+00   2.0765e-01   3.1904e+02
20260313_21:00:00   7.1244e-01   1.4320e+02   2.8641e+01   5.1491e-01   5.2549e-01   3.1906e+02
20260314_00:00:00   8.9045e-01   1.6571e+02   3.1694e+01   6.7704e-01   3.8383e-01   3.2000e+02
20260314_03:00:00   1.8982e-01   4.9516e+01   1.4520e+01   1.9626e-02   2.5634e-02   3.1604e+02
20260314_06:00:00   1.5527e-01   4.1232e+01   1.0553e+01   1.5470e-02   3.8814e-03   3.1193e+02
20260314_09:00:00   1.3389e-01   3.6061e+01   9.2656e+00   2.0489e-03   1.2544e-02   3.1714e+02
20260314_12:00:00   1.2651e-01   3.4232e+01   8.5031e+00   0.0000e+00   4.5964e-03   3.3185e+02
20260314_15:00:00   1.2697e-01   3.4288e+01   8.5856e+00   0.0000e+00   0.0000e+00   3.3689e+02
20260314_18:00:00   1.4668e-01   3.8862e+01   9.9201e+00   9.1720e-03   9.6373e-04   3.3537e+02
