#            date       tau255        Tb[K]      pwv[mm] lwp[kg*m^-2] iwp[kg*m^-2]       o3[DU]
20260620_06:00:00   2.0454e-01   5.3533e+01   1.8022e+01   0.0000e+00   0.0000e+00   3.5922e+02
20260620_07:00:00   2.1124e-01   5.4907e+01   1.9002e+01   0.0000e+00   6.2069e-03   3.5514e+02
20260620_08:00:00   2.2180e-01   5.7100e+01   2.0322e+01   1.7436e-03   1.8602e-03   3.5614e+02
20260620_09:00:00   2.5541e-01   6.4283e+01   2.2300e+01   2.3437e-02   6.8840e-04   3.5351e+02
20260620_10:00:00   2.4234e-01   6.1526e+01   2.2650e+01   2.5142e-03   1.2095e-03   3.5370e+02
20260620_11:00:00   3.3376e-01   8.0378e+01   2.3162e+01   1.0084e-01   1.6468e-03   3.5247e+02
20260620_12:00:00   2.3721e-01   6.0611e+01   2.2021e+01   0.0000e+00   2.0172e-05   3.5348e+02
20260620_13:00:00   2.5078e-01   6.3628e+01   2.2139e+01   1.5034e-02   0.0000e+00   3.5591e+02
20260620_14:00:00   2.7236e-01   6.8310e+01   2.2812e+01   3.3458e-02   0.0000e+00   3.5793e+02
20260620_15:00:00   3.3898e-01   8.1896e+01   2.3839e+01   9.8102e-02   0.0000e+00   3.6046e+02
20260620_16:00:00   2.6372e-01   6.6485e+01   2.4209e+01   4.5843e-03   0.0000e+00   3.6611e+02
20260620_17:00:00   2.8521e-01   7.1154e+01   2.4357e+01   3.0824e-02   0.0000e+00   3.7057e+02
20260620_18:00:00   2.6311e-01   6.6488e+01   2.4132e+01   1.0920e-02   0.0000e+00   3.7284e+02
20260620_19:00:00   2.9360e-01   7.2936e+01   2.5102e+01   3.7584e-02   1.0256e-06   3.7342e+02
20260620_20:00:00   2.8663e-01   7.1450e+01   2.5447e+01   2.7294e-02   1.1166e-05   3.7206e+02
20260620_21:00:00   2.7187e-01   6.8300e+01   2.6104e+01   2.0400e-03   1.7663e-03   3.7038e+02
20260620_22:00:00   2.7491e-01   6.8892e+01   2.6603e+01   0.0000e+00   2.2134e-02   3.6976e+02
20260620_23:00:00   2.7261e-01   6.8406e+01   2.6324e+01   0.0000e+00   2.7503e-02   3.6884e+02
20260621_00:00:00   2.6996e-01   6.7833e+01   2.5940e+01   0.0000e+00   3.0652e-03   3.6922e+02
20260621_01:00:00   2.6870e-01   6.7530e+01   2.5735e+01   0.0000e+00   1.1776e-04   3.7024e+02
20260621_02:00:00   2.7020e-01   6.7781e+01   2.5869e+01   0.0000e+00   1.9317e-03   3.7195e+02
20260621_03:00:00   2.6913e-01   6.7491e+01   2.5849e+01   0.0000e+00   1.2158e-02   3.6995e+02
20260621_04:00:00   2.6322e-01   6.6245e+01   2.5247e+01   0.0000e+00   2.2467e-02   3.6706e+02
20260621_05:00:00   2.5652e-01   6.4886e+01   2.4353e+01   0.0000e+00   4.1330e-03   3.6555e+02
20260621_06:00:00   2.5491e-01   6.4537e+01   2.3989e+01   3.3860e-04   1.7652e-03   3.6612e+02
20260621_07:00:00   2.4681e-01   6.2846e+01   2.3079e+01   3.1220e-05   2.0706e-03   3.6774e+02
20260621_08:00:00   2.3995e-01   6.1376e+01   2.2273e+01   0.0000e+00   2.0712e-03   3.7144e+02
20260621_09:00:00   2.3031e-01   5.9279e+01   2.1151e+01   0.0000e+00   8.5001e-04   3.7321e+02
20260621_10:00:00   2.3043e-01   5.9296e+01   2.1093e+01   0.0000e+00   2.1901e-05   3.7430e+02
20260621_11:00:00   2.3764e-01   6.0864e+01   2.1769e+01   0.0000e+00   2.8360e-06   3.7416e+02
20260621_12:00:00   2.4028e-01   6.1418e+01   2.2205e+01   0.0000e+00   1.7614e-06   3.7591e+02
20260621_13:00:00   2.4054e-01   6.1458e+01   2.2457e+01   0.0000e+00   2.4282e-05   3.7594e+02
20260621_14:00:00   2.4548e-01   6.2564e+01   2.3036e+01   0.0000e+00   7.8652e-04   3.7517e+02
20260621_15:00:00   2.5159e-01   6.3921e+01   2.3721e+01   7.4594e-04   1.0083e-03   3.7069e+02
20260621_16:00:00   2.4853e-01   6.3338e+01   2.3518e+01   4.3548e-04   7.7216e-04   3.6902e+02
20260621_17:00:00   2.4024e-01   6.1553e+01   2.2618e+01   3.5343e-03   4.2672e-03   3.7229e+02
20260621_18:00:00   2.5125e-01   6.3781e+01   2.1607e+01   2.9347e-02   4.6435e-03   3.7480e+02
20260621_19:00:00   3.9155e-01   9.1299e+01   2.1191e+01   1.9227e-01   3.5920e-04   3.7872e+02
20260621_20:00:00   3.1755e-01   7.7332e+01   2.0911e+01   1.1130e-01   3.1723e-04   3.8127e+02
20260621_21:00:00   3.4949e-01   8.3616e+01   2.1482e+01   1.3918e-01   3.8032e-04   3.7611e+02
20260621_22:00:00   2.5353e-01   6.4529e+01   2.1200e+01   3.2729e-02   4.3998e-05   3.6756e+02
20260621_23:00:00   2.2346e-01   5.8211e+01   2.0980e+01   0.0000e+00   5.4180e-06   3.5819e+02
20260622_00:00:00   2.2957e-01   5.9590e+01   2.1344e+01   0.0000e+00   3.8602e-04   3.5433e+02
20260622_01:00:00   2.2516e-01   5.8573e+01   2.0774e+01   0.0000e+00   4.7115e-04   3.5530e+02
20260622_02:00:00   2.2060e-01   5.7602e+01   2.0052e+01   0.0000e+00   5.3141e-03   3.5666e+02
20260622_03:00:00   2.2370e-01   5.8275e+01   2.0251e+01   0.0000e+00   5.3020e-03   3.5532e+02
20260622_04:00:00   2.1593e-01   5.6544e+01   1.9485e+01   0.0000e+00   4.5898e-03   3.4894e+02
20260622_05:00:00   2.0807e-01   5.4781e+01   1.8717e+01   0.0000e+00   5.0351e-03   3.4610e+02
20260622_06:00:00   1.9903e-01   5.2756e+01   1.7834e+01   0.0000e+00   4.4271e-03   3.4652e+02
20260622_07:00:00   1.9947e-01   5.2802e+01   1.7934e+01   0.0000e+00   2.3917e-02   3.4642e+02
20260622_08:00:00   1.9844e-01   5.2561e+01   1.7739e+01   0.0000e+00   1.4390e-02   3.4593e+02
20260622_09:00:00   1.9986e-01   5.2823e+01   1.8073e+01   0.0000e+00   1.6663e-02   3.4645e+02
20260622_10:00:00   2.0037e-01   5.2925e+01   1.8232e+01   0.0000e+00   2.8997e-02   3.4659e+02
20260622_11:00:00   2.0015e-01   5.2932e+01   1.8205e+01   0.0000e+00   6.9757e-03   3.4498e+02
20260622_12:00:00   1.9886e-01   5.2623e+01   1.8379e+01   0.0000e+00   7.1399e-02   3.4495e+02
20260622_13:00:00   2.0861e-01   5.4727e+01   1.9960e+01   0.0000e+00   2.8841e-01   3.4486e+02
20260622_14:00:00   2.2280e-01   5.7754e+01   2.2316e+01   0.0000e+00   3.3158e-01   3.4542e+02
20260622_15:00:00   2.4524e-01   6.2554e+01   2.5060e+01   0.0000e+00   5.9506e-01   3.4493e+02
20260622_16:00:00   2.8592e-01   7.0999e+01   2.8739e+01   7.8510e-03   6.8926e-01   3.4287e+02
20260622_17:00:00   4.7226e-01   1.0526e+02   3.1668e+01   1.8565e-01   8.6867e-01   3.3959e+02
20260622_18:00:00   5.3147e-01   1.1480e+02   3.2380e+01   2.4512e-01   7.3641e-01   3.3880e+02
20260622_19:00:00   5.1208e-01   1.1207e+02   3.3304e+01   2.1364e-01   8.4538e-01   3.4059e+02
20260622_20:00:00   1.0487e+00   1.7933e+02   3.4985e+01   8.0102e-01   4.5379e-01   3.4089e+02
20260622_21:00:00   8.4194e-01   1.5833e+02   3.5256e+01   5.6915e-01   2.0463e-01   3.3864e+02
20260622_22:00:00   1.5191e+00   2.1639e+02   3.5505e+01   1.3335e+00   5.6618e-02   3.3640e+02
20260622_23:00:00   1.4511e+00   2.1284e+02   3.4827e+01   1.2636e+00   4.8740e-03   3.3408e+02
20260623_00:00:00   1.3515e+00   2.0689e+02   3.4788e+01   1.1562e+00   1.4063e-03   3.3069e+02
20260623_01:00:00   1.1494e+00   1.9213e+02   3.4944e+01   9.3720e-01   7.9628e-03   3.3014e+02
20260623_02:00:00   9.4846e-01   1.7312e+02   3.4447e+01   7.1335e-01   9.5886e-03   3.2969e+02
20260623_03:00:00   1.0682e+00   1.8568e+02   3.4828e+01   8.5508e-01   3.8390e-02   3.2807e+02
20260623_04:00:00   1.2074e+00   1.9838e+02   3.6192e+01   1.0117e+00   1.1704e-01   3.2737e+02
20260623_05:00:00   1.3617e+00   2.0967e+02   3.8025e+01   1.1648e+00   2.3191e-01   3.2609e+02
20260623_06:00:00   1.1621e+00   1.9490e+02   3.8277e+01   9.4474e-01   2.9130e-01   3.2599e+02
20260623_07:00:00   1.7168e+00   2.3149e+02   3.9765e+01   1.5731e+00   3.5374e-01   3.2368e+02
20260623_08:00:00   1.6377e+00   2.2746e+02   3.9726e+01   1.4846e+00   2.5963e-01   3.2335e+02
20260623_09:00:00   1.0852e+00   1.8736e+02   3.9775e+01   8.3383e-01   2.6454e-01   3.2414e+02
20260623_10:00:00   8.3877e-01   1.5973e+02   3.9494e+01   5.2980e-01   1.0400e+00   3.2582e+02
20260623_11:00:00   6.4964e-01   1.3505e+02   3.7507e+01   3.3306e-01   6.6475e-01   3.2623e+02
20260623_12:00:00   4.9308e-01   1.1056e+02   3.6838e+01   1.5552e-01   3.6454e-01   3.2625e+02
20260623_13:00:00   6.5859e-01   1.3601e+02   3.6544e+01   3.4541e-01   3.9867e-01   3.2578e+02
20260623_14:00:00   6.4932e-01   1.3438e+02   3.6503e+01   3.3449e-01   4.8635e-01   3.2670e+02
20260623_15:00:00   4.5943e-01   1.0425e+02   3.5285e+01   1.2695e-01   5.0216e-01   3.2834e+02
20260623_16:00:00   3.1902e-01   7.8337e+01   3.0367e+01   1.2283e-02   2.1331e-01   3.3159e+02
20260623_17:00:00   2.8809e-01   7.2277e+01   2.7071e+01   7.8782e-03   1.4005e-02   3.3323e+02
20260623_18:00:00   2.5686e-01   6.5922e+01   2.4178e+01   3.1293e-04   6.5430e-03   3.3492e+02
20260623_19:00:00   2.5575e-01   6.5907e+01   2.2169e+01   1.6196e-02   1.7056e-03   3.3403e+02
20260623_20:00:00   4.3050e-01   1.0038e+02   2.1526e+01   2.2538e-01   1.0602e-04   3.3381e+02
20260623_21:00:00   3.8455e-01   9.1839e+01   2.1289e+01   1.7433e-01   0.0000e+00   3.3600e+02
20260623_22:00:00   2.2594e-01   5.9446e+01   1.9862e+01   7.5180e-03   0.0000e+00   3.3518e+02
20260623_23:00:00   2.3022e-01   6.0376e+01   2.0691e+01   3.8000e-03   0.0000e+00   3.3526e+02
20260624_00:00:00   2.3522e-01   6.1432e+01   2.1111e+01   4.2060e-03   0.0000e+00   3.3784e+02
20260624_01:00:00   2.2881e-01   5.9931e+01   2.0769e+01   0.0000e+00   0.0000e+00   3.4019e+02
20260624_02:00:00   2.1433e-01   5.6638e+01   1.9164e+01   0.0000e+00   1.4176e-05   3.3877e+02
20260624_03:00:00   1.9213e-01   5.1478e+01   1.6837e+01   0.0000e+00   2.1420e-04   3.4377e+02
20260624_04:00:00   1.7930e-01   4.8490e+01   1.5272e+01   0.0000e+00   3.9260e-04   3.4982e+02
20260624_05:00:00   1.7762e-01   4.8057e+01   1.4976e+01   0.0000e+00   4.9880e-04   3.5070e+02
20260624_06:00:00   1.7830e-01   4.8152e+01   1.5110e+01   0.0000e+00   9.6240e-05   3.5162e+02
20260624_07:00:00   1.7562e-01   4.7461e+01   1.4918e+01   0.0000e+00   7.0880e-06   3.5160e+02
20260624_08:00:00   1.7429e-01   4.7110e+01   1.4833e+01   0.0000e+00   0.0000e+00   3.4989e+02
20260624_09:00:00   1.7287e-01   4.6767e+01   1.4636e+01   0.0000e+00   8.1260e-04   3.5016e+02
20260624_10:00:00   1.7523e-01   4.7309e+01   1.4855e+01   0.0000e+00   1.2808e-03   3.5095e+02
20260624_11:00:00   1.7604e-01   4.7523e+01   1.4935e+01   0.0000e+00   1.4256e-04   3.5319e+02
20260624_12:00:00   1.8105e-01   4.8698e+01   1.5632e+01   0.0000e+00   0.0000e+00   3.5333e+02
20260624_13:00:00   1.8818e-01   5.0375e+01   1.6419e+01   0.0000e+00   0.0000e+00   3.5626e+02
20260624_14:00:00   1.9386e-01   5.1695e+01   1.7100e+01   0.0000e+00   2.0100e-05   3.5572e+02
20260624_15:00:00   2.0113e-01   5.3425e+01   1.7849e+01   0.0000e+00   0.0000e+00   3.5568e+02
20260624_16:00:00   2.0364e-01   5.4043e+01   1.8344e+01   0.0000e+00   1.4176e-05   3.5567e+02
20260624_17:00:00   2.1113e-01   5.5748e+01   1.9407e+01   0.0000e+00   3.5760e-04   3.5538e+02
20260624_18:00:00   2.1483e-01   5.6577e+01   2.0043e+01   2.2221e-03   5.6700e-05   3.5263e+02
20260624_19:00:00   2.9980e-01   7.4479e+01   2.1474e+01   8.7254e-02   1.1342e-05   3.5316e+02
20260624_20:00:00   3.6934e-01   8.8039e+01   2.2236e+01   1.5860e-01   5.7840e-05   3.5341e+02
20260624_21:00:00   2.9565e-01   7.3691e+01   2.2333e+01   7.3362e-02   4.8100e-05   3.5562e+02
20260624_22:00:00   3.8258e-01   9.0536e+01   2.2805e+01   1.6826e-01   6.7300e-05   3.5627e+02
20260624_23:00:00   4.7965e-01   1.0765e+02   2.3478e+01   2.7193e-01   5.1760e-05   3.5681e+02
20260625_00:00:00   5.5624e-01   1.2003e+02   2.4293e+01   3.4845e-01   4.8758e-05   3.5730e+02
20260625_01:00:00   4.7789e-01   1.0734e+02   2.4573e+01   2.5411e-01   5.5741e-05   3.5927e+02
20260625_02:00:00   3.0826e-01   7.6148e+01   2.4154e+01   6.5901e-02   3.8260e-05   3.5936e+02
20260625_03:00:00   2.4752e-01   6.3583e+01   2.3740e+01   3.7617e-03   5.1798e-05   3.5829e+02
20260625_04:00:00   2.8117e-01   7.0479e+01   2.3756e+01   4.4444e-02   7.2356e-04   3.5859e+02
20260625_05:00:00   2.9016e-01   7.2252e+01   2.3824e+01   5.4477e-02   1.6522e-03   3.5972e+02
20260625_06:00:00   2.7143e-01   6.8366e+01   2.4346e+01   2.8984e-02   3.3261e-02   3.5842e+02
20260625_09:00:00   2.6070e-01   6.6190e+01   2.5505e+01   0.0000e+00   2.9204e-03   3.5954e+02
20260625_12:00:00   2.5153e-01   6.4394e+01   2.4533e+01   0.0000e+00   1.8866e-03   3.5870e+02
20260625_15:00:00   3.2201e-01   7.8940e+01   2.7287e+01   5.2567e-02   4.1836e-03   3.5786e+02
20260625_18:00:00   2.9632e-01   7.4151e+01   2.6999e+01   3.1609e-02   4.5157e-02   3.5375e+02
20260625_21:00:00   3.1034e-01   7.7241e+01   2.9997e+01   1.4085e-02   3.7796e-02   3.4970e+02
20260626_00:00:00   7.3619e-01   1.4635e+02   3.3903e+01   4.4988e-01   2.2608e-02   3.4582e+02
20260626_03:00:00   3.0238e-01   7.5230e+01   3.0880e+01   0.0000e+00   9.1877e-02   3.4503e+02
20260626_06:00:00   3.1386e-01   7.7032e+01   3.0986e+01   1.8748e-02   1.3659e-01   3.4433e+02
20260626_09:00:00   3.4371e-01   8.2978e+01   3.1071e+01   4.6769e-02   4.2059e-02   3.5173e+02
20260626_12:00:00   1.1368e+00   1.8827e+02   3.3078e+01   9.1367e-01   1.0592e-01   3.5007e+02
20260626_15:00:00   4.3881e-01   1.0162e+02   3.3113e+01   1.2528e-01   6.5278e-03   3.4821e+02
20260626_18:00:00   3.4919e-01   8.4860e+01   3.3015e+01   2.9840e-02   9.3983e-03   3.4613e+02
20260626_21:00:00   3.4062e-01   8.3378e+01   3.4175e+01   9.8980e-03   1.0784e-02   3.5354e+02
20260627_00:00:00   3.3724e-01   8.2502e+01   3.4339e+01   4.8040e-06   1.9946e-03   3.5398e+02
20260627_03:00:00   3.7871e-01   9.0453e+01   3.6881e+01   1.0056e-02   2.0703e-03   3.5002e+02
20260627_06:00:00   3.8039e-01   9.0929e+01   3.6655e+01   8.3724e-03   5.6097e-03   3.4482e+02
20260627_09:00:00   3.2043e-01   7.9562e+01   3.0454e+01   0.0000e+00   1.8159e-02   3.4443e+02
20260627_12:00:00   2.9421e-01   7.4231e+01   2.8322e+01   9.5900e-04   5.0767e-03   3.3695e+02
20260627_15:00:00   2.8506e-01   7.2352e+01   2.8207e+01   8.8300e-05   5.1558e-03   3.3228e+02
20260627_18:00:00   2.9713e-01   7.4832e+01   3.1384e+01   2.4680e-03   1.3295e-02   3.3085e+02
20260627_21:00:00   3.1016e-01   7.7456e+01   3.4159e+01   5.9100e-05   3.3877e-05   3.2676e+02
20260628_00:00:00   3.2946e-01   8.1423e+01   3.6072e+01   5.1280e-04   7.2520e-03   3.2311e+02
20260628_03:00:00   3.7709e-01   9.0749e+01   4.0062e+01   7.5391e-03   2.3752e-01   3.1807e+02
20260628_06:00:00   7.1211e-01   1.4474e+02   4.4246e+01   3.2853e-01   1.3156e-02   3.2840e+02
20260628_09:00:00   5.4065e-01   1.1960e+02   4.8381e+01   8.1672e-02   3.4747e-01   3.2543e+02
20260628_12:00:00   4.9749e-01   1.1314e+02   4.6377e+01   5.0496e-02   9.5170e-03   3.4087e+02
20260628_15:00:00   4.1624e-01   9.9602e+01   3.8487e+01   3.1727e-02   0.0000e+00   3.3336e+02
20260628_18:00:00   4.1310e-01   9.9233e+01   4.0830e+01   6.5019e-04   1.0156e-03   3.3037e+02
20260628_21:00:00   3.4751e-01   8.6516e+01   3.3717e+01   0.0000e+00   2.1281e-03   3.3969e+02
20260629_00:00:00   3.1937e-01   8.0255e+01   2.9820e+01   0.0000e+00   7.8182e-04   3.2832e+02
20260629_03:00:00   1.9094e-01   5.1699e+01   1.6711e+01   0.0000e+00   2.2000e-03   3.2755e+02
20260629_06:00:00   1.9624e-01   5.2797e+01   1.8061e+01   0.0000e+00   5.2020e-04   3.2673e+02
20260629_09:00:00   2.2339e-01   5.8880e+01   2.1751e+01   0.0000e+00   8.4300e-04   3.2441e+02
20260629_12:00:00   2.2159e-01   5.8435e+01   2.2304e+01   0.0000e+00   4.2023e-04   3.2439e+02
20260629_15:00:00   2.9286e-01   7.3602e+01   3.2676e+01   0.0000e+00   1.4303e-01   3.2288e+02
20260629_18:00:00   3.3119e-01   8.2006e+01   3.6103e+01   0.0000e+00   2.9613e-03   3.2135e+02
20260629_21:00:00   5.9950e-01   1.3011e+02   4.2755e+01   2.3614e-01   4.5912e-02   3.2091e+02
20260630_00:00:00   1.2813e+00   2.0848e+02   4.6448e+01   1.0352e+00   1.0032e-01   3.2085e+02
20260630_03:00:00   3.7564e-01   9.2130e+01   3.3453e+01   2.6333e-02   1.0911e-02   3.2460e+02
20260630_06:00:00   2.4722e-01   6.5020e+01   2.2769e+01   5.9580e-05   3.4825e-04   3.2445e+02
20260630_09:00:00   2.3570e-01   6.1968e+01   2.3231e+01   0.0000e+00   8.8501e-04   3.2232e+02
20260630_12:00:00   2.3554e-01   6.1717e+01   2.4810e+01   0.0000e+00   1.3475e-04   3.2120e+02
20260630_15:00:00   2.2985e-01   6.0365e+01   2.5463e+01   0.0000e+00   1.5444e-03   3.2156e+02
20260630_18:00:00   2.4385e-01   6.3334e+01   2.7652e+01   0.0000e+00   7.2015e-03   3.2057e+02
20260630_21:00:00   3.3090e-01   8.1267e+01   3.2321e+01   5.1779e-02   1.1162e-01   3.1927e+02
20260701_00:00:00   2.4744e-01   6.4493e+01   2.7118e+01   2.9460e-06   6.7407e-04   3.1931e+02
20260701_03:00:00   2.7043e-01   6.9181e+01   3.0567e+01   0.0000e+00   8.2032e-03   3.1876e+02
20260701_06:00:00   3.6088e-01   8.7913e+01   3.9331e+01   4.3852e-04   1.6859e-03   3.1676e+02
20260701_09:00:00   4.8686e-01   1.1103e+02   4.6508e+01   4.8691e-02   3.0135e-02   3.1716e+02
20260701_12:00:00   4.2753e-01   1.0129e+02   4.3135e+01   2.3300e-03   1.1384e-03   3.2001e+02
20260701_15:00:00   5.5412e-01   1.2327e+02   4.6876e+01   1.2075e-01   8.6068e-03   3.1854e+02
20260701_18:00:00   4.3687e-01   1.0299e+02   4.5551e+01   3.9900e-03   2.3255e-01   3.1755e+02
20260701_21:00:00   4.4046e-01   1.0382e+02   4.4406e+01   1.2104e-02   1.1586e-02   3.2116e+02
20260702_00:00:00   7.9001e-01   1.5484e+02   4.8938e+01   3.6469e-01   3.8312e-01   3.1877e+02
20260702_03:00:00   6.0069e-01   1.2929e+02   4.6975e+01   1.7436e-01   2.0454e-01   3.2140e+02
20260702_06:00:00   4.5080e-01   1.0535e+02   4.3648e+01   3.4779e-02   2.2201e-01   3.2323e+02
20260702_09:00:00   4.0130e-01   9.5971e+01   4.2213e+01   0.0000e+00   1.5543e-01   3.2235e+02
20260702_12:00:00   4.8572e-01   1.1079e+02   4.5142e+01   5.7203e-02   1.2008e-01   3.2709e+02
20260702_15:00:00   5.5658e-01   1.2225e+02   4.5452e+01   1.2990e-01   5.0570e-01   3.2691e+02
20260702_18:00:00   6.8905e-01   1.4154e+02   4.5383e+01   2.8545e-01   5.5490e-01   3.2552e+02
20260702_21:00:00   4.2663e-01   1.0081e+02   4.3710e+01   3.3071e-03   9.4245e-02   3.2743e+02
20260703_00:00:00   3.8416e-01   9.2896e+01   3.9413e+01   0.0000e+00   1.0223e-01   3.2746e+02
20260703_03:00:00   3.5391e-01   8.6840e+01   3.6306e+01   0.0000e+00   7.5128e-02   3.2826e+02
20260703_06:00:00   3.5134e-01   8.5955e+01   3.6062e+01   0.0000e+00   1.6063e-01   3.2543e+02
20260703_09:00:00   3.0093e-01   7.5554e+01   3.0933e+01   0.0000e+00   1.2454e-01   3.2658e+02
20260703_12:00:00   2.8053e-01   7.0990e+01   2.8781e+01   0.0000e+00   1.3976e-01   3.3094e+02
20260703_15:00:00   2.6058e-01   6.6800e+01   2.6137e+01   0.0000e+00   1.3052e-01   3.3708e+02
20260703_18:00:00   2.1822e-01   5.7403e+01   2.1882e+01   0.0000e+00   1.6615e-01   3.3152e+02
20260703_21:00:00   2.0880e-01   5.5332e+01   2.0212e+01   0.0000e+00   8.2647e-02   3.3464e+02
20260704_00:00:00   2.0410e-01   5.4215e+01   1.9462e+01   0.0000e+00   2.2977e-03   3.4987e+02
20260704_03:00:00   2.0282e-01   5.3919e+01   1.8456e+01   0.0000e+00   1.1696e-03   3.4782e+02
20260704_06:00:00   2.1168e-01   5.5938e+01   1.8603e+01   0.0000e+00   0.0000e+00   3.5507e+02
20260704_09:00:00   1.9450e-01   5.1898e+01   1.6682e+01   0.0000e+00   0.0000e+00   3.5832e+02
20260704_12:00:00   1.7374e-01   4.6975e+01   1.4834e+01   0.0000e+00   0.0000e+00   3.6054e+02
20260704_15:00:00   1.5217e-01   4.1919e+01   1.2586e+01   0.0000e+00   3.1860e-06   3.5510e+02
20260704_18:00:00   1.4680e-01   4.0724e+01   1.2282e+01   0.0000e+00   3.8340e-04   3.5342e+02
20260704_21:00:00   1.6235e-01   4.4507e+01   1.4321e+01   0.0000e+00   3.1520e-04   3.5116e+02
20260705_00:00:00   1.7991e-01   4.8703e+01   1.6145e+01   0.0000e+00   2.0280e-06   3.5241e+02
20260705_03:00:00   2.0269e-01   5.3989e+01   1.7956e+01   0.0000e+00   0.0000e+00   3.5685e+02
20260705_06:00:00   2.1021e-01   5.5666e+01   1.8574e+01   0.0000e+00   1.8299e-04   3.5275e+02
20260705_09:00:00   2.1627e-01   5.6982e+01   1.8972e+01   0.0000e+00   5.7410e-03   3.5597e+02
20260705_12:00:00   2.1686e-01   5.7080e+01   1.9202e+01   0.0000e+00   1.9836e-03   3.5473e+02
20260705_15:00:00   2.2182e-01   5.8320e+01   2.0037e+01   0.0000e+00   2.8911e-03   3.4969e+02
20260705_18:00:00   2.2696e-01   5.9496e+01   2.1493e+01   8.5060e-05   3.4208e-03   3.4607e+02
20260705_21:00:00   2.1932e-01   5.7749e+01   2.0960e+01   6.5920e-04   7.6871e-02   3.4471e+02
20260706_00:00:00   2.2075e-01   5.7826e+01   2.1493e+01   0.0000e+00   7.1357e-02   3.4603e+02
20260706_03:00:00   2.1957e-01   5.7319e+01   2.1458e+01   0.0000e+00   6.9397e-03   3.4666e+02
20260706_06:00:00   1.9695e-01   5.2115e+01   1.9197e+01   0.0000e+00   3.4001e-03   3.4758e+02
