#            date       tau255        Tb[K]      pwv[mm] lwp[kg*m^-2] iwp[kg*m^-2]       o3[DU]
20260307_00:00:00   6.5974e-01   1.3258e+02   1.2750e+01   5.5699e-01   1.0462e-03   2.9331e+02
20260307_01:00:00   7.2621e-01   1.4162e+02   1.2486e+01   6.3496e-01   9.6848e-04   2.9118e+02
20260307_02:00:00   7.0413e-01   1.3872e+02   1.2865e+01   6.0722e-01   2.7076e-03   2.9015e+02
20260307_03:00:00   6.4728e-01   1.3103e+02   1.3294e+01   5.3913e-01   4.2854e-03   2.8957e+02
20260307_04:00:00   7.8699e-01   1.4972e+02   1.3315e+01   6.9873e-01   7.3421e-04   2.8720e+02
20260307_05:00:00   8.1203e-01   1.5296e+02   1.3183e+01   7.2893e-01   6.7362e-04   2.8676e+02
20260307_06:00:00   5.0453e-01   1.0955e+02   1.3133e+01   3.7994e-01   1.5206e-03   2.7827e+02
20260307_07:00:00   5.2274e-01   1.1245e+02   1.6843e+01   3.7871e-01   9.0758e-04   2.7484e+02
20260307_08:00:00   5.2217e-01   1.1240e+02   1.8056e+01   3.7031e-01   2.2266e-04   2.7416e+02
20260307_09:00:00   4.8991e-01   1.0739e+02   2.0537e+01   3.1265e-01   1.5525e-04   2.7020e+02
20260307_10:00:00   5.7275e-01   1.2099e+02   2.3740e+01   3.7322e-01   8.5329e-05   2.7047e+02
20260307_11:00:00   5.6850e-01   1.2031e+02   2.4054e+01   3.6564e-01   1.1016e-04   2.7024e+02
20260307_12:00:00   6.0585e-01   1.2635e+02   2.4082e+01   4.0589e-01   2.3965e-03   2.7040e+02
20260307_13:00:00   5.8819e-01   1.2388e+02   2.4438e+01   3.8339e-01   3.7346e-03   2.6912e+02
20260307_14:00:00   5.6731e-01   1.2088e+02   2.4479e+01   3.5996e-01   1.7557e-03   2.7134e+02
20260307_15:00:00   5.6021e-01   1.1998e+02   2.4983e+01   3.5000e-01   4.0533e-03   2.7299e+02
20260307_16:00:00   5.5185e-01   1.1879e+02   2.5529e+01   3.3541e-01   5.4054e-04   2.7496e+02
20260307_17:00:00   5.1518e-01   1.1289e+02   2.6554e+01   2.8516e-01   7.3068e-04   2.7262e+02
20260307_18:00:00   5.2805e-01   1.1515e+02   2.6836e+01   3.0024e-01   4.2671e-04   2.7212e+02
20260307_19:00:00   4.6912e-01   1.0548e+02   2.6747e+01   2.3525e-01   5.4395e-04   2.6936e+02
20260307_20:00:00   4.5441e-01   1.0314e+02   2.6092e+01   2.2636e-01   6.4465e-04   2.7073e+02
20260307_21:00:00   4.5989e-01   1.0427e+02   2.5942e+01   2.3352e-01   1.0354e-03   2.7154e+02
20260307_22:00:00   4.8207e-01   1.0829e+02   2.6040e+01   2.5692e-01   1.9960e-04   2.6962e+02
20260307_23:00:00   5.0966e-01   1.1302e+02   2.6894e+01   2.7935e-01   1.2350e-06   2.6964e+02
20260308_00:00:00   5.1841e-01   1.1459e+02   2.6368e+01   2.9470e-01   1.5974e-04   2.6748e+02
20260308_01:00:00   5.3783e-01   1.1769e+02   2.4377e+01   3.4029e-01   1.2329e-03   2.6906e+02
20260308_02:00:00   5.4965e-01   1.1956e+02   2.5940e+01   3.3851e-01   5.7826e-03   2.7022e+02
20260308_03:00:00   5.8671e-01   1.2535e+02   2.8540e+01   3.5296e-01   2.4035e-03   2.7431e+02
20260308_04:00:00   5.9856e-01   1.2714e+02   3.0146e+01   3.4652e-01   1.0719e-02   2.7311e+02
20260308_05:00:00   1.1838e+00   1.9301e+02   3.2355e+01   9.8597e-01   4.9205e-01   2.6967e+02
20260308_06:00:00   5.2752e-01   1.1575e+02   2.9636e+01   2.7589e-01   1.9189e-01   2.7050e+02
20260308_07:00:00   3.8627e-01   9.0856e+01   3.0338e+01   9.7772e-02   2.9651e-01   2.7292e+02
20260308_08:00:00   3.8767e-01   9.0932e+01   2.9528e+01   1.0451e-01   1.6651e-01   2.7853e+02
20260308_09:00:00   3.6487e-01   8.7156e+01   2.6431e+01   1.0824e-01   1.8101e-02   2.7915e+02
20260308_10:00:00   3.7680e-01   8.9517e+01   2.3908e+01   1.4885e-01   3.8321e-02   2.7960e+02
20260308_11:00:00   4.2162e-01   9.7844e+01   2.3393e+01   2.0475e-01   1.5664e-02   2.8262e+02
20260308_12:00:00   6.4293e-01   1.3394e+02   2.4088e+01   4.5609e-01   9.5576e-03   2.8616e+02
20260308_13:00:00   5.0997e-01   1.1296e+02   2.3043e+01   3.1530e-01   3.9244e-02   2.8820e+02
20260308_14:00:00   8.1785e-01   1.5525e+02   2.4371e+01   6.4632e-01   1.4053e-02   2.9072e+02
20260308_15:00:00   3.5590e-01   8.3866e+01   2.0561e+01   1.6168e-01   1.0407e-01   2.9871e+02
20260308_16:00:00   3.9106e-01   8.9782e+01   2.0557e+01   1.9948e-01   3.6743e-01   3.0198e+02
20260308_17:00:00   5.0133e-01   1.0815e+02   2.0412e+01   3.2074e-01   3.8374e-01   2.9408e+02
20260308_18:00:00   1.6177e-01   4.2676e+01   1.3439e+01   2.7046e-03   1.4491e-01   2.9366e+02
20260308_19:00:00   1.3077e-01   3.5616e+01   9.0041e+00   0.0000e+00   5.7790e-03   3.0986e+02
20260308_20:00:00   1.2899e-01   3.5141e+01   8.6940e+00   3.6540e-05   4.1679e-02   3.2420e+02
20260308_21:00:00   1.2521e-01   3.4249e+01   8.1991e+00   0.0000e+00   1.1830e-02   3.3956e+02
20260308_22:00:00   1.2093e-01   3.3236e+01   7.4309e+00   0.0000e+00   0.0000e+00   3.4954e+02
20260308_23:00:00   1.2543e-01   3.4306e+01   7.9495e+00   0.0000e+00   0.0000e+00   3.5922e+02
20260309_00:00:00   1.2809e-01   3.4943e+01   8.5350e+00   0.0000e+00   0.0000e+00   3.6252e+02
20260309_01:00:00   1.3062e-01   3.5576e+01   8.9634e+00   0.0000e+00   0.0000e+00   3.6066e+02
20260309_02:00:00   1.3205e-01   3.5941e+01   9.0657e+00   1.0588e-04   0.0000e+00   3.6723e+02
20260309_03:00:00   1.2667e-01   3.4630e+01   8.3553e+00   8.0280e-06   0.0000e+00   3.6136e+02
20260309_04:00:00   1.1272e-01   3.1226e+01   6.6692e+00   0.0000e+00   0.0000e+00   3.5951e+02
20260309_05:00:00   1.0949e-01   3.0393e+01   6.3261e+00   0.0000e+00   0.0000e+00   3.5908e+02
20260309_06:00:00   1.0683e-01   2.9715e+01   6.0312e+00   0.0000e+00   1.0004e-04   3.5452e+02
20260309_07:00:00   1.0292e-01   2.8754e+01   5.5379e+00   0.0000e+00   7.1704e-04   3.4842e+02
20260309_08:00:00   9.9107e-02   2.7830e+01   5.0039e+00   0.0000e+00   2.4461e-03   3.5146e+02
20260309_09:00:00   9.7591e-02   2.7478e+01   4.7144e+00   0.0000e+00   2.1058e-03   3.4923e+02
20260309_10:00:00   9.7910e-02   2.7573e+01   4.7061e+00   0.0000e+00   4.3737e-05   3.4634e+02
20260309_11:00:00   9.6619e-02   2.7252e+01   4.6541e+00   0.0000e+00   2.2520e-04   3.4063e+02
20260309_12:00:00   1.0731e-01   2.9818e+01   6.5538e+00   0.0000e+00   0.0000e+00   3.3376e+02
20260309_13:00:00   1.3228e-01   3.5702e+01   1.0545e+01   0.0000e+00   8.5720e-04   3.3628e+02
20260309_14:00:00   1.3878e-01   3.7304e+01   1.1453e+01   0.0000e+00   4.7225e-04   3.3502e+02
20260309_15:00:00   1.5326e-01   4.0824e+01   1.3273e+01   0.0000e+00   7.7041e-04   3.2943e+02
20260309_16:00:00   1.5990e-01   4.2507e+01   1.3998e+01   0.0000e+00   1.4090e-04   3.2693e+02
20260309_17:00:00   1.5488e-01   4.1349e+01   1.3443e+01   0.0000e+00   2.2088e-03   3.2417e+02
20260309_18:00:00   1.5043e-01   4.0386e+01   1.2779e+01   0.0000e+00   3.6166e-04   3.2524e+02
20260309_19:00:00   1.5349e-01   4.1196e+01   1.2920e+01   0.0000e+00   2.2572e-04   3.2559e+02
20260309_20:00:00   1.5585e-01   4.1795e+01   1.3118e+01   0.0000e+00   3.1060e-05   3.2709e+02
20260309_21:00:00   1.5480e-01   4.1635e+01   1.2719e+01   0.0000e+00   0.0000e+00   3.4454e+02
20260309_22:00:00   1.5051e-01   4.0621e+01   1.2171e+01   0.0000e+00   0.0000e+00   3.4583e+02
20260309_23:00:00   1.4394e-01   3.9061e+01   1.1484e+01   0.0000e+00   0.0000e+00   3.4670e+02
20260310_00:00:00   1.3834e-01   3.7721e+01   1.0952e+01   0.0000e+00   0.0000e+00   3.4506e+02
20260310_01:00:00   1.3655e-01   3.7281e+01   1.0792e+01   0.0000e+00   0.0000e+00   3.4718e+02
20260310_02:00:00   1.3570e-01   3.7067e+01   1.0740e+01   0.0000e+00   0.0000e+00   3.4341e+02
20260310_03:00:00   1.3807e-01   3.7628e+01   1.1120e+01   0.0000e+00   0.0000e+00   3.4839e+02
20260310_04:00:00   1.4344e-01   3.8943e+01   1.1842e+01   0.0000e+00   0.0000e+00   3.5442e+02
20260310_05:00:00   1.4571e-01   3.9520e+01   1.2092e+01   0.0000e+00   0.0000e+00   3.5451e+02
20260310_06:00:00   1.4631e-01   3.9704e+01   1.2119e+01   0.0000e+00   0.0000e+00   3.4468e+02
20260310_07:00:00   1.4874e-01   4.0303e+01   1.2373e+01   0.0000e+00   0.0000e+00   3.3910e+02
20260310_08:00:00   1.5247e-01   4.1201e+01   1.2837e+01   0.0000e+00   0.0000e+00   3.4021e+02
20260310_09:00:00   1.5722e-01   4.2334e+01   1.3443e+01   0.0000e+00   0.0000e+00   3.3648e+02
20260310_10:00:00   1.5840e-01   4.2637e+01   1.3600e+01   0.0000e+00   0.0000e+00   3.3812e+02
20260310_11:00:00   1.5323e-01   4.1478e+01   1.2767e+01   0.0000e+00   0.0000e+00   3.4321e+02
20260310_12:00:00   1.5133e-01   4.1069e+01   1.2434e+01   0.0000e+00   0.0000e+00   3.4405e+02
20260310_13:00:00   1.5917e-01   4.2943e+01   1.3316e+01   0.0000e+00   0.0000e+00   3.4904e+02
20260310_14:00:00   1.7033e-01   4.5585e+01   1.4595e+01   0.0000e+00   0.0000e+00   3.5028e+02
20260310_15:00:00   1.8182e-01   4.8320e+01   1.5768e+01   0.0000e+00   3.8000e-05   3.4845e+02
20260310_16:00:00   1.9238e-01   5.0814e+01   1.6762e+01   0.0000e+00   3.0435e-04   3.4342e+02
20260310_17:00:00   2.0156e-01   5.2964e+01   1.7536e+01   0.0000e+00   9.7400e-04   3.3902e+02
20260310_18:00:00   2.0787e-01   5.4447e+01   1.8029e+01   0.0000e+00   1.7374e-03   3.4781e+02
20260310_19:00:00   2.1274e-01   5.5649e+01   1.8443e+01   0.0000e+00   1.5026e-03   3.4377e+02
20260310_20:00:00   2.3249e-01   6.0094e+01   1.9510e+01   1.0126e-02   1.3116e-03   3.3883e+02
20260310_21:00:00   2.2794e-01   5.9128e+01   2.0024e+01   0.0000e+00   2.7904e-04   3.3527e+02
20260310_22:00:00   2.4259e-01   6.2240e+01   2.1991e+01   0.0000e+00   0.0000e+00   3.2904e+02
20260310_23:00:00   2.5649e-01   6.5174e+01   2.3645e+01   0.0000e+00   0.0000e+00   3.2878e+02
20260311_00:00:00   2.6872e-01   6.7788e+01   2.4691e+01   0.0000e+00   0.0000e+00   3.2870e+02
20260311_01:00:00   2.8042e-01   7.0307e+01   2.5557e+01   1.5256e-03   1.0834e-06   3.2479e+02
20260311_02:00:00   3.1627e-01   7.7643e+01   2.6998e+01   3.0135e-02   3.2919e-04   3.1994e+02
20260311_03:00:00   2.9003e-01   7.2214e+01   2.7085e+01   5.4580e-04   1.8194e-03   3.1568e+02
20260311_04:00:00   2.9929e-01   7.4132e+01   2.6093e+01   2.1457e-02   2.3160e-03   3.1155e+02
20260311_05:00:00   2.6716e-01   6.7499e+01   2.4758e+01   0.0000e+00   8.9506e-03   3.0935e+02
20260311_06:00:00   2.6404e-01   6.6826e+01   2.4482e+01   0.0000e+00   7.6366e-03   3.1048e+02
20260311_07:00:00   2.6500e-01   6.7003e+01   2.4292e+01   0.0000e+00   1.8144e-02   3.0726e+02
20260311_08:00:00   2.5828e-01   6.5599e+01   2.3366e+01   4.8706e-05   4.6172e-03   3.0649e+02
20260311_09:00:00   2.6336e-01   6.6604e+01   2.3616e+01   3.4499e-03   1.0282e-03   3.1018e+02
20260311_10:00:00   2.9698e-01   7.3730e+01   2.3681e+01   4.3444e-02   3.2072e-03   3.1204e+02
20260311_11:00:00   4.2485e-01   9.8267e+01   2.5861e+01   1.7640e-01   1.9851e-02   3.1058e+02
20260311_12:00:00   5.6725e-01   1.2218e+02   2.8043e+01   3.2199e-01   5.7201e-02   3.1524e+02
20260311_13:00:00   5.2829e-01   1.1635e+02   3.0933e+01   2.5649e-01   2.4209e-01   3.1395e+02
20260311_14:00:00   6.0465e-01   1.2857e+02   3.1719e+01   3.4451e-01   1.9080e-01   3.1559e+02
20260311_15:00:00   7.6823e-01   1.5069e+02   3.2683e+01   5.2076e-01   4.0076e-01   3.1529e+02
20260311_16:00:00   1.2237e+00   1.9632e+02   3.3987e+01   1.0158e+00   1.3427e-01   3.1288e+02
20260311_17:00:00   1.2355e+00   1.9729e+02   3.5050e+01   1.0177e+00   3.8748e-01   3.1186e+02
20260311_18:00:00   1.0441e+00   1.8014e+02   3.5423e+01   7.8985e-01   2.7304e-01   3.0945e+02
20260311_19:00:00   1.0482e+00   1.8152e+02   3.5988e+01   7.9883e-01   6.9782e-03   3.0784e+02
20260311_20:00:00   8.3366e-01   1.5763e+02   3.5332e+01   5.5510e-01   6.3361e-02   3.0573e+02
20260311_21:00:00   3.4739e-01   8.3880e+01   3.4808e+01   8.5247e-03   1.1853e-01   3.0720e+02
20260311_22:00:00   3.2457e-01   7.9549e+01   3.3195e+01   3.6370e-05   5.3075e-02   3.0491e+02
20260311_23:00:00   3.1599e-01   7.7966e+01   3.1833e+01   1.8818e-03   1.9205e-01   3.0827e+02
20260312_00:00:00   2.9731e-01   7.4328e+01   2.9831e+01   2.1808e-04   3.7343e-02   3.0667e+02
20260312_03:00:00   2.7312e-01   6.9306e+01   2.7564e+01   2.0400e-05   6.0009e-02   3.0397e+02
20260312_06:00:00   3.2862e-01   8.0960e+01   2.9749e+01   4.4089e-02   1.0262e-01   2.9334e+02
20260312_09:00:00   3.2321e-01   7.9511e+01   3.1306e+01   1.6725e-02   3.4998e-01   2.8927e+02
20260312_12:00:00   4.6027e-01   1.0603e+02   2.7638e+01   2.2005e-01   8.4739e-02   2.8775e+02
20260312_15:00:00   6.2364e-01   1.3258e+02   2.5984e+01   4.2659e-01   9.8807e-03   2.8861e+02
20260312_18:00:00   8.1758e-01   1.5806e+02   3.0510e+01   6.0533e-01   6.3596e-02   2.9052e+02
20260312_21:00:00   8.9650e-01   1.6340e+02   2.6427e+01   7.2076e-01   5.1821e-01   2.9417e+02
20260313_00:00:00   1.1921e-01   3.2322e+01   7.9900e+00   4.0040e-07   3.6490e-02   3.1290e+02
20260313_03:00:00   1.0758e-01   2.9167e+01   5.9020e+00   0.0000e+00   9.3042e-03   3.3929e+02
20260313_06:00:00   1.0689e-01   2.8692e+01   5.4179e+00   0.0000e+00   7.5355e-03   4.0008e+02
20260313_09:00:00   9.9165e-02   2.6712e+01   4.3871e+00   0.0000e+00   7.8735e-03   4.1033e+02
20260313_12:00:00   8.5997e-02   2.3717e+01   2.6008e+00   0.0000e+00   0.0000e+00   4.0852e+02
20260313_15:00:00   9.1742e-02   2.5124e+01   3.6536e+00   0.0000e+00   0.0000e+00   4.1091e+02
20260313_18:00:00   1.0348e-01   2.8111e+01   5.5931e+00   0.0000e+00   3.2369e-03   3.9017e+02
20260313_21:00:00   1.4254e-01   3.7332e+01   1.1092e+01   0.0000e+00   3.0344e-02   3.7746e+02
20260314_00:00:00   1.5659e-01   4.0687e+01   1.3176e+01   0.0000e+00   1.3068e-01   3.6839e+02
20260314_03:00:00   1.6338e-01   4.2471e+01   1.3886e+01   0.0000e+00   6.4414e-03   3.5660e+02
20260314_06:00:00   1.6858e-01   4.3810e+01   1.4584e+01   0.0000e+00   3.3047e-02   3.5181e+02
20260314_09:00:00   1.6048e-01   4.2025e+01   1.3505e+01   0.0000e+00   5.4017e-02   3.5009e+02
20260314_12:00:00   4.2226e-01   9.4523e+01   1.2717e+01   2.9275e-01   2.5756e-02   3.5458e+02
20260314_15:00:00   1.2186e-01   3.2889e+01   8.1149e+00   2.8960e-07   1.1852e-02   3.6400e+02
20260314_18:00:00   1.1421e-01   3.1016e+01   7.1275e+00   0.0000e+00   1.3111e-03   3.6169e+02
20260314_21:00:00   1.2007e-01   3.2257e+01   7.9922e+00   0.0000e+00   4.8494e-04   3.7704e+02
20260315_00:00:00   1.1747e-01   3.1595e+01   7.4900e+00   0.0000e+00   6.3367e-04   3.8871e+02
20260315_03:00:00   1.1774e-01   3.1595e+01   7.4018e+00   0.0000e+00   9.5535e-04   3.8904e+02
20260315_06:00:00   1.1763e-01   3.1435e+01   7.5999e+00   0.0000e+00   7.2638e-02   3.8571e+02
20260315_09:00:00   1.1677e-01   3.1221e+01   7.6291e+00   0.0000e+00   1.6593e-01   3.8315e+02
20260315_12:00:00   1.3336e-01   3.5077e+01   9.6900e+00   0.0000e+00   4.6410e-01   3.8244e+02
20260315_15:00:00   1.5103e-01   3.9178e+01   1.1968e+01   0.0000e+00   3.1361e-01   3.7521e+02
20260315_18:00:00   1.6831e-01   4.3184e+01   1.4155e+01   0.0000e+00   2.7064e-01   3.7139e+02
20260315_21:00:00   1.8215e-01   4.6436e+01   1.5764e+01   4.1743e-04   7.2637e-02   3.6510e+02
20260316_00:00:00   2.2854e-01   5.6650e+01   1.8178e+01   2.7166e-02   2.4078e-01   3.6328e+02
20260316_03:00:00   7.4390e-01   1.4271e+02   1.8008e+01   6.1175e-01   2.0706e-02   3.5770e+02
20260316_06:00:00   1.2407e+00   1.9380e+02   1.8719e+01   1.1707e+00   5.5020e-03   3.4817e+02
20260316_09:00:00   1.2777e+00   1.9848e+02   2.0143e+01   1.2084e+00   2.4783e-02   3.4948e+02
20260316_12:00:00   1.1104e+00   1.8624e+02   1.9671e+01   1.0257e+00   2.4911e-04   3.4406e+02
20260316_15:00:00   7.4852e-01   1.4751e+02   2.0393e+01   6.0449e-01   1.2287e-02   3.4412e+02
20260316_18:00:00   5.6534e-01   1.2161e+02   2.4749e+01   3.4694e-01   9.9169e-03   3.3957e+02
20260316_21:00:00   4.7365e-01   1.0747e+02   2.2080e+01   2.6737e-01   8.4088e-04   3.4097e+02
20260317_00:00:00   7.3026e-01   1.4666e+02   2.5495e+01   5.4375e-01   5.0059e-03   3.4410e+02
20260317_03:00:00   6.8181e-01   1.3500e+02   2.0785e+01   5.2114e-01   3.1825e-01   3.5512e+02
20260317_06:00:00   3.6111e-01   8.2878e+01   1.5093e+01   2.1369e-01   1.1357e-01   3.7374e+02
20260317_09:00:00   1.0177e-01   2.7849e+01   5.4261e+00   3.2020e-06   1.8020e-02   3.8994e+02
20260317_12:00:00   1.0123e-01   2.7531e+01   4.9511e+00   0.0000e+00   2.3646e-03   3.9099e+02
20260317_15:00:00   9.7323e-02   2.6486e+01   4.1826e+00   7.3900e-05   1.0703e-03   4.1319e+02
20260317_18:00:00   9.5726e-02   2.6053e+01   3.6529e+00   0.0000e+00   8.3668e-04   4.5892e+02
20260317_21:00:00   9.3547e-02   2.5596e+01   3.3222e+00   0.0000e+00   5.1617e-06   4.5980e+02
20260318_00:00:00   9.2594e-02   2.5409e+01   3.2574e+00   0.0000e+00   5.6079e-06   4.1526e+02
20260318_03:00:00   9.5510e-02   2.6082e+01   3.8420e+00   0.0000e+00   1.5262e-03   4.1378e+02
20260318_06:00:00   9.8626e-02   2.6762e+01   4.6872e+00   0.0000e+00   1.4871e-01   4.2061e+02
20260318_09:00:00   1.0059e-01   2.7264e+01   5.0923e+00   0.0000e+00   2.0648e-03   4.0035e+02
20260318_12:00:00   1.0326e-01   2.7898e+01   5.6498e+00   0.0000e+00   8.0984e-03   3.8565e+02
20260318_15:00:00   1.1430e-01   3.0509e+01   7.2801e+00   0.0000e+00   5.7085e-03   3.7387e+02
20260318_18:00:00   1.2869e-01   3.3906e+01   9.2379e+00   0.0000e+00   1.5788e-01   3.7256e+02
20260318_21:00:00   1.4204e-01   3.6976e+01   1.0792e+01   0.0000e+00   2.5203e-01   3.7781e+02
20260319_00:00:00   1.4939e-01   3.8647e+01   1.1445e+01   0.0000e+00   4.0915e-01   3.8416e+02
20260319_03:00:00   1.4791e-01   3.8331e+01   1.1238e+01   0.0000e+00   7.0400e-02   3.8243e+02
20260319_06:00:00   1.4536e-01   3.7716e+01   1.0770e+01   0.0000e+00   2.2751e-01   3.8066e+02
20260319_09:00:00   1.5141e-01   3.9093e+01   1.1251e+01   0.0000e+00   1.0479e-01   3.8250e+02
20260319_12:00:00   1.5109e-01   3.9085e+01   1.1134e+01   0.0000e+00   1.6411e-03   3.8330e+02
20260319_15:00:00   1.4950e-01   3.8859e+01   1.0717e+01   1.0490e-03   3.7495e-04   3.8560e+02
20260319_18:00:00   1.9185e-01   4.8456e+01   1.0650e+01   4.8476e-02   3.7145e-03   3.9084e+02
20260319_21:00:00   1.6433e-01   4.2415e+01   1.1195e+01   1.2621e-02   4.7311e-03   3.9415e+02
20260320_00:00:00   1.5215e-01   3.9777e+01   1.0793e+01   3.3577e-04   2.1723e-03   3.8990e+02
20260320_03:00:00   1.5824e-01   4.1216e+01   1.0941e+01   6.9633e-03   1.1708e-02   3.9170e+02
20260320_06:00:00   1.8202e-01   4.6496e+01   1.5240e+01   5.6700e-05   3.4386e-02   3.9178e+02
20260320_09:00:00   5.3645e-01   1.1378e+02   1.6622e+01   3.8272e-01   4.0079e-01   3.9692e+02
20260320_12:00:00   1.1174e+00   1.8409e+02   1.7500e+01   1.0340e+00   2.3684e-01   4.0563e+02
20260320_15:00:00   3.0904e-01   7.4309e+01   1.5589e+01   1.3653e-01   1.5694e-02   3.9709e+02
20260320_18:00:00   3.0502e-01   7.3860e+01   1.6693e+01   1.2618e-01   1.7793e-02   4.0453e+02
20260320_21:00:00   2.6298e-01   6.5356e+01   1.7843e+01   6.3809e-02   6.5162e-02   3.9076e+02
20260321_00:00:00   9.4856e-01   1.6949e+02   1.8331e+01   8.4229e-01   1.0413e-01   3.8943e+02
20260321_03:00:00   7.6990e-01   1.4679e+02   1.8698e+01   6.2895e-01   4.6543e-01   3.9545e+02
20260321_06:00:00   2.8975e-01   6.9676e+01   1.6477e+01   1.1125e-01   3.8026e-01   4.0344e+02
20260321_09:00:00   1.2511e-01   3.3577e+01   5.3455e+00   1.9110e-02   4.6427e-04   4.1744e+02
20260321_12:00:00   8.8027e-02   2.4447e+01   2.9488e+00   0.0000e+00   1.9713e-05   4.2360e+02
20260321_15:00:00   8.3469e-02   2.3289e+01   2.3877e+00   0.0000e+00   2.2480e-05   4.1441e+02
20260321_18:00:00   8.7878e-02   2.4338e+01   3.0221e+00   0.0000e+00   4.9240e-04   4.0674e+02
20260321_21:00:00   9.5796e-02   2.6224e+01   4.3063e+00   0.0000e+00   1.8164e-04   3.9506e+02
20260322_00:00:00   9.6614e-02   2.6380e+01   4.7218e+00   0.0000e+00   7.8532e-03   3.8367e+02
20260322_03:00:00   9.5404e-02   2.6052e+01   4.6461e+00   0.0000e+00   1.4751e-01   3.6836e+02
20260322_06:00:00   9.5808e-02   2.6144e+01   4.8194e+00   0.0000e+00   3.1650e-02   3.6131e+02
20260322_09:00:00   1.0144e-01   2.7429e+01   5.6610e+00   0.0000e+00   1.2237e-01   3.5130e+02
20260322_12:00:00   1.0555e-01   2.8403e+01   6.2983e+00   0.0000e+00   1.5036e-01   3.3982e+02
20260322_15:00:00   1.1328e-01   3.0229e+01   7.3490e+00   0.0000e+00   4.4402e-01   3.2867e+02
20260322_18:00:00   1.2377e-01   3.2711e+01   8.9903e+00   0.0000e+00   3.8320e-01   3.2370e+02
20260322_21:00:00   1.4090e-01   3.6709e+01   1.1230e+01   0.0000e+00   3.9029e-01   3.2800e+02
20260323_00:00:00   1.7131e-01   4.3670e+01   1.4538e+01   2.2822e-04   3.2737e-01   3.2314e+02
