#            date       tau255        Tb[K]      pwv[mm] lwp[kg*m^-2] iwp[kg*m^-2]       o3[DU]
20260111_18:00:00   1.0606e-01   2.8962e+01   5.7962e+00   0.0000e+00   0.0000e+00   3.3440e+02
20260111_19:00:00   1.1141e-01   3.0117e+01   6.4916e+00   0.0000e+00   0.0000e+00   3.3912e+02
20260111_20:00:00   1.1486e-01   3.0800e+01   6.8641e+00   0.0000e+00   6.8814e-04   3.4908e+02
20260111_21:00:00   1.1735e-01   3.1262e+01   6.9207e+00   0.0000e+00   1.6568e-02   3.7481e+02
20260111_22:00:00   1.1378e-01   3.0375e+01   6.2052e+00   0.0000e+00   4.9376e-04   4.1920e+02
20260111_23:00:00   1.0924e-01   2.9268e+01   5.4687e+00   0.0000e+00   5.4286e-04   4.1453e+02
20260112_00:00:00   1.0903e-01   2.9166e+01   5.3306e+00   0.0000e+00   1.2302e-03   4.2700e+02
20260112_01:00:00   1.0310e-01   2.7729e+01   4.5764e+00   0.0000e+00   1.3993e-05   4.2870e+02
20260112_02:00:00   1.1010e-01   2.9283e+01   5.4594e+00   0.0000e+00   5.4560e-04   4.3470e+02
20260112_03:00:00   1.0890e-01   2.8988e+01   5.3233e+00   0.0000e+00   6.7903e-04   4.4721e+02
20260112_04:00:00   1.0893e-01   2.8927e+01   5.3949e+00   0.0000e+00   5.6079e-04   4.6086e+02
20260112_05:00:00   1.0771e-01   2.8646e+01   5.2324e+00   3.3320e-04   3.0142e-03   4.6113e+02
20260112_06:00:00   1.0573e-01   2.8200e+01   5.1163e+00   0.0000e+00   1.1895e-03   4.0633e+02
20260112_07:00:00   1.0292e-01   2.7605e+01   4.8067e+00   0.0000e+00   1.8312e-04   3.8545e+02
20260112_08:00:00   1.0075e-01   2.7164e+01   4.5207e+00   0.0000e+00   3.1912e-05   3.7503e+02
20260112_09:00:00   9.5728e-02   2.6021e+01   3.8927e+00   0.0000e+00   9.4710e-06   3.7073e+02
20260112_10:00:00   9.1618e-02   2.5056e+01   3.4409e+00   0.0000e+00   5.5949e-06   3.7087e+02
20260112_11:00:00   9.0762e-02   2.4855e+01   3.4558e+00   0.0000e+00   2.2748e-06   3.6367e+02
20260112_12:00:00   9.1963e-02   2.5137e+01   3.6988e+00   0.0000e+00   4.0040e-08   3.5244e+02
20260112_13:00:00   9.5820e-02   2.6038e+01   4.3242e+00   0.0000e+00   5.8900e-05   3.4225e+02
20260112_14:00:00   1.0060e-01   2.7183e+01   4.9535e+00   0.0000e+00   0.0000e+00   3.3953e+02
20260112_15:00:00   1.0799e-01   2.8946e+01   5.8777e+00   0.0000e+00   5.9900e-06   3.3421e+02
20260112_16:00:00   1.1552e-01   3.0723e+01   6.7863e+00   0.0000e+00   1.3338e-03   3.3919e+02
20260112_17:00:00   1.2266e-01   3.2378e+01   7.6353e+00   0.0000e+00   8.3049e-04   3.4294e+02
20260112_18:00:00   1.2247e-01   3.2370e+01   7.5674e+00   0.0000e+00   2.6149e-04   3.4508e+02
20260112_19:00:00   1.2637e-01   3.3318e+01   7.9667e+00   0.0000e+00   3.8835e-04   3.5036e+02
20260112_20:00:00   1.2702e-01   3.3518e+01   7.9516e+00   0.0000e+00   1.1950e-04   3.5537e+02
20260112_21:00:00   1.3075e-01   3.4375e+01   8.3945e+00   0.0000e+00   3.5559e-04   3.5781e+02
20260112_22:00:00   1.2932e-01   3.4063e+01   8.1721e+00   0.0000e+00   5.4081e-05   3.5581e+02
20260112_23:00:00   1.2906e-01   3.3984e+01   8.1077e+00   0.0000e+00   1.9033e-05   3.5645e+02
20260113_00:00:00   1.2589e-01   3.3264e+01   7.7197e+00   0.0000e+00   1.7537e-05   3.6141e+02
20260113_01:00:00   1.2460e-01   3.2972e+01   7.5292e+00   0.0000e+00   2.1117e-05   3.5555e+02
20260113_02:00:00   1.2100e-01   3.2170e+01   7.0404e+00   0.0000e+00   1.4213e-05   3.5427e+02
20260113_03:00:00   1.1917e-01   3.1767e+01   6.7959e+00   0.0000e+00   3.4008e-05   3.5362e+02
20260113_04:00:00   1.1950e-01   3.1856e+01   6.8096e+00   0.0000e+00   8.8231e-05   3.5310e+02
20260113_05:00:00   1.1955e-01   3.1871e+01   6.8101e+00   0.0000e+00   6.0880e-05   3.5406e+02
20260113_06:00:00   1.2375e-01   3.2815e+01   7.3503e+00   0.0000e+00   3.3903e-05   3.5006e+02
20260113_07:00:00   1.2697e-01   3.3534e+01   7.7881e+00   0.0000e+00   3.5441e-05   3.5026e+02
20260113_08:00:00   1.2538e-01   3.3177e+01   7.5947e+00   0.0000e+00   1.0276e-05   3.5147e+02
20260113_09:00:00   1.2513e-01   3.3150e+01   7.5174e+00   0.0000e+00   1.8670e-05   3.4448e+02
20260113_10:00:00   1.2425e-01   3.2976e+01   7.3556e+00   0.0000e+00   1.4468e-05   3.3910e+02
20260113_11:00:00   1.2258e-01   3.2655e+01   7.1201e+00   0.0000e+00   1.4409e-05   3.4116e+02
20260113_12:00:00   1.1952e-01   3.1989e+01   6.7180e+00   0.0000e+00   1.0859e-05   3.3944e+02
20260113_13:00:00   1.1574e-01   3.1149e+01   6.2633e+00   0.0000e+00   1.0755e-05   3.3751e+02
20260113_14:00:00   1.1280e-01   3.0505e+01   5.9479e+00   0.0000e+00   7.5778e-06   3.4314e+02
20260113_15:00:00   1.1050e-01   3.0001e+01   5.7115e+00   0.0000e+00   5.4969e-06   3.4607e+02
20260113_16:00:00   1.0928e-01   2.9756e+01   5.6128e+00   0.0000e+00   1.6268e-04   3.5518e+02
20260113_17:00:00   1.0993e-01   2.9929e+01   5.8556e+00   0.0000e+00   2.4621e-05   3.4280e+02
20260113_18:00:00   1.1274e-01   3.0599e+01   6.4855e+00   0.0000e+00   5.5245e-03   3.3624e+02
20260113_19:00:00   1.2096e-01   3.2487e+01   7.8533e+00   0.0000e+00   2.2911e-02   3.3258e+02
20260113_20:00:00   1.2954e-01   3.4463e+01   9.1566e+00   0.0000e+00   3.6697e-02   3.3058e+02
20260113_21:00:00   1.3053e-01   3.4660e+01   9.3304e+00   0.0000e+00   1.2913e-01   3.3741e+02
20260113_22:00:00   1.2692e-01   3.3828e+01   8.9348e+00   0.0000e+00   1.5574e-01   3.4186e+02
20260113_23:00:00   1.2583e-01   3.3590e+01   8.8991e+00   0.0000e+00   3.2855e-02   3.4053e+02
20260114_00:00:00   1.3113e-01   3.4844e+01   9.6286e+00   1.4976e-05   1.2269e-02   3.4641e+02
20260114_01:00:00   1.3966e-01   3.6871e+01   1.0772e+01   0.0000e+00   2.7729e-03   3.4842e+02
20260114_02:00:00   1.4976e-01   3.9227e+01   1.2068e+01   0.0000e+00   2.6864e-02   3.4648e+02
20260114_03:00:00   1.4143e-01   3.7246e+01   1.1277e+01   0.0000e+00   8.2564e-02   3.4712e+02
20260114_04:00:00   1.4396e-01   3.7848e+01   1.1681e+01   0.0000e+00   2.8150e-02   3.4612e+02
20260114_05:00:00   1.5300e-01   3.9945e+01   1.2722e+01   0.0000e+00   2.9429e-02   3.4608e+02
20260114_06:00:00   1.5675e-01   4.0807e+01   1.3089e+01   0.0000e+00   8.6698e-02   3.4582e+02
20260114_07:00:00   1.5609e-01   4.0730e+01   1.2999e+01   0.0000e+00   1.0025e-02   3.4609e+02
20260114_08:00:00   1.5696e-01   4.0944e+01   1.3212e+01   0.0000e+00   9.9453e-03   3.4512e+02
20260114_09:00:00   1.6195e-01   4.2073e+01   1.3851e+01   0.0000e+00   1.9235e-02   3.4588e+02
20260114_10:00:00   1.6682e-01   4.3186e+01   1.4365e+01   0.0000e+00   5.1902e-02   3.4795e+02
20260114_11:00:00   1.7774e-01   4.5691e+01   1.5487e+01   0.0000e+00   4.1159e-02   3.4720e+02
20260114_12:00:00   1.9965e-01   5.0561e+01   1.6757e+01   8.9160e-03   1.0411e-01   3.4673e+02
20260114_13:00:00   1.9551e-01   4.9663e+01   1.6835e+01   4.4520e-03   5.7309e-02   3.4654e+02
20260114_14:00:00   1.9775e-01   5.0182e+01   1.6698e+01   8.5018e-03   4.3852e-02   3.4936e+02
20260114_15:00:00   2.0709e-01   5.2259e+01   1.6747e+01   1.8710e-02   2.8867e-02   3.5187e+02
20260114_16:00:00   1.9444e-01   4.9460e+01   1.6743e+01   4.3526e-03   2.0898e-02   3.5230e+02
20260114_17:00:00   2.0124e-01   5.0979e+01   1.6979e+01   9.5143e-03   2.9981e-02   3.5079e+02
20260114_18:00:00   2.3037e-01   5.7349e+01   1.7113e+01   4.0547e-02   1.4672e-02   3.5302e+02
20260114_19:00:00   2.6951e-01   6.5653e+01   1.7254e+01   8.2543e-02   5.5523e-02   3.5634e+02
20260114_20:00:00   3.6496e-01   8.4593e+01   1.7180e+01   1.9084e-01   3.7865e-02   3.5705e+02
20260114_21:00:00   4.5986e-01   1.0170e+02   1.6847e+01   3.0138e-01   4.1826e-02   3.5721e+02
20260114_22:00:00   4.6516e-01   1.0253e+02   1.6632e+01   3.0904e-01   2.8953e-02   3.6000e+02
20260114_23:00:00   5.0959e-01   1.0991e+02   1.6123e+01   3.6365e-01   1.9265e-02   3.5993e+02
20260115_00:00:00   5.1721e-01   1.1125e+02   1.5373e+01   3.7936e-01   9.4542e-02   3.6281e+02
20260115_01:00:00   5.0173e-01   1.0875e+02   1.5311e+01   3.6276e-01   1.3231e-01   3.5956e+02
20260115_02:00:00   4.6017e-01   1.0179e+02   1.5470e+01   3.1552e-01   9.6616e-02   3.6198e+02
20260115_03:00:00   3.9457e-01   9.0194e+01   1.5160e+01   2.4476e-01   1.4068e-01   3.6746e+02
20260115_04:00:00   4.0812e-01   9.2547e+01   1.5209e+01   2.5926e-01   1.9683e-01   3.6932e+02
20260115_05:00:00   3.6974e-01   8.5501e+01   1.5054e+01   2.1830e-01   2.8945e-02   3.6880e+02
20260115_06:00:00   3.8535e-01   8.8360e+01   1.4792e+01   2.3785e-01   4.0479e-02   3.6872e+02
20260115_07:00:00   3.7449e-01   8.6331e+01   1.4542e+01   2.2777e-01   2.1696e-02   3.6996e+02
20260115_08:00:00   3.5871e-01   8.3314e+01   1.4746e+01   2.0913e-01   7.5332e-02   3.6877e+02
20260115_09:00:00   3.4754e-01   8.1114e+01   1.4828e+01   1.9562e-01   1.9022e-01   3.6993e+02
20260115_10:00:00   3.3751e-01   7.9128e+01   1.5057e+01   1.8157e-01   2.4209e-01   3.6995e+02
20260115_11:00:00   3.1382e-01   7.4435e+01   1.5159e+01   1.5172e-01   3.3187e-01   3.7185e+02
20260115_12:00:00   3.0322e-01   7.2366e+01   1.4607e+01   1.4368e-01   8.3157e-02   3.7817e+02
20260115_13:00:00   4.0978e-01   9.2535e+01   1.4260e+01   2.6449e-01   2.5004e-01   3.8198e+02
20260115_14:00:00   4.2838e-01   9.5940e+01   1.3964e+01   2.8840e-01   1.8434e-01   3.8748e+02
20260115_15:00:00   5.2844e-01   1.1275e+02   1.3237e+01   4.0764e-01   9.2609e-02   3.8924e+02
20260115_16:00:00   6.9657e-01   1.3744e+02   1.2643e+01   6.0210e-01   1.8623e-02   3.9419e+02
20260115_17:00:00   8.2152e-01   1.5317e+02   1.1999e+01   7.4786e-01   1.0782e-02   3.9433e+02
20260115_18:00:00   7.9568e-01   1.4986e+02   1.1309e+01   7.2343e-01   4.2915e-03   3.9300e+02
20260115_19:00:00   7.0366e-01   1.3783e+02   1.0892e+01   6.2182e-01   4.2754e-03   3.9311e+02
20260115_20:00:00   6.1735e-01   1.2559e+02   1.0497e+01   5.2685e-01   4.5319e-03   3.9436e+02
20260115_21:00:00   5.8087e-01   1.1996e+02   1.0139e+01   4.8765e-01   6.7043e-03   3.9286e+02
20260115_22:00:00   4.9766e-01   1.0676e+02   1.0034e+01   3.9413e-01   1.4930e-02   3.9117e+02
20260115_23:00:00   5.3552e-01   1.1248e+02   9.5714e+00   4.3982e-01   2.9672e-02   3.8858e+02
20260116_00:00:00   5.6253e-01   1.1644e+02   9.1497e+00   4.7325e-01   4.2851e-02   3.8349e+02
20260116_01:00:00   5.0956e-01   1.0813e+02   9.1666e+00   4.1352e-01   6.4401e-02   3.8458e+02
20260116_02:00:00   2.8287e-01   6.7583e+01   8.6460e+00   1.6540e-01   3.4707e-02   3.8593e+02
20260116_03:00:00   3.3828e-01   7.8287e+01   8.5315e+00   2.2918e-01   3.8387e-02   3.8139e+02
20260116_04:00:00   3.3797e-01   7.8128e+01   8.8791e+00   2.2588e-01   9.5153e-02   3.8106e+02
20260116_05:00:00   2.4068e-01   5.8827e+01   8.6675e+00   1.2019e-01   4.4532e-02   3.8248e+02
20260116_06:00:00   1.6459e-01   4.2314e+01   8.7266e+00   3.5955e-02   2.2572e-01   3.8461e+02
20260116_07:00:00   2.6995e-01   6.4729e+01   9.3052e+00   1.4930e-01   2.6214e-01   3.9050e+02
20260116_08:00:00   2.1050e-01   5.2308e+01   9.5271e+00   8.1983e-02   2.8273e-01   3.9267e+02
20260116_09:00:00   1.9122e-01   4.7979e+01   9.8083e+00   5.7116e-02   4.0030e-01   3.9870e+02
20260116_10:00:00   1.4431e-01   3.7494e+01   1.0269e+01   1.9052e-03   3.6270e-01   4.0512e+02
20260116_11:00:00   1.6106e-01   4.1266e+01   1.0228e+01   1.9678e-02   4.3945e-01   4.0745e+02
20260116_12:00:00   2.2830e-01   5.5883e+01   1.0338e+01   9.2535e-02   6.5130e-01   4.1795e+02
20260116_13:00:00   2.0978e-01   5.1902e+01   9.9790e+00   7.4120e-02   6.5893e-01   4.2411e+02
20260116_14:00:00   2.0745e-01   5.1412e+01   9.8145e+00   7.4548e-02   2.8549e-01   4.4247e+02
20260116_15:00:00   1.4734e-01   3.8074e+01   9.7936e+00   6.4060e-03   4.3100e-01   4.4333e+02
20260116_16:00:00   1.4123e-01   3.6645e+01   9.6509e+00   1.8030e-04   5.4032e-01   4.2328e+02
20260116_17:00:00   1.3990e-01   3.6345e+01   9.5289e+00   1.3618e-04   4.9828e-01   3.9500e+02
20260116_18:00:00   1.4112e-01   3.6667e+01   9.5166e+00   3.2384e-03   1.0582e-01   3.8352e+02
20260116_21:00:00   1.3110e-01   3.4429e+01   8.7021e+00   1.8587e-04   1.0607e-02   3.4786e+02
20260117_00:00:00   1.1599e-01   3.0977e+01   6.6604e+00   0.0000e+00   1.4431e-05   3.5135e+02
20260117_03:00:00   1.1284e-01   3.0258e+01   6.1948e+00   0.0000e+00   1.4551e-05   3.5542e+02
20260117_06:00:00   1.0593e-01   2.8585e+01   5.4938e+00   0.0000e+00   4.4486e-05   3.5022e+02
20260117_09:00:00   8.5561e-02   2.3728e+01   2.8297e+00   0.0000e+00   3.2056e-06   3.3309e+02
20260117_12:00:00   9.3437e-02   2.5662e+01   4.1580e+00   0.0000e+00   2.6243e-05   3.1450e+02
20260117_15:00:00   1.0037e-01   2.7303e+01   5.1762e+00   0.0000e+00   4.5784e-03   3.1756e+02
20260117_18:00:00   1.3356e-01   3.5008e+01   9.5792e+00   0.0000e+00   1.2605e-01   3.1750e+02
20260117_21:00:00   1.4262e-01   3.7031e+01   1.0324e+01   0.0000e+00   3.5778e-01   3.2265e+02
20260118_00:00:00   1.4860e-01   3.8400e+01   1.0582e+01   6.5240e-04   4.6577e-01   3.3146e+02
20260118_03:00:00   1.7302e-01   4.4056e+01   9.4885e+00   3.7445e-02   1.6947e-01   3.5591e+02
20260118_06:00:00   1.8523e-01   4.7008e+01   9.3382e+00   5.1671e-02   1.4565e-02   3.7433e+02
20260118_09:00:00   1.6721e-01   4.3094e+01   7.2527e+00   5.1760e-02   2.1849e-03   3.8871e+02
20260118_12:00:00   1.2004e-01   3.1954e+01   7.2502e+00   1.2033e-03   8.9714e-02   4.0152e+02
20260118_15:00:00   1.2598e-01   3.3263e+01   8.1807e+00   0.0000e+00   2.4421e-02   4.2482e+02
20260118_18:00:00   1.3912e-01   3.6328e+01   8.0901e+00   1.0205e-02   7.8795e-02   4.1557e+02
20260118_21:00:00   1.1810e-01   3.1235e+01   6.5013e+00   1.6012e-07   5.3489e-02   4.4089e+02
20260119_00:00:00   9.2642e-02   2.4929e+01   3.2591e+00   0.0000e+00   1.6744e-04   4.6400e+02
20260119_03:00:00   9.0634e-02   2.4265e+01   2.7719e+00   0.0000e+00   1.6282e-03   4.9188e+02
20260119_06:00:00   8.8812e-02   2.3717e+01   2.4558e+00   0.0000e+00   8.7764e-05   5.0902e+02
20260119_09:00:00   8.9872e-02   2.3928e+01   2.5160e+00   0.0000e+00   4.1859e-03   5.2025e+02
20260119_12:00:00   8.7757e-02   2.3538e+01   2.2630e+00   0.0000e+00   1.4974e-03   4.4726e+02
20260119_15:00:00   8.5452e-02   2.3168e+01   2.0553e+00   0.0000e+00   3.5870e-04   4.1950e+02
20260119_18:00:00   9.1905e-02   2.4845e+01   3.1693e+00   0.0000e+00   1.0566e-04   4.0090e+02
20260119_21:00:00   9.7646e-02   2.6199e+01   4.1687e+00   0.0000e+00   9.9221e-05   3.7365e+02
20260120_00:00:00   1.0096e-01   2.6980e+01   4.6656e+00   0.0000e+00   6.7175e-03   3.6657e+02
20260120_03:00:00   1.1556e-01   3.0245e+01   6.1222e+00   0.0000e+00   1.8747e-01   3.6507e+02
20260120_06:00:00   1.0830e-01   2.8482e+01   5.1321e+00   0.0000e+00   3.0523e-02   3.7563e+02
20260120_09:00:00   1.0119e-01   2.6837e+01   4.1142e+00   0.0000e+00   3.8362e-04   3.9000e+02
20260120_12:00:00   1.0013e-01   2.6716e+01   4.0750e+00   0.0000e+00   5.0462e-04   3.7416e+02
20260120_15:00:00   9.6176e-02   2.5968e+01   3.6667e+00   6.2260e-06   3.4684e-04   3.6051e+02
20260120_18:00:00   1.0222e-01   2.7455e+01   4.8943e+00   0.0000e+00   3.7527e-03   3.5073e+02
20260120_21:00:00   1.0932e-01   2.9164e+01   6.0018e+00   0.0000e+00   2.9507e-03   3.5075e+02
20260121_00:00:00   1.1510e-01   3.0518e+01   7.0019e+00   0.0000e+00   4.5105e-02   3.4793e+02
20260121_03:00:00   1.1364e-01   3.0247e+01   6.8190e+00   0.0000e+00   3.3795e-01   3.5548e+02
20260121_06:00:00   1.3903e-01   3.6199e+01   1.0214e+01   0.0000e+00   2.8087e-01   3.4208e+02
20260121_09:00:00   1.5870e-01   4.0914e+01   1.1566e+01   7.4896e-03   5.8059e-02   3.5305e+02
20260121_12:00:00   1.4554e-01   3.7956e+01   9.7589e+00   1.0759e-02   9.6977e-03   3.5751e+02
20260121_15:00:00   1.2731e-01   3.3610e+01   8.2857e+00   1.9731e-03   1.9064e-02   3.7289e+02
20260121_18:00:00   1.0069e-01   2.7161e+01   4.8547e+00   0.0000e+00   2.7552e-03   3.9409e+02
20260121_21:00:00   8.5845e-02   2.3538e+01   2.6182e+00   0.0000e+00   2.6898e-03   3.9810e+02
20260122_00:00:00   7.9424e-02   2.1940e+01   1.6461e+00   0.0000e+00   2.5700e-04   4.1603e+02
20260122_03:00:00   8.0939e-02   2.2277e+01   1.7047e+00   0.0000e+00   0.0000e+00   4.2889e+02
20260122_06:00:00   8.7258e-02   2.3766e+01   2.5225e+00   0.0000e+00   2.1178e-04   4.0988e+02
20260122_09:00:00   9.2026e-02   2.4866e+01   3.1963e+00   0.0000e+00   7.8247e-05   3.9470e+02
20260122_12:00:00   9.3471e-02   2.5162e+01   3.2770e+00   0.0000e+00   1.2183e-03   3.9120e+02
20260122_15:00:00   9.4928e-02   2.5485e+01   3.2763e+00   1.4418e-03   2.4411e-03   3.9559e+02
20260122_18:00:00   9.2976e-02   2.5078e+01   3.2094e+00   6.1480e-04   1.2708e-02   3.8598e+02
20260122_21:00:00   9.7171e-02   2.6082e+01   3.7546e+00   7.3000e-04   2.4474e-02   3.7926e+02
20260123_00:00:00   8.8445e-02   2.3841e+01   2.7949e+00   0.0000e+00   9.4242e-03   3.8074e+02
20260123_03:00:00   8.5982e-02   2.3157e+01   2.3300e+00   0.0000e+00   2.2922e-03   3.8502e+02
20260123_06:00:00   8.4498e-02   2.2770e+01   2.0662e+00   0.0000e+00   1.6274e-02   3.8369e+02
20260123_09:00:00   8.1299e-02   2.2002e+01   1.6026e+00   0.0000e+00   1.1889e-02   3.8243e+02
20260123_12:00:00   8.1574e-02   2.2029e+01   1.6457e+00   0.0000e+00   1.2563e-02   3.8876e+02
20260123_15:00:00   8.1825e-02   2.2121e+01   1.5087e+00   0.0000e+00   1.6263e-03   4.0467e+02
20260123_18:00:00   8.2676e-02   2.2400e+01   1.6493e+00   0.0000e+00   3.4545e-04   4.0713e+02
20260123_21:00:00   8.2967e-02   2.2516e+01   1.6962e+00   0.0000e+00   4.8069e-03   4.0457e+02
20260124_00:00:00   8.3235e-02   2.2598e+01   1.7372e+00   0.0000e+00   2.1490e-04   3.9752e+02
20260124_03:00:00   8.8288e-02   2.3768e+01   2.4457e+00   0.0000e+00   3.9021e-04   4.1258e+02
20260124_06:00:00   8.6189e-02   2.3275e+01   2.0797e+00   0.0000e+00   1.6242e-05   4.3133e+02
20260124_09:00:00   8.5974e-02   2.3230e+01   2.0352e+00   0.0000e+00   1.1759e-05   4.3535e+02
20260124_12:00:00   8.7757e-02   2.3662e+01   2.2692e+00   0.0000e+00   8.5570e-06   4.2352e+02
20260124_15:00:00   9.0032e-02   2.4216e+01   2.6037e+00   0.0000e+00   1.0577e-05   4.1765e+02
20260124_18:00:00   9.1798e-02   2.4644e+01   2.8296e+00   0.0000e+00   8.3314e-06   4.2712e+02
20260124_21:00:00   9.7298e-02   2.5921e+01   3.4896e+00   0.0000e+00   4.8867e-04   4.4045e+02
20260125_00:00:00   9.8911e-02   2.6254e+01   3.7708e+00   0.0000e+00   1.7263e-05   4.2585e+02
20260125_03:00:00   9.5013e-02   2.5334e+01   3.3231e+00   0.0000e+00   8.3340e-06   4.1783e+02
20260125_06:00:00   9.9915e-02   2.6431e+01   3.9232e+00   0.0000e+00   3.0209e-05   4.0304e+02
20260125_09:00:00   9.2482e-02   2.4734e+01   2.9588e+00   0.0000e+00   7.1642e-06   4.0719e+02
20260125_12:00:00   8.7262e-02   2.3587e+01   2.2310e+00   0.0000e+00   5.4154e-06   3.7912e+02
20260125_15:00:00   8.7993e-02   2.3816e+01   2.4247e+00   0.0000e+00   3.0504e-06   3.4993e+02
20260125_18:00:00   9.3935e-02   2.5259e+01   3.3306e+00   0.0000e+00   2.1986e-05   3.3837e+02
20260125_21:00:00   9.9416e-02   2.6600e+01   4.1134e+00   0.0000e+00   3.7190e-05   3.3170e+02
20260126_00:00:00   1.0370e-01   2.7592e+01   4.5736e+00   0.0000e+00   3.1913e-05   3.4320e+02
20260126_03:00:00   1.0118e-01   2.7018e+01   4.2271e+00   0.0000e+00   3.0253e-05   3.5806e+02
20260126_06:00:00   1.0114e-01   2.7020e+01   4.1678e+00   0.0000e+00   3.1890e-05   3.4836e+02
20260126_09:00:00   9.0379e-02   2.4532e+01   2.6425e+00   0.0000e+00   2.5309e-05   3.4877e+02
20260126_12:00:00   1.0318e-01   2.7447e+01   4.4129e+00   0.0000e+00   1.0325e-04   3.8476e+02
20260126_15:00:00   1.1126e-01   2.9262e+01   5.4295e+00   0.0000e+00   4.0503e-03   3.9223e+02
20260126_18:00:00   1.1223e-01   2.9575e+01   5.2894e+00   1.3090e-03   2.9722e-03   3.9236e+02
20260126_21:00:00   1.0428e-01   2.7846e+01   4.4385e+00   0.0000e+00   1.9392e-05   3.7410e+02
20260127_00:00:00   1.0559e-01   2.8224e+01   4.9013e+00   0.0000e+00   1.2400e-04   3.5652e+02
20260127_03:00:00   1.1805e-01   3.1096e+01   7.0432e+00   0.0000e+00   1.5738e-02   3.3894e+02
20260127_06:00:00   1.3297e-01   3.4537e+01   8.9565e+00   0.0000e+00   1.3914e-01   3.3542e+02
20260127_09:00:00   1.3718e-01   3.5565e+01   9.6664e+00   0.0000e+00   8.6399e-02   3.3809e+02
20260127_12:00:00   1.4322e-01   3.6991e+01   1.0387e+01   0.0000e+00   2.9392e-01   3.3077e+02
20260127_15:00:00   1.5097e-01   3.8794e+01   1.1170e+01   0.0000e+00   4.8835e-01   3.3116e+02
20260127_18:00:00   1.5298e-01   3.9294e+01   1.1586e+01   0.0000e+00   5.0934e-01   3.3134e+02
