#            date       tau255        Tb[K]      pwv[mm] lwp[kg*m^-2] iwp[kg*m^-2]       o3[DU]
20260207_12:00:00   1.1129e-01   2.9212e+01   5.5335e+00   0.0000e+00   2.9735e-01   4.5471e+02
20260207_13:00:00   1.1055e-01   2.9031e+01   5.4210e+00   0.0000e+00   2.5899e-01   4.4834e+02
20260207_14:00:00   1.1008e-01   2.8910e+01   5.3228e+00   0.0000e+00   2.7022e-01   4.4606e+02
20260207_15:00:00   1.1026e-01   2.8952e+01   5.2779e+00   5.6253e-05   3.1183e-01   4.6496e+02
20260207_16:00:00   1.0967e-01   2.8801e+01   5.1459e+00   2.2968e-04   3.4322e-01   4.6266e+02
20260207_17:00:00   1.0554e-01   2.7774e+01   4.7490e+00   3.1780e-05   1.5963e-01   4.6163e+02
20260207_18:00:00   1.0286e-01   2.7138e+01   4.4900e+00   0.0000e+00   3.3162e-02   4.6916e+02
20260207_19:00:00   1.0123e-01   2.6744e+01   4.3031e+00   0.0000e+00   1.3605e-02   4.5983e+02
20260207_20:00:00   1.0081e-01   2.6617e+01   4.2201e+00   0.0000e+00   1.6441e-02   4.5837e+02
20260207_21:00:00   1.0090e-01   2.6615e+01   4.1663e+00   0.0000e+00   1.7250e-02   4.6617e+02
20260207_22:00:00   1.0030e-01   2.6458e+01   4.0599e+00   0.0000e+00   9.7596e-03   4.7121e+02
20260207_23:00:00   9.9331e-02   2.6215e+01   3.9010e+00   0.0000e+00   6.5822e-03   4.7612e+02
20260208_00:00:00   9.8375e-02   2.5985e+01   3.7590e+00   0.0000e+00   3.5094e-03   4.8934e+02
20260208_01:00:00   9.8111e-02   2.5914e+01   3.7061e+00   0.0000e+00   5.0923e-03   4.9657e+02
20260208_02:00:00   9.7564e-02   2.5785e+01   3.6286e+00   0.0000e+00   6.0076e-03   4.9247e+02
20260208_03:00:00   9.7431e-02   2.5748e+01   3.6008e+00   0.0000e+00   7.6580e-03   4.9143e+02
20260208_04:00:00   9.7413e-02   2.5743e+01   3.5928e+00   0.0000e+00   4.6103e-03   4.9271e+02
20260208_05:00:00   9.7815e-02   2.5828e+01   3.6231e+00   0.0000e+00   6.1064e-03   4.9273e+02
20260208_06:00:00   9.8008e-02   2.5873e+01   3.6370e+00   0.0000e+00   4.0156e-03   4.8586e+02
20260208_07:00:00   9.7489e-02   2.5764e+01   3.5851e+00   0.0000e+00   8.3178e-04   4.8108e+02
20260208_08:00:00   9.6839e-02   2.5626e+01   3.5263e+00   0.0000e+00   1.3292e-04   4.7811e+02
20260208_09:00:00   9.6351e-02   2.5520e+01   3.4662e+00   0.0000e+00   1.3261e-04   4.8451e+02
20260208_10:00:00   9.6000e-02   2.5443e+01   3.4175e+00   0.0000e+00   9.4594e-05   4.7796e+02
20260208_11:00:00   9.5824e-02   2.5405e+01   3.3885e+00   0.0000e+00   3.9732e-05   4.7652e+02
20260208_12:00:00   9.5911e-02   2.5428e+01   3.3922e+00   0.0000e+00   3.6536e-05   4.8165e+02
20260208_13:00:00   9.5845e-02   2.5435e+01   3.3952e+00   0.0000e+00   2.8700e-05   4.8506e+02
20260208_14:00:00   9.5675e-02   2.5424e+01   3.3912e+00   0.0000e+00   2.8860e-05   4.8223e+02
20260208_15:00:00   9.6311e-02   2.5589e+01   3.4728e+00   0.0000e+00   2.9841e-05   4.8194e+02
20260208_16:00:00   9.6798e-02   2.5737e+01   3.5384e+00   0.0000e+00   8.4266e-05   4.7980e+02
20260208_17:00:00   9.5401e-02   2.5457e+01   3.4066e+00   0.0000e+00   6.2458e-05   4.7545e+02
20260208_18:00:00   9.2163e-02   2.4750e+01   3.0226e+00   0.0000e+00   1.6337e-05   4.7385e+02
20260208_19:00:00   9.0435e-02   2.4380e+01   2.8150e+00   0.0000e+00   1.4378e-05   4.7717e+02
20260208_20:00:00   9.0329e-02   2.4372e+01   2.8201e+00   0.0000e+00   1.8585e-05   4.7823e+02
20260208_21:00:00   9.1576e-02   2.4672e+01   3.0319e+00   0.0000e+00   8.0798e-05   4.7734e+02
20260208_22:00:00   9.0878e-02   2.4511e+01   2.9705e+00   0.0000e+00   3.8016e-05   4.7669e+02
20260208_23:00:00   9.0619e-02   2.4455e+01   2.9694e+00   0.0000e+00   7.4297e-06   4.7637e+02
20260209_00:00:00   9.2574e-02   2.4914e+01   3.2583e+00   0.0000e+00   4.5434e-06   4.7369e+02
20260209_01:00:00   9.4554e-02   2.5374e+01   3.5367e+00   0.0000e+00   9.8664e-06   4.6701e+02
20260209_02:00:00   9.4352e-02   2.5336e+01   3.5144e+00   0.0000e+00   4.0113e-06   4.6029e+02
20260209_03:00:00   9.2459e-02   2.4905e+01   3.2515e+00   0.0000e+00   3.5373e-06   4.5786e+02
20260209_04:00:00   9.1019e-02   2.4574e+01   3.0723e+00   0.0000e+00   4.2504e-06   4.5659e+02
20260209_05:00:00   9.0159e-02   2.4377e+01   2.9700e+00   0.0000e+00   3.7882e-06   4.5499e+02
20260209_06:00:00   8.9954e-02   2.4339e+01   2.9477e+00   0.0000e+00   3.7892e-06   4.5705e+02
20260209_07:00:00   9.0879e-02   2.4568e+01   3.0566e+00   0.0000e+00   3.7832e-06   4.5690e+02
20260209_08:00:00   9.1667e-02   2.4758e+01   3.1378e+00   0.0000e+00   3.7672e-06   4.5449e+02
20260209_09:00:00   9.1421e-02   2.4718e+01   3.0908e+00   0.0000e+00   4.5324e-06   4.5620e+02
20260209_10:00:00   9.0396e-02   2.4499e+01   2.9508e+00   0.0000e+00   4.5664e-06   4.6319e+02
20260209_11:00:00   8.9101e-02   2.4209e+01   2.7662e+00   0.0000e+00   4.5424e-06   4.5642e+02
20260209_12:00:00   8.7850e-02   2.3918e+01   2.5772e+00   0.0000e+00   5.4204e-06   4.5222e+02
20260209_13:00:00   8.7179e-02   2.3773e+01   2.5253e+00   0.0000e+00   4.4420e-06   4.5920e+02
20260209_14:00:00   8.7441e-02   2.3848e+01   2.6309e+00   0.0000e+00   4.3740e-06   4.6351e+02
20260209_15:00:00   8.8352e-02   2.4080e+01   2.8065e+00   0.0000e+00   4.0270e-06   4.5990e+02
20260209_16:00:00   9.0759e-02   2.4659e+01   3.1964e+00   0.0000e+00   3.0299e-06   4.5119e+02
20260209_17:00:00   9.4238e-02   2.5505e+01   3.7165e+00   0.0000e+00   3.1185e-06   4.3885e+02
20260209_18:00:00   9.7603e-02   2.6339e+01   4.1833e+00   0.0000e+00   2.5196e-06   4.3802e+02
20260209_19:00:00   1.0036e-01   2.7038e+01   4.5415e+00   0.0000e+00   1.0726e-06   4.2900e+02
20260209_20:00:00   1.0232e-01   2.7542e+01   4.8103e+00   0.0000e+00   9.4760e-04   4.1572e+02
20260209_21:00:00   1.0133e-01   2.7355e+01   4.6998e+00   0.0000e+00   8.8780e-04   4.1474e+02
20260209_22:00:00   9.8840e-02   2.6810e+01   4.4481e+00   0.0000e+00   2.8361e-03   4.1215e+02
20260209_23:00:00   9.8546e-02   2.6751e+01   4.4805e+00   0.0000e+00   7.7309e-03   4.0782e+02
20260210_00:00:00   9.8567e-02   2.6768e+01   4.5315e+00   0.0000e+00   1.1962e-02   4.1127e+02
20260210_01:00:00   9.8715e-02   2.6801e+01   4.5769e+00   0.0000e+00   2.8382e-02   4.0724e+02
20260210_02:00:00   9.9573e-02   2.7008e+01   4.7318e+00   0.0000e+00   4.7357e-02   4.0290e+02
20260210_03:00:00   1.0055e-01   2.7247e+01   4.9016e+00   0.0000e+00   2.4170e-02   4.0180e+02
20260210_04:00:00   1.0213e-01   2.7618e+01   5.1383e+00   0.0000e+00   8.5956e-03   4.0182e+02
20260210_05:00:00   1.0429e-01   2.8122e+01   5.4216e+00   0.0000e+00   3.8332e-04   4.0498e+02
20260210_06:00:00   1.0771e-01   2.8917e+01   5.9047e+00   0.0000e+00   9.5574e-06   4.0438e+02
20260210_07:00:00   1.1148e-01   2.9798e+01   6.4267e+00   0.0000e+00   1.4323e-03   3.9451e+02
20260210_08:00:00   1.1341e-01   3.0280e+01   6.6966e+00   0.0000e+00   7.2852e-04   3.8774e+02
20260210_09:00:00   1.1377e-01   3.0404e+01   6.7866e+00   0.0000e+00   1.7666e-03   3.7806e+02
20260210_10:00:00   1.1350e-01   3.0363e+01   6.7703e+00   0.0000e+00   2.1476e-03   3.8059e+02
20260210_11:00:00   1.1323e-01   3.0339e+01   6.8070e+00   0.0000e+00   2.6950e-03   3.8265e+02
20260210_12:00:00   1.1428e-01   3.0587e+01   7.0000e+00   0.0000e+00   4.8077e-03   3.7312e+02
20260210_13:00:00   1.1861e-01   3.1613e+01   7.7179e+00   0.0000e+00   9.4956e-03   3.7104e+02
20260210_14:00:00   1.2244e-01   3.2533e+01   8.3206e+00   0.0000e+00   2.3422e-02   3.6911e+02
20260210_15:00:00   1.2576e-01   3.3315e+01   8.8324e+00   0.0000e+00   7.8829e-02   3.6641e+02
20260210_16:00:00   1.2896e-01   3.4072e+01   9.3980e+00   0.0000e+00   1.0515e-01   3.6305e+02
20260210_17:00:00   1.3939e-01   3.6491e+01   1.0662e+01   0.0000e+00   1.3191e-01   3.5977e+02
20260210_18:00:00   1.4968e-01   3.8876e+01   1.1527e+01   0.0000e+00   3.9248e-01   3.5788e+02
20260210_19:00:00   1.6332e-01   4.1976e+01   1.2959e+01   0.0000e+00   3.9259e-01   3.5720e+02
20260210_20:00:00   1.6994e-01   4.3531e+01   1.3603e+01   1.4967e-04   4.0413e-01   3.5704e+02
20260210_21:00:00   1.7286e-01   4.4241e+01   1.3598e+01   3.8541e-03   2.5448e-01   3.5768e+02
20260210_22:00:00   2.2490e-01   5.5686e+01   1.3024e+01   6.5311e-02   2.4188e-01   3.6144e+02
20260210_23:00:00   6.3071e-01   1.2647e+02   1.1948e+01   5.2807e-01   3.0384e-01   3.6481e+02
20260211_00:00:00   4.1767e-01   9.3029e+01   1.0524e+01   3.0154e-01   9.7854e-02   3.6834e+02
20260211_01:00:00   3.0389e-01   7.1840e+01   8.5295e+00   1.8972e-01   7.1274e-02   3.7362e+02
20260211_02:00:00   1.9822e-01   4.9961e+01   7.3030e+00   8.1452e-02   1.7288e-02   3.7866e+02
20260211_03:00:00   1.5233e-01   3.9701e+01   7.1414e+00   3.2823e-02   1.1884e-02   3.9316e+02
20260211_04:00:00   1.3004e-01   3.4495e+01   8.0052e+00   2.5131e-03   1.6861e-03   3.9094e+02
20260211_05:00:00   1.6511e-01   4.2431e+01   8.6915e+00   3.6403e-02   2.3361e-03   3.8828e+02
20260211_06:00:00   1.8089e-01   4.5889e+01   9.0030e+00   5.1956e-02   3.0175e-03   3.8925e+02
20260211_07:00:00   1.3703e-01   3.5941e+01   8.9616e+00   3.4380e-03   1.7564e-04   3.8951e+02
20260211_08:00:00   1.3499e-01   3.5418e+01   8.6513e+00   3.9960e-03   1.0910e-04   3.8805e+02
20260211_09:00:00   1.2498e-01   3.3050e+01   7.8361e+00   1.0667e-03   6.5027e-05   3.8757e+02
20260211_10:00:00   1.1898e-01   3.1632e+01   7.2829e+00   8.2440e-06   1.3916e-05   3.8724e+02
20260211_11:00:00   1.2190e-01   3.2255e+01   7.5725e+00   0.0000e+00   8.0361e-05   3.9213e+02
20260211_12:00:00   1.2196e-01   3.2246e+01   7.5408e+00   0.0000e+00   1.7678e-05   3.9247e+02
20260211_13:00:00   1.2172e-01   3.2171e+01   7.4601e+00   0.0000e+00   1.4960e-05   3.9282e+02
20260211_14:00:00   1.2264e-01   3.2353e+01   7.5679e+00   0.0000e+00   4.0182e-05   3.9655e+02
20260211_15:00:00   1.2262e-01   3.2338e+01   7.5435e+00   7.9480e-05   2.5135e-04   3.9682e+02
20260211_16:00:00   1.2456e-01   3.2793e+01   7.5532e+00   1.5526e-03   2.6738e-03   3.9832e+02
20260211_17:00:00   1.3075e-01   3.4217e+01   7.4370e+00   8.9077e-03   4.2211e-03   3.9600e+02
20260211_18:00:00   1.2643e-01   3.3214e+01   7.3059e+00   4.0341e-03   1.3507e-02   3.9350e+02
20260211_19:00:00   1.2230e-01   3.2293e+01   6.9199e+00   1.7950e-03   2.7377e-03   3.9535e+02
20260211_20:00:00   1.2125e-01   3.2043e+01   6.8784e+00   6.6867e-04   8.4124e-04   3.9855e+02
20260211_21:00:00   1.1997e-01   3.1754e+01   6.7332e+00   2.0220e-04   2.9584e-04   3.9735e+02
20260211_22:00:00   1.1927e-01   3.1579e+01   6.6683e+00   0.0000e+00   2.9768e-05   3.9854e+02
20260211_23:00:00   1.1876e-01   3.1421e+01   6.6214e+00   0.0000e+00   4.8440e-05   3.9952e+02
20260212_00:00:00   1.1790e-01   3.1181e+01   6.5871e+00   0.0000e+00   6.7917e-04   4.0230e+02
20260212_01:00:00   1.1802e-01   3.1184e+01   6.6517e+00   0.0000e+00   7.6945e-04   4.0497e+02
20260212_02:00:00   1.1721e-01   3.0985e+01   6.5802e+00   0.0000e+00   4.2041e-05   4.0602e+02
20260212_03:00:00   1.1736e-01   3.0988e+01   6.6233e+00   0.0000e+00   8.9052e-05   4.0439e+02
20260212_04:00:00   1.1739e-01   3.0972e+01   6.6387e+00   0.0000e+00   2.5263e-04   4.0316e+02
20260212_05:00:00   1.1792e-01   3.1075e+01   6.7010e+00   0.0000e+00   5.4531e-04   4.0289e+02
20260212_06:00:00   1.1860e-01   3.1209e+01   6.7580e+00   0.0000e+00   7.8347e-04   4.0259e+02
20260212_07:00:00   1.1887e-01   3.1255e+01   6.7786e+00   0.0000e+00   1.1983e-03   4.0032e+02
20260212_08:00:00   1.1900e-01   3.1271e+01   6.7936e+00   0.0000e+00   2.3387e-03   3.9746e+02
20260212_09:00:00   1.1922e-01   3.1310e+01   6.8078e+00   0.0000e+00   3.7434e-03   3.9492e+02
20260212_10:00:00   1.1951e-01   3.1361e+01   6.8127e+00   0.0000e+00   6.0871e-03   3.9369e+02
20260212_11:00:00   1.1975e-01   3.1403e+01   6.8150e+00   0.0000e+00   1.2495e-02   3.9276e+02
20260212_12:00:00   1.2002e-01   3.1454e+01   6.8129e+00   0.0000e+00   1.7282e-02   3.9343e+02
20260212_15:00:00   1.2314e-01   3.2188e+01   7.0628e+00   6.9110e-05   6.4903e-03   3.9502e+02
20260212_18:00:00   1.7222e-01   4.3276e+01   7.1354e+00   5.3650e-02   4.2796e-02   3.8878e+02
20260212_21:00:00   1.3114e-01   3.4109e+01   7.1059e+00   8.2076e-03   1.8606e-03   3.9624e+02
20260213_00:00:00   1.2187e-01   3.1947e+01   6.9052e+00   0.0000e+00   3.7945e-04   3.9244e+02
20260213_03:00:00   1.2290e-01   3.2197e+01   6.9519e+00   0.0000e+00   2.5185e-03   3.9658e+02
20260213_06:00:00   1.2199e-01   3.1981e+01   6.8533e+00   0.0000e+00   9.6040e-04   4.0328e+02
20260213_09:00:00   1.1798e-01   3.1081e+01   6.3459e+00   0.0000e+00   2.3237e-04   4.0985e+02
20260213_12:00:00   1.1189e-01   2.9701e+01   5.4952e+00   0.0000e+00   1.2988e-04   4.3853e+02
20260213_15:00:00   1.1249e-01   2.9926e+01   5.4464e+00   1.4070e-04   1.6638e-04   4.5097e+02
20260213_18:00:00   1.2057e-01   3.1878e+01   6.2606e+00   1.1362e-03   7.5425e-04   4.3791e+02
20260213_21:00:00   1.2235e-01   3.2346e+01   6.6287e+00   0.0000e+00   3.5096e-04   4.3466e+02
20260214_00:00:00   1.1993e-01   3.1765e+01   6.4296e+00   0.0000e+00   2.2015e-05   4.4458e+02
20260214_03:00:00   1.1803e-01   3.1312e+01   6.2553e+00   0.0000e+00   6.0829e-05   4.2888e+02
20260214_06:00:00   1.1406e-01   3.0360e+01   5.8538e+00   0.0000e+00   4.9353e-05   4.3867e+02
20260214_09:00:00   1.0753e-01   2.8853e+01   5.0771e+00   0.0000e+00   7.8610e-05   4.3795e+02
20260214_12:00:00   1.0389e-01   2.8013e+01   4.7933e+00   0.0000e+00   3.8422e-05   4.2434e+02
20260214_15:00:00   1.0313e-01   2.7894e+01   4.8920e+00   0.0000e+00   1.2718e-05   4.1984e+02
20260214_18:00:00   1.1592e-01   3.0966e+01   6.6542e+00   0.0000e+00   9.0992e-05   4.0557e+02
20260214_21:00:00   1.1709e-01   3.1400e+01   6.6864e+00   0.0000e+00   4.1650e-05   3.9482e+02
20260215_00:00:00   1.0585e-01   2.8830e+01   5.5553e+00   0.0000e+00   1.9620e-06   3.8595e+02
20260215_03:00:00   1.0612e-01   2.8933e+01   5.6107e+00   0.0000e+00   2.3642e-06   3.8057e+02
20260215_06:00:00   1.0611e-01   2.8950e+01   5.7179e+00   0.0000e+00   4.0670e-05   3.8214e+02
20260215_09:00:00   1.0147e-01   2.7859e+01   5.3106e+00   0.0000e+00   6.1470e-05   4.1463e+02
20260215_12:00:00   8.8090e-02   2.4742e+01   3.2810e+00   0.0000e+00   4.4579e-04   4.2314e+02
20260215_15:00:00   8.8369e-02   2.4877e+01   3.3209e+00   0.0000e+00   2.8569e-03   3.8572e+02
20260215_18:00:00   9.5920e-02   2.6731e+01   4.4167e+00   0.0000e+00   1.2798e-02   3.7224e+02
20260215_21:00:00   1.0591e-01   2.8973e+01   6.1527e+00   0.0000e+00   1.4511e-01   3.6481e+02
20260216_00:00:00   1.9380e-01   4.9048e+01   1.6461e+01   1.7446e-03   7.1306e-01   3.6268e+02
20260216_03:00:00   7.6801e-01   1.4641e+02   1.5897e+01   6.5144e-01   3.7320e-01   3.7819e+02
20260216_06:00:00   9.2128e-01   1.6462e+02   1.5597e+01   8.2790e-01   9.9896e-02   3.9458e+02
20260216_09:00:00   5.6538e-01   1.1896e+02   1.5598e+01   4.2822e-01   4.1266e-02   3.9175e+02
20260216_12:00:00   4.9574e-01   1.0750e+02   1.2935e+01   3.7174e-01   6.9389e-03   4.1302e+02
20260216_15:00:00   1.3856e-01   3.6636e+01   8.3320e+00   8.8391e-03   3.0650e-03   4.4473e+02
20260216_18:00:00   1.2966e-01   3.4451e+01   8.1493e+00   4.5040e-05   7.4922e-05   4.3591e+02
20260216_21:00:00   1.3333e-01   3.5198e+01   8.5363e+00   0.0000e+00   1.2367e-04   4.4372e+02
20260217_00:00:00   1.3173e-01   3.4693e+01   8.3339e+00   7.0700e-04   1.3833e-03   4.3895e+02
20260217_03:00:00   1.3032e-01   3.4241e+01   8.3374e+00   0.0000e+00   2.5915e-03   4.3983e+02
20260217_06:00:00   1.1160e-01   2.9889e+01   5.7098e+00   0.0000e+00   5.1700e-04   4.5030e+02
20260217_09:00:00   9.2020e-02   2.5225e+01   3.1003e+00   0.0000e+00   7.2937e-06   4.5144e+02
20260217_12:00:00   8.4348e-02   2.3409e+01   2.2153e+00   0.0000e+00   8.0620e-06   4.4183e+02
20260217_15:00:00   8.2859e-02   2.3094e+01   2.1551e+00   0.0000e+00   2.4388e-06   4.1871e+02
20260217_18:00:00   8.6247e-02   2.3916e+01   2.7146e+00   0.0000e+00   2.1585e-03   4.0386e+02
20260217_21:00:00   9.1162e-02   2.5088e+01   3.7299e+00   0.0000e+00   5.3269e-03   3.8790e+02
20260218_00:00:00   9.8761e-02   2.6819e+01   5.0296e+00   0.0000e+00   1.1922e-01   3.8062e+02
20260218_03:00:00   1.0800e-01   2.9025e+01   6.4391e+00   0.0000e+00   8.8757e-02   3.6684e+02
20260218_06:00:00   1.2441e-01   3.2932e+01   8.7178e+00   2.2680e-04   2.8591e-02   3.6781e+02
20260218_09:00:00   1.3639e-01   3.5694e+01   1.0340e+01   0.0000e+00   6.0231e-01   3.6445e+02
20260218_12:00:00   1.6891e-01   4.3078e+01   1.4128e+01   6.1460e-06   7.7685e-01   3.5570e+02
20260218_15:00:00   3.3394e-01   7.7551e+01   1.5479e+01   1.7367e-01   4.2792e-01   3.6083e+02
20260218_18:00:00   7.5616e-01   1.4392e+02   1.3376e+01   6.5936e-01   9.0685e-02   3.6358e+02
20260218_21:00:00   1.0281e+00   1.7475e+02   1.4087e+01   9.6138e-01   1.7242e-02   3.7849e+02
20260219_00:00:00   6.9508e-01   1.3691e+02   1.3672e+01   5.9080e-01   5.4125e-03   4.1241e+02
20260219_03:00:00   5.9536e-01   1.2231e+02   1.1985e+01   4.8914e-01   1.0389e-01   4.1810e+02
20260219_06:00:00   3.0442e-01   7.2309e+01   6.8147e+00   2.0500e-01   5.4479e-03   4.1732e+02
20260219_09:00:00   1.1095e-01   3.0016e+01   5.5580e+00   0.0000e+00   3.4507e-04   4.1785e+02
20260219_12:00:00   9.2743e-02   2.5608e+01   3.3353e+00   0.0000e+00   7.2984e-06   4.0530e+02
20260219_15:00:00   8.8415e-02   2.4614e+01   2.9484e+00   0.0000e+00   7.2190e-06   3.9399e+02
20260219_18:00:00   9.2160e-02   2.5491e+01   3.5197e+00   0.0000e+00   4.2827e-03   3.7902e+02
20260219_21:00:00   8.9051e-02   2.4699e+01   3.2069e+00   0.0000e+00   1.5329e-02   3.6713e+02
20260220_00:00:00   8.4495e-02   2.3513e+01   2.8049e+00   0.0000e+00   6.1360e-03   3.6117e+02
20260220_03:00:00   8.4964e-02   2.3582e+01   2.9968e+00   0.0000e+00   3.5667e-03   3.5868e+02
20260220_06:00:00   8.8341e-02   2.4347e+01   3.7059e+00   0.0000e+00   2.0244e-02   3.5962e+02
20260220_09:00:00   9.5575e-02   2.6058e+01   4.9338e+00   0.0000e+00   1.4410e-01   3.5744e+02
20260220_12:00:00   1.0508e-01   2.8342e+01   6.4893e+00   0.0000e+00   2.7010e-01   3.5964e+02
20260220_15:00:00   1.2379e-01   3.2769e+01   9.1794e+00   0.0000e+00   4.4461e-01   3.5465e+02
20260220_18:00:00   1.5364e-01   3.9701e+01   1.2919e+01   2.1720e-06   5.6326e-01   3.5573e+02
20260220_21:00:00   2.6856e-01   6.4313e+01   1.4110e+01   1.1596e-01   3.9656e-01   3.5713e+02
20260221_00:00:00   2.0485e-01   5.0988e+01   1.1325e+01   6.2541e-02   3.6642e-01   3.6929e+02
20260221_03:00:00   1.3307e-01   3.4974e+01   8.9567e+00   0.0000e+00   2.1318e-01   3.8008e+02
20260221_06:00:00   1.1145e-01   2.9993e+01   5.9998e+00   0.0000e+00   1.0208e-02   3.9613e+02
20260221_09:00:00   1.1063e-01   2.9775e+01   5.9235e+00   0.0000e+00   1.9183e-02   4.0441e+02
20260221_12:00:00   1.0872e-01   2.9288e+01   5.8389e+00   0.0000e+00   4.2951e-04   3.9574e+02
20260221_15:00:00   1.0939e-01   2.9425e+01   5.8980e+00   4.1010e-04   8.6038e-04   3.9777e+02
20260221_18:00:00   1.2517e-01   3.3012e+01   6.0456e+00   1.5558e-02   1.9232e-02   3.8931e+02
20260221_21:00:00   1.0777e-01   2.8793e+01   5.4908e+00   3.5220e-05   1.4237e-02   3.8474e+02
20260222_00:00:00   1.0417e-01   2.7766e+01   5.0706e+00   0.0000e+00   1.6098e-02   3.8943e+02
20260222_03:00:00   1.0049e-01   2.6817e+01   4.6500e+00   0.0000e+00   2.5596e-04   3.9783e+02
20260222_06:00:00   9.9803e-02   2.6628e+01   4.6107e+00   0.0000e+00   3.1433e-03   3.8868e+02
20260222_09:00:00   9.9296e-02   2.6510e+01   4.5186e+00   0.0000e+00   2.9640e-03   3.9122e+02
20260222_12:00:00   9.6672e-02   2.5911e+01   4.1902e+00   0.0000e+00   5.4146e-04   3.9368e+02
20260222_15:00:00   9.6263e-02   2.5840e+01   4.1002e+00   0.0000e+00   1.0312e-03   4.1070e+02
20260222_18:00:00   1.0947e-01   2.8883e+01   6.0498e+00   3.0280e-04   2.3029e-02   4.2761e+02
20260222_21:00:00   1.0759e-01   2.8545e+01   5.8930e+00   0.0000e+00   7.7910e-03   4.3621e+02
20260223_00:00:00   1.0501e-01   2.7958e+01   5.4804e+00   0.0000e+00   5.4982e-03   4.4015e+02
20260223_03:00:00   1.0270e-01   2.7403e+01   5.0917e+00   0.0000e+00   2.0768e-02   4.3447e+02
20260223_06:00:00   1.0039e-01   2.6853e+01   4.6292e+00   0.0000e+00   1.3916e-03   4.3805e+02
20260223_09:00:00   9.9350e-02   2.6608e+01   4.3995e+00   0.0000e+00   3.3713e-04   4.3615e+02
20260223_12:00:00   9.1975e-02   2.4907e+01   3.4089e+00   0.0000e+00   4.6403e-06   4.3963e+02
