#            date       tau255        Tb[K]      pwv[mm] lwp[kg*m^-2] iwp[kg*m^-2]       o3[DU]
20260209_00:00:00   9.0774e-02   2.4480e+01   3.0874e+00   0.0000e+00   2.1747e-03   4.8807e+02
20260209_01:00:00   9.1619e-02   2.4714e+01   3.2070e+00   0.0000e+00   4.1871e-04   4.7129e+02
20260209_02:00:00   9.2832e-02   2.5022e+01   3.3737e+00   0.0000e+00   2.4596e-06   4.6115e+02
20260209_03:00:00   9.1802e-02   2.4788e+01   3.2613e+00   0.0000e+00   2.3602e-06   4.5925e+02
20260209_04:00:00   8.9620e-02   2.4287e+01   2.9362e+00   0.0000e+00   3.1613e-06   4.5782e+02
20260209_05:00:00   8.8436e-02   2.4007e+01   2.7588e+00   0.0000e+00   3.5300e-06   4.5275e+02
20260209_06:00:00   8.9256e-02   2.4196e+01   2.8822e+00   0.0000e+00   3.4700e-06   4.4960e+02
20260209_07:00:00   8.9489e-02   2.4258e+01   2.9100e+00   0.0000e+00   3.4650e-06   4.4240e+02
20260209_08:00:00   8.9629e-02   2.4296e+01   2.9142e+00   0.0000e+00   3.4280e-06   4.3633e+02
20260209_09:00:00   8.9785e-02   2.4338e+01   2.9079e+00   0.0000e+00   3.4670e-06   4.4044e+02
20260209_10:00:00   8.9807e-02   2.4357e+01   2.9056e+00   0.0000e+00   3.4940e-06   4.4622e+02
20260209_11:00:00   8.9308e-02   2.4253e+01   2.8354e+00   0.0000e+00   3.5150e-06   4.4786e+02
20260209_12:00:00   8.7772e-02   2.3909e+01   2.6159e+00   0.0000e+00   4.4090e-06   4.4006e+02
20260209_13:00:00   8.6363e-02   2.3589e+01   2.4090e+00   0.0000e+00   4.3860e-06   4.4030e+02
20260209_14:00:00   8.6266e-02   2.3573e+01   2.4374e+00   0.0000e+00   4.3650e-06   4.4013e+02
20260209_15:00:00   8.7189e-02   2.3798e+01   2.6336e+00   0.0000e+00   3.3166e-06   4.4238e+02
20260209_16:00:00   8.8732e-02   2.4181e+01   2.9083e+00   0.0000e+00   3.0301e-06   4.3871e+02
20260209_17:00:00   9.1862e-02   2.4939e+01   3.3738e+00   0.0000e+00   3.0823e-06   4.2553e+02
20260209_18:00:00   9.5080e-02   2.5736e+01   3.8296e+00   0.0000e+00   3.1292e-06   4.1531e+02
20260209_19:00:00   9.7540e-02   2.6367e+01   4.1867e+00   0.0000e+00   2.5295e-06   4.0171e+02
20260209_20:00:00   9.9395e-02   2.6846e+01   4.4494e+00   0.0000e+00   0.0000e+00   3.9216e+02
20260209_21:00:00   9.9465e-02   2.6905e+01   4.4854e+00   0.0000e+00   5.1901e-04   3.9208e+02
20260209_22:00:00   9.8382e-02   2.6666e+01   4.3648e+00   0.0000e+00   4.0954e-03   4.0034e+02
20260209_23:00:00   9.7472e-02   2.6474e+01   4.2804e+00   0.0000e+00   5.3273e-03   4.0276e+02
20260210_00:00:00   9.7891e-02   2.6580e+01   4.3761e+00   0.0000e+00   1.8946e-02   4.0052e+02
20260210_01:00:00   9.8613e-02   2.6756e+01   4.5310e+00   0.0000e+00   3.8749e-02   4.0016e+02
20260210_02:00:00   9.9796e-02   2.7033e+01   4.7196e+00   0.0000e+00   3.7367e-02   4.0001e+02
20260210_03:00:00   1.0135e-01   2.7406e+01   4.9446e+00   0.0000e+00   2.7897e-02   3.9933e+02
20260210_04:00:00   1.0364e-01   2.7933e+01   5.2692e+00   0.0000e+00   2.6815e-02   3.9752e+02
20260210_05:00:00   1.0785e-01   2.8908e+01   5.8802e+00   0.0000e+00   4.6765e-02   3.9632e+02
20260210_06:00:00   1.1724e-01   3.1048e+01   7.0980e+00   0.0000e+00   1.2957e-01   3.9656e+02
20260210_07:00:00   1.2526e-01   3.2888e+01   7.9712e+00   0.0000e+00   1.9847e-01   3.9987e+02
20260210_08:00:00   1.3095e-01   3.4223e+01   8.5606e+00   0.0000e+00   1.9909e-01   4.0176e+02
20260210_09:00:00   1.3053e-01   3.4180e+01   8.5263e+00   0.0000e+00   4.7478e-02   4.0750e+02
20260210_10:00:00   1.3019e-01   3.4104e+01   8.5517e+00   0.0000e+00   6.3796e-03   4.0747e+02
20260210_11:00:00   1.2806e-01   3.3674e+01   8.2458e+00   0.0000e+00   1.5776e-03   4.1038e+02
20260210_12:00:00   1.2542e-01   3.3109e+01   7.9016e+00   0.0000e+00   1.2716e-03   4.0650e+02
20260210_13:00:00   1.2373e-01   3.2756e+01   7.7478e+00   0.0000e+00   4.1024e-04   3.9576e+02
20260210_14:00:00   1.2240e-01   3.2497e+01   7.6550e+00   0.0000e+00   3.9560e-03   3.9063e+02
20260210_15:00:00   1.2256e-01   3.2558e+01   7.7923e+00   0.0000e+00   1.0815e-02   3.8590e+02
20260210_16:00:00   1.2214e-01   3.2477e+01   7.9047e+00   0.0000e+00   3.0897e-02   3.7719e+02
20260210_17:00:00   1.2638e-01   3.3445e+01   8.6776e+00   0.0000e+00   5.1218e-02   3.7166e+02
20260210_18:00:00   1.3167e-01   3.4676e+01   9.5129e+00   3.0400e-06   1.2575e-01   3.6513e+02
20260210_19:00:00   1.3952e-01   3.6518e+01   1.0574e+01   6.0040e-07   2.8736e-01   3.6253e+02
20260210_20:00:00   1.5256e-01   3.9522e+01   1.2027e+01   1.2810e-06   5.1978e-01   3.6141e+02
20260210_21:00:00   1.6927e-01   4.3340e+01   1.3781e+01   0.0000e+00   6.4310e-01   3.6189e+02
20260210_22:00:00   1.8108e-01   4.6008e+01   1.4727e+01   3.1228e-03   7.2696e-01   3.6302e+02
20260210_23:00:00   1.6394e-01   4.2232e+01   1.3469e+01   1.6294e-04   9.7428e-02   3.6792e+02
20260211_00:00:00   1.7487e-01   4.4635e+01   1.4438e+01   3.5429e-04   7.8388e-01   3.6805e+02
20260211_01:00:00   1.7762e-01   4.5345e+01   1.4578e+01   9.7940e-04   5.8481e-01   3.6623e+02
20260211_02:00:00   2.7489e-01   6.5858e+01   1.2514e+01   1.2714e-01   2.4174e-01   3.7124e+02
20260211_03:00:00   2.9421e-01   6.9645e+01   1.0783e+01   1.6095e-01   1.9164e-01   3.7495e+02
20260211_04:00:00   3.0591e-01   7.2422e+01   9.4446e+00   1.8570e-01   3.0927e-02   3.8194e+02
20260211_05:00:00   3.1283e-01   7.3662e+01   8.3669e+00   2.0197e-01   3.4500e-02   3.8991e+02
20260211_06:00:00   1.3904e-01   3.6738e+01   7.3454e+00   1.6125e-02   7.7161e-03   3.9806e+02
20260211_07:00:00   1.3846e-01   3.6571e+01   6.8758e+00   1.9302e-02   1.0182e-02   4.0568e+02
20260211_08:00:00   2.0407e-01   5.1174e+01   6.6533e+00   9.5555e-02   8.1033e-03   4.0853e+02
20260211_09:00:00   1.5466e-01   4.0102e+01   7.3992e+00   3.5476e-02   9.5556e-03   4.0402e+02
20260211_10:00:00   1.2677e-01   3.3588e+01   7.9473e+00   4.1880e-04   3.8112e-04   4.0303e+02
20260211_11:00:00   1.2815e-01   3.3801e+01   8.2061e+00   8.0550e-05   1.3983e-04   4.0477e+02
20260211_12:00:00   1.2480e-01   3.2947e+01   7.7277e+00   0.0000e+00   7.0083e-02   4.0550e+02
20260211_13:00:00   1.2205e-01   3.2262e+01   7.4194e+00   0.0000e+00   3.9142e-02   4.0792e+02
20260211_14:00:00   1.2283e-01   3.2411e+01   7.5110e+00   0.0000e+00   2.2178e-02   4.0988e+02
20260211_15:00:00   1.1998e-01   3.1762e+01   7.2041e+00   0.0000e+00   2.5441e-03   4.1143e+02
20260211_16:00:00   1.1572e-01   3.0832e+01   6.6443e+00   0.0000e+00   6.5855e-05   4.1116e+02
20260211_17:00:00   1.1749e-01   3.1242e+01   6.9369e+00   2.1260e-05   1.2717e-04   4.0759e+02
20260211_18:00:00   1.2422e-01   3.2741e+01   7.7323e+00   8.7980e-04   2.4287e-03   4.0412e+02
20260211_19:00:00   1.2547e-01   3.2993e+01   8.0006e+00   7.3800e-05   1.3570e-02   4.0787e+02
20260211_20:00:00   1.2766e-01   3.3464e+01   8.0563e+00   1.9042e-03   1.8406e-02   4.1065e+02
20260211_21:00:00   1.2620e-01   3.3093e+01   8.0194e+00   4.8720e-05   2.8524e-02   4.1410e+02
20260211_22:00:00   1.2381e-01   3.2520e+01   7.6895e+00   0.0000e+00   1.2354e-02   4.1257e+02
20260211_23:00:00   1.2287e-01   3.2281e+01   7.5368e+00   0.0000e+00   1.9445e-02   4.0739e+02
20260212_00:00:00   1.2345e-01   3.2413e+01   7.5253e+00   0.0000e+00   1.2416e-02   4.0574e+02
20260212_01:00:00   1.2270e-01   3.2215e+01   7.5044e+00   4.9620e-05   1.6043e-02   4.0664e+02
20260212_02:00:00   1.1983e-01   3.1529e+01   7.2183e+00   0.0000e+00   5.4509e-03   4.1198e+02
20260212_03:00:00   1.1719e-01   3.0893e+01   6.9633e+00   0.0000e+00   6.9787e-03   4.1396e+02
20260212_04:00:00   1.1761e-01   3.0977e+01   6.9734e+00   0.0000e+00   1.3650e-02   4.1312e+02
20260212_05:00:00   1.1863e-01   3.1214e+01   7.0478e+00   0.0000e+00   4.6285e-03   4.1682e+02
20260212_06:00:00   1.1849e-01   3.1184e+01   6.9627e+00   0.0000e+00   5.2241e-03   4.1826e+02
20260212_07:00:00   1.1876e-01   3.1239e+01   6.9457e+00   0.0000e+00   8.9755e-03   4.1764e+02
20260212_08:00:00   1.1861e-01   3.1198e+01   6.8858e+00   0.0000e+00   5.3218e-03   4.1815e+02
20260212_09:00:00   1.1800e-01   3.1060e+01   6.7756e+00   0.0000e+00   2.4005e-03   4.1824e+02
20260212_10:00:00   1.1684e-01   3.0802e+01   6.6132e+00   0.0000e+00   6.7481e-04   4.1711e+02
20260212_11:00:00   1.1530e-01   3.0462e+01   6.4005e+00   0.0000e+00   3.3860e-04   4.1740e+02
20260212_12:00:00   1.1409e-01   3.0197e+01   6.2392e+00   0.0000e+00   2.2576e-04   4.1916e+02
20260212_13:00:00   1.1352e-01   3.0083e+01   6.1616e+00   0.0000e+00   3.1823e-05   4.1444e+02
20260212_14:00:00   1.1333e-01   3.0067e+01   6.1365e+00   0.0000e+00   3.1815e-05   4.0879e+02
20260212_15:00:00   1.1302e-01   3.0026e+01   6.0650e+00   0.0000e+00   2.9895e-05   4.0645e+02
20260212_16:00:00   1.1325e-01   3.0112e+01   6.0537e+00   0.0000e+00   3.6695e-04   4.0492e+02
20260212_17:00:00   1.1330e-01   3.0144e+01   6.0507e+00   1.7042e-04   4.4551e-04   4.0690e+02
20260212_18:00:00   1.3764e-01   3.5741e+01   6.3177e+00   2.4700e-02   1.7523e-03   4.0620e+02
20260212_19:00:00   1.2845e-01   3.3643e+01   6.5151e+00   1.2696e-02   4.3226e-03   4.0481e+02
20260212_20:00:00   1.1891e-01   3.1427e+01   6.7138e+00   2.3780e-04   2.2841e-03   4.0491e+02
20260212_21:00:00   1.1938e-01   3.1503e+01   6.7890e+00   3.6740e-04   1.4588e-03   4.0093e+02
20260212_22:00:00   1.1714e-01   3.0963e+01   6.6086e+00   0.0000e+00   2.3559e-04   4.0677e+02
20260212_23:00:00   1.1589e-01   3.0646e+01   6.4751e+00   0.0000e+00   2.5669e-05   4.1303e+02
20260213_00:00:00   1.1464e-01   3.0342e+01   6.3355e+00   0.0000e+00   4.3373e-05   4.1154e+02
20260213_01:00:00   1.1303e-01   2.9969e+01   6.1254e+00   0.0000e+00   5.5213e-05   4.1482e+02
20260213_02:00:00   1.1191e-01   2.9710e+01   5.9795e+00   0.0000e+00   3.9533e-04   4.1868e+02
20260213_03:00:00   1.1139e-01   2.9580e+01   5.9298e+00   0.0000e+00   6.0410e-04   4.2173e+02
20260213_04:00:00   1.1158e-01   2.9606e+01   5.9525e+00   0.0000e+00   3.2136e-04   4.2913e+02
20260213_05:00:00   1.1127e-01   2.9519e+01   5.8917e+00   0.0000e+00   3.8551e-05   4.2633e+02
20260213_06:00:00   1.1081e-01   2.9403e+01   5.8063e+00   0.0000e+00   3.6817e-05   4.1510e+02
20260213_07:00:00   1.1007e-01   2.9233e+01   5.7091e+00   0.0000e+00   4.2984e-05   4.0880e+02
20260213_08:00:00   1.0965e-01   2.9126e+01   5.6475e+00   0.0000e+00   5.7667e-04   4.1796e+02
20260213_09:00:00   1.0898e-01   2.8971e+01   5.5606e+00   0.0000e+00   1.5779e-03   4.2818e+02
20260213_10:00:00   1.0815e-01   2.8784e+01   5.4576e+00   0.0000e+00   2.0151e-03   4.3669e+02
20260213_11:00:00   1.0607e-01   2.8299e+01   5.1868e+00   0.0000e+00   1.4721e-03   4.4269e+02
20260213_12:00:00   1.0177e-01   2.7297e+01   4.6537e+00   0.0000e+00   8.3781e-04   4.4362e+02
20260213_13:00:00   9.9890e-02   2.6871e+01   4.3921e+00   0.0000e+00   3.2791e-05   4.4579e+02
20260213_14:00:00   9.7470e-02   2.6324e+01   4.0521e+00   0.0000e+00   2.2703e-06   4.5689e+02
20260213_15:00:00   9.4695e-02   2.5683e+01   3.6359e+00   0.0000e+00   1.1689e-05   4.5848e+02
20260213_16:00:00   9.3528e-02   2.5423e+01   3.4071e+00   0.0000e+00   1.0617e-05   4.5892e+02
20260213_17:00:00   9.4517e-02   2.5680e+01   3.4878e+00   0.0000e+00   4.2003e-06   4.5719e+02
20260213_18:00:00   9.4548e-02   2.5710e+01   3.4689e+00   0.0000e+00   3.4818e-06   4.5384e+02
20260213_19:00:00   9.4868e-02   2.5809e+01   3.5035e+00   0.0000e+00   3.8757e-06   4.4619e+02
20260213_20:00:00   9.4734e-02   2.5787e+01   3.4960e+00   0.0000e+00   3.4661e-06   4.4581e+02
20260213_21:00:00   9.3919e-02   2.5600e+01   3.4052e+00   0.0000e+00   3.5147e-06   4.3357e+02
20260213_22:00:00   9.2915e-02   2.5350e+01   3.3061e+00   0.0000e+00   3.9426e-06   4.3472e+02
20260213_23:00:00   9.1094e-02   2.4904e+01   3.0777e+00   0.0000e+00   2.4686e-06   4.4368e+02
20260214_00:00:00   8.8863e-02   2.4363e+01   2.8431e+00   0.0000e+00   1.8234e-05   4.5149e+02
20260214_03:00:00   9.1695e-02   2.5008e+01   3.3246e+00   0.0000e+00   1.3268e-03   4.5586e+02
20260214_06:00:00   9.3356e-02   2.5373e+01   3.6888e+00   0.0000e+00   4.2803e-03   4.4113e+02
20260214_09:00:00   9.9088e-02   2.6747e+01   4.5043e+00   0.0000e+00   1.5871e-02   4.3123e+02
20260214_12:00:00   1.0192e-01   2.7505e+01   4.8864e+00   0.0000e+00   4.8230e-04   4.3504e+02
20260214_15:00:00   1.1008e-01   2.9519e+01   5.7909e+00   0.0000e+00   9.2332e-07   4.3309e+02
20260214_18:00:00   1.1417e-01   3.0575e+01   6.0607e+00   2.6580e-05   2.3449e-04   4.2401e+02
20260214_21:00:00   1.0609e-01   2.8746e+01   5.1074e+00   0.0000e+00   7.6769e-06   4.2328e+02
20260215_00:00:00   9.8060e-02   2.6861e+01   4.1998e+00   0.0000e+00   1.6100e-05   4.1884e+02
20260215_03:00:00   9.6043e-02   2.6391e+01   4.0059e+00   0.0000e+00   6.2228e-05   4.1796e+02
20260215_06:00:00   1.0268e-01   2.7910e+01   5.0707e+00   0.0000e+00   7.9820e-05   4.1035e+02
20260215_09:00:00   1.1278e-01   3.0338e+01   6.5629e+00   0.0000e+00   4.7880e-05   4.0671e+02
20260215_12:00:00   1.1218e-01   3.0243e+01   6.3107e+00   0.0000e+00   5.8162e-04   4.0839e+02
20260215_15:00:00   1.1480e-01   3.0894e+01   6.5957e+00   0.0000e+00   8.2659e-03   4.0865e+02
20260215_18:00:00   1.3922e-01   3.6625e+01   6.6942e+00   2.4564e-02   1.3931e-02   4.1985e+02
20260215_21:00:00   2.0323e-01   5.0864e+01   7.1933e+00   9.1682e-02   1.4645e-01   4.2529e+02
20260216_00:00:00   1.6256e-01   4.1927e+01   6.9658e+00   4.8399e-02   6.1205e-03   4.2931e+02
20260216_03:00:00   2.7018e-01   6.4928e+01   6.7022e+00   1.7041e-01   4.2703e-03   4.3465e+02
20260216_06:00:00   2.2449e-01   5.5427e+01   7.2709e+00   1.1513e-01   2.6841e-03   4.2833e+02
20260216_09:00:00   1.5179e-01   3.9412e+01   7.7539e+00   2.9285e-02   1.3122e-03   4.2569e+02
20260216_12:00:00   1.2958e-01   3.4329e+01   8.2144e+00   0.0000e+00   9.9572e-05   4.2895e+02
20260216_15:00:00   1.2482e-01   3.3334e+01   7.4726e+00   1.5656e-04   1.3316e-04   4.1733e+02
20260216_18:00:00   1.2790e-01   3.4197e+01   7.3859e+00   4.3066e-03   1.5224e-04   4.0361e+02
20260216_21:00:00   1.1966e-01   3.2386e+01   6.7983e+00   5.8649e-04   1.7507e-04   3.9605e+02
20260217_00:00:00   1.1741e-01   3.1837e+01   6.6666e+00   0.0000e+00   2.2423e-03   3.9390e+02
20260217_03:00:00   1.1750e-01   3.1810e+01   6.9991e+00   0.0000e+00   4.0330e-02   3.9109e+02
20260217_06:00:00   1.2030e-01   3.2441e+01   7.6418e+00   0.0000e+00   1.6862e-01   3.9242e+02
20260217_09:00:00   1.2933e-01   3.4580e+01   9.2458e+00   0.0000e+00   1.1044e-01   3.7713e+02
20260217_12:00:00   1.3316e-01   3.5526e+01   9.7866e+00   8.8880e-05   1.0816e-01   3.7382e+02
20260217_15:00:00   1.4157e-01   3.7492e+01   1.0596e+01   4.2528e-03   1.9598e-01   3.7637e+02
20260217_18:00:00   1.5758e-01   4.1255e+01   1.1494e+01   1.4790e-02   1.6818e-01   3.7852e+02
20260217_21:00:00   2.4539e-01   6.0866e+01   1.4585e+01   8.2970e-02   5.4661e-02   3.8177e+02
20260218_00:00:00   2.6257e-01   6.4632e+01   1.6512e+01   7.6940e-02   4.7183e-04   3.7707e+02
20260218_03:00:00   2.2161e-01   5.5896e+01   1.5847e+01   3.6999e-02   1.5043e-01   3.7647e+02
20260218_06:00:00   2.6082e-01   6.4500e+01   9.8016e+00   1.3329e-01   0.0000e+00   3.8647e+02
20260218_09:00:00   1.3927e-01   3.7092e+01   6.9815e+00   1.9239e-02   1.4527e-04   4.0592e+02
20260218_12:00:00   1.0454e-01   2.8654e+01   4.8271e+00   0.0000e+00   4.7138e-05   4.1743e+02
20260218_15:00:00   9.5703e-02   2.6410e+01   3.8203e+00   0.0000e+00   1.7871e-06   4.2492e+02
20260218_18:00:00   9.3608e-02   2.5817e+01   3.6235e+00   0.0000e+00   0.0000e+00   4.3115e+02
20260218_21:00:00   9.3121e-02   2.5677e+01   3.6302e+00   0.0000e+00   0.0000e+00   4.3779e+02
20260219_00:00:00   9.4009e-02   2.5816e+01   3.9286e+00   0.0000e+00   1.2728e-04   4.3596e+02
20260219_03:00:00   1.0089e-01   2.7355e+01   5.0581e+00   0.0000e+00   3.1978e-03   4.2899e+02
20260219_06:00:00   1.0699e-01   2.8823e+01   5.8628e+00   0.0000e+00   3.7002e-03   4.1586e+02
20260219_09:00:00   1.1125e-01   2.9890e+01   6.5260e+00   0.0000e+00   1.1087e-04   4.0554e+02
20260219_12:00:00   1.1094e-01   2.9932e+01   6.5195e+00   0.0000e+00   3.2750e-03   3.9969e+02
20260219_15:00:00   1.1642e-01   3.1370e+01   7.1555e+00   0.0000e+00   9.5622e-03   3.8649e+02
20260219_18:00:00   4.5463e-01   1.0019e+02   1.4910e+01   3.0577e-01   8.4454e-02   3.7730e+02
20260219_21:00:00   9.1264e-01   1.6346e+02   1.7916e+01   7.9949e-01   2.4022e-01   3.7170e+02
20260220_00:00:00   6.6758e-01   1.3394e+02   2.0030e+01   5.0711e-01   3.2577e-01   3.7096e+02
20260220_03:00:00   9.2092e-01   1.6546e+02   2.2463e+01   7.7368e-01   5.9806e-01   3.5911e+02
20260220_06:00:00   1.3787e+00   2.0602e+02   2.4728e+01   1.2770e+00   2.6571e-01   3.5114e+02
20260220_09:00:00   8.6925e-01   1.6153e+02   2.6913e+01   6.8303e-01   2.0194e-01   3.5062e+02
20260220_12:00:00   2.9679e-01   7.2687e+01   2.5113e+01   5.1256e-02   2.0741e-01   3.4896e+02
20260220_15:00:00   3.4458e-01   8.2695e+01   1.6847e+01   1.8259e-01   1.2708e-04   3.4640e+02
20260220_18:00:00   7.1692e-01   1.4190e+02   2.6141e+01   5.0424e-01   2.2813e-01   3.4987e+02
20260220_21:00:00   1.9466e-01   5.0901e+01   1.5187e+01   9.0966e-03   0.0000e+00   3.6248e+02
20260221_00:00:00   1.9221e-01   5.0174e+01   1.5744e+01   4.0520e-04   6.8020e-05   3.7835e+02
20260221_03:00:00   2.0021e-01   5.1618e+01   1.2098e+01   4.9500e-02   0.0000e+00   3.6991e+02
20260221_06:00:00   1.6031e-01   4.2256e+01   9.5684e+00   2.4261e-02   2.3854e-04   3.6167e+02
20260221_09:00:00   1.1715e-01   3.1882e+01   7.6054e+00   0.0000e+00   3.6648e-06   3.5330e+02
20260221_12:00:00   9.7659e-02   2.6975e+01   4.7955e+00   0.0000e+00   3.8093e-05   3.5714e+02
20260221_15:00:00   9.1784e-02   2.5451e+01   4.0006e+00   0.0000e+00   1.2792e-02   3.5670e+02
20260221_18:00:00   9.3940e-02   2.5976e+01   4.1330e+00   0.0000e+00   8.1093e-03   3.5721e+02
20260221_21:00:00   9.2208e-02   2.5600e+01   3.8983e+00   0.0000e+00   1.1698e-03   3.6377e+02
20260222_00:00:00   9.3406e-02   2.5820e+01   4.2886e+00   6.9500e-07   6.6748e-02   3.6812e+02
20260222_03:00:00   9.2054e-02   2.5431e+01   4.1732e+00   0.0000e+00   4.7560e-02   3.6110e+02
20260222_06:00:00   1.0009e-01   2.7199e+01   5.2956e+00   0.0000e+00   3.0815e-01   3.5247e+02
20260222_09:00:00   9.7561e-02   2.6591e+01   5.1005e+00   0.0000e+00   2.1708e-01   3.5079e+02
20260222_12:00:00   9.7525e-02   2.6590e+01   5.0372e+00   0.0000e+00   1.7246e-01   3.5135e+02
20260222_15:00:00   9.6177e-02   2.6253e+01   4.6319e+00   0.0000e+00   1.1141e-01   3.6031e+02
20260222_18:00:00   9.8368e-02   2.6766e+01   4.9841e+00   0.0000e+00   5.0336e-02   3.6684e+02
20260222_21:00:00   9.8272e-02   2.6801e+01   4.9718e+00   0.0000e+00   1.6574e-03   3.7027e+02
20260223_00:00:00   9.7037e-02   2.6486e+01   4.6407e+00   0.0000e+00   5.6534e-05   3.7771e+02
20260223_03:00:00   1.0282e-01   2.7764e+01   5.2238e+00   0.0000e+00   5.3838e-03   3.8033e+02
20260223_06:00:00   1.0725e-01   2.8754e+01   5.7451e+00   0.0000e+00   7.3434e-02   3.7989e+02
20260223_09:00:00   1.0572e-01   2.8399e+01   5.5161e+00   0.0000e+00   2.4948e-03   3.8361e+02
20260223_12:00:00   1.0543e-01   2.8340e+01   5.4519e+00   0.0000e+00   6.7250e-02   3.7997e+02
20260223_15:00:00   1.0155e-01   2.7489e+01   4.8343e+00   0.0000e+00   7.2161e-03   3.7228e+02
20260223_18:00:00   9.1906e-02   2.5346e+01   3.5061e+00   0.0000e+00   1.1584e-07   3.6486e+02
20260223_21:00:00   9.3086e-02   2.5691e+01   3.6470e+00   0.0000e+00   0.0000e+00   3.6754e+02
20260224_00:00:00   9.2266e-02   2.5530e+01   3.4789e+00   0.0000e+00   0.0000e+00   3.6680e+02
20260224_03:00:00   9.1607e-02   2.5378e+01   3.4012e+00   0.0000e+00   7.0880e-06   3.6825e+02
20260224_06:00:00   9.3291e-02   2.5781e+01   3.7261e+00   0.0000e+00   3.1061e-03   3.6340e+02
20260224_09:00:00   9.7336e-02   2.6715e+01   4.3671e+00   0.0000e+00   1.3406e-02   3.6016e+02
20260224_12:00:00   1.0959e-01   2.9616e+01   5.4595e+00   2.2702e-03   3.6533e-03   3.6903e+02
20260224_15:00:00   1.0905e-01   2.9534e+01   5.6884e+00   1.0470e-04   4.1869e-04   3.7986e+02
20260224_18:00:00   1.5333e-01   3.9670e+01   1.1572e+01   9.2144e-05   3.4758e-01   3.9196e+02
20260224_21:00:00   1.4972e-01   3.8777e+01   1.0291e+01   3.9746e-05   4.2717e-01   4.0823e+02
20260225_00:00:00   1.4702e-01   3.8224e+01   6.9248e+00   2.5261e-02   1.4517e-01   4.1395e+02
