#            date       tau255        Tb[K]      pwv[mm] lwp[kg*m^-2] iwp[kg*m^-2]       o3[DU]
20260224_18:00:00   9.9713e-02   2.6680e+01   4.0169e+00   6.0882e-04   4.1922e-03   4.4225e+02
20260224_19:00:00   9.8680e-02   2.6445e+01   3.8359e+00   6.9167e-04   5.8259e-03   4.4154e+02
20260224_20:00:00   9.7764e-02   2.6237e+01   3.7397e+00   2.0800e-05   6.8367e-03   4.4371e+02
20260224_21:00:00   9.5924e-02   2.5816e+01   3.5067e+00   0.0000e+00   6.5078e-04   4.4866e+02
20260224_22:00:00   9.4077e-02   2.5384e+01   3.2794e+00   0.0000e+00   1.1428e-05   4.4803e+02
20260224_23:00:00   9.3537e-02   2.5257e+01   3.2277e+00   0.0000e+00   5.5994e-05   4.4680e+02
20260225_00:00:00   9.3001e-02   2.5140e+01   3.2034e+00   0.0000e+00   7.4097e-04   4.4589e+02
20260225_01:00:00   9.0776e-02   2.4641e+01   3.0149e+00   0.0000e+00   1.3977e-04   4.4749e+02
20260225_02:00:00   8.9687e-02   2.4387e+01   2.9471e+00   0.0000e+00   1.8921e-03   4.4344e+02
20260225_03:00:00   8.9091e-02   2.4261e+01   2.9323e+00   0.0000e+00   1.6688e-04   4.4014e+02
20260225_04:00:00   8.8019e-02   2.4025e+01   2.9804e+00   0.0000e+00   1.1102e-03   4.4257e+02
20260225_05:00:00   9.1271e-02   2.4786e+01   3.6756e+00   0.0000e+00   3.3767e-04   4.3966e+02
20260225_06:00:00   9.6279e-02   2.5971e+01   4.4106e+00   0.0000e+00   2.3642e-05   4.3563e+02
20260225_07:00:00   1.0501e-01   2.8033e+01   5.5720e+00   0.0000e+00   3.5879e-03   4.3957e+02
20260225_08:00:00   1.1617e-01   3.0628e+01   7.0522e+00   0.0000e+00   4.0444e-02   4.4350e+02
20260225_09:00:00   1.0788e-01   2.8727e+01   5.9446e+00   0.0000e+00   2.1019e-01   4.4457e+02
20260225_10:00:00   1.1887e-01   3.1300e+01   7.3814e+00   0.0000e+00   1.5660e-02   4.4196e+02
20260225_11:00:00   1.3612e-01   3.5253e+01   9.1695e+00   0.0000e+00   3.8045e-01   4.3062e+02
20260225_12:00:00   1.3760e-01   3.5580e+01   9.2724e+00   0.0000e+00   6.0272e-01   4.3612e+02
20260225_13:00:00   1.3831e-01   3.5792e+01   9.3530e+00   0.0000e+00   5.7833e-01   4.4767e+02
20260225_14:00:00   1.3886e-01   3.5993e+01   9.4511e+00   0.0000e+00   2.6271e-01   4.4930e+02
20260225_15:00:00   1.3762e-01   3.5822e+01   9.0096e+00   8.4758e-04   1.9144e-01   4.4651e+02
20260225_16:00:00   1.7946e-01   4.5341e+01   8.8589e+00   4.8986e-02   2.9695e-02   4.4042e+02
20260225_17:00:00   1.8975e-01   4.7673e+01   8.3036e+00   6.5211e-02   9.0245e-03   4.4014e+02
20260225_18:00:00   1.7414e-01   4.4294e+01   7.9588e+00   5.1444e-02   3.7164e-03   4.4603e+02
20260225_19:00:00   1.5791e-01   4.0667e+01   8.5224e+00   2.8847e-02   2.3026e-03   4.5274e+02
20260225_20:00:00   1.4778e-01   3.8360e+01   9.0878e+00   1.2145e-02   2.7741e-03   4.5976e+02
20260225_21:00:00   1.3673e-01   3.5829e+01   9.0059e+00   5.7840e-05   4.0797e-03   4.6307e+02
20260225_22:00:00   1.3150e-01   3.4707e+01   7.7444e+00   5.1451e-03   1.7456e-04   4.6279e+02
20260225_23:00:00   1.4966e-01   3.8981e+01   7.4091e+00   2.8488e-02   2.8781e-04   4.6684e+02
20260226_00:00:00   1.3817e-01   3.6321e+01   7.4677e+00   1.5550e-02   1.7497e-04   4.6211e+02
20260226_01:00:00   1.4131e-01   3.7030e+01   8.0172e+00   1.3015e-02   5.9688e-04   4.5849e+02
20260226_02:00:00   2.0979e-01   5.2489e+01   7.5947e+00   9.3591e-02   5.8463e-04   4.5463e+02
20260226_03:00:00   1.7658e-01   4.5107e+01   7.8693e+00   5.2737e-02   9.5532e-04   4.5519e+02
20260226_04:00:00   1.3500e-01   3.5590e+01   7.5727e+00   9.4306e-03   5.3681e-04   4.4979e+02
20260226_05:00:00   1.5015e-01   3.9076e+01   7.6090e+00   2.4412e-02   7.1180e-02   4.5033e+02
20260226_06:00:00   1.2952e-01   3.4205e+01   6.6421e+00   1.1190e-02   3.3696e-02   4.4754e+02
20260226_07:00:00   1.1185e-01   3.0015e+01   5.7911e+00   6.8060e-05   1.0447e-03   4.4593e+02
20260226_08:00:00   1.0444e-01   2.8237e+01   4.9467e+00   0.0000e+00   8.3981e-05   4.4495e+02
20260226_09:00:00   9.5749e-02   2.6132e+01   3.8675e+00   0.0000e+00   8.6009e-05   4.4792e+02
20260226_10:00:00   9.6043e-02   2.6163e+01   3.8041e+00   0.0000e+00   9.2670e-06   4.5180e+02
20260226_11:00:00   9.4672e-02   2.5826e+01   3.6458e+00   0.0000e+00   1.1129e-05   4.5088e+02
20260226_12:00:00   9.3723e-02   2.5600e+01   3.4748e+00   0.0000e+00   3.3436e-05   4.5090e+02
20260226_13:00:00   9.2243e-02   2.5268e+01   3.2720e+00   0.0000e+00   9.5460e-06   4.5157e+02
20260226_14:00:00   9.1951e-02   2.5234e+01   3.2853e+00   0.0000e+00   4.5657e-04   4.4894e+02
20260226_15:00:00   9.6226e-02   2.6250e+01   3.6240e+00   2.3020e-03   1.0611e-03   4.4802e+02
20260226_16:00:00   9.6746e-02   2.6377e+01   4.1179e+00   5.1900e-04   8.6766e-03   4.4460e+02
20260226_17:00:00   9.8485e-02   2.6790e+01   4.5781e+00   0.0000e+00   3.1779e-02   4.4423e+02
20260226_18:00:00   1.0305e-01   2.7867e+01   5.1989e+00   5.7100e-04   9.9123e-03   4.3990e+02
20260226_19:00:00   1.0859e-01   2.9170e+01   6.0308e+00   9.2700e-04   2.0671e-02   4.3683e+02
20260226_20:00:00   1.1547e-01   3.0737e+01   7.0059e+00   1.0408e-05   2.8659e-01   4.3671e+02
20260226_21:00:00   1.2136e-01   3.2103e+01   7.8439e+00   0.0000e+00   3.5219e-01   4.4117e+02
20260226_22:00:00   1.2490e-01   3.2887e+01   8.2709e+00   0.0000e+00   2.7992e-01   4.4536e+02
20260226_23:00:00   1.2672e-01   3.3299e+01   8.4960e+00   0.0000e+00   2.1294e-01   4.4827e+02
20260227_00:00:00   1.2099e-01   3.1962e+01   7.6883e+00   0.0000e+00   9.5290e-02   4.5377e+02
20260227_01:00:00   1.1411e-01   3.0394e+01   6.6161e+00   0.0000e+00   7.1408e-03   4.6121e+02
20260227_02:00:00   1.0576e-01   2.8419e+01   5.4543e+00   0.0000e+00   1.5594e-03   4.6588e+02
20260227_03:00:00   9.7122e-02   2.6370e+01   4.2581e+00   0.0000e+00   1.6980e-06   4.6502e+02
20260227_04:00:00   9.5427e-02   2.5954e+01   3.9395e+00   0.0000e+00   2.8203e-05   4.6714e+02
20260227_05:00:00   9.6161e-02   2.6103e+01   3.9385e+00   0.0000e+00   1.0122e-04   4.6683e+02
20260227_06:00:00   9.5679e-02   2.5963e+01   3.8048e+00   0.0000e+00   3.0423e-04   4.6345e+02
20260227_07:00:00   9.4514e-02   2.5668e+01   3.5986e+00   0.0000e+00   7.6792e-04   4.5962e+02
20260227_08:00:00   9.3982e-02   2.5541e+01   3.5219e+00   0.0000e+00   5.8654e-04   4.5952e+02
20260227_09:00:00   9.3668e-02   2.5464e+01   3.5061e+00   0.0000e+00   1.5425e-05   4.6139e+02
20260227_10:00:00   9.3394e-02   2.5395e+01   3.5059e+00   0.0000e+00   1.7272e-04   4.6086e+02
20260227_11:00:00   9.3287e-02   2.5383e+01   3.5244e+00   0.0000e+00   6.5558e-05   4.5861e+02
20260227_12:00:00   9.5606e-02   2.5934e+01   3.8308e+00   0.0000e+00   1.4912e-05   4.5614e+02
20260227_13:00:00   9.8411e-02   2.6621e+01   4.1741e+00   0.0000e+00   4.9928e-06   4.5431e+02
20260227_14:00:00   9.9927e-02   2.7003e+01   4.3358e+00   0.0000e+00   4.6441e-06   4.4803e+02
20260227_15:00:00   1.0154e-01   2.7414e+01   4.5307e+00   0.0000e+00   3.9022e-06   4.4260e+02
20260227_16:00:00   1.0480e-01   2.8213e+01   4.8921e+00   0.0000e+00   3.3859e-06   4.3832e+02
20260227_17:00:00   1.0922e-01   2.9292e+01   5.3973e+00   1.0384e-04   4.6504e-04   4.3686e+02
20260227_18:00:00   1.1608e-01   3.0946e+01   6.1632e+00   9.9720e-04   6.9519e-04   4.2983e+02
20260227_19:00:00   1.2421e-01   3.2887e+01   7.0591e+00   2.0804e-03   6.3184e-04   4.2786e+02
20260227_20:00:00   1.3295e-01   3.4915e+01   7.9917e+00   3.5310e-03   6.4440e-04   4.2741e+02
20260227_21:00:00   1.3479e-01   3.5346e+01   8.4448e+00   1.1102e-03   9.7409e-04   4.3013e+02
20260227_22:00:00   1.3182e-01   3.4676e+01   8.2688e+00   0.0000e+00   5.1262e-03   4.2608e+02
20260227_23:00:00   1.2930e-01   3.4117e+01   7.9113e+00   4.2820e-04   1.3608e-03   4.2520e+02
20260228_00:00:00   1.2554e-01   3.3305e+01   7.4710e+00   3.7336e-04   1.3430e-04   4.2758e+02
20260228_01:00:00   1.2503e-01   3.3266e+01   7.1120e+00   3.1584e-03   1.5810e-04   4.2400e+02
20260228_02:00:00   1.2807e-01   3.4013e+01   7.0498e+00   7.5760e-03   6.3786e-04   4.1822e+02
20260228_03:00:00   1.2457e-01   3.3253e+01   6.7528e+00   6.6800e-03   2.1480e-04   4.1241e+02
20260228_04:00:00   1.3011e-01   3.4580e+01   6.8457e+00   1.2926e-02   1.9442e-04   4.1107e+02
20260228_05:00:00   1.2615e-01   3.3671e+01   6.8808e+00   9.7320e-03   1.5845e-04   4.1015e+02
20260228_06:00:00   1.2882e-01   3.4283e+01   7.0512e+00   1.2063e-02   2.8409e-04   4.0815e+02
20260228_07:00:00   1.2755e-01   3.3975e+01   7.1023e+00   1.1373e-02   7.5110e-04   4.1204e+02
20260228_08:00:00   1.1828e-01   3.1780e+01   7.1678e+00   2.2180e-03   1.5982e-03   4.0719e+02
20260228_09:00:00   1.1583e-01   3.1177e+01   7.2937e+00   0.0000e+00   4.3566e-03   4.0238e+02
20260228_10:00:00   1.1490e-01   3.0958e+01   7.2749e+00   0.0000e+00   1.6247e-03   3.9828e+02
20260228_11:00:00   1.1731e-01   3.1542e+01   7.6806e+00   0.0000e+00   6.2289e-04   3.9794e+02
20260228_12:00:00   1.2153e-01   3.2571e+01   8.2179e+00   0.0000e+00   6.7723e-04   4.0187e+02
20260228_13:00:00   1.2582e-01   3.3637e+01   8.7134e+00   0.0000e+00   6.6894e-04   3.9999e+02
20260228_14:00:00   1.3174e-01   3.5090e+01   9.3927e+00   0.0000e+00   4.2764e-04   4.0113e+02
20260228_15:00:00   1.4149e-01   3.7401e+01   1.0587e+01   0.0000e+00   4.3747e-04   4.0265e+02
20260228_16:00:00   1.4731e-01   3.8774e+01   1.1261e+01   0.0000e+00   5.8846e-04   4.0067e+02
20260228_17:00:00   1.5306e-01   4.0144e+01   1.1785e+01   9.8522e-04   2.3370e-04   3.9332e+02
20260228_18:00:00   1.7789e-01   4.5823e+01   1.3609e+01   9.5519e-03   3.6082e-04   3.8747e+02
20260228_19:00:00   2.5229e-01   6.2026e+01   1.4579e+01   8.2434e-02   3.1503e-03   3.8340e+02
20260228_20:00:00   2.2855e-01   5.7096e+01   1.4011e+01   6.0911e-02   8.5726e-05   3.8373e+02
20260228_21:00:00   3.0294e-01   7.2603e+01   1.2309e+01   1.6042e-01   3.4418e-04   3.8185e+02
20260228_22:00:00   5.7093e-01   1.1926e+02   1.1191e+01   4.7178e-01   2.8978e-03   3.8407e+02
20260228_23:00:00   3.4323e-01   8.0255e+01   1.0458e+01   2.2149e-01   1.3389e-02   3.8415e+02
20260301_00:00:00   2.6376e-01   6.4241e+01   1.0106e+01   1.3528e-01   1.7241e-02   3.8284e+02
20260301_01:00:00   1.3414e-01   3.5637e+01   9.2874e+00   4.1360e-06   2.8650e-02   3.8086e+02
20260301_02:00:00   1.2823e-01   3.4153e+01   8.7253e+00   0.0000e+00   2.5940e-02   3.8189e+02
20260301_03:00:00   1.1928e-01   3.1943e+01   7.8139e+00   0.0000e+00   1.9682e-02   3.8042e+02
20260301_04:00:00   1.1629e-01   3.1157e+01   7.5423e+00   0.0000e+00   8.6426e-03   3.7814e+02
20260301_05:00:00   1.1543e-01   3.0895e+01   7.4218e+00   0.0000e+00   8.2895e-03   3.7372e+02
20260301_06:00:00   1.1660e-01   3.1123e+01   7.5454e+00   0.0000e+00   1.1708e-02   3.7159e+02
20260301_07:00:00   1.1625e-01   3.0979e+01   7.4157e+00   0.0000e+00   6.3637e-02   3.7310e+02
20260301_08:00:00   1.1588e-01   3.0835e+01   7.2247e+00   0.0000e+00   1.3685e-01   3.7876e+02
20260301_09:00:00   1.1928e-01   3.1612e+01   7.5686e+00   0.0000e+00   8.2756e-02   3.8381e+02
20260301_10:00:00   1.2219e-01   3.2241e+01   7.7879e+00   0.0000e+00   1.0706e-01   3.8528e+02
20260301_11:00:00   1.2136e-01   3.2010e+01   7.5846e+00   0.0000e+00   1.0042e-01   3.9030e+02
20260301_12:00:00   1.1853e-01   3.1306e+01   7.1190e+00   0.0000e+00   7.5022e-02   3.8980e+02
20260301_13:00:00   1.1361e-01   3.0121e+01   6.3703e+00   0.0000e+00   2.9195e-02   3.9364e+02
20260301_14:00:00   1.0750e-01   2.8683e+01   5.3952e+00   0.0000e+00   9.5551e-04   3.9458e+02
20260301_15:00:00   1.0228e-01   2.7458e+01   4.6062e+00   0.0000e+00   2.2895e-04   3.9659e+02
20260301_16:00:00   9.8807e-02   2.6625e+01   4.0365e+00   0.0000e+00   3.6799e-04   3.9809e+02
20260301_17:00:00   9.4981e-02   2.5722e+01   3.4520e+00   0.0000e+00   7.8295e-04   3.9917e+02
20260301_18:00:00   9.2538e-02   2.5148e+01   3.0687e+00   0.0000e+00   9.0556e-04   3.9837e+02
20260301_21:00:00   9.1433e-02   2.4880e+01   2.8309e+00   0.0000e+00   3.4424e-04   3.8815e+02
20260302_00:00:00   8.8451e-02   2.4146e+01   2.5578e+00   0.0000e+00   3.1477e-04   3.8653e+02
20260302_03:00:00   9.1019e-02   2.4680e+01   3.2512e+00   0.0000e+00   1.2288e-02   3.7607e+02
20260302_06:00:00   1.0025e-01   2.6840e+01   4.8206e+00   0.0000e+00   8.7263e-02   3.6757e+02
20260302_09:00:00   1.1805e-01   3.0970e+01   7.1049e+00   0.0000e+00   4.2606e-01   3.6048e+02
20260302_12:00:00   1.3456e-01   3.4752e+01   9.1318e+00   0.0000e+00   6.2328e-01   3.5149e+02
20260302_15:00:00   1.4252e-01   3.6548e+01   9.9739e+00   0.0000e+00   8.6110e-01   3.5491e+02
20260302_18:00:00   1.4453e-01   3.7060e+01   1.0383e+01   0.0000e+00   8.4377e-01   3.5174e+02
20260302_21:00:00   1.4838e-01   3.8017e+01   1.0907e+01   0.0000e+00   8.8035e-01   3.4758e+02
20260303_00:00:00   1.5212e-01   3.8935e+01   1.1389e+01   0.0000e+00   8.9393e-01   3.5064e+02
20260303_03:00:00   1.4465e-01   3.7197e+01   1.0430e+01   0.0000e+00   4.3660e-01   3.5514e+02
20260303_06:00:00   1.0004e-01   2.7115e+01   3.9747e+00   0.0000e+00   5.8908e-03   3.7036e+02
20260303_09:00:00   9.1605e-02   2.5106e+01   2.8454e+00   0.0000e+00   1.4579e-05   3.9277e+02
20260303_12:00:00   8.9579e-02   2.4599e+01   2.6798e+00   0.0000e+00   6.4573e-06   4.0789e+02
20260303_15:00:00   9.1122e-02   2.5003e+01   2.9587e+00   0.0000e+00   2.5156e-04   4.1042e+02
20260303_18:00:00   9.8275e-02   2.6810e+01   3.9374e+00   0.0000e+00   2.2080e-04   3.9414e+02
20260303_21:00:00   1.0506e-01   2.8488e+01   4.7553e+00   8.1654e-04   7.4545e-04   3.8537e+02
20260304_00:00:00   1.0078e-01   2.7456e+01   4.2872e+00   3.1937e-04   1.1043e-03   3.8672e+02
20260304_03:00:00   9.3413e-02   2.5667e+01   3.5347e+00   7.7210e-06   1.6380e-04   3.8108e+02
20260304_06:00:00   9.3804e-02   2.5725e+01   3.4615e+00   0.0000e+00   1.5643e-02   3.7796e+02
20260304_09:00:00   1.0649e-01   2.8630e+01   5.1147e+00   6.7908e-04   2.7468e-01   3.8983e+02
20260304_12:00:00   1.2573e-01   3.3094e+01   7.9472e+00   0.0000e+00   1.3708e-01   4.1365e+02
20260304_15:00:00   1.5203e-01   3.9499e+01   9.1238e+00   1.2614e-02   8.2870e-04   4.0654e+02
20260304_18:00:00   1.5726e-01   4.1034e+01   6.0155e+00   4.7327e-02   5.3754e-04   3.8554e+02
20260304_21:00:00   1.0899e-01   2.9796e+01   5.7366e+00   1.3734e-05   1.2753e-03   3.7926e+02
20260305_00:00:00   1.0696e-01   2.9301e+01   5.7678e+00   0.0000e+00   1.8821e-06   3.6739e+02
20260305_03:00:00   1.1246e-01   3.0592e+01   6.5799e+00   0.0000e+00   4.0963e-06   3.6702e+02
20260305_06:00:00   1.1399e-01   3.0921e+01   6.8291e+00   0.0000e+00   5.9195e-04   3.6453e+02
20260305_09:00:00   1.1280e-01   3.0703e+01   6.5681e+00   0.0000e+00   1.1991e-03   3.6053e+02
20260305_12:00:00   1.0823e-01   2.9671e+01   5.7791e+00   0.0000e+00   3.9677e-06   3.5706e+02
20260305_15:00:00   1.1298e-01   3.0811e+01   6.4722e+00   0.0000e+00   5.2689e-03   3.4846e+02
20260305_18:00:00   1.6536e-01   4.3046e+01   8.4410e+00   4.3551e-02   1.0811e-02   3.4232e+02
20260305_21:00:00   2.3987e-01   5.9295e+01   1.1577e+01   1.0408e-01   1.2270e-01   3.3332e+02
20260306_00:00:00   2.4455e-01   6.0290e+01   1.2968e+01   9.8205e-02   2.7171e-01   3.3576e+02
20260306_03:00:00   4.8705e-01   1.0560e+02   1.9091e+01   3.1234e-01   6.1380e-01   3.2790e+02
20260306_06:00:00   6.7237e-01   1.3299e+02   2.0441e+01   5.0580e-01   9.7735e-01   3.1579e+02
20260306_09:00:00   1.2581e+00   1.9576e+02   2.1031e+01   1.1698e+00   2.1738e-01   3.1043e+02
20260306_12:00:00   9.9481e-01   1.7306e+02   2.0040e+01   8.7384e-01   3.4996e-02   3.0564e+02
20260306_15:00:00   4.6509e-01   1.0369e+02   1.7766e+01   2.9628e-01   2.6379e-04   2.9499e+02
20260306_18:00:00   5.0645e-01   1.1074e+02   2.3461e+01   2.9031e-01   1.2204e-02   2.8603e+02
20260306_21:00:00   9.5206e-01   1.6990e+02   2.6452e+01   7.6685e-01   5.7621e-02   2.8408e+02
20260307_00:00:00   7.4586e-01   1.4583e+02   2.9550e+01   5.0460e-01   3.1530e-01   2.7944e+02
20260307_03:00:00   1.1745e+00   1.9184e+02   3.0203e+01   9.9259e-01   4.0244e-03   2.7577e+02
20260307_06:00:00   5.9876e-01   1.2614e+02   3.0366e+01   3.3197e-01   1.1608e-02   2.7275e+02
20260307_09:00:00   5.1913e-01   1.1412e+02   3.1028e+01   2.3645e-01   8.8029e-03   2.6980e+02
20260307_12:00:00   5.2354e-01   1.1533e+02   2.6169e+01   2.9874e-01   4.0971e-03   2.7163e+02
20260307_15:00:00   4.8908e-01   1.0994e+02   2.4282e+01   2.8785e-01   4.9680e-05   2.7190e+02
20260307_18:00:00   4.8886e-01   1.1036e+02   2.4942e+01   2.7950e-01   4.8040e-06   2.6907e+02
20260307_21:00:00   5.0522e-01   1.1300e+02   2.8362e+01   2.6129e-01   0.0000e+00   2.6916e+02
20260308_00:00:00   5.5126e-01   1.2041e+02   2.8450e+01   3.1664e-01   3.4208e-03   2.7095e+02
20260308_03:00:00   6.2910e-01   1.3216e+02   3.2125e+01   3.6326e-01   1.6438e-03   2.6687e+02
20260308_06:00:00   5.0522e-01   1.1283e+02   3.2260e+01   2.1694e-01   4.6764e-04   2.6841e+02
20260308_09:00:00   8.1300e-01   1.5661e+02   3.3361e+01   5.5716e-01   2.6138e-04   2.6617e+02
20260308_12:00:00   5.4183e-01   1.1896e+02   2.9798e+01   2.8687e-01   2.6220e-05   2.6537e+02
20260308_15:00:00   4.9050e-01   1.1095e+02   2.9685e+01   2.2673e-01   1.8129e-03   2.6516e+02
20260308_18:00:00   3.5317e-01   8.5919e+01   2.5708e+01   1.1091e-01   1.6474e-05   2.6750e+02
20260308_21:00:00   2.9199e-01   7.3507e+01   2.2660e+01   6.3271e-02   0.0000e+00   2.6900e+02
20260309_00:00:00   2.7330e-01   6.9528e+01   2.0693e+01   6.2577e-02   1.4976e-05   2.7268e+02
20260309_03:00:00   2.2329e-01   5.8392e+01   2.0431e+01   5.2608e-03   0.0000e+00   2.7433e+02
20260309_06:00:00   2.3619e-01   6.1095e+01   2.0555e+01   2.2971e-02   1.2470e-03   2.7503e+02
20260309_09:00:00   2.2402e-01   5.8350e+01   2.0147e+01   1.3708e-02   6.5000e-04   2.7947e+02
20260309_12:00:00   2.0722e-01   5.4536e+01   1.9181e+01   1.4153e-03   3.0679e-04   2.8161e+02
20260309_15:00:00   2.3206e-01   6.0163e+01   1.9498e+01   2.5430e-02   2.0276e-06   2.8168e+02
20260309_18:00:00   2.6900e-01   6.8344e+01   1.7613e+01   8.3104e-02   0.0000e+00   2.8552e+02
20260309_21:00:00   2.8256e-01   7.1310e+01   1.9836e+01   7.5468e-02   8.9080e-04   2.8351e+02
20260310_00:00:00   2.9264e-01   7.3086e+01   2.7796e+01   5.0480e-03   5.5456e-03   2.8183e+02
20260310_03:00:00   3.1614e-01   7.7697e+01   3.1122e+01   3.1890e-05   1.8113e-04   2.8198e+02
20260310_06:00:00   3.2722e-01   7.9845e+01   3.1606e+01   3.2337e-03   3.5585e-03   2.8572e+02
20260310_09:00:00   4.6115e-01   1.0473e+02   2.8405e+01   1.9118e-01   3.8335e-02   2.9018e+02
20260310_12:00:00   1.7601e-01   4.7092e+01   1.4699e+01   0.0000e+00   3.9274e-02   2.9183e+02
20260310_15:00:00   1.3592e-01   3.7510e+01   9.6848e+00   0.0000e+00   1.1292e-02   2.9244e+02
20260310_18:00:00   1.3863e-01   3.8336e+01   9.8538e+00   0.0000e+00   3.4420e-03   2.9186e+02
20260310_21:00:00   1.4898e-01   4.0839e+01   1.1725e+01   0.0000e+00   1.1010e-03   2.9291e+02
20260311_00:00:00   2.2719e-01   5.8714e+01   2.0150e+01   5.8260e-03   1.3548e-04   2.9376e+02
20260311_03:00:00   3.8066e-01   9.0455e+01   2.8068e+01   1.0096e-01   5.9067e-04   2.9150e+02
20260311_06:00:00   9.0188e-01   1.6938e+02   2.9003e+01   7.2814e-01   0.0000e+00   2.9337e+02
20260311_09:00:00   9.5719e-01   1.7527e+02   3.2160e+01   7.6460e-01   3.8957e-05   2.9015e+02
20260311_12:00:00   7.1989e-01   1.4652e+02   3.0087e+01   5.1267e-01   0.0000e+00   2.9427e+02
20260311_15:00:00   8.2347e-01   1.6016e+02   2.5861e+01   6.7471e-01   0.0000e+00   2.9178e+02
20260311_18:00:00   7.4428e-01   1.4985e+02   2.7771e+01   5.5353e-01   2.5398e-03   2.9682e+02
20260311_21:00:00   1.1869e+00   1.9779e+02   2.8439e+01   1.0838e+00   4.7451e-02   2.9506e+02
20260312_00:00:00   1.0548e+00   1.8580e+02   3.1848e+01   9.0232e-01   2.5038e-02   2.9957e+02
20260312_03:00:00   1.1044e+00   1.8540e+02   3.0636e+01   9.1336e-01   6.0575e-01   3.0595e+02
20260312_06:00:00   2.3008e-01   5.8018e+01   1.4906e+01   6.1837e-02   1.5252e-01   3.1553e+02
20260312_09:00:00   1.1448e-01   3.1262e+01   7.1546e+00   0.0000e+00   2.8793e-02   3.1836e+02
20260312_12:00:00   9.5176e-02   2.6327e+01   4.4226e+00   0.0000e+00   8.1317e-03   3.5552e+02
20260312_15:00:00   1.0032e-01   2.7424e+01   4.8609e+00   1.1584e-06   4.9524e-04   3.7412e+02
20260312_18:00:00   1.0949e-01   2.9396e+01   5.9514e+00   2.0840e-03   2.8894e-03   3.9703e+02
