#            date       tau255        Tb[K]      pwv[mm] lwp[kg*m^-2] iwp[kg*m^-2]       o3[DU]
20260205_12:00:00   9.6102e-02   2.5943e+01   3.8108e+00   0.0000e+00   2.1683e-04   4.2200e+02
20260205_13:00:00   9.7310e-02   2.6245e+01   3.9441e+00   0.0000e+00   1.5867e-05   4.1233e+02
20260205_14:00:00   9.6353e-02   2.6044e+01   3.7961e+00   0.0000e+00   3.6597e-05   4.1104e+02
20260205_15:00:00   9.4681e-02   2.5663e+01   3.5594e+00   0.0000e+00   1.1538e-04   4.0497e+02
20260205_16:00:00   9.3805e-02   2.5471e+01   3.4684e+00   0.0000e+00   5.8450e-04   3.9483e+02
20260205_17:00:00   9.3674e-02   2.5446e+01   3.5045e+00   0.0000e+00   4.1581e-04   3.9703e+02
20260205_18:00:00   9.4659e-02   2.5686e+01   3.6787e+00   0.0000e+00   4.9758e-04   3.9483e+02
20260205_19:00:00   9.6414e-02   2.6098e+01   3.9790e+00   0.0000e+00   3.9259e-04   4.0000e+02
20260205_20:00:00   9.6888e-02   2.6223e+01   4.0979e+00   0.0000e+00   2.6515e-04   4.0328e+02
20260205_21:00:00   9.7402e-02   2.6340e+01   4.2358e+00   0.0000e+00   3.5442e-04   3.9663e+02
20260205_22:00:00   9.6789e-02   2.6157e+01   4.2102e+00   0.0000e+00   1.8884e-03   3.9948e+02
20260205_23:00:00   9.5010e-02   2.5721e+01   3.9994e+00   0.0000e+00   3.5780e-03   3.9390e+02
20260206_00:00:00   9.3377e-02   2.5329e+01   3.8300e+00   0.0000e+00   4.5399e-03   3.8209e+02
20260206_01:00:00   9.1342e-02   2.4837e+01   3.6192e+00   0.0000e+00   2.8357e-03   3.8654e+02
20260206_02:00:00   9.0181e-02   2.4543e+01   3.4730e+00   0.0000e+00   6.3560e-03   3.9253e+02
20260206_03:00:00   8.9520e-02   2.4383e+01   3.3871e+00   0.0000e+00   3.1207e-03   3.9289e+02
20260206_04:00:00   8.8992e-02   2.4247e+01   3.3118e+00   0.0000e+00   8.1327e-04   3.9320e+02
20260206_05:00:00   8.9475e-02   2.4351e+01   3.3500e+00   0.0000e+00   7.1178e-03   3.9805e+02
20260206_06:00:00   9.0849e-02   2.4695e+01   3.5084e+00   0.0000e+00   4.8922e-04   4.0262e+02
20260206_07:00:00   9.3210e-02   2.5243e+01   3.8121e+00   0.0000e+00   1.7682e-03   4.0380e+02
20260206_08:00:00   9.5392e-02   2.5737e+01   4.0877e+00   9.7740e-07   1.0276e-02   4.0836e+02
20260206_09:00:00   9.8780e-02   2.6518e+01   4.4871e+00   8.2940e-05   1.5118e-02   4.1029e+02
20260206_10:00:00   1.0160e-01   2.7168e+01   4.8260e+00   0.0000e+00   4.0807e-02   4.0855e+02
20260206_11:00:00   1.0283e-01   2.7452e+01   4.9891e+00   0.0000e+00   5.2805e-02   4.0797e+02
20260206_12:00:00   1.0437e-01   2.7797e+01   5.1709e+00   0.0000e+00   4.6911e-02   4.0251e+02
20260206_13:00:00   1.0702e-01   2.8398e+01   5.4887e+00   0.0000e+00   3.2912e-02   3.9807e+02
20260206_14:00:00   1.0852e-01   2.8753e+01   5.7174e+00   1.5479e-07   3.3092e-02   4.0035e+02
20260206_15:00:00   1.1183e-01   2.9536e+01   5.8612e+00   2.6075e-03   8.0276e-02   4.0388e+02
20260206_16:00:00   1.2940e-01   3.3586e+01   6.2998e+00   1.7948e-02   1.7953e-01   4.1280e+02
20260206_17:00:00   1.3522e-01   3.4914e+01   7.0319e+00   1.7593e-02   1.5912e-01   4.1503e+02
20260206_18:00:00   1.3227e-01   3.4245e+01   7.3479e+00   1.1210e-02   1.1422e-01   4.0699e+02
20260206_19:00:00   1.3473e-01   3.4796e+01   7.3656e+00   1.3544e-02   1.0474e-01   4.0433e+02
20260206_20:00:00   1.3443e-01   3.4729e+01   7.1527e+00   1.5366e-02   6.6289e-02   3.9681e+02
20260206_21:00:00   1.2101e-01   3.1671e+01   6.9634e+00   2.1900e-03   3.8883e-02   3.9165e+02
20260206_22:00:00   1.1917e-01   3.1247e+01   6.9707e+00   5.7920e-06   3.4520e-02   3.9302e+02
20260206_23:00:00   1.1864e-01   3.1132e+01   6.8981e+00   1.0439e-04   2.5435e-02   4.0211e+02
20260207_00:00:00   1.1836e-01   3.1068e+01   6.8509e+00   3.0737e-06   3.9329e-02   4.1563e+02
20260207_01:00:00   1.1742e-01   3.0848e+01   6.7116e+00   0.0000e+00   7.0752e-02   4.3059e+02
20260207_02:00:00   1.1743e-01   3.0829e+01   6.6662e+00   0.0000e+00   1.3656e-01   4.3637e+02
20260207_03:00:00   1.1886e-01   3.1143e+01   6.8133e+00   0.0000e+00   1.4277e-01   4.3608e+02
20260207_04:00:00   1.1973e-01   3.1337e+01   6.9556e+00   0.0000e+00   1.0268e-01   4.2813e+02
20260207_05:00:00   1.2095e-01   3.1594e+01   7.0984e+00   0.0000e+00   1.6002e-01   4.3213e+02
20260207_06:00:00   1.2091e-01   3.1573e+01   7.0611e+00   0.0000e+00   2.4268e-01   4.3732e+02
20260207_07:00:00   1.2046e-01   3.1459e+01   6.9970e+00   0.0000e+00   2.5651e-01   4.4267e+02
20260207_08:00:00   1.2007e-01   3.1361e+01   6.9200e+00   0.0000e+00   3.1894e-01   4.4427e+02
20260207_09:00:00   1.1949e-01   3.1219e+01   6.8234e+00   0.0000e+00   3.3135e-01   4.4436e+02
20260207_10:00:00   1.1856e-01   3.0991e+01   6.6786e+00   0.0000e+00   3.3942e-01   4.4426e+02
20260207_11:00:00   1.1764e-01   3.0761e+01   6.5198e+00   0.0000e+00   3.6343e-01   4.4996e+02
20260207_12:00:00   1.1688e-01   3.0578e+01   6.3943e+00   0.0000e+00   3.5285e-01   4.5899e+02
20260207_13:00:00   1.1572e-01   3.0310e+01   6.2009e+00   0.0000e+00   3.2305e-01   4.5407e+02
20260207_14:00:00   1.1498e-01   3.0133e+01   6.0886e+00   1.8460e-06   2.8371e-01   4.6415e+02
20260207_15:00:00   1.1465e-01   3.0050e+01   5.9895e+00   5.6020e-05   2.8847e-01   4.5707e+02
20260207_16:00:00   1.1490e-01   3.0111e+01   5.9284e+00   2.3726e-04   3.2925e-01   4.6237e+02
20260207_17:00:00   1.1432e-01   2.9978e+01   5.8552e+00   2.3703e-05   3.1763e-01   4.6589e+02
20260207_18:00:00   1.1428e-01   2.9956e+01   5.7788e+00   2.8317e-04   3.2259e-01   4.6445e+02
20260207_19:00:00   1.0921e-01   2.8702e+01   5.2718e+00   7.3282e-06   1.6145e-01   4.6525e+02
20260207_20:00:00   1.0640e-01   2.7995e+01   4.9596e+00   0.0000e+00   9.6942e-02   4.6921e+02
20260207_21:00:00   1.0543e-01   2.7723e+01   4.7790e+00   0.0000e+00   1.4261e-01   4.7821e+02
20260207_22:00:00   1.0506e-01   2.7598e+01   4.6680e+00   0.0000e+00   1.4474e-01   4.8121e+02
20260207_23:00:00   1.0444e-01   2.7431e+01   4.5630e+00   0.0000e+00   1.0641e-01   4.9907e+02
20260208_00:00:00   1.0343e-01   2.7177e+01   4.4142e+00   0.0000e+00   8.2004e-02   5.1606e+02
20260208_01:00:00   1.0186e-01   2.6799e+01   4.2223e+00   0.0000e+00   3.9962e-02   4.9802e+02
20260208_02:00:00   1.0023e-01   2.6408e+01   4.0123e+00   0.0000e+00   2.3641e-02   4.8683e+02
20260208_03:00:00   9.8837e-02   2.6070e+01   3.8221e+00   0.0000e+00   1.6475e-02   4.7796e+02
20260208_04:00:00   9.7484e-02   2.5748e+01   3.6437e+00   0.0000e+00   2.9169e-03   4.7838e+02
20260208_05:00:00   9.5742e-02   2.5342e+01   3.3967e+00   0.0000e+00   1.1579e-03   4.7882e+02
20260208_06:00:00   9.4200e-02   2.4985e+01   3.1816e+00   0.0000e+00   6.0041e-04   4.7318e+02
20260208_07:00:00   9.2520e-02   2.4604e+01   2.9510e+00   0.0000e+00   1.0160e-04   4.6872e+02
20260208_08:00:00   9.0385e-02   2.4116e+01   2.6507e+00   0.0000e+00   1.5542e-05   4.7315e+02
20260208_09:00:00   8.7336e-02   2.3423e+01   2.2249e+00   0.0000e+00   4.2236e-06   4.8078e+02
20260208_10:00:00   8.2792e-02   2.2376e+01   1.6187e+00   0.0000e+00   3.9123e-06   4.7961e+02
20260208_11:00:00   8.0132e-02   2.1760e+01   1.2413e+00   0.0000e+00   3.8964e-06   4.7331e+02
20260208_12:00:00   8.0176e-02   2.1769e+01   1.2284e+00   0.0000e+00   4.8983e-06   4.6915e+02
20260208_13:00:00   8.0646e-02   2.1892e+01   1.2943e+00   0.0000e+00   5.2254e-06   4.7038e+02
20260208_14:00:00   8.0843e-02   2.1957e+01   1.3332e+00   0.0000e+00   5.2249e-06   4.7692e+02
20260208_15:00:00   8.0934e-02   2.2004e+01   1.3598e+00   0.0000e+00   4.9826e-06   4.8256e+02
20260208_16:00:00   8.2344e-02   2.2340e+01   1.5998e+00   0.0000e+00   7.4239e-06   4.7629e+02
20260208_17:00:00   8.4397e-02   2.2824e+01   1.9667e+00   0.0000e+00   7.7217e-06   4.7420e+02
20260208_18:00:00   8.6201e-02   2.3257e+01   2.2854e+00   0.0000e+00   8.9743e-06   4.6743e+02
20260208_19:00:00   8.8222e-02   2.3732e+01   2.6037e+00   0.0000e+00   2.4136e-05   4.6200e+02
20260208_20:00:00   9.0259e-02   2.4196e+01   2.8803e+00   0.0000e+00   3.1115e-05   4.6498e+02
20260208_21:00:00   9.1456e-02   2.4463e+01   3.0507e+00   0.0000e+00   4.9734e-05   4.6380e+02
20260208_22:00:00   9.2549e-02   2.4709e+01   3.1980e+00   0.0000e+00   6.3677e-05   4.6174e+02
20260208_23:00:00   9.4829e-02   2.5231e+01   3.5102e+00   0.0000e+00   1.2141e-04   4.6682e+02
20260209_00:00:00   9.6400e-02   2.5595e+01   3.6955e+00   0.0000e+00   1.7867e-04   4.7207e+02
20260209_01:00:00   9.7310e-02   2.5800e+01   3.7849e+00   0.0000e+00   8.1086e-05   4.6990e+02
20260209_02:00:00   9.7563e-02   2.5862e+01   3.7945e+00   0.0000e+00   8.5843e-05   4.7151e+02
20260209_03:00:00   9.7124e-02   2.5764e+01   3.7071e+00   0.0000e+00   7.1587e-05   4.6703e+02
20260209_04:00:00   9.6250e-02   2.5553e+01   3.5491e+00   0.0000e+00   5.5297e-05   4.6043e+02
20260209_05:00:00   9.4511e-02   2.5150e+01   3.2811e+00   0.0000e+00   3.4687e-05   4.6045e+02
20260209_06:00:00   9.2236e-02   2.4635e+01   2.9669e+00   0.0000e+00   2.4725e-05   4.6079e+02
20260209_07:00:00   9.0701e-02   2.4279e+01   2.7544e+00   0.0000e+00   2.4726e-05   4.5373e+02
20260209_08:00:00   8.9744e-02   2.4053e+01   2.6082e+00   0.0000e+00   3.2030e-05   4.4714e+02
20260209_09:00:00   8.8832e-02   2.3843e+01   2.4820e+00   0.0000e+00   2.7669e-05   4.3605e+02
20260209_10:00:00   8.7713e-02   2.3593e+01   2.3646e+00   0.0000e+00   3.5006e-05   4.2861e+02
20260209_11:00:00   8.5142e-02   2.3006e+01   2.0138e+00   0.0000e+00   3.3186e-05   4.2392e+02
20260209_12:00:00   8.2683e-02   2.2449e+01   1.6927e+00   0.0000e+00   2.8019e-05   4.2418e+02
20260209_13:00:00   8.1912e-02   2.2291e+01   1.6215e+00   0.0000e+00   8.3192e-06   4.1984e+02
20260209_14:00:00   8.0885e-02   2.2083e+01   1.5334e+00   0.0000e+00   7.2942e-06   4.2414e+02
20260209_15:00:00   8.2737e-02   2.2551e+01   1.8549e+00   0.0000e+00   2.3820e-05   4.1971e+02
20260209_16:00:00   8.5035e-02   2.3124e+01   2.1935e+00   0.0000e+00   4.9349e-06   4.1317e+02
20260209_17:00:00   8.6569e-02   2.3517e+01   2.4221e+00   0.0000e+00   2.0398e-06   4.1387e+02
20260209_18:00:00   8.7406e-02   2.3764e+01   2.5562e+00   0.0000e+00   0.0000e+00   4.1865e+02
20260209_19:00:00   8.8267e-02   2.4014e+01   2.7046e+00   0.0000e+00   7.4021e-06   4.1820e+02
20260209_20:00:00   8.9295e-02   2.4289e+01   2.8620e+00   0.0000e+00   8.1502e-06   4.1769e+02
20260209_21:00:00   8.9351e-02   2.4325e+01   2.8940e+00   0.0000e+00   1.7482e-06   4.2080e+02
20260209_22:00:00   8.8253e-02   2.4089e+01   2.8026e+00   0.0000e+00   1.7456e-06   4.2246e+02
20260209_23:00:00   8.7504e-02   2.3919e+01   2.7359e+00   0.0000e+00   9.5942e-05   4.2818e+02
20260210_00:00:00   8.7099e-02   2.3831e+01   2.7119e+00   0.0000e+00   3.8488e-04   4.2757e+02
20260210_01:00:00   8.6045e-02   2.3601e+01   2.6143e+00   0.0000e+00   1.2362e-03   4.2569e+02
20260210_02:00:00   8.5748e-02   2.3535e+01   2.5927e+00   0.0000e+00   1.0149e-03   4.2430e+02
20260210_03:00:00   8.5581e-02   2.3495e+01   2.5908e+00   0.0000e+00   1.1854e-03   4.2060e+02
20260210_04:00:00   8.5651e-02   2.3504e+01   2.6179e+00   0.0000e+00   1.1315e-03   4.2030e+02
20260210_05:00:00   8.5417e-02   2.3447e+01   2.6123e+00   0.0000e+00   2.3177e-04   4.1806e+02
20260210_06:00:00   8.5325e-02   2.3430e+01   2.6334e+00   0.0000e+00   1.6331e-04   4.1516e+02
20260210_07:00:00   8.5414e-02   2.3449e+01   2.6610e+00   0.0000e+00   1.4485e-03   4.1441e+02
20260210_08:00:00   8.5388e-02   2.3444e+01   2.6768e+00   0.0000e+00   3.7197e-04   4.0761e+02
20260210_09:00:00   8.5273e-02   2.3415e+01   2.6744e+00   0.0000e+00   9.4218e-04   4.0077e+02
20260210_10:00:00   8.5238e-02   2.3411e+01   2.6846e+00   0.0000e+00   3.1198e-03   3.9679e+02
20260210_11:00:00   8.5331e-02   2.3440e+01   2.7100e+00   0.0000e+00   7.0163e-03   3.9569e+02
20260210_12:00:00   8.5420e-02   2.3470e+01   2.7292e+00   0.0000e+00   6.2086e-03   3.9561e+02
20260210_15:00:00   8.6644e-02   2.3803e+01   2.8810e+00   0.0000e+00   2.8596e-04   3.9743e+02
20260210_18:00:00   8.7136e-02   2.4038e+01   2.9086e+00   0.0000e+00   0.0000e+00   3.9780e+02
20260210_21:00:00   9.2117e-02   2.5259e+01   3.6118e+00   0.0000e+00   1.3742e-07   3.8608e+02
20260211_00:00:00   9.2715e-02   2.5340e+01   3.8824e+00   0.0000e+00   1.0198e-05   3.7660e+02
20260211_03:00:00   8.9522e-02   2.4529e+01   3.5329e+00   0.0000e+00   1.7871e-05   3.6809e+02
20260211_06:00:00   9.4122e-02   2.5623e+01   4.3052e+00   0.0000e+00   2.3819e-05   3.5487e+02
20260211_09:00:00   9.9386e-02   2.6891e+01   5.1133e+00   0.0000e+00   9.0593e-03   3.4650e+02
20260211_12:00:00   1.0686e-01   2.8661e+01   6.1460e+00   0.0000e+00   4.5125e-02   3.4545e+02
20260211_15:00:00   1.1289e-01   3.0069e+01   6.9709e+00   0.0000e+00   5.2702e-02   3.4235e+02
20260211_18:00:00   1.2455e-01   3.2792e+01   8.3657e+00   0.0000e+00   2.3459e-01   3.4129e+02
20260211_21:00:00   1.3912e-01   3.6138e+01   9.8725e+00   2.1720e-07   2.8418e-01   3.4250e+02
20260212_00:00:00   1.3873e-01   3.6049e+01   9.4304e+00   0.0000e+00   1.8588e-01   3.4980e+02
20260212_03:00:00   1.3304e-01   3.4684e+01   8.5676e+00   0.0000e+00   1.2135e-01   3.5860e+02
20260212_06:00:00   1.2492e-01   3.2812e+01   7.3926e+00   0.0000e+00   1.4578e-02   3.6716e+02
20260212_09:00:00   1.1515e-01   3.0572e+01   6.1208e+00   0.0000e+00   4.5742e-04   3.6924e+02
20260212_12:00:00   1.1030e-01   2.9429e+01   5.5421e+00   0.0000e+00   5.2166e-04   3.6960e+02
20260212_15:00:00   1.1925e-01   3.1524e+01   5.8791e+00   6.1995e-03   3.4715e-03   3.7912e+02
20260212_18:00:00   1.3273e-01   3.4699e+01   6.2082e+00   1.8364e-02   1.3467e-02   3.8250e+02
20260212_21:00:00   1.2599e-01   3.3127e+01   6.5213e+00   7.4720e-03   2.1435e-02   3.8184e+02
20260213_00:00:00   1.1777e-01   3.1163e+01   6.4417e+00   0.0000e+00   4.5589e-03   3.8774e+02
20260213_03:00:00   1.1450e-01   3.0387e+01   6.1621e+00   0.0000e+00   8.7826e-03   3.9300e+02
20260213_06:00:00   1.1422e-01   3.0276e+01   6.2672e+00   0.0000e+00   1.2320e-02   4.0121e+02
20260213_09:00:00   1.2132e-01   3.1824e+01   7.2173e+00   0.0000e+00   1.8536e-01   4.0720e+02
20260213_12:00:00   1.2032e-01   3.1576e+01   7.1787e+00   0.0000e+00   2.0271e-01   4.1065e+02
20260213_15:00:00   1.2063e-01   3.1658e+01   7.2584e+00   0.0000e+00   2.9835e-01   4.2085e+02
20260213_18:00:00   1.2064e-01   3.1691e+01   7.3382e+00   0.0000e+00   2.0133e-01   4.2240e+02
20260213_21:00:00   1.1989e-01   3.1536e+01   7.3635e+00   0.0000e+00   8.2745e-02   4.1569e+02
20260214_00:00:00   1.2308e-01   3.2268e+01   7.6687e+00   0.0000e+00   3.2305e-01   4.2267e+02
20260214_03:00:00   1.2261e-01   3.2183e+01   7.7384e+00   0.0000e+00   1.3425e-01   4.2385e+02
20260214_06:00:00   1.1936e-01   3.1451e+01   7.4691e+00   0.0000e+00   1.5859e-02   4.1594e+02
20260214_09:00:00   1.1479e-01   3.0431e+01   6.8220e+00   0.0000e+00   2.0373e-04   4.2824e+02
20260214_12:00:00   1.1296e-01   3.0064e+01   6.2689e+00   0.0000e+00   3.3823e-04   4.3945e+02
20260214_15:00:00   1.0719e-01   2.8777e+01   5.5751e+00   0.0000e+00   8.5262e-06   4.5444e+02
20260214_18:00:00   1.1511e-01   3.0681e+01   6.0804e+00   2.0388e-03   4.1213e-03   4.4550e+02
20260214_21:00:00   1.1658e-01   3.0960e+01   5.8691e+00   4.4900e-03   5.1436e-03   4.4351e+02
20260215_00:00:00   1.1288e-01   3.0054e+01   5.8606e+00   0.0000e+00   1.3253e-03   4.3821e+02
20260215_03:00:00   1.0878e-01   2.9116e+01   5.3400e+00   0.0000e+00   4.2712e-04   4.3646e+02
20260215_06:00:00   1.0481e-01   2.8178e+01   4.8322e+00   0.0000e+00   7.3129e-04   4.4508e+02
20260215_09:00:00   1.0182e-01   2.7396e+01   4.3851e+00   0.0000e+00   1.4498e-05   4.5352e+02
20260215_12:00:00   1.0076e-01   2.7125e+01   4.0981e+00   0.0000e+00   7.3009e-05   4.5283e+02
20260215_15:00:00   1.0141e-01   2.7314e+01   4.7007e+00   1.2010e-05   2.2363e-05   4.4524e+02
20260215_18:00:00   1.1350e-01   3.0228e+01   6.2277e+00   6.0120e-04   9.7657e-04   4.3737e+02
20260215_21:00:00   1.1424e-01   3.0412e+01   6.2056e+00   4.2680e-05   1.9838e-03   4.5126e+02
20260216_00:00:00   1.1374e-01   3.0204e+01   6.2479e+00   0.0000e+00   7.9848e-05   4.5355e+02
20260216_03:00:00   1.0988e-01   2.9269e+01   5.8021e+00   0.0000e+00   3.3325e-05   4.4733e+02
20260216_06:00:00   9.8571e-02   2.6673e+01   4.0364e+00   0.0000e+00   1.1681e-05   4.5695e+02
20260216_09:00:00   9.6423e-02   2.6271e+01   3.9139e+00   0.0000e+00   1.5592e-05   4.5025e+02
20260216_12:00:00   9.5511e-02   2.6221e+01   3.9485e+00   0.0000e+00   3.9247e-05   4.2353e+02
20260216_15:00:00   9.4766e-02   2.6178e+01   3.8656e+00   0.0000e+00   2.3638e-06   3.6826e+02
20260216_18:00:00   9.7461e-02   2.6987e+01   4.2416e+00   0.0000e+00   3.2146e-06   3.5718e+02
20260216_21:00:00   9.8515e-02   2.7327e+01   4.4742e+00   0.0000e+00   7.4880e-07   3.4691e+02
20260217_00:00:00   9.3871e-02   2.6228e+01   4.1039e+00   0.0000e+00   1.6881e-06   3.4381e+02
20260217_03:00:00   9.0517e-02   2.5467e+01   3.8008e+00   0.0000e+00   1.3223e-06   3.4464e+02
20260217_06:00:00   9.3717e-02   2.6196e+01   4.6253e+00   0.0000e+00   1.0690e-03   3.3471e+02
20260217_09:00:00   1.1417e-01   3.1029e+01   7.8975e+00   1.5910e-03   1.5080e-01   3.1754e+02
20260217_12:00:00   1.9788e-01   5.0526e+01   1.8272e+01   0.0000e+00   1.6052e-01   3.1010e+02
20260217_15:00:00   6.7576e-01   1.3534e+02   2.2962e+01   4.9173e-01   3.3243e-01   3.0484e+02
20260217_18:00:00   7.3266e-01   1.4318e+02   2.4050e+01   5.4718e-01   5.9037e-01   2.9720e+02
20260217_21:00:00   7.5339e-01   1.4644e+02   2.6832e+01   5.4647e-01   2.9233e-01   2.9653e+02
20260218_00:00:00   7.1779e-01   1.4175e+02   2.6400e+01   5.1031e-01   2.0787e-01   2.9577e+02
20260218_03:00:00   5.0566e-01   1.1076e+02   2.6545e+01   2.6897e-01   3.2923e-02   2.9511e+02
20260218_06:00:00   1.1971e+00   1.9254e+02   2.2979e+01   1.0793e+00   3.6546e-01   2.9637e+02
20260218_09:00:00   2.0023e-01   5.2015e+01   1.7140e+01   2.1359e-03   3.6631e-03   3.0239e+02
20260218_12:00:00   1.5967e-01   4.2733e+01   1.0439e+01   1.9384e-02   4.6530e-03   3.1082e+02
20260218_15:00:00   2.1326e-01   5.4823e+01   8.6861e+00   9.7897e-02   6.1787e-03   3.2370e+02
20260218_18:00:00   1.3260e-01   3.6040e+01   8.9559e+00   3.4956e-03   6.5727e-04   3.1949e+02
20260218_21:00:00   1.3892e-01   3.7522e+01   9.3790e+00   7.9911e-03   3.1920e-05   3.2521e+02
20260219_00:00:00   2.0921e-01   5.3721e+01   9.4301e+00   8.9944e-02   1.0663e-03   3.2626e+02
20260219_03:00:00   2.6064e-01   6.4772e+01   1.0832e+01   1.3794e-01   5.1770e-03   3.2514e+02
20260219_06:00:00   3.4901e-01   8.2666e+01   1.2940e+01   2.1582e-01   1.3142e-03   3.2539e+02
20260219_09:00:00   4.5555e-01   1.0236e+02   1.6298e+01   3.0244e-01   1.4480e-07   3.2936e+02
20260219_12:00:00   2.9102e-01   7.1361e+01   1.5665e+01   1.2032e-01   8.0600e-05   3.2827e+02
20260219_15:00:00   3.6104e-01   8.5386e+01   1.5562e+01   2.0528e-01   1.1401e-02   3.2358e+02
20260219_18:00:00   2.9714e-01   7.2783e+01   1.6131e+01   1.3144e-01   6.5609e-02   3.1456e+02
20260219_21:00:00   3.3265e-01   7.9822e+01   1.8243e+01   1.5895e-01   3.6933e-01   3.1512e+02
20260220_00:00:00   6.9526e-01   1.3913e+02   2.5710e+01   4.9659e-01   1.8043e-01   3.1510e+02
20260220_03:00:00   6.6487e-01   1.3534e+02   2.8680e+01   4.2817e-01   5.0223e-01   3.1930e+02
20260220_06:00:00   1.1817e+00   1.9238e+02   2.9696e+01   1.0118e+00   6.6709e-02   3.2211e+02
20260220_09:00:00   8.2455e-01   1.5707e+02   2.9772e+01   6.0575e-01   1.0535e-03   3.2394e+02
20260220_12:00:00   6.1942e-01   1.2977e+02   2.5730e+01   4.0359e-01   4.6442e-04   3.2605e+02
20260220_15:00:00   4.5569e-01   1.0398e+02   2.4990e+01   2.3638e-01   3.2178e-04   3.2414e+02
20260220_18:00:00   3.7803e-01   9.0046e+01   2.0421e+01   1.9060e-01   2.6145e-03   3.1773e+02
20260220_21:00:00   3.2951e-01   8.0276e+01   2.3748e+01   9.8414e-02   3.2804e-02   3.1507e+02
20260221_00:00:00   2.8409e-01   7.0664e+01   2.7700e+01   1.9776e-03   1.9998e-02   3.1513e+02
20260221_03:00:00   7.4104e-01   1.4750e+02   3.0165e+01   5.2103e-01   9.1671e-02   3.0642e+02
20260221_06:00:00   6.1878e-01   1.3012e+02   3.1002e+01   3.6529e-01   1.5256e-01   3.0467e+02
20260221_09:00:00   7.1540e-01   1.4466e+02   3.0060e+01   5.0225e-01   4.1224e-01   3.0976e+02
20260221_12:00:00   7.2122e-01   1.4282e+02   2.7786e+01   5.0885e-01   9.2343e-02   3.0937e+02
