#            date       tau255        Tb[K]      pwv[mm] lwp[kg*m^-2] iwp[kg*m^-2]       o3[DU]
20251224_00:00:00   1.5004e-01   3.9232e+01   1.1140e+01   0.0000e+00   5.3453e-02   3.4380e+02
20251224_01:00:00   1.5315e-01   3.9926e+01   1.1581e+01   0.0000e+00   3.7605e-02   3.4219e+02
20251224_02:00:00   1.5586e-01   4.0535e+01   1.1971e+01   0.0000e+00   5.3648e-02   3.4311e+02
20251224_03:00:00   1.5935e-01   4.1330e+01   1.2537e+01   0.0000e+00   1.2849e-02   3.4300e+02
20251224_04:00:00   1.6504e-01   4.2565e+01   1.3207e+01   8.9120e-04   5.7194e-02   3.4324e+02
20251224_05:00:00   1.6955e-01   4.3589e+01   1.3810e+01   1.1330e-03   6.8880e-02   3.4607e+02
20251224_06:00:00   1.7545e-01   4.4925e+01   1.4572e+01   1.1376e-04   2.1452e-01   3.5129e+02
20251224_07:00:00   1.8331e-01   4.6692e+01   1.5270e+01   0.0000e+00   4.3116e-01   3.5425e+02
20251224_08:00:00   1.9092e-01   4.8383e+01   1.6041e+01   5.0163e-04   4.8115e-01   3.5572e+02
20251224_09:00:00   2.3041e-01   5.7011e+01   1.6460e+01   4.1216e-02   4.5798e-01   3.5607e+02
20251224_10:00:00   3.5098e-01   8.1334e+01   1.6869e+01   1.7346e-01   4.0992e-01   3.5650e+02
20251224_11:00:00   4.7010e-01   1.0256e+02   1.7264e+01   3.0399e-01   4.2682e-01   3.5278e+02
20251224_12:00:00   5.2093e-01   1.1100e+02   1.7793e+01   3.5672e-01   4.8839e-01   3.4675e+02
20251224_13:00:00   4.1775e-01   9.3851e+01   1.8571e+01   2.3381e-01   6.2639e-01   3.4526e+02
20251224_14:00:00   5.0373e-01   1.0871e+02   1.9314e+01   3.2563e-01   6.0294e-01   3.4541e+02
20251224_15:00:00   5.0826e-01   1.0949e+02   1.9352e+01   3.3112e-01   4.9261e-01   3.4865e+02
20251224_16:00:00   4.3024e-01   9.6415e+01   1.9654e+01   2.4123e-01   5.7769e-01   3.5170e+02
20251224_17:00:00   3.4311e-01   8.0423e+01   1.9927e+01   1.4103e-01   3.3807e-01   3.5194e+02
20251224_18:00:00   3.1350e-01   7.4652e+01   2.0067e+01   1.0605e-01   4.7682e-01   3.5270e+02
20251224_19:00:00   3.9446e-01   9.0133e+01   2.0249e+01   1.9593e-01   4.2917e-01   3.5045e+02
20251224_20:00:00   7.1976e-01   1.4027e+02   2.0232e+01   5.6063e-01   6.2440e-01   3.4509e+02
20251224_21:00:00   6.9198e-01   1.3679e+02   1.9693e+01   5.3614e-01   3.3238e-01   3.4550e+02
20251224_22:00:00   9.7009e-01   1.6939e+02   1.9637e+01   8.4801e-01   5.4683e-01   3.4417e+02
20251224_23:00:00   7.7618e-01   1.4779e+02   1.8980e+01   6.3583e-01   2.3015e-01   3.4651e+02
20251225_00:00:00   9.1390e-01   1.6361e+02   1.7718e+01   7.9913e-01   4.6322e-01   3.4985e+02
20251225_01:00:00   7.1719e-01   1.4048e+02   1.5841e+01   5.9799e-01   6.7909e-03   3.5103e+02
20251225_02:00:00   5.9086e-01   1.2253e+02   1.4823e+01   4.6111e-01   1.3369e-01   3.5583e+02
20251225_03:00:00   3.0981e-01   7.4249e+01   1.0823e+01   1.7715e-01   1.8150e-02   3.5672e+02
20251225_04:00:00   2.8124e-01   6.8486e+01   1.0357e+01   1.4920e-01   1.9296e-05   3.5771e+02
20251225_05:00:00   2.7708e-01   6.7558e+01   1.0608e+01   1.4278e-01   3.4431e-05   3.6013e+02
20251225_06:00:00   2.4609e-01   6.1023e+01   1.0794e+01   1.0642e-01   3.1980e-05   3.6175e+02
20251225_07:00:00   3.0380e-01   7.2799e+01   1.1202e+01   1.6833e-01   4.8037e-05   3.6350e+02
20251225_08:00:00   2.9985e-01   7.1938e+01   1.1292e+01   1.6351e-01   7.7500e-05   3.6314e+02
20251225_09:00:00   3.2012e-01   7.5921e+01   1.1132e+01   1.8846e-01   1.0715e-04   3.5888e+02
20251225_10:00:00   3.5059e-01   8.1801e+01   1.0995e+01   2.2503e-01   1.9478e-04   3.5698e+02
20251225_11:00:00   2.9053e-01   7.0012e+01   1.0953e+01   1.5837e-01   2.7565e-03   3.5555e+02
20251225_12:00:00   1.6403e-01   4.2678e+01   1.0906e+01   1.6624e-02   6.2137e-04   3.5451e+02
20251225_13:00:00   1.5440e-01   4.0420e+01   1.0787e+01   7.6220e-03   8.4667e-04   3.5589e+02
20251225_14:00:00   1.5512e-01   4.0522e+01   1.1052e+01   6.3320e-03   3.9658e-03   3.5561e+02
20251225_15:00:00   1.5614e-01   4.0714e+01   1.1599e+01   2.9910e-03   1.4570e-02   3.5877e+02
20251225_16:00:00   1.5698e-01   4.0864e+01   1.1943e+01   6.0640e-04   3.0865e-02   3.6177e+02
20251225_17:00:00   1.6460e-01   4.2550e+01   1.2859e+01   9.6160e-04   9.0160e-02   3.6707e+02
20251225_18:00:00   1.7691e-01   4.5312e+01   1.4398e+01   0.0000e+00   1.3388e-01   3.6733e+02
20251225_19:00:00   1.8753e-01   4.7721e+01   1.5400e+01   2.4764e-04   2.6454e-01   3.6985e+02
20251225_20:00:00   2.0070e-01   5.0644e+01   1.6044e+01   7.6147e-03   3.8743e-01   3.7378e+02
20251225_21:00:00   2.6468e-01   6.4389e+01   1.6167e+01   7.7700e-02   6.9135e-01   3.7855e+02
20251225_22:00:00   5.6284e-01   1.1739e+02   1.5536e+01   4.1917e-01   3.6798e-01   3.8624e+02
20251225_23:00:00   5.8925e-01   1.2180e+02   1.4269e+01   4.5878e-01   1.5121e-01   3.9301e+02
20251226_00:00:00   5.3225e-01   1.1315e+02   1.4771e+01   3.9179e-01   1.2844e-01   3.9281e+02
20251226_01:00:00   6.2818e-01   1.2787e+02   1.4228e+01   5.0542e-01   1.8070e-02   3.8859e+02
20251226_02:00:00   9.0140e-01   1.6201e+02   1.3926e+01   8.1338e-01   4.4059e-02   3.8620e+02
20251226_03:00:00   7.0449e-01   1.3836e+02   1.4725e+01   5.8547e-01   3.3158e-01   3.8416e+02
20251226_04:00:00   5.9411e-01   1.2274e+02   1.4261e+01   4.6750e-01   1.6431e-01   3.8689e+02
20251226_05:00:00   5.8562e-01   1.2139e+02   1.3739e+01   4.6297e-01   9.6446e-02   3.9307e+02
20251226_06:00:00   3.4248e-01   8.0107e+01   1.3398e+01   1.9263e-01   2.3355e-01   4.0016e+02
20251226_07:00:00   3.1413e-01   7.4512e+01   1.3241e+01   1.6101e-01   2.5948e-01   3.9915e+02
20251226_08:00:00   2.5046e-01   6.1668e+01   1.1974e+01   1.0105e-01   3.1838e-02   3.9763e+02
20251226_09:00:00   2.7637e-01   6.7031e+01   1.1510e+01   1.3276e-01   9.9227e-04   3.9666e+02
20251226_10:00:00   2.5686e-01   6.3018e+01   1.0853e+01   1.1703e-01   1.1639e-03   3.9687e+02
20251226_11:00:00   2.4979e-01   6.1459e+01   1.1100e+01   1.0783e-01   4.6267e-03   3.9333e+02
20251226_12:00:00   2.2750e-01   5.6671e+01   1.0936e+01   8.4421e-02   1.2504e-03   3.9331e+02
20251226_13:00:00   3.6474e-01   8.4140e+01   1.0720e+01   2.4099e-01   1.7950e-03   3.9867e+02
20251226_14:00:00   3.1665e-01   7.4850e+01   1.0788e+01   1.8629e-01   1.7228e-03   4.1341e+02
20251226_15:00:00   2.2291e-01   5.5607e+01   1.0420e+01   8.4787e-02   7.7499e-04   4.2292e+02
20251226_16:00:00   3.1012e-01   7.3594e+01   9.6609e+00   1.8886e-01   9.0162e-04   4.2049e+02
20251226_17:00:00   3.9394e-01   8.9349e+01   9.4885e+00   2.8378e-01   9.6626e-04   4.1169e+02
20251226_18:00:00   2.8754e-01   6.9050e+01   9.0923e+00   1.6788e-01   9.9263e-04   4.0707e+02
20251226_19:00:00   2.7719e-01   6.6880e+01   9.6760e+00   1.5169e-01   1.3035e-03   4.0560e+02
20251226_20:00:00   2.1884e-01   5.4569e+01   1.0934e+01   7.5832e-02   3.7191e-03   4.0088e+02
20251226_21:00:00   1.9059e-01   4.8367e+01   1.1666e+01   3.7301e-02   4.2503e-02   4.0079e+02
20251226_22:00:00   1.8485e-01   4.7127e+01   1.1737e+01   2.9700e-02   1.9750e-02   3.9958e+02
20251226_23:00:00   1.9054e-01   4.8509e+01   1.0681e+01   4.2802e-02   2.0530e-03   4.0282e+02
20251227_00:00:00   2.2060e-01   5.5072e+01   1.0331e+01   7.9075e-02   5.6567e-03   4.0769e+02
20251227_01:00:00   2.1228e-01   5.3234e+01   1.0074e+01   7.2741e-02   8.9095e-03   4.0725e+02
20251227_02:00:00   1.7522e-01   4.5016e+01   9.6162e+00   3.5283e-02   6.9693e-04   3.9621e+02
20251227_03:00:00   1.7251e-01   4.4416e+01   8.8262e+00   3.9259e-02   2.4525e-04   3.9351e+02
20251227_04:00:00   1.4476e-01   3.8070e+01   7.6997e+00   1.8567e-02   6.9815e-05   3.9324e+02
20251227_05:00:00   1.2335e-01   3.2985e+01   7.1520e+00   9.2660e-05   2.4851e-05   3.8881e+02
20251227_06:00:00   1.1571e-01   3.1142e+01   6.3101e+00   0.0000e+00   8.9040e-07   3.8491e+02
20251227_07:00:00   1.1263e-01   3.0355e+01   5.9817e+00   0.0000e+00   6.2740e-07   3.8734e+02
20251227_08:00:00   1.1147e-01   3.0027e+01   5.8441e+00   0.0000e+00   1.4284e-07   3.9191e+02
20251227_09:00:00   1.1066e-01   2.9801e+01   5.7186e+00   0.0000e+00   1.5692e-06   3.9276e+02
20251227_10:00:00   1.1014e-01   2.9657e+01   5.6252e+00   0.0000e+00   2.0860e-06   3.8937e+02
20251227_11:00:00   1.0967e-01   2.9527e+01   5.5386e+00   0.0000e+00   1.5692e-06   3.8434e+02
20251227_12:00:00   1.1036e-01   2.9664e+01   5.5920e+00   0.0000e+00   9.5840e-05   3.8194e+02
20251227_13:00:00   1.1000e-01   2.9572e+01   5.5193e+00   0.0000e+00   1.8206e-04   3.8205e+02
20251227_14:00:00   1.1009e-01   2.9588e+01   5.5607e+00   0.0000e+00   1.5507e-05   3.8361e+02
20251227_15:00:00   1.1076e-01   2.9732e+01   5.6790e+00   0.0000e+00   1.6928e-05   3.8974e+02
20251227_16:00:00   1.1176e-01   2.9960e+01   5.8286e+00   0.0000e+00   6.8649e-04   3.9039e+02
20251227_17:00:00   1.1304e-01   3.0260e+01   6.0784e+00   0.0000e+00   8.5249e-04   3.8760e+02
20251227_18:00:00   1.1431e-01   3.0585e+01   6.2914e+00   0.0000e+00   5.7612e-05   3.8642e+02
20251227_19:00:00   1.1585e-01   3.0972e+01   6.5661e+00   0.0000e+00   1.2338e-04   3.8126e+02
20251227_20:00:00   1.1757e-01   3.1410e+01   6.8477e+00   0.0000e+00   4.6927e-05   3.7583e+02
20251227_21:00:00   1.1890e-01   3.1761e+01   7.0742e+00   0.0000e+00   1.3162e-05   3.7662e+02
20251227_22:00:00   1.1968e-01   3.1979e+01   7.2140e+00   0.0000e+00   2.3985e-04   3.7189e+02
20251227_23:00:00   1.2120e-01   3.2351e+01   7.4444e+00   0.0000e+00   4.0212e-04   3.6733e+02
20251228_00:00:00   1.2196e-01   3.2523e+01   7.5760e+00   0.0000e+00   9.2704e-04   3.6517e+02
20251228_01:00:00   1.2323e-01   3.2800e+01   7.8058e+00   0.0000e+00   5.0338e-03   3.5949e+02
20251228_02:00:00   1.2556e-01   3.3340e+01   8.1384e+00   0.0000e+00   1.2745e-03   3.5369e+02
20251228_03:00:00   1.2794e-01   3.3875e+01   8.5051e+00   0.0000e+00   5.5945e-03   3.5300e+02
20251228_04:00:00   1.3150e-01   3.4685e+01   9.0111e+00   0.0000e+00   5.2673e-03   3.5143e+02
20251228_05:00:00   1.3459e-01   3.5383e+01   9.4266e+00   0.0000e+00   9.1865e-03   3.4745e+02
20251228_06:00:00   1.3874e-01   3.6313e+01   9.9672e+00   0.0000e+00   2.6691e-02   3.5046e+02
20251228_07:00:00   1.4219e-01   3.7095e+01   1.0366e+01   0.0000e+00   6.7326e-02   3.5371e+02
20251228_08:00:00   1.4645e-01   3.8122e+01   1.1017e+01   0.0000e+00   1.6357e-02   3.5109e+02
20251228_09:00:00   1.4155e-01   3.7084e+01   1.0035e+01   0.0000e+00   1.1768e-03   3.4474e+02
20251228_10:00:00   1.3623e-01   3.5910e+01   9.2315e+00   0.0000e+00   7.8933e-04   3.4021e+02
20251228_11:00:00   1.3319e-01   3.5214e+01   8.8172e+00   0.0000e+00   2.4136e-04   3.3436e+02
20251228_12:00:00   1.2973e-01   3.4432e+01   8.3686e+00   0.0000e+00   5.5556e-04   3.3077e+02
20251228_13:00:00   1.2751e-01   3.3931e+01   8.0816e+00   0.0000e+00   8.5563e-06   3.3240e+02
20251228_14:00:00   1.2641e-01   3.3686e+01   7.9762e+00   0.0000e+00   1.0172e-03   3.3539e+02
20251228_15:00:00   1.2788e-01   3.4020e+01   8.2219e+00   0.0000e+00   3.0906e-03   3.3740e+02
20251228_16:00:00   1.3094e-01   3.4713e+01   8.7327e+00   0.0000e+00   8.1377e-03   3.3742e+02
20251228_17:00:00   1.3443e-01   3.5526e+01   9.2848e+00   0.0000e+00   2.9549e-02   3.3857e+02
20251228_18:00:00   1.4065e-01   3.6937e+01   1.0281e+01   0.0000e+00   6.4230e-02   3.3645e+02
20251228_19:00:00   1.5419e-01   3.9928e+01   1.2255e+01   0.0000e+00   5.0801e-02   3.3289e+02
20251228_20:00:00   1.5760e-01   4.0743e+01   1.2679e+01   0.0000e+00   3.0605e-02   3.2934e+02
20251228_21:00:00   1.5755e-01   4.0779e+01   1.2704e+01   0.0000e+00   1.6825e-02   3.2356e+02
20251228_22:00:00   1.5320e-01   3.9848e+01   1.2047e+01   0.0000e+00   1.9648e-03   3.1834e+02
20251228_23:00:00   1.4966e-01   3.9095e+01   1.1486e+01   0.0000e+00   3.5057e-04   3.1241e+02
20251229_00:00:00   1.4654e-01   3.8421e+01   1.0996e+01   0.0000e+00   5.2680e-04   3.0991e+02
20251229_03:00:00   1.4461e-01   3.8038e+01   1.0837e+01   0.0000e+00   1.6945e-04   3.1259e+02
20251229_06:00:00   1.4650e-01   3.8511e+01   1.1295e+01   0.0000e+00   1.1234e-02   3.1934e+02
20251229_09:00:00   1.5253e-01   3.9890e+01   1.2449e+01   0.0000e+00   8.5937e-04   3.2032e+02
20251229_12:00:00   1.6030e-01   4.1692e+01   1.3566e+01   0.0000e+00   2.0684e-03   3.1446e+02
20251229_15:00:00   1.6722e-01   4.3342e+01   1.4338e+01   0.0000e+00   3.5439e-03   3.1940e+02
20251229_18:00:00   1.7392e-01   4.4978e+01   1.5290e+01   0.0000e+00   7.1839e-04   3.3355e+02
20251229_21:00:00   1.8054e-01   4.6530e+01   1.6339e+01   5.8850e-06   4.3112e-03   3.3395e+02
20251230_00:00:00   1.8452e-01   4.7531e+01   1.6908e+01   0.0000e+00   4.4435e-05   3.3728e+02
20251230_03:00:00   1.8340e-01   4.7327e+01   1.6752e+01   0.0000e+00   8.9745e-04   3.2486e+02
20251230_06:00:00   1.9054e-01   4.8904e+01   1.7728e+01   0.0000e+00   2.7550e-02   3.1982e+02
20251230_09:00:00   1.9471e-01   4.9845e+01   1.8189e+01   0.0000e+00   4.1628e-02   3.2045e+02
20251230_12:00:00   1.9940e-01   5.0867e+01   1.8815e+01   0.0000e+00   2.4692e-02   3.2014e+02
20251230_15:00:00   1.9414e-01   4.9686e+01   1.8146e+01   0.0000e+00   5.0483e-02   3.1435e+02
20251230_18:00:00   1.8923e-01   4.8632e+01   1.7607e+01   0.0000e+00   2.8178e-02   3.1724e+02
20251230_21:00:00   1.8746e-01   4.8250e+01   1.7415e+01   0.0000e+00   1.5885e-01   3.2104e+02
20251231_00:00:00   1.8048e-01   4.6703e+01   1.6515e+01   0.0000e+00   2.1988e-02   3.1754e+02
20251231_03:00:00   1.6730e-01   4.3715e+01   1.4706e+01   0.0000e+00   6.3243e-02   3.1752e+02
20251231_06:00:00   1.7173e-01   4.4706e+01   1.5334e+01   0.0000e+00   8.3316e-02   3.1366e+02
20251231_09:00:00   1.7602e-01   4.5718e+01   1.5989e+01   7.8060e-05   7.8159e-02   3.0914e+02
20251231_12:00:00   1.7253e-01   4.4971e+01   1.5360e+01   0.0000e+00   1.3039e-01   3.1207e+02
20251231_15:00:00   1.6604e-01   4.3591e+01   1.4127e+01   0.0000e+00   7.4910e-02   3.1150e+02
20251231_18:00:00   1.5602e-01   4.1337e+01   1.2388e+01   0.0000e+00   3.4721e-02   3.1778e+02
20251231_21:00:00   1.4632e-01   3.9164e+01   1.0903e+01   0.0000e+00   7.0040e-03   3.1826e+02
20260101_00:00:00   1.3745e-01   3.7057e+01   9.7539e+00   0.0000e+00   4.7778e-04   3.1549e+02
20260101_03:00:00   1.3427e-01   3.6246e+01   9.3304e+00   0.0000e+00   5.5662e-03   3.1677e+02
20260101_06:00:00   1.3313e-01   3.5934e+01   9.2914e+00   0.0000e+00   1.4956e-03   3.0946e+02
20260101_09:00:00   1.3533e-01   3.6352e+01   9.7464e+00   1.0088e-04   5.5537e-03   3.0550e+02
20260101_12:00:00   1.3582e-01   3.6418e+01   9.8790e+00   2.0040e-05   7.1722e-03   3.0327e+02
20260101_15:00:00   1.3866e-01   3.6952e+01   1.0622e+01   0.0000e+00   2.5184e-02   3.0330e+02
20260101_18:00:00   1.5122e-01   3.9828e+01   1.2527e+01   0.0000e+00   9.3999e-03   2.9968e+02
20260101_21:00:00   1.8347e-01   4.7237e+01   1.6809e+01   0.0000e+00   4.8476e-03   2.9713e+02
20260102_00:00:00   1.8909e-01   4.8654e+01   1.6466e+01   3.4141e-03   9.8615e-03   2.9940e+02
20260102_03:00:00   1.8948e-01   4.8624e+01   1.7171e+01   0.0000e+00   7.7660e-03   3.0064e+02
20260102_06:00:00   1.8555e-01   4.7721e+01   1.6649e+01   0.0000e+00   7.2125e-03   3.0148e+02
20260102_09:00:00   1.8582e-01   4.7680e+01   1.6906e+01   0.0000e+00   3.6108e-02   3.0336e+02
20260102_12:00:00   1.8410e-01   4.7279e+01   1.6677e+01   0.0000e+00   1.5838e-02   3.0999e+02
20260102_15:00:00   1.8187e-01   4.6755e+01   1.6356e+01   0.0000e+00   1.2028e-02   3.0695e+02
20260102_18:00:00   1.8768e-01   4.8036e+01   1.7016e+01   0.0000e+00   5.8418e-02   3.0884e+02
20260102_21:00:00   2.0228e-01   5.1270e+01   1.8273e+01   1.0204e-03   3.9965e-01   3.0995e+02
20260103_00:00:00   3.7218e-01   8.5462e+01   1.8502e+01   1.8572e-01   5.4374e-01   3.1277e+02
20260103_03:00:00   2.0499e-01   5.1745e+01   1.6826e+01   1.0965e-02   5.0280e-01   3.1902e+02
20260103_06:00:00   3.5375e-01   8.2181e+01   1.2008e+01   2.1520e-01   1.3259e-02   3.3110e+02
20260103_09:00:00   2.1328e-01   5.3672e+01   9.2769e+00   8.4895e-02   1.9052e-02   3.3502e+02
20260103_12:00:00   1.6576e-01   4.3000e+01   9.4366e+00   2.9812e-02   2.1668e-02   3.4006e+02
20260103_15:00:00   1.8965e-01   4.8280e+01   9.1060e+00   5.8373e-02   4.2413e-04   3.4093e+02
20260103_18:00:00   2.1572e-01   5.3887e+01   9.3568e+00   8.4473e-02   9.7629e-04   3.3928e+02
20260103_21:00:00   1.6813e-01   4.3424e+01   9.3229e+00   3.2243e-02   7.9706e-03   3.4025e+02
20260104_00:00:00   1.4664e-01   3.8476e+01   9.3746e+00   8.8395e-03   1.0839e-02   3.4271e+02
20260104_03:00:00   1.8484e-01   4.6923e+01   1.1125e+01   3.7320e-02   3.8319e-02   3.4838e+02
20260104_06:00:00   1.7553e-01   4.4853e+01   1.0973e+01   2.8340e-02   2.2246e-02   3.5632e+02
20260104_09:00:00   1.6916e-01   4.3395e+01   1.0606e+01   2.3664e-02   5.3841e-02   3.6302e+02
20260104_12:00:00   1.8538e-01   4.7030e+01   9.9133e+00   4.5204e-02   5.7939e-03   3.6364e+02
20260104_15:00:00   1.9933e-01   4.9960e+01   9.9059e+00   6.0120e-02   1.1778e-02   3.6985e+02
20260104_18:00:00   1.5906e-01   4.0982e+01   1.0502e+01   9.2238e-03   2.6884e-02   3.6565e+02
20260104_21:00:00   1.7463e-01   4.4532e+01   1.1095e+01   1.9689e-02   8.3603e-02   3.6481e+02
20260105_00:00:00   2.6420e-01   6.3718e+01   1.1653e+01   1.1426e-01   1.2686e-01   3.6501e+02
20260105_03:00:00   2.2033e-01   5.4522e+01   1.2061e+01   5.9665e-02   2.7870e-01   3.6395e+02
20260105_06:00:00   4.0705e-01   9.1291e+01   1.1721e+01   2.7270e-01   1.0717e-01   3.6305e+02
20260105_09:00:00   4.6771e-01   1.0203e+02   1.1369e+01   3.4540e-01   9.6434e-03   3.6808e+02
20260105_12:00:00   4.0870e-01   9.1814e+01   1.1259e+01   2.8042e-01   6.4165e-03   3.6707e+02
20260105_15:00:00   2.2768e-01   5.6252e+01   1.2368e+01   6.3933e-02   6.1595e-01   3.6313e+02
20260105_18:00:00   2.5762e-01   6.2549e+01   1.1557e+01   1.0594e-01   7.5531e-02   3.6148e+02
20260105_21:00:00   2.2278e-01   5.5360e+01   1.1632e+01   6.8090e-02   1.2420e-02   3.5693e+02
20260106_00:00:00   1.8076e-01   4.6114e+01   1.1776e+01   2.0764e-02   3.7611e-03   3.5775e+02
20260106_03:00:00   1.7378e-01   4.4461e+01   1.2460e+01   5.8188e-03   1.4701e-01   3.5988e+02
20260106_06:00:00   2.1224e-01   5.2998e+01   1.3218e+01   4.1535e-02   9.5429e-02   3.6586e+02
20260106_09:00:00   1.9988e-01   5.0397e+01   1.3001e+01   3.0631e-02   3.9493e-03   3.6578e+02
20260106_12:00:00   2.0931e-01   5.2498e+01   1.2956e+01   4.3137e-02   2.9810e-03   3.6772e+02
20260106_15:00:00   2.1991e-01   5.4837e+01   1.2469e+01   5.9178e-02   2.6373e-03   3.7307e+02
20260106_18:00:00   2.3703e-01   5.8472e+01   1.2924e+01   7.4590e-02   2.7576e-03   3.7723e+02
20260106_21:00:00   2.1497e-01   5.3853e+01   1.2827e+01   5.0708e-02   1.1746e-03   3.7861e+02
20260107_00:00:00   2.1615e-01   5.4092e+01   1.3266e+01   4.8127e-02   2.4812e-03   3.7827e+02
20260107_03:00:00   2.0806e-01   5.2369e+01   1.2333e+01   4.7307e-02   3.6995e-04   3.7896e+02
20260107_06:00:00   2.0767e-01   5.2270e+01   1.1989e+01   4.9705e-02   2.8489e-04   3.8073e+02
20260107_09:00:00   1.8107e-01   4.6354e+01   1.1863e+01   2.1179e-02   2.3441e-04   3.8081e+02
20260107_12:00:00   1.5731e-01   4.0947e+01   1.1207e+01   9.7864e-04   7.1211e-05   3.8004e+02
20260107_15:00:00   1.5444e-01   4.0255e+01   1.0968e+01   2.6260e-04   6.2112e-05   3.8086e+02
20260107_18:00:00   1.5396e-01   4.0179e+01   1.0972e+01   2.1320e-05   6.6945e-05   3.8905e+02
20260107_21:00:00   1.5817e-01   4.1174e+01   1.1615e+01   4.3024e-04   7.7517e-04   3.9203e+02
20260108_00:00:00   1.6001e-01   4.1602e+01   1.1668e+01   1.8016e-03   5.7977e-03   3.9008e+02
20260108_03:00:00   1.5174e-01   3.9731e+01   1.0533e+01   1.0394e-03   6.7432e-03   3.7714e+02
20260108_06:00:00   1.5147e-01   3.9652e+01   1.0349e+01   2.4872e-03   6.7738e-03   3.8057e+02
20260108_09:00:00   1.5324e-01   4.0025e+01   1.0575e+01   3.3129e-03   1.0545e-02   3.7777e+02
20260108_12:00:00   2.4517e-01   6.0102e+01   1.1666e+01   9.9089e-02   1.6597e-02   3.7467e+02
20260108_15:00:00   2.5885e-01   6.2853e+01   1.2680e+01   1.0618e-01   4.5690e-02   3.7232e+02
20260108_18:00:00   2.6147e-01   6.3322e+01   1.3778e+01   9.7124e-02   2.7322e-01   3.7836e+02
20260108_21:00:00   1.7964e-01   4.5759e+01   1.3898e+01   2.9199e-03   2.2504e-01   3.8189e+02
20260109_00:00:00   1.8841e-01   4.7736e+01   1.2579e+01   2.4167e-02   1.2354e-01   3.7730e+02
