#            date       tau255        Tb[K]      pwv[mm] lwp[kg*m^-2] iwp[kg*m^-2]       o3[DU]
20260504_12:00:00   1.5661e-01   4.2723e+01   1.4402e+01   0.0000e+00   5.7736e-04   3.6506e+02
20260504_13:00:00   1.5742e-01   4.2881e+01   1.4474e+01   0.0000e+00   1.1541e-03   3.7055e+02
20260504_14:00:00   1.5896e-01   4.3254e+01   1.4636e+01   0.0000e+00   1.4459e-03   3.7432e+02
20260504_15:00:00   1.5960e-01   4.3470e+01   1.4774e+01   0.0000e+00   1.4807e-03   3.7396e+02
20260504_16:00:00   1.5974e-01   4.3566e+01   1.4919e+01   0.0000e+00   6.6096e-04   3.7333e+02
20260504_17:00:00   1.6124e-01   4.3960e+01   1.5298e+01   0.0000e+00   1.7257e-04   3.7164e+02
20260504_18:00:00   1.6503e-01   4.4851e+01   1.5989e+01   0.0000e+00   4.0841e-04   3.7179e+02
20260504_19:00:00   1.6912e-01   4.5791e+01   1.6700e+01   0.0000e+00   5.5690e-04   3.7037e+02
20260504_20:00:00   1.7029e-01   4.6083e+01   1.6975e+01   0.0000e+00   1.0529e-03   3.6930e+02
20260504_21:00:00   1.7453e-01   4.7081e+01   1.7615e+01   0.0000e+00   3.2255e-04   3.6882e+02
20260504_22:00:00   1.7948e-01   4.8244e+01   1.8346e+01   0.0000e+00   6.3319e-04   3.6817e+02
20260504_23:00:00   1.8106e-01   4.8628e+01   1.8641e+01   1.1770e-05   5.9678e-03   3.6747e+02
20260505_00:00:00   1.8243e-01   4.8955e+01   1.8783e+01   4.7080e-04   1.3021e-02   3.6780e+02
20260505_01:00:00   1.9309e-01   5.1394e+01   1.9148e+01   7.9180e-03   1.9640e-02   3.6952e+02
20260505_02:00:00   1.8706e-01   5.0163e+01   1.9127e+01   0.0000e+00   8.8121e-04   3.7110e+02
20260505_03:00:00   1.8662e-01   5.0071e+01   1.8951e+01   0.0000e+00   9.8195e-05   3.7135e+02
20260505_04:00:00   1.8699e-01   5.0128e+01   1.8832e+01   0.0000e+00   0.0000e+00   3.6948e+02
20260505_05:00:00   1.9078e-01   5.0944e+01   1.9113e+01   0.0000e+00   8.5260e-06   3.6622e+02
20260505_06:00:00   1.9215e-01   5.1221e+01   1.9112e+01   0.0000e+00   1.2769e-04   3.6395e+02
20260505_07:00:00   1.9213e-01   5.1203e+01   1.8931e+01   0.0000e+00   6.2560e-06   3.6212e+02
20260505_08:00:00   1.9187e-01   5.1125e+01   1.8723e+01   0.0000e+00   0.0000e+00   3.6055e+02
20260505_09:00:00   1.9144e-01   5.0999e+01   1.8522e+01   0.0000e+00   0.0000e+00   3.6037e+02
20260505_10:00:00   1.9161e-01   5.1001e+01   1.8389e+01   0.0000e+00   0.0000e+00   3.5888e+02
20260505_11:00:00   1.9015e-01   5.0639e+01   1.8070e+01   0.0000e+00   8.2080e-06   3.6012e+02
20260505_12:00:00   1.8943e-01   5.0416e+01   1.7907e+01   0.0000e+00   6.6020e-06   3.6162e+02
20260505_13:00:00   1.8790e-01   5.0010e+01   1.7699e+01   0.0000e+00   7.3780e-05   3.6372e+02
20260505_14:00:00   1.8774e-01   4.9955e+01   1.7666e+01   0.0000e+00   5.2040e-05   3.6413e+02
20260505_15:00:00   1.8740e-01   4.9914e+01   1.7652e+01   0.0000e+00   2.1641e-05   3.6437e+02
20260505_16:00:00   1.8646e-01   4.9765e+01   1.7564e+01   0.0000e+00   3.0300e-05   3.6652e+02
20260505_17:00:00   1.8734e-01   5.0036e+01   1.7710e+01   0.0000e+00   1.6614e-05   3.6903e+02
20260505_18:00:00   1.9072e-01   5.0870e+01   1.8220e+01   0.0000e+00   1.1752e-03   3.7040e+02
20260505_19:00:00   1.9719e-01   5.2377e+01   1.9212e+01   0.0000e+00   1.4159e-03   3.7134e+02
20260505_20:00:00   2.0140e-01   5.3399e+01   1.9937e+01   0.0000e+00   1.1601e-03   3.7223e+02
20260505_21:00:00   2.0539e-01   5.4360e+01   2.0595e+01   2.1580e-04   2.9393e-03   3.6998e+02
20260505_22:00:00   2.0907e-01   5.5249e+01   2.1200e+01   0.0000e+00   1.7510e-03   3.6834e+02
20260505_23:00:00   2.1418e-01   5.6475e+01   2.1854e+01   0.0000e+00   2.0357e-03   3.6793e+02
20260506_00:00:00   2.2144e-01   5.8196e+01   2.2712e+01   0.0000e+00   3.8783e-03   3.6808e+02
20260506_01:00:00   2.3295e-01   6.0835e+01   2.3801e+01   1.9576e-03   7.0620e-03   3.6787e+02
20260506_02:00:00   2.7110e-01   6.8925e+01   2.4932e+01   3.1721e-02   1.7178e-02   3.6790e+02
20260506_03:00:00   2.7744e-01   7.0244e+01   2.5005e+01   3.6286e-02   1.2778e-02   3.7031e+02
20260506_04:00:00   2.9159e-01   7.3087e+01   2.5136e+01   4.8401e-02   5.7337e-03   3.7091e+02
20260506_05:00:00   2.5463e-01   6.5628e+01   2.5086e+01   4.0320e-03   5.2684e-04   3.6933e+02
20260506_06:00:00   2.4898e-01   6.4372e+01   2.4620e+01   0.0000e+00   1.8984e-05   3.6688e+02
20260506_07:00:00   2.4157e-01   6.2722e+01   2.3584e+01   0.0000e+00   0.0000e+00   3.6418e+02
20260506_08:00:00   2.3666e-01   6.1592e+01   2.2878e+01   0.0000e+00   1.1770e-05   3.6229e+02
20260506_09:00:00   2.3173e-01   6.0458e+01   2.2257e+01   0.0000e+00   1.5746e-04   3.6155e+02
20260506_10:00:00   2.2675e-01   5.9319e+01   2.1625e+01   0.0000e+00   1.2934e-06   3.6020e+02
20260506_11:00:00   2.2393e-01   5.8654e+01   2.1206e+01   0.0000e+00   0.0000e+00   3.5805e+02
20260506_12:00:00   2.2511e-01   5.8866e+01   2.1226e+01   0.0000e+00   0.0000e+00   3.5299e+02
20260506_13:00:00   2.2522e-01   5.8849e+01   2.1132e+01   0.0000e+00   0.0000e+00   3.5037e+02
20260506_14:00:00   2.2401e-01   5.8584e+01   2.0923e+01   0.0000e+00   0.0000e+00   3.4867e+02
20260506_15:00:00   2.2143e-01   5.8055e+01   2.0679e+01   0.0000e+00   0.0000e+00   3.4960e+02
20260506_16:00:00   2.1793e-01   5.7339e+01   2.0426e+01   0.0000e+00   7.8460e-06   3.4993e+02
20260506_17:00:00   2.1149e-01   5.5993e+01   1.9814e+01   0.0000e+00   1.2414e-03   3.5227e+02
20260506_18:00:00   2.0803e-01   5.5303e+01   1.9530e+01   0.0000e+00   5.4394e-04   3.5698e+02
20260506_19:00:00   2.0888e-01   5.5550e+01   1.9849e+01   0.0000e+00   1.1748e-02   3.5803e+02
20260506_20:00:00   2.0787e-01   5.5334e+01   2.0169e+01   0.0000e+00   3.9547e-02   3.5828e+02
20260506_21:00:00   2.0632e-01   5.5004e+01   2.0336e+01   0.0000e+00   3.9083e-02   3.5888e+02
20260506_22:00:00   2.0282e-01   5.4177e+01   2.0277e+01   0.0000e+00   9.2727e-02   3.5763e+02
20260506_23:00:00   1.9347e-01   5.1879e+01   1.9504e+01   0.0000e+00   1.9750e-01   3.5709e+02
20260507_00:00:00   1.8391e-01   4.9513e+01   1.8495e+01   0.0000e+00   2.6101e-01   3.5900e+02
20260507_01:00:00   1.8030e-01   4.8557e+01   1.8120e+01   0.0000e+00   2.0760e-01   3.5977e+02
20260507_02:00:00   1.6794e-01   4.5595e+01   1.6636e+01   0.0000e+00   4.1031e-02   3.6092e+02
20260507_03:00:00   1.5218e-01   4.1795e+01   1.4439e+01   0.0000e+00   5.7766e-03   3.6311e+02
20260507_04:00:00   1.4598e-01   4.0291e+01   1.3262e+01   0.0000e+00   4.8460e-06   3.6457e+02
20260507_05:00:00   1.4062e-01   3.9003e+01   1.2152e+01   0.0000e+00   1.6282e-05   3.6531e+02
20260507_06:00:00   1.4009e-01   3.8857e+01   1.1707e+01   0.0000e+00   1.9426e-05   3.6476e+02
20260507_07:00:00   1.4716e-01   4.0466e+01   1.2543e+01   0.0000e+00   2.4600e-04   3.6505e+02
20260507_08:00:00   1.5743e-01   4.2829e+01   1.3766e+01   0.0000e+00   1.2556e-04   3.6479e+02
20260507_09:00:00   1.6963e-01   4.5629e+01   1.5201e+01   0.0000e+00   1.4284e-05   3.6411e+02
20260507_10:00:00   1.8455e-01   4.9029e+01   1.7010e+01   0.0000e+00   4.9800e-06   3.6332e+02
20260507_11:00:00   1.8949e-01   5.0114e+01   1.7568e+01   0.0000e+00   1.5728e-04   3.6174e+02
20260507_12:00:00   1.9067e-01   5.0335e+01   1.7667e+01   0.0000e+00   1.8888e-04   3.6345e+02
20260507_13:00:00   1.9277e-01   5.0771e+01   1.7825e+01   0.0000e+00   2.3900e-05   3.6263e+02
20260507_14:00:00   1.9629e-01   5.1568e+01   1.8191e+01   0.0000e+00   0.0000e+00   3.6092e+02
20260507_15:00:00   1.9390e-01   5.1105e+01   1.7914e+01   0.0000e+00   0.0000e+00   3.6093e+02
20260507_16:00:00   1.9157e-01   5.0653e+01   1.7687e+01   0.0000e+00   9.6920e-06   3.6193e+02
20260507_17:00:00   1.8696e-01   4.9716e+01   1.7161e+01   0.0000e+00   0.0000e+00   3.6222e+02
20260507_18:00:00   1.8254e-01   4.8831e+01   1.6702e+01   0.0000e+00   0.0000e+00   3.6228e+02
20260507_19:00:00   1.7546e-01   4.7289e+01   1.5967e+01   0.0000e+00   8.7680e-06   3.6149e+02
20260507_20:00:00   1.7138e-01   4.6375e+01   1.5615e+01   0.0000e+00   1.8936e-04   3.6181e+02
20260507_21:00:00   1.6704e-01   4.5397e+01   1.5242e+01   0.0000e+00   5.1323e-04   3.6175e+02
20260507_22:00:00   1.6540e-01   4.5068e+01   1.5141e+01   0.0000e+00   4.5866e-03   3.6148e+02
20260507_23:00:00   1.6529e-01   4.5062e+01   1.5222e+01   0.0000e+00   2.9381e-03   3.6147e+02
20260508_00:00:00   1.6574e-01   4.5174e+01   1.5359e+01   0.0000e+00   9.7299e-04   3.6263e+02
20260508_01:00:00   1.6537e-01   4.5095e+01   1.5395e+01   0.0000e+00   4.0485e-03   3.6434e+02
20260508_02:00:00   1.6861e-01   4.5864e+01   1.5835e+01   0.0000e+00   1.1032e-02   3.6523e+02
20260508_03:00:00   1.7193e-01   4.6624e+01   1.6162e+01   0.0000e+00   1.2488e-02   3.6737e+02
20260508_04:00:00   1.7500e-01   4.7286e+01   1.6457e+01   0.0000e+00   3.3878e-03   3.6750e+02
20260508_05:00:00   1.7716e-01   4.7698e+01   1.6734e+01   0.0000e+00   6.6510e-03   3.6831e+02
20260508_06:00:00   1.8240e-01   4.8791e+01   1.7541e+01   0.0000e+00   1.9698e-02   3.6828e+02
20260508_07:00:00   1.8780e-01   4.9918e+01   1.8356e+01   0.0000e+00   5.6174e-02   3.6714e+02
20260508_08:00:00   1.9069e-01   5.0507e+01   1.8695e+01   0.0000e+00   5.2355e-02   3.6523e+02
20260508_09:00:00   1.9233e-01   5.0788e+01   1.8916e+01   0.0000e+00   1.9736e-02   3.6464e+02
20260508_10:00:00   1.9210e-01   5.0629e+01   1.8856e+01   0.0000e+00   5.6278e-02   3.6256e+02
20260508_11:00:00   1.9192e-01   5.0503e+01   1.8799e+01   0.0000e+00   1.1577e-01   3.5818e+02
20260508_12:00:00   1.8804e-01   4.9560e+01   1.8160e+01   0.0000e+00   1.8369e-01   3.5552e+02
20260508_13:00:00   1.8218e-01   4.8170e+01   1.7272e+01   0.0000e+00   2.1654e-01   3.5387e+02
20260508_14:00:00   1.7957e-01   4.7531e+01   1.6890e+01   0.0000e+00   1.1945e-01   3.5301e+02
20260508_15:00:00   1.8038e-01   4.7624e+01   1.7061e+01   0.0000e+00   2.2154e-01   3.5327e+02
20260508_16:00:00   1.7736e-01   4.6892e+01   1.6605e+01   0.0000e+00   3.4559e-01   3.5330e+02
20260508_17:00:00   1.7264e-01   4.5850e+01   1.5919e+01   0.0000e+00   2.1608e-01   3.5455e+02
20260508_18:00:00   1.7278e-01   4.5918e+01   1.5909e+01   0.0000e+00   1.2565e-01   3.5533e+02
20260508_19:00:00   1.7602e-01   4.6700e+01   1.6298e+01   0.0000e+00   1.3953e-01   3.5811e+02
20260508_20:00:00   1.7948e-01   4.7526e+01   1.6726e+01   0.0000e+00   1.7440e-01   3.6224e+02
20260508_21:00:00   1.8204e-01   4.8075e+01   1.7205e+01   0.0000e+00   2.4559e-01   3.6592e+02
20260508_22:00:00   1.7588e-01   4.6587e+01   1.6681e+01   0.0000e+00   2.3359e-01   3.6834e+02
20260508_23:00:00   1.6611e-01   4.4278e+01   1.5587e+01   0.0000e+00   1.1299e-01   3.7004e+02
20260509_00:00:00   1.5947e-01   4.2674e+01   1.4820e+01   0.0000e+00   5.4316e-02   3.7220e+02
20260509_01:00:00   1.5625e-01   4.1848e+01   1.4425e+01   0.0000e+00   1.3489e-02   3.7799e+02
20260509_02:00:00   1.5418e-01   4.1317e+01   1.4124e+01   0.0000e+00   1.5588e-02   3.8061e+02
20260509_03:00:00   1.5441e-01   4.1319e+01   1.4077e+01   0.0000e+00   5.2570e-02   3.8070e+02
20260509_04:00:00   1.5974e-01   4.2521e+01   1.4603e+01   0.0000e+00   1.7773e-01   3.8103e+02
20260509_05:00:00   1.6823e-01   4.4457e+01   1.5522e+01   0.0000e+00   1.1135e-01   3.8256e+02
20260509_06:00:00   1.6963e-01   4.4726e+01   1.5601e+01   0.0000e+00   3.5982e-02   3.8330e+02
20260509_07:00:00   1.6241e-01   4.3047e+01   1.4598e+01   0.0000e+00   7.1657e-03   3.8358e+02
20260509_08:00:00   1.5392e-01   4.1149e+01   1.3166e+01   0.0000e+00   1.8109e-03   3.8392e+02
20260509_09:00:00   1.5260e-01   4.0851e+01   1.2784e+01   0.0000e+00   2.8560e-06   3.8068e+02
20260509_10:00:00   1.5504e-01   4.1405e+01   1.2961e+01   0.0000e+00   0.0000e+00   3.8008e+02
20260509_11:00:00   1.5603e-01   4.1631e+01   1.2974e+01   0.0000e+00   0.0000e+00   3.7823e+02
20260509_12:00:00   1.5537e-01   4.1468e+01   1.2842e+01   0.0000e+00   0.0000e+00   3.7809e+02
20260509_15:00:00   1.6428e-01   4.3570e+01   1.4067e+01   0.0000e+00   7.3881e-04   3.6877e+02
20260509_18:00:00   1.6802e-01   4.4724e+01   1.4712e+01   0.0000e+00   8.9040e-06   3.6458e+02
20260509_21:00:00   1.7254e-01   4.6056e+01   1.5654e+01   0.0000e+00   3.2073e-05   3.6155e+02
20260510_00:00:00   1.8035e-01   4.8038e+01   1.6800e+01   1.3144e-04   1.2983e-03   3.6232e+02
20260510_03:00:00   1.7625e-01   4.7112e+01   1.6160e+01   0.0000e+00   2.2780e-03   3.5863e+02
20260510_06:00:00   1.7215e-01   4.6043e+01   1.5277e+01   0.0000e+00   1.0328e-02   3.5581e+02
20260510_09:00:00   1.7039e-01   4.5523e+01   1.4691e+01   0.0000e+00   1.0107e-03   3.5782e+02
20260510_12:00:00   1.6739e-01   4.4754e+01   1.4507e+01   0.0000e+00   2.7670e-04   3.4913e+02
20260510_15:00:00   1.6896e-01   4.5138e+01   1.4809e+01   0.0000e+00   3.7286e-04   3.4981e+02
20260510_18:00:00   1.6875e-01   4.5330e+01   1.5108e+01   0.0000e+00   7.6095e-04   3.4886e+02
20260510_21:00:00   1.6966e-01   4.5759e+01   1.5858e+01   0.0000e+00   1.7598e-04   3.4586e+02
20260511_00:00:00   1.8911e-01   5.0310e+01   1.9165e+01   0.0000e+00   1.9329e-02   3.4154e+02
20260511_03:00:00   2.0897e-01   5.4818e+01   2.1592e+01   0.0000e+00   5.4977e-02   3.4021e+02
20260511_06:00:00   2.0603e-01   5.4101e+01   2.0985e+01   0.0000e+00   1.8459e-02   3.4394e+02
20260511_09:00:00   1.9778e-01   5.2217e+01   1.9515e+01   0.0000e+00   3.6445e-03   3.5179e+02
20260511_12:00:00   1.9056e-01   5.0393e+01   1.8696e+01   0.0000e+00   5.2354e-03   3.5322e+02
20260511_15:00:00   1.8062e-01   4.8087e+01   1.7429e+01   0.0000e+00   7.0844e-03   3.5451e+02
20260511_18:00:00   1.6942e-01   4.5641e+01   1.6329e+01   0.0000e+00   8.4812e-03   3.5770e+02
20260511_21:00:00   1.6081e-01   4.3724e+01   1.5851e+01   0.0000e+00   1.9903e-02   3.5842e+02
20260512_00:00:00   1.6769e-01   4.5370e+01   1.6952e+01   0.0000e+00   9.9097e-03   3.6720e+02
20260512_03:00:00   1.5896e-01   4.3074e+01   1.5578e+01   1.8791e-04   5.6044e-02   3.7553e+02
20260512_06:00:00   1.6393e-01   4.4031e+01   1.5702e+01   1.0286e-04   7.6897e-03   3.8369e+02
20260512_09:00:00   1.4509e-01   3.9682e+01   1.1560e+01   0.0000e+00   0.0000e+00   3.8956e+02
20260512_12:00:00   1.5502e-01   4.1723e+01   1.2389e+01   0.0000e+00   0.0000e+00   3.9648e+02
20260512_15:00:00   1.3240e-01   3.6214e+01   9.3727e+00   0.0000e+00   0.0000e+00   4.2206e+02
20260512_18:00:00   1.3987e-01   3.7797e+01   1.1098e+01   4.6420e-04   7.2877e-03   4.2081e+02
20260512_21:00:00   1.7245e-01   4.5412e+01   1.4303e+01   1.2268e-02   4.6581e-02   4.0523e+02
20260513_00:00:00   1.8176e-01   4.7767e+01   1.5791e+01   8.4110e-03   2.9154e-02   4.0025e+02
20260513_03:00:00   1.7677e-01   4.6846e+01   1.5618e+01   0.0000e+00   0.0000e+00   3.8982e+02
20260513_06:00:00   1.8104e-01   4.7762e+01   1.5692e+01   0.0000e+00   7.1040e-06   3.6873e+02
20260513_09:00:00   1.7762e-01   4.6948e+01   1.5328e+01   0.0000e+00   0.0000e+00   3.5919e+02
20260513_12:00:00   1.7703e-01   4.6765e+01   1.5225e+01   0.0000e+00   6.9920e-05   3.6194e+02
20260513_15:00:00   1.7655e-01   4.6704e+01   1.5122e+01   0.0000e+00   4.1820e-04   3.6683e+02
20260513_18:00:00   1.7225e-01   4.5942e+01   1.4994e+01   0.0000e+00   4.7298e-05   3.6627e+02
20260513_21:00:00   1.6859e-01   4.5286e+01   1.5064e+01   0.0000e+00   0.0000e+00   3.7085e+02
20260514_00:00:00   1.7029e-01   4.5743e+01   1.5396e+01   2.6398e-03   2.9957e-02   3.8673e+02
20260514_03:00:00   1.4277e-01   3.9287e+01   1.1644e+01   0.0000e+00   0.0000e+00   4.0212e+02
20260514_06:00:00   1.1950e-01   3.3353e+01   8.3654e+00   0.0000e+00   0.0000e+00   4.1356e+02
20260514_09:00:00   1.2899e-01   3.5417e+01   9.3379e+00   0.0000e+00   0.0000e+00   4.1767e+02
20260514_12:00:00   1.4172e-01   3.8276e+01   1.0837e+01   0.0000e+00   1.1382e-05   4.1417e+02
20260514_15:00:00   1.4949e-01   4.0081e+01   1.1787e+01   0.0000e+00   0.0000e+00   4.1907e+02
20260514_18:00:00   1.5215e-01   4.0810e+01   1.2465e+01   0.0000e+00   9.0761e-05   4.2313e+02
20260514_21:00:00   1.5750e-01   4.2088e+01   1.2693e+01   7.1876e-03   6.7269e-03   4.2964e+02
20260515_00:00:00   1.8876e-01   4.9313e+01   1.6852e+01   0.0000e+00   4.5849e-02   4.2541e+02
20260515_03:00:00   1.9515e-01   5.0807e+01   1.7565e+01   0.0000e+00   3.6131e-04   4.2319e+02
20260515_06:00:00   1.8370e-01   4.8172e+01   1.5648e+01   0.0000e+00   5.7140e-07   4.1675e+02
20260515_09:00:00   1.7909e-01   4.6993e+01   1.5057e+01   0.0000e+00   1.5692e-06   4.1667e+02
20260515_12:00:00   1.7823e-01   4.6659e+01   1.5001e+01   0.0000e+00   6.5653e-03   4.1558e+02
20260515_15:00:00   1.7928e-01   4.6918e+01   1.5043e+01   0.0000e+00   1.2237e-02   4.1503e+02
20260515_18:00:00   1.7788e-01   4.6815e+01   1.4835e+01   2.1140e-03   8.5273e-03   4.1591e+02
20260515_21:00:00   1.7270e-01   4.5909e+01   1.4818e+01   5.4660e-04   1.1846e-04   4.1025e+02
20260516_00:00:00   1.7832e-01   4.7265e+01   1.5929e+01   1.2567e-03   2.7410e-02   3.9891e+02
20260516_03:00:00   1.7628e-01   4.7016e+01   1.5609e+01   3.1380e-05   1.4016e-02   4.0322e+02
20260516_06:00:00   1.6732e-01   4.4887e+01   1.4265e+01   0.0000e+00   7.8460e-06   3.9879e+02
20260516_09:00:00   1.6097e-01   4.3255e+01   1.3377e+01   0.0000e+00   1.7011e-04   3.9117e+02
20260516_12:00:00   1.5718e-01   4.2232e+01   1.2888e+01   0.0000e+00   3.1074e-03   3.8498e+02
20260516_15:00:00   1.5778e-01   4.2380e+01   1.2899e+01   0.0000e+00   1.9499e-02   3.8856e+02
20260516_18:00:00   1.5800e-01   4.2582e+01   1.3228e+01   0.0000e+00   5.0332e-02   3.8313e+02
20260516_21:00:00   1.5242e-01   4.1391e+01   1.2995e+01   0.0000e+00   5.1760e-02   3.7842e+02
20260517_00:00:00   1.5868e-01   4.2803e+01   1.4446e+01   0.0000e+00   8.3253e-02   3.7854e+02
20260517_03:00:00   1.7513e-01   4.6442e+01   1.6899e+01   0.0000e+00   2.0040e-01   3.8089e+02
20260517_06:00:00   1.7995e-01   4.7314e+01   1.7425e+01   0.0000e+00   8.3146e-02   3.8161e+02
20260517_09:00:00   1.8553e-01   4.8484e+01   1.7743e+01   0.0000e+00   3.3860e-02   3.8526e+02
20260517_12:00:00   1.9687e-01   5.0934e+01   1.8600e+01   2.3540e-05   2.1292e-02   3.9185e+02
20260517_15:00:00   1.8774e-01   4.9009e+01   1.7000e+01   0.0000e+00   2.8817e-04   3.9443e+02
20260517_18:00:00   1.8753e-01   4.9065e+01   1.7068e+01   0.0000e+00   7.2180e-06   3.9119e+02
20260517_21:00:00   2.3637e-01   5.9729e+01   1.6404e+01   6.0996e-02   2.1319e-02   3.9823e+02
20260518_00:00:00   1.7758e-01   4.6915e+01   1.5251e+01   8.3405e-03   2.4583e-02   4.1692e+02
20260518_03:00:00   1.6833e-01   4.4966e+01   1.4643e+01   0.0000e+00   0.0000e+00   4.1766e+02
20260518_06:00:00   1.6041e-01   4.2872e+01   1.3630e+01   0.0000e+00   0.0000e+00   4.1497e+02
20260518_09:00:00   1.7274e-01   4.5526e+01   1.4054e+01   3.8680e-03   2.0077e-03   4.2172e+02
20260518_12:00:00   1.5163e-01   4.0569e+01   1.1468e+01   0.0000e+00   4.5700e-06   4.2053e+02
20260518_15:00:00   1.3572e-01   3.6821e+01   9.6168e+00   0.0000e+00   0.0000e+00   3.9473e+02
20260518_18:00:00   1.2714e-01   3.4775e+01   9.1064e+00   0.0000e+00   0.0000e+00   3.8129e+02
20260518_21:00:00   1.2945e-01   3.5367e+01   9.5892e+00   1.4958e-03   2.0596e-02   3.7997e+02
20260519_00:00:00   1.2854e-01   3.5262e+01   9.7812e+00   9.0240e-05   9.6951e-03   3.6712e+02
20260519_03:00:00   1.3087e-01   3.5827e+01   1.0087e+01   0.0000e+00   5.3953e-03   3.6971e+02
20260519_06:00:00   1.2963e-01   3.5441e+01   9.7218e+00   0.0000e+00   9.7149e-03   3.6651e+02
20260519_09:00:00   1.3712e-01   3.7059e+01   1.0486e+01   0.0000e+00   1.0645e-03   3.7982e+02
20260519_12:00:00   1.4248e-01   3.8216e+01   1.0633e+01   0.0000e+00   0.0000e+00   3.9404e+02
20260519_15:00:00   1.4469e-01   3.8763e+01   1.0790e+01   0.0000e+00   0.0000e+00   3.9512e+02
20260519_18:00:00   1.4209e-01   3.8334e+01   1.0745e+01   0.0000e+00   0.0000e+00   3.9473e+02
20260519_21:00:00   1.3920e-01   3.7765e+01   1.0954e+01   0.0000e+00   5.0422e-03   3.9130e+02
20260520_00:00:00   1.4505e-01   3.9163e+01   1.2135e+01   0.0000e+00   4.6302e-02   3.8811e+02
20260520_03:00:00   1.5304e-01   4.0967e+01   1.3052e+01   0.0000e+00   1.6537e-01   3.9694e+02
20260520_06:00:00   1.5826e-01   4.2086e+01   1.3422e+01   0.0000e+00   3.8434e-02   4.1455e+02
20260520_09:00:00   1.5305e-01   4.0921e+01   1.2388e+01   0.0000e+00   0.0000e+00   4.0743e+02
20260520_12:00:00   1.5695e-01   4.1651e+01   1.2726e+01   0.0000e+00   3.7657e-05   4.0562e+02
