#            date       tau255        Tb[K]      pwv[mm] lwp[kg*m^-2] iwp[kg*m^-2]       o3[DU]
20260313_06:00:00   1.5416e-01   4.0120e+01   1.2571e+01   0.0000e+00   2.0715e-02   3.8470e+02
20260313_07:00:00   1.5660e-01   4.0628e+01   1.2842e+01   0.0000e+00   5.2098e-02   3.8285e+02
20260313_08:00:00   1.6022e-01   4.1422e+01   1.3201e+01   0.0000e+00   1.2026e-01   3.8186e+02
20260313_09:00:00   1.6432e-01   4.2329e+01   1.3576e+01   0.0000e+00   1.3468e-01   3.7977e+02
20260313_10:00:00   1.6833e-01   4.3220e+01   1.3955e+01   0.0000e+00   1.5573e-01   3.8126e+02
20260313_11:00:00   1.7029e-01   4.3658e+01   1.4103e+01   0.0000e+00   1.8981e-01   3.8861e+02
20260313_12:00:00   1.7067e-01   4.3753e+01   1.4147e+01   5.3280e-06   1.1643e-01   3.9135e+02
20260313_13:00:00   1.7101e-01   4.3840e+01   1.4189e+01   1.7762e-06   1.2007e-01   3.9559e+02
20260313_14:00:00   1.7057e-01   4.3752e+01   1.4146e+01   2.1320e-05   1.1075e-01   3.9886e+02
20260313_15:00:00   1.7095e-01   4.3839e+01   1.4208e+01   1.7762e-06   1.0416e-01   3.9765e+02
20260313_16:00:00   1.7007e-01   4.3652e+01   1.4138e+01   7.8460e-05   1.1042e-01   3.9808e+02
20260313_17:00:00   1.7043e-01   4.3749e+01   1.4137e+01   1.1730e-03   1.1073e-01   3.9662e+02
20260313_18:00:00   1.7027e-01   4.3746e+01   1.4211e+01   1.0278e-03   6.6361e-02   3.9296e+02
20260313_19:00:00   1.6970e-01   4.3646e+01   1.4252e+01   4.1709e-04   8.4547e-02   3.9122e+02
20260313_20:00:00   1.7025e-01   4.3823e+01   1.4371e+01   2.4807e-04   5.1450e-02   3.8882e+02
20260313_21:00:00   1.7246e-01   4.4349e+01   1.4579e+01   1.0482e-03   9.2975e-02   3.8642e+02
20260313_22:00:00   1.7329e-01   4.4578e+01   1.4710e+01   7.1780e-04   5.0616e-02   3.8382e+02
20260313_23:00:00   1.7592e-01   4.5214e+01   1.4886e+01   2.0619e-03   4.1957e-02   3.8374e+02
20260314_00:00:00   1.7663e-01   4.5397e+01   1.4996e+01   1.3720e-03   2.7170e-02   3.8271e+02
20260314_01:00:00   1.7723e-01   4.5545e+01   1.4885e+01   2.4385e-03   2.8831e-02   3.8431e+02
20260314_02:00:00   1.7631e-01   4.5350e+01   1.4673e+01   2.1397e-03   6.7183e-02   3.8755e+02
20260314_03:00:00   1.7885e-01   4.5912e+01   1.4661e+01   4.1931e-03   9.7503e-02   3.9045e+02
20260314_04:00:00   1.8142e-01   4.6465e+01   1.4829e+01   5.0547e-03   1.4428e-01   3.9200e+02
20260314_05:00:00   1.7903e-01   4.5963e+01   1.4177e+01   6.8409e-03   1.6326e-01   3.9421e+02
20260314_06:00:00   1.7093e-01   4.4227e+01   1.2770e+01   7.6130e-03   7.5696e-02   3.9702e+02
20260314_07:00:00   1.7473e-01   4.5178e+01   1.0905e+01   2.3695e-02   1.6492e-02   4.0198e+02
20260314_08:00:00   1.7351e-01   4.4941e+01   1.0038e+01   2.8334e-02   4.8054e-03   4.0763e+02
20260314_09:00:00   1.9881e-01   5.0515e+01   9.9007e+00   5.7436e-02   1.0993e-02   4.1404e+02
20260314_10:00:00   2.2748e-01   5.6709e+01   9.9111e+00   8.9242e-02   4.9514e-02   4.3049e+02
20260314_11:00:00   2.2699e-01   5.6698e+01   9.7537e+00   9.0740e-02   9.2575e-02   4.3998e+02
20260314_12:00:00   2.0279e-01   5.1347e+01   9.0939e+00   6.9953e-02   1.0184e-01   4.5214e+02
20260314_13:00:00   1.4709e-01   3.8657e+01   7.5767e+00   2.1414e-02   4.5580e-02   4.6545e+02
20260314_14:00:00   1.1920e-01   3.2011e+01   6.5406e+00   1.5263e-04   2.8328e-04   4.6916e+02
20260314_15:00:00   1.1442e-01   3.0816e+01   6.0317e+00   0.0000e+00   2.0855e-06   4.6747e+02
20260314_16:00:00   1.0999e-01   2.9724e+01   5.5903e+00   0.0000e+00   6.0686e-06   4.6223e+02
20260314_17:00:00   1.0814e-01   2.9252e+01   5.4719e+00   0.0000e+00   0.0000e+00   4.5698e+02
20260314_18:00:00   1.0666e-01   2.8901e+01   5.3775e+00   0.0000e+00   3.8274e-05   4.5530e+02
20260314_19:00:00   1.0656e-01   2.8883e+01   5.4127e+00   0.0000e+00   1.8978e-04   4.5542e+02
20260314_20:00:00   1.0769e-01   2.9090e+01   5.2664e+00   3.4909e-03   3.8466e-03   4.5387e+02
20260314_21:00:00   1.1066e-01   2.9787e+01   5.5002e+00   4.7900e-03   4.3790e-02   4.4739e+02
20260314_22:00:00   1.1065e-01   2.9867e+01   5.9573e+00   1.5603e-04   5.7865e-02   4.4645e+02
20260314_23:00:00   1.0461e-01   2.8463e+01   5.2207e+00   1.8495e-05   2.4268e-02   4.4090e+02
20260315_00:00:00   1.0204e-01   2.7865e+01   4.9012e+00   0.0000e+00   1.4638e-02   4.3530e+02
20260315_01:00:00   1.0372e-01   2.8276e+01   5.1219e+00   0.0000e+00   2.3608e-02   4.2638e+02
20260315_02:00:00   1.0524e-01   2.8620e+01   5.2864e+00   0.0000e+00   9.9158e-03   4.1798e+02
20260315_03:00:00   1.0690e-01   2.9009e+01   5.4789e+00   0.0000e+00   6.1014e-04   4.0528e+02
20260315_04:00:00   1.0842e-01   2.9378e+01   5.6727e+00   0.0000e+00   2.5624e-03   3.9545e+02
20260315_05:00:00   1.0925e-01   2.9570e+01   5.8258e+00   0.0000e+00   9.2470e-03   3.9260e+02
20260315_06:00:00   1.1039e-01   2.9829e+01   6.0692e+00   0.0000e+00   1.8474e-02   3.9026e+02
20260315_07:00:00   1.1226e-01   3.0246e+01   6.3967e+00   0.0000e+00   3.1863e-02   3.8749e+02
20260315_08:00:00   1.1307e-01   3.0419e+01   6.5918e+00   0.0000e+00   3.2140e-02   3.8475e+02
20260315_09:00:00   1.1403e-01   3.0624e+01   6.7742e+00   0.0000e+00   3.5532e-02   3.8015e+02
20260315_10:00:00   1.1480e-01   3.0800e+01   6.9756e+00   0.0000e+00   4.5182e-02   3.7406e+02
20260315_11:00:00   1.1665e-01   3.1215e+01   7.3418e+00   0.0000e+00   7.7071e-02   3.7103e+02
20260315_12:00:00   1.1968e-01   3.1909e+01   7.8888e+00   0.0000e+00   6.4371e-02   3.7103e+02
20260315_13:00:00   1.2320e-01   3.2728e+01   8.4743e+00   0.0000e+00   4.6629e-02   3.7008e+02
20260315_14:00:00   1.2624e-01   3.3442e+01   8.9785e+00   0.0000e+00   4.4894e-02   3.6645e+02
20260315_15:00:00   1.2960e-01   3.4231e+01   9.4898e+00   0.0000e+00   6.0391e-02   3.6453e+02
20260315_16:00:00   1.3359e-01   3.5169e+01   1.0116e+01   0.0000e+00   1.0284e-01   3.6305e+02
20260315_17:00:00   1.3793e-01   3.6193e+01   1.0775e+01   0.0000e+00   1.4009e-01   3.6250e+02
20260315_18:00:00   1.3994e-01   3.6699e+01   1.1136e+01   0.0000e+00   1.4218e-01   3.6228e+02
20260315_19:00:00   1.4127e-01   3.7054e+01   1.1506e+01   0.0000e+00   5.3228e-02   3.5960e+02
20260315_20:00:00   1.4492e-01   3.7934e+01   1.2103e+01   0.0000e+00   3.3750e-02   3.5731e+02
20260315_21:00:00   1.4887e-01   3.8892e+01   1.2737e+01   0.0000e+00   2.9308e-02   3.5084e+02
20260315_22:00:00   1.5184e-01   3.9618e+01   1.3226e+01   0.0000e+00   3.3454e-02   3.4332e+02
20260315_23:00:00   1.5586e-01   4.0560e+01   1.3787e+01   0.0000e+00   6.1510e-02   3.4277e+02
20260316_00:00:00   1.5838e-01   4.1176e+01   1.4140e+01   0.0000e+00   1.7765e-02   3.4280e+02
20260316_01:00:00   1.6191e-01   4.2015e+01   1.4542e+01   0.0000e+00   4.8093e-02   3.4494e+02
20260316_02:00:00   1.6714e-01   4.3239e+01   1.5291e+01   0.0000e+00   3.9920e-02   3.4466e+02
20260316_03:00:00   1.7158e-01   4.4264e+01   1.5753e+01   0.0000e+00   1.0811e-02   3.4312e+02
20260316_04:00:00   1.7455e-01   4.4999e+01   1.5884e+01   7.7600e-06   1.1689e-02   3.4074e+02
20260316_05:00:00   1.7874e-01   4.5985e+01   1.6263e+01   6.0378e-04   8.8681e-03   3.4053e+02
20260316_06:00:00   1.8218e-01   4.6834e+01   1.5993e+01   5.6838e-03   2.0148e-02   3.3807e+02
20260316_07:00:00   2.0908e-01   5.2762e+01   1.5741e+01   3.6250e-02   2.5645e-02   3.3658e+02
20260316_08:00:00   1.7868e-01   4.6170e+01   1.5748e+01   2.2302e-03   4.4898e-03   3.3809e+02
20260316_09:00:00   1.9133e-01   4.9027e+01   1.6057e+01   1.4328e-02   7.5747e-03   3.3828e+02
20260316_10:00:00   1.8497e-01   4.7666e+01   1.6417e+01   4.2310e-03   5.1973e-03   3.3681e+02
20260316_11:00:00   1.9612e-01   5.0165e+01   1.6623e+01   1.5654e-02   4.8770e-03   3.3527e+02
20260316_12:00:00   2.1087e-01   5.3402e+01   1.7228e+01   2.6904e-02   5.5767e-03   3.3364e+02
20260316_13:00:00   2.5066e-01   6.1906e+01   1.7987e+01   6.5460e-02   4.3067e-03   3.3041e+02
20260316_14:00:00   2.4101e-01   5.9934e+01   1.8206e+01   5.3976e-02   4.6607e-03   3.2911e+02
20260316_15:00:00   2.4088e-01   5.9956e+01   1.9308e+01   4.4370e-02   6.4825e-03   3.2863e+02
20260316_16:00:00   2.4150e-01   6.0155e+01   1.9662e+01   4.1847e-02   1.2964e-02   3.2814e+02
20260316_17:00:00   2.3871e-01   5.9611e+01   2.0335e+01   3.3734e-02   9.8556e-03   3.2610e+02
20260316_18:00:00   2.6779e-01   6.5760e+01   2.1145e+01   5.9365e-02   7.8806e-03   3.2455e+02
20260316_19:00:00   2.8014e-01   6.8417e+01   2.1506e+01   6.7957e-02   1.0837e-03   3.2302e+02
20260316_20:00:00   6.0829e-01   1.2579e+02   2.2292e+01   4.3243e-01   1.0344e-03   3.2210e+02
20260316_21:00:00   6.6668e-01   1.3416e+02   2.2209e+01   4.9922e-01   1.5782e-03   3.1872e+02
20260316_22:00:00   7.3879e-01   1.4381e+02   2.2483e+01   5.7711e-01   3.9437e-04   3.1589e+02
20260316_23:00:00   8.1183e-01   1.5285e+02   2.2633e+01   6.5747e-01   6.7561e-04   3.1379e+02
20260317_00:00:00   6.3502e-01   1.2956e+02   2.2016e+01   4.6203e-01   1.6676e-03   3.1224e+02
20260317_01:00:00   4.0522e-01   9.2564e+01   2.2120e+01   2.0210e-01   2.1465e-03   3.1154e+02
20260317_02:00:00   3.2605e-01   7.7722e+01   2.2545e+01   1.0980e-01   1.5297e-03   3.1212e+02
20260317_03:00:00   2.9605e-01   7.1782e+01   2.1932e+01   7.9817e-02   1.7331e-03   3.1149e+02
20260317_04:00:00   2.4112e-01   6.0530e+01   2.1493e+01   2.3601e-02   4.7927e-04   3.1067e+02
20260317_05:00:00   2.2863e-01   5.7890e+01   2.0819e+01   1.5882e-02   1.5785e-03   3.1144e+02
20260317_06:00:00   2.1523e-01   5.4978e+01   2.0239e+01   6.8560e-03   1.2983e-04   3.1253e+02
20260317_07:00:00   2.2228e-01   5.6410e+01   2.2334e+01   3.4920e-04   2.5097e-02   3.1205e+02
20260317_08:00:00   2.1833e-01   5.5643e+01   2.1700e+01   0.0000e+00   1.7174e-02   3.1334e+02
20260317_09:00:00   2.1206e-01   5.4280e+01   2.0974e+01   0.0000e+00   1.2895e-03   3.1373e+02
20260317_10:00:00   2.1596e-01   5.5106e+01   2.1352e+01   0.0000e+00   6.4436e-04   3.1480e+02
20260317_11:00:00   2.2355e-01   5.6719e+01   2.2306e+01   0.0000e+00   1.1315e-02   3.1672e+02
20260317_12:00:00   2.1890e-01   5.5712e+01   2.1666e+01   0.0000e+00   3.0325e-03   3.1880e+02
20260317_13:00:00   2.1762e-01   5.5450e+01   2.1139e+01   0.0000e+00   7.9008e-03   3.1741e+02
20260317_14:00:00   2.1890e-01   5.5782e+01   2.1223e+01   0.0000e+00   2.0966e-03   3.1759e+02
20260317_15:00:00   2.1798e-01   5.5589e+01   2.1289e+01   0.0000e+00   5.1180e-03   3.1728e+02
20260317_16:00:00   2.2023e-01   5.6069e+01   2.1400e+01   0.0000e+00   1.8296e-03   3.1444e+02
20260317_17:00:00   2.1678e-01   5.5401e+01   2.1105e+01   0.0000e+00   7.0660e-03   3.1443e+02
20260317_18:00:00   2.1707e-01   5.5520e+01   2.1236e+01   0.0000e+00   5.8618e-03   3.1500e+02
20260317_19:00:00   2.1527e-01   5.5222e+01   2.1183e+01   0.0000e+00   1.2087e-02   3.1605e+02
20260317_20:00:00   2.0174e-01   5.2440e+01   1.9458e+01   0.0000e+00   4.6420e-03   3.1505e+02
20260317_21:00:00   1.9229e-01   5.0487e+01   1.8104e+01   0.0000e+00   4.9760e-03   3.1459e+02
20260317_22:00:00   1.8826e-01   4.9638e+01   1.7686e+01   0.0000e+00   4.7687e-03   3.1345e+02
20260317_23:00:00   1.8506e-01   4.8985e+01   1.7009e+01   0.0000e+00   4.5556e-03   3.1218e+02
20260318_00:00:00   1.8963e-01   5.0036e+01   1.7311e+01   0.0000e+00   2.8969e-03   3.1185e+02
20260318_01:00:00   1.9544e-01   5.1334e+01   1.7964e+01   0.0000e+00   6.5730e-03   3.1168e+02
20260318_02:00:00   2.0240e-01   5.2845e+01   1.8817e+01   0.0000e+00   4.1356e-03   3.1228e+02
20260318_03:00:00   2.0711e-01   5.3796e+01   1.9327e+01   0.0000e+00   2.2218e-02   3.1091e+02
20260318_04:00:00   2.0862e-01   5.4031e+01   1.9581e+01   0.0000e+00   1.2710e-02   3.1063e+02
20260318_05:00:00   2.0809e-01   5.3835e+01   1.9522e+01   2.6804e-04   1.8022e-02   3.1115e+02
20260318_06:00:00   2.1087e-01   5.4374e+01   1.9885e+01   2.9680e-05   2.4611e-02   3.1149e+02
20260318_09:00:00   1.9869e-01   5.1644e+01   1.8031e+01   0.0000e+00   2.5399e-02   3.1280e+02
20260318_12:00:00   1.9562e-01   5.0894e+01   1.7581e+01   0.0000e+00   3.4297e-02   3.0863e+02
20260318_15:00:00   2.0241e-01   5.2242e+01   1.8604e+01   2.8560e-05   7.2020e-02   3.0783e+02
20260318_18:00:00   2.2637e-01   5.7464e+01   2.1473e+01   2.9064e-03   4.1807e-02   3.0625e+02
20260318_21:00:00   2.5165e-01   6.2946e+01   2.4317e+01   5.0981e-03   1.7900e-01   3.0076e+02
20260319_00:00:00   3.0134e-01   7.3500e+01   2.3851e+01   6.5863e-02   1.6154e-02   2.9590e+02
20260319_03:00:00   2.5073e-01   6.3114e+01   2.3564e+01   6.5109e-03   1.9248e-02   2.9752e+02
20260319_06:00:00   2.3741e-01   6.0288e+01   2.2402e+01   7.5720e-04   8.5896e-03   3.0116e+02
20260319_09:00:00   2.2498e-01   5.7573e+01   2.1216e+01   0.0000e+00   1.6535e-03   2.9818e+02
20260319_12:00:00   2.5056e-01   6.3104e+01   2.1445e+01   2.3863e-02   1.1712e-04   2.9317e+02
20260319_15:00:00   2.4520e-01   6.2000e+01   2.1753e+01   1.4302e-02   8.4081e-04   2.9420e+02
20260319_18:00:00   2.3598e-01   6.0222e+01   2.2712e+01   0.0000e+00   2.4843e-03   2.9389e+02
20260319_21:00:00   2.5196e-01   6.3840e+01   2.5051e+01   0.0000e+00   2.3348e-02   2.9146e+02
20260320_00:00:00   2.6330e-01   6.6328e+01   2.6650e+01   0.0000e+00   1.3316e-01   2.8772e+02
20260320_03:00:00   2.8719e-01   7.1228e+01   2.9098e+01   0.0000e+00   6.3684e-03   2.8535e+02
20260320_06:00:00   2.9390e-01   7.2545e+01   2.9122e+01   5.9520e-03   2.9121e-02   2.8779e+02
20260320_09:00:00   2.4798e-01   6.3227e+01   2.3240e+01   0.0000e+00   1.7810e-03   2.8601e+02
20260320_12:00:00   2.1147e-01   5.5186e+01   1.9250e+01   0.0000e+00   2.8889e-03   2.8711e+02
20260320_15:00:00   2.0753e-01   5.4202e+01   1.8914e+01   0.0000e+00   9.2883e-04   2.8900e+02
20260320_18:00:00   2.1263e-01   5.5461e+01   2.0481e+01   0.0000e+00   3.2118e-03   2.8995e+02
20260320_21:00:00   2.0446e-01   5.3885e+01   2.0433e+01   0.0000e+00   3.8349e-03   2.9492e+02
20260321_00:00:00   1.9247e-01   5.1313e+01   1.9028e+01   0.0000e+00   2.1266e-02   2.9747e+02
20260321_03:00:00   1.8570e-01   4.9691e+01   1.7725e+01   0.0000e+00   1.1300e-02   2.9836e+02
20260321_06:00:00   1.7709e-01   4.7494e+01   1.6471e+01   0.0000e+00   1.7736e-02   3.0447e+02
20260321_09:00:00   1.7522e-01   4.6843e+01   1.6362e+01   0.0000e+00   5.8910e-02   3.0781e+02
20260321_12:00:00   1.7707e-01   4.7127e+01   1.6505e+01   0.0000e+00   1.1534e-01   3.0793e+02
20260321_15:00:00   1.8874e-01   4.9735e+01   1.7690e+01   0.0000e+00   1.3585e-01   3.1535e+02
20260321_18:00:00   2.2617e-01   5.7888e+01   2.2222e+01   0.0000e+00   3.2010e-01   3.2255e+02
20260321_21:00:00   2.1687e-01   5.5630e+01   2.0580e+01   5.0058e-03   2.0174e-01   3.2637e+02
20260322_00:00:00   1.4243e-01   3.8423e+01   1.1705e+01   2.9620e-03   2.2721e-02   3.2772e+02
20260322_03:00:00   1.0926e-01   3.0445e+01   6.4548e+00   0.0000e+00   1.0486e-03   3.4162e+02
20260322_06:00:00   1.0988e-01   3.0346e+01   6.1346e+00   0.0000e+00   1.9146e-03   3.5333e+02
20260322_09:00:00   1.1188e-01   3.0637e+01   6.1159e+00   0.0000e+00   9.6920e-06   3.6054e+02
20260322_12:00:00   1.1240e-01   3.0623e+01   6.0188e+00   0.0000e+00   1.6278e-05   3.7504e+02
20260322_15:00:00   1.1171e-01   3.0396e+01   5.8810e+00   0.0000e+00   2.8420e-06   3.8320e+02
20260322_18:00:00   1.1048e-01   3.0148e+01   5.9552e+00   0.0000e+00   0.0000e+00   3.9273e+02
20260322_21:00:00   1.0899e-01   2.9874e+01   6.0612e+00   0.0000e+00   0.0000e+00   3.9570e+02
20260323_00:00:00   1.0923e-01   2.9979e+01   6.3256e+00   0.0000e+00   0.0000e+00   3.9162e+02
20260323_03:00:00   1.1282e-01   3.0883e+01   6.6287e+00   0.0000e+00   0.0000e+00   3.8779e+02
20260323_06:00:00   1.1794e-01   3.2024e+01   7.1821e+00   0.0000e+00   0.0000e+00   3.8352e+02
20260323_09:00:00   1.1362e-01   3.0939e+01   6.5236e+00   0.0000e+00   3.1091e-03   3.8896e+02
20260323_12:00:00   1.0917e-01   2.9906e+01   5.8013e+00   0.0000e+00   0.0000e+00   3.9248e+02
20260323_15:00:00   1.0599e-01   2.9181e+01   5.3068e+00   0.0000e+00   0.0000e+00   3.8497e+02
20260323_18:00:00   1.0615e-01   2.9352e+01   5.5056e+00   0.0000e+00   0.0000e+00   3.8389e+02
20260323_21:00:00   1.0601e-01   2.9419e+01   5.9400e+00   0.0000e+00   2.0201e-04   3.6878e+02
20260324_00:00:00   1.0856e-01   3.0103e+01   6.7182e+00   0.0000e+00   6.9497e-04   3.5683e+02
20260324_03:00:00   1.1417e-01   3.1445e+01   7.6886e+00   0.0000e+00   4.7492e-03   3.4403e+02
20260324_06:00:00   1.2005e-01   3.2829e+01   8.7104e+00   0.0000e+00   9.0184e-03   3.3515e+02
20260324_09:00:00   1.3020e-01   3.5195e+01   1.0362e+01   0.0000e+00   6.2322e-02   3.2943e+02
20260324_12:00:00   1.4251e-01   3.8031e+01   1.2154e+01   0.0000e+00   2.2387e-01   3.1704e+02
20260324_15:00:00   1.5489e-01   4.0881e+01   1.3759e+01   0.0000e+00   2.9529e-01   3.1388e+02
20260324_18:00:00   1.6766e-01   4.3888e+01   1.5587e+01   0.0000e+00   1.1249e-01   3.0700e+02
20260324_21:00:00   1.9810e-01   5.0805e+01   1.9198e+01   0.0000e+00   4.6617e-02   3.0804e+02
20260325_00:00:00   2.0642e-01   5.2586e+01   1.9829e+01   5.6720e-04   7.2145e-01   3.1016e+02
20260325_03:00:00   5.8574e-01   1.2230e+02   2.1810e+01   4.0039e-01   9.4602e-01   3.1479e+02
20260325_06:00:00   9.5464e-01   1.6893e+02   2.1869e+01   8.1333e-01   7.9660e-01   3.1853e+02
20260325_09:00:00   1.1347e+00   1.8608e+02   2.0929e+01   1.0222e+00   4.4450e-01   3.3128e+02
20260325_12:00:00   5.8448e-01   1.2280e+02   1.7767e+01   4.3178e-01   9.1446e-05   3.4458e+02
20260325_15:00:00   3.0488e-01   7.3409e+01   1.7459e+01   1.1396e-01   9.8816e-02   3.6501e+02
20260325_18:00:00   2.1128e-01   5.3861e+01   1.4173e+01   3.8051e-02   2.5739e-01   3.8377e+02
20260325_21:00:00   1.5333e-01   4.0580e+01   1.2240e+01   1.5028e-03   2.8034e-03   3.9819e+02
20260326_00:00:00   1.4896e-01   3.9619e+01   1.1688e+01   1.2934e-06   2.3894e-03   3.9013e+02
20260326_03:00:00   1.5463e-01   4.0927e+01   1.1464e+01   3.9180e-03   9.7417e-03   3.9815e+02
20260326_06:00:00   1.5984e-01   4.2033e+01   1.2264e+01   0.0000e+00   2.1727e-03   3.9994e+02
20260326_09:00:00   1.6231e-01   4.2501e+01   1.2259e+01   0.0000e+00   9.4780e-04   4.0194e+02
20260326_12:00:00   1.5830e-01   4.1556e+01   1.1660e+01   0.0000e+00   1.5692e-06   3.9239e+02
20260326_15:00:00   1.5634e-01   4.1115e+01   1.1449e+01   0.0000e+00   2.7114e-06   3.9085e+02
20260326_18:00:00   1.5613e-01   4.1223e+01   1.1572e+01   3.1040e-04   0.0000e+00   3.8908e+02
20260326_21:00:00   1.5709e-01   4.1616e+01   1.2073e+01   5.1865e-05   4.3789e-05   3.8362e+02
20260327_00:00:00   1.6631e-01   4.3792e+01   1.3243e+01   1.7650e-03   3.1567e-04   3.7170e+02
20260327_03:00:00   2.8123e-01   6.8312e+01   1.3981e+01   1.2238e-01   3.0421e-03   3.7212e+02
20260327_06:00:00   3.1213e-01   7.4366e+01   1.3856e+01   1.5503e-01   8.5735e-04   3.6431e+02
20260327_09:00:00   2.2831e-01   5.7298e+01   1.3599e+01   6.2500e-02   7.6260e-04   3.5843e+02
20260327_12:00:00   1.6979e-01   4.4514e+01   1.3264e+01   8.3540e-05   1.0441e-04   3.4941e+02
20260327_15:00:00   1.7562e-01   4.5758e+01   1.3501e+01   5.5100e-03   2.3102e-04   3.4780e+02
20260327_18:00:00   1.6585e-01   4.3622e+01   1.3281e+01   3.0600e-04   5.4940e-05   3.4991e+02
20260327_21:00:00   1.5756e-01   4.1867e+01   1.2800e+01   0.0000e+00   1.3510e-05   3.5049e+02
20260328_00:00:00   1.5117e-01   4.0454e+01   1.2443e+01   0.0000e+00   9.7995e-03   3.4989e+02
20260328_03:00:00   1.4926e-01   4.0024e+01   1.2174e+01   0.0000e+00   1.2631e-02   3.5363e+02
20260328_06:00:00   1.5173e-01   4.0601e+01   1.2347e+01   0.0000e+00   1.4353e-02   3.5379e+02
20260328_09:00:00   1.6275e-01   4.3107e+01   1.3769e+01   0.0000e+00   4.8926e-02   3.5335e+02
20260328_12:00:00   1.5742e-01   4.1854e+01   1.3090e+01   0.0000e+00   7.1711e-02   3.5311e+02
20260328_15:00:00   1.5902e-01   4.2164e+01   1.3359e+01   0.0000e+00   3.0756e-02   3.5611e+02
20260328_18:00:00   1.5516e-01   4.1347e+01   1.2983e+01   0.0000e+00   1.4223e-02   3.5622e+02
20260328_21:00:00   1.6139e-01   4.2916e+01   1.3884e+01   0.0000e+00   1.7100e-02   3.6005e+02
20260329_00:00:00   1.5407e-01   4.1232e+01   1.3351e+01   0.0000e+00   4.8151e-02   3.6553e+02
20260329_03:00:00   1.6129e-01   4.2875e+01   1.3875e+01   9.5920e-04   9.2704e-03   3.7275e+02
20260329_06:00:00   1.9179e-01   4.9626e+01   1.7212e+01   0.0000e+00   4.0913e-01   3.7468e+02
