#            date       tau255        Tb[K]      pwv[mm] lwp[kg*m^-2] iwp[kg*m^-2]       o3[DU]
20260424_06:00:00   1.0674e-01   2.9305e+01   5.8907e+00   0.0000e+00   0.0000e+00   3.9889e+02
20260424_07:00:00   1.0557e-01   2.9020e+01   5.6589e+00   0.0000e+00   0.0000e+00   4.0318e+02
20260424_08:00:00   1.0437e-01   2.8711e+01   5.4603e+00   0.0000e+00   0.0000e+00   4.0369e+02
20260424_09:00:00   1.0497e-01   2.8832e+01   5.5031e+00   0.0000e+00   0.0000e+00   4.0324e+02
20260424_10:00:00   1.0555e-01   2.8941e+01   5.5277e+00   0.0000e+00   0.0000e+00   4.0443e+02
20260424_11:00:00   1.0636e-01   2.9105e+01   5.5691e+00   0.0000e+00   0.0000e+00   4.0899e+02
20260424_12:00:00   1.0501e-01   2.8787e+01   5.3014e+00   0.0000e+00   0.0000e+00   4.1690e+02
20260424_13:00:00   1.0257e-01   2.8216e+01   4.9295e+00   0.0000e+00   0.0000e+00   4.1757e+02
20260424_14:00:00   1.0229e-01   2.8164e+01   4.9614e+00   0.0000e+00   0.0000e+00   4.0873e+02
20260424_15:00:00   1.0160e-01   2.8026e+01   4.9695e+00   0.0000e+00   0.0000e+00   4.0503e+02
20260424_16:00:00   1.0016e-01   2.7728e+01   4.8001e+00   0.0000e+00   0.0000e+00   4.1072e+02
20260424_17:00:00   9.8422e-02   2.7337e+01   4.6192e+00   0.0000e+00   0.0000e+00   4.0940e+02
20260424_18:00:00   9.8904e-02   2.7462e+01   4.7637e+00   0.0000e+00   0.0000e+00   4.0753e+02
20260424_19:00:00   1.0089e-01   2.7963e+01   5.1049e+00   0.0000e+00   2.0400e-05   4.0894e+02
20260424_20:00:00   1.0352e-01   2.8613e+01   5.5406e+00   0.0000e+00   3.5153e-04   4.1001e+02
20260424_21:00:00   1.0655e-01   2.9342e+01   5.9635e+00   8.2386e-04   9.8006e-03   4.1172e+02
20260424_22:00:00   1.0768e-01   2.9636e+01   6.3082e+00   0.0000e+00   1.8234e-02   4.0947e+02
20260424_23:00:00   1.0928e-01   3.0033e+01   6.6151e+00   0.0000e+00   1.1539e-02   4.0668e+02
20260425_00:00:00   1.0925e-01   3.0054e+01   6.6679e+00   0.0000e+00   5.5468e-03   4.0589e+02
20260425_01:00:00   1.0756e-01   2.9665e+01   6.4900e+00   0.0000e+00   8.0122e-04   4.0546e+02
20260425_02:00:00   1.0706e-01   2.9552e+01   6.4391e+00   0.0000e+00   4.1680e-04   4.0597e+02
20260425_03:00:00   1.0622e-01   2.9329e+01   6.3452e+00   0.0000e+00   2.9260e-04   4.0650e+02
20260425_04:00:00   1.0667e-01   2.9417e+01   6.3989e+00   0.0000e+00   1.5572e-04   4.0660e+02
20260425_05:00:00   1.0704e-01   2.9494e+01   6.4059e+00   0.0000e+00   0.0000e+00   4.0794e+02
20260425_06:00:00   1.0795e-01   2.9682e+01   6.4735e+00   0.0000e+00   3.5520e-06   4.0909e+02
20260425_07:00:00   1.0846e-01   2.9765e+01   6.5073e+00   0.0000e+00   1.0598e-04   4.1056e+02
20260425_08:00:00   1.0857e-01   2.9749e+01   6.5052e+00   0.0000e+00   4.8460e-06   4.1206e+02
20260425_09:00:00   1.0856e-01   2.9710e+01   6.4796e+00   0.0000e+00   0.0000e+00   4.1289e+02
20260425_10:00:00   1.0864e-01   2.9704e+01   6.4527e+00   0.0000e+00   0.0000e+00   4.1273e+02
20260425_11:00:00   1.0856e-01   2.9672e+01   6.3854e+00   0.0000e+00   0.0000e+00   4.1201e+02
20260425_12:00:00   1.0816e-01   2.9576e+01   6.2723e+00   0.0000e+00   0.0000e+00   4.1017e+02
20260425_13:00:00   1.0701e-01   2.9308e+01   6.0278e+00   0.0000e+00   0.0000e+00   4.0868e+02
20260425_14:00:00   1.0596e-01   2.9087e+01   5.7808e+00   0.0000e+00   0.0000e+00   4.0931e+02
20260425_15:00:00   1.0473e-01   2.8837e+01   5.5900e+00   0.0000e+00   0.0000e+00   4.1060e+02
20260425_16:00:00   1.0422e-01   2.8755e+01   5.5593e+00   0.0000e+00   0.0000e+00   4.0770e+02
20260425_17:00:00   1.0343e-01   2.8593e+01   5.5331e+00   0.0000e+00   0.0000e+00   4.0696e+02
20260425_18:00:00   1.0366e-01   2.8648e+01   5.6784e+00   0.0000e+00   1.4124e-05   4.0795e+02
20260425_19:00:00   1.0595e-01   2.9186e+01   6.1323e+00   0.0000e+00   1.9095e-04   4.0724e+02
20260425_20:00:00   1.0875e-01   2.9862e+01   6.6581e+00   0.0000e+00   3.1420e-03   4.0724e+02
20260425_21:00:00   1.1100e-01   3.0409e+01   7.1068e+00   0.0000e+00   3.9264e-03   4.0712e+02
20260425_22:00:00   1.1195e-01   3.0653e+01   7.3413e+00   0.0000e+00   2.3021e-03   4.0658e+02
20260425_23:00:00   1.1302e-01   3.0923e+01   7.5593e+00   0.0000e+00   2.3059e-03   4.0391e+02
20260426_00:00:00   1.1432e-01   3.1242e+01   7.7846e+00   0.0000e+00   2.7013e-03   4.0166e+02
20260426_01:00:00   1.1594e-01   3.1629e+01   8.0285e+00   0.0000e+00   1.7521e-03   4.0081e+02
20260426_02:00:00   1.1855e-01   3.2263e+01   8.3887e+00   0.0000e+00   2.7383e-03   4.0017e+02
20260426_03:00:00   1.2033e-01   3.2679e+01   8.6154e+00   0.0000e+00   7.6975e-03   3.9976e+02
20260426_04:00:00   1.2221e-01   3.3123e+01   8.8210e+00   0.0000e+00   1.6488e-02   3.9944e+02
20260426_05:00:00   1.2361e-01   3.3456e+01   8.9847e+00   0.0000e+00   1.4215e-02   3.9784e+02
20260426_06:00:00   1.2511e-01   3.3795e+01   9.1515e+00   0.0000e+00   2.5304e-03   3.9653e+02
20260426_07:00:00   1.2608e-01   3.4024e+01   9.2055e+00   0.0000e+00   1.6779e-03   3.9725e+02
20260426_08:00:00   1.2691e-01   3.4205e+01   9.2304e+00   0.0000e+00   4.6322e-03   3.9919e+02
20260426_09:00:00   1.2615e-01   3.4007e+01   9.0646e+00   0.0000e+00   2.4357e-03   4.0194e+02
20260426_10:00:00   1.2267e-01   3.3197e+01   8.4994e+00   0.0000e+00   1.5550e-03   4.0421e+02
20260426_11:00:00   1.1895e-01   3.2324e+01   7.8974e+00   0.0000e+00   7.4055e-04   4.0712e+02
20260426_12:00:00   1.1662e-01   3.1765e+01   7.5125e+00   0.0000e+00   2.2956e-04   4.0910e+02
20260426_13:00:00   1.1541e-01   3.1464e+01   7.3086e+00   0.0000e+00   1.6278e-04   4.1003e+02
20260426_14:00:00   1.1469e-01   3.1293e+01   7.1929e+00   0.0000e+00   1.4964e-04   4.0956e+02
20260426_15:00:00   1.1405e-01   3.1156e+01   7.1482e+00   0.0000e+00   1.7940e-05   4.0781e+02
20260426_16:00:00   1.1446e-01   3.1273e+01   7.2575e+00   0.0000e+00   2.6960e-05   4.0610e+02
20260426_17:00:00   1.1449e-01   3.1311e+01   7.3304e+00   0.0000e+00   4.2580e-05   4.0444e+02
20260426_18:00:00   1.1481e-01   3.1429e+01   7.4301e+00   0.0000e+00   3.3740e-04   4.0361e+02
20260426_19:00:00   1.1541e-01   3.1605e+01   7.5854e+00   0.0000e+00   3.6256e-03   4.0271e+02
20260426_20:00:00   1.1752e-01   3.2135e+01   7.9547e+00   0.0000e+00   9.3568e-03   4.0095e+02
20260426_21:00:00   1.1991e-01   3.2741e+01   8.3553e+00   1.5692e-05   1.4417e-02   3.9846e+02
20260426_22:00:00   1.2172e-01   3.3210e+01   8.6609e+00   0.0000e+00   1.5362e-02   3.9602e+02
20260426_23:00:00   1.2390e-01   3.3763e+01   8.9898e+00   0.0000e+00   2.5131e-02   3.9485e+02
20260427_00:00:00   1.2580e-01   3.4248e+01   9.2688e+00   0.0000e+00   2.2299e-02   3.9517e+02
20260427_01:00:00   1.2709e-01   3.4571e+01   9.4624e+00   0.0000e+00   1.8846e-02   3.9502e+02
20260427_02:00:00   1.2978e-01   3.5232e+01   9.8065e+00   0.0000e+00   1.9317e-02   3.9248e+02
20260427_03:00:00   1.3083e-01   3.5477e+01   9.9301e+00   0.0000e+00   2.6665e-02   3.8861e+02
20260427_04:00:00   1.3085e-01   3.5483e+01   9.9140e+00   0.0000e+00   1.6618e-03   3.8596e+02
20260427_05:00:00   1.3004e-01   3.5267e+01   9.8009e+00   0.0000e+00   9.0061e-04   3.8365e+02
20260427_06:00:00   1.3000e-01   3.5226e+01   9.7763e+00   0.0000e+00   9.0198e-04   3.8157e+02
20260427_07:00:00   1.3032e-01   3.5282e+01   9.7754e+00   0.0000e+00   2.1220e-03   3.8173e+02
20260427_08:00:00   1.3393e-01   3.6117e+01   1.0127e+01   0.0000e+00   1.6907e-03   3.8766e+02
20260427_09:00:00   1.3837e-01   3.7151e+01   1.0524e+01   0.0000e+00   4.2942e-04   3.9074e+02
20260427_10:00:00   1.4132e-01   3.7854e+01   1.0779e+01   0.0000e+00   2.2940e-05   3.8747e+02
20260427_11:00:00   1.4256e-01   3.8160e+01   1.0832e+01   0.0000e+00   1.1093e-05   3.8260e+02
20260427_12:00:00   1.4382e-01   3.8466e+01   1.0898e+01   0.0000e+00   5.1134e-06   3.8233e+02
20260427_13:00:00   1.4395e-01   3.8513e+01   1.0835e+01   0.0000e+00   5.1740e-07   3.8304e+02
20260427_14:00:00   1.4427e-01   3.8619e+01   1.0794e+01   0.0000e+00   0.0000e+00   3.8261e+02
20260427_15:00:00   1.4420e-01   3.8679e+01   1.0751e+01   0.0000e+00   0.0000e+00   3.8083e+02
20260427_16:00:00   1.4376e-01   3.8651e+01   1.0701e+01   0.0000e+00   0.0000e+00   3.7712e+02
20260427_17:00:00   1.4442e-01   3.8877e+01   1.0856e+01   0.0000e+00   0.0000e+00   3.7293e+02
20260427_18:00:00   1.4520e-01   3.9135e+01   1.1095e+01   0.0000e+00   0.0000e+00   3.7693e+02
20260427_19:00:00   1.4727e-01   3.9691e+01   1.1545e+01   0.0000e+00   7.8460e-06   3.8351e+02
20260427_20:00:00   1.4999e-01   4.0352e+01   1.2185e+01   0.0000e+00   1.2034e-03   3.8255e+02
20260427_21:00:00   1.5413e-01   4.1300e+01   1.2925e+01   3.6882e-04   1.1664e-02   3.8093e+02
20260427_22:00:00   1.6030e-01   4.2734e+01   1.3604e+01   2.7399e-03   1.9552e-02   3.7823e+02
20260427_23:00:00   1.6218e-01   4.3209e+01   1.4133e+01   1.5470e-03   2.0947e-02   3.7652e+02
20260428_00:00:00   1.6361e-01   4.3578e+01   1.4559e+01   3.9255e-05   1.2687e-02   3.7170e+02
20260428_01:00:00   1.6731e-01   4.4457e+01   1.5043e+01   1.3096e-04   8.0534e-03   3.6899e+02
20260428_02:00:00   1.7172e-01   4.5497e+01   1.5487e+01   6.1200e-04   9.2033e-03   3.6834e+02
20260428_03:00:00   1.7162e-01   4.5447e+01   1.5560e+01   0.0000e+00   1.6918e-02   3.6749e+02
20260428_04:00:00   1.7025e-01   4.5048e+01   1.5469e+01   0.0000e+00   7.8809e-02   3.6980e+02
20260428_05:00:00   1.7005e-01   4.4891e+01   1.5485e+01   0.0000e+00   1.5591e-01   3.7071e+02
20260428_06:00:00   1.7346e-01   4.5582e+01   1.5826e+01   0.0000e+00   2.6306e-01   3.6958e+02
20260428_07:00:00   1.7840e-01   4.6662e+01   1.6300e+01   0.0000e+00   2.9117e-01   3.6757e+02
20260428_08:00:00   1.8437e-01   4.7971e+01   1.6853e+01   0.0000e+00   2.9140e-01   3.6375e+02
20260428_09:00:00   1.9025e-01   4.9258e+01   1.7411e+01   0.0000e+00   2.6090e-01   3.6347e+02
20260428_10:00:00   1.9509e-01   5.0307e+01   1.7896e+01   0.0000e+00   1.6206e-01   3.5999e+02
20260428_11:00:00   2.0064e-01   5.1486e+01   1.8302e+01   0.0000e+00   2.7880e-01   3.5588e+02
20260428_12:00:00   2.0329e-01   5.2050e+01   1.8517e+01   0.0000e+00   1.6088e-01   3.5478e+02
20260428_13:00:00   2.0379e-01   5.2130e+01   1.8445e+01   1.0348e-05   1.6591e-01   3.5456e+02
20260428_14:00:00   2.0291e-01   5.1954e+01   1.8181e+01   8.6560e-04   5.2151e-02   3.5524e+02
20260428_15:00:00   2.0982e-01   5.3500e+01   1.7763e+01   1.1325e-02   4.4682e-02   3.5450e+02
20260428_16:00:00   2.1679e-01   5.5051e+01   1.7601e+01   2.0037e-02   3.8967e-02   3.5412e+02
20260428_17:00:00   1.9860e-01   5.1142e+01   1.7295e+01   2.4226e-03   9.8939e-03   3.5590e+02
20260428_18:00:00   2.0038e-01   5.1605e+01   1.6873e+01   9.2151e-03   7.1994e-03   3.5784e+02
20260428_19:00:00   2.1078e-01   5.3879e+01   1.6775e+01   2.2241e-02   5.4837e-02   3.5886e+02
20260428_20:00:00   2.2169e-01   5.6304e+01   1.6830e+01   3.3885e-02   7.1685e-02   3.5934e+02
20260428_21:00:00   2.2764e-01   5.7682e+01   1.7127e+01   3.7203e-02   8.0539e-02   3.5960e+02
20260428_22:00:00   2.2861e-01   5.7989e+01   1.7509e+01   3.3701e-02   1.0176e-01   3.6150e+02
20260428_23:00:00   2.5714e-01   6.3918e+01   1.7765e+01   6.2511e-02   1.4217e-01   3.6150e+02
20260429_00:00:00   2.8415e-01   6.9506e+01   1.8081e+01   8.8675e-02   2.0081e-01   3.6175e+02
20260429_01:00:00   3.3646e-01   8.0001e+01   1.7978e+01   1.4881e-01   1.7564e-01   3.6425e+02
20260429_02:00:00   1.9825e-01   5.1371e+01   1.7232e+01   7.9085e-04   8.3783e-02   3.6387e+02
20260429_03:00:00   2.0131e-01   5.2027e+01   1.7192e+01   3.8800e-03   5.2653e-02   3.6384e+02
20260429_04:00:00   1.9526e-01   5.0748e+01   1.6810e+01   0.0000e+00   3.8259e-03   3.6444e+02
20260429_05:00:00   1.9307e-01   5.0302e+01   1.6304e+01   0.0000e+00   1.2414e-04   3.6440e+02
20260429_06:00:00   1.9365e-01   5.0415e+01   1.6160e+01   0.0000e+00   1.1776e-04   3.6473e+02
20260429_09:00:00   1.8846e-01   4.9093e+01   1.5583e+01   0.0000e+00   2.5100e-06   3.6453e+02
20260429_12:00:00   1.7910e-01   4.6929e+01   1.4297e+01   0.0000e+00   0.0000e+00   3.6601e+02
20260429_15:00:00   1.7612e-01   4.6243e+01   1.3913e+01   5.8200e-06   0.0000e+00   3.6937e+02
20260429_18:00:00   1.6277e-01   4.3403e+01   1.2805e+01   0.0000e+00   1.7832e-05   3.7195e+02
20260429_21:00:00   1.5657e-01   4.2151e+01   1.2456e+01   8.0939e-04   1.5046e-04   3.7520e+02
20260430_00:00:00   1.5595e-01   4.2171e+01   1.2769e+01   4.4280e-05   3.2814e-05   3.7758e+02
20260430_03:00:00   1.6620e-01   4.4670e+01   1.3648e+01   0.0000e+00   5.1740e-07   3.7168e+02
20260430_06:00:00   1.6821e-01   4.5062e+01   1.3645e+01   0.0000e+00   0.0000e+00   3.6225e+02
20260430_09:00:00   1.6433e-01   4.4099e+01   1.3122e+01   0.0000e+00   0.0000e+00   3.5726e+02
20260430_12:00:00   1.5731e-01   4.2400e+01   1.2208e+01   0.0000e+00   0.0000e+00   3.5514e+02
20260430_15:00:00   1.5220e-01   4.1258e+01   1.1581e+01   0.0000e+00   0.0000e+00   3.5196e+02
20260430_18:00:00   1.4092e-01   3.8849e+01   1.0576e+01   0.0000e+00   0.0000e+00   3.4978e+02
20260430_21:00:00   1.2386e-01   3.4779e+01   9.0292e+00   0.0000e+00   0.0000e+00   3.4690e+02
20260501_00:00:00   1.1953e-01   3.3793e+01   8.7383e+00   0.0000e+00   0.0000e+00   3.4563e+02
20260501_03:00:00   1.2560e-01   3.5259e+01   9.6381e+00   0.0000e+00   1.7616e-04   3.4406e+02
20260501_06:00:00   1.3344e-01   3.7097e+01   1.0483e+01   0.0000e+00   1.9052e-03   3.4320e+02
20260501_09:00:00   1.3313e-01   3.6983e+01   1.0224e+01   0.0000e+00   7.5169e-03   3.4482e+02
20260501_12:00:00   1.4021e-01   3.8639e+01   1.0923e+01   0.0000e+00   1.3377e-02   3.5095e+02
20260501_15:00:00   1.5312e-01   4.1684e+01   1.2454e+01   0.0000e+00   1.6359e-02   3.5740e+02
20260501_18:00:00   1.5634e-01   4.2668e+01   1.2692e+01   0.0000e+00   1.2934e-06   3.6427e+02
20260501_21:00:00   1.7593e-01   4.7511e+01   1.5478e+01   0.0000e+00   1.0207e-03   3.5631e+02
20260502_00:00:00   1.7498e-01   4.7326e+01   1.6018e+01   0.0000e+00   2.6604e-02   3.4647e+02
20260502_03:00:00   1.7001e-01   4.6157e+01   1.5219e+01   0.0000e+00   3.5756e-02   3.4434e+02
20260502_06:00:00   1.6558e-01   4.4955e+01   1.4546e+01   0.0000e+00   1.7862e-02   3.4443e+02
20260502_09:00:00   1.6701e-01   4.5107e+01   1.4390e+01   0.0000e+00   9.7315e-03   3.5016e+02
20260502_12:00:00   1.7690e-01   4.7239e+01   1.5557e+01   0.0000e+00   8.2837e-03   3.6540e+02
20260502_15:00:00   1.8196e-01   4.8373e+01   1.5929e+01   0.0000e+00   6.9723e-03   3.6192e+02
20260502_18:00:00   1.8311e-01   4.8848e+01   1.6078e+01   0.0000e+00   2.0870e-02   3.6625e+02
20260502_21:00:00   1.8176e-01   4.8793e+01   1.6091e+01   0.0000e+00   1.9619e-02   3.6743e+02
20260503_00:00:00   1.6908e-01   4.5841e+01   1.5005e+01   0.0000e+00   3.3546e-02   3.7108e+02
20260503_03:00:00   1.6531e-01   4.4877e+01   1.4594e+01   0.0000e+00   3.9158e-02   3.7332e+02
20260503_06:00:00   1.6414e-01   4.4411e+01   1.4710e+01   0.0000e+00   3.7994e-02   3.7539e+02
20260503_09:00:00   1.8561e-01   4.9085e+01   1.7701e+01   0.0000e+00   8.8086e-02   3.8206e+02
20260503_12:00:00   1.9180e-01   5.0544e+01   1.7657e+01   0.0000e+00   5.1036e-03   3.8853e+02
20260503_15:00:00   2.0433e-01   5.3349e+01   1.8678e+01   0.0000e+00   3.9003e-03   3.9681e+02
20260503_18:00:00   2.0954e-01   5.4624e+01   1.9518e+01   2.9820e-04   1.4812e-03   4.0125e+02
20260503_21:00:00   4.1149e-01   9.4188e+01   2.0422e+01   2.2043e-01   2.6517e-02   4.0570e+02
20260504_00:00:00   5.6565e-01   1.1920e+02   2.3377e+01   3.5415e-01   6.4837e-01   3.9876e+02
20260504_03:00:00   2.4006e-01   6.1119e+01   2.2224e+01   5.1000e-05   9.4601e-02   3.9346e+02
20260504_06:00:00   2.3385e-01   5.9761e+01   2.1986e+01   0.0000e+00   6.6263e-04   3.8228e+02
20260504_09:00:00   2.1640e-01   5.5905e+01   2.0123e+01   0.0000e+00   3.7600e-05   3.7675e+02
20260504_12:00:00   1.9558e-01   5.1330e+01   1.7437e+01   0.0000e+00   0.0000e+00   3.7467e+02
20260504_15:00:00   1.8783e-01   4.9714e+01   1.6533e+01   0.0000e+00   0.0000e+00   3.6471e+02
20260504_18:00:00   1.8329e-01   4.8929e+01   1.6489e+01   0.0000e+00   0.0000e+00   3.5511e+02
20260504_21:00:00   1.8589e-01   4.9743e+01   1.7258e+01   0.0000e+00   1.3348e-04   3.5175e+02
20260505_00:00:00   1.9364e-01   5.1652e+01   1.8569e+01   0.0000e+00   1.0628e-04   3.4949e+02
20260505_03:00:00   2.0110e-01   5.3247e+01   1.9616e+01   4.4380e-04   1.9360e-03   3.4612e+02
20260505_06:00:00   2.1406e-01   5.5982e+01   2.0926e+01   5.7240e-04   2.8257e-03   3.4448e+02
20260505_09:00:00   2.1627e-01   5.6307e+01   2.0931e+01   0.0000e+00   1.8424e-04   3.4261e+02
20260505_12:00:00   2.1820e-01   5.6601e+01   2.0917e+01   0.0000e+00   4.0850e-04   3.4187e+02
20260505_15:00:00   2.2612e-01   5.8267e+01   2.2002e+01   0.0000e+00   7.7774e-04   3.4184e+02
20260505_18:00:00   2.2442e-01   5.8015e+01   2.2316e+01   0.0000e+00   2.4953e-02   3.4052e+02
20260505_21:00:00   2.0570e-01   5.3880e+01   2.0801e+01   0.0000e+00   1.0072e-01   3.4117e+02
20260506_00:00:00   1.8516e-01   4.9286e+01   1.8560e+01   0.0000e+00   3.3480e-05   3.4377e+02
20260506_03:00:00   1.6467e-01   4.4665e+01   1.5455e+01   0.0000e+00   3.7297e-03   3.4506e+02
20260506_06:00:00   1.4286e-01   3.9545e+01   1.1306e+01   0.0000e+00   3.5219e-03   3.4861e+02
20260506_09:00:00   1.4406e-01   3.9596e+01   1.0666e+01   0.0000e+00   3.5560e-05   3.7068e+02
20260506_12:00:00   1.3241e-01   3.6399e+01   8.7641e+00   0.0000e+00   0.0000e+00   3.9747e+02
20260506_15:00:00   9.8285e-02   2.7748e+01   4.8724e+00   0.0000e+00   0.0000e+00   4.0272e+02
20260506_18:00:00   1.1025e-01   3.0697e+01   7.0325e+00   0.0000e+00   0.0000e+00   3.8249e+02
20260506_21:00:00   1.1114e-01   3.1037e+01   7.6529e+00   0.0000e+00   9.8700e-05   3.7543e+02
20260507_00:00:00   1.1676e-01   3.2479e+01   8.7014e+00   0.0000e+00   0.0000e+00   3.6398e+02
20260507_03:00:00   1.2501e-01   3.4505e+01   9.7185e+00   0.0000e+00   0.0000e+00   3.6550e+02
20260507_06:00:00   1.2547e-01   3.4529e+01   9.5476e+00   0.0000e+00   1.5862e-03   3.6115e+02
20260507_09:00:00   1.3003e-01   3.5529e+01   9.8419e+00   0.0000e+00   2.0720e-05   3.5411e+02
20260507_12:00:00   1.3299e-01   3.6128e+01   1.0171e+01   0.0000e+00   2.6813e-05   3.5555e+02
20260507_15:00:00   1.2767e-01   3.4968e+01   9.1083e+00   0.0000e+00   0.0000e+00   3.6051e+02
20260507_18:00:00   1.2700e-01   3.4925e+01   9.2416e+00   0.0000e+00   0.0000e+00   3.7346e+02
20260507_21:00:00   1.2669e-01   3.4947e+01   9.4741e+00   0.0000e+00   0.0000e+00   3.7956e+02
20260508_00:00:00   1.2491e-01   3.4704e+01   9.2878e+00   0.0000e+00   0.0000e+00   3.8665e+02
20260508_03:00:00   1.2899e-01   3.5688e+01   9.9579e+00   0.0000e+00   0.0000e+00   3.8449e+02
20260508_06:00:00   1.3073e-01   3.6004e+01   1.0205e+01   0.0000e+00   0.0000e+00   3.8535e+02
20260508_09:00:00   1.3908e-01   3.7830e+01   1.1101e+01   0.0000e+00   0.0000e+00   3.8863e+02
20260508_12:00:00   1.3953e-01   3.7818e+01   1.1069e+01   0.0000e+00   1.1540e-02   3.9099e+02
20260508_15:00:00   1.3575e-01   3.6948e+01   1.0523e+01   0.0000e+00   2.0729e-02   3.9621e+02
20260508_18:00:00   1.2378e-01   3.4177e+01   9.0702e+00   0.0000e+00   2.1897e-02   4.0292e+02
20260508_21:00:00   1.2562e-01   3.4794e+01   9.4167e+00   0.0000e+00   1.3288e-03   4.0122e+02
20260509_00:00:00   1.2671e-01   3.5133e+01   9.7962e+00   0.0000e+00   3.1380e-05   4.0082e+02
20260509_03:00:00   1.1084e-01   3.1250e+01   7.5736e+00   0.0000e+00   0.0000e+00   3.9728e+02
20260509_06:00:00   1.0857e-01   3.0651e+01   6.9716e+00   0.0000e+00   0.0000e+00   4.0055e+02
20260509_09:00:00   1.0638e-01   3.0033e+01   6.5091e+00   0.0000e+00   0.0000e+00   3.8793e+02
20260509_12:00:00   1.0405e-01   2.9366e+01   6.1819e+00   0.0000e+00   4.8617e-03   3.8793e+02
20260509_15:00:00   1.0533e-01   2.9739e+01   6.3842e+00   0.0000e+00   1.2328e-03   3.9144e+02
20260509_18:00:00   1.0712e-01   3.0354e+01   6.8564e+00   0.0000e+00   2.2556e-03   3.9190e+02
20260509_21:00:00   1.1542e-01   3.2543e+01   8.3434e+00   0.0000e+00   5.1757e-03   3.8045e+02
20260510_00:00:00   1.4272e-01   3.9323e+01   1.2512e+01   0.0000e+00   4.2999e-03   3.6714e+02
20260510_03:00:00   1.6997e-01   4.5769e+01   1.6387e+01   5.8060e-05   4.9348e-02   3.6758e+02
20260510_06:00:00   1.6816e-01   4.5192e+01   1.6189e+01   0.0000e+00   5.8364e-03   3.6273e+02
