#            date       tau255        Tb[K]      pwv[mm] lwp[kg*m^-2] iwp[kg*m^-2]       o3[DU]
20260602_18:00:00   2.2966e-01   5.9120e+01   2.3089e+01   2.7460e-05   2.7166e-03   3.4111e+02
20260602_19:00:00   2.2880e-01   5.8995e+01   2.3241e+01   3.9240e-05   2.9818e-03   3.4125e+02
20260602_20:00:00   2.2677e-01   5.8599e+01   2.3270e+01   0.0000e+00   7.2326e-03   3.4063e+02
20260602_21:00:00   2.2721e-01   5.8741e+01   2.3473e+01   1.4284e-06   7.0811e-03   3.4198e+02
20260602_22:00:00   2.2768e-01   5.8914e+01   2.3610e+01   0.0000e+00   1.1426e-02   3.4236e+02
20260602_23:00:00   2.2702e-01   5.8838e+01   2.3619e+01   1.5520e-05   1.1096e-02   3.4352e+02
20260603_00:00:00   2.2598e-01   5.8675e+01   2.3568e+01   0.0000e+00   4.9861e-03   3.4343e+02
20260603_01:00:00   2.2603e-01   5.8734e+01   2.3551e+01   0.0000e+00   3.4033e-03   3.4166e+02
20260603_02:00:00   2.2800e-01   5.9207e+01   2.3704e+01   0.0000e+00   2.6850e-03   3.4245e+02
20260603_03:00:00   2.3324e-01   6.0421e+01   2.4088e+01   0.0000e+00   3.0143e-03   3.4486e+02
20260603_04:00:00   2.3905e-01   6.1711e+01   2.4403e+01   0.0000e+00   8.9823e-04   3.4792e+02
20260603_05:00:00   2.4416e-01   6.2819e+01   2.4661e+01   0.0000e+00   1.4284e-05   3.5071e+02
20260603_06:00:00   2.4394e-01   6.2767e+01   2.4420e+01   0.0000e+00   3.5520e-06   3.4915e+02
20260603_07:00:00   2.4067e-01   6.2057e+01   2.3838e+01   0.0000e+00   4.4405e-04   3.4702e+02
20260603_08:00:00   2.3557e-01   6.0958e+01   2.2917e+01   0.0000e+00   3.8583e-03   3.4990e+02
20260603_09:00:00   2.2678e-01   5.9077e+01   2.1440e+01   0.0000e+00   8.0829e-03   3.4925e+02
20260603_10:00:00   2.2175e-01   5.7967e+01   2.0442e+01   0.0000e+00   3.1422e-02   3.4290e+02
20260603_11:00:00   2.2286e-01   5.8146e+01   2.0537e+01   0.0000e+00   1.5026e-02   3.3841e+02
20260603_12:00:00   2.2306e-01   5.8141e+01   2.0716e+01   0.0000e+00   1.6982e-02   3.3879e+02
20260603_13:00:00   2.2765e-01   5.9051e+01   2.1480e+01   0.0000e+00   2.6185e-02   3.4149e+02
20260603_14:00:00   2.3729e-01   6.1047e+01   2.3027e+01   0.0000e+00   6.8191e-02   3.4544e+02
20260603_15:00:00   2.4555e-01   6.2757e+01   2.4285e+01   0.0000e+00   1.6454e-01   3.4615e+02
20260603_16:00:00   2.5495e-01   6.4721e+01   2.5463e+01   0.0000e+00   2.4831e-01   3.4880e+02
20260603_17:00:00   2.5801e-01   6.5413e+01   2.5826e+01   0.0000e+00   1.2856e-01   3.5348e+02
20260603_18:00:00   2.5702e-01   6.5319e+01   2.5710e+01   0.0000e+00   1.7933e-01   3.5770e+02
20260603_19:00:00   2.5511e-01   6.4992e+01   2.5624e+01   0.0000e+00   1.7732e-01   3.6316e+02
20260603_20:00:00   3.2250e-01   7.8830e+01   2.7104e+01   6.2960e-02   3.6171e-02   3.6681e+02
20260603_21:00:00   5.3328e-01   1.1629e+02   2.8243e+01   2.8866e-01   6.0965e-02   3.7620e+02
20260603_22:00:00   3.2137e-01   7.8434e+01   2.7819e+01   4.8501e-02   9.2956e-02   3.8495e+02
20260603_23:00:00   2.7512e-01   6.9037e+01   2.7205e+01   4.2554e-03   1.5145e-01   3.8813e+02
20260604_00:00:00   2.7725e-01   6.9463e+01   2.6806e+01   9.2872e-03   4.7318e-02   3.8412e+02
20260604_01:00:00   2.7870e-01   6.9788e+01   2.6695e+01   9.0465e-03   3.8684e-03   3.6979e+02
20260604_02:00:00   2.6831e-01   6.7552e+01   2.5445e+01   7.8787e-03   3.1020e-03   3.6394e+02
20260604_03:00:00   2.7641e-01   6.9154e+01   2.3732e+01   3.2656e-02   1.7637e-04   3.6213e+02
20260604_04:00:00   2.6496e-01   6.6772e+01   2.1620e+01   3.7360e-02   7.6941e-05   3.6272e+02
20260604_05:00:00   2.9755e-01   7.3344e+01   2.0346e+01   8.2802e-02   2.3160e-04   3.6252e+02
20260604_06:00:00   3.0308e-01   7.4333e+01   1.9706e+01   9.2976e-02   6.6741e-04   3.5710e+02
20260604_07:00:00   2.7729e-01   6.9086e+01   1.9410e+01   6.6201e-02   4.9266e-04   3.5287e+02
20260604_08:00:00   2.3902e-01   6.1025e+01   1.8861e+01   2.8880e-02   3.3134e-04   3.5292e+02
20260604_09:00:00   2.0756e-01   5.4181e+01   1.7961e+01   2.7948e-03   9.5870e-05   3.5544e+02
20260604_10:00:00   1.9814e-01   5.2025e+01   1.7170e+01   0.0000e+00   2.7120e-06   3.5430e+02
20260604_11:00:00   1.9406e-01   5.1058e+01   1.6672e+01   0.0000e+00   0.0000e+00   3.5366e+02
20260604_12:00:00   1.9070e-01   5.0269e+01   1.6246e+01   0.0000e+00   0.0000e+00   3.5642e+02
20260604_13:00:00   1.8562e-01   4.9101e+01   1.5638e+01   0.0000e+00   0.0000e+00   3.5740e+02
20260604_14:00:00   1.8244e-01   4.8405e+01   1.5343e+01   1.0656e-05   2.8420e-06   3.5838e+02
20260604_15:00:00   1.7991e-01   4.7878e+01   1.5082e+01   5.4120e-04   7.1040e-06   3.5947e+02
20260604_16:00:00   1.7677e-01   4.7195e+01   1.4909e+01   0.0000e+00   0.0000e+00   3.5629e+02
20260604_17:00:00   1.7612e-01   4.7086e+01   1.4982e+01   6.3940e-05   1.9382e-06   3.5634e+02
20260604_18:00:00   1.7651e-01   4.7253e+01   1.5131e+01   0.0000e+00   5.1740e-07   3.5974e+02
20260604_19:00:00   1.7551e-01   4.7128e+01   1.5069e+01   1.1640e-05   0.0000e+00   3.5946e+02
20260604_20:00:00   1.7531e-01   4.7180e+01   1.5157e+01   0.0000e+00   0.0000e+00   3.5910e+02
20260604_21:00:00   1.7513e-01   4.7180e+01   1.5420e+01   0.0000e+00   0.0000e+00   3.5550e+02
20260604_22:00:00   1.7348e-01   4.6821e+01   1.5494e+01   0.0000e+00   0.0000e+00   3.5306e+02
20260604_23:00:00   1.7402e-01   4.6925e+01   1.5980e+01   0.0000e+00   2.2036e-04   3.4934e+02
20260605_00:00:00   1.7055e-01   4.6099e+01   1.5874e+01   0.0000e+00   1.5584e-03   3.4692e+02
20260605_01:00:00   1.6581e-01   4.4893e+01   1.5742e+01   0.0000e+00   1.9353e-03   3.4640e+02
20260605_02:00:00   1.6260e-01   4.4092e+01   1.5526e+01   0.0000e+00   4.0857e-03   3.4573e+02
20260605_03:00:00   1.6650e-01   4.4965e+01   1.6066e+01   0.0000e+00   5.7336e-03   3.4553e+02
20260605_04:00:00   1.6739e-01   4.5087e+01   1.6111e+01   0.0000e+00   1.2042e-02   3.4712e+02
20260605_05:00:00   1.6172e-01   4.3683e+01   1.5223e+01   0.0000e+00   1.0355e-01   3.5257e+02
20260605_06:00:00   1.6309e-01   4.3881e+01   1.5467e+01   0.0000e+00   1.3859e-01   3.5624e+02
20260605_07:00:00   1.6714e-01   4.4770e+01   1.5918e+01   0.0000e+00   6.7947e-02   3.5668e+02
20260605_08:00:00   1.7057e-01   4.5547e+01   1.6121e+01   0.0000e+00   2.5204e-02   3.5537e+02
20260605_09:00:00   1.7175e-01   4.5794e+01   1.5992e+01   0.0000e+00   1.0130e-02   3.5546e+02
20260605_10:00:00   1.6785e-01   4.4875e+01   1.5239e+01   0.0000e+00   4.1419e-03   3.5762e+02
20260605_11:00:00   1.6662e-01   4.4558e+01   1.4961e+01   0.0000e+00   9.2532e-04   3.6116e+02
20260605_12:00:00   1.6675e-01   4.4531e+01   1.4764e+01   0.0000e+00   4.2960e-05   3.6094e+02
20260605_13:00:00   1.6842e-01   4.4855e+01   1.4910e+01   0.0000e+00   1.7799e-03   3.6205e+02
20260605_14:00:00   1.7063e-01   4.5330e+01   1.5192e+01   0.0000e+00   5.3222e-03   3.6291e+02
20260605_15:00:00   1.7141e-01   4.5532e+01   1.5309e+01   0.0000e+00   8.8900e-04   3.6514e+02
20260605_16:00:00   1.7028e-01   4.5328e+01   1.5182e+01   0.0000e+00   2.1601e-04   3.6662e+02
20260605_17:00:00   1.6553e-01   4.4263e+01   1.4669e+01   0.0000e+00   6.2760e-06   3.6642e+02
20260605_18:00:00   1.6420e-01   4.3956e+01   1.4637e+01   0.0000e+00   3.1380e-06   3.6739e+02
20260605_19:00:00   1.6584e-01   4.4325e+01   1.4865e+01   4.1580e-04   4.4237e-04   3.6995e+02
20260605_20:00:00   1.6797e-01   4.4873e+01   1.4945e+01   1.4416e-03   7.0030e-04   3.7268e+02
20260605_21:00:00   1.7830e-01   4.7212e+01   1.5069e+01   1.1750e-02   9.6761e-03   3.7581e+02
20260605_22:00:00   1.5670e-01   4.2274e+01   1.3789e+01   1.9616e-04   5.9143e-03   3.8054e+02
20260605_23:00:00   1.4034e-01   3.8376e+01   1.1436e+01   2.8579e-03   2.9453e-03   3.8367e+02
20260606_00:00:00   1.3176e-01   3.6327e+01   1.0582e+01   8.3640e-04   9.8016e-03   3.8461e+02
20260606_01:00:00   1.2884e-01   3.5614e+01   1.0244e+01   5.3920e-05   2.2762e-03   3.8555e+02
20260606_02:00:00   1.2998e-01   3.5885e+01   1.0269e+01   0.0000e+00   6.7901e-04   3.8772e+02
20260606_03:00:00   1.3020e-01   3.5952e+01   1.0068e+01   0.0000e+00   1.6852e-05   3.8584e+02
20260606_04:00:00   1.2943e-01   3.5687e+01   9.8066e+00   0.0000e+00   3.3280e-05   3.8495e+02
20260606_05:00:00   1.3307e-01   3.6465e+01   1.0188e+01   0.0000e+00   2.2560e-04   3.8501e+02
20260606_06:00:00   1.3657e-01   3.7224e+01   1.0482e+01   0.0000e+00   3.9062e-03   3.8573e+02
20260606_07:00:00   1.3871e-01   3.7690e+01   1.0559e+01   0.0000e+00   3.4919e-03   3.8876e+02
20260606_08:00:00   1.4107e-01   3.8192e+01   1.0721e+01   0.0000e+00   1.7019e-03   3.9075e+02
20260606_09:00:00   1.4325e-01   3.8659e+01   1.0871e+01   0.0000e+00   3.9384e-05   3.9188e+02
20260606_10:00:00   1.4494e-01   3.9011e+01   1.0936e+01   0.0000e+00   0.0000e+00   3.9271e+02
20260606_11:00:00   1.4567e-01   3.9148e+01   1.0889e+01   0.0000e+00   0.0000e+00   3.9326e+02
20260606_12:00:00   1.4730e-01   3.9480e+01   1.1021e+01   0.0000e+00   0.0000e+00   3.9423e+02
20260606_13:00:00   1.4913e-01   3.9857e+01   1.1266e+01   0.0000e+00   0.0000e+00   3.9582e+02
20260606_14:00:00   1.5023e-01   4.0107e+01   1.1453e+01   0.0000e+00   1.6830e-04   4.0020e+02
20260606_15:00:00   1.5025e-01   4.0145e+01   1.1464e+01   0.0000e+00   2.7220e-04   4.0693e+02
20260606_16:00:00   1.5044e-01   4.0245e+01   1.1438e+01   0.0000e+00   0.0000e+00   4.0854e+02
20260606_17:00:00   1.4990e-01   4.0171e+01   1.1487e+01   0.0000e+00   0.0000e+00   4.0649e+02
20260606_18:00:00   1.4927e-01   4.0060e+01   1.1576e+01   0.0000e+00   1.0357e-04   4.0629e+02
20260606_19:00:00   1.4673e-01   3.9477e+01   1.1466e+01   4.1980e-04   7.3653e-04   4.0520e+02
20260606_20:00:00   1.4194e-01   3.8333e+01   1.1030e+01   1.2240e-03   2.6073e-03   4.0372e+02
20260606_21:00:00   1.4472e-01   3.8884e+01   1.0687e+01   9.0900e-03   3.8182e-02   4.0317e+02
20260606_22:00:00   1.3763e-01   3.7281e+01   1.0768e+01   9.8590e-04   3.0653e-02   4.0287e+02
20260606_23:00:00   1.4032e-01   3.7935e+01   1.1227e+01   1.2586e-05   1.6666e-02   4.0355e+02
20260607_00:00:00   1.4615e-01   3.9328e+01   1.1908e+01   0.0000e+00   1.9245e-02   4.0824e+02
20260607_01:00:00   1.4469e-01   3.8988e+01   1.1727e+01   0.0000e+00   1.0088e-02   4.1158e+02
20260607_02:00:00   1.4412e-01   3.8854e+01   1.1640e+01   0.0000e+00   2.5711e-03   4.1542e+02
20260607_03:00:00   1.5866e-01   4.2268e+01   1.3036e+01   4.9740e-05   3.4992e-02   4.1755e+02
20260607_04:00:00   1.6397e-01   4.3415e+01   1.3402e+01   0.0000e+00   7.9886e-04   4.1814e+02
20260607_05:00:00   1.5945e-01   4.2322e+01   1.2833e+01   0.0000e+00   1.7020e-03   4.1920e+02
20260607_06:00:00   1.5673e-01   4.1641e+01   1.2430e+01   8.7380e-04   1.2735e-03   4.1850e+02
20260607_07:00:00   1.5490e-01   4.1177e+01   1.2286e+01   8.8810e-06   7.9510e-03   4.1785e+02
20260607_08:00:00   1.5441e-01   4.0974e+01   1.2135e+01   1.1370e-03   7.0529e-03   4.1550e+02
20260607_09:00:00   1.5392e-01   4.0815e+01   1.2128e+01   5.7210e-05   2.3130e-02   4.1407e+02
20260607_10:00:00   1.5564e-01   4.1145e+01   1.2293e+01   2.1310e-05   4.4887e-02   4.1443e+02
20260607_11:00:00   1.5633e-01   4.1253e+01   1.2333e+01   0.0000e+00   3.0061e-02   4.1388e+02
20260607_12:00:00   1.5606e-01   4.1159e+01   1.2229e+01   0.0000e+00   1.8193e-02   4.1217e+02
20260607_13:00:00   1.5398e-01   4.0685e+01   1.1919e+01   0.0000e+00   4.7759e-03   4.0962e+02
20260607_14:00:00   1.4822e-01   3.9399e+01   1.1235e+01   0.0000e+00   5.6613e-04   4.1050e+02
20260607_15:00:00   1.4362e-01   3.8396e+01   1.0715e+01   0.0000e+00   2.5082e-05   4.1314e+02
20260607_16:00:00   1.3960e-01   3.7522e+01   1.0280e+01   0.0000e+00   0.0000e+00   4.1420e+02
20260607_17:00:00   1.3754e-01   3.7130e+01   1.0082e+01   0.0000e+00   0.0000e+00   4.1513e+02
20260607_18:00:00   1.3853e-01   3.7450e+01   1.0269e+01   0.0000e+00   0.0000e+00   4.1653e+02
20260607_21:00:00   1.4524e-01   3.9108e+01   1.1842e+01   3.7660e-04   3.0187e-03   4.1250e+02
20260608_00:00:00   1.5520e-01   4.1522e+01   1.3712e+01   1.9998e-05   1.1993e-02   4.0102e+02
20260608_03:00:00   1.5653e-01   4.1960e+01   1.4041e+01   0.0000e+00   4.5795e-03   3.9439e+02
20260608_06:00:00   1.4664e-01   3.9694e+01   1.2487e+01   0.0000e+00   0.0000e+00   3.8048e+02
20260608_09:00:00   1.3053e-01   3.5913e+01   9.9700e+00   0.0000e+00   2.4139e-04   3.7959e+02
20260608_12:00:00   1.3394e-01   3.6620e+01   1.0471e+01   0.0000e+00   1.6909e-02   3.7360e+02
20260608_15:00:00   1.7125e-01   4.5019e+01   1.6259e+01   0.0000e+00   9.9692e-02   3.7274e+02
20260608_18:00:00   1.7971e-01   4.7052e+01   1.7596e+01   0.0000e+00   2.1944e-01   3.7148e+02
20260608_21:00:00   1.8853e-01   4.9174e+01   1.8832e+01   0.0000e+00   1.8496e-01   3.7021e+02
20260609_00:00:00   2.1656e-01   5.5592e+01   2.0822e+01   1.2120e-02   2.3163e-01   3.7346e+02
20260609_03:00:00   2.5419e-01   6.3803e+01   2.2534e+01   3.0959e-02   3.1971e-01   3.7294e+02
20260609_06:00:00   5.3871e-01   1.1616e+02   2.3331e+01   3.4093e-01   2.1592e-02   3.7607e+02
20260609_09:00:00   6.0549e-01   1.2622e+02   2.1183e+01   4.3157e-01   2.9026e-03   3.7451e+02
20260609_12:00:00   2.8128e-01   6.9526e+01   2.1077e+01   6.4380e-02   7.4143e-04   3.7769e+02
20260609_15:00:00   3.3733e-01   8.0723e+01   2.2023e+01   1.1682e-01   1.2636e-03   3.8225e+02
20260609_18:00:00   3.9163e-01   9.1180e+01   2.2988e+01   1.6802e-01   5.7579e-03   3.8143e+02
20260609_21:00:00   2.4448e-01   6.2457e+01   2.3122e+01   5.8402e-03   1.1699e-02   3.8278e+02
20260610_00:00:00   2.2758e-01   5.9071e+01   2.2155e+01   1.9552e-04   2.2610e-03   3.8797e+02
20260610_03:00:00   2.3378e-01   6.0469e+01   2.2446e+01   3.1460e-03   2.8420e-06   3.8245e+02
20260610_06:00:00   2.3198e-01   5.9967e+01   2.2311e+01   2.1716e-03   4.8217e-05   3.7967e+02
20260610_09:00:00   2.3892e-01   6.1370e+01   2.1671e+01   1.2232e-02   2.5978e-05   3.7749e+02
20260610_12:00:00   2.2415e-01   5.8053e+01   2.0748e+01   0.0000e+00   3.6262e-05   3.7134e+02
20260610_15:00:00   2.4740e-01   6.2937e+01   2.1557e+01   1.8360e-02   1.8071e-02   3.6951e+02
20260610_18:00:00   2.2966e-01   5.9248e+01   2.2242e+01   0.0000e+00   3.7953e-02   3.6498e+02
20260610_21:00:00   2.2243e-01   5.7752e+01   2.0907e+01   1.1988e-02   9.2964e-03   3.7063e+02
20260611_00:00:00   3.4277e-01   8.2020e+01   2.1159e+01   1.4510e-01   9.7538e-03   3.8850e+02
20260611_03:00:00   2.4293e-01   6.2232e+01   2.1389e+01   2.3025e-02   4.0857e-03   3.9696e+02
20260611_06:00:00   3.3952e-01   8.1162e+01   2.1481e+01   1.2492e-01   1.3096e-02   3.9613e+02
20260611_09:00:00   2.2203e-01   5.7297e+01   2.0241e+01   4.3940e-04   1.0919e-05   3.9407e+02
20260611_12:00:00   3.2827e-01   7.8845e+01   2.0369e+01   1.1538e-01   9.7662e-04   3.9291e+02
20260611_15:00:00   5.7947e-01   1.2218e+02   2.0876e+01   3.9315e-01   5.3707e-03   3.8890e+02
20260611_18:00:00   5.1204e-01   1.1138e+02   2.0371e+01   3.2269e-01   3.6675e-03   3.8748e+02
20260611_21:00:00   2.5220e-01   6.3580e+01   2.0915e+01   2.9097e-02   5.1533e-04   3.8718e+02
20260612_00:00:00   2.8530e-01   7.0336e+01   2.1791e+01   6.2930e-02   1.7652e-02   3.8794e+02
20260612_03:00:00   3.3268e-01   7.9892e+01   2.1676e+01   1.1382e-01   4.6066e-03   3.8987e+02
20260612_06:00:00   2.7087e-01   6.7309e+01   2.0593e+01   5.1991e-02   2.2036e-02   3.9040e+02
20260612_09:00:00   2.2362e-01   5.7441e+01   1.9475e+01   8.4880e-03   2.4160e-04   3.9126e+02
20260612_12:00:00   2.2402e-01   5.7401e+01   2.0157e+01   4.5900e-03   1.2985e-01   3.8660e+02
20260612_15:00:00   2.2406e-01   5.7498e+01   2.0907e+01   5.0824e-04   2.4520e-02   3.8465e+02
20260612_18:00:00   2.6295e-01   6.6005e+01   2.3621e+01   2.2417e-02   3.7511e-02   3.8495e+02
20260612_21:00:00   5.8605e-01   1.2363e+02   2.6516e+01   3.5509e-01   3.3673e-01   3.8742e+02
20260613_00:00:00   3.1304e-01   7.6390e+01   2.5017e+01   6.1231e-02   7.1002e-03   3.8882e+02
20260613_03:00:00   2.5609e-01   6.4777e+01   2.5039e+01   5.4320e-05   1.1984e-02   3.8742e+02
20260613_06:00:00   2.7411e-01   6.8321e+01   2.6510e+01   5.3630e-03   6.0726e-02   3.8213e+02
20260613_09:00:00   7.6745e-01   1.4839e+02   2.8524e+01   5.3618e-01   3.2632e-01   3.7879e+02
20260613_12:00:00   8.0240e-01   1.5305e+02   2.9016e+01   5.6987e-01   2.6605e-01   3.7753e+02
20260613_15:00:00   5.2708e-01   1.1462e+02   2.9332e+01   2.5529e-01   1.1367e-01   3.7315e+02
20260613_18:00:00   3.4389e-01   8.2573e+01   2.9497e+01   5.0223e-02   1.2250e-01   3.7268e+02
20260613_21:00:00   2.8092e-01   7.0673e+01   2.7173e+01   3.5821e-03   1.7123e-03   3.7371e+02
20260614_00:00:00   3.1151e-01   7.7243e+01   2.8143e+01   3.0063e-02   0.0000e+00   3.6716e+02
20260614_03:00:00   2.8774e-01   7.2411e+01   2.8109e+01   9.1000e-04   3.2902e-03   3.5331e+02
20260614_06:00:00   2.8596e-01   7.1731e+01   2.7569e+01   0.0000e+00   5.4109e-03   3.4381e+02
20260614_09:00:00   2.7462e-01   6.9181e+01   2.6329e+01   0.0000e+00   0.0000e+00   3.4589e+02
20260614_12:00:00   2.7185e-01   6.8481e+01   2.6146e+01   0.0000e+00   9.4960e-05   3.4249e+02
20260614_15:00:00   2.6745e-01   6.7637e+01   2.5846e+01   9.1020e-04   3.3646e-03   3.3724e+02
20260614_18:00:00   2.6299e-01   6.7047e+01   2.5961e+01   1.6886e-03   3.3212e-03   3.3460e+02
20260614_21:00:00   2.6566e-01   6.7992e+01   2.7393e+01   0.0000e+00   1.6793e-02   3.3059e+02
20260615_00:00:00   2.7431e-01   7.0220e+01   2.8947e+01   0.0000e+00   1.9135e-03   3.2864e+02
20260615_03:00:00   2.8832e-01   7.3347e+01   3.0296e+01   0.0000e+00   0.0000e+00   3.2967e+02
20260615_06:00:00   2.9290e-01   7.4173e+01   3.0541e+01   0.0000e+00   0.0000e+00   3.2987e+02
20260615_09:00:00   2.9499e-01   7.4489e+01   3.0348e+01   0.0000e+00   0.0000e+00   3.3033e+02
20260615_12:00:00   2.8355e-01   7.2038e+01   2.8623e+01   0.0000e+00   0.0000e+00   3.3333e+02
20260615_15:00:00   2.6999e-01   6.9213e+01   2.7710e+01   0.0000e+00   0.0000e+00   3.3526e+02
20260615_18:00:00   2.6182e-01   6.7904e+01   2.7234e+01   0.0000e+00   0.0000e+00   3.2986e+02
20260615_21:00:00   2.4754e-01   6.4985e+01   2.6174e+01   0.0000e+00   0.0000e+00   3.2881e+02
20260616_00:00:00   2.6292e-01   6.8765e+01   2.8056e+01   0.0000e+00   0.0000e+00   3.2556e+02
20260616_03:00:00   2.6731e-01   6.9951e+01   2.8194e+01   0.0000e+00   0.0000e+00   3.2297e+02
20260616_06:00:00   2.4044e-01   6.3848e+01   2.4355e+01   0.0000e+00   0.0000e+00   3.2447e+02
20260616_09:00:00   2.1648e-01   5.8085e+01   2.1225e+01   0.0000e+00   0.0000e+00   3.2694e+02
20260616_12:00:00   2.0031e-01   5.3974e+01   1.9510e+01   0.0000e+00   3.2321e-03   3.3423e+02
20260616_15:00:00   1.9402e-01   5.2153e+01   1.9868e+01   0.0000e+00   6.3340e-02   3.3838e+02
20260616_18:00:00   1.9503e-01   5.2187e+01   2.1010e+01   0.0000e+00   1.5507e-01   3.4610e+02
20260616_21:00:00   1.8622e-01   5.0413e+01   2.0117e+01   0.0000e+00   1.4181e-02   3.5044e+02
20260617_00:00:00   1.9032e-01   5.1609e+01   2.0422e+01   0.0000e+00   0.0000e+00   3.5666e+02
20260617_03:00:00   1.7085e-01   4.7238e+01   1.7038e+01   0.0000e+00   1.1434e-04   3.5346e+02
20260617_06:00:00   1.6143e-01   4.4618e+01   1.5848e+01   0.0000e+00   0.0000e+00   3.4607e+02
20260617_09:00:00   1.6577e-01   4.5431e+01   1.5726e+01   0.0000e+00   0.0000e+00   3.4195e+02
20260617_12:00:00   1.9133e-01   5.1231e+01   1.8957e+01   0.0000e+00   0.0000e+00   3.3889e+02
20260617_15:00:00   2.0327e-01   5.4139e+01   2.0331e+01   0.0000e+00   0.0000e+00   3.2748e+02
20260617_18:00:00   1.9033e-01   5.1487e+01   1.9025e+01   0.0000e+00   0.0000e+00   3.2305e+02
20260617_21:00:00   1.6449e-01   4.5540e+01   1.6255e+01   0.0000e+00   0.0000e+00   3.2330e+02
20260618_00:00:00   1.6108e-01   4.4913e+01   1.5969e+01   0.0000e+00   0.0000e+00   3.2619e+02
20260618_03:00:00   1.8201e-01   5.0097e+01   1.8262e+01   0.0000e+00   0.0000e+00   3.3137e+02
20260618_06:00:00   1.8120e-01   4.9656e+01   1.7706e+01   0.0000e+00   1.2300e-04   3.3487e+02
20260618_09:00:00   1.6648e-01   4.5855e+01   1.5211e+01   0.0000e+00   2.8680e-04   3.3442e+02
20260618_12:00:00   1.6799e-01   4.5960e+01   1.4958e+01   0.0000e+00   0.0000e+00   3.3497e+02
20260618_15:00:00   1.6939e-01   4.6309e+01   1.5585e+01   0.0000e+00   0.0000e+00   3.3165e+02
20260618_18:00:00   1.7341e-01   4.7512e+01   1.6548e+01   0.0000e+00   0.0000e+00   3.3709e+02
