#            date       tau255        Tb[K]      pwv[mm] lwp[kg*m^-2] iwp[kg*m^-2]       o3[DU]
20260411_00:00:00   1.8032e-01   4.7335e+01   1.7108e+01   0.0000e+00   1.4865e-02   3.3536e+02
20260411_01:00:00   1.7545e-01   4.6228e+01   1.6536e+01   4.2360e-04   6.5142e-03   3.3245e+02
20260411_02:00:00   1.6801e-01   4.4550e+01   1.5706e+01   0.0000e+00   2.9791e-02   3.3022e+02
20260411_03:00:00   1.6765e-01   4.4430e+01   1.5638e+01   1.0348e-05   6.9849e-02   3.2963e+02
20260411_04:00:00   1.7217e-01   4.5390e+01   1.6095e+01   0.0000e+00   4.0348e-01   3.2933e+02
20260411_05:00:00   1.7778e-01   4.6649e+01   1.6722e+01   4.2240e-04   3.1290e-01   3.3160e+02
20260411_06:00:00   1.7966e-01   4.7102e+01   1.6938e+01   0.0000e+00   1.6460e-01   3.3510e+02
20260411_07:00:00   1.8226e-01   4.7688e+01   1.7003e+01   1.6946e-03   1.0619e-02   3.3251e+02
20260411_08:00:00   1.8218e-01   4.7635e+01   1.7166e+01   3.8797e-06   4.8411e-02   3.3243e+02
20260411_09:00:00   1.8483e-01   4.8245e+01   1.7313e+01   3.4535e-04   3.4488e-02   3.3321e+02
20260411_10:00:00   1.9330e-01   5.0180e+01   1.7954e+01   1.0541e-03   6.1091e-03   3.3331e+02
20260411_11:00:00   1.9785e-01   5.1243e+01   1.8213e+01   6.2215e-04   3.2466e-03   3.3342e+02
20260411_12:00:00   1.9285e-01   5.0173e+01   1.7584e+01   0.0000e+00   9.1822e-03   3.3143e+02
20260411_13:00:00   1.9185e-01   4.9927e+01   1.7269e+01   0.0000e+00   1.6884e-02   3.2652e+02
20260411_14:00:00   1.9175e-01   4.9863e+01   1.7293e+01   0.0000e+00   1.3492e-02   3.2512e+02
20260411_15:00:00   1.9601e-01   5.0786e+01   1.7880e+01   0.0000e+00   3.4366e-03   3.2652e+02
20260411_16:00:00   2.0229e-01   5.2190e+01   1.8638e+01   0.0000e+00   2.3788e-03   3.2620e+02
20260411_17:00:00   2.0856e-01   5.3628e+01   1.9357e+01   0.0000e+00   4.5913e-02   3.2612e+02
20260411_18:00:00   2.1738e-01   5.5553e+01   2.0184e+01   6.1520e-04   2.5481e-01   3.2723e+02
20260411_19:00:00   2.4207e-01   6.0886e+01   2.0613e+01   2.3894e-02   1.8861e-01   3.2860e+02
20260411_20:00:00   2.2535e-01   5.7334e+01   2.0285e+01   8.3551e-03   7.1035e-02   3.3004e+02
20260411_21:00:00   2.1672e-01   5.5544e+01   1.9866e+01   2.2638e-03   3.8660e-02   3.3319e+02
20260411_22:00:00   2.1397e-01   5.4984e+01   1.9552e+01   2.0742e-03   1.9954e-02   3.3818e+02
20260411_23:00:00   2.2490e-01   5.7371e+01   1.9129e+01   1.8799e-02   4.2656e-02   3.4264e+02
20260412_00:00:00   2.3451e-01   5.9430e+01   1.8636e+01   3.4547e-02   1.2409e-02   3.4727e+02
20260412_01:00:00   2.3117e-01   5.8730e+01   1.8149e+01   3.5060e-02   1.5553e-03   3.5029e+02
20260412_02:00:00   2.1790e-01   5.5872e+01   1.8246e+01   1.7914e-02   2.3635e-03   3.5529e+02
20260412_03:00:00   2.4611e-01   6.1830e+01   1.8460e+01   4.5963e-02   2.4924e-03   3.5853e+02
20260412_04:00:00   3.2356e-01   7.7389e+01   1.8793e+01   1.2802e-01   2.8624e-03   3.5996e+02
20260412_05:00:00   3.1290e-01   7.5314e+01   1.8701e+01   1.1546e-01   1.0762e-03   3.5574e+02
20260412_06:00:00   2.6189e-01   6.5074e+01   1.8489e+01   5.8621e-02   3.7182e-04   3.5221e+02
20260412_07:00:00   2.5458e-01   6.3522e+01   1.8488e+01   4.9335e-02   4.1103e-04   3.4904e+02
20260412_08:00:00   2.2233e-01   5.6690e+01   1.8228e+01   1.5772e-02   1.0448e-04   3.4716e+02
20260412_09:00:00   2.0426e-01   5.2731e+01   1.7789e+01   0.0000e+00   1.1205e-05   3.4894e+02
20260412_10:00:00   1.9898e-01   5.1554e+01   1.7002e+01   7.5720e-04   1.2322e-05   3.5379e+02
20260412_11:00:00   1.9591e-01   5.0871e+01   1.6325e+01   2.4720e-03   1.9054e-05   3.5989e+02
20260412_12:00:00   1.9923e-01   5.1607e+01   1.5903e+01   9.5998e-03   2.1040e-05   3.6422e+02
20260412_13:00:00   2.0033e-01   5.1812e+01   1.5916e+01   1.0530e-02   1.5830e-05   3.6615e+02
20260412_14:00:00   2.1109e-01   5.4198e+01   1.5693e+01   2.5682e-02   9.6956e-05   3.6596e+02
20260412_15:00:00   2.0722e-01   5.3354e+01   1.5727e+01   2.0855e-02   8.7002e-05   3.6547e+02
20260412_16:00:00   2.0564e-01   5.3045e+01   1.5611e+01   2.1100e-02   5.1141e-05   3.6507e+02
20260412_17:00:00   1.8643e-01   4.8785e+01   1.5640e+01   0.0000e+00   6.2740e-06   3.6463e+02
20260412_18:00:00   1.8621e-01   4.8804e+01   1.5731e+01   0.0000e+00   3.0397e-04   3.6546e+02
20260412_19:00:00   1.8468e-01   4.8507e+01   1.5642e+01   8.5520e-04   8.2267e-04   3.6540e+02
20260412_20:00:00   1.8203e-01   4.7949e+01   1.5423e+01   2.1256e-03   6.0036e-04   3.6356e+02
20260412_21:00:00   1.8519e-01   4.8679e+01   1.5405e+01   7.7340e-03   6.0791e-04   3.6092e+02
20260412_22:00:00   2.0553e-01   5.3163e+01   1.5657e+01   2.9629e-02   2.0996e-03   3.5838e+02
20260412_23:00:00   2.1547e-01   5.5324e+01   1.5855e+01   3.9744e-02   4.9556e-03   3.5990e+02
20260413_00:00:00   1.9726e-01   5.1393e+01   1.5971e+01   1.8272e-02   5.9440e-03   3.6063e+02
20260413_01:00:00   1.7909e-01   4.7391e+01   1.5762e+01   0.0000e+00   4.1628e-03   3.6254e+02
20260413_02:00:00   1.8373e-01   4.8465e+01   1.6114e+01   8.7100e-04   4.2932e-03   3.6450e+02
20260413_03:00:00   1.9098e-01   5.0051e+01   1.6658e+01   2.0063e-03   1.2696e-03   3.6787e+02
20260413_04:00:00   2.0866e-01   5.3867e+01   1.6428e+01   2.2520e-02   7.3431e-04   3.7086e+02
20260413_05:00:00   2.0296e-01   5.2529e+01   1.5890e+01   2.0439e-02   1.3172e-03   3.6762e+02
20260413_06:00:00   1.7901e-01   4.7132e+01   1.5206e+01   0.0000e+00   8.2289e-04   3.6405e+02
20260413_07:00:00   1.7687e-01   4.6560e+01   1.4955e+01   0.0000e+00   2.0496e-03   3.7514e+02
20260413_08:00:00   1.7581e-01   4.6248e+01   1.4833e+01   0.0000e+00   1.7781e-03   3.9301e+02
20260413_09:00:00   1.7506e-01   4.6019e+01   1.4748e+01   0.0000e+00   7.7630e-04   4.0910e+02
20260413_10:00:00   1.7566e-01   4.6100e+01   1.4795e+01   0.0000e+00   2.4759e-04   4.1768e+02
20260413_11:00:00   1.7566e-01   4.6053e+01   1.4769e+01   0.0000e+00   5.7140e-07   4.1235e+02
20260413_12:00:00   1.7618e-01   4.6127e+01   1.4836e+01   0.0000e+00   5.7140e-07   4.0323e+02
20260413_13:00:00   1.7474e-01   4.5774e+01   1.4661e+01   0.0000e+00   0.0000e+00   4.0152e+02
20260413_14:00:00   1.7125e-01   4.4978e+01   1.4196e+01   0.0000e+00   0.0000e+00   3.9510e+02
20260413_15:00:00   1.7054e-01   4.4865e+01   1.4131e+01   0.0000e+00   0.0000e+00   3.8879e+02
20260413_16:00:00   1.7142e-01   4.5115e+01   1.4278e+01   0.0000e+00   1.5692e-05   3.8619e+02
20260413_17:00:00   1.7387e-01   4.5717e+01   1.4655e+01   0.0000e+00   2.3576e-04   3.8222e+02
20260413_18:00:00   1.7260e-01   4.5493e+01   1.4545e+01   0.0000e+00   5.4562e-04   3.8008e+02
20260413_19:00:00   1.6848e-01   4.4646e+01   1.4009e+01   0.0000e+00   4.2110e-05   3.8402e+02
20260413_20:00:00   1.6402e-01   4.3688e+01   1.3495e+01   1.2668e-04   5.5215e-05   3.8874e+02
20260413_21:00:00   1.6759e-01   4.4489e+01   1.3249e+01   7.4862e-03   3.9481e-04   3.8897e+02
20260413_22:00:00   1.6901e-01   4.4773e+01   1.2937e+01   1.3488e-02   4.6402e-04   3.8748e+02
20260413_23:00:00   1.6836e-01   4.4584e+01   1.2610e+01   1.6784e-02   7.3441e-04   3.8564e+02
20260414_00:00:00   1.5905e-01   4.2440e+01   1.2010e+01   1.1920e-02   1.4212e-03   3.8517e+02
20260414_01:00:00   1.4347e-01   3.8811e+01   1.1461e+01   0.0000e+00   5.7751e-04   3.8627e+02
20260414_02:00:00   1.4246e-01   3.8479e+01   1.1440e+01   0.0000e+00   2.3629e-03   3.8712e+02
20260414_03:00:00   1.4300e-01   3.8442e+01   1.1609e+01   0.0000e+00   2.3640e-02   3.8692e+02
20260414_04:00:00   1.4275e-01   3.8306e+01   1.1574e+01   0.0000e+00   4.1415e-02   3.8552e+02
20260414_05:00:00   1.4093e-01   3.7869e+01   1.1188e+01   0.0000e+00   1.8226e-02   3.8342e+02
20260414_06:00:00   1.4232e-01   3.8156e+01   1.1164e+01   0.0000e+00   3.8059e-02   3.7696e+02
20260414_07:00:00   1.4444e-01   3.8608e+01   1.1371e+01   0.0000e+00   4.2691e-02   3.7484e+02
20260414_08:00:00   1.4769e-01   3.9311e+01   1.1688e+01   0.0000e+00   1.5070e-02   3.7415e+02
20260414_09:00:00   1.4935e-01   3.9618e+01   1.1859e+01   0.0000e+00   2.2860e-02   3.7589e+02
20260414_10:00:00   1.4964e-01   3.9649e+01   1.1847e+01   0.0000e+00   3.6228e-02   3.7700e+02
20260414_11:00:00   1.5141e-01   4.0001e+01   1.2044e+01   0.0000e+00   9.1635e-02   3.8045e+02
20260414_12:00:00   1.5353e-01   4.0440e+01   1.2237e+01   0.0000e+00   1.2194e-01   3.8145e+02
20260414_13:00:00   1.5329e-01   4.0364e+01   1.2173e+01   0.0000e+00   5.5733e-02   3.8150e+02
20260414_14:00:00   1.5578e-01   4.0905e+01   1.2444e+01   0.0000e+00   4.1590e-02   3.8898e+02
20260414_15:00:00   1.5830e-01   4.1444e+01   1.2715e+01   0.0000e+00   2.1284e-01   3.9652e+02
20260414_16:00:00   1.5927e-01   4.1655e+01   1.2872e+01   0.0000e+00   1.2280e-01   3.9768e+02
20260414_17:00:00   1.6091e-01   4.2025e+01   1.3078e+01   2.7896e-04   6.6885e-02   3.9782e+02
20260414_18:00:00   1.6928e-01   4.3925e+01   1.3059e+01   1.0402e-02   7.3077e-02   4.0015e+02
20260414_19:00:00   1.7650e-01   4.5507e+01   1.2912e+01   2.1981e-02   3.3259e-02   4.0471e+02
20260414_20:00:00   1.5488e-01   4.0626e+01   1.2721e+01   5.3299e-04   6.6001e-02   4.1018e+02
20260414_21:00:00   1.5361e-01   4.0320e+01   1.2602e+01   3.1953e-04   2.2457e-01   4.1514e+02
20260414_22:00:00   1.5059e-01   3.9623e+01   1.2264e+01   3.3633e-04   1.7429e-01   4.1636e+02
20260414_23:00:00   1.5257e-01   4.0076e+01   1.2263e+01   1.1672e-03   1.1795e-01   4.2074e+02
20260415_00:00:00   1.4566e-01   3.8510e+01   1.1499e+01   0.0000e+00   3.4563e-02   4.2642e+02
20260415_01:00:00   1.4678e-01   3.8852e+01   1.1303e+01   0.0000e+00   8.6062e-03   4.3081e+02
20260415_02:00:00   1.4252e-01   3.7905e+01   1.0588e+01   0.0000e+00   9.1543e-04   4.3216e+02
20260415_03:00:00   1.3968e-01   3.7241e+01   1.0124e+01   0.0000e+00   9.9332e-04   4.2821e+02
20260415_04:00:00   1.4155e-01   3.7633e+01   1.0333e+01   0.0000e+00   2.2181e-03   4.2476e+02
20260415_05:00:00   1.4173e-01   3.7682e+01   1.0147e+01   0.0000e+00   2.5950e-03   4.2629e+02
20260415_06:00:00   1.4179e-01   3.7661e+01   1.0184e+01   0.0000e+00   1.7340e-03   4.2542e+02
20260415_07:00:00   1.2559e-01   3.3896e+01   8.0918e+00   0.0000e+00   7.2852e-04   4.2823e+02
20260415_08:00:00   1.2057e-01   3.2649e+01   7.4633e+00   0.0000e+00   4.3075e-04   4.2893e+02
20260415_09:00:00   1.2434e-01   3.3465e+01   7.8992e+00   0.0000e+00   2.1292e-04   4.3031e+02
20260415_10:00:00   1.2701e-01   3.3986e+01   8.0889e+00   8.8220e-04   2.8176e-02   4.3134e+02
20260415_11:00:00   1.2943e-01   3.4470e+01   8.3346e+00   1.2886e-04   7.8491e-02   4.3560e+02
20260415_12:00:00   1.3073e-01   3.4685e+01   8.3690e+00   0.0000e+00   8.0552e-02   4.4463e+02
20260415_13:00:00   1.2809e-01   3.3993e+01   7.9593e+00   0.0000e+00   9.4710e-02   4.5069e+02
20260415_14:00:00   1.2372e-01   3.2930e+01   7.4052e+00   7.7600e-06   6.2509e-02   4.5431e+02
20260415_15:00:00   1.1782e-01   3.1550e+01   6.7027e+00   0.0000e+00   1.3400e-02   4.5515e+02
20260415_16:00:00   1.1465e-01   3.0812e+01   6.3580e+00   0.0000e+00   4.4456e-03   4.5483e+02
20260415_17:00:00   1.1496e-01   3.0862e+01   6.4366e+00   6.0676e-04   1.8221e-03   4.5458e+02
20260415_18:00:00   1.1685e-01   3.1230e+01   6.4788e+00   3.4341e-03   7.4646e-02   4.5390e+02
20260415_19:00:00   1.1475e-01   3.0771e+01   6.5204e+00   8.6325e-04   1.1257e-01   4.5181e+02
20260415_20:00:00   1.1523e-01   3.0907e+01   6.6563e+00   7.3380e-04   6.6355e-02   4.4933e+02
20260415_21:00:00   1.1708e-01   3.1354e+01   6.7452e+00   2.4544e-03   1.1610e-01   4.4598e+02
20260415_22:00:00   1.2251e-01   3.2606e+01   7.1864e+00   4.3870e-03   2.5048e-01   4.4564e+02
20260415_23:00:00   1.2813e-01   3.3994e+01   8.0850e+00   1.1594e-03   2.9156e-01   4.4298e+02
20260416_00:00:00   1.3205e-01   3.4944e+01   8.5976e+00   0.0000e+00   1.8974e-01   4.4287e+02
20260416_03:00:00   1.2051e-01   3.2308e+01   7.4262e+00   0.0000e+00   3.8845e-02   4.3125e+02
20260416_06:00:00   1.3393e-01   3.5380e+01   8.9047e+00   0.0000e+00   2.2428e-01   4.3253e+02
20260416_09:00:00   1.3315e-01   3.5242e+01   8.7077e+00   0.0000e+00   1.1269e-03   4.3640e+02
20260416_12:00:00   1.2849e-01   3.4137e+01   8.1074e+00   0.0000e+00   1.5253e-05   4.2456e+02
20260416_15:00:00   1.1631e-01   3.1384e+01   6.5298e+00   0.0000e+00   0.0000e+00   4.0835e+02
20260416_18:00:00   1.1365e-01   3.0892e+01   6.4512e+00   0.0000e+00   0.0000e+00   4.2122e+02
20260416_21:00:00   1.2034e-01   3.2563e+01   7.5970e+00   8.1103e-04   1.0750e-02   4.1928e+02
20260417_00:00:00   1.3181e-01   3.5336e+01   9.3027e+00   2.1320e-05   1.8990e-02   4.1526e+02
20260417_03:00:00   1.3587e-01   3.6340e+01   9.7110e+00   0.0000e+00   9.6049e-04   3.9974e+02
20260417_06:00:00   1.3204e-01   3.5373e+01   9.0457e+00   0.0000e+00   8.3079e-04   3.9294e+02
20260417_09:00:00   1.3437e-01   3.5772e+01   9.3571e+00   0.0000e+00   2.7207e-02   3.9497e+02
20260417_12:00:00   1.3399e-01   3.5631e+01   9.2643e+00   0.0000e+00   9.9519e-03   3.9953e+02
20260417_15:00:00   1.2803e-01   3.4322e+01   8.3371e+00   0.0000e+00   0.0000e+00   4.0221e+02
20260417_18:00:00   1.2331e-01   3.3356e+01   7.9658e+00   0.0000e+00   0.0000e+00   3.9715e+02
20260417_21:00:00   1.2170e-01   3.3127e+01   8.1097e+00   3.1380e-05   5.7750e-04   3.8983e+02
20260418_00:00:00   1.2644e-01   3.4360e+01   8.9782e+00   0.0000e+00   1.7042e-04   3.8423e+02
20260418_03:00:00   1.3228e-01   3.5827e+01   9.6615e+00   0.0000e+00   1.9923e-06   3.7745e+02
20260418_06:00:00   1.3685e-01   3.6940e+01   9.8372e+00   0.0000e+00   4.8160e-05   3.7325e+02
20260418_09:00:00   1.3693e-01   3.6916e+01   9.5754e+00   0.0000e+00   3.1442e-03   3.7399e+02
20260418_12:00:00   1.3486e-01   3.6382e+01   9.2021e+00   0.0000e+00   4.4756e-03   3.6406e+02
20260418_15:00:00   1.3479e-01   3.6345e+01   9.1002e+00   0.0000e+00   3.4064e-03   3.5919e+02
20260418_18:00:00   1.3341e-01   3.6161e+01   9.0934e+00   0.0000e+00   9.8443e-04   3.5878e+02
20260418_21:00:00   1.2922e-01   3.5295e+01   9.0462e+00   0.0000e+00   0.0000e+00   3.5971e+02
20260419_00:00:00   1.2487e-01   3.4315e+01   8.8255e+00   0.0000e+00   1.9199e-03   3.5717e+02
20260419_03:00:00   1.3371e-01   3.6441e+01   9.8651e+00   0.0000e+00   1.5851e-03   3.5478e+02
20260419_06:00:00   1.4737e-01   3.9548e+01   1.1812e+01   0.0000e+00   1.0246e-04   3.5762e+02
20260419_09:00:00   1.6703e-01   4.3858e+01   1.4384e+01   0.0000e+00   3.2982e-03   3.5179e+02
20260419_12:00:00   1.7884e-01   4.6396e+01   1.5820e+01   0.0000e+00   7.1372e-02   3.5157e+02
20260419_15:00:00   1.8273e-01   4.7277e+01   1.6098e+01   0.0000e+00   3.8966e-02   3.5347e+02
20260419_18:00:00   1.8749e-01   4.8557e+01   1.6704e+01   0.0000e+00   7.3008e-04   3.5767e+02
20260419_21:00:00   3.0239e-01   7.2850e+01   1.7348e+01   1.2490e-01   1.7382e-02   3.6080e+02
20260420_00:00:00   1.9569e-01   5.0794e+01   1.7546e+01   4.3757e-03   4.8036e-02   3.6675e+02
20260420_03:00:00   1.9841e-01   5.1423e+01   1.8261e+01   0.0000e+00   1.9700e-02   3.7017e+02
20260420_06:00:00   2.2015e-01   5.6013e+01   2.0028e+01   3.5844e-03   5.5678e-01   3.7892e+02
20260420_09:00:00   7.8848e-01   1.5044e+02   2.2148e+01   6.1626e-01   4.6616e-01   3.8227e+02
20260420_12:00:00   6.9550e-01   1.3857e+02   1.9525e+01   5.3483e-01   4.9962e-03   3.8665e+02
20260420_15:00:00   3.8887e-01   9.0177e+01   1.7930e+01   2.0215e-01   5.9349e-02   3.9823e+02
20260420_18:00:00   2.2063e-01   5.6038e+01   1.8398e+01   1.2222e-02   4.4075e-01   3.9431e+02
20260420_21:00:00   1.9155e-01   4.9687e+01   1.5559e+01   1.2762e-02   3.6370e-02   3.9798e+02
20260421_00:00:00   2.7260e-01   6.6950e+01   1.7477e+01   8.2040e-02   1.5181e-01   3.9788e+02
20260421_03:00:00   2.3668e-01   5.9244e+01   1.6185e+01   5.0472e-02   1.2269e-02   3.9853e+02
20260421_06:00:00   1.8734e-01   4.8576e+01   1.5550e+01   3.4280e-05   3.5993e-04   3.9492e+02
20260421_09:00:00   1.8117e-01   4.7135e+01   1.4852e+01   0.0000e+00   1.0152e-03   3.9503e+02
20260421_12:00:00   1.7525e-01   4.5767e+01   1.4320e+01   0.0000e+00   3.4314e-03   3.9109e+02
20260421_15:00:00   1.6199e-01   4.2858e+01   1.2850e+01   0.0000e+00   1.0030e-03   3.9096e+02
20260421_18:00:00   1.5742e-01   4.2122e+01   1.2526e+01   0.0000e+00   1.1470e-03   3.8512e+02
20260421_21:00:00   1.5268e-01   4.1275e+01   1.2406e+01   0.0000e+00   1.2091e-03   3.8282e+02
20260422_00:00:00   1.5962e-01   4.2977e+01   1.3420e+01   0.0000e+00   2.2221e-05   3.8658e+02
20260422_03:00:00   1.6546e-01   4.4332e+01   1.3900e+01   0.0000e+00   1.2464e-03   3.8081e+02
20260422_06:00:00   1.6082e-01   4.3035e+01   1.3126e+01   0.0000e+00   0.0000e+00   3.7769e+02
20260422_09:00:00   1.6315e-01   4.3253e+01   1.3410e+01   0.0000e+00   4.2120e-04   3.8159e+02
20260422_12:00:00   1.6820e-01   4.4187e+01   1.4019e+01   7.8210e-05   7.3156e-03   3.9455e+02
20260422_15:00:00   1.6807e-01   4.4118e+01   1.3793e+01   0.0000e+00   2.9610e-03   3.9226e+02
20260422_18:00:00   1.6856e-01   4.4243e+01   1.3968e+01   3.3600e-04   5.6679e-02   4.0396e+02
20260422_21:00:00   1.9469e-01   5.0035e+01   1.6055e+01   1.2156e-02   2.2407e-01   4.1625e+02
20260423_00:00:00   1.8450e-01   4.7773e+01   1.5815e+01   1.8560e-03   3.2672e-01   4.2088e+02
20260423_03:00:00   1.7809e-01   4.6346e+01   1.4966e+01   0.0000e+00   2.4290e-01   4.2637e+02
20260423_06:00:00   1.6139e-01   4.2421e+01   1.3058e+01   0.0000e+00   9.2413e-02   4.3420e+02
20260423_09:00:00   1.6123e-01   4.2207e+01   1.2927e+01   0.0000e+00   1.5482e-02   4.3895e+02
20260423_12:00:00   1.7041e-01   4.4176e+01   1.3804e+01   0.0000e+00   1.8084e-01   4.3922e+02
20260423_15:00:00   1.7111e-01   4.4425e+01   1.3918e+01   0.0000e+00   4.9888e-03   4.3711e+02
20260423_18:00:00   1.8247e-01   4.7117e+01   1.4715e+01   7.5602e-03   3.8076e-02   4.1695e+02
20260423_21:00:00   1.9750e-01   5.0695e+01   1.6164e+01   1.0496e-02   5.4406e-02   4.1219e+02
20260424_00:00:00   2.0368e-01   5.2211e+01   1.5904e+01   2.0706e-02   7.3270e-02   4.0300e+02
20260424_03:00:00   1.8481e-01   4.8204e+01   1.5523e+01   1.7202e-04   2.3764e-03   3.9069e+02
20260424_06:00:00   1.7586e-01   4.6186e+01   1.4356e+01   0.0000e+00   7.6400e-06   3.7216e+02
20260424_09:00:00   1.6605e-01   4.3842e+01   1.3323e+01   0.0000e+00   0.0000e+00   3.6932e+02
20260424_12:00:00   1.5937e-01   4.2262e+01   1.2422e+01   0.0000e+00   2.1042e-05   3.8111e+02
20260424_15:00:00   1.5884e-01   4.2160e+01   1.2260e+01   0.0000e+00   0.0000e+00   3.7408e+02
20260424_18:00:00   1.6300e-01   4.3329e+01   1.2917e+01   0.0000e+00   0.0000e+00   3.6784e+02
20260424_21:00:00   1.6607e-01   4.4257e+01   1.3654e+01   4.1220e-04   1.2168e-04   3.6378e+02
20260425_00:00:00   1.7108e-01   4.5506e+01   1.4435e+01   1.4662e-03   9.7098e-03   3.5592e+02
20260425_03:00:00   1.7638e-01   4.6683e+01   1.4283e+01   7.4640e-03   4.3443e-03   3.5496e+02
20260425_06:00:00   1.6009e-01   4.2762e+01   1.3091e+01   0.0000e+00   1.4858e-02   3.5843e+02
20260425_09:00:00   1.6613e-01   4.3820e+01   1.4259e+01   0.0000e+00   5.6748e-03   3.7646e+02
20260425_12:00:00   1.4853e-01   3.9754e+01   1.1505e+01   0.0000e+00   7.8454e-03   3.7444e+02
20260425_15:00:00   1.3800e-01   3.7376e+01   9.6935e+00   0.0000e+00   1.3787e-04   3.8917e+02
20260425_18:00:00   1.4184e-01   3.8385e+01   1.0495e+01   1.4144e-04   0.0000e+00   3.9458e+02
20260425_21:00:00   1.5055e-01   4.0586e+01   1.1824e+01   0.0000e+00   1.4484e-04   3.9977e+02
20260426_00:00:00   1.4089e-01   3.8297e+01   1.1234e+01   0.0000e+00   1.3769e-04   3.9966e+02
20260426_03:00:00   1.3894e-01   3.7673e+01   1.0974e+01   0.0000e+00   9.4065e-04   4.0508e+02
20260426_06:00:00   1.4306e-01   3.8461e+01   1.1151e+01   0.0000e+00   9.7737e-04   4.1020e+02
20260426_09:00:00   1.3675e-01   3.6799e+01   1.0097e+01   0.0000e+00   4.8205e-03   4.1431e+02
20260426_12:00:00   1.3724e-01   3.6785e+01   9.9661e+00   0.0000e+00   1.3915e-03   4.1492e+02
20260426_15:00:00   1.4195e-01   3.7809e+01   1.0611e+01   0.0000e+00   2.0124e-03   4.1173e+02
20260426_18:00:00   1.4725e-01   3.9090e+01   1.1500e+01   0.0000e+00   1.1713e-02   4.0304e+02
20260426_21:00:00   1.4631e-01   3.8944e+01   1.1790e+01   0.0000e+00   3.1575e-02   3.9375e+02
20260427_00:00:00   1.4843e-01   3.9462e+01   1.2306e+01   0.0000e+00   2.7028e-02   3.9128e+02
