#            date       tau255        Tb[K]      pwv[mm] lwp[kg*m^-2] iwp[kg*m^-2]       o3[DU]
20260517_00:00:00   1.5290e-01   4.0474e+01   1.1751e+01   2.9900e-04   6.3138e-02   4.4246e+02
20260517_01:00:00   1.4245e-01   3.8099e+01   1.0668e+01   0.0000e+00   7.9285e-03   4.4208e+02
20260517_02:00:00   1.3746e-01   3.6912e+01   1.0082e+01   4.0000e-05   2.8882e-02   4.4414e+02
20260517_03:00:00   1.3781e-01   3.6954e+01   1.0083e+01   0.0000e+00   1.5353e-02   4.4355e+02
20260517_04:00:00   1.3700e-01   3.6744e+01   9.9084e+00   0.0000e+00   2.7962e-04   4.3875e+02
20260517_05:00:00   1.3892e-01   3.7172e+01   9.9722e+00   0.0000e+00   6.5980e-04   4.3334e+02
20260517_06:00:00   1.4013e-01   3.7414e+01   9.9930e+00   0.0000e+00   2.7448e-03   4.3013e+02
20260517_07:00:00   1.4140e-01   3.7646e+01   1.0146e+01   0.0000e+00   1.4565e-02   4.2726e+02
20260517_08:00:00   1.4252e-01   3.7847e+01   1.0348e+01   0.0000e+00   1.4389e-02   4.2443e+02
20260517_09:00:00   1.4416e-01   3.8204e+01   1.0544e+01   0.0000e+00   9.6130e-03   4.2326e+02
20260517_10:00:00   1.4746e-01   3.8959e+01   1.0907e+01   0.0000e+00   1.1047e-03   4.1970e+02
20260517_11:00:00   1.5108e-01   3.9789e+01   1.1311e+01   0.0000e+00   1.2975e-04   4.1712e+02
20260517_12:00:00   1.5403e-01   4.0455e+01   1.1672e+01   0.0000e+00   4.8160e-04   4.1590e+02
20260517_13:00:00   1.5563e-01   4.0828e+01   1.1851e+01   0.0000e+00   3.7084e-05   4.1727e+02
20260517_14:00:00   1.5493e-01   4.0752e+01   1.1757e+01   0.0000e+00   2.3024e-05   4.1195e+02
20260517_15:00:00   1.5351e-01   4.0531e+01   1.1572e+01   0.0000e+00   4.0780e-06   4.0918e+02
20260517_16:00:00   1.4857e-01   3.9539e+01   1.0974e+01   0.0000e+00   2.9900e-06   4.0860e+02
20260517_17:00:00   1.4535e-01   3.8923e+01   1.0622e+01   0.0000e+00   0.0000e+00   4.0766e+02
20260517_18:00:00   1.4596e-01   3.9180e+01   1.0814e+01   0.0000e+00   0.0000e+00   4.0927e+02
20260517_19:00:00   1.4677e-01   3.9463e+01   1.1058e+01   0.0000e+00   0.0000e+00   4.0753e+02
20260517_20:00:00   1.4737e-01   3.9687e+01   1.1274e+01   0.0000e+00   4.3939e-05   3.9950e+02
20260517_21:00:00   1.4935e-01   4.0217e+01   1.1639e+01   3.1380e-05   2.4195e-03   3.9245e+02
20260517_22:00:00   1.5285e-01   4.1068e+01   1.2149e+01   8.0816e-04   9.6378e-03   3.8976e+02
20260517_23:00:00   1.5730e-01   4.2113e+01   1.2968e+01   0.0000e+00   1.9346e-03   3.8680e+02
20260518_00:00:00   1.6186e-01   4.3175e+01   1.3583e+01   7.8160e-05   1.1280e-02   3.8602e+02
20260518_01:00:00   1.6806e-01   4.4612e+01   1.4071e+01   2.0864e-03   4.6359e-02   3.8134e+02
20260518_02:00:00   1.7295e-01   4.5786e+01   1.4350e+01   3.3760e-03   1.5096e-02   3.7621e+02
20260518_03:00:00   1.6671e-01   4.4414e+01   1.3700e+01   6.7780e-04   1.0672e-04   3.7290e+02
20260518_04:00:00   1.5736e-01   4.2258e+01   1.2566e+01   0.0000e+00   1.9382e-06   3.7154e+02
20260518_05:00:00   1.4888e-01   4.0276e+01   1.1516e+01   0.0000e+00   0.0000e+00   3.6849e+02
20260518_06:00:00   1.4818e-01   4.0058e+01   1.1447e+01   0.0000e+00   0.0000e+00   3.6758e+02
20260518_07:00:00   1.5360e-01   4.1231e+01   1.2171e+01   0.0000e+00   1.6726e-04   3.6598e+02
20260518_08:00:00   1.5643e-01   4.1823e+01   1.2512e+01   0.0000e+00   1.7885e-04   3.6466e+02
20260518_09:00:00   1.5581e-01   4.1633e+01   1.2400e+01   0.0000e+00   3.9950e-04   3.6253e+02
20260518_10:00:00   1.5449e-01   4.1275e+01   1.2248e+01   0.0000e+00   1.9396e-03   3.6831e+02
20260518_11:00:00   1.5315e-01   4.0952e+01   1.2029e+01   0.0000e+00   4.3865e-03   3.7162e+02
20260518_12:00:00   1.5494e-01   4.1342e+01   1.2210e+01   0.0000e+00   6.4580e-03   3.7060e+02
20260518_13:00:00   1.5643e-01   4.1669e+01   1.2366e+01   0.0000e+00   1.1492e-02   3.7142e+02
20260518_14:00:00   1.5812e-01   4.2086e+01   1.2515e+01   0.0000e+00   1.5179e-02   3.7291e+02
20260518_15:00:00   1.5828e-01   4.2179e+01   1.2500e+01   0.0000e+00   1.1922e-02   3.7498e+02
20260518_16:00:00   1.5784e-01   4.2141e+01   1.2431e+01   0.0000e+00   7.8932e-03   3.7859e+02
20260518_17:00:00   1.5634e-01   4.1869e+01   1.2301e+01   0.0000e+00   8.4497e-03   3.8241e+02
20260518_18:00:00   1.5481e-01   4.1596e+01   1.2152e+01   0.0000e+00   1.2626e-02   3.8624e+02
20260518_19:00:00   1.5149e-01   4.0881e+01   1.1858e+01   0.0000e+00   1.7243e-02   3.9243e+02
20260518_20:00:00   1.4667e-01   3.9755e+01   1.1503e+01   0.0000e+00   1.9170e-02   3.9658e+02
20260518_21:00:00   1.4433e-01   3.9173e+01   1.1509e+01   0.0000e+00   1.6879e-02   3.9854e+02
20260518_22:00:00   1.4479e-01   3.9248e+01   1.1813e+01   0.0000e+00   1.6774e-02   3.9844e+02
20260518_23:00:00   1.4554e-01   3.9404e+01   1.2066e+01   0.0000e+00   2.6191e-02   3.9739e+02
20260519_00:00:00   1.4595e-01   3.9462e+01   1.2291e+01   0.0000e+00   3.1382e-02   3.9566e+02
20260519_01:00:00   1.4516e-01   3.9255e+01   1.2295e+01   0.0000e+00   2.6117e-02   3.9338e+02
20260519_02:00:00   1.4752e-01   3.9841e+01   1.2632e+01   0.0000e+00   2.3184e-02   3.9715e+02
20260519_03:00:00   1.4864e-01   4.0099e+01   1.2749e+01   0.0000e+00   3.9857e-03   4.0059e+02
20260519_04:00:00   1.4854e-01   4.0059e+01   1.2621e+01   0.0000e+00   1.8869e-04   3.9830e+02
20260519_05:00:00   1.4849e-01   3.9998e+01   1.2531e+01   0.0000e+00   1.6316e-05   3.9401e+02
20260519_06:00:00   1.4957e-01   4.0204e+01   1.2605e+01   0.0000e+00   5.3160e-06   3.9108e+02
20260519_07:00:00   1.5062e-01   4.0403e+01   1.2654e+01   0.0000e+00   1.1428e-06   3.8949e+02
20260519_08:00:00   1.5118e-01   4.0500e+01   1.2641e+01   0.0000e+00   0.0000e+00   3.8864e+02
20260519_09:00:00   1.4934e-01   4.0046e+01   1.2311e+01   0.0000e+00   0.0000e+00   3.8712e+02
20260519_10:00:00   1.4709e-01   3.9488e+01   1.2001e+01   0.0000e+00   1.0019e-04   3.8529e+02
20260519_11:00:00   1.4489e-01   3.8926e+01   1.1712e+01   0.0000e+00   1.1164e-04   3.8529e+02
20260519_12:00:00   1.4254e-01   3.8354e+01   1.1386e+01   0.0000e+00   0.0000e+00   3.8566e+02
20260519_13:00:00   1.4254e-01   3.8329e+01   1.1396e+01   0.0000e+00   3.5561e-04   3.8514e+02
20260519_14:00:00   1.4418e-01   3.8726e+01   1.1650e+01   0.0000e+00   3.0123e-03   3.8527e+02
20260519_15:00:00   1.4533e-01   3.9053e+01   1.1820e+01   0.0000e+00   6.0784e-03   3.8852e+02
20260519_16:00:00   1.4937e-01   4.0052e+01   1.2338e+01   0.0000e+00   5.0030e-03   3.8963e+02
20260519_17:00:00   1.5141e-01   4.0627e+01   1.2623e+01   0.0000e+00   1.1131e-02   3.9162e+02
20260519_18:00:00   1.5517e-01   4.1603e+01   1.3067e+01   0.0000e+00   7.5958e-03   3.9420e+02
20260519_19:00:00   1.5845e-01   4.2491e+01   1.3447e+01   0.0000e+00   5.0574e-03   3.9451e+02
20260519_20:00:00   1.6092e-01   4.3174e+01   1.3774e+01   0.0000e+00   3.6656e-03   3.9414e+02
20260519_21:00:00   1.6731e-01   4.4720e+01   1.4351e+01   2.5580e-03   4.9037e-03   3.9379e+02
20260519_22:00:00   1.7274e-01   4.6020e+01   1.5258e+01   1.6516e-03   6.5518e-03   3.8992e+02
20260519_23:00:00   1.9698e-01   5.1494e+01   1.6420e+01   1.9082e-02   2.3048e-02   3.8504e+02
20260520_00:00:00   1.9595e-01   5.1337e+01   1.7088e+01   1.1972e-02   2.1935e-02   3.8206e+02
20260520_01:00:00   1.8915e-01   4.9848e+01   1.6966e+01   5.5500e-03   1.1715e-02   3.8028e+02
20260520_02:00:00   1.8239e-01   4.8310e+01   1.6683e+01   7.2680e-04   1.0364e-02   3.7898e+02
20260520_03:00:00   1.8061e-01   4.7831e+01   1.6244e+01   2.0440e-03   1.3566e-02   3.7699e+02
20260520_04:00:00   1.7785e-01   4.7116e+01   1.5860e+01   1.6530e-03   1.8991e-02   3.7785e+02
20260520_05:00:00   1.8580e-01   4.8810e+01   1.5883e+01   8.7640e-03   2.5328e-02   3.7714e+02
20260520_06:00:00   1.8251e-01   4.8042e+01   1.5823e+01   3.6260e-03   1.2319e-02   3.7630e+02
20260520_07:00:00   1.7562e-01   4.6460e+01   1.5285e+01   1.4908e-04   6.6547e-03   3.7600e+02
20260520_08:00:00   1.7074e-01   4.5294e+01   1.4767e+01   0.0000e+00   3.1295e-03   3.7332e+02
20260520_09:00:00   1.6582e-01   4.4115e+01   1.4144e+01   0.0000e+00   6.1380e-06   3.7284e+02
20260520_10:00:00   1.6371e-01   4.3610e+01   1.3809e+01   0.0000e+00   0.0000e+00   3.7326e+02
20260520_11:00:00   1.6310e-01   4.3449e+01   1.3717e+01   0.0000e+00   0.0000e+00   3.7174e+02
20260520_12:00:00   1.6292e-01   4.3393e+01   1.3672e+01   0.0000e+00   1.2222e-04   3.7259e+02
20260520_13:00:00   1.6005e-01   4.2736e+01   1.3289e+01   0.0000e+00   7.8460e-06   3.7203e+02
20260520_14:00:00   1.5594e-01   4.1853e+01   1.2839e+01   0.0000e+00   2.5380e-05   3.7296e+02
20260520_15:00:00   1.5484e-01   4.1660e+01   1.2776e+01   0.0000e+00   0.0000e+00   3.6974e+02
20260520_16:00:00   1.5358e-01   4.1451e+01   1.2727e+01   0.0000e+00   7.8460e-06   3.7131e+02
20260520_17:00:00   1.5197e-01   4.1152e+01   1.2698e+01   0.0000e+00   0.0000e+00   3.6890e+02
20260520_18:00:00   1.5063e-01   4.0910e+01   1.2706e+01   0.0000e+00   5.3275e-04   3.6853e+02
20260520_19:00:00   1.5166e-01   4.1214e+01   1.3019e+01   0.0000e+00   1.3026e-03   3.6557e+02
20260520_20:00:00   1.5458e-01   4.1955e+01   1.3573e+01   0.0000e+00   3.1837e-03   3.6410e+02
20260520_21:00:00   1.5772e-01   4.2749e+01   1.4148e+01   0.0000e+00   4.6593e-03   3.6266e+02
20260520_22:00:00   1.6095e-01   4.3553e+01   1.4745e+01   0.0000e+00   1.3274e-02   3.6273e+02
20260520_23:00:00   1.6305e-01   4.4072e+01   1.5203e+01   0.0000e+00   1.5070e-02   3.6283e+02
20260521_00:00:00   1.6598e-01   4.4757e+01   1.5734e+01   0.0000e+00   2.3333e-02   3.6184e+02
20260521_01:00:00   1.7206e-01   4.6163e+01   1.6635e+01   0.0000e+00   3.8841e-02   3.6140e+02
20260521_02:00:00   1.8147e-01   4.8354e+01   1.7828e+01   0.0000e+00   6.6567e-02   3.6066e+02
20260521_03:00:00   1.8639e-01   4.9429e+01   1.8452e+01   0.0000e+00   8.5485e-02   3.6069e+02
20260521_04:00:00   1.9051e-01   5.0286e+01   1.9027e+01   0.0000e+00   1.0699e-01   3.5992e+02
20260521_05:00:00   2.0438e-01   5.3297e+01   2.0783e+01   0.0000e+00   1.4721e-01   3.6009e+02
20260521_06:00:00   2.1367e-01   5.5288e+01   2.1830e+01   0.0000e+00   2.3581e-01   3.5978e+02
20260521_07:00:00   2.1516e-01   5.5575e+01   2.1899e+01   0.0000e+00   1.8191e-01   3.5881e+02
20260521_08:00:00   2.0971e-01   5.4342e+01   2.1168e+01   0.0000e+00   5.5960e-02   3.5824e+02
20260521_09:00:00   2.0648e-01   5.3572e+01   2.0646e+01   0.0000e+00   6.8396e-02   3.5831e+02
20260521_10:00:00   1.9514e-01   5.1115e+01   1.8826e+01   0.0000e+00   8.7430e-02   3.6157e+02
20260521_11:00:00   1.8433e-01   4.8789e+01   1.6750e+01   0.0000e+00   3.1569e-02   3.6759e+02
20260521_12:00:00   1.8324e-01   4.8529e+01   1.6430e+01   0.0000e+00   3.6016e-03   3.7791e+02
20260521_13:00:00   1.8292e-01   4.8433e+01   1.6196e+01   0.0000e+00   1.2934e-06   3.8291e+02
20260521_14:00:00   1.8267e-01   4.8373e+01   1.6076e+01   0.0000e+00   3.9240e-06   3.8636e+02
20260521_15:00:00   1.8122e-01   4.8075e+01   1.5899e+01   0.0000e+00   3.0117e-03   3.8938e+02
20260521_16:00:00   1.8134e-01   4.8109e+01   1.6076e+01   0.0000e+00   6.7538e-02   3.8977e+02
20260521_17:00:00   1.8246e-01   4.8384e+01   1.6322e+01   0.0000e+00   1.3779e-01   3.9188e+02
20260521_18:00:00   1.8976e-01   4.9971e+01   1.7530e+01   0.0000e+00   2.8458e-01   3.9239e+02
20260521_19:00:00   1.9606e-01   5.1384e+01   1.8604e+01   0.0000e+00   2.5978e-02   3.9624e+02
20260521_20:00:00   1.8992e-01   5.0139e+01   1.7893e+01   0.0000e+00   1.0471e-04   4.0094e+02
20260521_21:00:00   1.8463e-01   4.9042e+01   1.7358e+01   0.0000e+00   0.0000e+00   4.0334e+02
20260521_22:00:00   1.7660e-01   4.7334e+01   1.6314e+01   1.8564e-04   3.6840e-05   4.0656e+02
20260521_23:00:00   1.7214e-01   4.6361e+01   1.5652e+01   4.6740e-04   4.3319e-04   4.0942e+02
20260522_00:00:00   1.7468e-01   4.6908e+01   1.5289e+01   6.5441e-03   1.0092e-03   4.0603e+02
20260522_03:00:00   1.6783e-01   4.5321e+01   1.5050e+01   0.0000e+00   0.0000e+00   3.9810e+02
20260522_06:00:00   1.6731e-01   4.4925e+01   1.4510e+01   0.0000e+00   1.7398e-03   3.9433e+02
20260522_09:00:00   1.6284e-01   4.3737e+01   1.3772e+01   0.0000e+00   0.0000e+00   3.8101e+02
20260522_12:00:00   1.5566e-01   4.1939e+01   1.2922e+01   0.0000e+00   0.0000e+00   3.7615e+02
20260522_15:00:00   1.5736e-01   4.2418e+01   1.3280e+01   0.0000e+00   0.0000e+00   3.7210e+02
20260522_18:00:00   1.5440e-01   4.1923e+01   1.3429e+01   0.0000e+00   2.2100e-05   3.6437e+02
20260522_21:00:00   1.5337e-01   4.1749e+01   1.3962e+01   0.0000e+00   5.1989e-03   3.5968e+02
20260523_00:00:00   1.5304e-01   4.1864e+01   1.4105e+01   0.0000e+00   3.9240e-06   3.6439e+02
20260523_03:00:00   1.5142e-01   4.1650e+01   1.3429e+01   0.0000e+00   1.6157e-02   3.6878e+02
20260523_06:00:00   1.3963e-01   3.8682e+01   1.1506e+01   0.0000e+00   1.8878e-02   3.6809e+02
20260523_09:00:00   1.3954e-01   3.8417e+01   1.1157e+01   1.6510e-03   7.9432e-02   3.6980e+02
20260523_12:00:00   1.3880e-01   3.8073e+01   1.1335e+01   0.0000e+00   1.5639e-01   3.7229e+02
20260523_15:00:00   1.3548e-01   3.7199e+01   1.0847e+01   0.0000e+00   2.0184e-01   3.7659e+02
20260523_18:00:00   1.3840e-01   3.7897e+01   1.1630e+01   0.0000e+00   1.9964e-01   3.8378e+02
20260523_21:00:00   1.4842e-01   4.0497e+01   1.3021e+01   0.0000e+00   5.7759e-02   3.9939e+02
20260524_00:00:00   1.2934e-01   3.6105e+01   1.0517e+01   0.0000e+00   0.0000e+00   4.0650e+02
20260524_03:00:00   1.2205e-01   3.4141e+01   9.7057e+00   0.0000e+00   4.2403e-04   4.0668e+02
20260524_06:00:00   1.2353e-01   3.4199e+01   1.0030e+01   0.0000e+00   3.5806e-02   4.0461e+02
20260524_09:00:00   1.2692e-01   3.4822e+01   1.0470e+01   0.0000e+00   1.0582e-01   4.0302e+02
20260524_12:00:00   1.3451e-01   3.6530e+01   1.1498e+01   0.0000e+00   4.0114e-02   3.9995e+02
20260524_15:00:00   1.5830e-01   4.2272e+01   1.4506e+01   0.0000e+00   7.2945e-03   3.8795e+02
20260524_18:00:00   1.7479e-01   4.6342e+01   1.6873e+01   0.0000e+00   1.5856e-02   3.7822e+02
20260524_21:00:00   1.8527e-01   4.8845e+01   1.8937e+01   1.7410e-05   1.4393e-02   3.7546e+02
20260525_00:00:00   1.9389e-01   5.0910e+01   2.0542e+01   0.0000e+00   3.7056e-03   3.7475e+02
20260525_03:00:00   2.2361e-01   5.7631e+01   2.4064e+01   0.0000e+00   9.4728e-02   3.7330e+02
20260525_06:00:00   2.4602e-01   6.2349e+01   2.5926e+01   1.2934e-05   3.9965e-01   3.6642e+02
20260525_09:00:00   2.5361e-01   6.3773e+01   2.6312e+01   7.8120e-04   4.0119e-01   3.6110e+02
20260525_12:00:00   2.9746e-01   7.2689e+01   2.7129e+01   3.7897e-02   3.5484e-01   3.5896e+02
20260525_15:00:00   3.8692e-01   8.9764e+01   2.6506e+01   1.4146e-01   1.6049e-01   3.6142e+02
20260525_18:00:00   5.1901e-01   1.1247e+02   2.4839e+01   2.9968e-01   1.0451e-01   3.6280e+02
20260525_21:00:00   2.5525e-01   6.4061e+01   2.2716e+01   2.1699e-02   1.3269e-01   3.6529e+02
20260526_00:00:00   1.9156e-01   5.0256e+01   1.6397e+01   1.3249e-02   4.7848e-02   3.7894e+02
20260526_03:00:00   1.2648e-01   3.4915e+01   9.4776e+00   3.7500e-05   9.6258e-03   3.9279e+02
20260526_06:00:00   1.2321e-01   3.3867e+01   8.7103e+00   0.0000e+00   1.4244e-03   4.0125e+02
20260526_09:00:00   1.3717e-01   3.6997e+01   9.8847e+00   0.0000e+00   0.0000e+00   4.2366e+02
20260526_12:00:00   1.5216e-01   4.0357e+01   1.1260e+01   0.0000e+00   1.6894e-04   4.3697e+02
20260526_15:00:00   1.5268e-01   4.0442e+01   1.1457e+01   8.3700e-04   8.7121e-04   4.3969e+02
20260526_18:00:00   1.4568e-01   3.8964e+01   1.0952e+01   5.0268e-04   9.6794e-05   4.4246e+02
20260526_21:00:00   1.4179e-01   3.8110e+01   1.0667e+01   3.2580e-03   2.3597e-03   4.4353e+02
20260527_00:00:00   1.6792e-01   4.4165e+01   1.2590e+01   1.4145e-02   1.1790e-01   4.4091e+02
20260527_03:00:00   1.8597e-01   4.8288e+01   1.5340e+01   2.6943e-03   1.6243e-01   4.3880e+02
20260527_06:00:00   1.7364e-01   4.5492e+01   1.3991e+01   0.0000e+00   1.8709e-04   4.4145e+02
20260527_09:00:00   1.8541e-01   4.7974e+01   1.5281e+01   0.0000e+00   2.1039e-01   4.3824e+02
20260527_12:00:00   2.1673e-01   5.4852e+01   1.6749e+01   1.6096e-02   2.9133e-01   4.3866e+02
20260527_15:00:00   1.9592e-01   5.0276e+01   1.6322e+01   0.0000e+00   1.0278e-01   4.3741e+02
20260527_18:00:00   2.0052e-01   5.1472e+01   1.6194e+01   1.1522e-02   2.2249e-02   4.3520e+02
20260527_21:00:00   2.1455e-01   5.4649e+01   1.7212e+01   1.7538e-02   2.6260e-01   4.2962e+02
20260528_00:00:00   1.9573e-01   5.0618e+01   1.7103e+01   2.0913e-03   1.2758e-01   4.2050e+02
20260528_03:00:00   1.8734e-01   4.8755e+01   1.6511e+01   0.0000e+00   4.5462e-02   4.1658e+02
20260528_06:00:00   1.7952e-01   4.6944e+01   1.5361e+01   0.0000e+00   7.8752e-03   4.1619e+02
20260528_09:00:00   1.7475e-01   4.5749e+01   1.4658e+01   0.0000e+00   1.7416e-02   4.1893e+02
20260528_12:00:00   1.7774e-01   4.6308e+01   1.4958e+01   0.0000e+00   8.4575e-04   4.2151e+02
20260528_15:00:00   1.7420e-01   4.5599e+01   1.4675e+01   0.0000e+00   4.9104e-03   4.2042e+02
20260528_18:00:00   1.7548e-01   4.6153e+01   1.4914e+01   2.3660e-03   5.9670e-03   4.2166e+02
20260528_21:00:00   2.0067e-01   5.1860e+01   1.6302e+01   2.0985e-02   1.0826e-01   4.1651e+02
20260529_00:00:00   1.8452e-01   4.8665e+01   1.6524e+01   0.0000e+00   2.3720e-02   4.1552e+02
20260529_03:00:00   1.7778e-01   4.7358e+01   1.5576e+01   0.0000e+00   3.5620e-06   4.0786e+02
20260529_06:00:00   1.7615e-01   4.6855e+01   1.5258e+01   0.0000e+00   1.7378e-04   4.0038e+02
20260529_09:00:00   1.7556e-01   4.6570e+01   1.5094e+01   0.0000e+00   5.5740e-03   4.0029e+02
20260529_12:00:00   1.6704e-01   4.4631e+01   1.3813e+01   0.0000e+00   0.0000e+00   3.9469e+02
20260529_15:00:00   1.6763e-01   4.4831e+01   1.4110e+01   0.0000e+00   0.0000e+00   3.8156e+02
20260529_18:00:00   1.6549e-01   4.4575e+01   1.4465e+01   0.0000e+00   0.0000e+00   3.6795e+02
20260529_21:00:00   1.6353e-01   4.4326e+01   1.4917e+01   0.0000e+00   0.0000e+00   3.7305e+02
20260530_00:00:00   1.6904e-01   4.5818e+01   1.5977e+01   0.0000e+00   0.0000e+00   3.6782e+02
20260530_03:00:00   1.8102e-01   4.8729e+01   1.7493e+01   0.0000e+00   0.0000e+00   3.5928e+02
20260530_06:00:00   1.8359e-01   4.9251e+01   1.7457e+01   0.0000e+00   0.0000e+00   3.5872e+02
20260530_09:00:00   1.8164e-01   4.8740e+01   1.6965e+01   0.0000e+00   0.0000e+00   3.5872e+02
20260530_12:00:00   1.7981e-01   4.8257e+01   1.6534e+01   0.0000e+00   0.0000e+00   3.6179e+02
20260530_15:00:00   1.8090e-01   4.8610e+01   1.6611e+01   0.0000e+00   0.0000e+00   3.6545e+02
20260530_18:00:00   1.7752e-01   4.8128e+01   1.6542e+01   0.0000e+00   0.0000e+00   3.6248e+02
20260530_21:00:00   1.6594e-01   4.5681e+01   1.5523e+01   0.0000e+00   0.0000e+00   3.6240e+02
20260531_00:00:00   1.7571e-01   4.8219e+01   1.7055e+01   0.0000e+00   0.0000e+00   3.6055e+02
20260531_03:00:00   1.7799e-01   4.8824e+01   1.7532e+01   0.0000e+00   0.0000e+00   3.5440e+02
20260531_06:00:00   1.7354e-01   4.7665e+01   1.6709e+01   0.0000e+00   0.0000e+00   3.4934e+02
20260531_09:00:00   1.6873e-01   4.6331e+01   1.5807e+01   0.0000e+00   0.0000e+00   3.4798e+02
20260531_12:00:00   1.5750e-01   4.3488e+01   1.4342e+01   0.0000e+00   0.0000e+00   3.4717e+02
20260531_15:00:00   1.6193e-01   4.4665e+01   1.5045e+01   0.0000e+00   0.0000e+00   3.4928e+02
20260531_18:00:00   1.5554e-01   4.3334e+01   1.4783e+01   0.0000e+00   0.0000e+00   3.4721e+02
20260531_21:00:00   1.6001e-01   4.4482e+01   1.5924e+01   0.0000e+00   0.0000e+00   3.4383e+02
20260601_00:00:00   1.6346e-01   4.5381e+01   1.6688e+01   0.0000e+00   0.0000e+00   3.4029e+02
20260601_03:00:00   1.7503e-01   4.8138e+01   1.8290e+01   0.0000e+00   0.0000e+00   3.3778e+02
20260601_06:00:00   1.7945e-01   4.9020e+01   1.8608e+01   0.0000e+00   0.0000e+00   3.2985e+02
20260601_09:00:00   1.8337e-01   4.9836e+01   1.8721e+01   0.0000e+00   0.0000e+00   3.2371e+02
20260601_12:00:00   1.8656e-01   5.0485e+01   1.8908e+01   0.0000e+00   2.5860e-06   3.2065e+02
20260601_15:00:00   1.8863e-01   5.1061e+01   1.8942e+01   0.0000e+00   4.2080e-05   3.2087e+02
20260601_18:00:00   1.9291e-01   5.2448e+01   1.9539e+01   0.0000e+00   0.0000e+00   3.1787e+02
20260601_21:00:00   1.9485e-01   5.3168e+01   2.0333e+01   0.0000e+00   0.0000e+00   3.1855e+02
20260602_00:00:00   2.0949e-01   5.6603e+01   2.2721e+01   0.0000e+00   0.0000e+00   3.1921e+02
