#            date       tau255        Tb[K]      pwv[mm] lwp[kg*m^-2] iwp[kg*m^-2]       o3[DU]
20260605_12:00:00   1.6415e-01   4.3906e+01   1.4289e+01   0.0000e+00   1.1448e-02   3.6173e+02
20260605_13:00:00   1.5308e-01   4.1331e+01   1.2719e+01   0.0000e+00   1.4388e-04   3.6369e+02
20260605_14:00:00   1.4267e-01   3.8891e+01   1.1367e+01   0.0000e+00   0.0000e+00   3.6525e+02
20260605_15:00:00   1.3457e-01   3.6954e+01   1.0432e+01   0.0000e+00   1.8338e-04   3.6529e+02
20260605_16:00:00   1.3177e-01   3.6282e+01   1.0130e+01   0.0000e+00   0.0000e+00   3.6747e+02
20260605_17:00:00   1.2802e-01   3.5390e+01   9.7139e+00   0.0000e+00   0.0000e+00   3.7075e+02
20260605_18:00:00   1.2903e-01   3.5634e+01   9.8925e+00   0.0000e+00   0.0000e+00   3.7272e+02
20260605_19:00:00   1.2964e-01   3.5799e+01   1.0039e+01   0.0000e+00   0.0000e+00   3.7795e+02
20260605_20:00:00   1.3156e-01   3.6283e+01   1.0388e+01   0.0000e+00   0.0000e+00   3.8449e+02
20260605_21:00:00   1.3295e-01   3.6634e+01   1.0685e+01   0.0000e+00   4.5506e-05   3.8814e+02
20260605_22:00:00   1.3506e-01   3.7140e+01   1.1092e+01   2.3540e-05   1.7936e-03   3.8719e+02
20260605_23:00:00   1.3634e-01   3.7417e+01   1.1318e+01   7.7680e-04   1.3744e-02   3.8378e+02
20260606_00:00:00   1.3275e-01   3.6568e+01   1.1040e+01   0.0000e+00   3.4594e-04   3.8144e+02
20260606_01:00:00   1.3297e-01   3.6610e+01   1.1028e+01   0.0000e+00   1.3424e-05   3.7871e+02
20260606_02:00:00   1.3723e-01   3.7619e+01   1.1515e+01   0.0000e+00   0.0000e+00   3.7592e+02
20260606_03:00:00   1.4209e-01   3.8720e+01   1.2062e+01   0.0000e+00   0.0000e+00   3.7485e+02
20260606_04:00:00   1.4384e-01   3.9037e+01   1.2257e+01   0.0000e+00   1.4458e-03   3.7687e+02
20260606_05:00:00   1.4346e-01   3.8904e+01   1.2049e+01   0.0000e+00   2.1006e-03   3.8039e+02
20260606_06:00:00   1.4234e-01   3.8625e+01   1.1659e+01   0.0000e+00   5.6945e-03   3.8294e+02
20260606_07:00:00   1.4468e-01   3.9123e+01   1.1826e+01   0.0000e+00   1.0734e-02   3.8520e+02
20260606_08:00:00   1.5053e-01   4.0412e+01   1.2470e+01   0.0000e+00   5.1216e-03   3.8801e+02
20260606_09:00:00   1.5634e-01   4.1674e+01   1.3078e+01   0.0000e+00   9.2632e-04   3.9209e+02
20260606_10:00:00   1.6027e-01   4.2506e+01   1.3447e+01   0.0000e+00   1.2052e-03   3.9665e+02
20260606_11:00:00   1.6219e-01   4.2890e+01   1.3512e+01   0.0000e+00   5.2519e-04   4.0020e+02
20260606_12:00:00   1.6380e-01   4.3209e+01   1.3551e+01   0.0000e+00   2.7714e-05   4.0321e+02
20260606_13:00:00   1.6568e-01   4.3586e+01   1.3612e+01   0.0000e+00   7.2781e-03   4.1171e+02
20260606_14:00:00   1.6892e-01   4.4334e+01   1.3478e+01   2.9100e-03   1.1092e-03   4.2326e+02
20260606_15:00:00   1.8227e-01   4.7334e+01   1.3542e+01   1.6368e-02   2.4264e-03   4.2402e+02
20260606_16:00:00   1.8747e-01   4.8493e+01   1.3693e+01   2.0415e-02   5.3980e-03   4.2563e+02
20260606_17:00:00   1.8610e-01   4.8212e+01   1.3770e+01   1.7837e-02   2.8516e-03   4.2729e+02
20260606_18:00:00   1.7123e-01   4.4901e+01   1.3580e+01   4.0502e-03   9.4612e-04   4.2823e+02
20260606_19:00:00   1.7284e-01   4.5214e+01   1.2856e+01   1.5111e-02   2.0313e-03   4.2851e+02
20260606_20:00:00   1.6773e-01   4.4005e+01   1.2405e+01   1.6070e-02   4.5653e-02   4.2628e+02
20260606_21:00:00   1.6985e-01   4.4477e+01   1.2628e+01   1.7318e-02   1.9076e-01   4.2463e+02
20260606_22:00:00   1.6740e-01   4.4000e+01   1.2857e+01   1.2690e-02   1.7617e-01   4.2240e+02
20260606_23:00:00   1.6763e-01   4.4218e+01   1.3890e+01   2.8011e-04   2.6982e-01   4.2127e+02
20260607_00:00:00   1.7083e-01   4.4909e+01   1.4183e+01   3.0700e-04   2.5379e-01   4.2226e+02
20260607_01:00:00   1.6720e-01   4.4073e+01   1.3815e+01   0.0000e+00   1.7565e-01   4.2425e+02
20260607_02:00:00   1.6306e-01   4.3173e+01   1.3317e+01   0.0000e+00   5.2747e-02   4.2251e+02
20260607_03:00:00   1.5875e-01   4.2228e+01   1.2751e+01   0.0000e+00   6.1699e-03   4.2140e+02
20260607_04:00:00   1.5594e-01   4.1574e+01   1.2332e+01   0.0000e+00   1.0019e-02   4.1979e+02
20260607_05:00:00   1.5585e-01   4.1541e+01   1.2234e+01   0.0000e+00   3.5577e-03   4.1898e+02
20260607_06:00:00   1.5318e-01   4.0882e+01   1.1888e+01   0.0000e+00   1.4305e-03   4.2027e+02
20260607_07:00:00   1.4688e-01   3.9357e+01   1.1152e+01   0.0000e+00   1.2922e-03   4.2126e+02
20260607_08:00:00   1.4206e-01   3.8166e+01   1.0557e+01   0.0000e+00   2.8466e-03   4.2076e+02
20260607_09:00:00   1.4027e-01   3.7694e+01   1.0329e+01   0.0000e+00   1.7185e-03   4.1786e+02
20260607_10:00:00   1.3994e-01   3.7568e+01   1.0321e+01   0.0000e+00   3.0897e-03   4.1554e+02
20260607_11:00:00   1.4305e-01   3.8244e+01   1.0764e+01   0.0000e+00   1.2765e-02   4.1372e+02
20260607_12:00:00   1.4644e-01   3.8980e+01   1.1337e+01   0.0000e+00   2.1284e-02   4.1055e+02
20260607_13:00:00   1.5182e-01   4.0190e+01   1.2080e+01   0.0000e+00   3.7763e-02   4.0957e+02
20260607_14:00:00   1.5793e-01   4.1594e+01   1.2872e+01   0.0000e+00   1.4969e-01   4.0791e+02
20260607_15:00:00   1.6364e-01   4.2916e+01   1.3617e+01   0.0000e+00   1.2033e-01   4.0672e+02
20260607_16:00:00   1.5806e-01   4.1765e+01   1.3042e+01   0.0000e+00   3.4026e-03   4.0725e+02
20260607_17:00:00   1.5829e-01   4.1914e+01   1.3171e+01   0.0000e+00   8.7962e-04   4.0796e+02
20260607_18:00:00   1.6029e-01   4.2491e+01   1.3422e+01   0.0000e+00   3.9911e-05   4.0855e+02
20260607_19:00:00   1.6151e-01   4.2901e+01   1.3501e+01   9.6500e-04   1.1612e-04   4.0868e+02
20260607_20:00:00   1.6073e-01   4.2859e+01   1.3452e+01   4.9440e-04   1.2868e-04   4.0866e+02
20260607_21:00:00   1.5707e-01   4.2168e+01   1.3050e+01   0.0000e+00   2.1960e-05   4.0397e+02
20260607_22:00:00   1.5486e-01   4.1765e+01   1.2832e+01   0.0000e+00   1.3306e-04   3.8852e+02
20260607_23:00:00   1.5276e-01   4.1334e+01   1.2654e+01   2.5100e-04   7.3510e-04   3.7855e+02
20260608_00:00:00   1.4743e-01   4.0094e+01   1.2150e+01   0.0000e+00   1.5482e-04   3.8125e+02
20260608_01:00:00   1.4110e-01   3.8571e+01   1.1499e+01   0.0000e+00   1.2658e-04   3.8500e+02
20260608_02:00:00   1.3316e-01   3.6677e+01   1.0573e+01   0.0000e+00   1.3694e-04   3.9135e+02
20260608_03:00:00   1.2795e-01   3.5424e+01   9.8561e+00   0.0000e+00   3.9550e-03   3.9952e+02
20260608_04:00:00   1.2435e-01   3.4497e+01   9.3161e+00   0.0000e+00   1.5205e-02   4.0069e+02
20260608_05:00:00   1.2363e-01   3.4272e+01   9.1669e+00   0.0000e+00   3.0809e-02   3.9941e+02
20260608_06:00:00   1.2655e-01   3.4919e+01   9.5302e+00   0.0000e+00   6.9547e-02   3.9960e+02
20260608_07:00:00   1.3845e-01   3.7638e+01   1.1236e+01   0.0000e+00   1.2569e-01   4.0002e+02
20260608_08:00:00   1.5098e-01   4.0476e+01   1.2964e+01   0.0000e+00   7.1560e-02   3.9986e+02
20260608_09:00:00   1.6088e-01   4.2664e+01   1.4111e+01   0.0000e+00   1.3215e-01   4.0115e+02
20260608_10:00:00   1.7887e-01   4.6647e+01   1.6007e+01   0.0000e+00   2.6962e-01   4.0425e+02
20260608_11:00:00   1.9049e-01   4.9238e+01   1.7098e+01   0.0000e+00   3.6025e-01   4.0759e+02
20260608_12:00:00   1.9689e-01   5.0690e+01   1.7352e+01   2.6868e-03   2.3363e-01   4.1145e+02
20260608_13:00:00   2.2712e-01   5.7334e+01   1.6742e+01   4.0288e-02   1.2768e-01   4.1421e+02
20260608_14:00:00   2.0736e-01   5.3116e+01   1.5640e+01   2.7752e-02   1.5502e-02   4.1238e+02
20260608_15:00:00   1.8214e-01   4.7598e+01   1.5031e+01   4.9580e-03   2.1723e-04   4.1049e+02
20260608_16:00:00   1.7582e-01   4.6229e+01   1.4801e+01   7.5388e-04   2.3398e-04   4.0995e+02
20260608_17:00:00   1.8556e-01   4.8437e+01   1.5186e+01   1.0190e-02   6.5096e-04   4.0956e+02
20260608_18:00:00   1.9997e-01   5.1681e+01   1.5319e+01   2.6900e-02   4.2161e-03   4.0868e+02
20260608_19:00:00   1.9377e-01   5.0312e+01   1.5846e+01   1.7747e-02   1.0810e-02   4.0783e+02
20260608_20:00:00   2.0188e-01   5.2066e+01   1.6405e+01   2.4044e-02   7.3110e-03   4.0655e+02
20260608_21:00:00   2.2045e-01   5.6084e+01   1.6410e+01   4.5860e-02   1.2513e-02   4.0569e+02
20260608_22:00:00   2.1764e-01   5.5590e+01   1.6972e+01   3.7996e-02   5.5207e-02   4.0434e+02
20260608_23:00:00   2.2303e-01   5.6861e+01   1.7602e+01   3.8176e-02   4.5813e-02   4.0055e+02
20260609_00:00:00   2.1215e-01   5.4585e+01   1.7887e+01   2.3517e-02   2.6358e-02   4.0007e+02
20260609_01:00:00   2.4501e-01   6.1633e+01   1.8191e+01   5.6732e-02   7.4275e-02   3.9602e+02
20260609_02:00:00   2.5264e-01   6.3349e+01   1.8901e+01   5.6906e-02   7.6166e-02   3.9583e+02
20260609_03:00:00   2.0430e-01   5.3048e+01   1.8839e+01   1.8806e-03   4.6298e-02   3.9604e+02
20260609_04:00:00   2.1405e-01   5.5153e+01   1.8936e+01   9.2820e-03   1.4030e-02   4.0012e+02
20260609_05:00:00   2.3808e-01   6.0238e+01   1.9718e+01   2.3839e-02   5.2961e-03   4.0373e+02
20260609_06:00:00   3.3085e-01   7.8866e+01   2.0349e+01   1.1745e-01   6.0528e-03   4.0462e+02
20260609_07:00:00   3.6976e-01   8.6203e+01   2.0737e+01   1.5403e-01   5.4027e-03   4.0414e+02
20260609_08:00:00   3.5221e-01   8.2970e+01   2.0941e+01   1.3115e-01   7.3133e-03   4.0324e+02
20260609_09:00:00   3.8231e-01   8.8639e+01   2.1284e+01   1.6183e-01   3.6799e-02   4.0160e+02
20260609_10:00:00   3.6754e-01   8.6336e+01   2.1551e+01   1.4387e-01   6.5204e-02   4.0195e+02
20260609_11:00:00   4.8879e-01   1.0770e+02   2.1635e+01   2.8035e-01   1.2007e-01   4.0213e+02
20260609_12:00:00   6.1039e-01   1.2653e+02   2.1747e+01   4.1603e-01   1.9777e-01   4.0189e+02
20260609_13:00:00   6.7343e-01   1.3527e+02   2.1774e+01   4.8627e-01   2.5543e-01   4.0212e+02
20260609_14:00:00   6.2472e-01   1.2836e+02   2.1646e+01   4.3329e-01   2.8980e-01   4.0348e+02
20260609_15:00:00   5.3399e-01   1.1470e+02   2.1503e+01   3.3355e-01   2.8235e-01   4.0351e+02
20260609_16:00:00   4.3489e-01   9.8168e+01   2.1203e+01   2.2517e-01   2.3338e-01   4.0327e+02
20260609_17:00:00   3.4025e-01   8.0742e+01   2.0835e+01   1.2279e-01   1.8167e-01   4.0278e+02
20260609_18:00:00   2.8038e-01   6.8921e+01   2.0585e+01   5.9492e-02   1.0467e-01   4.0279e+02
20260609_19:00:00   2.2924e-01   5.8245e+01   2.0296e+01   6.8618e-03   6.3818e-02   4.0325e+02
20260609_20:00:00   2.2572e-01   5.7549e+01   2.0229e+01   5.7411e-03   4.6863e-02   4.0398e+02
20260609_21:00:00   2.3137e-01   5.8802e+01   2.0561e+01   1.0215e-02   7.9650e-02   4.0532e+02
20260609_22:00:00   3.2375e-01   7.7790e+01   2.1272e+01   1.0633e-01   2.1221e-01   4.0644e+02
20260609_23:00:00   2.9865e-01   7.2624e+01   2.0995e+01   7.9466e-02   2.0623e-01   4.0812e+02
20260610_00:00:00   2.1494e-01   5.5181e+01   1.9641e+01   1.4733e-03   1.7266e-01   4.0880e+02
20260610_01:00:00   2.1025e-01   5.4148e+01   1.9311e+01   0.0000e+00   8.5072e-02   4.0842e+02
20260610_02:00:00   2.1067e-01   5.4270e+01   1.9408e+01   0.0000e+00   3.0427e-02   4.0837e+02
20260610_03:00:00   2.1442e-01   5.5089e+01   1.9592e+01   2.0841e-03   1.8014e-02   4.0646e+02
20260610_04:00:00   2.1455e-01   5.5089e+01   1.9726e+01   5.2800e-04   6.2725e-03   4.0415e+02
20260610_05:00:00   2.2165e-01   5.6570e+01   1.9848e+01   6.7545e-03   1.2381e-02   4.0372e+02
20260610_06:00:00   2.2011e-01   5.6198e+01   1.9884e+01   4.1005e-03   2.3121e-02   4.0412e+02
20260610_07:00:00   2.1369e-01   5.4766e+01   1.9500e+01   1.0062e-03   1.2568e-02   4.0290e+02
20260610_08:00:00   2.1333e-01   5.4601e+01   1.9484e+01   1.7716e-04   2.6770e-02   4.0207e+02
20260610_09:00:00   2.1472e-01   5.4849e+01   1.9586e+01   1.5132e-04   7.2423e-02   4.0118e+02
20260610_10:00:00   2.1719e-01   5.5359e+01   1.9471e+01   3.6044e-03   1.8815e-01   4.0124e+02
20260610_11:00:00   2.2230e-01   5.6453e+01   1.9514e+01   8.0985e-03   3.5652e-01   4.0035e+02
20260610_12:00:00   2.2102e-01   5.6171e+01   1.9388e+01   7.2515e-03   2.8618e-01   4.0189e+02
20260610_15:00:00   1.9949e-01   5.1587e+01   1.7822e+01   3.3620e-05   1.5883e-03   4.0163e+02
20260610_18:00:00   1.9625e-01   5.1102e+01   1.7709e+01   0.0000e+00   8.2330e-03   4.0396e+02
20260610_21:00:00   2.2990e-01   5.8485e+01   1.7821e+01   4.0939e-02   5.2770e-02   4.0335e+02
20260611_00:00:00   2.5602e-01   6.4229e+01   1.9788e+01   5.0861e-02   1.1036e-01   3.9960e+02
20260611_03:00:00   3.2507e-01   7.8141e+01   2.0934e+01   1.1521e-01   3.2967e-02   3.9833e+02
20260611_06:00:00   2.2976e-01   5.8578e+01   2.1152e+01   2.1320e-03   2.0497e-02   3.9868e+02
20260611_09:00:00   2.3853e-01   6.0209e+01   2.1251e+01   8.6479e-03   1.0949e-01   4.0035e+02
20260611_12:00:00   2.3084e-01   5.8613e+01   2.0910e+01   1.1284e-04   3.4127e-04   4.0083e+02
20260611_15:00:00   2.1753e-01   5.5907e+01   1.9588e+01   1.8108e-05   2.0799e-02   3.9691e+02
20260611_18:00:00   2.1589e-01   5.5910e+01   1.9130e+01   3.5698e-03   1.8229e-03   3.9592e+02
20260611_21:00:00   2.1574e-01   5.6152e+01   1.9611e+01   4.2463e-03   2.3481e-03   3.9506e+02
20260612_00:00:00   2.6088e-01   6.6002e+01   1.9722e+01   5.5900e-02   4.0684e-04   3.9550e+02
20260612_03:00:00   2.2035e-01   5.7528e+01   1.9653e+01   1.1278e-02   9.4200e-05   3.8718e+02
20260612_06:00:00   2.0594e-01   5.4332e+01   1.8687e+01   0.0000e+00   0.0000e+00   3.9173e+02
20260612_09:00:00   2.0349e-01   5.3680e+01   1.8088e+01   0.0000e+00   0.0000e+00   3.8947e+02
20260612_12:00:00   1.9771e-01   5.2241e+01   1.7325e+01   0.0000e+00   3.7000e-05   3.8071e+02
20260612_15:00:00   1.9321e-01   5.1317e+01   1.7016e+01   0.0000e+00   0.0000e+00   3.7551e+02
20260612_18:00:00   1.8877e-01   5.0608e+01   1.6905e+01   0.0000e+00   0.0000e+00   3.7196e+02
20260612_21:00:00   1.8225e-01   4.9276e+01   1.6822e+01   0.0000e+00   0.0000e+00   3.6559e+02
20260613_00:00:00   1.8956e-01   5.1166e+01   1.8288e+01   0.0000e+00   1.4948e-04   3.6174e+02
20260613_03:00:00   2.0214e-01   5.4056e+01   2.0315e+01   0.0000e+00   7.8460e-06   3.6249e+02
20260613_06:00:00   2.0602e-01   5.4812e+01   2.0692e+01   0.0000e+00   8.9040e-06   3.6105e+02
20260613_09:00:00   2.1012e-01   5.5650e+01   2.0986e+01   0.0000e+00   0.0000e+00   3.5309e+02
20260613_12:00:00   2.1128e-01   5.5792e+01   2.1095e+01   0.0000e+00   0.0000e+00   3.4992e+02
20260613_15:00:00   2.0652e-01   5.4917e+01   2.0317e+01   0.0000e+00   0.0000e+00   3.4489e+02
20260613_18:00:00   2.0682e-01   5.5280e+01   2.0818e+01   0.0000e+00   0.0000e+00   3.3924e+02
20260613_21:00:00   2.0474e-01   5.4923e+01   2.1367e+01   0.0000e+00   3.3645e-03   3.3690e+02
20260614_00:00:00   2.1544e-01   5.7582e+01   2.2996e+01   0.0000e+00   5.6652e-03   3.3378e+02
20260614_03:00:00   2.2413e-01   5.9692e+01   2.3948e+01   0.0000e+00   0.0000e+00   3.3485e+02
20260614_06:00:00   2.2334e-01   5.9306e+01   2.3822e+01   0.0000e+00   7.4760e-06   3.3261e+02
20260614_09:00:00   2.2178e-01   5.8899e+01   2.3384e+01   0.0000e+00   2.1583e-04   3.3164e+02
20260614_12:00:00   2.2746e-01   6.0127e+01   2.3521e+01   0.0000e+00   0.0000e+00   3.3167e+02
20260614_15:00:00   2.2382e-01   5.9504e+01   2.2914e+01   0.0000e+00   0.0000e+00   3.3092e+02
20260614_18:00:00   2.1200e-01   5.7177e+01   2.1851e+01   0.0000e+00   0.0000e+00   3.3151e+02
20260614_21:00:00   2.1779e-01   5.8730e+01   2.2934e+01   0.0000e+00   0.0000e+00   3.3027e+02
20260615_00:00:00   2.2717e-01   6.0972e+01   2.4575e+01   0.0000e+00   0.0000e+00   3.2878e+02
20260615_03:00:00   2.3485e-01   6.2517e+01   2.4690e+01   1.0356e-02   2.8240e-05   3.2607e+02
20260615_06:00:00   2.2011e-01   5.9242e+01   2.3346e+01   0.0000e+00   0.0000e+00   3.2948e+02
20260615_09:00:00   2.1487e-01   5.7839e+01   2.2382e+01   0.0000e+00   0.0000e+00   3.3082e+02
20260615_12:00:00   2.1608e-01   5.7824e+01   2.2842e+01   0.0000e+00   0.0000e+00   3.3818e+02
20260615_15:00:00   1.9904e-01   5.4031e+01   2.0587e+01   0.0000e+00   0.0000e+00   3.4248e+02
20260615_18:00:00   1.9817e-01   5.4069e+01   2.1069e+01   0.0000e+00   0.0000e+00   3.3934e+02
20260615_21:00:00   2.0139e-01   5.4990e+01   2.1896e+01   0.0000e+00   0.0000e+00   3.3625e+02
20260616_00:00:00   1.9946e-01   5.4592e+01   2.2125e+01   0.0000e+00   0.0000e+00   3.2858e+02
20260616_03:00:00   1.9365e-01   5.3238e+01   2.1504e+01   0.0000e+00   0.0000e+00   3.1752e+02
20260616_06:00:00   2.0543e-01   5.6085e+01   2.2221e+01   0.0000e+00   0.0000e+00   3.1328e+02
20260616_09:00:00   2.0522e-01   5.5855e+01   2.1924e+01   0.0000e+00   5.9760e-03   3.1640e+02
20260616_12:00:00   1.9812e-01   5.4140e+01   2.0853e+01   0.0000e+00   1.1770e-05   3.1726e+02
20260616_15:00:00   2.0714e-01   5.6312e+01   2.2092e+01   0.0000e+00   1.1588e-02   3.0532e+02
20260616_18:00:00   2.0763e-01   5.6617e+01   2.2948e+01   0.0000e+00   1.4501e-02   2.9840e+02
20260616_21:00:00   2.0829e-01   5.6978e+01   2.4230e+01   0.0000e+00   1.3244e-05   2.9623e+02
20260617_00:00:00   1.6357e-01   4.6076e+01   1.9033e+01   0.0000e+00   0.0000e+00   2.9597e+02
20260617_03:00:00   1.5770e-01   4.4635e+01   1.7887e+01   0.0000e+00   0.0000e+00   2.9843e+02
20260617_06:00:00   1.4101e-01   4.0377e+01   1.4667e+01   0.0000e+00   0.0000e+00   2.9834e+02
20260617_09:00:00   1.4580e-01   4.1392e+01   1.5235e+01   0.0000e+00   0.0000e+00   2.9766e+02
20260617_12:00:00   1.5055e-01   4.2317e+01   1.5417e+01   0.0000e+00   0.0000e+00   2.9719e+02
20260617_15:00:00   1.6555e-01   4.5903e+01   1.6532e+01   0.0000e+00   0.0000e+00   3.0386e+02
20260617_18:00:00   1.7087e-01   4.7337e+01   1.7192e+01   0.0000e+00   0.0000e+00   3.0466e+02
20260617_21:00:00   1.8713e-01   5.1396e+01   2.0040e+01   0.0000e+00   0.0000e+00   3.0180e+02
20260618_00:00:00   1.7685e-01   4.9179e+01   1.9259e+01   0.0000e+00   0.0000e+00   3.0368e+02
20260618_03:00:00   1.3130e-01   3.7893e+01   1.2626e+01   0.0000e+00   0.0000e+00   3.0707e+02
20260618_06:00:00   1.1707e-01   3.4024e+01   9.7483e+00   0.0000e+00   0.0000e+00   3.1242e+02
20260618_09:00:00   1.2684e-01   3.6251e+01   1.0587e+01   0.0000e+00   0.0000e+00   3.1003e+02
20260618_12:00:00   1.4022e-01   3.9382e+01   1.2154e+01   0.0000e+00   0.0000e+00   3.1562e+02
20260618_15:00:00   1.5253e-01   4.2349e+01   1.3926e+01   0.0000e+00   0.0000e+00   3.1745e+02
20260618_18:00:00   1.5652e-01   4.3410e+01   1.4999e+01   0.0000e+00   0.0000e+00   3.2021e+02
20260618_21:00:00   1.6823e-01   4.6340e+01   1.6972e+01   0.0000e+00   0.0000e+00   3.2035e+02
20260619_00:00:00   1.3197e-01   3.7487e+01   1.2319e+01   0.0000e+00   0.0000e+00   3.2632e+02
20260619_03:00:00   1.1227e-01   3.2478e+01   8.8185e+00   0.0000e+00   0.0000e+00   3.3671e+02
20260619_06:00:00   1.3655e-01   3.8235e+01   1.1222e+01   0.0000e+00   0.0000e+00   3.3650e+02
20260619_09:00:00   1.7764e-01   4.7686e+01   1.6294e+01   0.0000e+00   0.0000e+00   3.3733e+02
20260619_12:00:00   1.7824e-01   4.7772e+01   1.5995e+01   0.0000e+00   0.0000e+00   3.4800e+02
20260619_15:00:00   1.6729e-01   4.5294e+01   1.4681e+01   0.0000e+00   0.0000e+00   3.6126e+02
20260619_18:00:00   1.7594e-01   4.7459e+01   1.6151e+01   0.0000e+00   0.0000e+00   3.6746e+02
20260619_21:00:00   1.8451e-01   4.9555e+01   1.7834e+01   0.0000e+00   4.2058e-04   3.7427e+02
20260620_00:00:00   1.9369e-01   5.1652e+01   1.9075e+01   3.8660e-03   2.9833e-03   3.8096e+02
20260620_03:00:00   2.1948e-01   5.7541e+01   2.0811e+01   9.4841e-03   3.5045e-03   3.8021e+02
20260620_06:00:00   2.2680e-01   5.9055e+01   2.1332e+01   0.0000e+00   1.4990e-04   3.7507e+02
20260620_09:00:00   2.1299e-01   5.5839e+01   1.9522e+01   0.0000e+00   0.0000e+00   3.7135e+02
20260620_12:00:00   2.2291e-01   5.7795e+01   1.9070e+01   1.5164e-02   1.3912e-04   3.6946e+02
20260620_15:00:00   2.1389e-01   5.5825e+01   1.8622e+01   1.1096e-02   6.4833e-04   3.7567e+02
20260620_18:00:00   1.9788e-01   5.2369e+01   1.8453e+01   2.2885e-03   2.1939e-04   3.7322e+02
20260620_21:00:00   1.9884e-01   5.2735e+01   1.8607e+01   5.8660e-03   6.9372e-03   3.7128e+02
20260621_00:00:00   2.2159e-01   5.7923e+01   2.1745e+01   2.2195e-03   5.8896e-02   3.6727e+02
20260621_03:00:00   2.1591e-01   5.6514e+01   2.0953e+01   2.5183e-03   5.3267e-03   3.6732e+02
20260621_06:00:00   2.1546e-01   5.6269e+01   2.0579e+01   0.0000e+00   2.0053e-04   3.7230e+02
20260621_09:00:00   2.2228e-01   5.7536e+01   2.1195e+01   0.0000e+00   5.5377e-04   3.7119e+02
20260621_12:00:00   2.0872e-01   5.4451e+01   1.9404e+01   0.0000e+00   0.0000e+00   3.6033e+02
