#            date       tau255        Tb[K]      pwv[mm] lwp[kg*m^-2] iwp[kg*m^-2]       o3[DU]
20260301_06:00:00   1.2799e-01   3.4671e+01   8.8925e+00   0.0000e+00   4.5942e-04   3.2782e+02
20260301_07:00:00   1.2771e-01   3.4583e+01   8.8226e+00   0.0000e+00   2.8524e-04   3.2813e+02
20260301_08:00:00   1.2706e-01   3.4408e+01   8.7066e+00   0.0000e+00   4.3936e-05   3.3079e+02
20260301_09:00:00   1.2682e-01   3.4328e+01   8.6378e+00   0.0000e+00   1.2868e-03   3.2915e+02
20260301_10:00:00   1.2723e-01   3.4408e+01   8.6634e+00   0.0000e+00   2.2721e-03   3.2396e+02
20260301_11:00:00   1.2732e-01   3.4416e+01   8.6672e+00   0.0000e+00   2.0419e-03   3.2125e+02
20260301_12:00:00   1.2762e-01   3.4472e+01   8.7073e+00   0.0000e+00   1.3086e-03   3.2217e+02
20260301_13:00:00   1.2785e-01   3.4515e+01   8.7507e+00   0.0000e+00   1.5129e-03   3.2425e+02
20260301_14:00:00   1.2825e-01   3.4596e+01   8.8105e+00   0.0000e+00   1.0990e-03   3.2648e+02
20260301_15:00:00   1.2853e-01   3.4655e+01   8.8476e+00   0.0000e+00   1.1695e-04   3.3159e+02
20260301_16:00:00   1.2895e-01   3.4766e+01   8.9014e+00   0.0000e+00   1.2790e-04   3.3665e+02
20260301_17:00:00   1.2938e-01   3.4895e+01   8.9760e+00   0.0000e+00   1.4865e-05   3.3909e+02
20260301_18:00:00   1.2885e-01   3.4820e+01   8.9391e+00   0.0000e+00   0.0000e+00   3.3944e+02
20260301_19:00:00   1.2906e-01   3.4916e+01   8.9922e+00   0.0000e+00   0.0000e+00   3.4190e+02
20260301_20:00:00   1.2889e-01   3.4918e+01   8.9978e+00   0.0000e+00   0.0000e+00   3.4736e+02
20260301_21:00:00   1.2936e-01   3.5059e+01   9.0770e+00   0.0000e+00   0.0000e+00   3.4727e+02
20260301_22:00:00   1.2927e-01   3.5066e+01   9.1078e+00   0.0000e+00   0.0000e+00   3.4324e+02
20260301_23:00:00   1.2919e-01   3.5077e+01   9.1313e+00   0.0000e+00   0.0000e+00   3.4110e+02
20260302_00:00:00   1.2928e-01   3.5114e+01   9.1440e+00   0.0000e+00   0.0000e+00   3.3632e+02
20260302_01:00:00   1.2960e-01   3.5210e+01   9.1486e+00   0.0000e+00   0.0000e+00   3.3677e+02
20260302_02:00:00   1.2987e-01   3.5261e+01   9.1355e+00   0.0000e+00   0.0000e+00   3.3948e+02
20260302_03:00:00   1.3050e-01   3.5401e+01   9.1629e+00   0.0000e+00   0.0000e+00   3.4214e+02
20260302_04:00:00   1.3097e-01   3.5507e+01   9.1584e+00   0.0000e+00   0.0000e+00   3.4511e+02
20260302_05:00:00   1.3108e-01   3.5536e+01   9.1231e+00   0.0000e+00   0.0000e+00   3.4913e+02
20260302_06:00:00   1.3142e-01   3.5616e+01   9.1158e+00   0.0000e+00   0.0000e+00   3.5216e+02
20260302_07:00:00   1.3181e-01   3.5705e+01   9.1106e+00   0.0000e+00   0.0000e+00   3.5456e+02
20260302_08:00:00   1.3225e-01   3.5804e+01   9.1274e+00   0.0000e+00   0.0000e+00   3.4925e+02
20260302_09:00:00   1.3251e-01   3.5862e+01   9.1117e+00   0.0000e+00   0.0000e+00   3.4823e+02
20260302_10:00:00   1.3383e-01   3.6162e+01   9.2026e+00   0.0000e+00   0.0000e+00   3.5191e+02
20260302_11:00:00   1.3511e-01   3.6451e+01   9.3223e+00   0.0000e+00   0.0000e+00   3.5355e+02
20260302_12:00:00   1.3657e-01   3.6780e+01   9.5108e+00   0.0000e+00   0.0000e+00   3.5329e+02
20260302_13:00:00   1.3822e-01   3.7150e+01   9.7802e+00   0.0000e+00   0.0000e+00   3.5014e+02
20260302_14:00:00   1.4064e-01   3.7679e+01   1.0178e+01   0.0000e+00   0.0000e+00   3.5301e+02
20260302_15:00:00   1.4274e-01   3.8135e+01   1.0494e+01   0.0000e+00   0.0000e+00   3.5661e+02
20260302_16:00:00   1.4350e-01   3.8310e+01   1.0633e+01   0.0000e+00   0.0000e+00   3.5452e+02
20260302_17:00:00   1.4252e-01   3.8111e+01   1.0612e+01   0.0000e+00   0.0000e+00   3.6049e+02
20260302_18:00:00   1.4154e-01   3.7913e+01   1.0577e+01   0.0000e+00   0.0000e+00   3.5683e+02
20260302_19:00:00   1.4049e-01   3.7706e+01   1.0562e+01   0.0000e+00   0.0000e+00   3.5657e+02
20260302_20:00:00   1.3893e-01   3.7381e+01   1.0491e+01   0.0000e+00   1.5903e-04   3.5531e+02
20260302_21:00:00   1.3621e-01   3.6788e+01   1.0217e+01   0.0000e+00   2.0826e-03   3.5763e+02
20260302_22:00:00   1.3299e-01   3.6070e+01   9.8327e+00   0.0000e+00   6.2704e-03   3.5834e+02
20260302_23:00:00   1.3304e-01   3.6090e+01   9.8904e+00   0.0000e+00   1.8552e-02   3.5664e+02
20260303_00:00:00   1.3276e-01   3.6049e+01   9.8292e+00   0.0000e+00   3.1412e-02   3.5847e+02
20260303_01:00:00   1.3050e-01   3.5560e+01   9.4757e+00   0.0000e+00   7.0120e-03   3.6111e+02
20260303_02:00:00   1.2950e-01   3.5329e+01   9.3063e+00   0.0000e+00   3.6190e-04   3.5833e+02
20260303_03:00:00   1.3040e-01   3.5540e+01   9.3358e+00   0.0000e+00   0.0000e+00   3.5891e+02
20260303_04:00:00   1.3174e-01   3.5842e+01   9.4323e+00   0.0000e+00   0.0000e+00   3.5382e+02
20260303_05:00:00   1.3399e-01   3.6349e+01   9.6885e+00   0.0000e+00   4.0228e-05   3.4893e+02
20260303_06:00:00   1.3461e-01   3.6481e+01   9.7086e+00   0.0000e+00   4.4940e-04   3.5040e+02
20260303_07:00:00   1.3617e-01   3.6833e+01   9.8266e+00   0.0000e+00   2.5239e-03   3.5089e+02
20260303_08:00:00   1.3661e-01   3.6924e+01   9.8337e+00   0.0000e+00   2.8100e-03   3.4981e+02
20260303_09:00:00   1.3789e-01   3.7202e+01   9.9756e+00   0.0000e+00   4.1031e-03   3.4866e+02
20260303_10:00:00   1.3936e-01   3.7532e+01   1.0124e+01   0.0000e+00   8.0824e-03   3.4995e+02
20260303_11:00:00   1.4076e-01   3.7843e+01   1.0253e+01   0.0000e+00   4.1919e-02   3.5315e+02
20260303_12:00:00   1.4158e-01   3.8026e+01   1.0320e+01   0.0000e+00   3.3820e-02   3.5293e+02
20260303_13:00:00   1.4634e-01   3.9100e+01   1.0811e+01   0.0000e+00   1.7169e-02   3.5184e+02
20260303_14:00:00   1.4724e-01   3.9292e+01   1.0930e+01   0.0000e+00   6.5067e-03   3.5007e+02
20260303_15:00:00   1.4878e-01   3.9616e+01   1.1072e+01   0.0000e+00   1.6481e-02   3.4664e+02
20260303_16:00:00   1.5116e-01   4.0132e+01   1.1314e+01   0.0000e+00   2.7676e-02   3.4902e+02
20260303_17:00:00   1.5424e-01   4.0839e+01   1.1691e+01   0.0000e+00   5.8870e-03   3.4939e+02
20260303_18:00:00   1.5818e-01   4.1737e+01   1.2220e+01   0.0000e+00   1.7831e-02   3.5006e+02
20260303_19:00:00   1.6074e-01   4.2352e+01   1.2572e+01   9.2020e-05   2.0933e-02   3.5608e+02
20260303_20:00:00   1.6805e-01   4.3988e+01   1.3601e+01   1.0792e-03   2.1942e-02   3.6163e+02
20260303_21:00:00   1.7816e-01   4.6268e+01   1.5008e+01   1.3814e-03   8.2304e-02   3.6628e+02
20260303_22:00:00   1.8601e-01   4.8018e+01   1.6077e+01   8.0838e-04   1.4172e-01   3.6318e+02
20260303_23:00:00   1.8840e-01   4.8532e+01   1.6437e+01   4.1560e-04   2.6450e-01   3.6161e+02
20260304_00:00:00   1.8590e-01   4.7992e+01   1.6142e+01   0.0000e+00   1.8395e-01   3.6197e+02
20260304_01:00:00   1.8380e-01   4.7538e+01   1.5818e+01   0.0000e+00   7.4188e-02   3.5889e+02
20260304_02:00:00   1.8281e-01   4.7298e+01   1.5660e+01   0.0000e+00   1.6891e-01   3.5158e+02
20260304_03:00:00   1.8512e-01   4.7773e+01   1.5936e+01   0.0000e+00   2.6685e-01   3.4753e+02
20260304_04:00:00   1.8827e-01   4.8455e+01   1.6178e+01   0.0000e+00   3.6673e-01   3.4775e+02
20260304_05:00:00   1.8988e-01   4.8825e+01   1.6251e+01   0.0000e+00   2.3096e-01   3.4926e+02
20260304_06:00:00   1.8279e-01   4.7311e+01   1.5322e+01   1.5692e-05   6.1551e-02   3.5383e+02
20260304_07:00:00   1.8176e-01   4.7089e+01   1.4983e+01   0.0000e+00   1.9197e-02   3.5573e+02
20260304_08:00:00   1.8169e-01   4.7057e+01   1.4934e+01   0.0000e+00   2.3544e-02   3.5344e+02
20260304_09:00:00   1.8204e-01   4.7109e+01   1.4922e+01   0.0000e+00   1.1920e-02   3.5785e+02
20260304_10:00:00   1.8138e-01   4.6944e+01   1.4796e+01   1.1770e-05   8.1153e-04   3.6352e+02
20260304_11:00:00   1.8263e-01   4.7189e+01   1.4887e+01   1.6208e-04   1.3934e-04   3.6978e+02
20260304_12:00:00   1.8456e-01   4.7589e+01   1.4939e+01   1.7974e-03   9.2269e-05   3.7294e+02
20260304_13:00:00   2.0218e-01   5.1493e+01   1.5093e+01   1.9326e-02   5.8546e-05   3.7177e+02
20260304_14:00:00   2.2757e-01   5.7020e+01   1.5188e+01   4.7142e-02   7.3188e-05   3.7713e+02
20260304_15:00:00   2.8209e-01   6.8361e+01   1.5463e+01   1.0509e-01   2.6100e-03   3.8237e+02
20260304_16:00:00   2.8753e-01   6.9450e+01   1.5553e+01   1.0975e-01   1.4716e-02   3.9113e+02
20260304_17:00:00   2.7256e-01   6.6385e+01   1.5665e+01   9.1291e-02   1.0696e-01   3.9225e+02
20260304_18:00:00   2.8739e-01   6.9393e+01   1.5783e+01   1.0615e-01   2.0146e-01   3.9425e+02
20260304_19:00:00   2.8859e-01   6.9677e+01   1.5602e+01   1.0962e-01   1.5058e-01   3.9680e+02
20260304_20:00:00   1.9630e-01   5.0129e+01   1.4856e+01   1.3484e-02   7.3527e-02   4.0322e+02
20260304_21:00:00   1.7700e-01   4.5867e+01   1.4037e+01   9.3600e-04   4.0742e-02   4.1804e+02
20260304_22:00:00   1.7263e-01   4.4938e+01   1.3537e+01   7.5480e-04   1.0648e-01   4.1398e+02
20260304_23:00:00   1.6326e-01   4.2915e+01   1.2445e+01   0.0000e+00   3.0623e-02   4.1527e+02
20260305_00:00:00   1.5896e-01   4.1978e+01   1.1968e+01   0.0000e+00   4.8594e-05   4.1406e+02
20260305_01:00:00   1.5510e-01   4.1090e+01   1.1576e+01   0.0000e+00   0.0000e+00   4.1365e+02
20260305_02:00:00   1.5325e-01   4.0616e+01   1.1439e+01   0.0000e+00   0.0000e+00   4.1245e+02
20260305_03:00:00   1.4895e-01   3.9616e+01   1.0796e+01   0.0000e+00   2.4519e-04   4.0593e+02
20260305_04:00:00   1.4537e-01   3.8798e+01   1.0129e+01   0.0000e+00   0.0000e+00   4.0322e+02
20260305_05:00:00   1.4398e-01   3.8431e+01   9.9339e+00   0.0000e+00   1.1770e-05   3.9526e+02
20260305_06:00:00   1.3827e-01   3.7071e+01   9.2399e+00   0.0000e+00   7.5021e-04   3.9068e+02
20260305_07:00:00   1.3579e-01   3.6415e+01   9.0704e+00   0.0000e+00   1.2440e-03   3.8415e+02
20260305_08:00:00   1.3361e-01   3.5836e+01   8.9472e+00   0.0000e+00   0.0000e+00   3.7780e+02
20260305_09:00:00   1.3450e-01   3.5947e+01   9.2556e+00   0.0000e+00   0.0000e+00   3.7695e+02
20260305_10:00:00   1.3644e-01   3.6318e+01   9.6369e+00   0.0000e+00   2.4866e-05   3.8193e+02
20260305_11:00:00   1.3766e-01   3.6536e+01   9.8476e+00   0.0000e+00   4.9447e-04   3.9046e+02
20260305_12:00:00   1.3662e-01   3.6250e+01   9.7300e+00   0.0000e+00   7.7464e-03   3.9849e+02
20260305_13:00:00   1.3461e-01   3.5782e+01   9.4268e+00   0.0000e+00   3.7453e-02   4.0193e+02
20260305_14:00:00   1.3402e-01   3.5633e+01   9.3196e+00   0.0000e+00   2.2000e-02   3.9687e+02
20260305_15:00:00   1.3278e-01   3.5332e+01   9.0916e+00   0.0000e+00   7.8730e-03   3.9180e+02
20260305_16:00:00   1.3167e-01   3.5092e+01   8.8939e+00   0.0000e+00   4.6116e-04   3.8209e+02
20260305_17:00:00   1.2806e-01   3.4298e+01   8.4243e+00   0.0000e+00   1.6060e-05   3.7812e+02
20260305_18:00:00   1.2570e-01   3.3775e+01   8.1751e+00   0.0000e+00   4.8596e-05   3.7589e+02
20260305_19:00:00   1.2489e-01   3.3616e+01   8.0930e+00   0.0000e+00   5.1622e-05   3.6773e+02
20260305_20:00:00   1.2375e-01   3.3383e+01   7.9986e+00   0.0000e+00   1.6925e-05   3.6467e+02
20260305_21:00:00   1.2426e-01   3.3533e+01   8.0759e+00   0.0000e+00   0.0000e+00   3.6409e+02
20260305_22:00:00   1.2502e-01   3.3727e+01   8.1950e+00   0.0000e+00   0.0000e+00   3.6909e+02
20260305_23:00:00   1.2783e-01   3.4370e+01   8.5629e+00   0.0000e+00   1.5352e-05   3.6859e+02
20260306_00:00:00   1.2578e-01   3.3924e+01   8.2953e+00   0.0000e+00   1.0888e-06   3.7274e+02
20260306_01:00:00   1.2823e-01   3.4480e+01   8.5330e+00   0.0000e+00   5.0595e-04   3.7493e+02
20260306_02:00:00   1.2950e-01   3.4728e+01   8.6629e+00   0.0000e+00   1.1570e-03   3.7495e+02
20260306_03:00:00   1.3111e-01   3.5065e+01   8.8423e+00   0.0000e+00   1.7243e-03   3.8345e+02
20260306_04:00:00   1.3171e-01   3.5165e+01   8.8923e+00   0.0000e+00   1.3341e-03   3.8431e+02
20260306_05:00:00   1.3065e-01   3.4907e+01   8.7051e+00   0.0000e+00   6.4277e-04   3.8846e+02
20260306_06:00:00   1.3099e-01   3.4958e+01   8.6770e+00   0.0000e+00   3.1024e-03   3.8701e+02
20260306_09:00:00   1.3106e-01   3.4993e+01   8.5416e+00   0.0000e+00   0.0000e+00   3.8325e+02
20260306_12:00:00   1.2663e-01   3.4020e+01   7.9819e+00   0.0000e+00   4.4962e-04   3.7493e+02
20260306_15:00:00   1.2696e-01   3.4083e+01   8.3168e+00   0.0000e+00   2.1773e-03   3.7060e+02
20260306_18:00:00   1.3329e-01   3.5686e+01   9.4735e+00   0.0000e+00   1.9745e-03   3.6462e+02
20260306_21:00:00   1.4685e-01   3.8957e+01   1.1727e+01   0.0000e+00   6.3055e-03   3.5471e+02
20260307_00:00:00   1.7273e-01   4.5006e+01   1.5358e+01   0.0000e+00   1.4225e-02   3.5535e+02
20260307_03:00:00   1.8764e-01   4.8432e+01   1.7228e+01   0.0000e+00   1.9489e-03   3.5005e+02
20260307_06:00:00   1.9148e-01   4.9372e+01   1.7615e+01   0.0000e+00   6.3094e-03   3.4831e+02
20260307_09:00:00   1.9434e-01   5.0079e+01   1.8262e+01   0.0000e+00   3.6924e-02   3.4546e+02
20260307_12:00:00   1.9431e-01   5.0192e+01   1.7904e+01   0.0000e+00   4.7416e-05   3.3792e+02
20260307_15:00:00   1.8069e-01   4.7247e+01   1.5520e+01   0.0000e+00   7.6943e-03   3.2871e+02
20260307_18:00:00   1.6607e-01   4.4005e+01   1.3294e+01   0.0000e+00   8.1520e-03   3.1795e+02
20260307_21:00:00   1.8534e-01   4.8465e+01   1.6635e+01   0.0000e+00   4.8982e-03   3.1678e+02
20260308_00:00:00   1.8658e-01   4.8998e+01   1.6092e+01   0.0000e+00   2.9364e-03   3.2061e+02
20260308_03:00:00   1.8513e-01   4.8649e+01   1.5515e+01   9.4160e-05   3.7716e-03   3.2433e+02
20260308_06:00:00   1.8155e-01   4.7763e+01   1.4259e+01   2.8780e-04   4.6840e-05   3.3702e+02
20260308_09:00:00   1.7122e-01   4.5309e+01   1.3229e+01   0.0000e+00   2.0724e-04   3.3994e+02
20260308_12:00:00   1.5231e-01   4.0798e+01   1.1289e+01   0.0000e+00   1.4968e-03   3.4332e+02
20260308_15:00:00   1.3537e-01   3.6675e+01   9.5179e+00   0.0000e+00   2.6962e-03   3.5046e+02
20260308_18:00:00   1.2736e-01   3.4723e+01   9.1163e+00   0.0000e+00   3.8865e-03   3.5129e+02
20260308_21:00:00   1.2093e-01   3.3286e+01   8.5493e+00   0.0000e+00   4.2266e-03   3.4982e+02
20260309_00:00:00   1.2614e-01   3.4568e+01   9.4670e+00   0.0000e+00   1.7328e-03   3.5769e+02
20260309_03:00:00   1.3506e-01   3.6612e+01   1.0456e+01   0.0000e+00   1.1552e-03   3.6087e+02
20260309_06:00:00   1.3759e-01   3.7042e+01   1.0568e+01   0.0000e+00   4.0424e-03   3.5997e+02
20260309_09:00:00   1.3677e-01   3.6719e+01   1.0486e+01   0.0000e+00   5.4952e-03   3.5120e+02
20260309_12:00:00   1.4403e-01   3.8263e+01   1.1620e+01   0.0000e+00   2.8950e-03   3.4184e+02
20260309_15:00:00   1.4591e-01   3.8625e+01   1.1898e+01   0.0000e+00   6.9108e-03   3.4420e+02
20260309_18:00:00   1.4378e-01   3.8144e+01   1.1600e+01   0.0000e+00   1.1672e-02   3.6315e+02
20260309_21:00:00   1.4544e-01   3.8580e+01   1.2019e+01   0.0000e+00   1.4118e-02   3.6824e+02
20260310_00:00:00   1.4644e-01   3.8901e+01   1.2125e+01   0.0000e+00   3.3176e-03   3.6344e+02
20260310_03:00:00   1.4838e-01   3.9325e+01   1.2316e+01   0.0000e+00   1.2472e-02   3.5562e+02
20260310_06:00:00   1.4590e-01   3.8707e+01   1.1833e+01   0.0000e+00   5.9894e-03   3.5426e+02
20260310_09:00:00   1.4700e-01   3.8895e+01   1.1996e+01   0.0000e+00   6.2633e-03   3.5129e+02
20260310_12:00:00   1.4980e-01   3.9493e+01   1.2484e+01   0.0000e+00   3.7172e-03   3.5306e+02
20260310_15:00:00   1.5487e-01   4.0588e+01   1.3176e+01   0.0000e+00   1.0748e-02   3.5539e+02
20260310_18:00:00   1.5330e-01   4.0336e+01   1.2890e+01   0.0000e+00   4.6001e-03   3.6429e+02
20260310_21:00:00   1.4694e-01   3.9097e+01   1.1817e+01   0.0000e+00   1.5375e-03   3.6808e+02
20260311_00:00:00   1.4520e-01   3.8842e+01   1.1306e+01   0.0000e+00   1.4978e-03   3.6338e+02
20260311_03:00:00   1.3551e-01   3.6656e+01   9.7011e+00   0.0000e+00   1.2599e-03   3.6789e+02
20260311_06:00:00   1.3002e-01   3.5267e+01   8.8000e+00   0.0000e+00   2.1860e-04   3.7379e+02
20260311_09:00:00   1.2672e-01   3.4405e+01   8.2590e+00   0.0000e+00   7.7798e-05   3.6818e+02
20260311_12:00:00   1.2826e-01   3.4648e+01   8.6104e+00   0.0000e+00   2.2997e-03   3.6176e+02
20260311_15:00:00   1.3237e-01   3.5519e+01   9.1724e+00   0.0000e+00   2.2703e-04   3.6469e+02
20260311_18:00:00   1.3449e-01   3.6020e+01   9.5394e+00   0.0000e+00   1.2315e-03   3.6205e+02
20260311_21:00:00   1.3634e-01   3.6536e+01   1.0064e+01   0.0000e+00   5.5891e-04   3.5776e+02
20260312_00:00:00   1.3926e-01   3.7251e+01   1.0698e+01   0.0000e+00   1.6958e-04   3.5523e+02
20260312_03:00:00   1.3631e-01   3.6512e+01   1.0441e+01   0.0000e+00   2.7963e-04   3.5014e+02
20260312_06:00:00   1.3180e-01   3.5392e+01   9.7876e+00   0.0000e+00   0.0000e+00   3.4908e+02
20260312_09:00:00   1.3210e-01   3.5386e+01   9.9875e+00   0.0000e+00   2.4260e-05   3.4616e+02
20260312_12:00:00   1.3417e-01   3.5863e+01   1.0326e+01   0.0000e+00   2.0165e-04   3.4477e+02
20260312_15:00:00   1.3956e-01   3.7157e+01   1.1285e+01   0.0000e+00   2.3627e-03   3.4007e+02
20260312_18:00:00   1.3993e-01   3.7396e+01   1.1354e+01   0.0000e+00   2.7296e-03   3.3960e+02
20260312_21:00:00   1.4365e-01   3.8474e+01   1.2087e+01   0.0000e+00   4.5738e-03   3.3817e+02
20260313_00:00:00   1.4914e-01   3.9978e+01   1.2840e+01   0.0000e+00   1.1383e-03   3.3434e+02
20260313_03:00:00   1.5903e-01   4.2329e+01   1.4186e+01   0.0000e+00   3.3340e-03   3.3141e+02
20260313_06:00:00   1.6592e-01   4.3994e+01   1.4960e+01   0.0000e+00   1.2461e-03   3.2522e+02
20260313_09:00:00   1.7074e-01   4.5143e+01   1.5413e+01   0.0000e+00   2.4338e-03   3.2418e+02
20260313_12:00:00   1.7308e-01   4.5655e+01   1.5810e+01   0.0000e+00   2.4322e-03   3.2279e+02
20260313_15:00:00   1.7599e-01   4.6255e+01   1.6359e+01   0.0000e+00   2.9344e-03   3.2326e+02
20260313_18:00:00   1.8121e-01   4.7557e+01   1.7161e+01   0.0000e+00   1.9912e-03   3.3163e+02
20260313_21:00:00   1.8634e-01   4.8917e+01   1.7811e+01   0.0000e+00   6.4279e-04   3.4563e+02
20260314_00:00:00   1.7800e-01   4.7229e+01   1.6625e+01   0.0000e+00   4.4920e-05   3.5106e+02
20260314_03:00:00   1.7721e-01   4.7078e+01   1.6501e+01   0.0000e+00   1.6416e-05   3.4934e+02
20260314_06:00:00   1.8061e-01   4.7754e+01   1.6929e+01   0.0000e+00   0.0000e+00   3.5304e+02
20260314_09:00:00   1.7828e-01   4.7121e+01   1.6624e+01   0.0000e+00   0.0000e+00   3.4780e+02
20260314_12:00:00   1.4634e-01   3.9743e+01   1.1634e+01   0.0000e+00   0.0000e+00   3.4591e+02
20260314_15:00:00   1.3247e-01   3.6439e+01   9.2318e+00   0.0000e+00   4.9735e-05   3.4531e+02
20260314_18:00:00   1.2982e-01   3.5901e+01   9.0749e+00   0.0000e+00   3.8635e-04   3.4065e+02
20260314_21:00:00   1.2848e-01   3.5723e+01   9.3355e+00   0.0000e+00   7.4803e-03   3.4025e+02
20260315_00:00:00   1.3059e-01   3.6342e+01   1.0012e+01   0.0000e+00   9.1037e-03   3.3583e+02
20260315_03:00:00   1.3527e-01   3.7503e+01   1.0562e+01   0.0000e+00   1.6626e-03   3.4563e+02
20260315_06:00:00   1.4165e-01   3.8966e+01   1.1348e+01   0.0000e+00   4.7157e-04   3.4630e+02
20260315_09:00:00   1.4205e-01   3.8968e+01   1.1460e+01   0.0000e+00   0.0000e+00   3.4154e+02
20260315_12:00:00   1.3700e-01   3.7709e+01   1.0785e+01   0.0000e+00   0.0000e+00   3.3833e+02
20260315_15:00:00   1.3029e-01   3.6047e+01   9.8752e+00   0.0000e+00   4.5600e-05   3.4028e+02
20260315_18:00:00   1.2419e-01   3.4685e+01   9.0677e+00   0.0000e+00   0.0000e+00   3.3994e+02
20260315_21:00:00   1.3259e-01   3.6752e+01   1.0846e+01   0.0000e+00   0.0000e+00   3.3840e+02
20260316_00:00:00   1.2937e-01   3.6187e+01   1.0256e+01   0.0000e+00   0.0000e+00   3.3722e+02
20260316_03:00:00   1.3956e-01   3.8595e+01   1.1652e+01   0.0000e+00   0.0000e+00   3.3943e+02
20260316_06:00:00   1.4558e-01   3.9869e+01   1.2161e+01   0.0000e+00   0.0000e+00   3.3842e+02
20260316_09:00:00   1.3665e-01   3.7626e+01   1.0795e+01   0.0000e+00   7.0880e-05   3.3752e+02
20260316_12:00:00   1.3411e-01   3.6837e+01   1.0700e+01   0.0000e+00   1.3514e-02   3.3510e+02
20260316_15:00:00   1.2821e-01   3.5392e+01   9.7699e+00   0.0000e+00   2.6387e-02   3.3396e+02
20260316_18:00:00   1.2730e-01   3.5193e+01   9.7331e+00   0.0000e+00   2.1222e-02   3.3065e+02
20260316_21:00:00   1.2968e-01   3.5698e+01   1.0391e+01   0.0000e+00   2.5454e-01   3.3553e+02
20260317_00:00:00   1.3864e-01   3.7819e+01   1.1832e+01   0.0000e+00   3.0316e-01   3.4393e+02
20260317_03:00:00   1.4646e-01   3.9694e+01   1.2918e+01   2.0740e-04   4.0539e-02   3.5644e+02
20260317_06:00:00   1.4207e-01   3.8840e+01   1.1813e+01   0.0000e+00   0.0000e+00   3.5894e+02
