#            date       tau255        Tb[K]      pwv[mm] lwp[kg*m^-2] iwp[kg*m^-2]       o3[DU]
20260208_12:00:00   1.6368e-01   4.2883e+01   9.9152e+00   1.7503e-02   2.6182e-05   3.5852e+02
20260208_13:00:00   1.5903e-01   4.1815e+01   9.6009e+00   1.5599e-02   8.5989e-03   3.5502e+02
20260208_14:00:00   1.4601e-01   3.8765e+01   9.1757e+00   5.6650e-03   5.8993e-02   3.4898e+02
20260208_15:00:00   1.3808e-01   3.6869e+01   8.8768e+00   1.1188e-03   6.1991e-02   3.5049e+02
20260208_16:00:00   1.3469e-01   3.6020e+01   8.6386e+00   0.0000e+00   1.6852e-01   3.5191e+02
20260208_17:00:00   1.3232e-01   3.5442e+01   8.4419e+00   0.0000e+00   2.1106e-01   3.4960e+02
20260208_18:00:00   1.3287e-01   3.5531e+01   8.5790e+00   0.0000e+00   2.7685e-01   3.5114e+02
20260208_19:00:00   1.3365e-01   3.5687e+01   8.7869e+00   0.0000e+00   3.0998e-01   3.5252e+02
20260208_20:00:00   1.3520e-01   3.6036e+01   9.1122e+00   0.0000e+00   2.7479e-01   3.5530e+02
20260208_21:00:00   1.3637e-01   3.6287e+01   9.3286e+00   0.0000e+00   3.1164e-01   3.5723e+02
20260208_22:00:00   1.3695e-01   3.6398e+01   9.4317e+00   0.0000e+00   3.7413e-01   3.5627e+02
20260208_23:00:00   1.3872e-01   3.6785e+01   9.7141e+00   0.0000e+00   4.2203e-01   3.5734e+02
20260209_00:00:00   1.4261e-01   3.7654e+01   1.0190e+01   0.0000e+00   3.9671e-01   3.5985e+02
20260209_01:00:00   1.4378e-01   3.7923e+01   1.0309e+01   0.0000e+00   2.2972e-01   3.6665e+02
20260209_02:00:00   1.4297e-01   3.7751e+01   1.0191e+01   0.0000e+00   5.3554e-02   3.7238e+02
20260209_03:00:00   1.4160e-01   3.7441e+01   9.9547e+00   0.0000e+00   1.7299e-02   3.7605e+02
20260209_04:00:00   1.4030e-01   3.7143e+01   9.7112e+00   0.0000e+00   5.7493e-03   3.7926e+02
20260209_05:00:00   1.3762e-01   3.6533e+01   9.3061e+00   0.0000e+00   8.8245e-04   3.8204e+02
20260209_06:00:00   1.3484e-01   3.5874e+01   8.9321e+00   0.0000e+00   6.7542e-04   3.8702e+02
20260209_07:00:00   1.3301e-01   3.5432e+01   8.6578e+00   0.0000e+00   2.8746e-03   3.8962e+02
20260209_08:00:00   1.3275e-01   3.5338e+01   8.5772e+00   0.0000e+00   1.4464e-02   3.9296e+02
20260209_09:00:00   1.3141e-01   3.4989e+01   8.3796e+00   0.0000e+00   3.4628e-02   3.9292e+02
20260209_10:00:00   1.2966e-01   3.4553e+01   8.1524e+00   0.0000e+00   4.7293e-02   3.9082e+02
20260209_11:00:00   1.2982e-01   3.4568e+01   8.1969e+00   0.0000e+00   3.8059e-02   3.8943e+02
20260209_12:00:00   1.2985e-01   3.4564e+01   8.2433e+00   0.0000e+00   7.2999e-03   3.8964e+02
20260209_13:00:00   1.3152e-01   3.4933e+01   8.4527e+00   0.0000e+00   1.0829e-02   3.9278e+02
20260209_14:00:00   1.3348e-01   3.5380e+01   8.6756e+00   0.0000e+00   9.4213e-03   3.9503e+02
20260209_15:00:00   1.3585e-01   3.5923e+01   8.9132e+00   0.0000e+00   9.7379e-03   3.9669e+02
20260209_16:00:00   1.3831e-01   3.6477e+01   9.1784e+00   0.0000e+00   3.1035e-02   3.9796e+02
20260209_17:00:00   1.3881e-01   3.6606e+01   9.2374e+00   0.0000e+00   2.2082e-02   3.9846e+02
20260209_18:00:00   1.3878e-01   3.6621e+01   9.2385e+00   0.0000e+00   5.5297e-03   3.9923e+02
20260209_19:00:00   1.3845e-01   3.6578e+01   9.2038e+00   0.0000e+00   8.7760e-03   3.9948e+02
20260209_20:00:00   1.3898e-01   3.6722e+01   9.2921e+00   0.0000e+00   1.2626e-02   3.9997e+02
20260209_21:00:00   1.4025e-01   3.7028e+01   9.4418e+00   0.0000e+00   2.4972e-02   4.0032e+02
20260209_22:00:00   1.4126e-01   3.7268e+01   9.5683e+00   0.0000e+00   2.7820e-02   3.9987e+02
20260209_23:00:00   1.4361e-01   3.7812e+01   9.8353e+00   0.0000e+00   1.9473e-02   4.0093e+02
20260210_00:00:00   1.4537e-01   3.8231e+01   1.0011e+01   0.0000e+00   7.2512e-03   4.0205e+02
20260210_01:00:00   1.4480e-01   3.8113e+01   9.8769e+00   0.0000e+00   5.8247e-04   4.0304e+02
20260210_02:00:00   1.4379e-01   3.7891e+01   9.6878e+00   0.0000e+00   6.0713e-06   4.0303e+02
20260210_03:00:00   1.4274e-01   3.7658e+01   9.5240e+00   0.0000e+00   4.9285e-06   4.0277e+02
20260210_04:00:00   1.4396e-01   3.7923e+01   9.6559e+00   0.0000e+00   3.5080e-06   4.0060e+02
20260210_05:00:00   1.4609e-01   3.8388e+01   9.8678e+00   0.0000e+00   8.0020e-06   3.9669e+02
20260210_06:00:00   1.4700e-01   3.8575e+01   9.9420e+00   0.0000e+00   3.5620e-06   3.9559e+02
20260210_07:00:00   1.4550e-01   3.8233e+01   9.7333e+00   0.0000e+00   3.5620e-06   3.9718e+02
20260210_08:00:00   1.4465e-01   3.8031e+01   9.6067e+00   0.0000e+00   3.5620e-06   3.9879e+02
20260210_09:00:00   1.4363e-01   3.7789e+01   9.4765e+00   0.0000e+00   3.5080e-06   3.9940e+02
20260210_10:00:00   1.4449e-01   3.7975e+01   9.5416e+00   0.0000e+00   1.5692e-06   4.0090e+02
20260210_11:00:00   1.4456e-01   3.7978e+01   9.5423e+00   0.0000e+00   4.7080e-05   4.0097e+02
20260210_12:00:00   1.4440e-01   3.7926e+01   9.5495e+00   0.0000e+00   0.0000e+00   4.0158e+02
20260210_13:00:00   1.4545e-01   3.8149e+01   9.6900e+00   0.0000e+00   1.0984e-05   4.0182e+02
20260210_14:00:00   1.4596e-01   3.8251e+01   9.7586e+00   0.0000e+00   4.4996e-04   4.0350e+02
20260210_15:00:00   1.5092e-01   3.9372e+01   9.8312e+00   4.5500e-03   3.6552e-03   4.0270e+02
20260210_16:00:00   1.5679e-01   4.0707e+01   9.9429e+00   9.9457e-03   4.3089e-03   4.0384e+02
20260210_17:00:00   1.6077e-01   4.1633e+01   1.0030e+01   1.3522e-02   5.5691e-03   4.0440e+02
20260210_18:00:00   1.6034e-01   4.1589e+01   9.9372e+00   1.4112e-02   4.7128e-03   3.9917e+02
20260210_19:00:00   1.5246e-01   3.9843e+01   9.9255e+00   5.6659e-03   2.4185e-03   3.9544e+02
20260210_20:00:00   1.4618e-01   3.8465e+01   9.7014e+00   1.2563e-03   1.0612e-03   3.9162e+02
20260210_21:00:00   1.4175e-01   3.7506e+01   9.3777e+00   0.0000e+00   7.4936e-05   3.8755e+02
20260210_22:00:00   1.3853e-01   3.6811e+01   9.0617e+00   0.0000e+00   3.3909e-04   3.8532e+02
20260210_23:00:00   1.3562e-01   3.6168e+01   8.7646e+00   0.0000e+00   1.1344e-04   3.8600e+02
20260211_00:00:00   1.3546e-01   3.6142e+01   8.7351e+00   0.0000e+00   4.1693e-05   3.8753e+02
20260211_01:00:00   1.3448e-01   3.5905e+01   8.6184e+00   0.0000e+00   6.4677e-06   3.8989e+02
20260211_02:00:00   1.3270e-01   3.5489e+01   8.4180e+00   0.0000e+00   5.4440e-06   3.9111e+02
20260211_03:00:00   1.3211e-01   3.5350e+01   8.3367e+00   0.0000e+00   0.0000e+00   3.9164e+02
20260211_04:00:00   1.3145e-01   3.5187e+01   8.2423e+00   0.0000e+00   0.0000e+00   3.9064e+02
20260211_05:00:00   1.3055e-01   3.4971e+01   8.1228e+00   0.0000e+00   0.0000e+00   3.8844e+02
20260211_06:00:00   1.2889e-01   3.4583e+01   7.9109e+00   0.0000e+00   0.0000e+00   3.8782e+02
20260211_07:00:00   1.2710e-01   3.4158e+01   7.6869e+00   0.0000e+00   0.0000e+00   3.9248e+02
20260211_08:00:00   1.2552e-01   3.3777e+01   7.4939e+00   0.0000e+00   0.0000e+00   3.8802e+02
20260211_09:00:00   1.2380e-01   3.3363e+01   7.2824e+00   0.0000e+00   0.0000e+00   3.8604e+02
20260211_10:00:00   1.2233e-01   3.3007e+01   7.1151e+00   0.0000e+00   0.0000e+00   3.9136e+02
20260211_11:00:00   1.2156e-01   3.2817e+01   7.0434e+00   0.0000e+00   3.5520e-07   3.9927e+02
20260211_12:00:00   1.2011e-01   3.2476e+01   6.8777e+00   0.0000e+00   3.5520e-07   4.0375e+02
20260211_13:00:00   1.1843e-01   3.2082e+01   6.6824e+00   0.0000e+00   3.5520e-07   4.0500e+02
20260211_14:00:00   1.1764e-01   3.1892e+01   6.5893e+00   0.0000e+00   3.5520e-07   4.0771e+02
20260211_15:00:00   1.1676e-01   3.1681e+01   6.4800e+00   0.0000e+00   5.6940e-07   4.0636e+02
20260211_16:00:00   1.1503e-01   3.1283e+01   6.2705e+00   0.0000e+00   3.5520e-07   4.0052e+02
20260211_17:00:00   1.1413e-01   3.1107e+01   6.2007e+00   0.0000e+00   0.0000e+00   3.9760e+02
20260211_18:00:00   1.1376e-01   3.1045e+01   6.2008e+00   0.0000e+00   0.0000e+00   3.9844e+02
20260211_19:00:00   1.1240e-01   3.0768e+01   6.0905e+00   0.0000e+00   0.0000e+00   4.0030e+02
20260211_20:00:00   1.1131e-01   3.0551e+01   6.0135e+00   0.0000e+00   0.0000e+00   4.0014e+02
20260211_21:00:00   1.0963e-01   3.0187e+01   5.8637e+00   0.0000e+00   0.0000e+00   4.0321e+02
20260211_22:00:00   1.0867e-01   2.9986e+01   5.8097e+00   0.0000e+00   0.0000e+00   4.0674e+02
20260211_23:00:00   1.0874e-01   3.0015e+01   5.8684e+00   0.0000e+00   2.2140e-05   4.0398e+02
20260212_00:00:00   1.0858e-01   2.9993e+01   5.8644e+00   0.0000e+00   1.9494e-04   4.0214e+02
20260212_01:00:00   1.0926e-01   3.0138e+01   5.9648e+00   0.0000e+00   3.3243e-05   3.9437e+02
20260212_02:00:00   1.0943e-01   3.0167e+01   6.0175e+00   0.0000e+00   2.0791e-04   3.9155e+02
20260212_03:00:00   1.1014e-01   3.0319e+01   6.1271e+00   0.0000e+00   2.5353e-03   3.9124e+02
20260212_04:00:00   1.1168e-01   3.0670e+01   6.3539e+00   0.0000e+00   2.5591e-03   3.9638e+02
20260212_05:00:00   1.1341e-01   3.1075e+01   6.5938e+00   0.0000e+00   3.0593e-05   3.9890e+02
20260212_06:00:00   1.1494e-01   3.1427e+01   6.7826e+00   0.0000e+00   0.0000e+00   3.9824e+02
20260212_07:00:00   1.1667e-01   3.1832e+01   6.9699e+00   0.0000e+00   1.1376e-04   3.9776e+02
20260212_08:00:00   1.1836e-01   3.2226e+01   7.1774e+00   0.0000e+00   2.7063e-03   3.9794e+02
20260212_09:00:00   1.2017e-01   3.2651e+01   7.4291e+00   0.0000e+00   1.2782e-03   3.9559e+02
20260212_10:00:00   1.2294e-01   3.3286e+01   7.8265e+00   0.0000e+00   8.9748e-05   3.8790e+02
20260212_11:00:00   1.2484e-01   3.3716e+01   8.1059e+00   0.0000e+00   7.0134e-05   3.7817e+02
20260212_12:00:00   1.2642e-01   3.4067e+01   8.3122e+00   0.0000e+00   4.8537e-04   3.7540e+02
20260212_13:00:00   1.2693e-01   3.4182e+01   8.3376e+00   0.0000e+00   2.0438e-03   3.7351e+02
20260212_14:00:00   1.2969e-01   3.4798e+01   8.7237e+00   0.0000e+00   5.0460e-03   3.7366e+02
20260212_15:00:00   1.3096e-01   3.5073e+01   8.8659e+00   0.0000e+00   1.3284e-02   3.7571e+02
20260212_16:00:00   1.3111e-01   3.5093e+01   8.9028e+00   0.0000e+00   1.9500e-02   3.7833e+02
20260212_17:00:00   1.3418e-01   3.5770e+01   9.3852e+00   0.0000e+00   1.3409e-02   3.8073e+02
20260212_18:00:00   1.3777e-01   3.6585e+01   9.9536e+00   0.0000e+00   2.2154e-02   3.8250e+02
20260212_19:00:00   1.4913e-01   3.9170e+01   1.1592e+01   0.0000e+00   8.3834e-02   3.8243e+02
20260212_20:00:00   1.5348e-01   4.0181e+01   1.2159e+01   0.0000e+00   8.1916e-02   3.8558e+02
20260212_21:00:00   1.4658e-01   3.8697e+01   1.1138e+01   1.2934e-06   1.5896e-02   3.8684e+02
20260212_22:00:00   1.3288e-01   3.5680e+01   8.9169e+00   1.9134e-04   3.3531e-03   3.8720e+02
20260212_23:00:00   1.3050e-01   3.5176e+01   8.3827e+00   2.2720e-04   1.4475e-03   3.8527e+02
20260213_00:00:00   1.3263e-01   3.5680e+01   8.5837e+00   4.7520e-04   4.7754e-04   3.8814e+02
20260213_01:00:00   1.3481e-01   3.6180e+01   8.8164e+00   2.8420e-04   5.6886e-04   3.8775e+02
20260213_02:00:00   1.3720e-01   3.6706e+01   9.0818e+00   4.2860e-06   1.7113e-03   3.8902e+02
20260213_03:00:00   1.3915e-01   3.7131e+01   9.2817e+00   0.0000e+00   3.4599e-03   3.9013e+02
20260213_04:00:00   1.3731e-01   3.6710e+01   9.0366e+00   0.0000e+00   6.6311e-03   3.9356e+02
20260213_05:00:00   1.3843e-01   3.6939e+01   9.1538e+00   0.0000e+00   8.3171e-03   3.9435e+02
20260213_06:00:00   1.4106e-01   3.7507e+01   9.4929e+00   0.0000e+00   6.5898e-03   3.9546e+02
20260213_07:00:00   1.4240e-01   3.7768e+01   9.7075e+00   0.0000e+00   3.9065e-02   3.9412e+02
20260213_08:00:00   1.4300e-01   3.7881e+01   9.8373e+00   0.0000e+00   2.6494e-02   3.9859e+02
20260213_09:00:00   1.4588e-01   3.8487e+01   1.0291e+01   0.0000e+00   2.0486e-02   3.9570e+02
20260213_10:00:00   1.4782e-01   3.8888e+01   1.0591e+01   0.0000e+00   3.2589e-02   3.9833e+02
20260213_11:00:00   1.5123e-01   3.9614e+01   1.1076e+01   0.0000e+00   1.4273e-02   3.9721e+02
20260213_12:00:00   1.5452e-01   4.0317e+01   1.1516e+01   0.0000e+00   4.0607e-02   3.9285e+02
20260213_15:00:00   1.5529e-01   4.0422e+01   1.1454e+01   0.0000e+00   1.5002e-01   3.8976e+02
20260213_18:00:00   1.5839e-01   4.1068e+01   1.1729e+01   8.5700e-05   2.3523e-01   3.9900e+02
20260213_21:00:00   1.6971e-01   4.3613e+01   1.2492e+01   5.6428e-03   1.2267e-01   4.0756e+02
20260214_00:00:00   2.1375e-01   5.3425e+01   1.2722e+01   5.1784e-02   3.9740e-02   4.1469e+02
20260214_03:00:00   3.0674e-01   7.2794e+01   1.3442e+01   1.4768e-01   1.0920e-01   4.2321e+02
20260214_06:00:00   4.8172e-01   1.0492e+02   1.3567e+01   3.4382e-01   3.3757e-01   4.2844e+02
20260214_09:00:00   6.8454e-01   1.3522e+02   1.3508e+01   5.7140e-01   5.0624e-01   4.3259e+02
20260214_12:00:00   5.1199e-01   1.0957e+02   1.1992e+01   3.9096e-01   4.1136e-02   4.4020e+02
20260214_15:00:00   2.1878e-01   5.4607e+01   1.0549e+01   7.4526e-02   4.4964e-03   4.3749e+02
20260214_18:00:00   1.7718e-01   4.5395e+01   9.8960e+00   3.3201e-02   1.8065e-03   4.3351e+02
20260214_21:00:00   1.6697e-01   4.3075e+01   9.9066e+00   2.1277e-02   2.1905e-04   4.3928e+02
20260215_00:00:00   1.7165e-01   4.4169e+01   9.3325e+00   3.2482e-02   5.2716e-04   4.4499e+02
20260215_03:00:00   1.5124e-01   3.9512e+01   8.5002e+00   1.6726e-02   7.6458e-04   4.3686e+02
20260215_06:00:00   1.3108e-01   3.4770e+01   7.8779e+00   5.4920e-05   2.0282e-03   4.4566e+02
20260215_09:00:00   1.3001e-01   3.4431e+01   7.8643e+00   0.0000e+00   3.1008e-02   4.4868e+02
20260215_12:00:00   1.2927e-01   3.4169e+01   7.9402e+00   0.0000e+00   1.4231e-02   4.5434e+02
20260215_15:00:00   1.3029e-01   3.4353e+01   8.1717e+00   0.0000e+00   1.5362e-02   4.5172e+02
20260215_18:00:00   1.3727e-01   3.5936e+01   9.1463e+00   3.9240e-06   1.2152e-01   4.4479e+02
20260215_21:00:00   1.4013e-01   3.6634e+01   9.6038e+00   0.0000e+00   9.7079e-02   4.4522e+02
20260216_00:00:00   1.3720e-01   3.5969e+01   9.2562e+00   0.0000e+00   1.7847e-01   4.4382e+02
20260216_03:00:00   1.3266e-01   3.4934e+01   8.7427e+00   0.0000e+00   1.1283e-02   4.4508e+02
20260216_06:00:00   1.3314e-01   3.5004e+01   8.7289e+00   0.0000e+00   1.7909e-02   4.5145e+02
20260216_09:00:00   1.2962e-01   3.4142e+01   8.2988e+00   0.0000e+00   7.1811e-03   4.4835e+02
20260216_12:00:00   1.2346e-01   3.2710e+01   7.4423e+00   0.0000e+00   1.2553e-03   4.4447e+02
20260216_15:00:00   1.2235e-01   3.2401e+01   7.1335e+00   0.0000e+00   1.0827e-03   4.4502e+02
20260216_18:00:00   1.2051e-01   3.1992e+01   6.8688e+00   3.6860e-05   2.4245e-04   4.4129e+02
20260216_21:00:00   1.2484e-01   3.3043e+01   7.0190e+00   3.5932e-03   4.5481e-04   4.4296e+02
20260217_00:00:00   1.2445e-01   3.2984e+01   7.3172e+00   0.0000e+00   2.7351e-04   4.4711e+02
20260217_03:00:00   1.2224e-01   3.2494e+01   6.9779e+00   0.0000e+00   2.4908e-05   4.5004e+02
20260217_06:00:00   1.2170e-01   3.2354e+01   6.8994e+00   0.0000e+00   2.0436e-03   4.4562e+02
20260217_09:00:00   1.2570e-01   3.3221e+01   7.4806e+00   0.0000e+00   2.2274e-02   4.4092e+02
20260217_12:00:00   1.2882e-01   3.3900e+01   8.0273e+00   0.0000e+00   2.1099e-02   4.4173e+02
20260217_15:00:00   1.3287e-01   3.4778e+01   8.5111e+00   0.0000e+00   1.5234e-01   4.4641e+02
20260217_18:00:00   1.3781e-01   3.5931e+01   9.0015e+00   0.0000e+00   2.1141e-01   4.4586e+02
20260217_21:00:00   1.3509e-01   3.5388e+01   8.7447e+00   0.0000e+00   5.3365e-02   4.3888e+02
20260218_00:00:00   1.3196e-01   3.4693e+01   8.4816e+00   0.0000e+00   7.4547e-03   4.5534e+02
20260218_03:00:00   1.2636e-01   3.3409e+01   7.7728e+00   0.0000e+00   1.9872e-03   4.7327e+02
20260218_06:00:00   1.2821e-01   3.3807e+01   7.9142e+00   0.0000e+00   4.2097e-03   4.7580e+02
20260218_09:00:00   1.3000e-01   3.4190e+01   8.1429e+00   0.0000e+00   2.4362e-02   4.7619e+02
20260218_12:00:00   1.3320e-01   3.4911e+01   8.4476e+00   0.0000e+00   2.3637e-02   4.9913e+02
20260218_15:00:00   1.3166e-01   3.4605e+01   8.2120e+00   0.0000e+00   2.5780e-03   4.8005e+02
20260218_18:00:00   1.2831e-01   3.3940e+01   7.8980e+00   0.0000e+00   2.4437e-03   4.5453e+02
20260218_21:00:00   1.3181e-01   3.4805e+01   8.3124e+00   3.3254e-03   2.1590e-02   4.4412e+02
20260219_00:00:00   1.3309e-01   3.5064e+01   9.3903e+00   0.0000e+00   5.0760e-02   4.2316e+02
20260219_03:00:00   1.4322e-01   3.7326e+01   1.0405e+01   0.0000e+00   4.1470e-01   4.1701e+02
20260219_06:00:00   1.5107e-01   3.9120e+01   1.0964e+01   0.0000e+00   2.2017e-01   4.2022e+02
20260219_09:00:00   1.5564e-01   4.0206e+01   1.1091e+01   2.4940e-05   3.1524e-01   4.3080e+02
20260219_12:00:00   1.6465e-01   4.2272e+01   1.0747e+01   1.2784e-02   2.3352e-01   4.2710e+02
20260219_15:00:00   1.6004e-01   4.1168e+01   1.0677e+01   8.3460e-03   2.6579e-01   4.3382e+02
20260219_18:00:00   1.5274e-01   3.9526e+01   1.0551e+01   3.1547e-04   3.7690e-01   4.4073e+02
20260219_21:00:00   1.5543e-01   4.0191e+01   1.0195e+01   7.2004e-03   1.0845e-01   4.4166e+02
20260220_00:00:00   1.4288e-01   3.7373e+01   9.5028e+00   8.4930e-04   1.9504e-02   4.4088e+02
20260220_03:00:00   1.4107e-01   3.6869e+01   9.3285e+00   3.6780e-04   3.8216e-03   4.4072e+02
20260220_06:00:00   1.4038e-01   3.6653e+01   9.1434e+00   1.3292e-03   6.5009e-03   4.4497e+02
20260220_09:00:00   1.5293e-01   3.9551e+01   8.9393e+00   1.5582e-02   7.2451e-03   4.5595e+02
20260220_12:00:00   1.6272e-01   4.1752e+01   9.2068e+00   2.4052e-02   1.4773e-02   4.5190e+02
20260220_15:00:00   1.5692e-01   4.0343e+01   9.9783e+00   1.0160e-02   1.8205e-01   4.4283e+02
20260220_18:00:00   1.4986e-01   3.8743e+01   1.0117e+01   8.6840e-04   2.1373e-01   4.4348e+02
20260220_21:00:00   1.5290e-01   3.9478e+01   1.0305e+01   1.9810e-03   2.4364e-01   4.2910e+02
20260221_00:00:00   1.5297e-01   3.9588e+01   9.6479e+00   8.6831e-03   3.6700e-02   4.2782e+02
20260221_03:00:00   1.4472e-01   3.7627e+01   9.4316e+00   1.2874e-04   1.3064e-01   4.2582e+02
20260221_06:00:00   1.7722e-01   4.4888e+01   9.1735e+00   3.8906e-02   4.9241e-02   4.2824e+02
20260221_09:00:00   2.3502e-01   5.7386e+01   9.0017e+00   1.0645e-01   9.2941e-03   4.2359e+02
20260221_12:00:00   1.5142e-01   3.9069e+01   1.0368e+01   0.0000e+00   3.0806e-01   4.1943e+02
20260221_15:00:00   1.5678e-01   4.0328e+01   1.1108e+01   0.0000e+00   5.6944e-01   4.0804e+02
20260221_18:00:00   1.5864e-01   4.0863e+01   1.1438e+01   1.9510e-04   3.2503e-01   4.0148e+02
20260221_21:00:00   1.7265e-01   4.4270e+01   9.6444e+00   3.0293e-02   8.5132e-02   3.9753e+02
20260222_00:00:00   3.5413e-01   8.1686e+01   9.1284e+00   2.3909e-01   9.9539e-03   3.9741e+02
20260222_03:00:00   2.5930e-01   6.3073e+01   9.0935e+00   1.3363e-01   5.7379e-03   3.9608e+02
20260222_06:00:00   2.5962e-01   6.3065e+01   9.4898e+00   1.3046e-01   1.3720e-02   3.9473e+02
20260222_09:00:00   2.1133e-01   5.2734e+01   1.0329e+01   7.2097e-02   3.8078e-02   3.9284e+02
20260222_12:00:00   1.7604e-01   4.4938e+01   1.0568e+01   3.1659e-02   2.3921e-02   3.9590e+02
20260222_15:00:00   2.0335e-01   5.0868e+01   1.1353e+01   5.5523e-02   1.0435e-02   3.9257e+02
20260222_18:00:00   2.4802e-01   6.0277e+01   1.2555e+01   9.2361e-02   2.4747e-01   4.0046e+02
20260222_21:00:00   2.3329e-01   5.7387e+01   1.3343e+01   6.7984e-02   4.7874e-01   4.0240e+02
20260223_00:00:00   6.1730e-01   1.2508e+02   1.3779e+01   4.9512e-01   2.5095e-01   4.0448e+02
20260223_03:00:00   4.1793e-01   9.3680e+01   1.3287e+01   2.7645e-01   2.1624e-01   4.1374e+02
20260223_06:00:00   6.6815e-01   1.3260e+02   1.1990e+01   5.6934e-01   1.9836e-01   4.3184e+02
20260223_09:00:00   1.7697e-01   4.5434e+01   8.8905e+00   4.3535e-02   4.8806e-03   4.5390e+02
20260223_12:00:00   2.5373e-01   6.1757e+01   9.2083e+00   1.2634e-01   3.9656e-02   4.5330e+02
20260223_15:00:00   2.2509e-01   5.5611e+01   8.9332e+00   9.6201e-02   1.2862e-02   4.5016e+02
20260223_18:00:00   1.9526e-01   4.9015e+01   9.3847e+00   5.8033e-02   1.3498e-02   4.4566e+02
20260223_21:00:00   2.1381e-01   5.3249e+01   9.2644e+00   7.8505e-02   3.4306e-03   4.4388e+02
20260224_00:00:00   1.9127e-01   4.8326e+01   1.0316e+01   4.4126e-02   8.9679e-02   4.4016e+02
20260224_03:00:00   1.9865e-01   4.9885e+01   9.5675e+00   5.9329e-02   4.8018e-02   4.4732e+02
20260224_06:00:00   1.5503e-01   4.0075e+01   8.6751e+00   1.8536e-02   6.2632e-02   4.4746e+02
20260224_09:00:00   1.5891e-01   4.1022e+01   7.6661e+00   3.1645e-02   2.8343e-03   4.4431e+02
20260224_12:00:00   1.4582e-01   3.7791e+01   9.4405e+00   5.5187e-04   3.7791e-01   4.4404e+02
