#            date       tau255        Tb[K]      pwv[mm] lwp[kg*m^-2] iwp[kg*m^-2]       o3[DU]
20251219_06:00:00   8.5572e-02   2.5003e+01   7.6297e+00   0.0000e+00   0.0000e+00   2.5842e+02
20251219_07:00:00   8.4267e-02   2.4670e+01   7.4510e+00   0.0000e+00   0.0000e+00   2.5853e+02
20251219_08:00:00   8.2822e-02   2.4323e+01   7.1789e+00   0.0000e+00   8.3700e-06   2.5969e+02
20251219_09:00:00   8.0278e-02   2.3699e+01   6.7183e+00   0.0000e+00   1.2024e-04   2.6118e+02
20251219_10:00:00   7.6022e-02   2.2628e+01   5.9795e+00   0.0000e+00   2.7199e-03   2.6265e+02
20251219_11:00:00   7.2014e-02   2.1595e+01   5.3172e+00   0.0000e+00   1.6271e-03   2.6375e+02
20251219_12:00:00   6.9173e-02   2.0859e+01   4.8911e+00   0.0000e+00   1.9772e-05   2.6410e+02
20251219_13:00:00   6.8772e-02   2.0755e+01   4.8289e+00   0.0000e+00   1.0452e-04   2.6378e+02
20251219_14:00:00   6.8749e-02   2.0753e+01   4.8107e+00   0.0000e+00   2.2640e-04   2.6453e+02
20251219_15:00:00   6.8151e-02   2.0592e+01   4.6954e+00   0.0000e+00   0.0000e+00   2.6444e+02
20251219_16:00:00   6.6999e-02   2.0283e+01   4.5168e+00   0.0000e+00   0.0000e+00   2.6514e+02
20251219_17:00:00   6.5840e-02   1.9966e+01   4.3341e+00   0.0000e+00   0.0000e+00   2.6643e+02
20251219_18:00:00   6.4621e-02   1.9635e+01   4.1469e+00   0.0000e+00   0.0000e+00   2.6609e+02
20251219_19:00:00   6.4528e-02   1.9596e+01   4.1584e+00   0.0000e+00   0.0000e+00   2.6655e+02
20251219_20:00:00   6.5106e-02   1.9744e+01   4.2555e+00   0.0000e+00   0.0000e+00   2.6698e+02
20251219_21:00:00   6.6136e-02   2.0010e+01   4.4172e+00   0.0000e+00   0.0000e+00   2.6722e+02
20251219_22:00:00   6.6156e-02   2.0007e+01   4.4230e+00   0.0000e+00   0.0000e+00   2.6670e+02
20251219_23:00:00   6.4826e-02   1.9664e+01   4.1906e+00   0.0000e+00   0.0000e+00   2.6745e+02
20251220_00:00:00   6.3741e-02   1.9387e+01   3.9850e+00   0.0000e+00   0.0000e+00   2.6688e+02
20251220_01:00:00   6.2629e-02   1.9103e+01   3.7845e+00   0.0000e+00   0.0000e+00   2.6642e+02
20251220_02:00:00   6.1978e-02   1.8929e+01   3.6569e+00   0.0000e+00   0.0000e+00   2.6481e+02
20251220_03:00:00   6.0831e-02   1.8622e+01   3.4628e+00   0.0000e+00   1.9436e-04   2.6467e+02
20251220_04:00:00   5.9925e-02   1.8373e+01   3.3300e+00   0.0000e+00   7.6640e-04   2.6462e+02
20251220_05:00:00   5.9125e-02   1.8151e+01   3.2128e+00   0.0000e+00   5.2180e-05   2.6422e+02
20251220_06:00:00   5.8943e-02   1.8089e+01   3.1951e+00   0.0000e+00   3.7840e-06   2.6440e+02
20251220_07:00:00   5.9497e-02   1.8212e+01   3.3297e+00   0.0000e+00   0.0000e+00   2.6326e+02
20251220_08:00:00   6.1205e-02   1.8625e+01   3.6963e+00   0.0000e+00   0.0000e+00   2.6354e+02
20251220_09:00:00   6.3507e-02   1.9195e+01   4.1450e+00   0.0000e+00   1.2754e-04   2.6517e+02
20251220_10:00:00   6.5545e-02   1.9702e+01   4.5395e+00   0.0000e+00   0.0000e+00   2.6506e+02
20251220_11:00:00   6.5850e-02   1.9780e+01   4.6060e+00   0.0000e+00   0.0000e+00   2.6443e+02
20251220_12:00:00   6.6724e-02   2.0000e+01   4.7767e+00   0.0000e+00   0.0000e+00   2.6437e+02
20251220_13:00:00   6.7557e-02   2.0213e+01   4.9194e+00   0.0000e+00   0.0000e+00   2.6390e+02
20251220_14:00:00   6.7850e-02   2.0295e+01   4.9588e+00   0.0000e+00   0.0000e+00   2.6453e+02
20251220_15:00:00   6.8324e-02   2.0423e+01   5.0246e+00   0.0000e+00   0.0000e+00   2.6319e+02
20251220_16:00:00   6.7311e-02   2.0201e+01   4.7363e+00   0.0000e+00   0.0000e+00   2.6031e+02
20251220_17:00:00   6.6275e-02   1.9967e+01   4.4544e+00   0.0000e+00   0.0000e+00   2.5844e+02
20251220_18:00:00   6.6706e-02   2.0078e+01   4.5039e+00   0.0000e+00   0.0000e+00   2.5604e+02
20251220_19:00:00   6.6983e-02   2.0139e+01   4.5799e+00   0.0000e+00   0.0000e+00   2.5462e+02
20251220_20:00:00   6.7615e-02   2.0297e+01   4.6905e+00   0.0000e+00   0.0000e+00   2.5318e+02
20251220_21:00:00   6.8500e-02   2.0527e+01   4.8158e+00   0.0000e+00   0.0000e+00   2.5283e+02
20251220_22:00:00   6.8408e-02   2.0513e+01   4.7690e+00   0.0000e+00   0.0000e+00   2.5270e+02
20251220_23:00:00   6.7928e-02   2.0398e+01   4.6662e+00   0.0000e+00   0.0000e+00   2.5300e+02
20251221_00:00:00   6.6605e-02   2.0057e+01   4.4356e+00   0.0000e+00   0.0000e+00   2.5321e+02
20251221_01:00:00   6.5620e-02   1.9804e+01   4.2625e+00   0.0000e+00   0.0000e+00   2.5353e+02
20251221_02:00:00   6.6320e-02   1.9992e+01   4.3772e+00   0.0000e+00   0.0000e+00   2.5360e+02
20251221_03:00:00   6.8788e-02   2.0638e+01   4.7661e+00   0.0000e+00   0.0000e+00   2.5310e+02
20251221_04:00:00   7.1544e-02   2.1356e+01   5.1883e+00   0.0000e+00   0.0000e+00   2.5348e+02
20251221_05:00:00   7.3809e-02   2.1938e+01   5.5409e+00   0.0000e+00   0.0000e+00   2.5371e+02
20251221_06:00:00   7.5236e-02   2.2306e+01   5.7689e+00   0.0000e+00   0.0000e+00   2.5417e+02
20251221_07:00:00   7.6231e-02   2.2547e+01   5.9446e+00   0.0000e+00   0.0000e+00   2.5449e+02
20251221_08:00:00   7.6218e-02   2.2532e+01   5.9603e+00   0.0000e+00   0.0000e+00   2.5378e+02
20251221_09:00:00   7.5795e-02   2.2416e+01   5.9068e+00   0.0000e+00   0.0000e+00   2.5229e+02
20251221_10:00:00   7.4399e-02   2.2051e+01   5.6832e+00   0.0000e+00   0.0000e+00   2.5196e+02
20251221_11:00:00   7.2864e-02   2.1652e+01   5.4463e+00   0.0000e+00   0.0000e+00   2.5142e+02
20251221_12:00:00   7.1989e-02   2.1413e+01   5.3278e+00   0.0000e+00   0.0000e+00   2.5052e+02
20251221_13:00:00   7.1835e-02   2.1373e+01   5.3020e+00   0.0000e+00   0.0000e+00   2.5002e+02
20251221_14:00:00   7.2412e-02   2.1527e+01   5.3835e+00   0.0000e+00   0.0000e+00   2.4944e+02
20251221_15:00:00   7.3396e-02   2.1785e+01   5.5308e+00   0.0000e+00   0.0000e+00   2.4876e+02
20251221_16:00:00   7.4649e-02   2.2110e+01   5.7222e+00   0.0000e+00   0.0000e+00   2.4794e+02
20251221_17:00:00   7.5306e-02   2.2286e+01   5.8216e+00   0.0000e+00   0.0000e+00   2.4894e+02
20251221_18:00:00   7.5670e-02   2.2388e+01   5.8809e+00   0.0000e+00   0.0000e+00   2.4863e+02
20251221_19:00:00   7.6168e-02   2.2512e+01   5.9632e+00   0.0000e+00   0.0000e+00   2.4835e+02
20251221_20:00:00   7.6173e-02   2.2505e+01   5.9829e+00   0.0000e+00   0.0000e+00   2.4750e+02
20251221_21:00:00   7.4592e-02   2.2092e+01   5.7499e+00   0.0000e+00   0.0000e+00   2.4629e+02
20251221_22:00:00   7.2421e-02   2.1526e+01   5.4289e+00   0.0000e+00   0.0000e+00   2.4631e+02
20251221_23:00:00   6.9411e-02   2.0742e+01   4.9893e+00   0.0000e+00   1.5139e-05   2.4691e+02
20251222_00:00:00   6.7161e-02   2.0152e+01   4.6378e+00   0.0000e+00   4.8555e-03   2.4669e+02
20251222_01:00:00   6.5273e-02   1.9660e+01   4.3356e+00   0.0000e+00   1.1618e-02   2.4533e+02
20251222_02:00:00   6.3668e-02   1.9250e+01   4.0650e+00   0.0000e+00   1.1914e-02   2.4393e+02
20251222_03:00:00   6.2381e-02   1.8922e+01   3.8551e+00   0.0000e+00   2.1401e-03   2.4440e+02
20251222_04:00:00   6.1486e-02   1.8700e+01   3.6727e+00   0.0000e+00   7.1020e-05   2.4468e+02
20251222_05:00:00   6.0755e-02   1.8517e+01   3.5255e+00   0.0000e+00   1.2017e-03   2.4424e+02
20251222_06:00:00   6.0737e-02   1.8507e+01   3.5219e+00   0.0000e+00   3.4241e-03   2.4574e+02
20251222_07:00:00   6.0780e-02   1.8515e+01   3.5190e+00   0.0000e+00   3.1392e-03   2.4705e+02
20251222_08:00:00   6.0894e-02   1.8541e+01   3.5305e+00   0.0000e+00   3.9063e-03   2.4886e+02
20251222_09:00:00   6.0334e-02   1.8403e+01   3.4153e+00   0.0000e+00   1.6852e-04   2.4957e+02
20251222_10:00:00   6.0121e-02   1.8347e+01   3.3720e+00   0.0000e+00   1.9190e-05   2.4996e+02
20251222_11:00:00   5.9963e-02   1.8305e+01   3.3442e+00   0.0000e+00   5.7100e-05   2.4972e+02
20251222_12:00:00   6.0089e-02   1.8333e+01   3.3601e+00   0.0000e+00   1.9606e-06   2.4981e+02
20251222_13:00:00   6.0213e-02   1.8364e+01   3.3724e+00   0.0000e+00   5.4320e-06   2.5017e+02
20251222_14:00:00   5.9766e-02   1.8251e+01   3.2834e+00   0.0000e+00   2.3880e-05   2.4966e+02
20251222_15:00:00   5.9103e-02   1.8081e+01   3.1438e+00   0.0000e+00   7.5700e-06   2.4921e+02
20251222_16:00:00   5.8601e-02   1.7956e+01   3.0398e+00   0.0000e+00   9.2620e-06   2.4980e+02
20251222_17:00:00   5.8172e-02   1.7847e+01   2.9561e+00   0.0000e+00   0.0000e+00   2.4951e+02
20251222_18:00:00   5.7962e-02   1.7794e+01   2.9182e+00   0.0000e+00   0.0000e+00   2.4892e+02
20251222_19:00:00   5.8124e-02   1.7839e+01   2.9480e+00   0.0000e+00   0.0000e+00   2.4947e+02
20251222_20:00:00   5.9524e-02   1.8214e+01   3.1589e+00   0.0000e+00   0.0000e+00   2.4947e+02
20251222_21:00:00   6.0011e-02   1.8338e+01   3.2376e+00   0.0000e+00   0.0000e+00   2.5022e+02
20251222_22:00:00   6.0426e-02   1.8443e+01   3.3081e+00   0.0000e+00   8.1480e-06   2.5114e+02
20251222_23:00:00   5.9913e-02   1.8315e+01   3.2026e+00   0.0000e+00   7.9460e-04   2.5115e+02
20251223_00:00:00   5.9037e-02   1.8081e+01   3.0580e+00   0.0000e+00   3.0065e-03   2.5252e+02
20251223_01:00:00   5.7545e-02   1.7694e+01   2.8005e+00   0.0000e+00   3.7506e-03   2.5305e+02
20251223_02:00:00   5.7385e-02   1.7633e+01   2.8056e+00   0.0000e+00   1.3255e-02   2.5221e+02
20251223_03:00:00   5.7235e-02   1.7586e+01   2.7952e+00   0.0000e+00   2.3863e-02   2.5367e+02
20251223_04:00:00   5.6985e-02   1.7514e+01   2.7699e+00   0.0000e+00   8.9481e-03   2.5578e+02
20251223_05:00:00   5.7166e-02   1.7545e+01   2.8382e+00   0.0000e+00   1.9296e-02   2.5674e+02
20251223_06:00:00   5.9550e-02   1.8097e+01   3.3668e+00   0.0000e+00   3.8816e-02   2.5677e+02
20251223_07:00:00   5.8475e-02   1.7851e+01   3.0926e+00   0.0000e+00   4.3159e-02   2.5643e+02
20251223_08:00:00   5.9783e-02   1.8165e+01   3.3558e+00   0.0000e+00   7.3764e-02   2.5683e+02
20251223_09:00:00   5.9738e-02   1.8175e+01   3.3157e+00   0.0000e+00   3.4610e-02   2.5638e+02
20251223_10:00:00   6.0830e-02   1.8444e+01   3.5316e+00   0.0000e+00   2.8036e-02   2.5603e+02
20251223_11:00:00   6.1320e-02   1.8559e+01   3.6370e+00   0.0000e+00   2.4007e-02   2.5693e+02
20251223_12:00:00   6.3597e-02   1.9085e+01   4.1373e+00   0.0000e+00   5.7382e-02   2.5627e+02
20251223_13:00:00   6.4150e-02   1.9211e+01   4.2571e+00   0.0000e+00   4.4757e-02   2.5483e+02
20251223_14:00:00   6.3691e-02   1.9098e+01   4.1515e+00   0.0000e+00   8.7403e-02   2.5390e+02
20251223_15:00:00   6.3950e-02   1.9174e+01   4.2023e+00   0.0000e+00   6.1795e-02   2.5370e+02
20251223_16:00:00   6.4786e-02   1.9379e+01   4.3551e+00   0.0000e+00   6.1946e-02   2.5469e+02
20251223_17:00:00   6.6034e-02   1.9702e+01   4.5918e+00   0.0000e+00   7.7720e-03   2.5400e+02
20251223_18:00:00   6.9158e-02   2.0506e+01   5.0756e+00   0.0000e+00   1.5307e-02   2.5370e+02
20251223_19:00:00   6.8848e-02   2.0487e+01   4.8783e+00   0.0000e+00   2.8795e-02   2.5596e+02
20251223_20:00:00   6.9533e-02   2.0661e+01   4.9910e+00   0.0000e+00   6.1501e-02   2.5728e+02
20251223_21:00:00   6.7222e-02   2.0090e+01   4.6102e+00   0.0000e+00   4.3593e-02   2.5646e+02
20251223_22:00:00   6.8854e-02   2.0480e+01   4.9058e+00   0.0000e+00   3.0643e-02   2.5655e+02
20251223_23:00:00   7.3026e-02   2.1486e+01   5.7269e+00   0.0000e+00   4.4390e-02   2.5593e+02
20251224_00:00:00   7.5869e-02   2.2172e+01   6.2823e+00   0.0000e+00   5.2928e-02   2.5588e+02
20251224_01:00:00   7.8926e-02   2.2915e+01   6.8666e+00   0.0000e+00   2.2256e-02   2.5704e+02
20251224_02:00:00   8.3317e-02   2.3997e+01   7.5618e+00   0.0000e+00   6.5824e-02   2.5633e+02
20251224_03:00:00   8.9529e-02   2.5510e+01   8.5289e+00   0.0000e+00   1.0142e-01   2.5579e+02
20251224_04:00:00   9.4025e-02   2.6612e+01   9.2203e+00   0.0000e+00   1.2148e-01   2.5359e+02
20251224_05:00:00   1.1622e-01   3.1990e+01   1.0587e+01   1.3700e-02   8.4763e-02   2.5284e+02
20251224_06:00:00   3.0179e-01   7.2826e+01   1.6732e+01   1.7019e-01   5.0925e-01   2.5352e+02
20251224_09:00:00   6.5678e-01   1.3267e+02   1.6397e+01   5.6955e-01   5.9869e-02   2.5325e+02
20251224_12:00:00   2.8969e-01   7.0868e+01   2.1122e+01   1.0981e-01   2.7300e-01   2.5530e+02
20251224_15:00:00   4.8579e-01   1.0737e+02   2.0306e+01   3.3779e-01   3.9545e-03   2.5431e+02
20251224_18:00:00   7.7848e-01   1.4922e+02   2.2042e+01   6.5585e-01   6.3982e-02   2.5246e+02
20251224_21:00:00   9.1047e-01   1.6501e+02   2.2924e+01   7.9573e-01   2.9653e-01   2.5083e+02
20251225_00:00:00   5.0744e-01   1.1227e+02   1.9430e+01   3.8252e-01   2.3700e-02   2.4979e+02
20251225_03:00:00   1.7371e-01   4.5934e+01   1.7163e+01   8.9751e-03   6.7149e-02   2.5010e+02
20251225_06:00:00   2.1856e-01   5.6183e+01   1.1232e+01   1.0634e-01   0.0000e+00   2.4957e+02
20251225_09:00:00   9.2548e-02   2.6527e+01   7.8138e+00   0.0000e+00   0.0000e+00   2.4668e+02
20251225_12:00:00   8.8087e-02   2.5322e+01   7.7098e+00   0.0000e+00   6.9799e-04   2.4725e+02
20251225_15:00:00   8.9471e-02   2.5634e+01   8.0377e+00   0.0000e+00   2.2146e-03   2.4906e+02
20251225_18:00:00   8.9874e-02   2.5788e+01   7.9315e+00   0.0000e+00   9.7640e-03   2.5066e+02
20251225_21:00:00   9.7584e-02   2.7763e+01   8.7222e+00   0.0000e+00   6.6621e-03   2.4984e+02
20251226_00:00:00   9.3322e-02   2.6646e+01   8.6712e+00   0.0000e+00   2.6785e-03   2.4917e+02
20251226_03:00:00   9.6535e-02   2.7423e+01   9.2916e+00   0.0000e+00   2.5598e-03   2.4984e+02
20251226_06:00:00   9.5533e-02   2.7184e+01   9.1551e+00   0.0000e+00   7.1804e-03   2.4942e+02
20251226_09:00:00   9.2382e-02   2.6429e+01   8.6879e+00   0.0000e+00   7.2711e-03   2.4756e+02
20251226_12:00:00   9.3212e-02   2.6621e+01   8.7100e+00   0.0000e+00   2.9128e-02   2.4868e+02
20251226_15:00:00   9.7836e-02   2.7657e+01   9.7011e+00   0.0000e+00   3.4578e-02   2.4775e+02
20251226_18:00:00   9.6682e-02   2.7384e+01   9.5500e+00   0.0000e+00   9.4224e-03   2.4590e+02
20251226_21:00:00   9.9676e-02   2.8144e+01   9.8112e+00   0.0000e+00   2.7460e-02   2.4372e+02
20251227_00:00:00   1.0711e-01   2.9902e+01   1.0988e+01   0.0000e+00   2.5740e-02   2.4322e+02
20251227_03:00:00   1.0501e-01   2.9376e+01   1.0750e+01   0.0000e+00   1.3995e-02   2.4437e+02
20251227_06:00:00   1.1590e-01   3.1913e+01   1.2515e+01   0.0000e+00   3.8488e-02   2.4393e+02
20251227_09:00:00   1.1762e-01   3.2304e+01   1.2698e+01   0.0000e+00   8.3090e-02   2.4528e+02
20251227_12:00:00   1.3965e-01   3.7460e+01   1.5359e+01   1.2110e-04   1.8309e-01   2.4537e+02
20251227_15:00:00   1.5095e-01   4.0176e+01   1.6586e+01   0.0000e+00   1.9215e-02   2.4489e+02
20251227_18:00:00   1.5566e-01   4.1287e+01   1.6184e+01   9.5779e-03   2.1267e-02   2.4663e+02
20251227_21:00:00   1.5751e-01   4.1752e+01   1.6199e+01   9.5900e-03   5.5658e-02   2.4775e+02
20251228_00:00:00   1.3082e-01   3.5486e+01   1.4000e+01   0.0000e+00   1.9798e-02   2.4526e+02
20251228_03:00:00   1.5395e-01   4.0953e+01   1.6618e+01   1.8704e-04   4.0648e-02   2.4431e+02
20251228_06:00:00   1.5385e-01   4.0952e+01   1.6695e+01   0.0000e+00   1.2322e-01   2.4383e+02
20251228_09:00:00   1.6225e-01   4.2753e+01   1.7620e+01   0.0000e+00   2.9561e-01   2.4502e+02
20251228_12:00:00   1.7659e-01   4.5976e+01   1.7185e+01   1.9583e-02   3.8931e-01   2.4765e+02
20251228_15:00:00   6.1514e-01   1.2676e+02   1.8573e+01   5.0045e-01   5.1984e-01   2.4930e+02
20251228_18:00:00   8.3093e-01   1.5506e+02   1.8817e+01   7.3901e-01   6.3813e-01   2.5186e+02
20251228_21:00:00   3.3470e-01   7.9596e+01   1.6687e+01   1.9981e-01   3.0607e-01   2.5107e+02
20251229_00:00:00   6.9915e-02   2.0697e+01   3.6774e+00   2.4737e-04   0.0000e+00   2.5876e+02
20251229_03:00:00   6.8932e-02   2.0436e+01   3.5974e+00   6.2660e-04   0.0000e+00   2.5250e+02
20251229_06:00:00   6.1066e-02   1.8420e+01   2.8384e+00   0.0000e+00   0.0000e+00   2.5375e+02
20251229_09:00:00   6.0865e-02   1.8370e+01   2.9546e+00   0.0000e+00   0.0000e+00   2.6027e+02
20251229_12:00:00   5.9304e-02   1.7926e+01   3.0143e+00   0.0000e+00   0.0000e+00   2.6616e+02
20251229_15:00:00   5.7223e-02   1.7373e+01   2.9431e+00   0.0000e+00   0.0000e+00   2.6901e+02
20251229_18:00:00   6.2248e-02   1.8651e+01   3.9418e+00   0.0000e+00   0.0000e+00   2.7906e+02
20251229_21:00:00   7.0364e-02   2.0710e+01   5.4680e+00   0.0000e+00   0.0000e+00   2.7658e+02
20251230_00:00:00   7.0007e-02   2.0698e+01   5.2990e+00   0.0000e+00   0.0000e+00   2.8481e+02
20251230_03:00:00   6.8532e-02   2.0405e+01   4.8997e+00   0.0000e+00   0.0000e+00   2.8544e+02
20251230_06:00:00   6.9002e-02   2.0492e+01   5.1298e+00   0.0000e+00   0.0000e+00   2.8527e+02
20251230_09:00:00   7.5365e-02   2.2054e+01   6.3566e+00   0.0000e+00   0.0000e+00   2.7810e+02
20251230_12:00:00   8.1171e-02   2.3549e+01   7.1720e+00   0.0000e+00   3.7840e-06   2.7759e+02
20251230_15:00:00   8.4358e-02   2.4369e+01   7.5253e+00   0.0000e+00   0.0000e+00   2.7796e+02
20251230_18:00:00   8.8929e-02   2.5531e+01   8.3162e+00   0.0000e+00   0.0000e+00   2.7899e+02
20251230_21:00:00   8.9939e-02   2.5813e+01   8.4237e+00   0.0000e+00   0.0000e+00   2.7756e+02
20251231_00:00:00   9.0950e-02   2.6087e+01   8.6162e+00   0.0000e+00   0.0000e+00   2.7948e+02
20251231_03:00:00   8.9156e-02   2.5641e+01   8.3310e+00   0.0000e+00   1.2964e-04   2.7444e+02
20251231_06:00:00   8.4990e-02   2.4646e+01   7.5895e+00   0.0000e+00   3.9501e-03   2.7073e+02
20251231_09:00:00   8.3516e-02   2.4277e+01   7.3569e+00   0.0000e+00   1.4774e-03   2.7160e+02
20251231_12:00:00   8.1894e-02   2.3859e+01   7.0430e+00   0.0000e+00   9.1035e-03   2.7406e+02
20251231_15:00:00   8.5107e-02   2.4625e+01   7.6898e+00   0.0000e+00   3.0067e-02   2.7509e+02
20251231_18:00:00   9.5835e-02   2.7194e+01   9.5569e+00   0.0000e+00   6.2747e-02   2.7495e+02
20251231_21:00:00   1.0652e-01   2.9679e+01   1.1379e+01   0.0000e+00   8.2735e-02   2.7209e+02
20260101_00:00:00   1.1104e-01   3.0706e+01   1.2070e+01   0.0000e+00   9.1041e-02   2.7186e+02
20260101_03:00:00   1.2090e-01   3.3017e+01   1.3245e+01   0.0000e+00   2.3736e-01   2.7177e+02
20260101_06:00:00   1.1068e-01   3.0566e+01   1.1822e+01   0.0000e+00   1.1013e-01   2.7316e+02
20260101_09:00:00   9.7642e-02   2.7402e+01   9.6076e+00   0.0000e+00   2.4328e-01   2.7563e+02
20260101_12:00:00   9.7853e-02   2.7464e+01   9.3622e+00   0.0000e+00   1.1226e-01   2.7486e+02
20260101_15:00:00   9.8789e-02   2.7795e+01   8.9563e+00   0.0000e+00   1.1355e-01   2.7784e+02
20260101_18:00:00   1.1797e-01   3.2366e+01   1.1601e+01   0.0000e+00   1.0265e-01   2.7716e+02
20260101_21:00:00   1.1488e-01   3.1649e+01   1.0919e+01   0.0000e+00   5.6452e-03   2.7563e+02
20260102_00:00:00   1.0829e-01   3.0105e+01   9.6664e+00   0.0000e+00   1.9606e-06   2.7815e+02
20260102_03:00:00   1.0081e-01   2.8298e+01   8.4884e+00   0.0000e+00   0.0000e+00   2.8107e+02
20260102_06:00:00   9.4529e-02   2.6772e+01   7.6255e+00   0.0000e+00   0.0000e+00   2.8412e+02
20260102_09:00:00   9.6162e-02   2.7137e+01   7.7189e+00   0.0000e+00   0.0000e+00   2.8332e+02
20260102_12:00:00   9.4300e-02   2.6711e+01   7.3045e+00   0.0000e+00   0.0000e+00   2.8701e+02
20260102_15:00:00   9.1300e-02   2.5964e+01   6.8810e+00   0.0000e+00   0.0000e+00   2.8758e+02
20260102_18:00:00   9.3691e-02   2.6574e+01   7.0618e+00   0.0000e+00   0.0000e+00   2.9169e+02
20260102_21:00:00   9.4106e-02   2.6679e+01   6.9892e+00   0.0000e+00   0.0000e+00   2.9155e+02
20260103_00:00:00   9.0980e-02   2.5908e+01   6.7068e+00   0.0000e+00   0.0000e+00   2.9028e+02
20260103_03:00:00   8.7700e-02   2.5110e+01   6.3345e+00   0.0000e+00   0.0000e+00   2.8921e+02
20260103_06:00:00   8.6584e-02   2.4824e+01   6.2896e+00   0.0000e+00   0.0000e+00   2.8346e+02
20260103_09:00:00   7.8764e-02   2.2921e+01   5.3475e+00   0.0000e+00   0.0000e+00   2.8147e+02
20260103_12:00:00   8.0480e-02   2.3325e+01   5.5470e+00   0.0000e+00   0.0000e+00   2.8537e+02
20260103_15:00:00   7.0579e-02   2.0864e+01   4.1758e+00   0.0000e+00   0.0000e+00   2.8289e+02
20260103_18:00:00   7.0153e-02   2.0762e+01   4.1427e+00   0.0000e+00   0.0000e+00   2.8341e+02
20260103_21:00:00   6.0839e-02   1.8393e+01   2.8803e+00   0.0000e+00   0.0000e+00   2.8095e+02
20260104_00:00:00   5.9427e-02   1.8032e+01   2.9261e+00   0.0000e+00   0.0000e+00   2.7861e+02
20260104_03:00:00   6.2381e-02   1.8786e+01   3.7066e+00   0.0000e+00   0.0000e+00   2.7855e+02
20260104_06:00:00   6.9035e-02   2.0502e+01   4.9679e+00   0.0000e+00   0.0000e+00   2.7847e+02
