#            date       tau255        Tb[K]      pwv[mm] lwp[kg*m^-2] iwp[kg*m^-2]       o3[DU]
20260630_18:00:00   9.5205e-02   2.7794e+01   9.0590e+00   0.0000e+00   0.0000e+00   2.9837e+02
20260630_19:00:00   9.6047e-02   2.8011e+01   9.2843e+00   0.0000e+00   0.0000e+00   2.9812e+02
20260630_20:00:00   9.3532e-02   2.7365e+01   9.0096e+00   0.0000e+00   0.0000e+00   2.9649e+02
20260630_21:00:00   8.8017e-02   2.5947e+01   8.2752e+00   0.0000e+00   0.0000e+00   2.9701e+02
20260630_22:00:00   8.3795e-02   2.4864e+01   7.6498e+00   0.0000e+00   0.0000e+00   2.9892e+02
20260630_23:00:00   7.9722e-02   2.3820e+01   6.9851e+00   0.0000e+00   0.0000e+00   3.0132e+02
20260701_00:00:00   7.2511e-02   2.1931e+01   5.8249e+00   0.0000e+00   0.0000e+00   3.0143e+02
20260701_01:00:00   6.4123e-02   1.9704e+01   4.4674e+00   0.0000e+00   0.0000e+00   3.0004e+02
20260701_02:00:00   5.9905e-02   1.8582e+01   3.7275e+00   0.0000e+00   0.0000e+00   3.0080e+02
20260701_03:00:00   5.7128e-02   1.7841e+01   3.2403e+00   0.0000e+00   0.0000e+00   3.0174e+02
20260701_04:00:00   5.5901e-02   1.7512e+01   3.0038e+00   0.0000e+00   0.0000e+00   3.0302e+02
20260701_05:00:00   5.5357e-02   1.7372e+01   2.8771e+00   0.0000e+00   0.0000e+00   3.0379e+02
20260701_06:00:00   5.5320e-02   1.7363e+01   2.8367e+00   0.0000e+00   0.0000e+00   3.0427e+02
20260701_07:00:00   5.5299e-02   1.7355e+01   2.8010e+00   0.0000e+00   0.0000e+00   3.0484e+02
20260701_08:00:00   5.5117e-02   1.7304e+01   2.7472e+00   0.0000e+00   0.0000e+00   3.0615e+02
20260701_09:00:00   5.4823e-02   1.7221e+01   2.6805e+00   0.0000e+00   0.0000e+00   3.0759e+02
20260701_10:00:00   5.4534e-02   1.7142e+01   2.6042e+00   0.0000e+00   0.0000e+00   3.0840e+02
20260701_11:00:00   5.4235e-02   1.7054e+01   2.5285e+00   0.0000e+00   0.0000e+00   3.0587e+02
20260701_12:00:00   5.3637e-02   1.6890e+01   2.3978e+00   0.0000e+00   0.0000e+00   3.0437e+02
20260701_13:00:00   5.3351e-02   1.6812e+01   2.3259e+00   0.0000e+00   0.0000e+00   3.0515e+02
20260701_14:00:00   5.3437e-02   1.6840e+01   2.3297e+00   0.0000e+00   0.0000e+00   3.0414e+02
20260701_15:00:00   5.4301e-02   1.7077e+01   2.4540e+00   0.0000e+00   0.0000e+00   3.0402e+02
20260701_16:00:00   5.4995e-02   1.7270e+01   2.5415e+00   0.0000e+00   0.0000e+00   3.0646e+02
20260701_17:00:00   5.7590e-02   1.7978e+01   2.9507e+00   0.0000e+00   0.0000e+00   3.0759e+02
20260701_18:00:00   5.8781e-02   1.8312e+01   3.1513e+00   0.0000e+00   0.0000e+00   3.0753e+02
20260701_19:00:00   6.0268e-02   1.8722e+01   3.4347e+00   0.0000e+00   0.0000e+00   3.0826e+02
20260701_20:00:00   6.1416e-02   1.9043e+01   3.6638e+00   0.0000e+00   0.0000e+00   3.1010e+02
20260701_21:00:00   6.0440e-02   1.8785e+01   3.5533e+00   0.0000e+00   0.0000e+00   3.1226e+02
20260701_22:00:00   5.9273e-02   1.8483e+01   3.3780e+00   0.0000e+00   0.0000e+00   3.1343e+02
20260701_23:00:00   5.8051e-02   1.8148e+01   3.1927e+00   0.0000e+00   0.0000e+00   3.1244e+02
20260702_00:00:00   5.6773e-02   1.7809e+01   2.9725e+00   0.0000e+00   0.0000e+00   3.1231e+02
20260702_01:00:00   5.5770e-02   1.7550e+01   2.7774e+00   0.0000e+00   0.0000e+00   3.1154e+02
20260702_02:00:00   5.4638e-02   1.7247e+01   2.5822e+00   0.0000e+00   0.0000e+00   3.1040e+02
20260702_03:00:00   5.6404e-02   1.7740e+01   2.8773e+00   0.0000e+00   5.0973e-06   3.0940e+02
20260702_04:00:00   5.6934e-02   1.7890e+01   2.9601e+00   0.0000e+00   2.9760e-04   3.0731e+02
20260702_05:00:00   5.4302e-02   1.7164e+01   2.5386e+00   0.0000e+00   1.1484e-03   3.0622e+02
20260702_06:00:00   5.1688e-02   1.6453e+01   2.0985e+00   0.0000e+00   6.6820e-06   3.0566e+02
20260702_07:00:00   5.0551e-02   1.6132e+01   1.9024e+00   0.0000e+00   0.0000e+00   3.0548e+02
20260702_08:00:00   5.0208e-02   1.6025e+01   1.8408e+00   0.0000e+00   0.0000e+00   3.0438e+02
20260702_09:00:00   4.9823e-02   1.5912e+01   1.7817e+00   0.0000e+00   0.0000e+00   3.0488e+02
20260702_10:00:00   4.9927e-02   1.5930e+01   1.8013e+00   0.0000e+00   0.0000e+00   3.0498e+02
20260702_11:00:00   5.0208e-02   1.6001e+01   1.8439e+00   0.0000e+00   0.0000e+00   3.0370e+02
20260702_12:00:00   5.0451e-02   1.6062e+01   1.8959e+00   0.0000e+00   0.0000e+00   3.0054e+02
20260702_13:00:00   5.0424e-02   1.6054e+01   1.8828e+00   0.0000e+00   3.2980e-05   3.0287e+02
20260702_14:00:00   5.0504e-02   1.6077e+01   1.8812e+00   0.0000e+00   9.8020e-06   3.0137e+02
20260702_15:00:00   5.1324e-02   1.6298e+01   2.0310e+00   0.0000e+00   3.2620e-05   3.0008e+02
20260702_16:00:00   5.3132e-02   1.6790e+01   2.3405e+00   0.0000e+00   1.6086e-04   3.0180e+02
20260702_17:00:00   5.5030e-02   1.7311e+01   2.6649e+00   0.0000e+00   0.0000e+00   3.0139e+02
20260702_18:00:00   5.7624e-02   1.8020e+01   3.1166e+00   0.0000e+00   0.0000e+00   3.0002e+02
20260702_19:00:00   5.9855e-02   1.8625e+01   3.5360e+00   0.0000e+00   5.3220e-05   2.9781e+02
20260702_20:00:00   6.1086e-02   1.8959e+01   3.7988e+00   0.0000e+00   9.0711e-04   2.9289e+02
20260702_21:00:00   6.1942e-02   1.9196e+01   3.9830e+00   0.0000e+00   9.8020e-06   2.9117e+02
20260702_22:00:00   6.2873e-02   1.9450e+01   4.1871e+00   0.0000e+00   9.4441e-06   2.9229e+02
20260702_23:00:00   6.2696e-02   1.9417e+01   4.1614e+00   0.0000e+00   6.4080e-04   2.9387e+02
20260703_00:00:00   6.3414e-02   1.9605e+01   4.2989e+00   0.0000e+00   4.0340e-04   2.9402e+02
20260703_01:00:00   6.3362e-02   1.9610e+01   4.2600e+00   0.0000e+00   1.6630e-04   2.9516e+02
20260703_02:00:00   6.3676e-02   1.9695e+01   4.3323e+00   0.0000e+00   1.0578e-03   2.9542e+02
20260703_03:00:00   6.2551e-02   1.9399e+01   4.1569e+00   0.0000e+00   6.3565e-03   2.9548e+02
20260703_04:00:00   6.2517e-02   1.9388e+01   4.1661e+00   0.0000e+00   2.2962e-02   2.9606e+02
20260703_05:00:00   6.3966e-02   1.9769e+01   4.4077e+00   0.0000e+00   5.2198e-02   2.9680e+02
20260703_06:00:00   6.5823e-02   2.0257e+01   4.7396e+00   0.0000e+00   3.0155e-02   2.9600e+02
20260703_07:00:00   6.8267e-02   2.0875e+01   5.2082e+00   0.0000e+00   4.8468e-02   2.9649e+02
20260703_08:00:00   7.0199e-02   2.1374e+01   5.5172e+00   0.0000e+00   6.6470e-02   2.9772e+02
20260703_09:00:00   7.6729e-02   2.3054e+01   6.6580e+00   0.0000e+00   4.1132e-02   2.9876e+02
20260703_10:00:00   8.6677e-02   2.5596e+01   8.2657e+00   0.0000e+00   3.4726e-02   2.9848e+02
20260703_11:00:00   9.5189e-02   2.7748e+01   9.5086e+00   0.0000e+00   1.7928e-02   2.9674e+02
20260703_12:00:00   1.0025e-01   2.8985e+01   1.0273e+01   0.0000e+00   1.4653e-03   2.9488e+02
20260703_13:00:00   1.0091e-01   2.9130e+01   1.0403e+01   0.0000e+00   6.4885e-03   2.9394e+02
20260703_14:00:00   1.0252e-01   2.9524e+01   1.0649e+01   0.0000e+00   1.1531e-02   2.9337e+02
20260703_15:00:00   1.1112e-01   3.1608e+01   1.1939e+01   0.0000e+00   3.3521e-02   2.9196e+02
20260703_16:00:00   1.1792e-01   3.3240e+01   1.2987e+01   0.0000e+00   1.1351e-02   2.8976e+02
20260703_17:00:00   1.2043e-01   3.3885e+01   1.3418e+01   0.0000e+00   2.3747e-02   2.8984e+02
20260703_18:00:00   1.2463e-01   3.4867e+01   1.4113e+01   0.0000e+00   3.0015e-02   2.9038e+02
20260703_19:00:00   1.2719e-01   3.5436e+01   1.4597e+01   0.0000e+00   3.4293e-02   2.8957e+02
20260703_20:00:00   1.2626e-01   3.5254e+01   1.4509e+01   0.0000e+00   6.7518e-03   2.8872e+02
20260703_21:00:00   1.2951e-01   3.6046e+01   1.5005e+01   3.9220e-06   1.5629e-02   2.8810e+02
20260703_22:00:00   1.2859e-01   3.5849e+01   1.4930e+01   8.0100e-06   3.2081e-02   2.8851e+02
20260703_23:00:00   1.2459e-01   3.4852e+01   1.4406e+01   0.0000e+00   2.7910e-01   2.8764e+02
20260704_00:00:00   1.2078e-01   3.3885e+01   1.4108e+01   6.8420e-04   8.4140e-02   2.8900e+02
20260704_01:00:00   1.3535e-01   3.7433e+01   1.6302e+01   0.0000e+00   3.4996e-02   2.8901e+02
20260704_02:00:00   1.4826e-01   4.0523e+01   1.8143e+01   3.7840e-04   9.0718e-03   2.8885e+02
20260704_03:00:00   1.4754e-01   4.0444e+01   1.8109e+01   0.0000e+00   2.8164e-02   2.8837e+02
20260704_04:00:00   1.5160e-01   4.1326e+01   1.8743e+01   1.9606e-06   2.2435e-01   2.8743e+02
20260704_05:00:00   1.5992e-01   4.3071e+01   2.0006e+01   0.0000e+00   4.4744e-01   2.8666e+02
20260704_06:00:00   1.6931e-01   4.5237e+01   2.0812e+01   3.6980e-03   4.4000e-01   2.8474e+02
20260704_07:00:00   1.7533e-01   4.6581e+01   2.1442e+01   4.2931e-03   5.0532e-01   2.8388e+02
20260704_08:00:00   1.8024e-01   4.7984e+01   2.1810e+01   6.4640e-03   1.2470e-01   2.8249e+02
20260704_09:00:00   1.8169e-01   4.8158e+01   2.1756e+01   9.3535e-03   1.2115e-01   2.8215e+02
20260704_10:00:00   1.8734e-01   4.9310e+01   2.1603e+01   1.5690e-02   3.0399e-01   2.8166e+02
20260704_11:00:00   1.9184e-01   5.0229e+01   2.0013e+01   3.4771e-02   8.6641e-02   2.8183e+02
20260704_12:00:00   3.5832e-01   8.4508e+01   1.9552e+01   2.2451e-01   1.3530e-01   2.8236e+02
20260704_13:00:00   4.0817e-01   9.3425e+01   1.8437e+01   2.9002e-01   7.9900e-02   2.8313e+02
20260704_14:00:00   3.3135e-01   7.9473e+01   2.0166e+01   1.8982e-01   1.2398e-01   2.8330e+02
20260704_15:00:00   3.7745e-01   8.8185e+01   1.9643e+01   2.4855e-01   4.6005e-02   2.8352e+02
20260704_16:00:00   3.0043e-01   7.3334e+01   1.9867e+01   1.5954e-01   1.2937e-01   2.8134e+02
20260704_17:00:00   3.1908e-01   7.7026e+01   2.0404e+01   1.7561e-01   2.1982e-01   2.8062e+02
20260704_18:00:00   3.1163e-01   7.4999e+01   2.0187e+01   1.6746e-01   1.3358e-01   2.8016e+02
20260704_19:00:00   4.5190e-01   1.0098e+02   1.9949e+01   3.2901e-01   1.5154e-01   2.7997e+02
20260704_20:00:00   2.8842e-01   7.0550e+01   1.9764e+01   1.4432e-01   6.9841e-02   2.8143e+02
20260704_21:00:00   5.6195e-01   1.1849e+02   2.0768e+01   4.4361e-01   1.6890e-01   2.8121e+02
20260704_22:00:00   4.5995e-01   1.0238e+02   2.2056e+01   3.1827e-01   3.1704e-01   2.7973e+02
20260704_23:00:00   1.7687e-01   4.7268e+01   2.1300e+01   3.5960e-04   6.0142e-03   2.7946e+02
20260705_00:00:00   1.7892e-01   4.7851e+01   2.1319e+01   0.0000e+00   8.9140e-05   2.7963e+02
20260705_01:00:00   1.7631e-01   4.7310e+01   2.0944e+01   0.0000e+00   0.0000e+00   2.7976e+02
20260705_02:00:00   1.7129e-01   4.6230e+01   2.0138e+01   0.0000e+00   0.0000e+00   2.8112e+02
20260705_03:00:00   1.6882e-01   4.5747e+01   1.9765e+01   0.0000e+00   0.0000e+00   2.8224e+02
20260705_04:00:00   1.7102e-01   4.6380e+01   1.9845e+01   0.0000e+00   0.0000e+00   2.8289e+02
20260705_05:00:00   1.7480e-01   4.7313e+01   2.0209e+01   0.0000e+00   0.0000e+00   2.8385e+02
20260705_06:00:00   1.7770e-01   4.8016e+01   2.0597e+01   0.0000e+00   0.0000e+00   2.8430e+02
20260705_07:00:00   1.7562e-01   4.7553e+01   2.0374e+01   0.0000e+00   0.0000e+00   2.8444e+02
20260705_08:00:00   1.7302e-01   4.6976e+01   2.0086e+01   0.0000e+00   0.0000e+00   2.8626e+02
20260705_09:00:00   1.7020e-01   4.6318e+01   1.9747e+01   0.0000e+00   0.0000e+00   2.8643e+02
20260705_10:00:00   1.6725e-01   4.5582e+01   1.9324e+01   0.0000e+00   0.0000e+00   2.8520e+02
20260705_11:00:00   1.6540e-01   4.5103e+01   1.8979e+01   0.0000e+00   1.1214e-05   2.8347e+02
20260705_12:00:00   1.6597e-01   4.5181e+01   1.9086e+01   0.0000e+00   1.2782e-03   2.8356e+02
20260705_13:00:00   1.6421e-01   4.4777e+01   1.8884e+01   0.0000e+00   1.5684e-05   2.8439e+02
20260705_14:00:00   1.6042e-01   4.3925e+01   1.8259e+01   0.0000e+00   0.0000e+00   2.8371e+02
20260705_15:00:00   1.5901e-01   4.3647e+01   1.7967e+01   0.0000e+00   0.0000e+00   2.8277e+02
20260705_16:00:00   1.5957e-01   4.3793e+01   1.8043e+01   0.0000e+00   1.7624e-05   2.8246e+02
20260705_17:00:00   1.6405e-01   4.4846e+01   1.8723e+01   0.0000e+00   1.3630e-05   2.8299e+02
20260705_18:00:00   1.6045e-01   4.3981e+01   1.8327e+01   0.0000e+00   2.9400e-06   2.8158e+02
20260705_21:00:00   1.6918e-01   4.6134e+01   1.9809e+01   0.0000e+00   0.0000e+00   2.7927e+02
20260706_00:00:00   1.9381e-01   5.1971e+01   2.3089e+01   0.0000e+00   0.0000e+00   2.7689e+02
20260706_03:00:00   1.8569e-01   5.0177e+01   2.2071e+01   0.0000e+00   0.0000e+00   2.7962e+02
20260706_06:00:00   1.6402e-01   4.5242e+01   1.8614e+01   0.0000e+00   0.0000e+00   2.8178e+02
20260706_09:00:00   1.5888e-01   4.3938e+01   1.7863e+01   0.0000e+00   0.0000e+00   2.8276e+02
20260706_12:00:00   1.6273e-01   4.4754e+01   1.8218e+01   0.0000e+00   0.0000e+00   2.8426e+02
20260706_15:00:00   1.5848e-01   4.3823e+01   1.7494e+01   0.0000e+00   0.0000e+00   2.8537e+02
20260706_18:00:00   1.5835e-01   4.3871e+01   1.7428e+01   0.0000e+00   0.0000e+00   2.8781e+02
20260706_21:00:00   1.6314e-01   4.5161e+01   1.8125e+01   0.0000e+00   0.0000e+00   2.8745e+02
20260707_00:00:00   1.3741e-01   3.8961e+01   1.5041e+01   0.0000e+00   0.0000e+00   2.8862e+02
20260707_03:00:00   1.1175e-01   3.2546e+01   1.1774e+01   0.0000e+00   0.0000e+00   2.8820e+02
20260707_06:00:00   1.3186e-01   3.7539e+01   1.4465e+01   0.0000e+00   0.0000e+00   2.8606e+02
20260707_09:00:00   1.4077e-01   3.9600e+01   1.5890e+01   0.0000e+00   0.0000e+00   2.8446e+02
20260707_12:00:00   1.5654e-01   4.3320e+01   1.8062e+01   0.0000e+00   0.0000e+00   2.8553e+02
20260707_15:00:00   1.5269e-01   4.2455e+01   1.7572e+01   0.0000e+00   0.0000e+00   2.8615e+02
20260707_18:00:00   1.5139e-01   4.2208e+01   1.7191e+01   0.0000e+00   0.0000e+00   2.8698e+02
20260707_21:00:00   1.6853e-01   4.6447e+01   1.9358e+01   0.0000e+00   0.0000e+00   2.8306e+02
20260708_00:00:00   1.6966e-01   4.6801e+01   1.9591e+01   0.0000e+00   0.0000e+00   2.8413e+02
20260708_03:00:00   1.6366e-01   4.5336e+01   1.8961e+01   0.0000e+00   0.0000e+00   2.8734e+02
20260708_06:00:00   1.5714e-01   4.3523e+01   1.8828e+01   0.0000e+00   3.4120e-05   2.8769e+02
20260708_09:00:00   1.6787e-01   4.5919e+01   2.0337e+01   0.0000e+00   0.0000e+00   2.8464e+02
20260708_12:00:00   1.6740e-01   4.5858e+01   1.9978e+01   0.0000e+00   0.0000e+00   2.8564e+02
20260708_15:00:00   1.7733e-01   4.8141e+01   2.1123e+01   0.0000e+00   0.0000e+00   2.8830e+02
20260708_18:00:00   1.9309e-01   5.1869e+01   2.2744e+01   0.0000e+00   0.0000e+00   2.8804e+02
20260708_21:00:00   2.0708e-01   5.5232e+01   2.4488e+01   0.0000e+00   0.0000e+00   2.8821e+02
20260709_00:00:00   2.0509e-01   5.4946e+01   2.3580e+01   4.7398e-03   0.0000e+00   2.8958e+02
20260709_03:00:00   1.8687e-01   5.0836e+01   2.1695e+01   0.0000e+00   0.0000e+00   2.9042e+02
20260709_06:00:00   1.9803e-01   5.3357e+01   2.2707e+01   0.0000e+00   0.0000e+00   2.8937e+02
20260709_09:00:00   2.1130e-01   5.6165e+01   2.4733e+01   9.2940e-04   8.0760e-04   2.8555e+02
20260709_12:00:00   2.1612e-01   5.7152e+01   2.5076e+01   0.0000e+00   0.0000e+00   2.8727e+02
20260709_15:00:00   2.0866e-01   5.5483e+01   2.4006e+01   0.0000e+00   0.0000e+00   2.9103e+02
20260709_18:00:00   2.2381e-01   5.8988e+01   2.5354e+01   0.0000e+00   0.0000e+00   2.9153e+02
20260709_21:00:00   2.8854e-01   7.3163e+01   2.7221e+01   5.3072e-02   0.0000e+00   2.9184e+02
20260710_00:00:00   2.5731e-01   6.6599e+01   2.5768e+01   3.2524e-02   0.0000e+00   2.9180e+02
20260710_03:00:00   2.2516e-01   5.9518e+01   2.4688e+01   0.0000e+00   2.1165e-03   2.9139e+02
20260710_06:00:00   2.0105e-01   5.3840e+01   2.3163e+01   0.0000e+00   1.0890e-02   2.9086e+02
20260710_09:00:00   1.9120e-01   5.1556e+01   2.1927e+01   0.0000e+00   4.2183e-03   2.9255e+02
20260710_12:00:00   1.9839e-01   5.3195e+01   2.2029e+01   0.0000e+00   1.8818e-03   2.9317e+02
20260710_15:00:00   2.0914e-01   5.5599e+01   2.2541e+01   3.9410e-04   1.8778e-04   2.9284e+02
20260710_18:00:00   2.4716e-01   6.4146e+01   2.4691e+01   1.5987e-02   3.9220e-06   2.9191e+02
20260710_21:00:00   4.2906e-01   1.0058e+02   2.6217e+01   2.2640e-01   1.9262e-04   2.9298e+02
20260711_00:00:00   3.0375e-01   7.6208e+01   2.4910e+01   9.0169e-02   5.4060e-04   2.9170e+02
20260711_03:00:00   2.9099e-01   7.3613e+01   2.4454e+01   8.0301e-02   2.2620e-03   2.9223e+02
20260711_06:00:00   1.9967e-01   5.3610e+01   2.2020e+01   0.0000e+00   3.7895e-03   2.9482e+02
20260711_09:00:00   2.1446e-01   5.6769e+01   2.3801e+01   0.0000e+00   1.8526e-05   2.9176e+02
20260711_12:00:00   2.1651e-01   5.7121e+01   2.4288e+01   0.0000e+00   0.0000e+00   2.9195e+02
20260711_15:00:00   2.2223e-01   5.8291e+01   2.5272e+01   0.0000e+00   0.0000e+00   2.9380e+02
20260711_18:00:00   2.3656e-01   6.1458e+01   2.6850e+01   0.0000e+00   0.0000e+00   2.9415e+02
20260711_21:00:00   3.1606e-01   7.8372e+01   2.8327e+01   7.8855e-02   3.9220e-06   2.9279e+02
20260712_00:00:00   3.1207e-01   7.7709e+01   2.9023e+01   7.4106e-02   0.0000e+00   2.9129e+02
20260712_03:00:00   2.6372e-01   6.7492e+01   2.8406e+01   2.5143e-02   2.8982e-03   2.9149e+02
20260712_06:00:00   2.2511e-01   5.9004e+01   2.7260e+01   0.0000e+00   4.1284e-03   2.9283e+02
20260712_09:00:00   2.5006e-01   6.4239e+01   2.7117e+01   2.7720e-02   1.1133e-02   2.9255e+02
20260712_12:00:00   2.6770e-01   6.7755e+01   2.7534e+01   4.4620e-02   6.2162e-02   2.9388e+02
20260712_15:00:00   2.6857e-01   6.7597e+01   2.6711e+01   6.2125e-02   2.0987e-01   2.9509e+02
20260712_18:00:00   4.4151e-01   1.0050e+02   2.8903e+01   2.3401e-01   5.4253e-02   2.9405e+02
20260712_21:00:00   4.4892e-01   1.0146e+02   2.8439e+01   2.5352e-01   1.8696e-01   2.9320e+02
20260713_00:00:00   2.2179e-01   5.7962e+01   2.8341e+01   2.2600e-04   4.8348e-02   2.9495e+02
20260713_03:00:00   2.5870e-01   6.5868e+01   2.9032e+01   3.3354e-02   6.2822e-02   2.9415e+02
20260713_06:00:00   2.7045e-01   6.8427e+01   2.9130e+01   3.8484e-02   7.1130e-02   2.9192e+02
20260713_09:00:00   2.2033e-01   5.7800e+01   2.7219e+01   4.3540e-04   3.3404e-02   2.8983e+02
20260713_12:00:00   2.1780e-01   5.7194e+01   2.6022e+01   7.6640e-03   1.0068e-02   2.8982e+02
20260713_15:00:00   2.3303e-01   6.0893e+01   2.7765e+01   0.0000e+00   0.0000e+00   2.9099e+02
20260713_18:00:00   2.6273e-01   6.7246e+01   3.0744e+01   5.6220e-03   6.4234e-05   2.8873e+02
20260713_21:00:00   2.6551e-01   6.8044e+01   3.1362e+01   3.8423e-03   2.5704e-03   2.8629e+02
20260714_00:00:00   4.3653e-01   1.0092e+02   3.2410e+01   1.9017e-01   1.7645e-02   2.8674e+02
20260714_03:00:00   2.9696e-01   7.4327e+01   2.9328e+01   6.4632e-02   7.9328e-03   2.8715e+02
20260714_06:00:00   2.5442e-01   6.5580e+01   2.9944e+01   8.1880e-03   7.2240e-04   2.8578e+02
20260714_09:00:00   2.5465e-01   6.5601e+01   3.0535e+01   5.8717e-04   2.1241e-02   2.8531e+02
20260714_12:00:00   2.4088e-01   6.2573e+01   2.9115e+01   0.0000e+00   1.2888e-04   2.8625e+02
20260714_15:00:00   2.3587e-01   6.1484e+01   2.8304e+01   0.0000e+00   4.2320e-04   2.8708e+02
20260714_18:00:00   2.4255e-01   6.3085e+01   2.8778e+01   0.0000e+00   3.7060e-05   2.8679e+02
20260714_21:00:00   4.2172e-01   9.8585e+01   2.9846e+01   1.9787e-01   1.8732e-05   2.8990e+02
20260715_00:00:00   2.7500e-01   7.0203e+01   2.8115e+01   4.7161e-02   1.5684e-06   2.8792e+02
20260715_03:00:00   9.7250e-01   1.7467e+02   3.3729e+01   7.8487e-01   2.0880e-03   2.8808e+02
20260715_06:00:00   2.9453e-01   7.3328e+01   3.2937e+01   2.7157e-02   1.2173e+00   2.9134e+02
20260715_09:00:00   2.5523e-01   6.5591e+01   3.1406e+01   0.0000e+00   1.3102e-01   2.8828e+02
20260715_12:00:00   2.5697e-01   6.5985e+01   3.0674e+01   0.0000e+00   2.4728e-03   2.9100e+02
20260715_15:00:00   2.4562e-01   6.3597e+01   2.9474e+01   0.0000e+00   2.7780e-05   2.9245e+02
20260715_18:00:00   2.5950e-01   6.6691e+01   3.0455e+01   0.0000e+00   0.0000e+00   2.9385e+02
20260715_21:00:00   7.9175e-01   1.5487e+02   3.3376e+01   5.9409e-01   6.0560e-06   2.9566e+02
20260716_00:00:00   4.3164e-01   9.9546e+01   3.2426e+01   1.8667e-01   5.1293e-01   2.9425e+02
20260716_03:00:00   3.1610e-01   7.7893e+01   3.2453e+01   5.6521e-02   3.8842e-01   2.9525e+02
20260716_06:00:00   2.3693e-01   6.1668e+01   2.9564e+01   1.4098e-04   2.0768e-02   2.9656e+02
20260716_09:00:00   2.6633e-01   6.7974e+01   3.0356e+01   1.5888e-02   5.3246e-03   2.9866e+02
20260716_12:00:00   2.3451e-01   6.1232e+01   2.7774e+01   0.0000e+00   1.4407e-04   2.9584e+02
20260716_15:00:00   2.1884e-01   5.7912e+01   2.5114e+01   0.0000e+00   6.7120e-05   2.9888e+02
20260716_18:00:00   2.0653e-01   5.5299e+01   2.3446e+01   0.0000e+00   0.0000e+00   2.9646e+02
