#            date       tau255        Tb[K]      pwv[mm] lwp[kg*m^-2] iwp[kg*m^-2]       o3[DU]
20260713_12:00:00   2.5391e-01   6.4792e+01   3.0533e+01   4.0944e-04   2.9465e-02   2.9790e+02
20260713_13:00:00   2.4378e-01   6.2613e+01   2.9089e+01   6.1839e-03   1.1397e-02   2.9962e+02
20260713_14:00:00   2.2937e-01   5.9574e+01   2.7973e+01   0.0000e+00   3.1613e-04   2.9720e+02
20260713_15:00:00   2.4391e-01   6.2693e+01   2.8545e+01   8.3844e-03   2.9460e-04   2.9843e+02
20260713_16:00:00   2.3849e-01   6.1586e+01   2.8658e+01   0.0000e+00   2.5640e-06   3.0016e+02
20260713_17:00:00   2.4296e-01   6.2610e+01   2.8930e+01   0.0000e+00   9.2620e-06   3.0169e+02
20260713_18:00:00   2.5127e-01   6.4505e+01   2.9472e+01   0.0000e+00   0.0000e+00   3.0161e+02
20260713_19:00:00   2.5792e-01   6.6024e+01   2.9807e+01   1.8956e-03   0.0000e+00   3.0286e+02
20260713_20:00:00   2.9487e-01   7.3855e+01   2.9879e+01   4.6536e-02   6.6977e-05   3.0367e+02
20260713_21:00:00   3.2122e-01   7.9133e+01   3.0079e+01   7.8780e-02   5.9835e-04   3.0283e+02
20260713_22:00:00   7.0622e-01   1.4177e+02   3.1876e+01   5.0254e-01   1.3597e-01   3.0170e+02
20260713_23:00:00   4.7428e-01   1.0684e+02   3.2600e+01   2.3040e-01   9.2056e-01   2.9867e+02
20260714_00:00:00   4.5242e-01   1.0256e+02   3.1592e+01   2.1560e-01   6.4434e-01   3.0077e+02
20260714_01:00:00   2.5304e-01   6.4911e+01   3.0363e+01   1.2870e-03   8.1363e-02   2.9976e+02
20260714_02:00:00   2.6387e-01   6.7313e+01   3.0647e+01   7.0900e-03   5.3755e-02   2.9677e+02
20260714_03:00:00   2.6943e-01   6.8468e+01   3.0560e+01   1.7572e-02   3.3581e-02   2.9501e+02
20260714_04:00:00   2.4207e-01   6.2592e+01   2.9442e+01   0.0000e+00   2.3375e-02   2.9358e+02
20260714_05:00:00   2.3256e-01   6.0506e+01   2.8602e+01   0.0000e+00   1.1046e-02   2.9455e+02
20260714_06:00:00   2.3330e-01   6.0664e+01   2.8551e+01   0.0000e+00   8.7458e-02   2.9445e+02
20260714_07:00:00   2.3651e-01   6.1314e+01   2.8761e+01   0.0000e+00   3.6674e-02   2.9120e+02
20260714_08:00:00   2.3318e-01   6.0567e+01   2.8258e+01   0.0000e+00   5.1876e-04   2.9112e+02
20260714_09:00:00   2.3172e-01   6.0226e+01   2.8073e+01   0.0000e+00   1.3268e-02   2.9122e+02
20260714_10:00:00   2.3747e-01   6.1421e+01   2.8607e+01   0.0000e+00   1.0062e-02   2.8919e+02
20260714_11:00:00   2.3678e-01   6.1255e+01   2.8620e+01   0.0000e+00   1.5731e-02   2.8919e+02
20260714_12:00:00   2.3621e-01   6.1114e+01   2.8583e+01   1.9606e-06   1.1913e-02   2.9022e+02
20260714_13:00:00   2.5306e-01   6.4683e+01   2.9545e+01   8.9949e-03   1.6350e-03   2.8949e+02
20260714_14:00:00   3.5985e-01   8.5972e+01   2.9478e+01   1.3348e-01   1.4586e-02   2.8943e+02
20260714_15:00:00   3.9964e-01   9.3179e+01   2.9113e+01   1.8202e-01   1.0803e-02   2.8891e+02
20260714_16:00:00   3.5269e-01   8.4340e+01   2.9100e+01   1.2826e-01   1.0196e-02   2.8971e+02
20260714_17:00:00   2.7376e-01   6.8841e+01   2.9004e+01   3.7728e-02   7.5547e-03   2.8594e+02
20260714_18:00:00   2.4588e-01   6.3181e+01   2.8676e+01   8.1082e-03   3.9022e-03   2.8597e+02
20260714_19:00:00   2.3985e-01   6.2037e+01   2.8679e+01   0.0000e+00   7.3740e-06   2.8655e+02
20260714_20:00:00   2.3838e-01   6.1852e+01   2.8316e+01   1.2000e-04   0.0000e+00   2.8554e+02
20260714_21:00:00   2.3037e-01   6.0251e+01   2.6953e+01   2.1004e-03   1.1959e-05   2.8834e+02
20260714_22:00:00   4.1099e-01   9.6029e+01   2.6967e+01   2.1147e-01   1.8368e-02   2.9100e+02
20260714_23:00:00   4.5336e-01   1.0329e+02   2.7961e+01   2.4971e-01   7.4063e-02   2.9148e+02
20260715_00:00:00   2.9280e-01   7.3285e+01   2.5949e+01   8.5065e-02   1.1922e-01   2.9334e+02
20260715_01:00:00   6.9270e-01   1.4058e+02   2.8588e+01   5.1221e-01   3.5298e-02   2.9444e+02
20260715_02:00:00   2.9865e-01   7.4678e+01   2.8796e+01   6.0557e-02   1.7049e-02   2.9507e+02
20260715_03:00:00   2.2463e-01   5.9110e+01   2.6773e+01   6.1363e-04   7.2860e-03   2.9487e+02
20260715_04:00:00   2.3945e-01   6.2333e+01   2.8025e+01   3.6743e-03   1.2484e-02   2.9305e+02
20260715_05:00:00   2.4248e-01   6.2919e+01   2.8493e+01   4.9857e-03   1.4347e-02   2.9123e+02
20260715_06:00:00   2.4453e-01   6.3255e+01   2.9144e+01   4.0158e-03   5.4568e-03   2.9006e+02
20260715_07:00:00   2.3893e-01   6.2012e+01   2.9081e+01   9.1160e-04   6.7248e-03   2.9212e+02
20260715_08:00:00   2.3259e-01   6.0554e+01   2.8752e+01   1.9606e-05   1.7151e-02   2.9186e+02
20260715_09:00:00   2.3606e-01   6.1277e+01   2.9173e+01   4.1171e-05   1.1194e-02   2.9175e+02
20260715_10:00:00   2.4233e-01   6.2608e+01   2.9631e+01   1.5336e-04   2.0333e-03   2.9292e+02
20260715_11:00:00   2.3577e-01   6.1137e+01   2.8885e+01   0.0000e+00   3.5256e-03   2.9375e+02
20260715_12:00:00   2.3182e-01   6.0319e+01   2.8066e+01   0.0000e+00   1.0176e-03   2.9227e+02
20260715_13:00:00   2.2660e-01   5.9234e+01   2.7087e+01   0.0000e+00   4.1883e-04   2.9114e+02
20260715_14:00:00   2.2096e-01   5.8025e+01   2.6274e+01   0.0000e+00   1.2094e-04   2.9278e+02
20260715_15:00:00   2.1737e-01   5.7209e+01   2.6037e+01   0.0000e+00   0.0000e+00   2.9263e+02
20260715_16:00:00   2.1459e-01   5.6554e+01   2.5930e+01   0.0000e+00   4.1620e-05   2.9283e+02
20260715_17:00:00   2.1763e-01   5.7256e+01   2.6249e+01   0.0000e+00   7.1910e-05   2.9344e+02
20260715_18:00:00   2.2708e-01   5.9421e+01   2.7195e+01   0.0000e+00   0.0000e+00   2.9172e+02
20260715_19:00:00   2.3921e-01   6.2151e+01   2.8400e+01   0.0000e+00   0.0000e+00   2.9194e+02
20260715_20:00:00   2.4987e-01   6.4536e+01   2.8449e+01   1.0520e-02   9.5280e-05   2.9061e+02
20260715_21:00:00   2.9326e-01   7.3688e+01   2.7894e+01   6.5407e-02   7.3880e-06   2.9041e+02
20260715_22:00:00   3.2108e-01   7.9366e+01   2.7427e+01   1.0300e-01   2.2741e-05   2.9154e+02
20260715_23:00:00   3.7272e-01   8.9324e+01   2.7753e+01   1.6030e-01   4.1126e-05   2.8977e+02
20260716_00:00:00   5.2526e-01   1.1572e+02   2.9299e+01   3.1773e-01   6.7766e-04   2.8709e+02
20260716_01:00:00   8.4898e-01   1.5938e+02   3.0980e+01   6.7153e-01   7.3903e-02   2.8687e+02
20260716_02:00:00   1.0411e+00   1.7827e+02   3.3673e+01   8.6521e-01   8.1883e-01   2.8738e+02
20260716_03:00:00   8.1416e-01   1.5281e+02   3.3567e+01   6.1559e-01   1.5703e+00   2.8834e+02
20260716_04:00:00   3.9385e-01   9.1447e+01   3.1351e+01   1.5097e-01   1.4629e+00   2.8920e+02
20260716_05:00:00   2.7071e-01   6.8181e+01   2.9002e+01   4.1562e-02   7.7238e-01   2.8943e+02
20260716_06:00:00   2.4966e-01   6.3834e+01   2.8229e+01   2.7707e-02   5.8277e-01   2.9086e+02
20260716_07:00:00   2.4446e-01   6.2731e+01   2.8857e+01   1.5632e-02   5.5607e-01   2.8824e+02
20260716_08:00:00   2.4765e-01   6.3388e+01   2.9384e+01   1.2894e-02   3.9511e-01   2.9025e+02
20260716_09:00:00   2.8351e-01   7.0819e+01   2.9978e+01   4.6337e-02   5.5252e-01   2.9264e+02
20260716_10:00:00   3.0200e-01   7.4414e+01   2.9496e+01   7.2510e-02   6.1531e-01   2.9562e+02
20260716_11:00:00   3.9964e-01   9.2949e+01   3.0568e+01   1.6863e-01   4.2444e-01   2.9294e+02
20260716_12:00:00   3.6624e-01   8.6985e+01   3.0852e+01   1.2748e-01   4.3606e-01   2.9267e+02
20260716_13:00:00   2.5165e-01   6.4281e+01   3.0093e+01   5.1799e-03   1.4173e-01   2.9511e+02
20260716_14:00:00   2.4761e-01   6.3502e+01   2.9921e+01   0.0000e+00   1.4202e-02   2.9570e+02
20260716_15:00:00   2.4234e-01   6.2413e+01   2.9398e+01   0.0000e+00   1.6814e-02   2.9543e+02
20260716_16:00:00   2.3814e-01   6.1541e+01   2.8822e+01   0.0000e+00   6.2425e-03   2.9381e+02
20260716_17:00:00   2.3491e-01   6.0905e+01   2.8250e+01   9.2620e-06   2.5991e-03   2.9174e+02
20260716_18:00:00   2.4875e-01   6.3872e+01   2.7659e+01   2.0879e-02   3.4334e-03   2.9477e+02
20260716_19:00:00   2.3808e-01   6.1704e+01   2.8082e+01   2.3079e-03   1.9051e-03   2.9540e+02
20260716_20:00:00   2.4193e-01   6.2580e+01   2.8656e+01   1.2640e-03   2.3818e-03   2.9418e+02
20260716_21:00:00   2.5614e-01   6.5710e+01   2.9893e+01   5.2099e-03   1.7271e-03   2.9311e+02
20260716_22:00:00   3.5773e-01   8.6674e+01   3.0663e+01   1.1739e-01   4.6220e-04   2.9384e+02
20260716_23:00:00   2.6450e-01   6.7618e+01   3.0335e+01   9.2204e-03   1.1126e-04   2.9466e+02
20260717_00:00:00   2.5556e-01   6.5698e+01   2.9886e+01   3.9694e-03   1.0360e-04   2.9596e+02
20260717_01:00:00   2.5118e-01   6.4756e+01   2.9633e+01   3.8372e-04   2.3552e-05   2.9806e+02
20260717_02:00:00   2.5371e-01   6.5308e+01   2.9600e+01   3.9396e-03   5.6140e-05   2.9889e+02
20260717_03:00:00   3.2145e-01   7.9260e+01   3.0632e+01   7.1888e-02   2.8354e-03   2.9904e+02
20260717_04:00:00   3.7896e-01   9.0505e+01   3.2449e+01   1.1285e-01   8.8205e-03   2.9591e+02
20260717_05:00:00   5.9023e-01   1.2654e+02   3.4080e+01   3.5157e-01   3.4270e-02   2.9342e+02
20260717_06:00:00   6.8685e-01   1.3791e+02   3.4628e+01   4.4820e-01   3.1033e-01   2.9431e+02
20260717_07:00:00   7.4245e-01   1.4542e+02   3.3831e+01   5.1505e-01   9.3185e-01   2.9323e+02
20260717_08:00:00   6.5379e-01   1.3397e+02   3.2345e+01   4.3564e-01   4.3891e-01   2.9422e+02
20260717_09:00:00   5.4049e-01   1.1697e+02   3.1779e+01   3.1376e-01   2.3249e-01   2.9339e+02
20260717_10:00:00   4.0795e-01   9.4642e+01   3.1573e+01   1.6562e-01   1.0434e-01   2.9310e+02
20260717_11:00:00   4.2010e-01   9.6986e+01   3.1313e+01   1.8201e-01   2.3324e-02   2.9431e+02
20260717_12:00:00   5.8206e-01   1.2354e+02   3.1553e+01   3.6247e-01   2.1440e-02   2.9429e+02
20260717_13:00:00   5.8533e-01   1.2398e+02   3.1832e+01   3.6204e-01   3.5926e-02   2.9403e+02
20260717_14:00:00   7.7948e-01   1.5071e+02   3.2301e+01   5.7556e-01   4.1940e-02   2.9437e+02
20260717_15:00:00   9.0260e-01   1.6497e+02   3.2359e+01   7.1266e-01   4.3248e-02   2.9497e+02
20260717_16:00:00   8.1043e-01   1.5412e+02   3.1913e+01   6.1115e-01   2.9971e-02   2.9358e+02
20260717_17:00:00   6.0446e-01   1.2661e+02   3.1636e+01   3.7993e-01   1.3640e-02   2.9395e+02
20260717_18:00:00   4.5907e-01   1.0358e+02   3.1586e+01   2.1415e-01   4.3990e-03   2.9609e+02
20260717_19:00:00   3.7200e-01   8.8106e+01   3.1288e+01   1.1792e-01   3.5071e-03   2.9590e+02
20260717_20:00:00   3.4093e-01   8.2430e+01   3.0970e+01   8.7315e-02   7.9842e-03   2.9488e+02
20260717_21:00:00   4.0758e-01   9.5810e+01   3.1336e+01   1.6549e-01   1.7512e-03   2.9546e+02
20260717_22:00:00   5.6962e-01   1.2409e+02   3.1974e+01   3.5701e-01   1.0908e-03   2.9543e+02
20260717_23:00:00   5.4737e-01   1.2037e+02   3.2536e+01   3.2078e-01   5.3247e-04   2.9535e+02
20260718_00:00:00   6.3534e-01   1.3384e+02   3.2813e+01   4.2002e-01   1.6260e-03   2.9513e+02
20260718_01:00:00   4.4060e-01   1.0211e+02   3.1592e+01   2.0573e-01   2.8579e-04   2.9529e+02
20260718_02:00:00   2.6975e-01   6.8479e+01   3.0305e+01   1.6284e-02   4.0180e-04   2.9624e+02
20260718_03:00:00   2.6877e-01   6.8319e+01   2.9687e+01   2.0959e-02   3.7060e-06   2.9675e+02
20260718_04:00:00   2.4898e-01   6.4021e+01   2.9430e+01   6.7260e-04   9.1692e-05   2.9633e+02
20260718_05:00:00   2.5245e-01   6.4700e+01   2.9839e+01   0.0000e+00   5.8386e-05   2.9793e+02
20260718_06:00:00   2.5330e-01   6.4824e+01   2.9951e+01   0.0000e+00   4.9092e-05   2.9694e+02
20260718_07:00:00   2.4797e-01   6.3678e+01   2.9486e+01   0.0000e+00   6.5340e-05   2.9375e+02
20260718_08:00:00   2.4840e-01   6.3751e+01   2.9486e+01   3.3340e-05   6.2740e-06   2.9388e+02
20260718_09:00:00   2.5144e-01   6.4393e+01   2.9771e+01   3.9220e-06   7.8420e-07   2.9463e+02
20260718_10:00:00   2.5651e-01   6.5462e+01   3.0119e+01   0.0000e+00   0.0000e+00   2.9313e+02
20260718_11:00:00   2.5490e-01   6.5125e+01   2.9929e+01   0.0000e+00   0.0000e+00   2.9502e+02
20260718_12:00:00   2.5463e-01   6.5058e+01   2.9816e+01   0.0000e+00   0.0000e+00   2.9425e+02
20260718_15:00:00   2.5266e-01   6.4587e+01   2.9625e+01   0.0000e+00   2.7780e-05   2.9576e+02
20260718_18:00:00   2.4345e-01   6.2570e+01   2.8812e+01   0.0000e+00   1.6189e-02   2.9352e+02
20260718_21:00:00   2.5027e-01   6.4015e+01   3.0045e+01   5.2280e-04   2.3647e-01   2.9317e+02
20260719_00:00:00   4.0372e-01   9.4099e+01   3.1757e+01   1.5915e-01   2.4447e-03   2.9424e+02
20260719_03:00:00   2.8200e-01   7.0943e+01   3.1599e+01   2.0890e-02   7.8498e-04   2.9617e+02
20260719_06:00:00   2.6711e-01   6.7761e+01   3.1727e+01   5.9360e-04   3.3820e-04   2.9488e+02
20260719_09:00:00   2.6153e-01   6.6549e+01   3.1084e+01   7.7380e-05   5.8255e-04   2.9848e+02
20260719_12:00:00   2.6190e-01   6.6658e+01   2.9776e+01   5.4020e-03   3.6362e-04   2.9540e+02
20260719_15:00:00   2.6161e-01   6.6636e+01   2.9223e+01   8.8846e-03   2.1416e-05   2.9596e+02
20260719_18:00:00   2.5103e-01   6.4603e+01   2.7597e+01   2.0698e-03   0.0000e+00   2.9769e+02
20260719_21:00:00   3.8116e-01   9.1450e+01   2.7352e+01   1.6212e-01   0.0000e+00   2.9944e+02
20260720_00:00:00   3.1487e-01   7.8227e+01   2.5846e+01   9.7044e-02   3.7060e-05   2.9899e+02
20260720_03:00:00   3.1785e-01   7.8255e+01   3.0212e+01   7.4580e-02   1.9962e-01   2.9688e+02
20260720_06:00:00   3.0387e-01   7.5341e+01   3.2283e+01   3.4097e-02   1.1769e-01   2.9323e+02
20260720_09:00:00   2.7642e-01   6.9555e+01   3.0955e+01   1.6022e-02   2.8877e-02   2.9882e+02
20260720_12:00:00   4.5927e-01   1.0366e+02   3.0813e+01   2.2183e-01   2.0237e-03   2.9692e+02
20260720_15:00:00   3.2190e-01   7.8648e+01   3.0617e+01   6.4110e-02   5.8564e-04   3.0304e+02
20260720_18:00:00   2.5958e-01   6.6123e+01   2.9489e+01   4.0180e-03   0.0000e+00   3.0066e+02
20260720_21:00:00   6.1903e-01   1.3162e+02   3.2642e+01   4.0383e-01   7.5580e-05   2.9527e+02
20260721_00:00:00   5.7895e-01   1.2508e+02   3.2771e+01   3.5043e-01   9.1868e-04   2.8924e+02
20260721_03:00:00   2.8189e-01   7.1132e+01   3.1739e+01   1.2318e-02   0.0000e+00   2.8874e+02
20260721_06:00:00   2.9289e-01   7.3375e+01   3.2992e+01   1.1752e-02   1.2030e-03   2.8903e+02
20260721_09:00:00   3.1693e-01   7.8091e+01   3.4446e+01   2.2336e-02   2.2734e-01   2.8472e+02
20260721_12:00:00   3.7251e-01   8.8764e+01   3.3925e+01   9.3170e-02   8.8030e-03   2.8560e+02
20260721_15:00:00   3.0531e-01   7.5851e+01   3.4598e+01   4.4052e-03   1.3669e-03   2.8984e+02
20260721_18:00:00   2.9931e-01   7.4902e+01   3.3198e+01   8.3952e-03   1.0750e-03   2.9077e+02
20260721_21:00:00   3.1970e-01   7.9309e+01   3.2973e+01   3.6517e-02   7.3020e-04   2.8671e+02
20260722_00:00:00   3.2698e-01   8.1120e+01   2.9777e+01   6.5719e-02   3.9216e-06   2.8931e+02
20260722_03:00:00   2.7067e-01   6.9356e+01   2.9097e+01   1.1910e-02   8.9699e-05   2.8693e+02
20260722_06:00:00   2.7413e-01   6.9976e+01   3.1280e+01   0.0000e+00   1.8942e-04   2.8994e+02
20260722_09:00:00   2.3392e-01   6.1375e+01   2.6309e+01   0.0000e+00   4.1980e-04   2.8910e+02
20260722_12:00:00   2.2665e-01   5.9619e+01   2.5967e+01   0.0000e+00   1.5187e-04   2.8645e+02
20260722_15:00:00   2.1995e-01   5.8207e+01   2.4340e+01   0.0000e+00   0.0000e+00   2.8857e+02
20260722_18:00:00   2.1935e-01   5.8179e+01   2.3870e+01   0.0000e+00   0.0000e+00   2.8998e+02
20260722_21:00:00   2.2041e-01   5.8609e+01   2.3221e+01   3.7744e-03   1.9026e-03   2.9000e+02
20260723_00:00:00   9.7319e-01   1.7044e+02   3.5355e+01   7.8567e-01   6.8053e-01   2.8666e+02
20260723_03:00:00   6.5222e-01   1.3322e+02   3.0315e+01   4.4131e-01   2.0993e-01   2.9093e+02
20260723_06:00:00   2.0432e-01   5.4211e+01   2.4785e+01   0.0000e+00   4.1420e-04   2.9785e+02
20260723_09:00:00   2.1479e-01   5.6433e+01   2.5803e+01   8.1590e-04   3.6520e-05   2.9265e+02
20260723_12:00:00   2.1228e-01   5.5944e+01   2.5688e+01   0.0000e+00   7.9862e-04   2.9227e+02
20260723_15:00:00   2.0742e-01   5.4991e+01   2.4284e+01   0.0000e+00   0.0000e+00   2.9482e+02
20260723_18:00:00   2.1219e-01   5.6249e+01   2.3510e+01   0.0000e+00   0.0000e+00   2.9169e+02
20260723_21:00:00   2.2337e-01   5.9031e+01   2.3269e+01   6.2790e-03   1.0102e-03   2.9370e+02
20260724_00:00:00   2.3190e-01   6.1059e+01   2.3016e+01   1.7500e-02   1.1214e-05   2.9318e+02
20260724_03:00:00   1.9162e-01   5.1986e+01   2.0468e+01   0.0000e+00   1.5294e-04   2.9532e+02
20260724_06:00:00   2.0190e-01   5.4265e+01   2.1846e+01   0.0000e+00   7.8420e-07   2.9430e+02
20260724_09:00:00   1.9709e-01   5.3011e+01   2.2144e+01   0.0000e+00   1.5620e-04   2.9143e+02
20260724_12:00:00   1.9691e-01   5.2818e+01   2.2742e+01   0.0000e+00   6.5240e-04   2.8833e+02
20260724_15:00:00   2.0288e-01   5.4172e+01   2.3488e+01   0.0000e+00   2.9000e-04   2.9107e+02
20260724_18:00:00   1.9945e-01   5.3474e+01   2.3004e+01   0.0000e+00   1.5976e-04   2.9258e+02
20260724_21:00:00   2.2528e-01   5.9592e+01   2.5504e+01   0.0000e+00   0.0000e+00   2.8967e+02
20260725_00:00:00   2.2409e-01   5.9488e+01   2.5131e+01   4.7343e-04   4.2077e-02   2.9031e+02
20260725_03:00:00   2.1103e-01   5.6522e+01   2.3818e+01   1.5516e-04   4.2025e-02   2.9007e+02
20260725_06:00:00   2.1913e-01   5.8199e+01   2.5506e+01   0.0000e+00   3.4552e-02   2.8933e+02
20260725_09:00:00   1.9854e-01   5.3382e+01   2.3712e+01   0.0000e+00   1.3782e-04   2.8754e+02
20260725_12:00:00   1.9622e-01   5.2784e+01   2.3397e+01   0.0000e+00   2.6695e-04   2.8945e+02
20260725_15:00:00   1.8962e-01   5.1331e+01   2.2255e+01   0.0000e+00   2.4714e-03   2.8751e+02
20260725_18:00:00   1.8588e-01   5.0528e+01   2.1690e+01   0.0000e+00   5.5541e-03   2.8476e+02
20260725_21:00:00   2.0737e-01   5.5595e+01   2.4242e+01   0.0000e+00   1.6428e-03   2.8887e+02
20260726_00:00:00   2.1099e-01   5.6434e+01   2.5098e+01   8.8220e-06   4.3778e-03   2.8638e+02
20260726_03:00:00   1.8196e-01   4.9674e+01   2.1804e+01   0.0000e+00   4.3235e-03   2.8706e+02
20260726_06:00:00   1.6637e-01   4.5832e+01   2.0167e+01   0.0000e+00   6.5059e-04   2.8783e+02
20260726_09:00:00   1.6678e-01   4.5781e+01   2.0653e+01   0.0000e+00   7.2905e-05   2.9051e+02
20260726_12:00:00   1.9050e-01   5.1341e+01   2.3245e+01   0.0000e+00   3.7132e-05   2.9248e+02
20260726_15:00:00   1.9385e-01   5.2047e+01   2.3800e+01   0.0000e+00   1.5138e-05   2.9129e+02
20260726_18:00:00   2.0518e-01   5.4499e+01   2.5788e+01   0.0000e+00   1.1871e-04   2.9037e+02
20260726_21:00:00   2.2762e-01   5.9640e+01   2.8546e+01   0.0000e+00   4.3920e-03   2.8853e+02
20260727_00:00:00   2.3403e-01   6.1137e+01   2.9278e+01   5.5480e-04   3.5920e-04   2.8833e+02
20260727_03:00:00   2.2768e-01   5.9839e+01   2.8345e+01   0.0000e+00   7.9101e-06   2.8689e+02
20260727_06:00:00   2.1912e-01   5.7971e+01   2.7286e+01   0.0000e+00   6.4317e-04   2.9035e+02
20260727_09:00:00   2.4447e-01   6.3296e+01   2.8927e+01   1.5034e-02   2.3048e-03   2.9095e+02
20260727_12:00:00   5.6846e-01   1.2131e+02   2.9772e+01   3.7490e-01   5.9996e-02   2.9068e+02
20260727_15:00:00   2.3427e-01   6.0971e+01   2.8368e+01   8.7910e-03   8.2923e-04   2.8999e+02
20260727_18:00:00   2.4281e-01   6.2799e+01   2.8038e+01   1.9310e-02   1.1941e-02   2.9079e+02
20260727_21:00:00   2.3381e-01   6.1270e+01   2.8652e+01   0.0000e+00   2.2700e-05   2.9125e+02
20260728_00:00:00   2.4105e-01   6.3197e+01   2.8658e+01   0.0000e+00   8.2640e-05   2.8995e+02
20260728_03:00:00   2.3469e-01   6.1929e+01   2.7513e+01   0.0000e+00   7.1065e-03   2.8899e+02
20260728_06:00:00   2.2381e-01   5.9441e+01   2.6325e+01   0.0000e+00   1.4473e-02   2.9074e+02
20260728_09:00:00   2.2908e-01   6.0493e+01   2.6858e+01   0.0000e+00   1.0373e-01   2.9077e+02
20260728_12:00:00   2.1485e-01   5.7272e+01   2.5380e+01   0.0000e+00   2.2199e-03   2.9117e+02
20260728_15:00:00   2.3027e-01   6.0719e+01   2.6815e+01   0.0000e+00   3.3684e-03   2.9122e+02
20260728_18:00:00   2.5801e-01   6.6885e+01   2.9510e+01   0.0000e+00   9.2620e-06   2.8903e+02
20260728_21:00:00   6.5876e-01   1.3714e+02   3.2551e+01   4.4198e-01   9.2362e-04   2.8937e+02
20260729_00:00:00   2.2935e-01   6.0605e+01   2.6588e+01   1.1116e-04   1.0659e-01   2.8648e+02
20260729_03:00:00   2.1534e-01   5.7372e+01   2.4956e+01   0.0000e+00   4.1016e-02   2.8935e+02
20260729_06:00:00   1.8203e-01   4.9665e+01   2.1357e+01   0.0000e+00   5.2534e-03   2.9267e+02
20260729_09:00:00   1.6980e-01   4.6760e+01   1.9655e+01   0.0000e+00   3.4644e-02   2.9146e+02
20260729_12:00:00   1.6308e-01   4.5078e+01   1.8464e+01   0.0000e+00   9.9320e-02   2.9062e+02
