#            date       tau255        Tb[K]      pwv[mm] lwp[kg*m^-2] iwp[kg*m^-2]       o3[DU]
20260210_18:00:00   1.0998e-01   3.0609e+01   1.0434e+01   0.0000e+00   1.8068e-02   2.8539e+02
20260210_19:00:00   1.1220e-01   3.1203e+01   1.0500e+01   0.0000e+00   8.2889e-03   2.8535e+02
20260210_20:00:00   1.1393e-01   3.1643e+01   1.0688e+01   0.0000e+00   3.1084e-03   2.7930e+02
20260210_21:00:00   1.1848e-01   3.2755e+01   1.1236e+01   0.0000e+00   1.8987e-03   2.7651e+02
20260210_22:00:00   1.2152e-01   3.3512e+01   1.1479e+01   0.0000e+00   1.3970e-03   2.7651e+02
20260210_23:00:00   1.2538e-01   3.4413e+01   1.1984e+01   5.5580e-05   3.5252e-02   2.7498e+02
20260211_00:00:00   1.2975e-01   3.5470e+01   1.2225e+01   8.8920e-04   5.6605e-03   2.7424e+02
20260211_01:00:00   1.5737e-01   4.1970e+01   1.2228e+01   3.2016e-02   8.4071e-03   2.7440e+02
20260211_02:00:00   1.2445e-01   3.4240e+01   1.1004e+01   4.0500e-03   1.1928e-02   2.7307e+02
20260211_03:00:00   1.2166e-01   3.3584e+01   1.0178e+01   8.6595e-03   3.8922e-02   2.7161e+02
20260211_04:00:00   1.0791e-01   3.0249e+01   9.5020e+00   0.0000e+00   3.4769e-02   2.7106e+02
20260211_05:00:00   1.0086e-01   2.8523e+01   8.6990e+00   0.0000e+00   1.1985e-02   2.6889e+02
20260211_06:00:00   9.8956e-02   2.8039e+01   8.5080e+00   0.0000e+00   3.9151e-02   2.6752e+02
20260211_07:00:00   1.0272e-01   2.8943e+01   9.0395e+00   0.0000e+00   5.1082e-02   2.6643e+02
20260211_08:00:00   1.0044e-01   2.8371e+01   8.7472e+00   0.0000e+00   1.1618e-01   2.6598e+02
20260211_09:00:00   1.0254e-01   2.8839e+01   9.1471e+00   0.0000e+00   1.4512e-01   2.6594e+02
20260211_10:00:00   1.0140e-01   2.8543e+01   9.0311e+00   0.0000e+00   1.5054e-01   2.6542e+02
20260211_11:00:00   9.8735e-02   2.7874e+01   8.6749e+00   0.0000e+00   1.4864e-01   2.6567e+02
20260211_12:00:00   9.4917e-02   2.6905e+01   8.2004e+00   0.0000e+00   1.5741e-01   2.6369e+02
20260211_13:00:00   9.0623e-02   2.5859e+01   7.6417e+00   0.0000e+00   6.3998e-02   2.6277e+02
20260211_14:00:00   8.9345e-02   2.5538e+01   7.4939e+00   0.0000e+00   2.5840e-02   2.6360e+02
20260211_15:00:00   8.6307e-02   2.4793e+01   7.0539e+00   0.0000e+00   1.1557e-02   2.6346e+02
20260211_16:00:00   8.4861e-02   2.4438e+01   6.8325e+00   0.0000e+00   1.2312e-02   2.6225e+02
20260211_17:00:00   8.5464e-02   2.4602e+01   6.8829e+00   0.0000e+00   9.0026e-03   2.6129e+02
20260211_18:00:00   8.9730e-02   2.5698e+01   7.2806e+00   0.0000e+00   6.7000e-03   2.6159e+02
20260211_19:00:00   9.5257e-02   2.7085e+01   7.9012e+00   0.0000e+00   2.7275e-02   2.6191e+02
20260211_20:00:00   9.8554e-02   2.7901e+01   8.2819e+00   0.0000e+00   2.7164e-02   2.6028e+02
20260211_21:00:00   1.0004e-01   2.8274e+01   8.4577e+00   0.0000e+00   1.6044e-02   2.6039e+02
20260211_22:00:00   1.0230e-01   2.8820e+01   8.7651e+00   0.0000e+00   5.1197e-03   2.6115e+02
20260211_23:00:00   1.0220e-01   2.8787e+01   8.7817e+00   0.0000e+00   2.4201e-02   2.6217e+02
20260212_00:00:00   9.8873e-02   2.7967e+01   8.3762e+00   0.0000e+00   1.4334e-02   2.6286e+02
20260212_01:00:00   9.6284e-02   2.7315e+01   8.0393e+00   0.0000e+00   1.4654e-02   2.6317e+02
20260212_02:00:00   9.2063e-02   2.6254e+01   7.5273e+00   0.0000e+00   8.1030e-03   2.6372e+02
20260212_03:00:00   9.0358e-02   2.5778e+01   7.4433e+00   0.0000e+00   5.9122e-02   2.6390e+02
20260212_04:00:00   8.9946e-02   2.5612e+01   7.5943e+00   0.0000e+00   8.3180e-02   2.6326e+02
20260212_05:00:00   8.8163e-02   2.5189e+01   7.3410e+00   0.0000e+00   2.3573e-02   2.6593e+02
20260212_06:00:00   9.1131e-02   2.5848e+01   7.9484e+00   0.0000e+00   4.4917e-02   2.6518e+02
20260212_07:00:00   9.5414e-02   2.6805e+01   8.7112e+00   0.0000e+00   7.3465e-02   2.6773e+02
20260212_08:00:00   8.7740e-02   2.4991e+01   7.4350e+00   0.0000e+00   1.8915e-02   2.6963e+02
20260212_09:00:00   8.4107e-02   2.4088e+01   6.8668e+00   0.0000e+00   4.5337e-02   2.7065e+02
20260212_10:00:00   7.8724e-02   2.2788e+01   5.9905e+00   0.0000e+00   2.2639e-02   2.6983e+02
20260212_11:00:00   7.7078e-02   2.2364e+01   5.7664e+00   0.0000e+00   1.8904e-02   2.7066e+02
20260212_12:00:00   7.5656e-02   2.2027e+01   5.4779e+00   0.0000e+00   9.9287e-03   2.7202e+02
20260212_13:00:00   7.3914e-02   2.1606e+01   5.1796e+00   0.0000e+00   1.0826e-02   2.7347e+02
20260212_14:00:00   7.4099e-02   2.1639e+01   5.2219e+00   0.0000e+00   1.4802e-02   2.7446e+02
20260212_15:00:00   7.2984e-02   2.1361e+01   5.0474e+00   0.0000e+00   1.6440e-02   2.7556e+02
20260212_16:00:00   7.5729e-02   2.1984e+01   5.6802e+00   0.0000e+00   2.5211e-02   2.7449e+02
20260212_17:00:00   7.9082e-02   2.2782e+01   6.2537e+00   0.0000e+00   1.5774e-02   2.7379e+02
20260212_18:00:00   8.0247e-02   2.3055e+01   6.4631e+00   0.0000e+00   1.2856e-02   2.7311e+02
20260212_19:00:00   8.5205e-02   2.4275e+01   7.2513e+00   0.0000e+00   1.6123e-02   2.7266e+02
20260212_20:00:00   8.9430e-02   2.5305e+01   7.9433e+00   0.0000e+00   1.7241e-02   2.7262e+02
20260212_21:00:00   9.3766e-02   2.6374e+01   8.5771e+00   0.0000e+00   1.2705e-02   2.7180e+02
20260212_22:00:00   9.6367e-02   2.7026e+01   8.9426e+00   0.0000e+00   2.3930e-02   2.7329e+02
20260212_23:00:00   9.6770e-02   2.7138e+01   8.9829e+00   0.0000e+00   3.3572e-02   2.7306e+02
20260213_00:00:00   9.7372e-02   2.7294e+01   9.0597e+00   0.0000e+00   4.0235e-02   2.7372e+02
20260213_01:00:00   9.7639e-02   2.7381e+01   9.0859e+00   0.0000e+00   2.6628e-02   2.7244e+02
20260213_02:00:00   9.8208e-02   2.7536e+01   9.1359e+00   0.0000e+00   1.9434e-02   2.7399e+02
20260213_03:00:00   9.6960e-02   2.7233e+01   8.9316e+00   0.0000e+00   1.5503e-02   2.7462e+02
20260213_04:00:00   9.2331e-02   2.6115e+01   8.1989e+00   0.0000e+00   1.1519e-02   2.7605e+02
20260213_05:00:00   8.8502e-02   2.5166e+01   7.5782e+00   0.0000e+00   1.6343e-02   2.7743e+02
20260213_06:00:00   9.0312e-02   2.5588e+01   7.7765e+00   0.0000e+00   3.4516e-02   2.7751e+02
20260213_07:00:00   9.2643e-02   2.6110e+01   8.1984e+00   0.0000e+00   4.4162e-02   2.7846e+02
20260213_08:00:00   1.0188e-01   2.8293e+01   9.5419e+00   0.0000e+00   1.2534e-01   2.8113e+02
20260213_09:00:00   1.1123e-01   3.0464e+01   1.0696e+01   0.0000e+00   3.5851e-01   2.8409e+02
20260213_10:00:00   1.2490e-01   3.3649e+01   1.2280e+01   0.0000e+00   4.3534e-01   2.8885e+02
20260213_11:00:00   1.2705e-01   3.4111e+01   1.2364e+01   0.0000e+00   5.3475e-01   2.9760e+02
20260213_12:00:00   1.3271e-01   3.5433e+01   1.2678e+01   2.9417e-03   3.5204e-01   3.1579e+02
20260213_13:00:00   1.8781e-01   4.7997e+01   1.2900e+01   6.0797e-02   3.8429e-01   3.2110e+02
20260213_14:00:00   3.6045e-01   8.3713e+01   1.3026e+01   2.5265e-01   4.5800e-01   3.3199e+02
20260213_15:00:00   4.4244e-01   9.8415e+01   1.2131e+01   3.5298e-01   2.3604e-01   3.4591e+02
20260213_16:00:00   6.0358e-01   1.2405e+02   1.2045e+01   5.3341e-01   3.0563e-01   3.5866e+02
20260213_17:00:00   4.0315e-01   9.1372e+01   1.1636e+01   3.1028e-01   2.1126e-01   3.6666e+02
20260213_18:00:00   4.8183e-01   1.0507e+02   1.1491e+01   4.0102e-01   1.5470e-01   3.7749e+02
20260213_19:00:00   6.5899e-01   1.3148e+02   1.1657e+01   5.9679e-01   2.8795e-01   3.8261e+02
20260213_20:00:00   4.2471e-01   9.5218e+01   1.1279e+01   3.3817e-01   1.4172e-01   3.8710e+02
20260213_21:00:00   2.7628e-01   6.7206e+01   1.0907e+01   1.7471e-01   1.7112e-02   3.9859e+02
20260213_22:00:00   1.6546e-01   4.3030e+01   1.1136e+01   4.7171e-02   2.8951e-02   3.9826e+02
20260213_23:00:00   2.1866e-01   5.4851e+01   1.1615e+01   1.0223e-01   1.5170e-01   3.9673e+02
20260214_00:00:00   2.4079e-01   5.9698e+01   1.1580e+01   1.2798e-01   1.5066e-01   3.8429e+02
20260214_01:00:00   4.5762e-01   1.0068e+02   1.1685e+01   3.7094e-01   1.9606e-01   3.7082e+02
20260214_02:00:00   5.6780e-01   1.1889e+02   1.1889e+01   4.9330e-01   5.4741e-01   3.6711e+02
20260214_03:00:00   2.9152e-01   7.0151e+01   1.1462e+01   1.8560e-01   2.4267e-01   3.6126e+02
20260214_04:00:00   1.5212e-01   3.9938e+01   1.0886e+01   3.4174e-02   2.6015e-02   3.5389e+02
20260214_05:00:00   1.1730e-01   3.1823e+01   1.0351e+01   0.0000e+00   2.9440e-04   3.4413e+02
20260214_06:00:00   1.1423e-01   3.1120e+01   9.9363e+00   0.0000e+00   1.6602e-05   3.3255e+02
20260214_07:00:00   1.1181e-01   3.0562e+01   9.6600e+00   0.0000e+00   0.0000e+00   3.2204e+02
20260214_08:00:00   1.0883e-01   2.9895e+01   9.3013e+00   0.0000e+00   0.0000e+00   3.1857e+02
20260214_09:00:00   1.0688e-01   2.9461e+01   9.0221e+00   0.0000e+00   0.0000e+00   3.1363e+02
20260214_10:00:00   1.0294e-01   2.8556e+01   8.5055e+00   0.0000e+00   0.0000e+00   3.1244e+02
20260214_11:00:00   9.9049e-02   2.7651e+01   8.1211e+00   0.0000e+00   0.0000e+00   3.0665e+02
20260214_12:00:00   9.8961e-02   2.7676e+01   7.9234e+00   0.0000e+00   0.0000e+00   3.0279e+02
20260214_13:00:00   9.5606e-02   2.6910e+01   7.3471e+00   0.0000e+00   0.0000e+00   2.9732e+02
20260214_14:00:00   9.1377e-02   2.5919e+01   6.7517e+00   0.0000e+00   0.0000e+00   2.9200e+02
20260214_15:00:00   8.7641e-02   2.5037e+01   6.2170e+00   0.0000e+00   0.0000e+00   2.9032e+02
20260214_16:00:00   8.3133e-02   2.3948e+01   5.6374e+00   0.0000e+00   0.0000e+00   2.9110e+02
20260214_17:00:00   7.9578e-02   2.3086e+01   5.2366e+00   0.0000e+00   0.0000e+00   2.8956e+02
20260214_18:00:00   7.6952e-02   2.2448e+01   4.9292e+00   0.0000e+00   0.0000e+00   2.8822e+02
20260214_19:00:00   7.7214e-02   2.2526e+01   4.9370e+00   0.0000e+00   0.0000e+00   2.8729e+02
20260214_20:00:00   7.5598e-02   2.2134e+01   4.7435e+00   0.0000e+00   0.0000e+00   2.8612e+02
20260214_21:00:00   7.6533e-02   2.2382e+01   4.8409e+00   0.0000e+00   0.0000e+00   2.8399e+02
20260214_22:00:00   8.0555e-02   2.3404e+01   5.2919e+00   0.0000e+00   0.0000e+00   2.8274e+02
20260214_23:00:00   7.9823e-02   2.3237e+01   5.2265e+00   0.0000e+00   7.5700e-06   2.8383e+02
20260215_00:00:00   7.8262e-02   2.2848e+01   5.1226e+00   0.0000e+00   1.5388e-03   2.8541e+02
20260215_01:00:00   7.3374e-02   2.1600e+01   4.6790e+00   0.0000e+00   4.7573e-03   2.8750e+02
20260215_02:00:00   6.6966e-02   1.9984e+01   3.8470e+00   0.0000e+00   3.3376e-03   2.8849e+02
20260215_03:00:00   6.4416e-02   1.9359e+01   3.4321e+00   0.0000e+00   0.0000e+00   2.8621e+02
20260215_04:00:00   6.2259e-02   1.8812e+01   3.1461e+00   0.0000e+00   1.6962e-05   2.8429e+02
20260215_05:00:00   5.9824e-02   1.8187e+01   2.8323e+00   0.0000e+00   1.4820e-03   2.8382e+02
20260215_06:00:00   5.9511e-02   1.8108e+01   2.7892e+00   0.0000e+00   2.4339e-03   2.8526e+02
20260215_07:00:00   6.0034e-02   1.8237e+01   2.8737e+00   0.0000e+00   1.6068e-03   2.8561e+02
20260215_08:00:00   5.9713e-02   1.8157e+01   2.8343e+00   0.0000e+00   1.0310e-03   2.8593e+02
20260215_09:00:00   6.0479e-02   1.8342e+01   2.9998e+00   0.0000e+00   1.6834e-03   2.8549e+02
20260215_10:00:00   6.0868e-02   1.8410e+01   3.1769e+00   0.0000e+00   4.9286e-03   2.8452e+02
20260215_11:00:00   5.8745e-02   1.7878e+01   2.8181e+00   0.0000e+00   3.1995e-03   2.8612e+02
20260215_12:00:00   5.7035e-02   1.7414e+01   2.6628e+00   0.0000e+00   1.8652e-02   2.8911e+02
20260215_13:00:00   5.9919e-02   1.8140e+01   3.1336e+00   0.0000e+00   2.1538e-02   2.9123e+02
20260215_14:00:00   5.8892e-02   1.7901e+01   2.8829e+00   0.0000e+00   2.5042e-03   2.9299e+02
20260215_15:00:00   5.8025e-02   1.7666e+01   2.7899e+00   0.0000e+00   1.7914e-03   2.9265e+02
20260215_16:00:00   5.8296e-02   1.7716e+01   2.9043e+00   0.0000e+00   1.1052e-02   2.9383e+02
20260215_17:00:00   6.1035e-02   1.8365e+01   3.4575e+00   0.0000e+00   2.6091e-02   2.9518e+02
20260215_18:00:00   6.3429e-02   1.8925e+01   3.9739e+00   0.0000e+00   7.1987e-02   2.9452e+02
20260215_21:00:00   7.9453e-02   2.2881e+01   6.7245e+00   0.0000e+00   1.0243e-01   2.9161e+02
20260216_00:00:00   7.6275e-02   2.2221e+01   6.0341e+00   0.0000e+00   2.1202e-04   2.8865e+02
20260216_03:00:00   7.7471e-02   2.2453e+01   6.4340e+00   0.0000e+00   1.2752e-03   2.7911e+02
20260216_06:00:00   7.5322e-02   2.1983e+01   5.9547e+00   0.0000e+00   2.5327e-05   2.7746e+02
20260216_09:00:00   6.9996e-02   2.0612e+01   5.2297e+00   0.0000e+00   2.2391e-02   2.7894e+02
20260216_12:00:00   6.6115e-02   1.9677e+01   4.5050e+00   0.0000e+00   6.7484e-03   2.7620e+02
20260216_15:00:00   7.1279e-02   2.0973e+01   5.2479e+00   0.0000e+00   3.1538e-03   2.7772e+02
20260216_18:00:00   7.6278e-02   2.2210e+01   5.9162e+00   0.0000e+00   4.0482e-03   2.7725e+02
20260216_21:00:00   8.9340e-02   2.5420e+01   7.8596e+00   0.0000e+00   9.9212e-03   2.7945e+02
20260217_00:00:00   8.7306e-02   2.5010e+01   6.9568e+00   0.0000e+00   2.1401e-03   2.8011e+02
20260217_03:00:00   1.2983e-01   3.5410e+01   6.2552e+00   4.7290e-02   3.6680e-06   2.8479e+02
20260217_06:00:00   1.0701e+00   1.7967e+02   9.4142e+00   1.0795e+00   1.2517e-01   2.8962e+02
20260217_09:00:00   6.6545e-02   1.9629e+01   3.2119e+00   2.7720e-06   0.0000e+00   2.9414e+02
20260217_12:00:00   5.6723e-02   1.7092e+01   1.9180e+00   1.7370e-04   0.0000e+00   2.8780e+02
20260217_15:00:00   5.2849e-02   1.6107e+01   1.4153e+00   0.0000e+00   0.0000e+00   2.9502e+02
20260217_18:00:00   5.3508e-02   1.6320e+01   1.5179e+00   0.0000e+00   0.0000e+00   2.9810e+02
20260217_21:00:00   5.3203e-02   1.6284e+01   1.5315e+00   0.0000e+00   0.0000e+00   2.8937e+02
20260218_00:00:00   5.3698e-02   1.6412e+01   1.6852e+00   0.0000e+00   0.0000e+00   2.9003e+02
20260218_03:00:00   5.2209e-02   1.6019e+01   1.5597e+00   0.0000e+00   1.3894e-05   3.1149e+02
20260218_06:00:00   5.0644e-02   1.5615e+01   1.3907e+00   0.0000e+00   5.2280e-05   3.1475e+02
20260218_09:00:00   5.1341e-02   1.5810e+01   1.5198e+00   0.0000e+00   1.1792e-03   3.1621e+02
20260218_12:00:00   5.1673e-02   1.5897e+01   1.5877e+00   0.0000e+00   0.0000e+00   3.1325e+02
20260218_15:00:00   5.4639e-02   1.6647e+01   2.1392e+00   0.0000e+00   2.5107e-03   3.1066e+02
20260218_18:00:00   6.2287e-02   1.8608e+01   3.4253e+00   0.0000e+00   6.2745e-03   3.1161e+02
20260218_21:00:00   7.6655e-02   2.2261e+01   5.4248e+00   0.0000e+00   1.4299e-02   3.1248e+02
20260219_00:00:00   1.1285e-01   3.1228e+01   6.0731e+00   3.2056e-02   2.0568e-03   3.1494e+02
20260219_03:00:00   2.6056e-01   6.4490e+01   5.7076e+00   2.0157e-01   1.8292e-02   3.1476e+02
20260219_06:00:00   3.8435e-01   8.8550e+01   6.7046e+00   3.3324e-01   3.4306e-02   3.1587e+02
20260219_09:00:00   7.8929e-01   1.4945e+02   7.2418e+00   7.8597e-01   2.4373e-02   3.1759e+02
20260219_12:00:00   4.9093e-01   1.0642e+02   7.2607e+00   4.4866e-01   4.5313e-02   3.2067e+02
20260219_15:00:00   3.7036e-01   8.5291e+01   7.3349e+00   3.1326e-01   3.4903e-02   3.2376e+02
20260219_18:00:00   1.4671e-01   3.8713e+01   7.4528e+00   5.9875e-02   8.3557e-03   3.2311e+02
20260219_21:00:00   1.4196e-01   3.7556e+01   6.2739e+00   6.1100e-02   6.5304e-03   3.2358e+02
20260220_00:00:00   7.7978e-02   2.2309e+01   5.1392e+00   2.1860e-04   6.8572e-05   3.1824e+02
20260220_03:00:00   6.9563e-02   2.0217e+01   4.0416e+00   0.0000e+00   0.0000e+00   3.1400e+02
20260220_06:00:00   6.2158e-02   1.8363e+01   3.1650e+00   0.0000e+00   8.5442e-04   3.0369e+02
20260220_09:00:00   6.3738e-02   1.8748e+01   3.6110e+00   0.0000e+00   9.5940e-04   3.0417e+02
20260220_12:00:00   6.8017e-02   1.9799e+01   4.4447e+00   0.0000e+00   2.7421e-03   3.0869e+02
20260220_15:00:00   7.1437e-02   2.0684e+01   5.0107e+00   0.0000e+00   0.0000e+00   3.1093e+02
20260220_18:00:00   7.8514e-02   2.2498e+01   6.0069e+00   0.0000e+00   0.0000e+00   3.0689e+02
20260220_21:00:00   9.1647e-02   2.5736e+01   7.8642e+00   0.0000e+00   7.9850e-03   3.0758e+02
20260221_00:00:00   8.7049e-02   2.4593e+01   7.2205e+00   0.0000e+00   2.7188e-02   3.0790e+02
20260221_03:00:00   7.8893e-02   2.2559e+01   6.0184e+00   0.0000e+00   8.5396e-02   3.0691e+02
20260221_06:00:00   7.9278e-02   2.2596e+01   6.1713e+00   0.0000e+00   1.2766e-02   3.1125e+02
20260221_09:00:00   8.0377e-02   2.2839e+01   6.2581e+00   0.0000e+00   9.2410e-03   3.1200e+02
20260221_12:00:00   6.9314e-02   2.0190e+01   4.1704e+00   0.0000e+00   5.8820e-06   3.2110e+02
20260221_15:00:00   7.5217e-02   2.1570e+01   4.9938e+00   0.0000e+00   0.0000e+00   3.4970e+02
20260221_18:00:00   7.1510e-02   2.0741e+01   4.2828e+00   0.0000e+00   0.0000e+00   3.4358e+02
20260221_21:00:00   6.5243e-02   1.9215e+01   3.3918e+00   0.0000e+00   0.0000e+00   3.3658e+02
20260222_00:00:00   6.5038e-02   1.9189e+01   3.3838e+00   0.0000e+00   0.0000e+00   3.4800e+02
20260222_03:00:00   6.5990e-02   1.9447e+01   3.4912e+00   0.0000e+00   0.0000e+00   3.4700e+02
20260222_06:00:00   6.2997e-02   1.8704e+01   3.1211e+00   0.0000e+00   0.0000e+00   3.5066e+02
20260222_09:00:00   6.2440e-02   1.8571e+01   3.0406e+00   0.0000e+00   0.0000e+00   3.5089e+02
20260222_12:00:00   6.2147e-02   1.8506e+01   2.9493e+00   0.0000e+00   0.0000e+00   3.4320e+02
20260222_15:00:00   6.1939e-02   1.8455e+01   2.8933e+00   0.0000e+00   0.0000e+00   3.4051e+02
20260222_18:00:00   6.3803e-02   1.8943e+01   3.1582e+00   0.0000e+00   0.0000e+00   3.4169e+02
20260222_21:00:00   7.0864e-02   2.0723e+01   4.1357e+00   0.0000e+00   3.2382e-03   3.4227e+02
20260223_00:00:00   7.1516e-02   2.0893e+01   4.3521e+00   0.0000e+00   9.1721e-06   3.4091e+02
20260223_03:00:00   7.3505e-02   2.1343e+01   4.7439e+00   0.0000e+00   1.8773e-03   3.4192e+02
20260223_06:00:00   6.9716e-02   2.0322e+01   4.4562e+00   0.0000e+00   1.2800e-02   3.4223e+02
20260223_09:00:00   7.1486e-02   2.0696e+01   4.9082e+00   0.0000e+00   3.5641e-02   3.4046e+02
20260223_12:00:00   7.3197e-02   2.1080e+01   5.0533e+00   0.0000e+00   1.2593e-01   3.4269e+02
20260223_15:00:00   8.8514e-02   2.4769e+01   7.3668e+00   0.0000e+00   2.0080e-01   3.4658e+02
20260223_18:00:00   8.0898e-02   2.2957e+01   6.1756e+00   0.0000e+00   2.7818e-02   3.5382e+02
20260223_21:00:00   8.4601e-02   2.3997e+01   6.3486e+00   0.0000e+00   2.1281e-03   3.5506e+02
20260224_00:00:00   8.8328e-02   2.4895e+01   6.7940e+00   0.0000e+00   9.2204e-04   3.6133e+02
20260224_03:00:00   8.9585e-02   2.5199e+01   6.7989e+00   0.0000e+00   2.5187e-03   3.6460e+02
20260224_06:00:00   9.2050e-02   2.5730e+01   7.0596e+00   0.0000e+00   1.9082e-04   3.6548e+02
20260224_09:00:00   8.5937e-02   2.4297e+01   6.0368e+00   0.0000e+00   0.0000e+00   3.6007e+02
20260224_12:00:00   8.3827e-02   2.3786e+01   5.6601e+00   0.0000e+00   0.0000e+00   3.5365e+02
20260224_15:00:00   8.1466e-02   2.3175e+01   5.4212e+00   0.0000e+00   0.0000e+00   3.5470e+02
20260224_18:00:00   8.5296e-02   2.4105e+01   5.9110e+00   0.0000e+00   0.0000e+00   3.5421e+02
20260224_21:00:00   9.1607e-02   2.5656e+01   6.8216e+00   2.7780e-04   1.1048e-04   3.5219e+02
20260225_00:00:00   9.1555e-02   2.5664e+01   6.8642e+00   1.8526e-05   4.9900e-04   3.4656e+02
20260225_03:00:00   8.6812e-02   2.4531e+01   6.1857e+00   0.0000e+00   1.8526e-06   3.4712e+02
20260225_06:00:00   8.3271e-02   2.3637e+01   5.8086e+00   0.0000e+00   0.0000e+00   3.4761e+02
20260225_09:00:00   8.2762e-02   2.3518e+01   5.6261e+00   0.0000e+00   0.0000e+00   3.5085e+02
20260225_12:00:00   8.0591e-02   2.2945e+01   5.3885e+00   0.0000e+00   0.0000e+00   3.5815e+02
20260225_15:00:00   7.6853e-02   2.2031e+01   4.9291e+00   0.0000e+00   0.0000e+00   3.5840e+02
20260225_18:00:00   7.4050e-02   2.1389e+01   4.4042e+00   0.0000e+00   0.0000e+00   3.5342e+02
20260225_21:00:00   7.2232e-02   2.0962e+01   4.3619e+00   0.0000e+00   6.0500e-05   3.3331e+02
20260226_00:00:00   6.8825e-02   2.0184e+01   3.8920e+00   0.0000e+00   0.0000e+00   3.3024e+02
20260226_03:00:00   6.4867e-02   1.9219e+01   3.3147e+00   0.0000e+00   0.0000e+00   3.2854e+02
20260226_06:00:00   6.7851e-02   1.9912e+01   4.0717e+00   0.0000e+00   4.9655e-04   3.1868e+02
20260226_09:00:00   6.4354e-02   1.9106e+01   3.3680e+00   0.0000e+00   1.4023e-02   3.1510e+02
20260226_12:00:00   6.1383e-02   1.8362e+01   2.8196e+00   0.0000e+00   1.3628e-02   3.1503e+02
20260226_15:00:00   6.0032e-02   1.7997e+01   2.6492e+00   0.0000e+00   5.5633e-03   3.1293e+02
20260226_18:00:00   5.9333e-02   1.7793e+01   2.6868e+00   0.0000e+00   2.4939e-03   3.1379e+02
