#            date       tau255        Tb[K]      pwv[mm] lwp[kg*m^-2] iwp[kg*m^-2]       o3[DU]
20260719_12:00:00   2.8165e-01   7.0441e+01   3.0525e+01   3.0749e-02   1.5785e-02   2.9899e+02
20260719_13:00:00   2.6407e-01   6.6896e+01   3.0744e+01   9.3469e-03   1.0483e-02   2.9984e+02
20260719_14:00:00   2.5841e-01   6.5694e+01   3.0872e+01   1.0817e-03   4.4422e-02   2.9779e+02
20260719_15:00:00   2.5992e-01   6.6011e+01   3.0602e+01   4.6961e-03   2.0428e-02   2.9559e+02
20260719_16:00:00   2.5293e-01   6.4548e+01   3.0266e+01   3.9220e-05   1.6446e-03   2.9478e+02
20260719_17:00:00   2.5097e-01   6.4144e+01   3.0072e+01   0.0000e+00   5.6423e-04   2.9400e+02
20260719_18:00:00   2.5346e-01   6.4713e+01   3.0296e+01   0.0000e+00   1.2548e-03   2.9393e+02
20260719_19:00:00   2.5380e-01   6.4825e+01   3.0399e+01   0.0000e+00   1.4493e-03   2.9255e+02
20260719_20:00:00   2.5329e-01   6.4759e+01   3.0358e+01   0.0000e+00   9.7178e-04   2.9241e+02
20260719_21:00:00   2.6435e-01   6.7158e+01   3.0342e+01   1.3266e-02   3.0489e-04   2.9284e+02
20260719_22:00:00   2.9133e-01   7.2913e+01   3.0037e+01   4.8259e-02   7.8668e-05   2.9194e+02
20260719_23:00:00   2.8240e-01   7.1097e+01   2.8780e+01   5.0859e-02   1.1224e-05   2.9126e+02
20260720_00:00:00   2.4256e-01   6.2616e+01   2.7538e+01   1.7361e-02   1.5684e-05   2.9524e+02
20260720_01:00:00   2.3194e-01   6.0251e+01   2.7286e+01   7.7030e-03   2.6445e-04   2.9817e+02
20260720_02:00:00   2.4494e-01   6.3000e+01   2.7802e+01   1.6864e-02   4.5431e-06   2.9763e+02
20260720_03:00:00   2.2930e-01   5.9635e+01   2.7765e+01   0.0000e+00   9.0588e-04   2.9766e+02
20260720_04:00:00   2.3053e-01   5.9900e+01   2.7863e+01   0.0000e+00   1.2474e-04   2.9424e+02
20260720_05:00:00   2.2972e-01   5.9731e+01   2.7823e+01   9.2620e-06   4.3540e-04   2.9266e+02
20260720_06:00:00   2.3048e-01   5.9907e+01   2.7839e+01   0.0000e+00   8.7920e-04   2.9284e+02
20260720_07:00:00   2.3435e-01   6.0709e+01   2.8110e+01   1.7250e-03   1.4407e-03   2.9266e+02
20260720_08:00:00   2.3035e-01   5.9837e+01   2.7777e+01   0.0000e+00   9.3162e-04   2.9182e+02
20260720_09:00:00   2.3071e-01   5.9878e+01   2.7742e+01   9.2620e-05   8.4500e-04   2.9196e+02
20260720_10:00:00   2.3076e-01   5.9873e+01   2.7772e+01   0.0000e+00   5.3700e-05   2.9296e+02
20260720_11:00:00   2.3277e-01   6.0290e+01   2.7917e+01   0.0000e+00   3.1160e-05   2.9175e+02
20260720_12:00:00   2.3300e-01   6.0331e+01   2.7892e+01   0.0000e+00   1.6022e-06   2.9205e+02
20260720_13:00:00   2.3217e-01   6.0140e+01   2.7800e+01   0.0000e+00   3.4205e-05   2.9004e+02
20260720_14:00:00   2.3234e-01   6.0162e+01   2.7840e+01   0.0000e+00   2.7480e-05   2.8766e+02
20260720_15:00:00   2.3341e-01   6.0379e+01   2.7933e+01   0.0000e+00   9.8020e-07   2.8852e+02
20260720_16:00:00   2.3288e-01   6.0254e+01   2.7905e+01   0.0000e+00   0.0000e+00   2.8972e+02
20260720_17:00:00   2.3648e-01   6.1070e+01   2.8298e+01   0.0000e+00   1.2460e-04   2.9047e+02
20260720_18:00:00   2.3994e-01   6.1855e+01   2.8670e+01   0.0000e+00   2.8740e-04   2.8977e+02
20260720_19:00:00   2.4362e-01   6.2705e+01   2.9055e+01   0.0000e+00   3.6761e-04   2.8659e+02
20260720_20:00:00   2.4683e-01   6.3458e+01   2.9335e+01   2.7580e-04   1.4002e-04   2.8678e+02
20260720_21:00:00   2.8755e-01   7.2170e+01   2.9529e+01   4.6000e-02   6.2002e-05   2.8849e+02
20260720_22:00:00   3.1111e-01   7.7114e+01   2.9329e+01   7.5523e-02   1.9606e-06   2.9147e+02
20260720_23:00:00   2.9482e-01   7.3894e+01   2.8788e+01   6.1679e-02   0.0000e+00   2.9433e+02
20260721_00:00:00   3.2654e-01   8.0353e+01   2.9670e+01   8.9614e-02   0.0000e+00   2.9536e+02
20260721_01:00:00   7.9072e-01   1.5407e+02   3.0825e+01   6.1375e-01   3.3340e-05   2.9686e+02
20260721_02:00:00   1.1453e+00   1.9095e+02   3.2217e+01   1.0031e+00   3.4688e-03   2.9593e+02
20260721_03:00:00   1.0823e+00   1.8523e+02   3.2270e+01   9.2934e-01   6.5409e-03   2.9535e+02
20260721_04:00:00   5.0714e-01   1.1303e+02   3.1483e+01   2.7555e-01   4.8096e-03   2.9590e+02
20260721_05:00:00   3.5875e-01   8.6301e+01   3.1254e+01   1.0691e-01   9.9901e-03   2.9685e+02
20260721_06:00:00   3.0313e-01   7.5385e+01   3.0481e+01   5.0842e-02   1.7876e-02   2.9794e+02
20260721_07:00:00   2.7045e-01   6.8693e+01   2.9881e+01   2.1464e-02   2.4512e-02   2.9818e+02
20260721_08:00:00   2.7077e-01   6.8679e+01   2.9802e+01   2.3639e-02   9.1895e-03   2.9785e+02
20260721_09:00:00   2.5338e-01   6.5028e+01   2.9639e+01   3.7430e-03   3.8428e-03   2.9655e+02
20260721_10:00:00   2.5317e-01   6.4986e+01   2.9825e+01   7.3922e-04   9.4179e-04   2.9475e+02
20260721_11:00:00   2.4750e-01   6.3724e+01   2.9426e+01   0.0000e+00   5.2600e-04   2.9670e+02
20260721_12:00:00   2.4331e-01   6.2781e+01   2.9091e+01   0.0000e+00   1.3213e-03   2.9683e+02
20260721_13:00:00   2.4184e-01   6.2478e+01   2.8816e+01   0.0000e+00   1.9185e-03   2.9680e+02
20260721_14:00:00   2.4599e-01   6.3382e+01   2.9093e+01   0.0000e+00   7.0162e-04   2.9821e+02
20260721_15:00:00   2.5049e-01   6.4335e+01   2.9529e+01   0.0000e+00   1.8684e-04   2.9950e+02
20260721_16:00:00   2.5658e-01   6.5616e+01   3.0063e+01   3.7060e-05   4.1240e-05   2.9988e+02
20260721_17:00:00   2.5878e-01   6.6097e+01   3.0148e+01   8.4280e-04   2.2800e-04   2.9937e+02
20260721_18:00:00   2.5879e-01   6.6162e+01   3.0192e+01   0.0000e+00   1.8436e-04   2.9985e+02
20260721_19:00:00   2.6007e-01   6.6501e+01   3.0268e+01   2.4380e-04   6.3140e-05   2.9866e+02
20260721_20:00:00   2.6889e-01   6.8471e+01   3.0149e+01   1.1048e-02   4.2920e-05   2.9751e+02
20260721_21:00:00   3.3367e-01   8.1891e+01   2.9622e+01   9.4183e-02   2.7780e-05   2.9637e+02
20260721_22:00:00   3.1559e-01   7.8319e+01   2.9145e+01   7.6531e-02   0.0000e+00   2.9434e+02
20260721_23:00:00   2.4087e-01   6.2647e+01   2.7680e+01   3.0860e-03   0.0000e+00   2.9407e+02
20260722_00:00:00   2.4104e-01   6.2671e+01   2.7448e+01   6.8780e-03   7.8420e-07   2.9343e+02
20260722_01:00:00   2.3793e-01   6.1996e+01   2.6742e+01   1.0290e-02   2.0120e-05   2.9392e+02
20260722_02:00:00   2.5603e-01   6.5861e+01   2.6982e+01   2.9142e-02   9.5540e-04   2.9666e+02
20260722_03:00:00   2.7819e-01   7.0523e+01   2.6494e+01   5.8304e-02   7.2920e-03   2.9712e+02
20260722_04:00:00   3.1508e-01   7.8098e+01   2.6311e+01   1.0362e-01   1.1991e-02   2.9739e+02
20260722_05:00:00   2.9729e-01   7.4456e+01   2.6342e+01   8.3083e-02   1.4747e-02   2.9899e+02
20260722_06:00:00   2.7002e-01   6.8766e+01   2.7320e+01   4.1616e-02   1.1578e-02   3.0073e+02
20260722_07:00:00   2.2987e-01   6.0160e+01   2.6934e+01   0.0000e+00   6.6146e-03   2.9912e+02
20260722_08:00:00   2.3269e-01   6.0776e+01   2.7167e+01   0.0000e+00   9.2457e-03   2.9717e+02
20260722_09:00:00   2.3159e-01   6.0556e+01   2.6993e+01   0.0000e+00   4.0170e-03   2.9859e+02
20260722_10:00:00   2.3679e-01   6.1695e+01   2.7387e+01   0.0000e+00   2.9005e-03   2.9861e+02
20260722_11:00:00   2.2982e-01   6.0198e+01   2.6551e+01   0.0000e+00   2.6307e-03   2.9853e+02
20260722_12:00:00   2.2961e-01   6.0145e+01   2.6574e+01   0.0000e+00   6.3957e-03   2.9918e+02
20260722_13:00:00   2.2744e-01   5.9669e+01   2.6448e+01   0.0000e+00   2.0073e-02   2.9794e+02
20260722_14:00:00   2.2613e-01   5.9349e+01   2.6744e+01   0.0000e+00   5.4738e-02   2.9962e+02
20260722_15:00:00   2.3743e-01   6.1751e+01   2.8302e+01   9.8020e-07   6.0249e-02   2.9817e+02
20260722_16:00:00   2.4691e-01   6.3767e+01   2.9494e+01   0.0000e+00   3.1712e-02   2.9578e+02
20260722_17:00:00   2.5606e-01   6.5710e+01   3.0642e+01   0.0000e+00   3.9404e-02   2.9470e+02
20260722_18:00:00   2.5648e-01   6.5839e+01   3.0785e+01   0.0000e+00   1.6205e-02   2.9273e+02
20260722_19:00:00   2.5359e-01   6.5299e+01   3.0376e+01   0.0000e+00   6.1060e-03   2.9290e+02
20260722_20:00:00   2.5043e-01   6.4727e+01   2.9774e+01   2.0820e-05   1.3486e-03   2.9238e+02
20260722_21:00:00   2.5011e-01   6.4732e+01   2.9560e+01   8.5840e-04   8.7060e-04   2.9055e+02
20260722_22:00:00   2.6188e-01   6.7307e+01   2.9386e+01   1.6012e-02   1.5502e-03   2.8865e+02
20260722_23:00:00   3.9660e-01   9.3581e+01   2.9633e+01   1.6815e-01   1.8993e-03   2.9099e+02
20260723_00:00:00   3.7579e-01   8.9523e+01   3.1627e+01   1.2500e-01   1.1209e-01   2.9138e+02
20260723_01:00:00   2.4656e-01   6.4035e+01   2.9668e+01   0.0000e+00   2.0834e-01   2.8994e+02
20260723_02:00:00   2.3115e-01   6.0858e+01   2.7403e+01   0.0000e+00   1.2620e-03   2.9139e+02
20260723_03:00:00   2.2081e-01   5.8607e+01   2.6092e+01   0.0000e+00   0.0000e+00   2.9185e+02
20260723_04:00:00   2.1983e-01   5.8438e+01   2.5766e+01   0.0000e+00   0.0000e+00   2.9134e+02
20260723_05:00:00   2.1699e-01   5.7812e+01   2.5333e+01   0.0000e+00   3.2180e-05   2.9224e+02
20260723_06:00:00   2.1350e-01   5.7006e+01   2.4892e+01   0.0000e+00   7.9860e-04   2.9004e+02
20260723_07:00:00   2.0621e-01   5.5310e+01   2.4257e+01   0.0000e+00   3.4273e-03   2.8874e+02
20260723_08:00:00   1.9753e-01   5.3227e+01   2.3693e+01   0.0000e+00   8.2739e-03   2.8830e+02
20260723_09:00:00   2.0187e-01   5.4174e+01   2.4354e+01   0.0000e+00   9.4161e-04   2.8870e+02
20260723_10:00:00   2.0309e-01   5.4399e+01   2.4664e+01   0.0000e+00   6.1885e-05   2.8937e+02
20260723_11:00:00   2.0273e-01   5.4257e+01   2.4835e+01   0.0000e+00   0.0000e+00   2.8883e+02
20260723_12:00:00   1.9864e-01   5.3269e+01   2.4507e+01   0.0000e+00   0.0000e+00   2.8947e+02
20260723_13:00:00   1.9183e-01   5.1664e+01   2.3786e+01   0.0000e+00   0.0000e+00   2.9125e+02
20260723_14:00:00   1.8973e-01   5.1178e+01   2.3527e+01   0.0000e+00   0.0000e+00   2.9125e+02
20260723_15:00:00   1.9160e-01   5.1611e+01   2.3721e+01   0.0000e+00   0.0000e+00   2.9223e+02
20260723_16:00:00   1.9266e-01   5.1865e+01   2.3773e+01   0.0000e+00   0.0000e+00   2.9085e+02
20260723_17:00:00   1.9648e-01   5.2810e+01   2.3962e+01   0.0000e+00   0.0000e+00   2.8976e+02
20260723_18:00:00   2.0711e-01   5.5328e+01   2.5156e+01   0.0000e+00   0.0000e+00   2.8919e+02
20260723_19:00:00   2.2065e-01   5.8439e+01   2.6636e+01   0.0000e+00   0.0000e+00   2.8920e+02
20260723_20:00:00   2.4110e-01   6.2911e+01   2.7630e+01   1.3967e-02   7.8420e-07   2.8902e+02
20260723_21:00:00   4.7300e-01   1.0718e+02   2.8248e+01   2.7606e-01   3.2681e-04   2.8824e+02
20260723_22:00:00   6.6899e-01   1.3658e+02   3.0687e+01   4.8188e-01   2.3167e-01   2.9017e+02
20260723_23:00:00   9.5152e-01   1.6970e+02   3.5443e+01   7.5446e-01   2.0565e+00   2.9041e+02
20260724_00:00:00   3.6306e-01   8.6780e+01   2.9890e+01   1.4081e-01   6.6130e-01   2.8893e+02
20260724_01:00:00   2.5945e-01   6.6461e+01   2.9185e+01   3.0718e-02   3.4109e-01   2.8802e+02
20260724_02:00:00   2.4396e-01   6.3347e+01   2.9574e+01   8.3524e-03   2.4816e-01   2.8748e+02
20260724_03:00:00   3.3070e-01   8.1140e+01   2.9864e+01   1.0353e-01   8.9729e-02   2.8500e+02
20260724_04:00:00   5.2535e-01   1.1534e+02   3.3072e+01   2.9642e-01   1.6866e-01   2.8707e+02
20260724_05:00:00   3.3038e-01   8.0842e+01   3.1592e+01   8.8577e-02   3.6075e-01   2.8917e+02
20260724_06:00:00   2.9673e-01   7.4189e+01   2.8739e+01   7.2666e-02   5.3814e-02   2.8880e+02
20260724_07:00:00   2.7702e-01   7.0232e+01   2.8190e+01   5.3175e-02   3.5378e-02   2.9026e+02
20260724_08:00:00   2.2341e-01   5.8968e+01   2.7092e+01   5.4580e-04   2.2939e-03   2.9097e+02
20260724_09:00:00   2.2617e-01   5.9571e+01   2.7247e+01   6.3260e-04   9.0260e-05   2.9150e+02
20260724_10:00:00   2.4648e-01   6.3878e+01   2.7522e+01   2.0717e-02   7.6319e-04   2.9254e+02
20260724_11:00:00   2.8242e-01   7.1187e+01   2.7292e+01   6.0627e-02   1.2211e-02   2.9196e+02
20260724_12:00:00   2.2702e-01   5.9742e+01   2.6712e+01   1.4956e-03   3.9180e-05   2.9095e+02
20260724_15:00:00   2.1088e-01   5.6176e+01   2.5024e+01   0.0000e+00   0.0000e+00   2.9314e+02
20260724_18:00:00   2.0787e-01   5.5614e+01   2.4476e+01   0.0000e+00   0.0000e+00   2.8719e+02
20260724_21:00:00   2.1922e-01   5.8365e+01   2.5553e+01   0.0000e+00   0.0000e+00   2.9067e+02
20260725_00:00:00   2.5131e-01   6.5421e+01   2.8321e+01   1.2321e-02   2.3383e-01   2.8881e+02
20260725_03:00:00   2.4008e-01   6.3000e+01   2.7178e+01   1.0346e-02   8.4960e-05   2.9244e+02
20260725_06:00:00   2.1011e-01   5.6342e+01   2.5075e+01   0.0000e+00   1.0650e-01   2.9031e+02
20260725_09:00:00   1.9175e-01   5.2001e+01   2.3319e+01   0.0000e+00   9.8338e-03   2.8765e+02
20260725_12:00:00   1.9110e-01   5.1906e+01   2.2821e+01   0.0000e+00   0.0000e+00   2.8881e+02
20260725_15:00:00   1.9077e-01   5.1831e+01   2.2764e+01   0.0000e+00   0.0000e+00   2.9097e+02
20260725_18:00:00   1.9315e-01   5.2485e+01   2.2817e+01   0.0000e+00   0.0000e+00   2.8518e+02
20260725_21:00:00   2.0338e-01   5.5001e+01   2.3946e+01   0.0000e+00   0.0000e+00   2.8681e+02
20260726_00:00:00   1.9915e-01   5.4047e+01   2.3724e+01   0.0000e+00   0.0000e+00   2.8679e+02
20260726_03:00:00   3.7457e-01   8.9253e+01   2.8438e+01   1.6482e-01   1.0460e-01   2.8533e+02
20260726_06:00:00   1.9233e-01   5.2192e+01   2.4034e+01   0.0000e+00   5.8957e-04   2.8645e+02
20260726_09:00:00   2.0580e-01   5.5204e+01   2.5664e+01   0.0000e+00   3.2643e-03   2.8682e+02
20260726_12:00:00   2.1678e-01   5.7572e+01   2.7293e+01   0.0000e+00   1.8710e-02   2.8648e+02
20260726_15:00:00   2.1208e-01   5.6556e+01   2.6606e+01   0.0000e+00   6.5031e-04   2.8712e+02
20260726_18:00:00   2.1738e-01   5.7839e+01   2.6959e+01   0.0000e+00   1.6379e-05   2.8504e+02
20260726_21:00:00   2.3023e-01   6.0788e+01   2.8391e+01   1.9442e-04   9.1720e-06   2.8473e+02
20260727_00:00:00   9.2630e-01   1.6794e+02   2.9492e+01   7.8083e-01   2.4924e-01   2.8062e+02
20260727_03:00:00   2.0595e-01   5.5319e+01   2.5756e+01   2.8360e-04   1.5494e-01   2.8260e+02
20260727_06:00:00   1.9955e-01   5.3726e+01   2.5088e+01   4.8760e-04   7.0812e-02   2.8597e+02
20260727_09:00:00   1.8027e-01   4.9249e+01   2.2569e+01   0.0000e+00   1.6612e-02   2.8663e+02
20260727_12:00:00   1.8276e-01   4.9811e+01   2.2538e+01   0.0000e+00   4.1964e-03   2.8613e+02
20260727_15:00:00   1.7621e-01   4.8246e+01   2.1800e+01   0.0000e+00   1.0913e-03   2.8651e+02
20260727_18:00:00   1.8736e-01   5.0857e+01   2.3298e+01   0.0000e+00   8.3520e-05   2.8620e+02
20260727_21:00:00   2.1609e-01   5.7406e+01   2.7249e+01   0.0000e+00   8.8555e-03   2.8863e+02
20260728_00:00:00   2.2628e-01   5.9722e+01   2.8681e+01   7.6440e-04   7.6902e-03   2.8485e+02
20260728_03:00:00   4.8243e-01   1.0881e+02   3.1196e+01   2.6399e-01   5.7813e-03   2.8964e+02
20260728_06:00:00   3.0975e-01   7.6910e+01   3.1923e+01   6.3096e-02   1.4776e-01   2.8883e+02
20260728_09:00:00   2.7850e-01   7.0847e+01   3.3286e+01   1.1642e-02   8.2858e-02   2.8764e+02
20260728_12:00:00   3.4660e-01   8.4032e+01   3.2702e+01   9.6111e-02   1.9206e-01   2.8963e+02
20260728_15:00:00   2.9546e-01   7.4021e+01   3.0697e+01   5.2909e-02   9.3480e-03   2.9089e+02
20260728_18:00:00   3.2669e-01   8.0798e+01   3.1429e+01   6.5623e-02   1.3128e-04   2.8988e+02
20260728_21:00:00   2.7111e-01   6.9877e+01   2.8767e+01   2.4850e-02   1.7624e-05   2.8946e+02
20260729_00:00:00   5.1892e-01   1.1480e+02   3.2370e+01   2.7727e-01   2.1238e-02   2.8858e+02
20260729_03:00:00   3.2879e-01   8.1797e+01   3.2114e+01   5.4385e-02   1.4588e-01   2.8928e+02
20260729_06:00:00   2.1901e-01   5.8037e+01   2.7119e+01   0.0000e+00   4.3493e-01   2.9155e+02
20260729_09:00:00   2.2120e-01   5.8536e+01   2.5845e+01   1.2334e-02   2.8927e-03   2.9318e+02
20260729_12:00:00   2.2845e-01   6.0329e+01   2.7235e+01   0.0000e+00   3.9576e-03   2.9513e+02
20260729_15:00:00   2.1056e-01   5.6468e+01   2.4521e+01   0.0000e+00   8.4160e-06   2.9445e+02
20260729_18:00:00   2.1890e-01   5.8462e+01   2.4939e+01   0.0000e+00   2.7361e-03   2.9363e+02
20260729_21:00:00   2.2485e-01   5.9955e+01   2.5631e+01   0.0000e+00   9.2620e-06   2.9414e+02
20260730_00:00:00   2.2175e-01   5.9122e+01   2.6041e+01   2.2022e-03   1.4555e-03   2.9258e+02
20260730_03:00:00   8.9029e-01   1.6522e+02   3.3124e+01   6.9984e-01   3.6960e-02   2.9348e+02
20260730_06:00:00   2.3796e-01   6.2819e+01   2.7855e+01   0.0000e+00   1.0807e-02   2.9634e+02
20260730_09:00:00   1.9725e-01   5.3493e+01   2.3635e+01   0.0000e+00   8.4900e-05   2.9441e+02
20260730_12:00:00   2.1199e-01   5.6585e+01   2.5128e+01   1.6754e-03   2.2941e-03   2.9272e+02
20260730_15:00:00   1.8144e-01   4.9629e+01   2.1215e+01   0.0000e+00   1.1746e-03   2.9705e+02
20260730_18:00:00   2.0346e-01   5.4641e+01   2.4296e+01   0.0000e+00   0.0000e+00   2.9809e+02
20260730_21:00:00   2.5484e-01   6.6385e+01   2.8714e+01   3.9264e-03   0.0000e+00   2.9614e+02
20260731_00:00:00   5.1071e-01   1.1061e+02   2.8531e+01   3.2830e-01   9.6707e-01   2.9416e+02
20260731_03:00:00   2.3046e-01   6.0525e+01   2.8923e+01   0.0000e+00   8.2076e-02   2.9173e+02
20260731_06:00:00   2.5138e-01   6.4826e+01   3.1239e+01   1.3528e-04   3.4268e-03   2.9433e+02
20260731_09:00:00   2.8732e-01   7.2438e+01   3.3418e+01   1.2066e-02   1.0805e-01   2.9090e+02
20260731_12:00:00   2.5795e-01   6.6230e+01   3.1153e+01   0.0000e+00   5.8078e-03   2.9415e+02
20260731_15:00:00   2.3998e-01   6.2499e+01   2.8705e+01   0.0000e+00   0.0000e+00   2.9416e+02
20260731_18:00:00   2.4433e-01   6.3635e+01   2.8397e+01   0.0000e+00   0.0000e+00   2.9271e+02
20260731_21:00:00   2.5663e-01   6.6499e+01   2.9623e+01   0.0000e+00   0.0000e+00   2.9189e+02
20260801_00:00:00   2.5708e-01   6.6811e+01   2.9437e+01   0.0000e+00   0.0000e+00   2.9132e+02
20260801_03:00:00   3.1831e-01   7.9360e+01   3.2236e+01   5.0178e-02   3.7251e-01   2.9329e+02
20260801_06:00:00   1.9906e-01   5.3524e+01   2.4373e+01   0.0000e+00   1.2341e-01   2.9339e+02
20260801_09:00:00   2.2098e-01   5.8553e+01   2.5767e+01   1.7444e-03   6.7374e-04   2.9436e+02
20260801_12:00:00   2.1024e-01   5.6149e+01   2.4611e+01   0.0000e+00   4.8862e-04   2.9270e+02
20260801_15:00:00   1.9071e-01   5.1679e+01   2.2485e+01   0.0000e+00   0.0000e+00   2.9227e+02
20260801_18:00:00   1.9697e-01   5.3234e+01   2.2709e+01   0.0000e+00   0.0000e+00   2.9151e+02
20260801_21:00:00   1.9947e-01   5.3951e+01   2.2806e+01   0.0000e+00   0.0000e+00   2.9233e+02
20260802_00:00:00   2.0412e-01   5.5151e+01   2.2913e+01   0.0000e+00   1.6734e-04   2.9026e+02
20260802_03:00:00   1.8187e-01   4.9931e+01   2.0652e+01   0.0000e+00   5.3919e-04   2.9083e+02
20260802_06:00:00   1.7468e-01   4.8064e+01   2.0729e+01   0.0000e+00   1.3437e-03   2.9133e+02
20260802_09:00:00   1.9349e-01   5.2396e+01   2.2936e+01   0.0000e+00   3.2042e-06   2.8607e+02
20260802_12:00:00   1.9100e-01   5.1821e+01   2.2452e+01   0.0000e+00   5.7680e-05   2.8806e+02
20260802_15:00:00   1.6798e-01   4.6415e+01   1.9841e+01   0.0000e+00   0.0000e+00   2.8707e+02
20260802_18:00:00   1.7772e-01   4.8852e+01   2.0731e+01   0.0000e+00   0.0000e+00   2.9100e+02
20260802_21:00:00   1.8211e-01   5.0021e+01   2.1112e+01   0.0000e+00   0.0000e+00   2.8977e+02
20260803_00:00:00   1.8553e-01   5.0829e+01   2.1759e+01   0.0000e+00   6.7903e-04   2.8789e+02
20260803_03:00:00   3.7934e-01   9.0840e+01   2.7945e+01   1.6987e-01   1.1619e-02   2.8736e+02
20260803_06:00:00   2.1407e-01   5.6969e+01   2.6917e+01   0.0000e+00   1.9558e-01   2.9020e+02
20260803_09:00:00   1.7906e-01   4.8835e+01   2.2318e+01   0.0000e+00   5.6652e-04   2.8788e+02
20260803_12:00:00   1.8624e-01   5.0673e+01   2.2474e+01   0.0000e+00   0.0000e+00   2.8786e+02
20260803_15:00:00   1.7811e-01   4.8818e+01   2.1650e+01   0.0000e+00   1.9606e-06   2.8790e+02
20260803_18:00:00   1.9018e-01   5.1683e+01   2.3031e+01   0.0000e+00   2.2704e-05   2.8893e+02
20260803_21:00:00   2.1453e-01   5.7367e+01   2.6050e+01   0.0000e+00   0.0000e+00   2.8649e+02
20260804_00:00:00   2.1312e-01   5.7112e+01   2.5865e+01   0.0000e+00   0.0000e+00   2.8618e+02
20260804_03:00:00   2.9402e-01   7.4347e+01   3.0807e+01   5.0163e-02   2.8840e-05   2.8375e+02
20260804_06:00:00   3.6933e-01   8.7674e+01   3.0456e+01   1.4719e-01   5.4399e-01   2.8436e+02
20260804_09:00:00   4.0298e-01   9.4122e+01   2.8703e+01   1.9998e-01   4.2243e-02   2.8182e+02
20260804_12:00:00   2.2005e-01   5.8436e+01   2.7006e+01   0.0000e+00   0.0000e+00   2.8200e+02
