#            date       tau255        Tb[K]      pwv[mm] lwp[kg*m^-2] iwp[kg*m^-2]       o3[DU]
20260203_00:00:00   1.0282e-01   2.8824e+01   9.0787e+00   0.0000e+00   4.2858e-03   2.6359e+02
20260203_01:00:00   1.0748e-01   2.9952e+01   9.4562e+00   2.0380e-03   1.3669e-03   2.6384e+02
20260203_02:00:00   1.0649e-01   2.9706e+01   9.4643e+00   1.1392e-03   3.6875e-03   2.6481e+02
20260203_03:00:00   1.0546e-01   2.9458e+01   9.4293e+00   0.0000e+00   1.8201e-02   2.6570e+02
20260203_04:00:00   1.0522e-01   2.9403e+01   9.3964e+00   0.0000e+00   1.6435e-02   2.6726e+02
20260203_05:00:00   1.0326e-01   2.8933e+01   9.0796e+00   0.0000e+00   1.1797e-02   2.6786e+02
20260203_06:00:00   9.9846e-02   2.8084e+01   8.6240e+00   0.0000e+00   2.3424e-03   2.6779e+02
20260203_07:00:00   9.5575e-02   2.7029e+01   8.0862e+00   0.0000e+00   1.3297e-02   2.6949e+02
20260203_08:00:00   9.5351e-02   2.6982e+01   8.0443e+00   0.0000e+00   7.2629e-04   2.7301e+02
20260203_09:00:00   9.4704e-02   2.6833e+01   7.9696e+00   0.0000e+00   2.4504e-05   2.7629e+02
20260203_10:00:00   9.6462e-02   2.7251e+01   8.2269e+00   0.0000e+00   6.1460e-06   2.7834e+02
20260203_11:00:00   9.6909e-02   2.7348e+01   8.3152e+00   0.0000e+00   1.6060e-04   2.7874e+02
20260203_12:00:00   9.5818e-02   2.7076e+01   8.1754e+00   0.0000e+00   3.1620e-05   2.8205e+02
20260203_13:00:00   9.5196e-02   2.6933e+01   8.0727e+00   0.0000e+00   2.0845e-05   2.8361e+02
20260203_14:00:00   9.3445e-02   2.6517e+01   7.8005e+00   0.0000e+00   0.0000e+00   2.8346e+02
20260203_15:00:00   9.1988e-02   2.6161e+01   7.5674e+00   0.0000e+00   0.0000e+00   2.8369e+02
20260203_16:00:00   9.0306e-02   2.5751e+01   7.3325e+00   0.0000e+00   0.0000e+00   2.8345e+02
20260203_17:00:00   8.7438e-02   2.5043e+01   6.9811e+00   0.0000e+00   0.0000e+00   2.8353e+02
20260203_18:00:00   8.5354e-02   2.4503e+01   6.7526e+00   0.0000e+00   0.0000e+00   2.8327e+02
20260203_19:00:00   8.1210e-02   2.3469e+01   6.1759e+00   0.0000e+00   0.0000e+00   2.8464e+02
20260203_20:00:00   7.7112e-02   2.2439e+01   5.5426e+00   0.0000e+00   0.0000e+00   2.8706e+02
20260203_21:00:00   7.3807e-02   2.1624e+01   4.9844e+00   0.0000e+00   1.9606e-06   2.9017e+02
20260203_22:00:00   7.0916e-02   2.0910e+01   4.5090e+00   0.0000e+00   1.2564e-05   2.9009e+02
20260203_23:00:00   6.6894e-02   1.9899e+01   3.8721e+00   0.0000e+00   8.4660e-06   2.9266e+02
20260204_00:00:00   6.3020e-02   1.8920e+01   3.2802e+00   0.0000e+00   2.7620e-06   2.9445e+02
20260204_01:00:00   6.0375e-02   1.8260e+01   2.8553e+00   0.0000e+00   3.9216e-06   3.0692e+02
20260204_02:00:00   5.9781e-02   1.8123e+01   2.7407e+00   0.0000e+00   1.2778e-04   3.0961e+02
20260204_03:00:00   6.0434e-02   1.8304e+01   2.8337e+00   0.0000e+00   1.8132e-04   3.1195e+02
20260204_04:00:00   6.1028e-02   1.8466e+01   2.9117e+00   0.0000e+00   1.5494e-05   3.1610e+02
20260204_05:00:00   6.0534e-02   1.8346e+01   2.8187e+00   0.0000e+00   0.0000e+00   3.1969e+02
20260204_06:00:00   5.7443e-02   1.7548e+01   2.3464e+00   0.0000e+00   9.8020e-07   3.1919e+02
20260204_07:00:00   5.6379e-02   1.7267e+01   2.1962e+00   0.0000e+00   9.8020e-07   3.1970e+02
20260204_08:00:00   5.6286e-02   1.7234e+01   2.2053e+00   0.0000e+00   0.0000e+00   3.2034e+02
20260204_09:00:00   5.6796e-02   1.7364e+01   2.3025e+00   0.0000e+00   0.0000e+00   3.2127e+02
20260204_10:00:00   5.6587e-02   1.7306e+01   2.2889e+00   0.0000e+00   0.0000e+00   3.1927e+02
20260204_11:00:00   5.6301e-02   1.7231e+01   2.2683e+00   0.0000e+00   9.8020e-07   3.1425e+02
20260204_12:00:00   5.6601e-02   1.7311e+01   2.3284e+00   0.0000e+00   1.9606e-05   3.1061e+02
20260204_13:00:00   5.6736e-02   1.7346e+01   2.3541e+00   0.0000e+00   8.4840e-05   3.0928e+02
20260204_14:00:00   5.6549e-02   1.7297e+01   2.3322e+00   0.0000e+00   7.9617e-04   3.0696e+02
20260204_15:00:00   5.6502e-02   1.7285e+01   2.3338e+00   0.0000e+00   2.3680e-03   3.0474e+02
20260204_16:00:00   5.6491e-02   1.7287e+01   2.3465e+00   0.0000e+00   1.3483e-03   3.0343e+02
20260204_17:00:00   5.6001e-02   1.7163e+01   2.2776e+00   0.0000e+00   2.9370e-03   3.0241e+02
20260204_18:00:00   5.5712e-02   1.7089e+01   2.2201e+00   0.0000e+00   3.5216e-03   3.0059e+02
20260204_19:00:00   5.6251e-02   1.7234e+01   2.3168e+00   0.0000e+00   4.1487e-03   3.0148e+02
20260204_20:00:00   5.9249e-02   1.8018e+01   2.7916e+00   0.0000e+00   4.1962e-03   3.0384e+02
20260204_21:00:00   6.1104e-02   1.8506e+01   3.0810e+00   0.0000e+00   2.7956e-03   3.0665e+02
20260204_22:00:00   6.2734e-02   1.8949e+01   3.3354e+00   0.0000e+00   5.4761e-03   3.0746e+02
20260204_23:00:00   6.6520e-02   1.9924e+01   3.9245e+00   0.0000e+00   4.3429e-03   3.0724e+02
20260205_00:00:00   6.7938e-02   2.0283e+01   4.1707e+00   0.0000e+00   4.3149e-03   3.0544e+02
20260205_01:00:00   7.0993e-02   2.1073e+01   4.6372e+00   0.0000e+00   4.7648e-03   3.0407e+02
20260205_02:00:00   7.3190e-02   2.1643e+01   4.9158e+00   0.0000e+00   8.5265e-03   3.0615e+02
20260205_03:00:00   7.4062e-02   2.1871e+01   5.0236e+00   0.0000e+00   1.3247e-02   3.0586e+02
20260205_04:00:00   7.5069e-02   2.2134e+01   5.1836e+00   0.0000e+00   2.0731e-02   3.0541e+02
20260205_05:00:00   7.6928e-02   2.2612e+01   5.4798e+00   0.0000e+00   2.2863e-02   3.0469e+02
20260205_06:00:00   8.0582e-02   2.3540e+01   6.0342e+00   0.0000e+00   1.9299e-02   3.0157e+02
20260205_07:00:00   8.5461e-02   2.4763e+01   6.7585e+00   0.0000e+00   2.4331e-02   2.9880e+02
20260205_08:00:00   9.0373e-02   2.5971e+01   7.4840e+00   0.0000e+00   1.7926e-02   2.9739e+02
20260205_09:00:00   9.2150e-02   2.6398e+01   7.7544e+00   0.0000e+00   4.9385e-03   2.9592e+02
20260205_10:00:00   9.3146e-02   2.6633e+01   7.9193e+00   0.0000e+00   4.2825e-03   2.9581e+02
20260205_11:00:00   9.3895e-02   2.6793e+01   8.0490e+00   0.0000e+00   7.7921e-03   2.9454e+02
20260205_12:00:00   9.4953e-02   2.7043e+01   8.1975e+00   0.0000e+00   7.6900e-03   2.9157e+02
20260205_13:00:00   9.6744e-02   2.7470e+01   8.4493e+00   0.0000e+00   2.9580e-03   2.9168e+02
20260205_14:00:00   9.8579e-02   2.7890e+01   8.7044e+00   0.0000e+00   4.8527e-03   2.9205e+02
20260205_15:00:00   1.0160e-01   2.8594e+01   9.1558e+00   0.0000e+00   2.3257e-02   2.9332e+02
20260205_16:00:00   1.0748e-01   2.9967e+01   1.0130e+01   0.0000e+00   5.8787e-02   2.9403e+02
20260205_17:00:00   1.1647e-01   3.2040e+01   1.1568e+01   0.0000e+00   6.2212e-02   2.9387e+02
20260205_18:00:00   1.2402e-01   3.3767e+01   1.2631e+01   0.0000e+00   4.5769e-02   2.9601e+02
20260205_19:00:00   1.3079e-01   3.5290e+01   1.3538e+01   0.0000e+00   7.8909e-02   2.9782e+02
20260205_20:00:00   1.3724e-01   3.6753e+01   1.4134e+01   1.9606e-06   3.2525e-01   2.9912e+02
20260205_21:00:00   1.4707e-01   3.9041e+01   1.5021e+01   1.2200e-03   3.2484e-01   3.0454e+02
20260205_22:00:00   1.4936e-01   3.9612e+01   1.5355e+01   1.3724e-05   4.0587e-01   3.1166e+02
20260205_23:00:00   1.4438e-01   3.8494e+01   1.4812e+01   2.1960e-04   2.1051e-01   3.1772e+02
20260206_00:00:00   1.3363e-01   3.6037e+01   1.3475e+01   8.0380e-05   7.6602e-02   3.2464e+02
20260206_01:00:00   1.2535e-01   3.4154e+01   1.2203e+01   0.0000e+00   1.2358e-02   3.1821e+02
20260206_02:00:00   1.2359e-01   3.3745e+01   1.1899e+01   0.0000e+00   1.1665e-02   3.1623e+02
20260206_03:00:00   1.2243e-01   3.3467e+01   1.1719e+01   0.0000e+00   1.4599e-02   3.1502e+02
20260206_04:00:00   1.1924e-01   3.2726e+01   1.1240e+01   0.0000e+00   4.1965e-03   3.1376e+02
20260206_05:00:00   1.1872e-01   3.2587e+01   1.1162e+01   0.0000e+00   2.4941e-03   3.1523e+02
20260206_06:00:00   1.1953e-01   3.2749e+01   1.1298e+01   0.0000e+00   3.5681e-04   3.1185e+02
20260206_07:00:00   1.1847e-01   3.2498e+01   1.1104e+01   0.0000e+00   0.0000e+00   3.0697e+02
20260206_08:00:00   1.1787e-01   3.2346e+01   1.0999e+01   0.0000e+00   1.2110e-05   3.0011e+02
20260206_09:00:00   1.1579e-01   3.1844e+01   1.0759e+01   0.0000e+00   7.8720e-05   2.9311e+02
20260206_10:00:00   1.1359e-01   3.1319e+01   1.0463e+01   0.0000e+00   1.7750e-03   2.9268e+02
20260206_11:00:00   1.1329e-01   3.1247e+01   1.0437e+01   0.0000e+00   2.8087e-03   2.9338e+02
20260206_12:00:00   1.1442e-01   3.1501e+01   1.0575e+01   0.0000e+00   9.6559e-03   2.9438e+02
20260206_13:00:00   1.1360e-01   3.1311e+01   1.0407e+01   0.0000e+00   1.1872e-02   2.9520e+02
20260206_14:00:00   1.1050e-01   3.0576e+01   1.0007e+01   0.0000e+00   2.3935e-04   2.9386e+02
20260206_15:00:00   1.0766e-01   2.9902e+01   9.6502e+00   0.0000e+00   3.7060e-06   2.9402e+02
20260206_16:00:00   1.0700e-01   2.9738e+01   9.6437e+00   0.0000e+00   0.0000e+00   2.9345e+02
20260206_17:00:00   1.0612e-01   2.9508e+01   9.6045e+00   0.0000e+00   3.2400e-05   2.9225e+02
20260206_18:00:00   1.0510e-01   2.9271e+01   9.4630e+00   0.0000e+00   0.0000e+00   2.9208e+02
20260206_19:00:00   1.0560e-01   2.9406e+01   9.4931e+00   0.0000e+00   1.2826e-05   2.9120e+02
20260206_20:00:00   1.0563e-01   2.9427e+01   9.5004e+00   0.0000e+00   0.0000e+00   2.8985e+02
20260206_21:00:00   1.0619e-01   2.9577e+01   9.5699e+00   0.0000e+00   9.2620e-06   2.8764e+02
20260206_22:00:00   1.0511e-01   2.9331e+01   9.4251e+00   0.0000e+00   4.4460e-05   2.8661e+02
20260206_23:00:00   1.0608e-01   2.9563e+01   9.5605e+00   0.0000e+00   1.6782e-04   2.8546e+02
20260207_00:00:00   1.0644e-01   2.9653e+01   9.6089e+00   1.1116e-04   2.9934e-04   2.8453e+02
20260207_01:00:00   1.0624e-01   2.9594e+01   9.6133e+00   0.0000e+00   5.5052e-04   2.8453e+02
20260207_02:00:00   1.0504e-01   2.9317e+01   9.4198e+00   0.0000e+00   0.0000e+00   2.8370e+02
20260207_03:00:00   1.0362e-01   2.8979e+01   9.1986e+00   0.0000e+00   9.0857e-06   2.8350e+02
20260207_04:00:00   1.0099e-01   2.8346e+01   8.8022e+00   0.0000e+00   0.0000e+00   2.8375e+02
20260207_05:00:00   9.7913e-02   2.7610e+01   8.3491e+00   0.0000e+00   0.0000e+00   2.8384e+02
20260207_06:00:00   9.4710e-02   2.6826e+01   7.9370e+00   0.0000e+00   0.0000e+00   2.8305e+02
20260207_07:00:00   9.5224e-02   2.6949e+01   7.9894e+00   0.0000e+00   7.1260e-06   2.8353e+02
20260207_08:00:00   9.5167e-02   2.6929e+01   7.9831e+00   0.0000e+00   1.7854e-03   2.8360e+02
20260207_09:00:00   9.4566e-02   2.6785e+01   7.9037e+00   0.0000e+00   2.0245e-03   2.8332e+02
20260207_10:00:00   9.3775e-02   2.6595e+01   7.7878e+00   0.0000e+00   2.0082e-03   2.8386e+02
20260207_11:00:00   9.3123e-02   2.6430e+01   7.6764e+00   0.0000e+00   6.4880e-03   2.8514e+02
20260207_12:00:00   9.4143e-02   2.6663e+01   7.8232e+00   0.0000e+00   1.2871e-02   2.8569e+02
20260207_13:00:00   9.1768e-02   2.6088e+01   7.5186e+00   0.0000e+00   1.3698e-02   2.8731e+02
20260207_14:00:00   9.2509e-02   2.6260e+01   7.6290e+00   0.0000e+00   1.8627e-02   2.8846e+02
20260207_15:00:00   9.2228e-02   2.6188e+01   7.5817e+00   0.0000e+00   1.6393e-02   2.8928e+02
20260207_16:00:00   9.0062e-02   2.5659e+01   7.3053e+00   0.0000e+00   1.3324e-02   2.9092e+02
20260207_17:00:00   8.9933e-02   2.5625e+01   7.2955e+00   0.0000e+00   9.1280e-03   2.9285e+02
20260207_18:00:00   9.0033e-02   2.5643e+01   7.3415e+00   0.0000e+00   4.5225e-02   2.9261e+02
20260207_19:00:00   9.2256e-02   2.6180e+01   7.6950e+00   0.0000e+00   3.0006e-02   2.9278e+02
20260207_20:00:00   9.4359e-02   2.6690e+01   7.9793e+00   0.0000e+00   7.1096e-02   2.9240e+02
20260207_21:00:00   9.6195e-02   2.7130e+01   8.3009e+00   0.0000e+00   3.7153e-02   2.8930e+02
20260207_22:00:00   9.8460e-02   2.7661e+01   8.6885e+00   0.0000e+00   7.8347e-02   2.8864e+02
20260207_23:00:00   1.0170e-01   2.8430e+01   9.1209e+00   0.0000e+00   1.8693e-01   2.8902e+02
20260208_00:00:00   1.0185e-01   2.8458e+01   9.2395e+00   0.0000e+00   1.2849e-01   2.8973e+02
20260208_03:00:00   1.0407e-01   2.8956e+01   9.6200e+00   0.0000e+00   2.1677e-01   2.9501e+02
20260208_06:00:00   1.0720e-01   2.9681e+01   1.0085e+01   0.0000e+00   2.6714e-01   2.9596e+02
20260208_09:00:00   1.1522e-01   3.1567e+01   1.1219e+01   0.0000e+00   2.3355e-01   2.9493e+02
20260208_12:00:00   1.2336e-01   3.3454e+01   1.2317e+01   0.0000e+00   2.2712e-01   2.9499e+02
20260208_15:00:00   1.3274e-01   3.5645e+01   1.3419e+01   0.0000e+00   1.3701e-01   2.9582e+02
20260208_18:00:00   1.9916e-01   5.0793e+01   1.4484e+01   6.1283e-02   2.0599e-01   2.9702e+02
20260208_21:00:00   4.7526e-01   1.0456e+02   1.4524e+01   3.7368e-01   1.1189e-01   2.9664e+02
20260209_00:00:00   6.0675e-01   1.2542e+02   1.2038e+01   5.3878e-01   7.7569e-03   2.9822e+02
20260209_03:00:00   1.1618e-01   3.1956e+01   9.8270e+00   1.6349e-03   9.8281e-05   2.9945e+02
20260209_06:00:00   9.4314e-02   2.6648e+01   7.4924e+00   0.0000e+00   0.0000e+00   3.0169e+02
20260209_09:00:00   9.1680e-02   2.5990e+01   7.0324e+00   0.0000e+00   0.0000e+00   3.0112e+02
20260209_12:00:00   9.3397e-02   2.6379e+01   7.2472e+00   0.0000e+00   0.0000e+00   2.9957e+02
20260209_15:00:00   8.8280e-02   2.5142e+01   6.4767e+00   0.0000e+00   0.0000e+00   3.0787e+02
20260209_18:00:00   8.4985e-02   2.4375e+01   6.0785e+00   0.0000e+00   0.0000e+00   3.1594e+02
20260209_21:00:00   1.0275e-01   2.8718e+01   8.4522e+00   2.7920e-04   0.0000e+00   3.0180e+02
20260210_00:00:00   1.0408e-01   2.9112e+01   8.9519e+00   0.0000e+00   0.0000e+00   2.9856e+02
20260210_03:00:00   9.5428e-02   2.7052e+01   7.6313e+00   0.0000e+00   0.0000e+00   2.9931e+02
20260210_06:00:00   9.0418e-02   2.5813e+01   6.9148e+00   0.0000e+00   0.0000e+00   3.0229e+02
20260210_09:00:00   8.6341e-02   2.4744e+01   6.8344e+00   0.0000e+00   0.0000e+00   2.9449e+02
20260210_12:00:00   9.0521e-02   2.5736e+01   7.5889e+00   0.0000e+00   1.9322e-03   2.9285e+02
20260210_15:00:00   9.2259e-02   2.6060e+01   7.9950e+00   0.0000e+00   1.1315e-02   2.9852e+02
20260210_18:00:00   9.7265e-02   2.7126e+01   8.9480e+00   0.0000e+00   5.2058e-02   2.9757e+02
20260210_21:00:00   9.7972e-02   2.7142e+01   8.9885e+00   0.0000e+00   3.6161e-01   2.9910e+02
20260211_00:00:00   1.0672e-01   2.9194e+01   9.9814e+00   0.0000e+00   1.4072e-01   3.0607e+02
20260211_03:00:00   1.2048e-01   3.2473e+01   9.7635e+00   1.1660e-02   1.0263e-01   3.1281e+02
20260211_06:00:00   8.0025e-02   2.2829e+01   5.4000e+00   0.0000e+00   5.6094e-02   3.1298e+02
20260211_09:00:00   6.4147e-02   1.8908e+01   3.1025e+00   0.0000e+00   2.4558e-02   3.1452e+02
20260211_12:00:00   6.5451e-02   1.9212e+01   3.2892e+00   0.0000e+00   2.0978e-02   3.1925e+02
20260211_15:00:00   7.0005e-02   2.0353e+01   3.9728e+00   0.0000e+00   2.0769e-04   3.2376e+02
20260211_18:00:00   8.0858e-02   2.3091e+01   5.3531e+00   0.0000e+00   3.2780e-05   3.2258e+02
20260211_21:00:00   1.0276e-01   2.8426e+01   8.2675e+00   2.2000e-03   7.1596e-04   3.1853e+02
20260212_00:00:00   1.1421e-01   3.1070e+01   9.5069e+00   6.2157e-03   2.5867e-02   3.2914e+02
20260212_03:00:00   1.7771e-01   4.5686e+01   1.0675e+01   6.8320e-02   1.0928e-01   3.3811e+02
20260212_06:00:00   1.0608e-01   2.9024e+01   9.4354e+00   0.0000e+00   4.5061e-02   3.2836e+02
20260212_09:00:00   1.0435e-01   2.8521e+01   9.3632e+00   0.0000e+00   2.4058e-01   3.2562e+02
20260212_12:00:00   1.0987e-01   2.9853e+01   9.9855e+00   0.0000e+00   2.8830e-01   3.3204e+02
20260212_15:00:00   1.0819e-01   2.9462e+01   9.7525e+00   0.0000e+00   2.5626e-01   3.4466e+02
20260212_18:00:00   1.0188e-01   2.8042e+01   8.8923e+00   0.0000e+00   6.8636e-02   3.4230e+02
20260212_21:00:00   1.0306e-01   2.8387e+01   9.2791e+00   0.0000e+00   5.0773e-02   3.2321e+02
20260213_00:00:00   1.0276e-01   2.8353e+01   9.4192e+00   0.0000e+00   1.0574e-01   3.1729e+02
20260213_03:00:00   1.2586e-01   3.4023e+01   1.1109e+01   7.2480e-03   1.4092e-01   3.1446e+02
20260213_06:00:00   1.4281e-01   3.7868e+01   1.3151e+01   9.3569e-03   7.6881e-02   3.2264e+02
20260213_09:00:00   1.7327e-01   4.4980e+01   1.4333e+01   2.9630e-02   7.9411e-02   3.2625e+02
20260213_12:00:00   2.4766e-01   6.1605e+01   1.3628e+01   1.1913e-01   8.5751e-04   3.1702e+02
20260213_15:00:00   2.9475e-01   7.1460e+01   1.3239e+01   1.7753e-01   1.3511e-03   3.1771e+02
20260213_18:00:00   1.6230e-01   4.2780e+01   1.1809e+01   4.0462e-02   6.2741e-06   3.1783e+02
20260213_21:00:00   4.4356e-01   9.9027e+01   1.3286e+01   3.4444e-01   2.3428e-01   3.2548e+02
20260214_00:00:00   8.5226e-01   1.5759e+02   1.1606e+01   8.2231e-01   9.4424e-02   3.3427e+02
20260214_03:00:00   1.1576e-01   3.1401e+01   9.7388e+00   3.8688e-03   2.6805e-01   3.6345e+02
20260214_06:00:00   9.2201e-02   2.5681e+01   7.1881e+00   0.0000e+00   1.3024e-02   3.7432e+02
20260214_09:00:00   8.1770e-02   2.3190e+01   5.9458e+00   0.0000e+00   3.3119e-04   3.4766e+02
20260214_12:00:00   8.8851e-02   2.5018e+01   7.2038e+00   0.0000e+00   1.5156e-04   3.0562e+02
20260214_15:00:00   8.3032e-02   2.3817e+01   6.2685e+00   0.0000e+00   0.0000e+00   2.7937e+02
20260214_18:00:00   7.9837e-02   2.3106e+01   5.7309e+00   0.0000e+00   0.0000e+00   2.6982e+02
20260214_21:00:00   8.5206e-02   2.4444e+01   6.7082e+00   0.0000e+00   0.0000e+00   2.6777e+02
20260215_00:00:00   8.7283e-02   2.4960e+01   7.2326e+00   0.0000e+00   0.0000e+00   2.7060e+02
20260215_03:00:00   8.4407e-02   2.4283e+01   6.9078e+00   0.0000e+00   0.0000e+00   2.6834e+02
20260215_06:00:00   7.7437e-02   2.2539e+01   6.0691e+00   0.0000e+00   0.0000e+00   2.6976e+02
20260215_09:00:00   6.3894e-02   1.9179e+01   3.7865e+00   0.0000e+00   0.0000e+00   2.6850e+02
20260215_12:00:00   6.1183e-02   1.8493e+01   3.1701e+00   0.0000e+00   0.0000e+00   2.7511e+02
20260215_15:00:00   5.9354e-02   1.7978e+01   3.1057e+00   0.0000e+00   0.0000e+00   2.8232e+02
20260215_18:00:00   6.1386e-02   1.8456e+01   3.5717e+00   0.0000e+00   1.8589e-04   2.8562e+02
20260215_21:00:00   6.8070e-02   2.0195e+01   4.3923e+00   0.0000e+00   4.2756e-03   2.7847e+02
20260216_00:00:00   7.2822e-02   2.1404e+01   5.2400e+00   0.0000e+00   3.0240e-03   2.7963e+02
20260216_03:00:00   6.7017e-02   1.9944e+01   4.1887e+00   0.0000e+00   1.5736e-04   2.7895e+02
20260216_06:00:00   5.7339e-02   1.7426e+01   2.6299e+00   0.0000e+00   7.2904e-03   2.7944e+02
20260216_09:00:00   5.5634e-02   1.6942e+01   2.4872e+00   0.0000e+00   1.5490e-02   2.8076e+02
20260216_12:00:00   5.6839e-02   1.7175e+01   2.7847e+00   0.0000e+00   6.2425e-02   2.8324e+02
20260216_15:00:00   8.5216e-02   2.4048e+01   7.4671e+00   0.0000e+00   2.8261e-01   2.8406e+02
20260216_18:00:00   7.7503e-02   2.2356e+01   6.0617e+00   0.0000e+00   1.5139e-05   2.8774e+02
20260216_21:00:00   7.2041e-02   2.1006e+01   5.0242e+00   0.0000e+00   9.4101e-06   2.9518e+02
20260217_00:00:00   6.5234e-02   1.9332e+01   3.8819e+00   0.0000e+00   1.1068e-03   2.9961e+02
20260217_03:00:00   6.6306e-02   1.9460e+01   4.3719e+00   0.0000e+00   3.0935e-02   3.0010e+02
20260217_06:00:00   6.3191e-02   1.8767e+01   3.2985e+00   0.0000e+00   0.0000e+00   3.0357e+02
20260217_09:00:00   3.8233e-01   8.7010e+01   7.8301e+00   3.1840e-01   4.3827e-02   2.9990e+02
20260217_12:00:00   7.8986e-01   1.4897e+02   9.0959e+00   7.6700e-01   1.6097e-01   3.0998e+02
20260217_15:00:00   2.8019e-01   6.7318e+01   6.6768e+00   2.1178e-01   9.3683e-02   3.2124e+02
20260217_18:00:00   7.6094e-01   1.4460e+02   6.3166e+00   7.5392e-01   1.3129e-01   3.2371e+02
20260217_21:00:00   1.1359e-01   3.0786e+01   5.2190e+00   3.5619e-02   3.4211e-02   3.3293e+02
20260218_00:00:00   1.2745e-01   3.3882e+01   6.2754e+00   4.3269e-02   1.1254e-01   3.3933e+02
20260218_03:00:00   8.8913e-02   2.4765e+01   6.2123e+00   1.4809e-03   1.5458e-02   3.4733e+02
20260218_06:00:00   9.6332e-02   2.6512e+01   7.2136e+00   4.9569e-04   1.6376e-01   3.4599e+02
20260218_09:00:00   3.1983e-01   7.5270e+01   8.2500e+00   2.4165e-01   5.7189e-01   3.3684e+02
20260218_12:00:00   4.6024e-01   9.9307e+01   7.1442e+00   4.0619e-01   6.1603e-01   3.3149e+02
20260218_15:00:00   1.7975e-01   4.5835e+01   5.9082e+00   1.0303e-01   1.9856e-01   3.4231e+02
20260218_18:00:00   8.8428e-02   2.4617e+01   4.0227e+00   1.7628e-02   7.0309e-03   3.5474e+02
20260218_21:00:00   2.5331e-01   6.1388e+01   4.3915e+00   1.9778e-01   1.4378e-02   3.6000e+02
20260219_00:00:00   9.0389e-02   2.5039e+01   4.4129e+00   1.3733e-02   1.2068e-01   3.6266e+02
