#            date       tau255        Tb[K]      pwv[mm] lwp[kg*m^-2] iwp[kg*m^-2]       o3[DU]
20260213_12:00:00   9.5067e-02   2.6559e+01   8.6826e+00   0.0000e+00   2.4795e-01   2.9288e+02
20260213_13:00:00   1.0016e-01   2.7753e+01   9.2703e+00   0.0000e+00   3.8385e-01   3.1045e+02
20260213_14:00:00   1.0570e-01   2.9090e+01   1.0071e+01   0.0000e+00   1.8318e-01   3.2994e+02
20260213_15:00:00   1.0606e-01   2.9238e+01   1.0100e+01   0.0000e+00   2.2278e-02   3.3378e+02
20260213_16:00:00   1.1628e-01   3.1639e+01   1.0611e+01   5.8540e-03   3.0310e-02   3.3618e+02
20260213_17:00:00   1.1570e-01   3.1485e+01   1.0536e+01   4.9640e-03   1.7257e-02   3.4468e+02
20260213_18:00:00   1.2619e-01   3.3888e+01   1.1671e+01   3.7484e-03   3.3050e-01   3.5030e+02
20260213_19:00:00   1.2699e-01   3.4165e+01   1.1385e+01   5.0104e-03   1.0006e-01   3.4593e+02
20260213_20:00:00   1.7770e-01   4.5803e+01   1.0690e+01   6.5090e-02   5.8441e-02   3.4223e+02
20260213_21:00:00   2.8201e-01   6.8097e+01   1.1964e+01   1.7288e-01   8.5687e-02   3.3554e+02
20260213_22:00:00   3.4961e-01   8.1498e+01   1.1763e+01   2.5019e-01   7.8761e-02   3.3335e+02
20260213_23:00:00   2.3694e-01   5.8923e+01   1.1758e+01   1.2434e-01   2.8186e-02   3.2103e+02
20260214_00:00:00   3.4656e-01   8.0915e+01   1.1721e+01   2.4692e-01   1.2759e-01   3.1357e+02
20260214_01:00:00   5.5901e-01   1.1741e+02   1.2118e+01   4.8174e-01   2.8338e-01   3.0881e+02
20260214_02:00:00   4.3167e-01   9.6831e+01   1.2041e+01   3.4018e-01   2.3788e-01   3.0394e+02
20260214_03:00:00   3.9494e-01   9.0205e+01   1.2179e+01   2.9634e-01   4.8635e-01   3.0317e+02
20260214_04:00:00   2.9470e-01   7.0905e+01   1.1880e+01   1.8544e-01   4.8118e-01   3.0482e+02
20260214_05:00:00   1.7139e-01   4.4470e+01   1.1531e+01   5.1244e-02   1.6581e-01   3.0570e+02
20260214_06:00:00   1.3919e-01   3.7028e+01   1.0942e+01   2.0126e-02   7.1645e-02   2.9912e+02
20260214_07:00:00   1.1766e-01   3.1987e+01   1.0171e+01   1.7890e-03   4.5711e-04   2.9366e+02
20260214_08:00:00   1.1209e-01   3.0721e+01   9.5547e+00   1.9504e-04   5.9957e-05   2.8733e+02
20260214_09:00:00   1.0905e-01   3.0028e+01   9.1478e+00   3.2880e-04   7.0403e-05   2.8497e+02
20260214_10:00:00   1.0157e-01   2.8305e+01   8.2225e+00   4.9100e-04   3.7060e-06   2.8395e+02
20260214_11:00:00   9.4901e-02   2.6753e+01   7.2953e+00   0.0000e+00   0.0000e+00   2.8485e+02
20260214_12:00:00   8.8279e-02   2.5188e+01   6.4287e+00   0.0000e+00   0.0000e+00   2.8518e+02
20260214_13:00:00   8.5982e-02   2.4649e+01   6.0238e+00   0.0000e+00   0.0000e+00   2.8296e+02
20260214_14:00:00   8.6031e-02   2.4667e+01   5.9538e+00   0.0000e+00   0.0000e+00   2.8054e+02
20260214_15:00:00   8.5228e-02   2.4478e+01   5.7852e+00   0.0000e+00   0.0000e+00   2.8035e+02
20260214_16:00:00   7.8951e-02   2.2941e+01   5.0803e+00   0.0000e+00   0.0000e+00   2.8218e+02
20260214_17:00:00   7.4940e-02   2.1941e+01   4.6306e+00   0.0000e+00   0.0000e+00   2.8093e+02
20260214_18:00:00   7.3272e-02   2.1530e+01   4.4699e+00   0.0000e+00   0.0000e+00   2.8092e+02
20260214_19:00:00   7.3927e-02   2.1703e+01   4.5575e+00   0.0000e+00   0.0000e+00   2.7771e+02
20260214_20:00:00   7.3562e-02   2.1619e+01   4.5906e+00   0.0000e+00   0.0000e+00   2.7562e+02
20260214_21:00:00   7.6537e-02   2.2374e+01   5.0595e+00   0.0000e+00   0.0000e+00   2.7572e+02
20260214_22:00:00   8.0940e-02   2.3486e+01   5.6813e+00   0.0000e+00   0.0000e+00   2.7579e+02
20260214_23:00:00   8.3950e-02   2.4240e+01   6.1354e+00   0.0000e+00   0.0000e+00   2.7706e+02
20260215_00:00:00   8.4057e-02   2.4273e+01   6.2395e+00   0.0000e+00   0.0000e+00   2.7913e+02
20260215_01:00:00   8.2276e-02   2.3842e+01   6.0846e+00   0.0000e+00   1.3894e-05   2.7972e+02
20260215_02:00:00   7.3837e-02   2.1731e+01   5.0521e+00   0.0000e+00   3.3162e-05   2.8065e+02
20260215_03:00:00   6.8654e-02   2.0437e+01   4.3147e+00   0.0000e+00   6.7340e-04   2.8117e+02
20260215_04:00:00   6.4540e-02   1.9406e+01   3.7246e+00   0.0000e+00   7.3880e-06   2.8256e+02
20260215_05:00:00   6.1555e-02   1.8647e+01   3.2870e+00   0.0000e+00   0.0000e+00   2.8120e+02
20260215_06:00:00   5.8984e-02   1.7986e+01   2.9177e+00   0.0000e+00   0.0000e+00   2.8120e+02
20260215_07:00:00   5.8142e-02   1.7770e+01   2.7906e+00   0.0000e+00   0.0000e+00   2.8071e+02
20260215_08:00:00   5.8380e-02   1.7833e+01   2.8236e+00   0.0000e+00   4.2220e-04   2.8404e+02
20260215_09:00:00   5.8741e-02   1.7926e+01   2.8880e+00   0.0000e+00   2.4320e-03   2.8702e+02
20260215_10:00:00   5.9349e-02   1.8074e+01   2.9825e+00   0.0000e+00   3.7762e-03   2.8553e+02
20260215_11:00:00   6.0000e-02   1.8233e+01   3.0922e+00   0.0000e+00   5.3107e-03   2.8672e+02
20260215_12:00:00   5.8740e-02   1.7912e+01   2.8913e+00   0.0000e+00   2.0102e-03   2.8690e+02
20260215_13:00:00   5.8397e-02   1.7817e+01   2.8153e+00   0.0000e+00   5.8193e-03   2.8600e+02
20260215_14:00:00   5.9084e-02   1.7980e+01   2.9097e+00   0.0000e+00   2.5087e-02   2.8414e+02
20260215_15:00:00   6.0239e-02   1.8288e+01   3.0194e+00   0.0000e+00   6.2463e-03   2.8365e+02
20260215_16:00:00   6.0556e-02   1.8359e+01   3.1073e+00   0.0000e+00   2.7201e-03   2.8362e+02
20260215_17:00:00   6.1023e-02   1.8463e+01   3.2111e+00   0.0000e+00   4.7573e-02   2.8246e+02
20260215_18:00:00   5.9763e-02   1.8164e+01   2.9795e+00   0.0000e+00   4.1533e-03   2.8000e+02
20260215_19:00:00   6.5119e-02   1.9492e+01   3.8359e+00   0.0000e+00   2.4259e-02   2.7609e+02
20260215_20:00:00   7.0750e-02   2.0907e+01   4.7640e+00   0.0000e+00   2.4891e-03   2.7620e+02
20260215_21:00:00   6.5671e-02   1.9628e+01   4.0970e+00   0.0000e+00   1.1478e-03   2.7459e+02
20260215_22:00:00   6.9000e-02   2.0509e+01   4.5465e+00   0.0000e+00   5.6120e-06   2.7343e+02
20260215_23:00:00   7.1602e-02   2.1168e+01   4.9301e+00   0.0000e+00   1.7664e-04   2.7320e+02
20260216_00:00:00   7.1358e-02   2.1147e+01   4.8118e+00   0.0000e+00   0.0000e+00   2.7445e+02
20260216_01:00:00   7.6333e-02   2.2363e+01   5.8138e+00   0.0000e+00   0.0000e+00   2.7643e+02
20260216_02:00:00   7.7460e-02   2.2604e+01   6.1862e+00   0.0000e+00   0.0000e+00   2.7726e+02
20260216_03:00:00   7.7767e-02   2.2654e+01   6.3293e+00   0.0000e+00   0.0000e+00   2.7761e+02
20260216_04:00:00   7.8377e-02   2.2822e+01   6.4707e+00   0.0000e+00   0.0000e+00   2.7671e+02
20260216_05:00:00   8.1857e-02   2.3677e+01   7.1043e+00   0.0000e+00   0.0000e+00   2.7634e+02
20260216_06:00:00   8.3729e-02   2.4135e+01   7.4665e+00   0.0000e+00   2.7060e-06   2.7528e+02
20260216_07:00:00   7.9281e-02   2.3020e+01   6.7774e+00   0.0000e+00   8.5224e-05   2.7360e+02
20260216_08:00:00   7.7148e-02   2.2470e+01   6.4445e+00   0.0000e+00   1.1116e-03   2.7294e+02
20260216_09:00:00   7.9304e-02   2.2987e+01   6.8175e+00   0.0000e+00   3.0336e-03   2.7244e+02
20260216_10:00:00   7.8679e-02   2.2823e+01   6.7445e+00   5.5580e-05   1.5057e-02   2.7007e+02
20260216_11:00:00   7.8460e-02   2.2763e+01   6.7288e+00   0.0000e+00   1.1525e-02   2.6978e+02
20260216_12:00:00   7.7006e-02   2.2397e+01   6.4924e+00   0.0000e+00   5.2654e-03   2.7040e+02
20260216_13:00:00   7.7406e-02   2.2440e+01   6.6777e+00   0.0000e+00   2.6445e-02   2.7114e+02
20260216_14:00:00   7.6150e-02   2.2127e+01   6.4657e+00   0.0000e+00   1.3156e-02   2.7081e+02
20260216_15:00:00   7.2992e-02   2.1353e+01   5.8802e+00   0.0000e+00   8.2273e-02   2.7001e+02
20260216_16:00:00   7.5435e-02   2.1930e+01   6.2507e+00   0.0000e+00   1.1961e-01   2.7048e+02
20260216_17:00:00   8.3438e-02   2.3857e+01   7.5996e+00   0.0000e+00   2.0335e-01   2.6977e+02
20260216_18:00:00   9.5686e-02   2.6848e+01   9.4934e+00   0.0000e+00   2.5236e-01   2.6968e+02
20260216_19:00:00   1.0058e-01   2.8070e+01   1.0181e+01   0.0000e+00   8.6185e-02   2.6837e+02
20260216_20:00:00   9.1181e-02   2.5820e+01   8.6430e+00   0.0000e+00   2.8404e-02   2.6765e+02
20260216_21:00:00   9.2137e-02   2.6059e+01   8.6687e+00   0.0000e+00   4.1380e-02   2.6744e+02
20260216_22:00:00   8.9792e-02   2.5498e+01   8.3303e+00   0.0000e+00   2.2166e-02   2.6845e+02
20260216_23:00:00   9.2183e-02   2.6085e+01   8.5990e+00   0.0000e+00   1.6434e-02   2.6978e+02
20260217_00:00:00   9.3735e-02   2.6481e+01   8.6849e+00   0.0000e+00   1.3196e-02   2.6828e+02
20260217_01:00:00   9.6284e-02   2.7117e+01   8.8383e+00   0.0000e+00   6.3339e-03   2.6927e+02
20260217_02:00:00   1.0276e-01   2.8701e+01   9.4560e+00   0.0000e+00   4.2543e-03   2.6898e+02
20260217_03:00:00   1.0302e-01   2.8778e+01   8.9563e+00   0.0000e+00   1.0676e-02   2.6973e+02
20260217_04:00:00   1.0992e-01   3.0442e+01   9.2656e+00   2.8362e-03   2.9055e-02   2.7187e+02
20260217_05:00:00   2.1014e-01   5.3661e+01   9.7396e+00   1.1137e-01   2.5849e-02   2.7281e+02
20260217_06:00:00   5.1213e-01   1.1068e+02   1.0034e+01   4.4999e-01   1.2155e-02   2.7277e+02
20260217_07:00:00   8.6812e-01   1.5915e+02   1.0501e+01   8.4848e-01   5.3388e-02   2.7534e+02
20260217_08:00:00   8.3537e-01   1.5504e+02   1.0816e+01   8.0714e-01   1.2327e-01   2.7530e+02
20260217_09:00:00   3.8003e-01   8.7246e+01   9.7034e+00   3.0046e-01   1.2837e-01   2.7630e+02
20260217_10:00:00   2.5003e-01   6.1795e+01   8.1557e+00   1.6720e-01   3.7019e-02   2.7514e+02
20260217_11:00:00   3.0983e-01   7.4092e+01   6.2195e+00   2.5048e-01   2.3917e-03   2.7457e+02
20260217_12:00:00   7.2815e-02   2.1160e+01   4.1055e+00   1.6621e-03   5.7890e-03   2.7665e+02
20260217_13:00:00   6.8174e-02   1.9986e+01   3.5733e+00   2.6650e-04   6.0957e-04   2.7894e+02
20260217_14:00:00   6.6502e-02   1.9546e+01   3.4111e+00   0.0000e+00   3.7732e-03   2.8312e+02
20260217_15:00:00   6.5635e-02   1.9309e+01   3.3384e+00   0.0000e+00   5.4587e-02   2.8441e+02
20260217_16:00:00   6.3779e-02   1.8840e+01   3.1522e+00   0.0000e+00   2.9125e-02   2.8716e+02
20260217_17:00:00   5.9834e-02   1.7855e+01   2.6836e+00   0.0000e+00   8.5913e-03   2.8906e+02
20260217_18:00:00   5.9664e-02   1.7798e+01   2.7869e+00   0.0000e+00   5.1911e-03   2.8658e+02
20260217_19:00:00   6.2532e-02   1.8535e+01   3.1918e+00   0.0000e+00   1.1969e-02   2.8143e+02
20260217_20:00:00   6.5374e-02   1.9265e+01   3.5727e+00   0.0000e+00   2.4801e-03   2.7829e+02
20260217_21:00:00   6.8286e-02   1.9993e+01   4.0512e+00   0.0000e+00   1.1399e-02   2.7707e+02
20260217_22:00:00   6.6671e-02   1.9596e+01   3.8337e+00   0.0000e+00   4.5103e-03   2.7815e+02
20260217_23:00:00   6.4137e-02   1.8975e+01   3.4594e+00   0.0000e+00   5.5478e-03   2.7887e+02
20260218_00:00:00   5.9661e-02   1.7877e+01   2.7375e+00   0.0000e+00   2.2984e-04   2.8113e+02
20260218_01:00:00   5.6655e-02   1.7112e+01   2.2886e+00   0.0000e+00   6.3263e-04   2.8384e+02
20260218_02:00:00   5.5447e-02   1.6785e+01   2.1672e+00   0.0000e+00   1.6996e-04   2.8633e+02
20260218_03:00:00   5.2914e-02   1.6130e+01   1.8110e+00   0.0000e+00   5.8437e-05   2.8803e+02
20260218_04:00:00   5.1641e-02   1.5806e+01   1.6341e+00   0.0000e+00   1.0188e-04   2.8769e+02
20260218_05:00:00   5.1266e-02   1.5710e+01   1.5952e+00   0.0000e+00   2.9287e-04   2.8818e+02
20260218_06:00:00   5.2154e-02   1.5925e+01   1.8011e+00   0.0000e+00   2.3723e-03   2.8814e+02
20260218_07:00:00   5.3476e-02   1.6242e+01   2.0627e+00   0.0000e+00   2.2606e-02   2.8776e+02
20260218_08:00:00   5.3867e-02   1.6344e+01   2.1552e+00   0.0000e+00   2.1382e-02   2.8738e+02
20260218_09:00:00   5.4586e-02   1.6537e+01   2.2463e+00   0.0000e+00   1.8657e-02   2.8846e+02
20260218_10:00:00   5.6094e-02   1.6897e+01   2.4824e+00   0.0000e+00   1.2115e-01   2.9042e+02
20260218_11:00:00   5.7315e-02   1.7197e+01   2.7636e+00   0.0000e+00   7.7839e-02   2.9130e+02
20260218_12:00:00   5.7611e-02   1.7271e+01   2.7788e+00   0.0000e+00   8.5738e-02   2.9125e+02
20260218_15:00:00   5.6770e-02   1.7073e+01   2.6173e+00   0.0000e+00   1.6098e-01   2.9528e+02
20260218_18:00:00   6.1377e-02   1.8303e+01   3.4287e+00   0.0000e+00   2.3550e-02   2.9809e+02
20260218_21:00:00   7.1928e-02   2.1003e+01   5.1239e+00   0.0000e+00   1.5928e-02   2.9958e+02
20260219_00:00:00   7.4908e-02   2.1834e+01   5.3859e+00   0.0000e+00   1.2439e-03   3.0509e+02
20260219_03:00:00   1.4907e-01   3.9925e+01   6.0520e+00   7.8710e-02   4.2771e-03   3.0902e+02
20260219_06:00:00   1.5910e-01   4.2198e+01   6.2844e+00   8.5586e-02   1.7612e-02   3.1006e+02
20260219_09:00:00   1.8888e-01   4.8982e+01   6.4700e+00   1.2048e-01   4.0351e-02   3.0934e+02
20260219_12:00:00   4.8766e-01   1.0691e+02   7.7301e+00   4.4903e-01   4.2474e-02   3.0950e+02
20260219_15:00:00   6.8839e-01   1.3693e+02   8.6612e+00   6.6784e-01   8.8005e-02   3.1139e+02
20260219_18:00:00   7.5802e-01   1.4634e+02   9.2840e+00   7.4510e-01   5.4367e-02   3.1129e+02
20260219_21:00:00   2.0521e-01   5.2416e+01   8.7476e+00   1.2342e-01   1.0871e-01   3.1173e+02
20260220_00:00:00   8.9083e-02   2.5169e+01   7.6601e+00   1.6749e-03   1.3829e-01   3.1502e+02
20260220_03:00:00   8.2818e-02   2.3674e+01   6.9160e+00   0.0000e+00   5.0427e-02   3.1673e+02
20260220_06:00:00   8.4695e-02   2.4148e+01   7.2528e+00   0.0000e+00   1.4778e-02   3.1905e+02
20260220_09:00:00   8.5741e-02   2.4398e+01   7.4890e+00   0.0000e+00   2.8569e-02   3.2247e+02
20260220_12:00:00   8.3071e-02   2.3760e+01   7.0048e+00   0.0000e+00   1.3231e-02   3.2497e+02
20260220_15:00:00   8.7045e-02   2.4679e+01   7.7681e+00   0.0000e+00   1.2189e-02   3.2531e+02
20260220_18:00:00   8.6788e-02   2.4608e+01   7.8064e+00   0.0000e+00   7.9211e-02   3.1947e+02
20260220_21:00:00   1.0048e-01   2.7888e+01   9.9034e+00   0.0000e+00   1.1660e-01   3.1616e+02
20260221_00:00:00   1.1544e-01   3.1406e+01   1.1903e+01   0.0000e+00   3.6116e-01   3.1194e+02
20260221_03:00:00   1.2043e-01   3.2635e+01   1.2581e+01   0.0000e+00   9.2204e-02   3.1025e+02
20260221_06:00:00   1.2125e-01   3.2821e+01   1.2660e+01   0.0000e+00   1.4847e-01   3.0476e+02
20260221_09:00:00   1.2597e-01   3.3908e+01   1.3182e+01   0.0000e+00   2.0625e-01   3.0195e+02
20260221_12:00:00   1.3114e-01   3.5038e+01   1.3653e+01   0.0000e+00   3.0959e-01   3.0113e+02
20260221_15:00:00   1.0535e-01   2.8973e+01   1.0360e+01   0.0000e+00   1.2046e-01   3.0209e+02
20260221_18:00:00   7.9654e-02   2.2751e+01   6.5541e+00   0.0000e+00   2.5916e-02   3.0105e+02
20260221_21:00:00   6.5241e-02   1.9279e+01   3.9637e+00   0.0000e+00   5.0956e-02   2.9704e+02
20260222_00:00:00   6.1397e-02   1.8382e+01   3.1221e+00   0.0000e+00   3.4992e-02   2.9527e+02
20260222_03:00:00   5.9638e-02   1.8005e+01   2.7470e+00   0.0000e+00   6.5003e-04   2.9791e+02
20260222_06:00:00   6.1701e-02   1.8598e+01   2.9217e+00   0.0000e+00   1.4436e-03   2.9929e+02
20260222_09:00:00   7.8922e-02   2.2966e+01   5.4395e+00   0.0000e+00   2.6980e-02   2.9647e+02
20260222_12:00:00   8.6279e-02   2.4801e+01   6.6057e+00   0.0000e+00   2.7857e-02   2.9853e+02
20260222_15:00:00   1.0050e-01   2.8305e+01   8.4592e+00   0.0000e+00   6.7113e-02   3.0033e+02
20260222_18:00:00   1.1349e-01   3.1460e+01   1.0348e+01   0.0000e+00   3.8004e-03   3.0008e+02
20260222_21:00:00   1.6314e-01   4.3123e+01   1.3230e+01   3.3078e-02   2.2019e-02   2.9615e+02
20260223_00:00:00   3.9835e-01   9.0911e+01   1.3825e+01   2.9218e-01   3.5031e-02   2.9242e+02
20260223_03:00:00   6.9187e-01   1.3682e+02   1.3857e+01   6.2199e-01   8.3480e-02   2.8887e+02
20260223_06:00:00   6.3380e-01   1.2898e+02   1.3925e+01   5.5788e-01   2.6231e-02   2.8906e+02
20260223_09:00:00   6.7952e-01   1.3509e+02   1.5296e+01   5.9775e-01   3.0482e-02   2.8632e+02
20260223_12:00:00   2.4521e-01   6.0891e+01   1.4700e+01   1.1364e-01   2.4761e-02   2.8672e+02
20260223_15:00:00   2.0143e-01   5.1577e+01   1.4432e+01   6.7420e-02   1.4509e-02   2.8728e+02
20260223_18:00:00   1.4640e-01   3.9152e+01   1.4627e+01   3.4486e-03   9.7781e-02   2.8888e+02
20260223_21:00:00   4.4289e-01   9.9082e+01   1.5474e+01   3.2939e-01   2.0315e-02   2.8877e+02
20260224_00:00:00   2.3502e-01   5.8961e+01   1.4728e+01   1.0132e-01   2.3540e-02   2.8644e+02
20260224_03:00:00   3.3325e-01   7.8754e+01   1.4272e+01   2.1463e-01   5.7222e-02   2.9379e+02
20260224_06:00:00   4.6966e-01   1.0338e+02   1.3700e+01   3.7282e-01   1.5901e-03   2.9630e+02
20260224_09:00:00   4.6875e-01   1.0316e+02   1.3298e+01   3.7379e-01   1.2362e-03   2.9633e+02
20260224_12:00:00   1.7352e-01   4.5339e+01   1.1444e+01   5.5870e-02   1.5648e-03   2.9967e+02
20260224_15:00:00   1.0424e-01   2.9254e+01   8.1777e+00   2.1520e-03   2.1520e-05   2.8676e+02
20260224_18:00:00   1.0188e-01   2.8692e+01   7.3519e+00   5.7700e-03   5.9880e-06   2.8419e+02
20260224_21:00:00   1.1138e-01   3.1056e+01   7.6477e+00   1.4870e-02   8.9780e-06   2.8316e+02
20260225_00:00:00   2.2639e-01   5.7499e+01   9.1305e+00   1.3428e-01   2.1760e-05   2.8473e+02
20260225_03:00:00   9.5053e-02   2.7107e+01   6.8886e+00   4.7960e-03   0.0000e+00   2.8725e+02
20260225_06:00:00   8.5715e-02   2.4744e+01   6.4085e+00   0.0000e+00   0.0000e+00   2.8307e+02
20260225_09:00:00   7.5717e-02   2.2202e+01   5.1425e+00   0.0000e+00   0.0000e+00   2.8428e+02
20260225_12:00:00   6.6158e-02   1.9730e+01   3.9452e+00   0.0000e+00   0.0000e+00   2.8458e+02
20260225_15:00:00   6.7309e-02   1.9971e+01   4.4069e+00   0.0000e+00   0.0000e+00   2.8905e+02
20260225_18:00:00   7.6718e-02   2.2384e+01   5.6996e+00   0.0000e+00   0.0000e+00   2.9015e+02
20260225_21:00:00   8.4466e-02   2.4374e+01   6.5910e+00   0.0000e+00   1.6989e-04   2.8552e+02
20260226_00:00:00   9.1483e-02   2.6086e+01   7.5916e+00   0.0000e+00   1.7307e-03   2.8547e+02
20260226_03:00:00   8.4937e-02   2.4440e+01   6.7370e+00   0.0000e+00   5.1640e-06   2.8826e+02
20260226_06:00:00   6.7972e-02   2.0191e+01   3.8145e+00   0.0000e+00   2.1719e-03   2.9082e+02
20260226_09:00:00   5.8977e-02   1.7852e+01   2.5560e+00   0.0000e+00   4.7863e-03   2.8896e+02
20260226_12:00:00   5.6385e-02   1.7171e+01   2.1852e+00   0.0000e+00   5.1440e-03   2.9014e+02
20260226_15:00:00   5.3536e-02   1.6418e+01   1.7548e+00   0.0000e+00   3.7939e-03   2.9109e+02
20260226_18:00:00   5.3448e-02   1.6388e+01   1.7468e+00   0.0000e+00   3.2540e-03   2.9318e+02
20260226_21:00:00   5.7820e-02   1.7537e+01   2.4656e+00   0.0000e+00   6.1434e-03   2.9355e+02
20260227_00:00:00   6.2704e-02   1.8801e+01   3.2696e+00   0.0000e+00   3.3094e-03   2.9584e+02
20260227_03:00:00   6.1041e-02   1.8394e+01   3.0516e+00   0.0000e+00   1.8834e-04   2.9963e+02
20260227_06:00:00   5.7737e-02   1.7503e+01   2.6497e+00   0.0000e+00   8.1681e-03   3.0254e+02
20260227_09:00:00   5.7618e-02   1.7443e+01   2.7020e+00   0.0000e+00   1.3968e-02   3.0620e+02
20260227_12:00:00   5.9053e-02   1.7795e+01   3.0508e+00   0.0000e+00   3.0521e-02   3.0695e+02
20260227_15:00:00   6.1549e-02   1.8441e+01   3.4957e+00   0.0000e+00   3.0288e-03   3.0695e+02
20260227_18:00:00   6.3394e-02   1.8926e+01   3.8005e+00   0.0000e+00   7.2884e-03   3.0579e+02
20260227_21:00:00   6.5060e-02   1.9381e+01   4.0302e+00   0.0000e+00   6.0600e-03   3.0322e+02
20260228_00:00:00   7.2768e-02   2.1419e+01   5.1863e+00   0.0000e+00   1.1742e-02   2.9626e+02
20260228_03:00:00   7.5284e-02   2.2126e+01   5.4928e+00   0.0000e+00   1.3070e-02   2.9252e+02
20260228_06:00:00   7.4446e-02   2.1906e+01   5.4085e+00   0.0000e+00   1.4810e-02   2.8824e+02
20260228_09:00:00   7.8286e-02   2.2855e+01   6.0933e+00   0.0000e+00   1.2427e-02   2.9027e+02
20260228_12:00:00   7.5559e-02   2.2150e+01   5.7188e+00   0.0000e+00   1.0007e-02   2.9105e+02
20260228_15:00:00   7.7844e-02   2.2725e+01   6.0080e+00   0.0000e+00   3.7820e-03   2.8325e+02
20260228_18:00:00   8.2322e-02   2.3843e+01   6.7664e+00   0.0000e+00   7.2235e-03   2.8206e+02
20260228_21:00:00   9.0032e-02   2.5742e+01   8.0676e+00   0.0000e+00   1.8995e-02   2.8571e+02
20260301_00:00:00   9.9131e-02   2.7957e+01   9.5002e+00   0.0000e+00   2.0470e-02   2.8728e+02
20260301_03:00:00   9.1214e-02   2.6042e+01   8.2276e+00   0.0000e+00   6.0318e-03   2.8933e+02
20260301_06:00:00   8.8762e-02   2.5469e+01   7.6625e+00   0.0000e+00   7.7605e-04   2.9172e+02
20260301_09:00:00   8.5841e-02   2.4638e+01   7.3774e+00   0.0000e+00   3.3835e-02   2.8927e+02
20260301_12:00:00   9.0917e-02   2.5816e+01   8.3584e+00   0.0000e+00   1.5008e-02   2.9167e+02
