#            date       tau255        Tb[K]      pwv[mm] lwp[kg*m^-2] iwp[kg*m^-2]       o3[DU]
20260209_06:00:00   7.9878e-02   2.3280e+01   5.9967e+00   0.0000e+00   0.0000e+00   2.9434e+02
20260209_07:00:00   7.9474e-02   2.3164e+01   5.9636e+00   0.0000e+00   0.0000e+00   2.9382e+02
20260209_08:00:00   7.7773e-02   2.2720e+01   5.7575e+00   0.0000e+00   0.0000e+00   2.9523e+02
20260209_09:00:00   7.7555e-02   2.2653e+01   5.7862e+00   0.0000e+00   0.0000e+00   2.9839e+02
20260209_10:00:00   8.0116e-02   2.3303e+01   6.1868e+00   0.0000e+00   0.0000e+00   2.9883e+02
20260209_11:00:00   8.4049e-02   2.4283e+01   6.7733e+00   0.0000e+00   0.0000e+00   3.0030e+02
20260209_12:00:00   8.7749e-02   2.5192e+01   7.3675e+00   0.0000e+00   0.0000e+00   3.0259e+02
20260209_13:00:00   8.8104e-02   2.5290e+01   7.4132e+00   0.0000e+00   0.0000e+00   3.0217e+02
20260209_14:00:00   8.6712e-02   2.4977e+01   7.2014e+00   0.0000e+00   0.0000e+00   3.0096e+02
20260209_15:00:00   8.9941e-02   2.5772e+01   7.6506e+00   0.0000e+00   0.0000e+00   3.0189e+02
20260209_16:00:00   9.3536e-02   2.6659e+01   8.0907e+00   0.0000e+00   0.0000e+00   3.0174e+02
20260209_17:00:00   9.5693e-02   2.7194e+01   8.3366e+00   0.0000e+00   0.0000e+00   2.9974e+02
20260209_18:00:00   9.4967e-02   2.7041e+01   8.2120e+00   0.0000e+00   0.0000e+00   2.9806e+02
20260209_19:00:00   9.4157e-02   2.6850e+01   8.0834e+00   0.0000e+00   0.0000e+00   2.9555e+02
20260209_20:00:00   9.2907e-02   2.6552e+01   7.9259e+00   0.0000e+00   0.0000e+00   2.9395e+02
20260209_21:00:00   9.3111e-02   2.6594e+01   8.0443e+00   0.0000e+00   0.0000e+00   2.9097e+02
20260209_22:00:00   9.2480e-02   2.6437e+01   8.0223e+00   0.0000e+00   0.0000e+00   2.9215e+02
20260209_23:00:00   9.3016e-02   2.6566e+01   8.1456e+00   0.0000e+00   0.0000e+00   2.9191e+02
20260210_00:00:00   9.2801e-02   2.6516e+01   8.1342e+00   0.0000e+00   0.0000e+00   2.9422e+02
20260210_01:00:00   9.1427e-02   2.6188e+01   7.9603e+00   0.0000e+00   0.0000e+00   2.9621e+02
20260210_02:00:00   9.0092e-02   2.5869e+01   7.7706e+00   0.0000e+00   0.0000e+00   2.9634e+02
20260210_03:00:00   9.5533e-02   2.7234e+01   8.4310e+00   0.0000e+00   0.0000e+00   2.9708e+02
20260210_04:00:00   1.0239e-01   2.8903e+01   9.3338e+00   0.0000e+00   9.8020e-07   2.9628e+02
20260210_05:00:00   1.0936e-01   3.0530e+01   1.0301e+01   0.0000e+00   9.8020e-07   2.9405e+02
20260210_06:00:00   1.1108e-01   3.0928e+01   1.0544e+01   0.0000e+00   4.6320e-06   2.9199e+02
20260210_07:00:00   1.1052e-01   3.0791e+01   1.0497e+01   0.0000e+00   8.8220e-06   2.8934e+02
20260210_08:00:00   1.0466e-01   2.9393e+01   9.7898e+00   0.0000e+00   0.0000e+00   2.9259e+02
20260210_09:00:00   1.1201e-01   3.1119e+01   1.0782e+01   0.0000e+00   7.8420e-07   2.9592e+02
20260210_10:00:00   1.1744e-01   3.2394e+01   1.1419e+01   0.0000e+00   6.3428e-04   2.9759e+02
20260210_11:00:00   1.2310e-01   3.3722e+01   1.2193e+01   0.0000e+00   1.4935e-03   2.9510e+02
20260210_12:00:00   1.2498e-01   3.4174e+01   1.2454e+01   0.0000e+00   7.4113e-03   2.9458e+02
20260210_13:00:00   1.2911e-01   3.5158e+01   1.2884e+01   0.0000e+00   1.8234e-04   2.9402e+02
20260210_14:00:00   1.2765e-01   3.4815e+01   1.2774e+01   0.0000e+00   1.6876e-03   2.9189e+02
20260210_15:00:00   1.2697e-01   3.4630e+01   1.2762e+01   0.0000e+00   1.3517e-03   2.9054e+02
20260210_16:00:00   1.2948e-01   3.5219e+01   1.2957e+01   0.0000e+00   8.3144e-05   2.8972e+02
20260210_17:00:00   1.2638e-01   3.4536e+01   1.2460e+01   0.0000e+00   0.0000e+00   2.8980e+02
20260210_18:00:00   1.2326e-01   3.3783e+01   1.2159e+01   0.0000e+00   0.0000e+00   2.8840e+02
20260210_19:00:00   1.2777e-01   3.4857e+01   1.2650e+01   0.0000e+00   2.4220e-05   2.8698e+02
20260210_20:00:00   1.3332e-01   3.6191e+01   1.3194e+01   0.0000e+00   1.0186e-04   2.8347e+02
20260210_21:00:00   1.5030e-01   4.0193e+01   1.3927e+01   1.1294e-02   1.7226e-03   2.8149e+02
20260210_22:00:00   2.1146e-01   5.4051e+01   1.4608e+01   7.6140e-02   1.3404e-02   2.8039e+02
20260210_23:00:00   3.2972e-01   7.8267e+01   1.5642e+01   2.0104e-01   4.2630e-02   2.7981e+02
20260211_00:00:00   3.3665e-01   7.9590e+01   1.5056e+01   2.1429e-01   2.8656e-02   2.7697e+02
20260211_01:00:00   1.4281e-01   3.8389e+01   1.4378e+01   2.6539e-03   4.5484e-02   2.7583e+02
20260211_02:00:00   1.3764e-01   3.7151e+01   1.4130e+01   0.0000e+00   7.7651e-02   2.7579e+02
20260211_03:00:00   1.3586e-01   3.6751e+01   1.3839e+01   0.0000e+00   1.1243e-02   2.7402e+02
20260211_04:00:00   1.3257e-01   3.5996e+01   1.3390e+01   0.0000e+00   7.4042e-03   2.7294e+02
20260211_05:00:00   1.2654e-01   3.4595e+01   1.2555e+01   0.0000e+00   4.8997e-03   2.7257e+02
20260211_06:00:00   1.2392e-01   3.3985e+01   1.2130e+01   0.0000e+00   4.3809e-03   2.7390e+02
20260211_07:00:00   1.2120e-01   3.3365e+01   1.1619e+01   0.0000e+00   4.9151e-03   2.7146e+02
20260211_08:00:00   1.2153e-01   3.3418e+01   1.1621e+01   0.0000e+00   3.4042e-02   2.7016e+02
20260211_09:00:00   1.1932e-01   3.2871e+01   1.1404e+01   0.0000e+00   4.5315e-02   2.6884e+02
20260211_10:00:00   1.1549e-01   3.1968e+01   1.0904e+01   0.0000e+00   5.0658e-02   2.6747e+02
20260211_11:00:00   1.1275e-01   3.1316e+01   1.0462e+01   0.0000e+00   6.6403e-02   2.6707e+02
20260211_12:00:00   1.1074e-01   3.0822e+01   1.0173e+01   0.0000e+00   5.7212e-02   2.6739e+02
20260211_13:00:00   1.0667e-01   2.9821e+01   9.7165e+00   0.0000e+00   6.0165e-02   2.6635e+02
20260211_14:00:00   1.0533e-01   2.9473e+01   9.6193e+00   0.0000e+00   4.3963e-02   2.6555e+02
20260211_15:00:00   1.0231e-01   2.8714e+01   9.2828e+00   0.0000e+00   4.1002e-02   2.6514e+02
20260211_16:00:00   9.9028e-02   2.7903e+01   8.8580e+00   0.0000e+00   4.4083e-02   2.6589e+02
20260211_17:00:00   9.7911e-02   2.7632e+01   8.6225e+00   0.0000e+00   2.9472e-02   2.6547e+02
20260211_18:00:00   9.6653e-02   2.7327e+01   8.3730e+00   0.0000e+00   3.8560e-02   2.6776e+02
20260211_19:00:00   9.4064e-02   2.6703e+01   8.0109e+00   0.0000e+00   1.0529e-02   2.6766e+02
20260211_20:00:00   9.5494e-02   2.7066e+01   8.1380e+00   0.0000e+00   1.1370e-02   2.6698e+02
20260211_21:00:00   9.6617e-02   2.7353e+01   8.2937e+00   0.0000e+00   1.6614e-02   2.6712e+02
20260211_22:00:00   9.9116e-02   2.7978e+01   8.5893e+00   0.0000e+00   3.8425e-03   2.6696e+02
20260211_23:00:00   1.0329e-01   2.9006e+01   9.0517e+00   0.0000e+00   1.5894e-04   2.6566e+02
20260212_00:00:00   1.0771e-01   3.0058e+01   9.5575e+00   0.0000e+00   0.0000e+00   2.6527e+02
20260212_01:00:00   9.8661e-02   2.7784e+01   8.6701e+00   0.0000e+00   2.1625e-04   2.6744e+02
20260212_02:00:00   8.8883e-02   2.5272e+01   7.7540e+00   0.0000e+00   1.3291e-02   2.6882e+02
20260212_03:00:00   8.2896e-02   2.3694e+01   7.1163e+00   0.0000e+00   9.4272e-02   2.7003e+02
20260212_04:00:00   8.8578e-02   2.5023e+01   8.0961e+00   0.0000e+00   6.3073e-02   2.6994e+02
20260212_05:00:00   9.0069e-02   2.5397e+01   8.3011e+00   0.0000e+00   5.1274e-02   2.7190e+02
20260212_06:00:00   8.7828e-02   2.4903e+01   7.8580e+00   0.0000e+00   2.8948e-02   2.7563e+02
20260212_07:00:00   8.7575e-02   2.4877e+01   7.6633e+00   0.0000e+00   2.1219e-02   2.7686e+02
20260212_08:00:00   8.6668e-02   2.4678e+01   7.3672e+00   0.0000e+00   2.6305e-02   2.7807e+02
20260212_09:00:00   8.3566e-02   2.3941e+01   6.8283e+00   0.0000e+00   6.3553e-03   2.7717e+02
20260212_10:00:00   8.5024e-02   2.4267e+01   7.1651e+00   0.0000e+00   3.8031e-03   2.7725e+02
20260212_11:00:00   8.1256e-02   2.3376e+01   6.4804e+00   0.0000e+00   1.3192e-03   2.7793e+02
20260212_12:00:00   7.5701e-02   2.2048e+01   5.4654e+00   0.0000e+00   2.1620e-03   2.7919e+02
20260212_13:00:00   7.4991e-02   2.1870e+01   5.3087e+00   0.0000e+00   3.2380e-03   2.8022e+02
20260212_14:00:00   7.5679e-02   2.2027e+01   5.5077e+00   0.0000e+00   6.2086e-03   2.8122e+02
20260212_15:00:00   7.8779e-02   2.2780e+01   6.0112e+00   0.0000e+00   1.0556e-02   2.8208e+02
20260212_16:00:00   8.4336e-02   2.4115e+01   6.9701e+00   0.0000e+00   9.8048e-03   2.8111e+02
20260212_17:00:00   8.7747e-02   2.4952e+01   7.4740e+00   0.0000e+00   7.3021e-03   2.7914e+02
20260212_18:00:00   9.0768e-02   2.5668e+01   8.0109e+00   0.0000e+00   1.4771e-02   2.7949e+02
20260212_19:00:00   9.4656e-02   2.6608e+01   8.5973e+00   0.0000e+00   2.4772e-02   2.7898e+02
20260212_20:00:00   1.0029e-01   2.7948e+01   9.4176e+00   0.0000e+00   2.5422e-02   2.7878e+02
20260212_21:00:00   1.0182e-01   2.8307e+01   9.6885e+00   0.0000e+00   1.6810e-02   2.7974e+02
20260212_22:00:00   1.0561e-01   2.9180e+01   1.0267e+01   0.0000e+00   4.8114e-02   2.7957e+02
20260212_23:00:00   1.0462e-01   2.8932e+01   1.0096e+01   0.0000e+00   1.5642e-01   2.7841e+02
20260213_00:00:00   1.0137e-01   2.8169e+01   9.6470e+00   0.0000e+00   8.2444e-02   2.7677e+02
20260213_01:00:00   1.0157e-01   2.8206e+01   9.6456e+00   0.0000e+00   9.8453e-02   2.7920e+02
20260213_02:00:00   9.7548e-02   2.7253e+01   9.0722e+00   0.0000e+00   4.3929e-02   2.8092e+02
20260213_03:00:00   9.4340e-02   2.6489e+01   8.5355e+00   0.0000e+00   2.6113e-02   2.8045e+02
20260213_04:00:00   9.5130e-02   2.6669e+01   8.6179e+00   0.0000e+00   1.7320e-02   2.7901e+02
20260213_05:00:00   9.1758e-02   2.5846e+01   8.0774e+00   0.0000e+00   2.9754e-02   2.7864e+02
20260213_06:00:00   8.7787e-02   2.4860e+01   7.5130e+00   0.0000e+00   7.8194e-02   2.8094e+02
20260213_07:00:00   9.0240e-02   2.5429e+01   7.8849e+00   0.0000e+00   1.0044e-01   2.8173e+02
20260213_08:00:00   9.2514e-02   2.5964e+01   8.1660e+00   0.0000e+00   1.6693e-01   2.8034e+02
20260213_09:00:00   8.8767e-02   2.5059e+01   7.5598e+00   0.0000e+00   1.4894e-01   2.8058e+02
20260213_10:00:00   8.7869e-02   2.4804e+01   7.4470e+00   1.1660e-04   1.6385e-01   2.8377e+02
20260213_11:00:00   9.2551e-02   2.5919e+01   8.1270e+00   0.0000e+00   6.7047e-02   2.8612e+02
20260213_12:00:00   9.5431e-02   2.6599e+01   8.4301e+00   0.0000e+00   1.0619e-01   3.0083e+02
20260213_13:00:00   1.0062e-01   2.7790e+01   9.0610e+00   0.0000e+00   2.8292e-01   3.0378e+02
20260213_14:00:00   1.0655e-01   2.9158e+01   9.7224e+00   0.0000e+00   3.7411e-01   3.1733e+02
20260213_15:00:00   1.1244e-01   3.0531e+01   1.0384e+01   0.0000e+00   2.9715e-01   3.2471e+02
20260213_16:00:00   1.1188e-01   3.0440e+01   1.0214e+01   0.0000e+00   9.7285e-02   3.3308e+02
20260213_17:00:00   1.2170e-01   3.2736e+01   1.0545e+01   5.0933e-03   7.7790e-02   3.4563e+02
20260213_18:00:00   1.3174e-01   3.5072e+01   1.0931e+01   1.1319e-02   1.0288e-01   3.6296e+02
20260213_19:00:00   2.2866e-01   5.7052e+01   1.1159e+01   1.1690e-01   3.0575e-01   3.8399e+02
20260213_20:00:00   3.5251e-01   8.2235e+01   1.1311e+01   2.5662e-01   2.6540e-01   3.6987e+02
20260213_21:00:00   3.9730e-01   9.0492e+01   1.1245e+01   3.0803e-01   2.0478e-01   3.6949e+02
20260213_22:00:00   3.7969e-01   8.7299e+01   1.1068e+01   2.8990e-01   8.5813e-02   3.6366e+02
20260213_23:00:00   3.5749e-01   8.3060e+01   1.1168e+01   2.6323e-01   1.3736e-01   3.5931e+02
20260214_00:00:00   5.4681e-01   1.1554e+02   1.1238e+01   4.7603e-01   1.5418e-01   3.4471e+02
20260214_01:00:00   7.0216e-01   1.3808e+02   1.1281e+01   6.5141e-01   1.5502e-01   3.4828e+02
20260214_02:00:00   5.7519e-01   1.1987e+02   1.1174e+01   5.0893e-01   1.3143e-01   3.5808e+02
20260214_03:00:00   2.6215e-01   6.3960e+01   1.0703e+01   1.6022e-01   2.8800e-02   3.5646e+02
20260214_04:00:00   1.2475e-01   3.3566e+01   1.0012e+01   1.1965e-02   2.7179e-03   3.4860e+02
20260214_05:00:00   1.1005e-01   3.0086e+01   9.4963e+00   1.0682e-04   1.0479e-03   3.2961e+02
20260214_06:00:00   1.1010e-01   3.0120e+01   9.4100e+00   6.2000e-04   2.0260e-04   3.2181e+02
20260214_09:00:00   9.4240e-02   2.6404e+01   7.3846e+00   0.0000e+00   0.0000e+00   3.0698e+02
20260214_12:00:00   7.7970e-02   2.2519e+01   5.1479e+00   0.0000e+00   0.0000e+00   2.9724e+02
20260214_15:00:00   6.9513e-02   2.0456e+01   4.0790e+00   0.0000e+00   0.0000e+00   2.9736e+02
20260214_18:00:00   6.6432e-02   1.9700e+01   3.7520e+00   0.0000e+00   0.0000e+00   2.9554e+02
20260214_21:00:00   6.8216e-02   2.0160e+01   4.1242e+00   0.0000e+00   0.0000e+00   2.9342e+02
20260215_00:00:00   6.7777e-02   2.0063e+01   4.1556e+00   0.0000e+00   0.0000e+00   2.9245e+02
20260215_03:00:00   6.3933e-02   1.9107e+01   3.6538e+00   0.0000e+00   0.0000e+00   2.9653e+02
20260215_06:00:00   6.1047e-02   1.8360e+01   3.3050e+00   0.0000e+00   0.0000e+00   2.9742e+02
20260215_09:00:00   5.9615e-02   1.7982e+01   3.1024e+00   0.0000e+00   0.0000e+00   2.9783e+02
20260215_12:00:00   5.8886e-02   1.7778e+01   2.9470e+00   0.0000e+00   0.0000e+00   2.9534e+02
20260215_15:00:00   5.9157e-02   1.7849e+01   2.9012e+00   0.0000e+00   2.5800e-03   2.9560e+02
20260215_18:00:00   6.1399e-02   1.8353e+01   3.3311e+00   0.0000e+00   2.7996e-02   2.9831e+02
20260215_21:00:00   7.1099e-02   2.0692e+01   5.0242e+00   0.0000e+00   7.8719e-02   2.9996e+02
20260216_00:00:00   6.8242e-02   1.9932e+01   4.6460e+00   0.0000e+00   8.8606e-02   2.9471e+02
20260216_03:00:00   6.9207e-02   2.0089e+01   4.9725e+00   0.0000e+00   3.0599e-02   2.9180e+02
20260216_06:00:00   6.6104e-02   1.9373e+01   4.3451e+00   0.0000e+00   6.6506e-03   2.9436e+02
20260216_09:00:00   8.1785e-02   2.3140e+01   6.8111e+00   0.0000e+00   1.2842e-01   2.9016e+02
20260216_12:00:00   8.7289e-02   2.4443e+01   7.4423e+00   0.0000e+00   2.3444e-01   2.8776e+02
20260216_15:00:00   8.0687e-02   2.2841e+01   6.4411e+00   0.0000e+00   1.7012e-01   2.9378e+02
20260216_18:00:00   7.0993e-02   2.0540e+01   4.6443e+00   0.0000e+00   7.9783e-02   2.9991e+02
20260216_21:00:00   7.1969e-02   2.0804e+01   4.7785e+00   0.0000e+00   1.2466e-01   3.0004e+02
20260217_00:00:00   6.5624e-02   1.9288e+01   3.7295e+00   0.0000e+00   3.1218e-02   2.9631e+02
20260217_03:00:00   6.2642e-02   1.8639e+01   3.0541e+00   0.0000e+00   6.4460e-03   2.9508e+02
20260217_06:00:00   7.5447e-02   2.1889e+01   4.9244e+00   0.0000e+00   7.8073e-03   2.9242e+02
20260217_09:00:00   8.5190e-02   2.4297e+01   6.5172e+00   0.0000e+00   2.9499e-03   2.9217e+02
20260217_12:00:00   8.3525e-02   2.3894e+01   6.2086e+00   0.0000e+00   3.6272e-03   2.9244e+02
20260217_15:00:00   7.7362e-02   2.2400e+01   5.3125e+00   0.0000e+00   9.2920e-04   2.9325e+02
20260217_18:00:00   7.5875e-02   2.2068e+01   4.9086e+00   0.0000e+00   0.0000e+00   2.9039e+02
20260217_21:00:00   7.8235e-02   2.2674e+01   5.1587e+00   0.0000e+00   0.0000e+00   2.8641e+02
20260218_00:00:00   7.3103e-02   2.1371e+01   4.5033e+00   0.0000e+00   0.0000e+00   2.8991e+02
20260218_03:00:00   6.8350e-02   2.0131e+01   3.8769e+00   0.0000e+00   4.8478e-03   2.9656e+02
20260218_06:00:00   6.5392e-02   1.9344e+01   3.4697e+00   0.0000e+00   0.0000e+00   3.0022e+02
20260218_09:00:00   5.8721e-02   1.7603e+01   2.4772e+00   0.0000e+00   0.0000e+00   3.1348e+02
20260218_12:00:00   5.2795e-02   1.6137e+01   1.4971e+00   0.0000e+00   0.0000e+00   3.2139e+02
20260218_15:00:00   5.2791e-02   1.6139e+01   1.5966e+00   0.0000e+00   0.0000e+00   3.1436e+02
20260218_18:00:00   5.4466e-02   1.6578e+01   1.9039e+00   0.0000e+00   2.2000e-05   3.1803e+02
20260218_21:00:00   5.5656e-02   1.6923e+01   2.1395e+00   0.0000e+00   5.9515e-04   3.1571e+02
20260219_00:00:00   5.8612e-02   1.7670e+01   2.7456e+00   0.0000e+00   5.7943e-03   3.1703e+02
20260219_03:00:00   7.3114e-02   2.1220e+01   5.4961e+00   0.0000e+00   1.9814e-02   3.2096e+02
20260219_06:00:00   7.0655e-02   2.0700e+01   4.7237e+00   0.0000e+00   3.6269e-03   3.1958e+02
20260219_09:00:00   6.6296e-02   1.9608e+01   3.7058e+00   0.0000e+00   1.0876e-02   3.2330e+02
20260219_12:00:00   6.7999e-02   2.0004e+01   3.7931e+00   0.0000e+00   9.6560e-04   3.2980e+02
20260219_15:00:00   6.6362e-02   1.9594e+01   3.4315e+00   0.0000e+00   0.0000e+00   3.3495e+02
20260219_18:00:00   6.6290e-02   1.9558e+01   3.3752e+00   0.0000e+00   0.0000e+00   3.3524e+02
20260219_21:00:00   7.2589e-02   2.1142e+01   4.3715e+00   0.0000e+00   0.0000e+00   3.3353e+02
20260220_00:00:00   7.4873e-02   2.1698e+01   4.9470e+00   0.0000e+00   0.0000e+00   3.3593e+02
20260220_03:00:00   6.7333e-02   1.9805e+01   4.1300e+00   0.0000e+00   0.0000e+00   3.3640e+02
20260220_06:00:00   6.0009e-02   1.7977e+01   3.0764e+00   0.0000e+00   4.6320e-06   3.4133e+02
20260220_09:00:00   5.7804e-02   1.7430e+01   2.7515e+00   0.0000e+00   3.2235e-03   3.3716e+02
20260220_12:00:00   6.0188e-02   1.8073e+01   3.2638e+00   0.0000e+00   0.0000e+00   3.3427e+02
20260220_15:00:00   6.2690e-02   1.8743e+01   3.6997e+00   0.0000e+00   6.8032e-05   3.3619e+02
20260220_18:00:00   6.5611e-02   1.9529e+01   4.1309e+00   0.0000e+00   1.1532e-05   3.3388e+02
20260220_21:00:00   6.8051e-02   2.0190e+01   4.5688e+00   0.0000e+00   9.2620e-06   3.3155e+02
20260221_00:00:00   7.1307e-02   2.1053e+01   5.1883e+00   0.0000e+00   3.3814e-03   3.3134e+02
20260221_03:00:00   7.3456e-02   2.1627e+01   5.5662e+00   0.0000e+00   7.1586e-03   3.2682e+02
20260221_06:00:00   7.5348e-02   2.2147e+01   5.8784e+00   0.0000e+00   0.0000e+00   3.2507e+02
20260221_09:00:00   7.3266e-02   2.1656e+01   5.5887e+00   0.0000e+00   0.0000e+00   3.2129e+02
20260221_12:00:00   7.2205e-02   2.1393e+01   5.4544e+00   0.0000e+00   5.8820e-06   3.2342e+02
20260221_15:00:00   7.1622e-02   2.1272e+01   5.3168e+00   0.0000e+00   1.1908e-03   3.2086e+02
20260221_18:00:00   7.0363e-02   2.0982e+01   5.0979e+00   0.0000e+00   1.6832e-05   3.1879e+02
20260221_21:00:00   6.7703e-02   2.0332e+01   4.6243e+00   0.0000e+00   2.1040e-04   3.1736e+02
20260222_00:00:00   6.6689e-02   2.0102e+01   4.3758e+00   0.0000e+00   2.1816e-02   3.1589e+02
20260222_03:00:00   6.4980e-02   1.9681e+01   4.0750e+00   0.0000e+00   1.4680e-04   3.1370e+02
20260222_06:00:00   6.2362e-02   1.9023e+01   3.5295e+00   0.0000e+00   0.0000e+00   3.1185e+02
20260222_09:00:00   6.1951e-02   1.8897e+01   3.4069e+00   0.0000e+00   0.0000e+00   3.0817e+02
20260222_12:00:00   6.2547e-02   1.9024e+01   3.5049e+00   0.0000e+00   0.0000e+00   3.1126e+02
20260222_15:00:00   6.6260e-02   1.9917e+01   4.2471e+00   0.0000e+00   0.0000e+00   3.1118e+02
20260222_18:00:00   6.9872e-02   2.0775e+01   4.9749e+00   0.0000e+00   0.0000e+00   3.1126e+02
20260222_21:00:00   7.2158e-02   2.1335e+01   5.3477e+00   0.0000e+00   0.0000e+00   3.1048e+02
20260223_00:00:00   7.1252e-02   2.1098e+01   5.2213e+00   0.0000e+00   0.0000e+00   3.0981e+02
20260223_03:00:00   7.0350e-02   2.0866e+01   5.0877e+00   0.0000e+00   0.0000e+00   3.1152e+02
20260223_06:00:00   6.7611e-02   2.0143e+01   4.6702e+00   0.0000e+00   1.2244e-03   3.1255e+02
20260223_09:00:00   6.8502e-02   2.0325e+01   4.9231e+00   0.0000e+00   6.3308e-03   3.1559e+02
20260223_12:00:00   6.7849e-02   2.0174e+01   4.7870e+00   0.0000e+00   0.0000e+00   3.1380e+02
20260223_15:00:00   6.7709e-02   2.0133e+01   4.7892e+00   0.0000e+00   3.1781e-04   3.1188e+02
20260223_18:00:00   6.7758e-02   2.0149e+01   4.7899e+00   0.0000e+00   3.4817e-03   3.1383e+02
20260223_21:00:00   6.9834e-02   2.0664e+01   5.1418e+00   0.0000e+00   3.5672e-03   3.1361e+02
20260224_00:00:00   7.1661e-02   2.1074e+01   5.5409e+00   0.0000e+00   1.4981e-02   3.1347e+02
20260224_03:00:00   6.5714e-02   1.9511e+01   4.5953e+00   0.0000e+00   6.4308e-03   3.1608e+02
20260224_06:00:00   6.5330e-02   1.9368e+01   4.5725e+00   0.0000e+00   2.6345e-03   3.2047e+02
20260224_09:00:00   6.9747e-02   2.0439e+01   5.3596e+00   0.0000e+00   2.0042e-03   3.2770e+02
20260224_12:00:00   7.4435e-02   2.1540e+01   6.1475e+00   0.0000e+00   1.8629e-02   3.2287e+02
20260224_15:00:00   7.8787e-02   2.2632e+01   6.8828e+00   0.0000e+00   3.5482e-03   3.2304e+02
20260224_18:00:00   8.4669e-02   2.4097e+01   7.8932e+00   0.0000e+00   1.4590e-03   3.1874e+02
20260224_21:00:00   8.6190e-02   2.4528e+01   8.0689e+00   0.0000e+00   1.4640e-03   3.1031e+02
20260225_00:00:00   9.0116e-02   2.5550e+01   8.6338e+00   0.0000e+00   2.4714e-03   3.0766e+02
20260225_03:00:00   7.4814e-02   2.1839e+01   6.0069e+00   0.0000e+00   2.6859e-03   3.0883e+02
20260225_06:00:00   6.2833e-02   1.8851e+01   3.7774e+00   0.0000e+00   2.9853e-03   3.0677e+02
