#            date       tau255        Tb[K]      pwv[mm] lwp[kg*m^-2] iwp[kg*m^-2]       o3[DU]
20260620_00:00:00   9.8987e-02   2.8948e+01   9.7449e+00   0.0000e+00   0.0000e+00   2.8585e+02
20260620_01:00:00   9.3878e-02   2.7662e+01   8.9811e+00   0.0000e+00   0.0000e+00   2.8490e+02
20260620_02:00:00   8.8855e-02   2.6389e+01   8.2193e+00   0.0000e+00   0.0000e+00   2.8482e+02
20260620_03:00:00   8.6417e-02   2.5780e+01   7.8457e+00   0.0000e+00   0.0000e+00   2.8585e+02
20260620_04:00:00   8.7085e-02   2.5983e+01   7.8871e+00   0.0000e+00   0.0000e+00   2.8664e+02
20260620_05:00:00   8.8927e-02   2.6487e+01   8.0749e+00   0.0000e+00   0.0000e+00   2.8634e+02
20260620_06:00:00   9.0382e-02   2.6881e+01   8.2573e+00   0.0000e+00   0.0000e+00   2.8658e+02
20260620_07:00:00   9.3763e-02   2.7750e+01   8.7857e+00   0.0000e+00   0.0000e+00   2.8589e+02
20260620_08:00:00   9.7239e-02   2.8623e+01   9.2717e+00   0.0000e+00   0.0000e+00   2.8559e+02
20260620_09:00:00   9.5900e-02   2.8256e+01   9.0668e+00   0.0000e+00   0.0000e+00   2.8507e+02
20260620_10:00:00   8.8631e-02   2.6369e+01   7.9739e+00   0.0000e+00   0.0000e+00   2.8568e+02
20260620_11:00:00   8.4453e-02   2.5272e+01   7.3663e+00   0.0000e+00   0.0000e+00   2.8909e+02
20260620_12:00:00   8.6476e-02   2.5770e+01   7.7541e+00   0.0000e+00   0.0000e+00   2.9159e+02
20260620_13:00:00   8.3543e-02   2.4995e+01   7.3347e+00   0.0000e+00   0.0000e+00   2.9234e+02
20260620_14:00:00   7.9342e-02   2.3894e+01   6.7039e+00   0.0000e+00   0.0000e+00   2.9286e+02
20260620_15:00:00   7.4872e-02   2.2726e+01   5.9812e+00   0.0000e+00   0.0000e+00   2.9208e+02
20260620_16:00:00   7.6074e-02   2.3028e+01   6.2190e+00   0.0000e+00   0.0000e+00   2.9209e+02
20260620_17:00:00   7.9201e-02   2.3832e+01   6.7451e+00   0.0000e+00   0.0000e+00   2.9227e+02
20260620_18:00:00   8.1848e-02   2.4525e+01   7.1788e+00   0.0000e+00   0.0000e+00   2.9057e+02
20260620_19:00:00   8.3743e-02   2.5021e+01   7.4933e+00   0.0000e+00   0.0000e+00   2.8963e+02
20260620_20:00:00   8.8862e-02   2.6356e+01   8.2683e+00   0.0000e+00   0.0000e+00   2.9030e+02
20260620_21:00:00   9.3004e-02   2.7420e+01   8.9231e+00   0.0000e+00   0.0000e+00   2.9312e+02
20260620_22:00:00   9.4820e-02   2.7893e+01   9.2175e+00   0.0000e+00   0.0000e+00   2.9277e+02
20260620_23:00:00   9.3091e-02   2.7462e+01   8.9786e+00   0.0000e+00   0.0000e+00   2.8997e+02
20260621_00:00:00   9.4660e-02   2.7875e+01   9.1801e+00   0.0000e+00   0.0000e+00   2.8968e+02
20260621_01:00:00   9.8500e-02   2.8878e+01   9.6306e+00   0.0000e+00   0.0000e+00   2.9091e+02
20260621_02:00:00   1.0085e-01   2.9518e+01   9.9133e+00   0.0000e+00   0.0000e+00   2.9027e+02
20260621_03:00:00   1.0261e-01   3.0008e+01   1.0155e+01   0.0000e+00   0.0000e+00   2.8825e+02
20260621_04:00:00   1.0457e-01   3.0562e+01   1.0449e+01   0.0000e+00   0.0000e+00   2.8578e+02
20260621_05:00:00   1.0574e-01   3.0872e+01   1.0605e+01   0.0000e+00   0.0000e+00   2.8567e+02
20260621_06:00:00   1.0794e-01   3.1428e+01   1.0903e+01   0.0000e+00   0.0000e+00   2.8552e+02
20260621_07:00:00   1.1076e-01   3.2144e+01   1.1303e+01   0.0000e+00   0.0000e+00   2.8462e+02
20260621_08:00:00   1.0918e-01   3.1717e+01   1.1116e+01   0.0000e+00   0.0000e+00   2.8482e+02
20260621_09:00:00   1.0340e-01   3.0208e+01   1.0382e+01   0.0000e+00   0.0000e+00   2.8865e+02
20260621_10:00:00   9.5339e-02   2.8078e+01   9.2945e+00   0.0000e+00   0.0000e+00   2.8956e+02
20260621_11:00:00   9.0126e-02   2.6693e+01   8.5893e+00   0.0000e+00   0.0000e+00   2.9013e+02
20260621_12:00:00   8.4443e-02   2.5177e+01   7.7746e+00   0.0000e+00   0.0000e+00   2.9049e+02
20260621_13:00:00   8.4611e-02   2.5212e+01   7.8015e+00   0.0000e+00   0.0000e+00   2.8968e+02
20260621_14:00:00   8.5925e-02   2.5548e+01   7.9820e+00   0.0000e+00   0.0000e+00   2.8855e+02
20260621_15:00:00   8.7478e-02   2.5954e+01   8.1946e+00   0.0000e+00   0.0000e+00   2.8786e+02
20260621_16:00:00   8.6704e-02   2.5752e+01   8.0874e+00   0.0000e+00   0.0000e+00   2.8618e+02
20260621_17:00:00   8.5283e-02   2.5374e+01   7.9126e+00   0.0000e+00   3.9100e-05   2.8555e+02
20260621_18:00:00   8.6769e-02   2.5743e+01   8.1787e+00   0.0000e+00   4.0780e-04   2.8675e+02
20260621_19:00:00   8.9294e-02   2.6403e+01   8.5999e+00   0.0000e+00   2.4940e-04   2.8765e+02
20260621_20:00:00   8.8391e-02   2.6192e+01   8.5047e+00   0.0000e+00   1.5336e-04   2.9006e+02
20260621_21:00:00   8.9772e-02   2.6567e+01   8.7111e+00   0.0000e+00   7.6500e-05   2.9194e+02
20260621_22:00:00   9.6454e-02   2.8296e+01   9.6629e+00   0.0000e+00   2.7960e-05   2.9141e+02
20260621_23:00:00   1.0108e-01   2.9498e+01   1.0329e+01   0.0000e+00   7.5700e-06   2.9110e+02
20260622_00:00:00   1.0582e-01   3.0726e+01   1.0961e+01   0.0000e+00   0.0000e+00   2.9189e+02
20260622_01:00:00   1.1131e-01   3.2140e+01   1.1645e+01   0.0000e+00   0.0000e+00   2.9262e+02
20260622_02:00:00   1.1461e-01   3.3025e+01   1.2066e+01   0.0000e+00   0.0000e+00   2.9179e+02
20260622_03:00:00   1.1609e-01   3.3454e+01   1.2255e+01   0.0000e+00   0.0000e+00   2.8945e+02
20260622_04:00:00   1.1695e-01   3.3699e+01   1.2393e+01   0.0000e+00   0.0000e+00   2.8803e+02
20260622_05:00:00   1.1648e-01   3.3587e+01   1.2381e+01   0.0000e+00   0.0000e+00   2.8811e+02
20260622_06:00:00   1.1779e-01   3.3926e+01   1.2563e+01   0.0000e+00   1.1132e-05   2.9089e+02
20260622_07:00:00   1.2623e-01   3.6042e+01   1.3694e+01   0.0000e+00   0.0000e+00   2.9268e+02
20260622_08:00:00   1.3023e-01   3.6990e+01   1.4243e+01   0.0000e+00   1.3038e-03   2.9287e+02
20260622_09:00:00   1.3145e-01   3.7256e+01   1.4364e+01   0.0000e+00   2.0160e-04   2.9245e+02
20260622_10:00:00   1.2768e-01   3.6312e+01   1.3827e+01   0.0000e+00   0.0000e+00   2.9284e+02
20260622_11:00:00   1.2426e-01   3.5461e+01   1.3417e+01   0.0000e+00   0.0000e+00   2.9460e+02
20260622_12:00:00   1.1770e-01   3.3817e+01   1.2530e+01   0.0000e+00   0.0000e+00   2.9545e+02
20260622_13:00:00   1.1167e-01   3.2288e+01   1.1669e+01   0.0000e+00   0.0000e+00   2.9550e+02
20260622_14:00:00   1.1609e-01   3.3353e+01   1.2421e+01   0.0000e+00   0.0000e+00   2.9567e+02
20260622_15:00:00   1.2491e-01   3.5512e+01   1.3663e+01   0.0000e+00   0.0000e+00   2.9578e+02
20260622_16:00:00   1.2724e-01   3.6074e+01   1.3971e+01   0.0000e+00   0.0000e+00   2.9594e+02
20260622_17:00:00   1.2979e-01   3.6688e+01   1.4355e+01   0.0000e+00   0.0000e+00   2.9661e+02
20260622_18:00:00   1.2912e-01   3.6510e+01   1.4320e+01   0.0000e+00   0.0000e+00   2.9678e+02
20260622_19:00:00   1.2649e-01   3.5850e+01   1.4012e+01   0.0000e+00   0.0000e+00   2.9527e+02
20260622_20:00:00   1.2355e-01   3.5121e+01   1.3709e+01   0.0000e+00   0.0000e+00   2.9370e+02
20260622_21:00:00   1.2048e-01   3.4371e+01   1.3357e+01   0.0000e+00   0.0000e+00   2.9377e+02
20260622_22:00:00   1.2046e-01   3.4384e+01   1.3396e+01   0.0000e+00   0.0000e+00   2.9316e+02
20260622_23:00:00   1.2228e-01   3.4857e+01   1.3663e+01   0.0000e+00   0.0000e+00   2.9260e+02
20260623_00:00:00   1.2424e-01   3.5383e+01   1.3934e+01   0.0000e+00   0.0000e+00   2.9278e+02
20260623_01:00:00   1.2592e-01   3.5835e+01   1.4175e+01   0.0000e+00   0.0000e+00   2.9259e+02
20260623_02:00:00   1.2766e-01   3.6304e+01   1.4436e+01   0.0000e+00   0.0000e+00   2.9337e+02
20260623_03:00:00   1.2623e-01   3.5977e+01   1.4300e+01   0.0000e+00   0.0000e+00   2.9342e+02
20260623_04:00:00   1.2517e-01   3.5729e+01   1.4286e+01   0.0000e+00   0.0000e+00   2.9396e+02
20260623_05:00:00   1.3050e-01   3.6950e+01   1.5080e+01   0.0000e+00   0.0000e+00   2.9601e+02
20260623_06:00:00   1.2628e-01   3.5883e+01   1.4407e+01   0.0000e+00   0.0000e+00   2.9547e+02
20260623_07:00:00   1.2491e-01   3.5560e+01   1.4180e+01   0.0000e+00   0.0000e+00   2.9528e+02
20260623_08:00:00   1.2809e-01   3.6315e+01   1.4672e+01   0.0000e+00   0.0000e+00   2.9360e+02
20260623_09:00:00   1.2740e-01   3.6109e+01   1.4555e+01   0.0000e+00   0.0000e+00   2.9328e+02
20260623_10:00:00   1.2773e-01   3.6159e+01   1.4522e+01   0.0000e+00   0.0000e+00   2.9386e+02
20260623_11:00:00   1.2739e-01   3.6089e+01   1.4437e+01   0.0000e+00   0.0000e+00   2.9448e+02
20260623_12:00:00   1.2740e-01   3.6105e+01   1.4431e+01   0.0000e+00   0.0000e+00   2.9582e+02
20260623_13:00:00   1.2745e-01   3.6121e+01   1.4451e+01   0.0000e+00   0.0000e+00   2.9549e+02
20260623_14:00:00   1.2756e-01   3.6144e+01   1.4447e+01   0.0000e+00   0.0000e+00   2.9658e+02
20260623_15:00:00   1.2862e-01   3.6387e+01   1.4603e+01   0.0000e+00   0.0000e+00   2.9439e+02
20260623_16:00:00   1.3004e-01   3.6716e+01   1.4934e+01   0.0000e+00   0.0000e+00   2.9309e+02
20260623_17:00:00   1.3817e-01   3.8688e+01   1.6250e+01   0.0000e+00   0.0000e+00   2.9325e+02
20260623_18:00:00   1.4756e-01   4.0969e+01   1.7639e+01   0.0000e+00   0.0000e+00   2.9374e+02
20260623_19:00:00   1.5230e-01   4.2161e+01   1.8292e+01   0.0000e+00   0.0000e+00   2.9317e+02
20260623_20:00:00   1.5439e-01   4.2691e+01   1.8599e+01   0.0000e+00   0.0000e+00   2.9247e+02
20260623_21:00:00   1.5616e-01   4.3169e+01   1.8850e+01   0.0000e+00   0.0000e+00   2.9401e+02
20260623_22:00:00   1.5542e-01   4.3049e+01   1.8746e+01   0.0000e+00   0.0000e+00   2.9417e+02
20260623_23:00:00   1.5596e-01   4.3215e+01   1.8840e+01   0.0000e+00   0.0000e+00   2.9510e+02
20260624_00:00:00   1.5397e-01   4.2786e+01   1.8546e+01   0.0000e+00   0.0000e+00   2.9353e+02
20260624_01:00:00   1.5208e-01   4.2393e+01   1.8236e+01   0.0000e+00   0.0000e+00   2.9207e+02
20260624_02:00:00   1.4761e-01   4.1331e+01   1.7664e+01   0.0000e+00   1.1354e-05   2.9241e+02
20260624_03:00:00   1.4319e-01   4.0237e+01   1.7123e+01   0.0000e+00   2.2700e-05   2.9404e+02
20260624_04:00:00   1.3563e-01   3.8381e+01   1.6085e+01   0.0000e+00   1.3282e-04   2.9401e+02
20260624_05:00:00   1.3529e-01   3.8169e+01   1.6230e+01   0.0000e+00   1.2258e-03   2.9174e+02
20260624_06:00:00   1.4962e-01   4.1531e+01   1.8280e+01   7.5380e-04   1.6642e-02   2.9194e+02
20260624_07:00:00   1.5723e-01   4.3265e+01   1.9548e+01   1.0327e-04   3.7115e-02   2.9283e+02
20260624_08:00:00   1.6475e-01   4.5108e+01   2.0254e+01   0.0000e+00   2.5026e-03   2.9091e+02
20260624_09:00:00   1.5756e-01   4.3454e+01   1.9170e+01   0.0000e+00   2.2678e-02   2.9064e+02
20260624_10:00:00   1.5953e-01   4.3881e+01   1.9489e+01   0.0000e+00   5.1244e-04   2.9176e+02
20260624_11:00:00   1.6429e-01   4.4964e+01   2.0050e+01   0.0000e+00   1.8554e-02   2.9232e+02
20260624_12:00:00   1.7004e-01   4.6276e+01   2.0636e+01   8.0342e-04   3.4197e-02   2.9253e+02
20260624_13:00:00   1.7164e-01   4.6623e+01   2.0988e+01   1.8784e-04   1.4110e-02   2.9450e+02
20260624_14:00:00   1.7153e-01   4.6574e+01   2.1105e+01   1.3632e-04   9.7139e-04   2.9602e+02
20260624_15:00:00   1.7287e-01   4.6893e+01   2.1204e+01   7.1098e-04   1.5752e-03   2.9672e+02
20260624_16:00:00   1.7360e-01   4.7055e+01   2.1126e+01   1.7546e-03   4.8926e-03   2.9584e+02
20260624_17:00:00   1.8336e-01   4.9259e+01   2.1271e+01   1.0698e-02   1.5037e-02   2.9539e+02
20260624_18:00:00   1.8188e-01   4.9175e+01   2.2072e+01   0.0000e+00   4.3985e-04   2.9270e+02
20260624_19:00:00   1.8643e-01   5.0314e+01   2.2693e+01   0.0000e+00   4.8793e-04   2.9220e+02
20260624_20:00:00   1.9722e-01   5.2894e+01   2.3969e+01   0.0000e+00   1.1117e-03   2.9346e+02
20260624_21:00:00   2.1057e-01   5.5935e+01   2.5574e+01   1.1588e-03   2.1776e-02   2.9375e+02
20260624_22:00:00   3.2666e-01   8.0082e+01   2.8042e+01   1.1308e-01   1.5340e-01   2.9181e+02
20260624_23:00:00   2.0872e-01   5.5350e+01   2.5844e+01   4.7420e-03   2.2756e-01   2.9020e+02
20260625_00:00:00   1.8238e-01   4.9315e+01   2.3170e+01   0.0000e+00   4.6253e-02   2.8935e+02
20260625_03:00:00   1.8816e-01   5.0842e+01   2.3023e+01   0.0000e+00   7.1160e-04   2.9127e+02
20260625_06:00:00   1.8586e-01   5.0523e+01   2.2202e+01   0.0000e+00   5.8823e-06   2.9246e+02
20260625_09:00:00   1.9077e-01   5.1561e+01   2.2661e+01   0.0000e+00   0.0000e+00   2.9199e+02
20260625_12:00:00   1.8179e-01   4.9494e+01   2.1216e+01   0.0000e+00   0.0000e+00   2.9276e+02
20260625_15:00:00   1.8487e-01   5.0187e+01   2.1535e+01   0.0000e+00   0.0000e+00   2.9303e+02
20260625_18:00:00   1.8646e-01   5.0635e+01   2.1605e+01   0.0000e+00   0.0000e+00   2.9209e+02
20260625_21:00:00   1.8656e-01   5.0571e+01   2.2322e+01   6.2060e-04   0.0000e+00   2.8954e+02
20260626_00:00:00   1.4861e-01   4.1646e+01   1.7524e+01   0.0000e+00   0.0000e+00   2.8734e+02
20260626_03:00:00   1.1971e-01   3.4387e+01   1.3740e+01   0.0000e+00   0.0000e+00   2.8851e+02
20260626_06:00:00   1.1546e-01   3.3256e+01   1.3074e+01   0.0000e+00   0.0000e+00   2.9139e+02
20260626_09:00:00   1.3910e-01   3.9003e+01   1.6051e+01   0.0000e+00   0.0000e+00   2.9300e+02
20260626_12:00:00   1.2768e-01   3.6225e+01   1.4353e+01   0.0000e+00   0.0000e+00   2.9214e+02
20260626_15:00:00   1.2323e-01   3.5131e+01   1.3669e+01   0.0000e+00   0.0000e+00   2.9188e+02
20260626_18:00:00   1.3350e-01   3.7745e+01   1.4829e+01   0.0000e+00   0.0000e+00   2.9072e+02
20260626_21:00:00   1.4497e-01   4.0612e+01   1.6464e+01   0.0000e+00   0.0000e+00   2.8968e+02
20260627_00:00:00   1.2956e-01   3.6875e+01   1.4431e+01   0.0000e+00   0.0000e+00   2.9306e+02
20260627_03:00:00   9.3839e-02   2.7768e+01   9.4197e+00   0.0000e+00   7.5380e-05   2.9205e+02
20260627_06:00:00   8.9068e-02   2.6509e+01   8.6512e+00   0.0000e+00   5.2461e-05   2.9459e+02
20260627_09:00:00   9.1173e-02   2.6987e+01   8.9901e+00   0.0000e+00   2.4540e-04   2.9332e+02
20260627_12:00:00   9.6294e-02   2.8267e+01   9.6585e+00   0.0000e+00   8.3580e-05   2.9111e+02
20260627_15:00:00   9.5570e-02   2.8116e+01   9.4531e+00   0.0000e+00   0.0000e+00   2.9257e+02
20260627_18:00:00   1.1911e-01   3.4215e+01   1.2264e+01   0.0000e+00   0.0000e+00   2.9278e+02
20260627_21:00:00   1.2526e-01   3.5802e+01   1.3404e+01   0.0000e+00   0.0000e+00   2.9049e+02
20260628_00:00:00   1.1380e-01   3.2943e+01   1.2080e+01   0.0000e+00   0.0000e+00   2.8833e+02
20260628_03:00:00   8.0790e-02   2.4346e+01   7.3966e+00   0.0000e+00   0.0000e+00   2.8976e+02
20260628_06:00:00   9.3434e-02   2.7611e+01   9.4223e+00   0.0000e+00   0.0000e+00   2.9268e+02
20260628_09:00:00   9.9976e-02   2.9142e+01   1.0523e+01   0.0000e+00   0.0000e+00   2.8925e+02
20260628_12:00:00   1.0136e-01   2.9495e+01   1.0641e+01   0.0000e+00   0.0000e+00   2.9206e+02
20260628_15:00:00   9.7222e-02   2.8419e+01   1.0062e+01   0.0000e+00   2.5200e-04   2.9018e+02
20260628_18:00:00   1.1557e-01   3.3191e+01   1.2271e+01   0.0000e+00   3.0280e-04   2.8723e+02
20260628_21:00:00   1.2729e-01   3.6216e+01   1.4001e+01   0.0000e+00   0.0000e+00   2.8745e+02
20260629_00:00:00   1.2929e-01   3.6732e+01   1.4546e+01   0.0000e+00   0.0000e+00   2.8873e+02
20260629_03:00:00   1.1513e-01   3.3235e+01   1.2415e+01   0.0000e+00   0.0000e+00   2.8943e+02
20260629_06:00:00   1.1191e-01   3.2393e+01   1.1973e+01   0.0000e+00   0.0000e+00   2.8855e+02
20260629_09:00:00   1.2238e-01   3.5003e+01   1.3207e+01   0.0000e+00   0.0000e+00   2.8802e+02
20260629_12:00:00   8.4734e-02   2.5206e+01   8.1873e+00   0.0000e+00   0.0000e+00   2.9127e+02
20260629_15:00:00   8.1557e-02   2.4379e+01   7.6433e+00   0.0000e+00   0.0000e+00   2.9419e+02
20260629_18:00:00   8.8653e-02   2.6267e+01   8.6096e+00   0.0000e+00   0.0000e+00   2.9401e+02
20260629_21:00:00   1.0189e-01   2.9740e+01   1.0723e+01   0.0000e+00   0.0000e+00   2.9522e+02
20260630_00:00:00   1.0328e-01   3.0149e+01   1.0921e+01   0.0000e+00   0.0000e+00   2.9600e+02
20260630_03:00:00   8.9975e-02   2.6733e+01   8.9004e+00   0.0000e+00   0.0000e+00   2.9729e+02
20260630_06:00:00   8.2879e-02   2.4810e+01   7.9338e+00   0.0000e+00   0.0000e+00   2.9900e+02
20260630_09:00:00   8.2601e-02   2.4678e+01   7.8818e+00   0.0000e+00   0.0000e+00   2.9554e+02
20260630_12:00:00   8.3701e-02   2.4968e+01   7.9277e+00   0.0000e+00   0.0000e+00   2.9627e+02
20260630_15:00:00   8.7767e-02   2.6028e+01   8.4759e+00   0.0000e+00   0.0000e+00   2.9239e+02
20260630_18:00:00   9.5163e-02   2.7980e+01   9.5029e+00   0.0000e+00   0.0000e+00   2.9348e+02
20260630_21:00:00   1.0247e-01   2.9902e+01   1.0708e+01   0.0000e+00   0.0000e+00   2.9016e+02
20260701_00:00:00   1.0956e-01   3.1758e+01   1.1778e+01   0.0000e+00   0.0000e+00   2.8907e+02
20260701_03:00:00   1.0414e-01   3.0460e+01   1.0834e+01   0.0000e+00   0.0000e+00   2.9080e+02
20260701_06:00:00   1.1189e-01   3.2302e+01   1.2366e+01   0.0000e+00   0.0000e+00   2.9388e+02
20260701_09:00:00   1.2509e-01   3.5530e+01   1.3925e+01   0.0000e+00   0.0000e+00   2.9300e+02
20260701_12:00:00   1.1206e-01   3.2236e+01   1.1928e+01   0.0000e+00   0.0000e+00   2.9405e+02
20260701_15:00:00   1.2326e-01   3.4971e+01   1.3493e+01   0.0000e+00   0.0000e+00   2.9272e+02
20260701_18:00:00   1.3906e-01   3.8753e+01   1.5527e+01   1.6380e-03   4.7760e-05   2.9481e+02
20260701_21:00:00   1.5171e-01   4.2108e+01   1.7174e+01   0.0000e+00   0.0000e+00   2.9365e+02
20260702_00:00:00   1.6786e-01   4.6107e+01   1.9102e+01   0.0000e+00   0.0000e+00   2.9586e+02
20260702_03:00:00   1.5969e-01   4.4338e+01   1.7828e+01   0.0000e+00   0.0000e+00   2.9211e+02
20260702_06:00:00   1.8017e-01   4.8948e+01   2.0562e+01   0.0000e+00   0.0000e+00   2.9125e+02
20260702_09:00:00   1.7208e-01   4.6920e+01   1.9624e+01   0.0000e+00   0.0000e+00   2.9392e+02
20260702_12:00:00   1.5103e-01   4.1888e+01   1.6886e+01   0.0000e+00   0.0000e+00   2.9285e+02
20260702_15:00:00   1.5313e-01   4.2249e+01   1.7298e+01   0.0000e+00   0.0000e+00   2.9718e+02
20260702_18:00:00   1.6243e-01   4.4549e+01   1.8482e+01   0.0000e+00   8.2310e-03   2.9542e+02
20260702_21:00:00   1.7535e-01   4.7678e+01   2.0386e+01   0.0000e+00   1.7476e-04   2.9278e+02
20260703_00:00:00   1.8230e-01   4.9278e+01   2.1675e+01   2.3720e-04   1.9803e-02   2.9156e+02
20260703_03:00:00   1.7788e-01   4.8373e+01   2.0801e+01   0.0000e+00   0.0000e+00   2.9323e+02
20260703_06:00:00   1.9746e-01   5.2592e+01   2.3558e+01   7.0180e-04   2.4722e-02   2.9230e+02
20260703_09:00:00   1.8758e-01   5.0109e+01   2.3080e+01   1.0296e-04   6.9296e-02   2.9036e+02
20260703_12:00:00   1.8907e-01   5.0232e+01   2.3335e+01   1.0166e-03   2.6426e-02   2.8903e+02
20260703_15:00:00   1.8675e-01   4.9643e+01   2.3017e+01   1.2003e-04   1.2076e-02   2.9087e+02
20260703_18:00:00   2.3947e-01   6.1321e+01   2.5843e+01   3.1160e-02   3.5869e-02   2.8989e+02
20260703_21:00:00   2.3829e-01   6.1260e+01   2.7123e+01   1.7614e-02   3.5324e-02   2.8986e+02
20260704_00:00:00   6.7157e-01   1.3638e+02   2.7451e+01   4.9802e-01   5.9284e-02   2.8996e+02
20260704_03:00:00   6.1260e-01   1.2798e+02   2.7547e+01   4.3216e-01   7.9070e-03   2.8957e+02
20260704_06:00:00   2.6378e-01   6.6640e+01   2.6545e+01   4.8822e-02   1.5027e-02   2.8819e+02
20260704_09:00:00   6.6173e-01   1.3488e+02   2.7160e+01   4.9010e-01   9.9536e-02   2.8782e+02
20260704_12:00:00   6.3386e-01   1.3082e+02   2.8220e+01   4.4201e-01   4.5974e-02   2.8943e+02
20260704_15:00:00   5.7511e-01   1.2216e+02   2.6849e+01   3.9033e-01   4.9855e-03   2.9098e+02
20260704_18:00:00   2.7897e-01   6.9690e+01   2.4889e+01   7.2508e-02   7.0350e-03   2.8968e+02
20260704_21:00:00   2.3459e-01   6.0915e+01   2.6479e+01   6.8743e-03   1.8588e-03   2.8924e+02
20260705_00:00:00   8.5675e-01   1.6146e+02   3.0769e+01   6.8155e-01   7.8206e-03   2.8717e+02
20260705_03:00:00   2.6636e-01   6.7573e+01   2.9543e+01   2.3660e-02   9.4966e-02   2.8815e+02
20260705_06:00:00   2.3191e-01   6.0251e+01   2.8234e+01   9.3883e-04   4.1501e-03   2.8798e+02
20260705_09:00:00   2.1830e-01   5.7032e+01   2.6873e+01   0.0000e+00   1.8260e-03   2.8824e+02
20260705_12:00:00   2.1488e-01   5.6253e+01   2.5941e+01   0.0000e+00   2.4476e-03   2.8975e+02
20260705_15:00:00   3.7123e-01   8.7721e+01   2.7064e+01   1.6798e-01   1.3515e-01   2.9270e+02
20260705_18:00:00   2.5388e-01   6.4480e+01   2.6897e+01   4.0044e-02   9.8231e-02   2.9135e+02
20260705_21:00:00   2.8925e-01   7.1626e+01   2.6833e+01   8.4425e-02   1.4007e-01   2.9032e+02
20260706_00:00:00   2.2606e-01   5.8769e+01   2.8251e+01   1.2194e-03   3.7786e-02   2.9278e+02
