#            date       tau255        Tb[K]      pwv[mm] lwp[kg*m^-2] iwp[kg*m^-2]       o3[DU]
20260724_06:00:00   2.0982e-01   5.6251e+01   2.5067e+01   0.0000e+00   8.8560e-05   2.9565e+02
20260724_07:00:00   2.1459e-01   5.7237e+01   2.5859e+01   0.0000e+00   2.7323e-04   2.9674e+02
20260724_08:00:00   2.0747e-01   5.5621e+01   2.5252e+01   0.0000e+00   1.2709e-04   2.9391e+02
20260724_09:00:00   2.0245e-01   5.4464e+01   2.4703e+01   0.0000e+00   9.0640e-04   2.9275e+02
20260724_10:00:00   2.0137e-01   5.4201e+01   2.4524e+01   0.0000e+00   0.0000e+00   2.9453e+02
20260724_11:00:00   2.0742e-01   5.5568e+01   2.5071e+01   0.0000e+00   0.0000e+00   2.9294e+02
20260724_12:00:00   2.1294e-01   5.6800e+01   2.5603e+01   0.0000e+00   0.0000e+00   2.9269e+02
20260724_13:00:00   2.1417e-01   5.7089e+01   2.5615e+01   0.0000e+00   0.0000e+00   2.9249e+02
20260724_14:00:00   2.1564e-01   5.7448e+01   2.5555e+01   0.0000e+00   0.0000e+00   2.9076e+02
20260724_15:00:00   2.1796e-01   5.7970e+01   2.5714e+01   0.0000e+00   0.0000e+00   2.9046e+02
20260724_16:00:00   2.1691e-01   5.7748e+01   2.5548e+01   0.0000e+00   0.0000e+00   2.9150e+02
20260724_17:00:00   2.1831e-01   5.8095e+01   2.5624e+01   0.0000e+00   0.0000e+00   2.9211e+02
20260724_18:00:00   2.1960e-01   5.8448e+01   2.5673e+01   0.0000e+00   0.0000e+00   2.9332e+02
20260724_19:00:00   2.2443e-01   5.9600e+01   2.6104e+01   0.0000e+00   0.0000e+00   2.9391e+02
20260724_20:00:00   2.2522e-01   5.9824e+01   2.6196e+01   0.0000e+00   0.0000e+00   2.9295e+02
20260724_21:00:00   2.2921e-01   6.0715e+01   2.6638e+01   1.2901e-03   0.0000e+00   2.9181e+02
20260724_22:00:00   2.2502e-01   5.9788e+01   2.6273e+01   2.0962e-03   3.9220e-06   2.9183e+02
20260724_23:00:00   2.7122e-01   6.9445e+01   2.5836e+01   6.1938e-02   3.2105e-03   2.9081e+02
20260725_00:00:00   3.6122e-01   8.7352e+01   2.8506e+01   1.4307e-01   9.7958e-02   2.8813e+02
20260725_01:00:00   3.6690e-01   8.8794e+01   3.0212e+01   1.3981e-01   1.1370e-01   2.9002e+02
20260725_02:00:00   2.7205e-01   6.9788e+01   2.9873e+01   3.8282e-02   1.3758e-01   2.9368e+02
20260725_03:00:00   2.3334e-01   6.1548e+01   2.8319e+01   0.0000e+00   6.5246e-05   2.9654e+02
20260725_04:00:00   2.3034e-01   6.0903e+01   2.7647e+01   0.0000e+00   6.4868e-02   2.9562e+02
20260725_05:00:00   2.2767e-01   6.0268e+01   2.7650e+01   4.3320e-04   4.2992e-02   2.9243e+02
20260725_06:00:00   2.3749e-01   6.2286e+01   2.7598e+01   1.7660e-02   8.4234e-03   2.9357e+02
20260725_07:00:00   2.2276e-01   5.9093e+01   2.7159e+01   4.1384e-03   7.0580e-06   2.9618e+02
20260725_08:00:00   2.2007e-01   5.8487e+01   2.6155e+01   7.1702e-03   1.1038e-05   2.9715e+02
20260725_09:00:00   2.1124e-01   5.6568e+01   2.4959e+01   2.8728e-03   1.7060e-05   2.9589e+02
20260725_10:00:00   2.0476e-01   5.5141e+01   2.4019e+01   0.0000e+00   0.0000e+00   2.9471e+02
20260725_11:00:00   2.0479e-01   5.5114e+01   2.4110e+01   0.0000e+00   0.0000e+00   2.9638e+02
20260725_12:00:00   2.1219e-01   5.6740e+01   2.4961e+01   0.0000e+00   0.0000e+00   2.9503e+02
20260725_13:00:00   2.1855e-01   5.8142e+01   2.5722e+01   0.0000e+00   0.0000e+00   2.9170e+02
20260725_14:00:00   2.2924e-01   6.0470e+01   2.6740e+01   2.0200e-03   2.4400e-05   2.8992e+02
20260725_15:00:00   2.2743e-01   6.0050e+01   2.6846e+01   0.0000e+00   0.0000e+00   2.8751e+02
20260725_16:00:00   2.2689e-01   5.9906e+01   2.7107e+01   0.0000e+00   0.0000e+00   2.8674e+02
20260725_17:00:00   2.2311e-01   5.9052e+01   2.6932e+01   0.0000e+00   0.0000e+00   2.8591e+02
20260725_18:00:00   2.2110e-01   5.8638e+01   2.6612e+01   0.0000e+00   0.0000e+00   2.8709e+02
20260725_19:00:00   2.2537e-01   5.9616e+01   2.7114e+01   0.0000e+00   0.0000e+00   2.8748e+02
20260725_20:00:00   2.2796e-01   6.0245e+01   2.7312e+01   0.0000e+00   0.0000e+00   2.8835e+02
20260725_21:00:00   2.2739e-01   6.0190e+01   2.7129e+01   0.0000e+00   0.0000e+00   2.8790e+02
20260725_22:00:00   2.3219e-01   6.1279e+01   2.7643e+01   0.0000e+00   0.0000e+00   2.8960e+02
20260725_23:00:00   2.2687e-01   6.0157e+01   2.7061e+01   0.0000e+00   0.0000e+00   2.9018e+02
20260726_00:00:00   2.3139e-01   6.1099e+01   2.7965e+01   0.0000e+00   1.6560e-03   2.9113e+02
20260726_01:00:00   3.7329e-01   8.9223e+01   3.1989e+01   1.2721e-01   1.5125e-01   2.8993e+02
20260726_02:00:00   2.4409e-01   6.3701e+01   2.9018e+01   1.0120e-02   8.9611e-02   2.9057e+02
20260726_03:00:00   2.7815e-01   7.0955e+01   2.8754e+01   4.5413e-02   1.1363e-02   2.9140e+02
20260726_04:00:00   2.4265e-01   6.3300e+01   2.7485e+01   1.7929e-02   7.7600e-03   2.9017e+02
20260726_05:00:00   2.4188e-01   6.3231e+01   2.8981e+01   2.5300e-03   1.2492e-01   2.9103e+02
20260726_06:00:00   2.5540e-01   6.6095e+01   3.0780e+01   0.0000e+00   2.6697e-02   2.9245e+02
20260726_07:00:00   2.2354e-01   5.9144e+01   2.7871e+01   0.0000e+00   1.0782e-02   2.9512e+02
20260726_08:00:00   2.1777e-01   5.7813e+01   2.7268e+01   0.0000e+00   3.6007e-02   2.9578e+02
20260726_09:00:00   2.2118e-01   5.8551e+01   2.7468e+01   0.0000e+00   4.3980e-04   2.9478e+02
20260726_10:00:00   2.2681e-01   5.9767e+01   2.8065e+01   0.0000e+00   1.3860e-04   2.9578e+02
20260726_11:00:00   2.4112e-01   6.2884e+01   2.9356e+01   0.0000e+00   0.0000e+00   2.9742e+02
20260726_12:00:00   2.4177e-01   6.3005e+01   2.9416e+01   0.0000e+00   7.5700e-06   2.9789e+02
20260726_13:00:00   2.4339e-01   6.3336e+01   2.9544e+01   0.0000e+00   4.3760e-05   2.9532e+02
20260726_14:00:00   2.4429e-01   6.3548e+01   2.9459e+01   0.0000e+00   1.8402e-04   2.9506e+02
20260726_15:00:00   2.4057e-01   6.2758e+01   2.8975e+01   0.0000e+00   1.3096e-04   2.9373e+02
20260726_16:00:00   2.3763e-01   6.2109e+01   2.8647e+01   0.0000e+00   0.0000e+00   2.9296e+02
20260726_17:00:00   2.3951e-01   6.2571e+01   2.8639e+01   0.0000e+00   0.0000e+00   2.9350e+02
20260726_18:00:00   2.4342e-01   6.3511e+01   2.8763e+01   0.0000e+00   0.0000e+00   2.9069e+02
20260726_19:00:00   2.4507e-01   6.3953e+01   2.8731e+01   0.0000e+00   0.0000e+00   2.8858e+02
20260726_20:00:00   2.4667e-01   6.4398e+01   2.8536e+01   0.0000e+00   0.0000e+00   2.8950e+02
20260726_21:00:00   2.4796e-01   6.4786e+01   2.8213e+01   1.3202e-03   0.0000e+00   2.8888e+02
20260726_22:00:00   2.7814e-01   7.1331e+01   2.7998e+01   3.6913e-02   0.0000e+00   2.8940e+02
20260726_23:00:00   3.5757e-01   8.7375e+01   2.7717e+01   1.3228e-01   1.5802e-22   2.8824e+02
20260727_00:00:00   3.9694e-01   9.4827e+01   2.8165e+01   1.7500e-01   1.5940e-05   2.8785e+02
20260727_01:00:00   4.8996e-01   1.1137e+02   2.8176e+01   2.8388e-01   0.0000e+00   2.8998e+02
20260727_02:00:00   4.2048e-01   9.9025e+01   2.7984e+01   2.0524e-01   6.4321e-02   2.9113e+02
20260727_03:00:00   3.0579e-01   7.6943e+01   2.7209e+01   7.8422e-02   1.0615e-01   2.8976e+02
20260727_04:00:00   2.3688e-01   6.2484e+01   2.6399e+01   3.5840e-03   1.2766e-02   2.9029e+02
20260727_05:00:00   2.4338e-01   6.3921e+01   2.6528e+01   9.4840e-03   2.3100e-04   2.9060e+02
20260727_06:00:00   2.2423e-01   5.9618e+01   2.5654e+01   0.0000e+00   1.1221e-03   2.9025e+02
20260727_07:00:00   2.2177e-01   5.9005e+01   2.5568e+01   0.0000e+00   2.4302e-03   2.9017e+02
20260727_08:00:00   2.2456e-01   5.9609e+01   2.5687e+01   0.0000e+00   7.6944e-03   2.8953e+02
20260727_09:00:00   2.2441e-01   5.9542e+01   2.5580e+01   0.0000e+00   8.6580e-03   2.8789e+02
20260727_10:00:00   2.2150e-01   5.8825e+01   2.5515e+01   0.0000e+00   1.2283e-02   2.8815e+02
20260727_11:00:00   2.2368e-01   5.9234e+01   2.6031e+01   0.0000e+00   1.7592e-02   2.8646e+02
20260727_12:00:00   2.2627e-01   5.9767e+01   2.6346e+01   0.0000e+00   1.8941e-02   2.8694e+02
20260727_13:00:00   2.2495e-01   5.9440e+01   2.6236e+01   0.0000e+00   6.2240e-02   2.8889e+02
20260727_14:00:00   2.2332e-01   5.9076e+01   2.6088e+01   0.0000e+00   5.5461e-04   2.9061e+02
20260727_15:00:00   2.2272e-01   5.8956e+01   2.5948e+01   0.0000e+00   0.0000e+00   2.9228e+02
20260727_16:00:00   2.2303e-01   5.9030e+01   2.5937e+01   0.0000e+00   1.6022e-06   2.9205e+02
20260727_17:00:00   2.3132e-01   6.0934e+01   2.6586e+01   0.0000e+00   1.8526e-05   2.9206e+02
20260727_18:00:00   2.4213e-01   6.3386e+01   2.7549e+01   0.0000e+00   1.0688e-03   2.9111e+02
20260727_19:00:00   2.4983e-01   6.5157e+01   2.8188e+01   8.0380e-05   1.9558e-03   2.9138e+02
20260727_20:00:00   2.6394e-01   6.8248e+01   2.9051e+01   7.3627e-03   5.1280e-04   2.9083e+02
20260727_21:00:00   3.2612e-01   8.1070e+01   2.9727e+01   7.5540e-02   2.1377e-04   2.9249e+02
20260727_22:00:00   4.1889e-01   9.8407e+01   2.9349e+01   1.9096e-01   9.8358e-05   2.9222e+02
20260727_23:00:00   4.4455e-01   1.0184e+02   2.9171e+01   2.3336e-01   2.3903e-01   2.9037e+02
20260728_00:00:00   2.8969e-01   7.3350e+01   2.9656e+01   4.5426e-02   6.2518e-01   2.8897e+02
20260728_01:00:00   2.8887e-01   7.3077e+01   2.8244e+01   6.1612e-02   5.2319e-01   2.8859e+02
20260728_02:00:00   2.5840e-01   6.6734e+01   2.8484e+01   2.6344e-02   3.9276e-01   2.9089e+02
20260728_03:00:00   3.2844e-01   8.0528e+01   3.0695e+01   8.2017e-02   4.9764e-01   2.9130e+02
20260728_04:00:00   2.4084e-01   6.2901e+01   2.9041e+01   0.0000e+00   3.4927e-01   2.9163e+02
20260728_05:00:00   2.6957e-01   6.8760e+01   3.2733e+01   0.0000e+00   6.3063e-01   2.8938e+02
20260728_06:00:00   3.1985e-01   7.8811e+01   3.3586e+01   4.8974e-02   4.9937e-01   2.8768e+02
20260728_07:00:00   2.4899e-01   6.4242e+01   3.1158e+01   0.0000e+00   4.8256e-01   2.8898e+02
20260728_08:00:00   2.5627e-01   6.5744e+01   3.1300e+01   8.9920e-03   2.1762e-01   2.8814e+02
20260728_09:00:00   2.8874e-01   7.2453e+01   3.2361e+01   3.3992e-02   1.0335e-01   2.8815e+02
20260728_10:00:00   4.1196e-01   9.5785e+01   3.2021e+01   1.7542e-01   7.6558e-02   2.8928e+02
20260728_11:00:00   4.8349e-01   1.0799e+02   3.1995e+01   2.5437e-01   7.5847e-02   2.8929e+02
20260728_12:00:00   3.1939e-01   7.8491e+01   3.2008e+01   6.7195e-02   2.7003e-02   2.9103e+02
20260728_13:00:00   2.6034e-01   6.6629e+01   3.1889e+01   3.2421e-04   3.1086e-03   2.9139e+02
20260728_14:00:00   2.5361e-01   6.5267e+01   3.1081e+01   0.0000e+00   1.0273e-03   2.9319e+02
20260728_15:00:00   2.5053e-01   6.4654e+01   3.0632e+01   0.0000e+00   7.3722e-04   2.9237e+02
20260728_16:00:00   2.5250e-01   6.5090e+01   3.0682e+01   0.0000e+00   1.3265e-03   2.9146e+02
20260728_17:00:00   2.5315e-01   6.5268e+01   3.0698e+01   0.0000e+00   2.5710e-03   2.9151e+02
20260728_18:00:00   2.5386e-01   6.5481e+01   3.0555e+01   0.0000e+00   4.6338e-03   2.9150e+02
20260728_19:00:00   2.5072e-01   6.4930e+01   2.9802e+01   0.0000e+00   3.7452e-03   2.9220e+02
20260728_20:00:00   2.4371e-01   6.3556e+01   2.8569e+01   0.0000e+00   1.3072e-04   2.9086e+02
20260728_21:00:00   2.4488e-01   6.3899e+01   2.8394e+01   0.0000e+00   0.0000e+00   2.8957e+02
20260728_22:00:00   2.3487e-01   6.1816e+01   2.7283e+01   0.0000e+00   0.0000e+00   2.8672e+02
20260728_23:00:00   2.2789e-01   6.0332e+01   2.6361e+01   0.0000e+00   0.0000e+00   2.8618e+02
20260729_00:00:00   2.1977e-01   5.8572e+01   2.5257e+01   0.0000e+00   0.0000e+00   2.8655e+02
20260729_01:00:00   2.1762e-01   5.8082e+01   2.4837e+01   6.9940e-04   0.0000e+00   2.8612e+02
20260729_02:00:00   2.1395e-01   5.7232e+01   2.4357e+01   0.0000e+00   0.0000e+00   2.8799e+02
20260729_03:00:00   2.0194e-01   5.4516e+01   2.2964e+01   0.0000e+00   0.0000e+00   2.8955e+02
20260729_04:00:00   1.9329e-01   5.2546e+01   2.2017e+01   0.0000e+00   0.0000e+00   2.9257e+02
20260729_05:00:00   2.0007e-01   5.4069e+01   2.2849e+01   0.0000e+00   0.0000e+00   2.9141e+02
20260729_06:00:00   1.8296e-01   5.0094e+01   2.1131e+01   0.0000e+00   0.0000e+00   2.9039e+02
20260729_09:00:00   2.0997e-01   5.6109e+01   2.4496e+01   0.0000e+00   1.9576e-03   2.8824e+02
20260729_12:00:00   2.1376e-01   5.6760e+01   2.5479e+01   0.0000e+00   1.7593e-01   2.8737e+02
20260729_15:00:00   2.1897e-01   5.7826e+01   2.6662e+01   0.0000e+00   9.2643e-02   2.9213e+02
20260729_18:00:00   2.4899e-01   6.4301e+01   2.9947e+01   6.5320e-03   1.7600e-02   2.9622e+02
20260729_21:00:00   2.6859e-01   6.9021e+01   3.1519e+01   8.6480e-04   5.7854e-03   2.9456e+02
20260730_00:00:00   3.5785e-01   8.7404e+01   3.2499e+01   9.5544e-02   2.5284e-03   2.8805e+02
20260730_03:00:00   2.3790e-01   6.2525e+01   2.8229e+01   0.0000e+00   0.0000e+00   2.8966e+02
20260730_06:00:00   2.4021e-01   6.2744e+01   2.9500e+01   0.0000e+00   1.6196e-01   2.8854e+02
20260730_09:00:00   2.4743e-01   6.4202e+01   3.0340e+01   0.0000e+00   1.7519e-01   2.9035e+02
20260730_12:00:00   2.5093e-01   6.4780e+01   3.1315e+01   0.0000e+00   1.3585e-01   2.8630e+02
20260730_15:00:00   2.5045e-01   6.4950e+01   2.9817e+01   0.0000e+00   1.1193e-02   2.9095e+02
20260730_18:00:00   2.4048e-01   6.3007e+01   2.8163e+01   0.0000e+00   0.0000e+00   2.8807e+02
20260730_21:00:00   2.5610e-01   6.6732e+01   2.8721e+01   1.0064e-03   0.0000e+00   2.8661e+02
20260731_00:00:00   2.5824e-01   6.7314e+01   2.8004e+01   7.5320e-03   0.0000e+00   2.8866e+02
20260731_03:00:00   2.4857e-01   6.5063e+01   2.8482e+01   3.1020e-04   7.4580e-05   2.8935e+02
20260731_06:00:00   2.2265e-01   5.9051e+01   2.6862e+01   0.0000e+00   2.7188e-01   2.9174e+02
20260731_09:00:00   2.5348e-01   6.5557e+01   3.0807e+01   2.1720e-03   4.3415e-01   2.9468e+02
20260731_12:00:00   2.5037e-01   6.4821e+01   3.1388e+01   0.0000e+00   1.3542e-01   2.9371e+02
20260731_15:00:00   2.3423e-01   6.1601e+01   2.7930e+01   0.0000e+00   8.6166e-03   2.9506e+02
20260731_18:00:00   2.1193e-01   5.6720e+01   2.4868e+01   0.0000e+00   8.2125e-05   2.9341e+02
20260731_21:00:00   1.9702e-01   5.3388e+01   2.3181e+01   0.0000e+00   0.0000e+00   2.9564e+02
20260801_00:00:00   1.9254e-01   5.2359e+01   2.3154e+01   0.0000e+00   4.7500e-04   2.9366e+02
20260801_03:00:00   1.8862e-01   5.1398e+01   2.2839e+01   0.0000e+00   1.0338e-02   2.9359e+02
20260801_06:00:00   1.6940e-01   4.6683e+01   2.1503e+01   0.0000e+00   4.2797e-03   2.9081e+02
20260801_09:00:00   2.0272e-01   5.4287e+01   2.5901e+01   0.0000e+00   1.7550e-02   2.9273e+02
20260801_12:00:00   2.1470e-01   5.7012e+01   2.7173e+01   0.0000e+00   8.7360e-04   2.9296e+02
20260801_15:00:00   2.1795e-01   5.7771e+01   2.7464e+01   0.0000e+00   3.9142e-03   2.9060e+02
20260801_18:00:00   2.2609e-01   5.9636e+01   2.8050e+01   0.0000e+00   3.4158e-03   2.8994e+02
20260801_21:00:00   2.3341e-01   6.1428e+01   2.8623e+01   0.0000e+00   2.1659e-03   2.8930e+02
20260802_00:00:00   2.1998e-01   5.8557e+01   2.7073e+01   0.0000e+00   1.7174e-03   2.8449e+02
20260802_03:00:00   2.2487e-01   5.9518e+01   2.7797e+01   0.0000e+00   1.2886e-04   2.8843e+02
20260802_06:00:00   2.2741e-01   6.0052e+01   2.8315e+01   0.0000e+00   9.1916e-03   2.8991e+02
20260802_09:00:00   2.9215e-01   7.3400e+01   3.1834e+01   4.0538e-02   1.7592e-02   2.8884e+02
20260802_12:00:00   2.4159e-01   6.2815e+01   3.0502e+01   0.0000e+00   1.1397e-01   2.8934e+02
20260802_15:00:00   2.3950e-01   6.2175e+01   3.0735e+01   0.0000e+00   2.3196e-01   2.8876e+02
20260802_18:00:00   2.5096e-01   6.4742e+01   3.1588e+01   0.0000e+00   3.9509e-02   2.8690e+02
20260802_21:00:00   2.7055e-01   6.9071e+01   3.3691e+01   9.8020e-06   3.2722e-03   2.8648e+02
20260803_00:00:00   2.6279e-01   6.7753e+01   3.2317e+01   0.0000e+00   7.4100e-06   2.8585e+02
20260803_03:00:00   2.5493e-01   6.6092e+01   3.1441e+01   0.0000e+00   1.7494e-04   2.8626e+02
20260803_06:00:00   2.4477e-01   6.3846e+01   3.0485e+01   0.0000e+00   1.5416e-03   2.8614e+02
20260803_09:00:00   2.8566e-01   7.2249e+01   3.4638e+01   4.3682e-03   2.3440e-01   2.8641e+02
20260803_12:00:00   2.7927e-01   7.0982e+01   3.4417e+01   0.0000e+00   4.1352e-02   2.8709e+02
20260803_15:00:00   2.9820e-01   7.4967e+01   3.5425e+01   0.0000e+00   5.1726e-02   2.8726e+02
20260803_18:00:00   2.9757e-01   7.4947e+01   3.4828e+01   2.3160e-05   6.2285e-02   2.8593e+02
20260803_21:00:00   3.9116e-01   9.3930e+01   3.5884e+01   9.8762e-02   3.7664e-02   2.8170e+02
20260804_00:00:00   2.8136e-01   7.1941e+01   3.2497e+01   1.3538e-04   2.2834e-02   2.8154e+02
20260804_03:00:00   3.0349e-01   7.5937e+01   3.5760e+01   3.3763e-03   7.1732e-01   2.8087e+02
20260804_06:00:00   2.4928e-01   6.4060e+01   3.1756e+01   3.5243e-05   5.8273e-01   2.8835e+02
20260804_09:00:00   2.6456e-01   6.7312e+01   3.3143e+01   9.5040e-05   1.5342e-01   2.8576e+02
20260804_12:00:00   2.9031e-01   7.2771e+01   3.4803e+01   6.0882e-03   5.5235e-02   2.8554e+02
20260804_15:00:00   2.8948e-01   7.2770e+01   3.4544e+01   0.0000e+00   5.8033e-03   2.8491e+02
20260804_18:00:00   3.0116e-01   7.5406e+01   3.3527e+01   1.4004e-02   1.8297e-03   2.8493e+02
20260804_21:00:00   4.9087e-01   1.1165e+02   3.5561e+01   2.2300e-01   5.1960e-05   2.8279e+02
20260805_00:00:00   4.1626e-01   9.8222e+01   3.4964e+01   1.3684e-01   4.6161e-05   2.8479e+02
20260805_03:00:00   4.3400e-01   1.0125e+02   3.4721e+01   1.5990e-01   8.5900e-05   2.8455e+02
20260805_06:00:00   2.8150e-01   7.1403e+01   3.2997e+01   0.0000e+00   6.3215e-03   2.8694e+02
20260805_09:00:00   2.8448e-01   7.1809e+01   3.3651e+01   0.0000e+00   3.2431e-03   2.8549e+02
20260805_12:00:00   2.9572e-01   7.3700e+01   3.4943e+01   3.7305e-03   1.2811e-01   2.8636e+02
20260805_15:00:00   2.8931e-01   7.2502e+01   3.4361e+01   1.2164e-03   1.1441e-02   2.8561e+02
20260805_18:00:00   3.4178e-01   8.3263e+01   3.6716e+01   3.6856e-02   1.6313e-01   2.8569e+02
20260805_21:00:00   3.8302e-01   9.1495e+01   3.7437e+01   7.8520e-02   2.3335e-01   2.8414e+02
20260806_00:00:00   3.6527e-01   8.7897e+01   3.6895e+01   5.9845e-02   8.0528e-03   2.8547e+02
20260806_03:00:00   4.1645e-01   9.7800e+01   3.6355e+01   1.2614e-01   2.6843e-03   2.8744e+02
20260806_06:00:00   3.0491e-01   7.5927e+01   3.4612e+01   1.3783e-02   1.6340e-02   2.8736e+02
20260806_09:00:00   3.1979e-01   7.8929e+01   3.5602e+01   2.0111e-02   1.1630e-02   2.9063e+02
20260806_12:00:00   4.7406e-01   1.0766e+02   3.7184e+01   1.8343e-01   4.4950e-02   2.8821e+02
20260806_15:00:00   4.4518e-01   1.0274e+02   3.7554e+01   1.4752e-01   7.1809e-02   2.8837e+02
20260806_18:00:00   5.3457e-01   1.1685e+02   3.7854e+01   2.4242e-01   1.0321e+00   2.8750e+02
20260806_21:00:00   4.9726e-01   1.1053e+02   3.6482e+01   2.1557e-01   4.9345e-01   2.8659e+02
20260807_00:00:00   5.3722e-01   1.1706e+02   3.6729e+01   2.6075e-01   1.6374e-01   2.8691e+02
20260807_03:00:00   3.3631e-01   8.1727e+01   3.5352e+01   4.5653e-02   7.2454e-02   2.8815e+02
20260807_06:00:00   3.0160e-01   7.4834e+01   3.4582e+01   1.2148e-02   9.6364e-04   2.8919e+02
20260807_09:00:00   3.4759e-01   8.3762e+01   3.4473e+01   6.1289e-02   3.7866e-03   2.8802e+02
20260807_12:00:00   3.4185e-01   8.2797e+01   3.3639e+01   6.2584e-02   4.0542e-04   2.8947e+02
20260807_15:00:00   2.8300e-01   7.1089e+01   3.2473e+01   5.8159e-03   8.1716e-06   2.8934e+02
20260807_18:00:00   2.6727e-01   6.7885e+01   3.0774e+01   4.6300e-04   1.9226e-06   2.8789e+02
20260807_21:00:00   3.3570e-01   8.2378e+01   2.9638e+01   9.3220e-02   0.0000e+00   2.8737e+02
20260808_00:00:00   2.4680e-01   6.3845e+01   2.7507e+01   6.7304e-03   0.0000e+00   2.8666e+02
20260808_03:00:00   2.2115e-01   5.8227e+01   2.5544e+01   0.0000e+00   0.0000e+00   2.8741e+02
20260808_06:00:00   2.2310e-01   5.8654e+01   2.5408e+01   0.0000e+00   7.0940e-04   2.8948e+02
20260808_09:00:00   2.2101e-01   5.8145e+01   2.4975e+01   0.0000e+00   0.0000e+00   2.8694e+02
20260808_12:00:00   2.2454e-01   5.8776e+01   2.5572e+01   0.0000e+00   0.0000e+00   2.8821e+02
20260808_15:00:00   1.9877e-01   5.3013e+01   2.3076e+01   0.0000e+00   0.0000e+00   2.8968e+02
20260808_18:00:00   2.1316e-01   5.6323e+01   2.4167e+01   0.0000e+00   0.0000e+00   2.9012e+02
20260808_21:00:00   2.5967e-01   6.6712e+01   2.6175e+01   3.0360e-02   0.0000e+00   2.9026e+02
20260809_00:00:00   1.0627e+00   1.8435e+02   2.9609e+01   9.3001e-01   3.4655e-02   2.8990e+02
20260809_03:00:00   1.0089e+00   1.7523e+02   3.3503e+01   8.2976e-01   1.1293e+00   2.8961e+02
20260809_06:00:00   2.3618e-01   6.0827e+01   2.7593e+01   1.4188e-02   2.2097e-01   2.9103e+02
