#            date       tau255        Tb[K]      pwv[mm] lwp[kg*m^-2] iwp[kg*m^-2]       o3[DU]
20260313_00:00:00   6.9166e-02   2.0845e+01   4.3841e+00   0.0000e+00   0.0000e+00   3.0044e+02
20260313_01:00:00   6.6779e-02   2.0215e+01   4.0470e+00   0.0000e+00   0.0000e+00   3.0000e+02
20260313_02:00:00   6.4485e-02   1.9604e+01   3.7187e+00   0.0000e+00   0.0000e+00   3.0085e+02
20260313_03:00:00   6.2566e-02   1.9090e+01   3.4695e+00   0.0000e+00   0.0000e+00   2.9884e+02
20260313_04:00:00   6.0725e-02   1.8595e+01   3.2290e+00   0.0000e+00   0.0000e+00   2.9570e+02
20260313_05:00:00   6.0014e-02   1.8401e+01   3.1402e+00   0.0000e+00   0.0000e+00   2.9533e+02
20260313_06:00:00   6.0639e-02   1.8556e+01   3.2624e+00   0.0000e+00   0.0000e+00   2.9338e+02
20260313_07:00:00   6.0974e-02   1.8635e+01   3.3271e+00   0.0000e+00   0.0000e+00   2.9200e+02
20260313_08:00:00   6.1414e-02   1.8740e+01   3.4176e+00   0.0000e+00   0.0000e+00   2.9266e+02
20260313_09:00:00   6.2415e-02   1.8985e+01   3.6082e+00   0.0000e+00   0.0000e+00   2.9120e+02
20260313_10:00:00   6.3007e-02   1.9125e+01   3.7347e+00   0.0000e+00   0.0000e+00   2.8916e+02
20260313_11:00:00   6.2678e-02   1.9037e+01   3.6833e+00   0.0000e+00   0.0000e+00   2.8742e+02
20260313_12:00:00   6.1869e-02   1.8818e+01   3.5681e+00   0.0000e+00   0.0000e+00   2.8589e+02
20260313_13:00:00   5.9847e-02   1.8305e+01   3.1833e+00   0.0000e+00   1.3802e-05   2.8437e+02
20260313_14:00:00   5.8462e-02   1.7962e+01   2.9001e+00   0.0000e+00   0.0000e+00   2.8774e+02
20260313_15:00:00   5.7873e-02   1.7808e+01   2.7816e+00   0.0000e+00   0.0000e+00   2.8915e+02
20260313_16:00:00   5.7512e-02   1.7703e+01   2.7479e+00   0.0000e+00   0.0000e+00   2.8796e+02
20260313_17:00:00   5.7258e-02   1.7626e+01   2.7224e+00   0.0000e+00   0.0000e+00   2.8775e+02
20260313_18:00:00   5.7857e-02   1.7784e+01   2.8287e+00   0.0000e+00   0.0000e+00   2.8744e+02
20260313_19:00:00   5.9920e-02   1.8331e+01   3.2045e+00   0.0000e+00   0.0000e+00   2.8703e+02
20260313_20:00:00   6.2463e-02   1.9007e+01   3.6530e+00   0.0000e+00   0.0000e+00   2.8840e+02
20260313_21:00:00   6.3327e-02   1.9235e+01   3.8595e+00   0.0000e+00   0.0000e+00   2.8890e+02
20260313_22:00:00   6.5437e-02   1.9785e+01   4.2509e+00   0.0000e+00   0.0000e+00   2.8808e+02
20260313_23:00:00   6.5776e-02   1.9867e+01   4.3505e+00   0.0000e+00   0.0000e+00   2.8911e+02
20260314_00:00:00   6.5109e-02   1.9691e+01   4.2791e+00   0.0000e+00   0.0000e+00   2.8907e+02
20260314_01:00:00   6.5106e-02   1.9690e+01   4.2826e+00   0.0000e+00   0.0000e+00   2.8999e+02
20260314_02:00:00   6.3236e-02   1.9201e+01   3.9792e+00   0.0000e+00   2.3900e-03   2.8997e+02
20260314_03:00:00   6.2154e-02   1.8924e+01   3.7843e+00   0.0000e+00   7.1849e-04   2.8761e+02
20260314_04:00:00   6.2271e-02   1.8944e+01   3.8327e+00   0.0000e+00   3.3643e-03   2.8696e+02
20260314_05:00:00   6.2920e-02   1.9079e+01   4.0307e+00   0.0000e+00   2.6896e-03   2.8762e+02
20260314_06:00:00   6.1087e-02   1.8607e+01   3.6214e+00   0.0000e+00   1.0184e-01   2.8813e+02
20260314_07:00:00   5.9774e-02   1.8300e+01   3.3535e+00   0.0000e+00   8.6324e-03   2.8943e+02
20260314_08:00:00   5.9885e-02   1.8307e+01   3.4033e+00   0.0000e+00   8.6758e-03   2.8987e+02
20260314_09:00:00   5.9773e-02   1.8278e+01   3.3611e+00   0.0000e+00   4.5987e-03   2.8874e+02
20260314_10:00:00   5.9155e-02   1.8116e+01   3.2362e+00   0.0000e+00   6.5192e-03   2.8832e+02
20260314_11:00:00   5.8166e-02   1.7869e+01   3.0257e+00   0.0000e+00   3.8572e-03   2.8814e+02
20260314_12:00:00   5.7880e-02   1.7795e+01   2.9486e+00   0.0000e+00   1.3094e-03   2.8832e+02
20260314_13:00:00   5.7058e-02   1.7582e+01   2.7892e+00   0.0000e+00   6.5720e-04   2.8979e+02
20260314_14:00:00   5.6091e-02   1.7320e+01   2.6262e+00   0.0000e+00   9.0944e-04   2.8942e+02
20260314_15:00:00   5.5140e-02   1.7064e+01   2.4512e+00   0.0000e+00   5.5051e-03   2.9109e+02
20260314_16:00:00   5.3918e-02   1.6744e+01   2.2168e+00   0.0000e+00   1.3524e-02   2.9175e+02
20260314_17:00:00   5.3596e-02   1.6626e+01   2.2500e+00   0.0000e+00   3.1621e-03   2.9007e+02
20260314_18:00:00   5.2919e-02   1.6468e+01   2.0701e+00   0.0000e+00   1.5346e-02   2.8940e+02
20260314_19:00:00   5.3722e-02   1.6677e+01   2.1922e+00   0.0000e+00   3.7584e-02   2.8750e+02
20260314_20:00:00   5.5435e-02   1.7110e+01   2.5329e+00   0.0000e+00   4.2566e-02   2.8633e+02
20260314_21:00:00   5.7683e-02   1.7692e+01   2.9541e+00   0.0000e+00   2.4022e-02   2.8557e+02
20260314_22:00:00   5.9461e-02   1.8146e+01   3.2526e+00   0.0000e+00   7.4851e-02   2.8693e+02
20260314_23:00:00   5.9982e-02   1.8319e+01   3.2593e+00   0.0000e+00   2.8608e-02   2.8907e+02
20260315_00:00:00   6.0413e-02   1.8413e+01   3.3537e+00   0.0000e+00   5.4515e-02   2.8900e+02
20260315_01:00:00   5.9181e-02   1.8035e+01   3.2430e+00   0.0000e+00   1.2911e-01   2.9079e+02
20260315_02:00:00   5.9275e-02   1.8001e+01   3.4299e+00   0.0000e+00   7.4876e-02   2.8994e+02
20260315_03:00:00   5.8622e-02   1.7797e+01   3.4015e+00   0.0000e+00   3.1851e-02   2.8944e+02
20260315_04:00:00   6.1040e-02   1.8395e+01   3.9042e+00   0.0000e+00   4.2700e-03   2.9013e+02
20260315_05:00:00   6.1765e-02   1.8598e+01   3.9908e+00   0.0000e+00   4.3987e-03   2.9169e+02
20260315_06:00:00   5.9796e-02   1.8151e+01   3.5610e+00   0.0000e+00   1.3181e-03   2.9299e+02
20260315_07:00:00   5.6717e-02   1.7423e+01   2.8061e+00   0.0000e+00   7.1844e-04   2.9243e+02
20260315_08:00:00   5.5624e-02   1.7169e+01   2.5138e+00   0.0000e+00   4.5161e-04   2.9002e+02
20260315_09:00:00   5.7291e-02   1.7608e+01   2.7647e+00   0.0000e+00   5.8661e-04   2.9190e+02
20260315_10:00:00   6.0423e-02   1.8427e+01   3.2856e+00   0.0000e+00   3.0504e-05   2.9262e+02
20260315_11:00:00   6.1046e-02   1.8601e+01   3.3726e+00   0.0000e+00   7.3420e-05   2.9602e+02
20260315_12:00:00   6.1377e-02   1.8688e+01   3.4141e+00   0.0000e+00   0.0000e+00   3.0304e+02
20260315_13:00:00   6.0595e-02   1.8490e+01   3.3140e+00   0.0000e+00   0.0000e+00   3.0362e+02
20260315_14:00:00   6.1248e-02   1.8652e+01   3.4229e+00   0.0000e+00   0.0000e+00   3.0349e+02
20260315_15:00:00   6.2716e-02   1.9034e+01   3.6733e+00   0.0000e+00   0.0000e+00   3.0260e+02
20260315_16:00:00   6.1888e-02   1.8799e+01   3.5609e+00   0.0000e+00   6.5060e-05   3.0239e+02
20260315_17:00:00   6.5080e-02   1.9603e+01   4.1433e+00   0.0000e+00   1.7978e-04   3.0181e+02
20260315_18:00:00   6.7950e-02   2.0317e+01   4.6958e+00   0.0000e+00   7.5700e-06   3.0127e+02
20260315_19:00:00   6.9107e-02   2.0627e+01   4.9141e+00   0.0000e+00   0.0000e+00   3.0471e+02
20260315_20:00:00   7.1135e-02   2.1161e+01   5.2568e+00   0.0000e+00   0.0000e+00   3.1008e+02
20260315_21:00:00   7.2522e-02   2.1519e+01   5.5232e+00   0.0000e+00   0.0000e+00   3.1330e+02
20260315_22:00:00   7.6339e-02   2.2492e+01   6.1921e+00   0.0000e+00   2.0400e-05   3.1692e+02
20260315_23:00:00   7.5234e-02   2.2200e+01   6.1492e+00   0.0000e+00   1.7954e-04   3.2301e+02
20260316_00:00:00   7.5231e-02   2.2194e+01   6.2076e+00   0.0000e+00   2.2724e-04   3.2347e+02
20260316_01:00:00   7.6895e-02   2.2621e+01   6.4774e+00   0.0000e+00   2.4106e-04   3.2221e+02
20260316_02:00:00   7.8415e-02   2.3017e+01   6.6617e+00   0.0000e+00   7.7219e-04   3.2743e+02
20260316_03:00:00   7.9419e-02   2.3275e+01   6.8617e+00   0.0000e+00   6.1766e-04   3.2961e+02
20260316_04:00:00   7.9917e-02   2.3385e+01   6.9828e+00   0.0000e+00   2.5761e-04   3.2937e+02
20260316_05:00:00   8.1165e-02   2.3700e+01   7.1981e+00   0.0000e+00   2.7301e-04   3.2987e+02
20260316_06:00:00   8.2836e-02   2.4106e+01   7.4599e+00   0.0000e+00   1.6764e-04   3.3123e+02
20260316_07:00:00   8.2319e-02   2.3959e+01   7.4032e+00   0.0000e+00   2.6629e-04   3.2978e+02
20260316_08:00:00   8.1177e-02   2.3666e+01   7.2614e+00   0.0000e+00   3.0761e-04   3.2658e+02
20260316_09:00:00   8.0775e-02   2.3552e+01   7.2425e+00   0.0000e+00   4.2078e-04   3.2588e+02
20260316_10:00:00   8.1005e-02   2.3601e+01   7.3071e+00   0.0000e+00   4.4027e-04   3.2446e+02
20260316_11:00:00   8.1033e-02   2.3625e+01   7.3112e+00   0.0000e+00   1.8870e-04   3.2607e+02
20260316_12:00:00   8.0944e-02   2.3618e+01   7.2786e+00   0.0000e+00   8.4096e-05   3.2686e+02
20260316_13:00:00   8.1139e-02   2.3673e+01   7.3699e+00   0.0000e+00   4.1431e-04   3.2673e+02
20260316_14:00:00   8.1616e-02   2.3796e+01   7.5264e+00   0.0000e+00   3.4124e-03   3.2687e+02
20260316_15:00:00   8.3246e-02   2.4216e+01   7.8580e+00   0.0000e+00   4.6238e-03   3.2558e+02
20260316_16:00:00   8.4531e-02   2.4544e+01   8.0873e+00   0.0000e+00   4.9743e-03   3.2636e+02
20260316_17:00:00   8.6375e-02   2.5025e+01   8.3602e+00   0.0000e+00   5.7730e-05   3.2393e+02
20260316_18:00:00   8.7882e-02   2.5443e+01   8.5715e+00   0.0000e+00   9.2680e-04   3.2375e+02
20260316_19:00:00   8.9464e-02   2.5871e+01   8.7790e+00   0.0000e+00   1.9400e-03   3.2148e+02
20260316_20:00:00   9.1022e-02   2.6289e+01   8.9570e+00   0.0000e+00   1.3014e-03   3.2004e+02
20260316_21:00:00   9.2651e-02   2.6733e+01   9.1594e+00   0.0000e+00   4.6220e-04   3.1946e+02
20260316_22:00:00   9.3389e-02   2.6951e+01   9.2547e+00   0.0000e+00   2.7440e-04   3.2113e+02
20260316_23:00:00   9.3216e-02   2.6899e+01   9.1982e+00   0.0000e+00   4.0440e-05   3.2289e+02
20260317_00:00:00   9.2918e-02   2.6838e+01   9.1673e+00   0.0000e+00   2.4537e-04   3.2297e+02
20260317_01:00:00   9.0386e-02   2.6237e+01   8.7339e+00   0.0000e+00   1.1782e-03   3.2297e+02
20260317_02:00:00   8.8244e-02   2.5711e+01   8.3438e+00   0.0000e+00   6.9301e-04   3.2193e+02
20260317_03:00:00   8.6018e-02   2.5157e+01   7.9658e+00   0.0000e+00   1.6656e-04   3.2281e+02
20260317_04:00:00   8.3042e-02   2.4403e+01   7.5049e+00   0.0000e+00   2.4160e-04   3.2341e+02
20260317_05:00:00   8.1262e-02   2.3952e+01   7.2352e+00   0.0000e+00   4.6740e-05   3.2271e+02
20260317_06:00:00   8.0741e-02   2.3825e+01   7.1657e+00   0.0000e+00   4.5860e-06   3.2050e+02
20260317_07:00:00   7.9900e-02   2.3613e+01   6.9833e+00   0.0000e+00   7.4720e-05   3.1788e+02
20260317_08:00:00   7.7900e-02   2.3101e+01   6.6672e+00   0.0000e+00   4.3360e-04   3.1618e+02
20260317_09:00:00   7.5910e-02   2.2607e+01   6.2873e+00   0.0000e+00   4.4262e-04   3.1514e+02
20260317_10:00:00   7.5251e-02   2.2445e+01   6.1809e+00   0.0000e+00   2.1360e-04   3.1297e+02
20260317_11:00:00   7.4002e-02   2.2122e+01   6.0309e+00   0.0000e+00   2.0260e-03   3.1164e+02
20260317_12:00:00   7.3204e-02   2.1916e+01   5.9270e+00   0.0000e+00   1.3662e-03   3.1068e+02
20260317_13:00:00   7.3238e-02   2.1929e+01   5.9715e+00   0.0000e+00   6.0520e-04   3.1052e+02
20260317_14:00:00   7.3806e-02   2.2075e+01   6.0539e+00   0.0000e+00   8.6280e-04   3.1094e+02
20260317_15:00:00   7.3405e-02   2.1963e+01   6.0332e+00   0.0000e+00   7.6480e-04   3.1139e+02
20260317_16:00:00   7.3636e-02   2.2014e+01   6.1374e+00   0.0000e+00   2.0900e-04   3.1140e+02
20260317_17:00:00   7.5827e-02   2.2559e+01   6.5804e+00   0.0000e+00   1.4802e-04   3.0989e+02
20260317_18:00:00   7.6352e-02   2.2690e+01   6.7249e+00   0.0000e+00   6.5107e-04   3.0788e+02
20260317_19:00:00   7.7580e-02   2.3008e+01   6.9342e+00   0.0000e+00   2.4625e-03   3.0466e+02
20260317_20:00:00   7.7502e-02   2.3044e+01   6.7382e+00   0.0000e+00   3.6975e-04   3.0144e+02
20260317_21:00:00   7.8269e-02   2.3271e+01   6.7838e+00   0.0000e+00   5.9047e-05   3.0012e+02
20260317_22:00:00   7.8308e-02   2.3325e+01   6.6935e+00   0.0000e+00   1.1474e-04   2.9986e+02
20260317_23:00:00   7.8652e-02   2.3441e+01   6.6782e+00   0.0000e+00   0.0000e+00   2.9887e+02
20260318_00:00:00   7.9029e-02   2.3551e+01   6.6960e+00   0.0000e+00   0.0000e+00   2.9914e+02
20260318_03:00:00   7.5735e-02   2.2775e+01   6.0026e+00   0.0000e+00   0.0000e+00   3.0289e+02
20260318_06:00:00   7.4395e-02   2.2462e+01   5.6810e+00   0.0000e+00   0.0000e+00   3.0181e+02
20260318_09:00:00   7.4549e-02   2.2510e+01   5.5927e+00   0.0000e+00   0.0000e+00   2.9950e+02
20260318_12:00:00   6.6541e-02   2.0389e+01   4.3736e+00   0.0000e+00   0.0000e+00   3.0027e+02
20260318_15:00:00   5.9409e-02   1.8484e+01   3.1794e+00   0.0000e+00   0.0000e+00   3.0119e+02
20260318_18:00:00   6.3610e-02   1.9619e+01   3.7954e+00   0.0000e+00   0.0000e+00   3.0163e+02
20260318_21:00:00   6.7727e-02   2.0724e+01   4.4642e+00   0.0000e+00   0.0000e+00   3.0016e+02
20260319_00:00:00   6.5162e-02   2.0051e+01   4.0851e+00   0.0000e+00   0.0000e+00   3.0053e+02
20260319_03:00:00   6.1504e-02   1.9066e+01   3.5389e+00   0.0000e+00   0.0000e+00   3.0076e+02
20260319_06:00:00   6.0064e-02   1.8656e+01   3.4530e+00   0.0000e+00   0.0000e+00   3.0000e+02
20260319_09:00:00   6.3497e-02   1.9587e+01   4.0000e+00   0.0000e+00   0.0000e+00   2.9772e+02
20260319_12:00:00   6.3366e-02   1.9553e+01   3.9308e+00   0.0000e+00   0.0000e+00   2.9751e+02
20260319_15:00:00   6.4287e-02   1.9805e+01   4.0645e+00   0.0000e+00   0.0000e+00   2.9774e+02
20260319_18:00:00   6.3568e-02   1.9606e+01   3.9859e+00   0.0000e+00   0.0000e+00   2.9422e+02
20260319_21:00:00   6.5619e-02   2.0155e+01   4.3867e+00   0.0000e+00   0.0000e+00   2.9294e+02
20260320_00:00:00   6.6012e-02   2.0280e+01   4.4872e+00   0.0000e+00   0.0000e+00   2.9482e+02
20260320_03:00:00   5.8426e-02   1.8235e+01   3.2219e+00   0.0000e+00   0.0000e+00   2.9596e+02
20260320_06:00:00   5.9588e-02   1.8544e+01   3.4696e+00   0.0000e+00   0.0000e+00   2.9327e+02
20260320_09:00:00   6.0379e-02   1.8739e+01   3.5936e+00   0.0000e+00   0.0000e+00   2.8931e+02
20260320_12:00:00   5.8771e-02   1.8299e+01   3.2913e+00   0.0000e+00   0.0000e+00   2.9176e+02
20260320_15:00:00   5.5494e-02   1.7411e+01   2.6831e+00   0.0000e+00   0.0000e+00   2.9390e+02
20260320_18:00:00   5.5964e-02   1.7536e+01   2.7461e+00   0.0000e+00   0.0000e+00   2.9347e+02
20260320_21:00:00   6.2556e-02   1.9332e+01   3.9043e+00   0.0000e+00   0.0000e+00   2.9136e+02
20260321_00:00:00   6.4350e-02   1.9822e+01   4.2512e+00   0.0000e+00   0.0000e+00   2.8947e+02
20260321_03:00:00   6.0742e-02   1.8872e+01   3.5569e+00   0.0000e+00   0.0000e+00   2.9017e+02
20260321_06:00:00   6.0363e-02   1.8756e+01   3.4868e+00   0.0000e+00   0.0000e+00   2.8808e+02
20260321_09:00:00   6.1350e-02   1.8992e+01   3.6710e+00   0.0000e+00   0.0000e+00   2.8546e+02
20260321_12:00:00   6.2061e-02   1.9161e+01   3.8116e+00   0.0000e+00   0.0000e+00   2.8995e+02
20260321_15:00:00   6.3196e-02   1.9455e+01   3.9890e+00   0.0000e+00   0.0000e+00   2.8934e+02
20260321_18:00:00   6.5620e-02   2.0085e+01   4.4060e+00   0.0000e+00   0.0000e+00   2.9104e+02
20260321_21:00:00   7.0024e-02   2.1243e+01   5.2306e+00   0.0000e+00   0.0000e+00   2.9213e+02
20260322_00:00:00   7.1788e-02   2.1705e+01   5.5788e+00   0.0000e+00   0.0000e+00   2.9594e+02
20260322_03:00:00   6.9526e-02   2.1114e+01   5.1339e+00   0.0000e+00   0.0000e+00   2.9817e+02
20260322_06:00:00   6.9996e-02   2.1205e+01   5.2133e+00   0.0000e+00   0.0000e+00   2.9860e+02
20260322_09:00:00   7.1642e-02   2.1594e+01   5.5277e+00   0.0000e+00   0.0000e+00   2.9940e+02
20260322_12:00:00   7.2447e-02   2.1760e+01   5.6786e+00   0.0000e+00   0.0000e+00   2.9630e+02
20260322_15:00:00   7.4612e-02   2.2287e+01   6.0346e+00   0.0000e+00   0.0000e+00   3.0268e+02
20260322_18:00:00   7.6504e-02   2.2769e+01   6.2863e+00   0.0000e+00   0.0000e+00   3.0168e+02
20260322_21:00:00   8.7063e-02   2.5450e+01   8.0027e+00   0.0000e+00   0.0000e+00   3.0424e+02
20260323_00:00:00   9.5272e-02   2.7531e+01   9.2547e+00   0.0000e+00   0.0000e+00   3.0770e+02
20260323_03:00:00   9.3230e-02   2.6920e+01   8.9705e+00   0.0000e+00   0.0000e+00   3.1278e+02
20260323_06:00:00   9.3288e-02   2.6706e+01   9.0616e+00   8.3360e-05   7.5188e-03   3.1094e+02
20260323_09:00:00   9.7708e-02   2.7640e+01   9.8280e+00   0.0000e+00   6.6706e-02   3.1026e+02
20260323_12:00:00   1.0044e-01   2.8264e+01   1.0070e+01   0.0000e+00   2.2011e-01   3.1302e+02
20260323_15:00:00   8.4554e-02   2.4376e+01   7.4418e+00   0.0000e+00   1.5839e-02   3.2492e+02
20260323_18:00:00   9.4870e-02   2.7167e+01   8.5269e+00   0.0000e+00   0.0000e+00   3.2317e+02
20260323_21:00:00   1.0822e-01   3.0542e+01   1.0115e+01   0.0000e+00   1.0088e-02   3.2540e+02
20260324_00:00:00   1.0279e-01   2.9239e+01   9.2493e+00   0.0000e+00   2.7618e-06   3.2463e+02
20260324_03:00:00   7.7842e-02   2.2905e+01   5.9706e+00   0.0000e+00   3.4329e-04   3.2336e+02
20260324_06:00:00   6.3508e-02   1.9130e+01   3.9991e+00   0.0000e+00   5.5472e-03   3.2352e+02
20260324_09:00:00   6.3407e-02   1.9047e+01   4.0419e+00   0.0000e+00   8.7862e-03   3.2028e+02
20260324_12:00:00   6.5819e-02   1.9612e+01   4.4980e+00   0.0000e+00   2.4997e-02   3.2096e+02
20260324_15:00:00   5.8367e-02   1.7671e+01   3.3416e+00   0.0000e+00   2.1296e-04   3.1664e+02
20260324_18:00:00   8.4312e-02   2.4228e+01   7.5899e+00   0.0000e+00   6.8105e-03   3.1131e+02
20260324_21:00:00   1.0991e-01   3.0569e+01   1.1687e+01   2.1960e-04   1.3916e-02   3.0541e+02
20260325_00:00:00   9.3193e-02   2.6491e+01   9.2303e+00   0.0000e+00   3.4680e-02   3.0424e+02
20260325_03:00:00   8.8779e-02   2.5240e+01   8.7451e+00   0.0000e+00   1.0114e-01   3.0338e+02
20260325_06:00:00   9.4851e-02   2.6694e+01   9.6962e+00   0.0000e+00   1.7959e-02   3.0223e+02
20260325_09:00:00   1.0716e-01   2.9610e+01   1.1535e+01   0.0000e+00   1.5018e-01   3.0155e+02
20260325_12:00:00   1.5428e-01   4.0875e+01   1.5456e+01   1.9324e-02   2.9603e-02   2.9912e+02
20260325_15:00:00   1.5217e-01   4.0468e+01   1.7454e+01   0.0000e+00   5.6005e-03   2.9877e+02
20260325_18:00:00   1.3144e-01   3.5494e+01   1.4795e+01   0.0000e+00   5.1995e-02   2.9649e+02
20260325_21:00:00   1.5819e-01   4.1757e+01   1.7744e+01   0.0000e+00   3.1207e-01   2.9559e+02
20260326_00:00:00   1.4939e-01   3.9603e+01   1.6435e+01   6.5743e-04   3.2820e-01   2.9791e+02
20260326_03:00:00   1.1400e-01   3.1466e+01   9.9259e+00   5.3357e-03   3.0354e-02   3.0522e+02
20260326_06:00:00   9.1190e-02   2.5913e+01   6.6100e+00   0.0000e+00   1.5210e-02   3.1247e+02
20260326_09:00:00   5.4898e-02   1.6737e+01   1.7807e+00   0.0000e+00   3.4496e-03   3.2339e+02
20260326_12:00:00   6.0408e-02   1.8096e+01   2.4740e+00   0.0000e+00   0.0000e+00   3.3569e+02
20260326_15:00:00   5.6471e-02   1.7071e+01   1.9073e+00   0.0000e+00   0.0000e+00   3.3659e+02
20260326_18:00:00   5.7172e-02   1.7244e+01   1.9361e+00   0.0000e+00   0.0000e+00   3.3981e+02
20260326_21:00:00   5.6363e-02   1.7043e+01   1.9231e+00   0.0000e+00   0.0000e+00   3.4301e+02
20260327_00:00:00   5.7100e-02   1.7250e+01   2.0365e+00   0.0000e+00   0.0000e+00   3.4517e+02
20260327_03:00:00   5.4342e-02   1.6545e+01   1.6080e+00   0.0000e+00   0.0000e+00   3.4849e+02
20260327_06:00:00   5.8481e-02   1.7572e+01   2.2524e+00   0.0000e+00   0.0000e+00   3.4784e+02
20260327_09:00:00   6.2239e-02   1.8491e+01   2.8153e+00   0.0000e+00   0.0000e+00   3.4295e+02
20260327_12:00:00   5.9537e-02   1.7783e+01   2.3308e+00   0.0000e+00   0.0000e+00   3.5111e+02
20260327_15:00:00   5.5611e-02   1.6764e+01   1.6731e+00   0.0000e+00   0.0000e+00   3.4797e+02
20260327_18:00:00   6.1551e-02   1.8241e+01   2.6186e+00   0.0000e+00   0.0000e+00   3.4677e+02
20260327_21:00:00   6.7366e-02   1.9718e+01   3.5046e+00   0.0000e+00   0.0000e+00   3.4631e+02
20260328_00:00:00   6.8863e-02   2.0137e+01   3.8777e+00   0.0000e+00   0.0000e+00   3.3856e+02
20260328_03:00:00   6.9248e-02   2.0254e+01   3.9407e+00   0.0000e+00   0.0000e+00   3.4090e+02
20260328_06:00:00   6.8182e-02   1.9993e+01   3.7364e+00   0.0000e+00   0.0000e+00   3.3904e+02
20260328_09:00:00   6.5778e-02   1.9396e+01   3.3411e+00   0.0000e+00   0.0000e+00   3.3253e+02
20260328_12:00:00   6.1094e-02   1.8228e+01   2.6431e+00   0.0000e+00   0.0000e+00   3.2247e+02
20260328_15:00:00   6.1141e-02   1.8259e+01   2.6237e+00   0.0000e+00   0.0000e+00   3.2108e+02
20260328_18:00:00   6.0628e-02   1.8174e+01   2.5304e+00   0.0000e+00   0.0000e+00   3.1989e+02
20260328_21:00:00   6.3205e-02   1.8859e+01   2.9732e+00   0.0000e+00   0.0000e+00   3.1592e+02
20260329_00:00:00   6.7005e-02   1.9845e+01   3.7028e+00   0.0000e+00   0.0000e+00   3.1436e+02
