#            date       tau255        Tb[K]      pwv[mm] lwp[kg*m^-2] iwp[kg*m^-2]       o3[DU]
20260119_12:00:00   5.6097e-02   1.7161e+01   2.5628e+00   0.0000e+00   9.1618e-03   2.8792e+02
20260119_13:00:00   5.6386e-02   1.7220e+01   2.6598e+00   0.0000e+00   7.0543e-03   2.9026e+02
20260119_14:00:00   5.8122e-02   1.7634e+01   3.0264e+00   0.0000e+00   1.7562e-03   2.9333e+02
20260119_15:00:00   6.1277e-02   1.8401e+01   3.6588e+00   0.0000e+00   1.4306e-03   2.9621e+02
20260119_16:00:00   7.0053e-02   2.0571e+01   5.2316e+00   0.0000e+00   4.3720e-03   2.9766e+02
20260119_17:00:00   7.6930e-02   2.2276e+01   6.3724e+00   0.0000e+00   4.4939e-03   2.9489e+02
20260119_18:00:00   7.7530e-02   2.2427e+01   6.4512e+00   0.0000e+00   5.8517e-03   2.9125e+02
20260119_19:00:00   7.6826e-02   2.2262e+01   6.3069e+00   0.0000e+00   1.2321e-03   2.9218e+02
20260119_20:00:00   7.5606e-02   2.1975e+01   6.1267e+00   0.0000e+00   1.0787e-02   2.9242e+02
20260119_21:00:00   7.4301e-02   2.1655e+01   5.8892e+00   0.0000e+00   8.4860e-03   2.9284e+02
20260119_22:00:00   7.5011e-02   2.1837e+01   5.9668e+00   0.0000e+00   2.6308e-03   2.9185e+02
20260119_23:00:00   7.4720e-02   2.1790e+01   5.8739e+00   0.0000e+00   7.5840e-03   2.8972e+02
20260120_00:00:00   7.4451e-02   2.1727e+01   5.7914e+00   0.0000e+00   6.6579e-03   2.8896e+02
20260120_01:00:00   7.4013e-02   2.1612e+01   5.7007e+00   0.0000e+00   1.8364e-03   2.9014e+02
20260120_02:00:00   7.3317e-02   2.1429e+01   5.5702e+00   0.0000e+00   2.1001e-03   2.9111e+02
20260120_03:00:00   7.3136e-02   2.1380e+01   5.5109e+00   0.0000e+00   2.6656e-03   2.9252e+02
20260120_04:00:00   7.2110e-02   2.1119e+01   5.3840e+00   0.0000e+00   9.4639e-04   2.9404e+02
20260120_05:00:00   7.2166e-02   2.1132e+01   5.4083e+00   0.0000e+00   4.4834e-03   2.9758e+02
20260120_06:00:00   7.2385e-02   2.1176e+01   5.4339e+00   0.0000e+00   2.4704e-03   2.9354e+02
20260120_07:00:00   7.1371e-02   2.0927e+01   5.2554e+00   0.0000e+00   4.0144e-03   2.9031e+02
20260120_08:00:00   6.9933e-02   2.0577e+01   4.9616e+00   0.0000e+00   2.8144e-03   2.9046e+02
20260120_09:00:00   6.8432e-02   2.0223e+01   4.6658e+00   0.0000e+00   4.8555e-03   2.9002e+02
20260120_10:00:00   6.6719e-02   1.9816e+01   4.3316e+00   0.0000e+00   4.2059e-03   2.8782e+02
20260120_11:00:00   6.4809e-02   1.9346e+01   3.9722e+00   0.0000e+00   5.2896e-03   2.8501e+02
20260120_12:00:00   6.2835e-02   1.8858e+01   3.6034e+00   0.0000e+00   3.7207e-03   2.8285e+02
20260120_13:00:00   6.0592e-02   1.8293e+01   3.1852e+00   0.0000e+00   3.9249e-03   2.8211e+02
20260120_14:00:00   5.8558e-02   1.7779e+01   2.7824e+00   0.0000e+00   4.1520e-03   2.8188e+02
20260120_15:00:00   5.7012e-02   1.7385e+01   2.4865e+00   0.0000e+00   5.7701e-03   2.8174e+02
20260120_16:00:00   5.6114e-02   1.7154e+01   2.3176e+00   0.0000e+00   4.5660e-03   2.8159e+02
20260120_17:00:00   5.5360e-02   1.6964e+01   2.1760e+00   0.0000e+00   2.0762e-03   2.8242e+02
20260120_18:00:00   5.5271e-02   1.6940e+01   2.1501e+00   0.0000e+00   1.2554e-04   2.8505e+02
20260120_19:00:00   5.5234e-02   1.6923e+01   2.1524e+00   0.0000e+00   1.8526e-05   2.8473e+02
20260120_20:00:00   5.6000e-02   1.7109e+01   2.2898e+00   0.0000e+00   1.0072e-04   2.8247e+02
20260120_21:00:00   5.6780e-02   1.7312e+01   2.4225e+00   0.0000e+00   2.0218e-04   2.8005e+02
20260120_22:00:00   5.7239e-02   1.7440e+01   2.4821e+00   0.0000e+00   1.1224e-05   2.8117e+02
20260120_23:00:00   5.7538e-02   1.7521e+01   2.5342e+00   0.0000e+00   0.0000e+00   2.8249e+02
20260121_00:00:00   5.7578e-02   1.7528e+01   2.5776e+00   0.0000e+00   0.0000e+00   2.8303e+02
20260121_01:00:00   5.7573e-02   1.7526e+01   2.5842e+00   0.0000e+00   0.0000e+00   2.8237e+02
20260121_02:00:00   5.7666e-02   1.7543e+01   2.6226e+00   0.0000e+00   0.0000e+00   2.8287e+02
20260121_03:00:00   5.7735e-02   1.7554e+01   2.6454e+00   0.0000e+00   0.0000e+00   2.8310e+02
20260121_04:00:00   5.7618e-02   1.7511e+01   2.6924e+00   0.0000e+00   3.3665e-05   2.8424e+02
20260121_05:00:00   5.8090e-02   1.7627e+01   2.8162e+00   0.0000e+00   0.0000e+00   2.8311e+02
20260121_06:00:00   5.8529e-02   1.7741e+01   2.8979e+00   0.0000e+00   0.0000e+00   2.8133e+02
20260121_07:00:00   5.8159e-02   1.7644e+01   2.8419e+00   0.0000e+00   0.0000e+00   2.8237e+02
20260121_08:00:00   5.8512e-02   1.7732e+01   2.9092e+00   0.0000e+00   0.0000e+00   2.8409e+02
20260121_09:00:00   5.8828e-02   1.7807e+01   2.9654e+00   0.0000e+00   0.0000e+00   2.8542e+02
20260121_10:00:00   5.8670e-02   1.7763e+01   2.9540e+00   0.0000e+00   2.3600e-05   2.8509e+02
20260121_11:00:00   5.8964e-02   1.7832e+01   3.0247e+00   0.0000e+00   7.1710e-04   2.8393e+02
20260121_12:00:00   5.8981e-02   1.7824e+01   3.0838e+00   0.0000e+00   2.8559e-03   2.8352e+02
20260121_13:00:00   5.9016e-02   1.7843e+01   3.1017e+00   0.0000e+00   5.3184e-04   2.8384e+02
20260121_14:00:00   5.9559e-02   1.7979e+01   3.1730e+00   0.0000e+00   0.0000e+00   2.8228e+02
20260121_15:00:00   5.9478e-02   1.7956e+01   3.1413e+00   0.0000e+00   0.0000e+00   2.8091e+02
20260121_16:00:00   5.9831e-02   1.8045e+01   3.2005e+00   0.0000e+00   1.3978e-05   2.8123e+02
20260121_17:00:00   5.9299e-02   1.7922e+01   3.1287e+00   0.0000e+00   6.9980e-04   2.8140e+02
20260121_18:00:00   5.8836e-02   1.7813e+01   3.0584e+00   0.0000e+00   9.0300e-04   2.8055e+02
20260121_19:00:00   5.8701e-02   1.7783e+01   2.9925e+00   0.0000e+00   2.6957e-03   2.7995e+02
20260121_20:00:00   5.9290e-02   1.7935e+01   3.0631e+00   0.0000e+00   2.4389e-03   2.7899e+02
20260121_21:00:00   6.0510e-02   1.8256e+01   3.2688e+00   0.0000e+00   3.4985e-03   2.7753e+02
20260121_22:00:00   6.1993e-02   1.8633e+01   3.5135e+00   0.0000e+00   3.2660e-03   2.7715e+02
20260121_23:00:00   6.3151e-02   1.8919e+01   3.7410e+00   0.0000e+00   3.1653e-03   2.7784e+02
20260122_00:00:00   6.3757e-02   1.9065e+01   3.9036e+00   0.0000e+00   2.4715e-03   2.7756e+02
20260122_01:00:00   6.4481e-02   1.9240e+01   4.0978e+00   0.0000e+00   5.1230e-03   2.7684e+02
20260122_02:00:00   6.4729e-02   1.9301e+01   4.1641e+00   0.0000e+00   3.9569e-03   2.7626e+02
20260122_03:00:00   6.5925e-02   1.9580e+01   4.4518e+00   0.0000e+00   2.8292e-03   2.7562e+02
20260122_04:00:00   6.6849e-02   1.9800e+01   4.6346e+00   0.0000e+00   9.4108e-03   2.7572e+02
20260122_05:00:00   6.6936e-02   1.9821e+01   4.6437e+00   0.0000e+00   1.4992e-02   2.7545e+02
20260122_06:00:00   6.8182e-02   2.0115e+01   4.9033e+00   0.0000e+00   3.2861e-03   2.7435e+02
20260122_07:00:00   6.8923e-02   2.0271e+01   5.0647e+00   0.0000e+00   5.1086e-03   2.7440e+02
20260122_08:00:00   7.0065e-02   2.0530e+01   5.3118e+00   0.0000e+00   9.9375e-03   2.7388e+02
20260122_09:00:00   7.3953e-02   2.1451e+01   5.9546e+00   0.0000e+00   2.4272e-02   2.7185e+02
20260122_10:00:00   7.5551e-02   2.1863e+01   6.2749e+00   0.0000e+00   9.4954e-03   2.7135e+02
20260122_11:00:00   8.0197e-02   2.3001e+01   7.0644e+00   0.0000e+00   2.0442e-02   2.7225e+02
20260122_12:00:00   8.2574e-02   2.3574e+01   7.4331e+00   0.0000e+00   4.3746e-02   2.7420e+02
20260122_13:00:00   8.5528e-02   2.4287e+01   7.9144e+00   0.0000e+00   4.6431e-02   2.7328e+02
20260122_14:00:00   8.6942e-02   2.4623e+01   8.0610e+00   0.0000e+00   1.3514e-01   2.7068e+02
20260122_15:00:00   8.5387e-02   2.4247e+01   7.7933e+00   0.0000e+00   5.0171e-02   2.6898e+02
20260122_16:00:00   8.9289e-02   2.5174e+01   8.4283e+00   0.0000e+00   5.0752e-02   2.6785e+02
20260122_17:00:00   9.0599e-02   2.5487e+01   8.5772e+00   0.0000e+00   9.1721e-02   2.6837e+02
20260122_18:00:00   8.9675e-02   2.5270e+01   8.4331e+00   0.0000e+00   1.0428e-01   2.6867e+02
20260122_19:00:00   9.2181e-02   2.5880e+01   8.7765e+00   0.0000e+00   1.4015e-01   2.6912e+02
20260122_20:00:00   9.7903e-02   2.7269e+01   9.6229e+00   0.0000e+00   6.3655e-02   2.6894e+02
20260122_21:00:00   1.0426e-01   2.8807e+01   1.0479e+01   0.0000e+00   1.2260e-01   2.6848e+02
20260122_22:00:00   1.1068e-01   3.0359e+01   1.1379e+01   0.0000e+00   7.7650e-02   2.6875e+02
20260122_23:00:00   1.1557e-01   3.1528e+01   1.1937e+01   0.0000e+00   2.3492e-01   2.7066e+02
20260123_00:00:00   1.1948e-01   3.2472e+01   1.2418e+01   0.0000e+00   1.7152e-01   2.7111e+02
20260123_01:00:00   1.1646e-01   3.1798e+01   1.1905e+01   0.0000e+00   4.2539e-02   2.7138e+02
20260123_02:00:00   1.0920e-01   3.0069e+01   1.0481e+01   2.8800e-03   9.0146e-03   2.7215e+02
20260123_03:00:00   1.0803e-01   2.9854e+01   9.9781e+00   3.7562e-03   6.4969e-03   2.7307e+02
20260123_04:00:00   1.0357e-01   2.8860e+01   9.5687e+00   0.0000e+00   3.0065e-03   2.7256e+02
20260123_05:00:00   1.0366e-01   2.8906e+01   9.4289e+00   7.9100e-04   1.3065e-04   2.7239e+02
20260123_06:00:00   1.3438e-01   3.6181e+01   9.5970e+00   3.4615e-02   7.5285e-03   2.7212e+02
20260123_07:00:00   1.2320e-01   3.3529e+01   9.6204e+00   2.1868e-02   5.0207e-03   2.7219e+02
20260123_08:00:00   1.2731e-01   3.4465e+01   9.7748e+00   2.5080e-02   3.1190e-03   2.7306e+02
20260123_09:00:00   1.0398e-01   2.8938e+01   9.4982e+00   7.4880e-04   2.6957e-04   2.7398e+02
20260123_10:00:00   1.1739e-01   3.2130e+01   9.9582e+00   1.1597e-02   2.2877e-03   2.7490e+02
20260123_11:00:00   1.5490e-01   4.0871e+01   1.0106e+01   5.1983e-02   1.5275e-03   2.7584e+02
20260123_12:00:00   1.5282e-01   4.0398e+01   1.0150e+01   4.8776e-02   7.8883e-04   2.7722e+02
20260123_13:00:00   2.3778e-01   5.9038e+01   1.0761e+01   1.3854e-01   2.7287e-03   2.7848e+02
20260123_14:00:00   2.6676e-01   6.5100e+01   1.1115e+01   1.6726e-01   1.8585e-03   2.8042e+02
20260123_15:00:00   3.5839e-01   8.2983e+01   1.1469e+01   2.6678e-01   2.4665e-03   2.8214e+02
20260123_16:00:00   2.9178e-01   7.0142e+01   1.1869e+01   1.8828e-01   3.1419e-03   2.8283e+02
20260123_17:00:00   1.8479e-01   4.7664e+01   1.1805e+01   6.8439e-02   7.1781e-04   2.8392e+02
20260123_18:00:00   1.4259e-01   3.8116e+01   1.1743e+01   2.1859e-02   1.7422e-04   2.8567e+02
20260123_19:00:00   1.2402e-01   3.3798e+01   1.1918e+01   0.0000e+00   0.0000e+00   2.8812e+02
20260123_20:00:00   1.2524e-01   3.4044e+01   1.2082e+01   0.0000e+00   0.0000e+00   2.8745e+02
20260123_21:00:00   1.2344e-01   3.3593e+01   1.1904e+01   0.0000e+00   1.3193e-04   2.8488e+02
20260123_22:00:00   1.3660e-01   3.6695e+01   1.1978e+01   1.4358e-02   7.9182e-04   2.8501e+02
20260123_23:00:00   1.2170e-01   3.3181e+01   1.1546e+01   2.0440e-03   1.0247e-04   2.8407e+02
20260124_00:00:00   1.4821e-01   3.9410e+01   1.1696e+01   3.0542e-02   4.8495e-04   2.8204e+02
20260124_01:00:00   1.4207e-01   3.7921e+01   1.1420e+01   2.6657e-02   1.6560e-03   2.8227e+02
20260124_02:00:00   1.5378e-01   4.0567e+01   1.1137e+01   4.1925e-02   2.7819e-03   2.8210e+02
20260124_03:00:00   1.9402e-01   4.9590e+01   1.1265e+01   8.5813e-02   2.4246e-03   2.8201e+02
20260124_04:00:00   4.1982e-01   9.3969e+01   1.1213e+01   3.3822e-01   5.0495e-03   2.8161e+02
20260124_05:00:00   3.6311e-01   8.3832e+01   1.1105e+01   2.7419e-01   7.6784e-03   2.8350e+02
20260124_06:00:00   3.2534e-01   7.6777e+01   1.1093e+01   2.3046e-01   1.1528e-02   2.8389e+02
20260124_07:00:00   4.1994e-01   9.4116e+01   1.1320e+01   3.3297e-01   2.8274e-02   2.8214e+02
20260124_08:00:00   3.7452e-01   8.6068e+01   1.1539e+01   2.7912e-01   3.4046e-02   2.8122e+02
20260124_09:00:00   3.6159e-01   8.3693e+01   1.1795e+01   2.6266e-01   2.8239e-02   2.8023e+02
20260124_10:00:00   2.8544e-01   6.9022e+01   1.1242e+01   1.8146e-01   1.1810e-02   2.8210e+02
20260124_11:00:00   3.5746e-01   8.2792e+01   1.1536e+01   2.6139e-01   2.9025e-02   2.8104e+02
20260124_12:00:00   4.4414e-01   9.8231e+01   1.1434e+01   3.5891e-01   1.7617e-02   2.8181e+02
20260124_15:00:00   1.7653e-01   4.5906e+01   1.1939e+01   5.7209e-02   1.3596e-02   2.8121e+02
20260124_18:00:00   1.2847e-01   3.4624e+01   1.2361e+01   0.0000e+00   5.9815e-02   2.7993e+02
20260124_21:00:00   1.2585e-01   3.3990e+01   1.2289e+01   5.8820e-06   8.9196e-02   2.7814e+02
20260125_00:00:00   1.3017e-01   3.5014e+01   1.2840e+01   7.8140e-04   1.4155e-01   2.7527e+02
20260125_03:00:00   1.3307e-01   3.5798e+01   1.2783e+01   1.9170e-03   3.7406e-02   2.7630e+02
20260125_06:00:00   1.9625e-01   5.0241e+01   1.3319e+01   6.4357e-02   1.9385e-02   2.7760e+02
20260125_09:00:00   1.5634e-01   4.1316e+01   1.2264e+01   2.9526e-02   3.9881e-03   2.7759e+02
20260125_12:00:00   1.4230e-01   3.8245e+01   1.1354e+01   2.0981e-02   1.7293e-03   2.8226e+02
20260125_15:00:00   1.2007e-01   3.2987e+01   1.1309e+01   0.0000e+00   1.0902e-02   2.7861e+02
20260125_18:00:00   1.1763e-01   3.2477e+01   1.0997e+01   0.0000e+00   2.8555e-03   2.7750e+02
20260125_21:00:00   1.1968e-01   3.2939e+01   1.1478e+01   0.0000e+00   1.5536e-01   2.7331e+02
20260126_00:00:00   1.1812e-01   3.2576e+01   1.1388e+01   0.0000e+00   1.5202e-01   2.7632e+02
20260126_03:00:00   1.2396e-01   3.4040e+01   1.2351e+01   1.0686e-04   3.8402e-02   2.7184e+02
20260126_06:00:00   1.5705e-01   4.1811e+01   1.4734e+01   1.6190e-02   4.2737e-03   2.6946e+02
20260126_09:00:00   6.1935e-01   1.2717e+02   1.7224e+01   5.1083e-01   8.6980e-02   2.6571e+02
20260126_12:00:00   6.0491e-01   1.2471e+02   1.4587e+01   5.0881e-01   2.0636e-02   2.6876e+02
20260126_15:00:00   1.3179e-01   3.6024e+01   1.1860e+01   2.5313e-03   7.2857e-04   2.6925e+02
20260126_18:00:00   1.1006e-01   3.0867e+01   8.8443e+00   0.0000e+00   0.0000e+00   2.7243e+02
20260126_21:00:00   2.9299e-01   7.1044e+01   1.1056e+01   1.8834e-01   5.5726e-04   2.7277e+02
20260127_00:00:00   1.8592e-01   4.8218e+01   1.3159e+01   5.6788e-02   2.6771e-03   2.8238e+02
20260127_03:00:00   1.2488e-01   3.3869e+01   1.1932e+01   0.0000e+00   9.2808e-02   2.8863e+02
20260127_06:00:00   1.3603e-01   3.6321e+01   1.2248e+01   1.0078e-02   7.3368e-02   2.8709e+02
20260127_09:00:00   2.2174e-01   5.5875e+01   1.3230e+01   9.4290e-02   3.4391e-02   2.8349e+02
20260127_12:00:00   1.3456e-01   3.6252e+01   1.1841e+01   6.6191e-03   1.3690e-04   2.7583e+02
20260127_15:00:00   1.1756e-01   3.2369e+01   1.0292e+01   0.0000e+00   0.0000e+00   2.7431e+02
20260127_18:00:00   1.0678e-01   2.9829e+01   9.1989e+00   0.0000e+00   0.0000e+00   2.8197e+02
20260127_21:00:00   1.0022e-01   2.8298e+01   8.3974e+00   0.0000e+00   3.9362e-05   2.8110e+02
20260128_00:00:00   9.4695e-02   2.6975e+01   7.9703e+00   0.0000e+00   1.9779e-03   2.8010e+02
20260128_03:00:00   8.8698e-02   2.5520e+01   7.2807e+00   0.0000e+00   0.0000e+00   2.7580e+02
20260128_06:00:00   8.1515e-02   2.3745e+01   6.2608e+00   0.0000e+00   0.0000e+00   2.6973e+02
20260128_09:00:00   7.8619e-02   2.3053e+01   5.7602e+00   0.0000e+00   0.0000e+00   2.6464e+02
20260128_12:00:00   7.5952e-02   2.2391e+01   5.4061e+00   0.0000e+00   9.2620e-06   2.6134e+02
20260128_15:00:00   7.2243e-02   2.1435e+01   4.9730e+00   0.0000e+00   0.0000e+00   2.6076e+02
20260128_18:00:00   6.8588e-02   2.0481e+01   4.5554e+00   0.0000e+00   1.4672e-04   2.6081e+02
20260128_21:00:00   7.1606e-02   2.1263e+01   5.0248e+00   0.0000e+00   1.2161e-02   2.6163e+02
20260129_00:00:00   7.2604e-02   2.1547e+01   5.1644e+00   0.0000e+00   6.4183e-03   2.6250e+02
20260129_03:00:00   7.0591e-02   2.1058e+01   4.7983e+00   0.0000e+00   9.5482e-03   2.5796e+02
20260129_06:00:00   6.7225e-02   2.0200e+01   4.3266e+00   0.0000e+00   3.5596e-03   2.5743e+02
20260129_09:00:00   6.8473e-02   2.0515e+01   4.5924e+00   0.0000e+00   2.4373e-03   2.5554e+02
20260129_12:00:00   7.3893e-02   2.1896e+01   5.3956e+00   0.0000e+00   4.0586e-03   2.5526e+02
20260129_15:00:00   7.6930e-02   2.2664e+01   5.8496e+00   0.0000e+00   3.2060e-03   2.5300e+02
20260129_18:00:00   7.8116e-02   2.2924e+01   6.1138e+00   0.0000e+00   3.3136e-03   2.5160e+02
20260129_21:00:00   8.2414e-02   2.3937e+01   6.9047e+00   0.0000e+00   1.1423e-02   2.5290e+02
20260130_00:00:00   8.4358e-02   2.4493e+01   6.8406e+00   0.0000e+00   4.7148e-03   2.5372e+02
20260130_03:00:00   8.5205e-02   2.4665e+01   6.8539e+00   0.0000e+00   1.3288e-04   2.5929e+02
20260130_06:00:00   8.4216e-02   2.4330e+01   6.7840e+00   0.0000e+00   1.7641e-02   2.6527e+02
20260130_09:00:00   1.0079e-01   2.8194e+01   9.4872e+00   0.0000e+00   8.9514e-02   2.6841e+02
20260130_12:00:00   9.3025e-02   2.6147e+01   8.3879e+00   0.0000e+00   2.2132e-01   2.6540e+02
20260130_15:00:00   8.5211e-02   2.4357e+01   6.9978e+00   0.0000e+00   4.2540e-03   2.7461e+02
20260130_18:00:00   6.1421e-02   1.8532e+01   2.7377e+00   0.0000e+00   0.0000e+00   2.6975e+02
20260130_21:00:00   5.8861e-02   1.7863e+01   2.4273e+00   0.0000e+00   0.0000e+00   2.6596e+02
20260131_00:00:00   5.6234e-02   1.7175e+01   2.1707e+00   0.0000e+00   0.0000e+00   2.6530e+02
20260131_03:00:00   5.5582e-02   1.6947e+01   2.2693e+00   0.0000e+00   0.0000e+00   2.6469e+02
20260131_06:00:00   5.9175e-02   1.7862e+01   2.9123e+00   0.0000e+00   0.0000e+00   2.6519e+02
20260131_09:00:00   5.9076e-02   1.7850e+01   2.8883e+00   0.0000e+00   0.0000e+00   2.6503e+02
20260131_12:00:00   5.7706e-02   1.7469e+01   2.7448e+00   0.0000e+00   0.0000e+00   2.6601e+02
20260131_15:00:00   5.7607e-02   1.7429e+01   2.7370e+00   0.0000e+00   0.0000e+00   2.6678e+02
20260131_18:00:00   5.5257e-02   1.6833e+01   2.3215e+00   0.0000e+00   0.0000e+00   2.6996e+02
20260131_21:00:00   5.5869e-02   1.7006e+01   2.4300e+00   0.0000e+00   0.0000e+00   2.7049e+02
20260201_00:00:00   5.8035e-02   1.7594e+01   2.7702e+00   0.0000e+00   0.0000e+00   2.7342e+02
20260201_03:00:00   5.9662e-02   1.8018e+01   3.0478e+00   0.0000e+00   0.0000e+00   2.7642e+02
20260201_06:00:00   6.0808e-02   1.8322e+01   3.1997e+00   0.0000e+00   9.8020e-07   2.7442e+02
20260201_09:00:00   6.2420e-02   1.8711e+01   3.5078e+00   0.0000e+00   2.0724e-03   2.7297e+02
20260201_12:00:00   6.8433e-02   2.0265e+01   4.3974e+00   0.0000e+00   1.1960e-04   2.6968e+02
20260201_15:00:00   7.6646e-02   2.2373e+01   5.5380e+00   0.0000e+00   0.0000e+00   2.7340e+02
20260201_18:00:00   8.8969e-02   2.5445e+01   7.2698e+00   0.0000e+00   0.0000e+00   2.7966e+02
20260201_21:00:00   9.7796e-02   2.7592e+01   8.4348e+00   0.0000e+00   0.0000e+00   2.8066e+02
20260202_00:00:00   1.0406e-01   2.9142e+01   9.1764e+00   0.0000e+00   0.0000e+00   2.8369e+02
20260202_03:00:00   1.0304e-01   2.8947e+01   8.8307e+00   0.0000e+00   0.0000e+00   2.8506e+02
20260202_06:00:00   8.0871e-02   2.3483e+01   5.6252e+00   0.0000e+00   0.0000e+00   2.8371e+02
20260202_09:00:00   6.6617e-02   1.9829e+01   3.6030e+00   0.0000e+00   0.0000e+00   2.8242e+02
20260202_12:00:00   5.9585e-02   1.7978e+01   2.6248e+00   0.0000e+00   0.0000e+00   2.7918e+02
20260202_15:00:00   5.8850e-02   1.7799e+01   2.4918e+00   0.0000e+00   0.0000e+00   2.8113e+02
20260202_18:00:00   5.6452e-02   1.7200e+01   2.0374e+00   0.0000e+00   0.0000e+00   2.8042e+02
20260202_21:00:00   5.7676e-02   1.7530e+01   2.2147e+00   0.0000e+00   0.0000e+00   2.7815e+02
20260203_00:00:00   5.3757e-02   1.6540e+01   1.5737e+00   0.0000e+00   0.0000e+00   2.7967e+02
20260203_03:00:00   5.1523e-02   1.5969e+01   1.2514e+00   0.0000e+00   0.0000e+00   2.7726e+02
20260203_06:00:00   4.8577e-02   1.5192e+01   8.1301e-01   0.0000e+00   0.0000e+00   2.7231e+02
20260203_09:00:00   4.9031e-02   1.5297e+01   9.2888e-01   0.0000e+00   1.3534e-05   2.7095e+02
20260203_12:00:00   4.9614e-02   1.5440e+01   1.0985e+00   0.0000e+00   8.8890e-03   2.7181e+02
20260203_15:00:00   5.0616e-02   1.5688e+01   1.3101e+00   0.0000e+00   2.6830e-02   2.6893e+02
20260203_18:00:00   5.0264e-02   1.5575e+01   1.3745e+00   0.0000e+00   3.6253e-02   2.6943e+02
20260203_21:00:00   5.0146e-02   1.5561e+01   1.3695e+00   0.0000e+00   4.7674e-02   2.7001e+02
20260204_00:00:00   5.0888e-02   1.5774e+01   1.5328e+00   0.0000e+00   3.2014e-02   2.7181e+02
20260204_03:00:00   5.2740e-02   1.6224e+01   1.9826e+00   0.0000e+00   4.1280e-02   2.7200e+02
20260204_06:00:00   5.8447e-02   1.7693e+01   2.9810e+00   0.0000e+00   4.7377e-02   2.7048e+02
20260204_09:00:00   6.5195e-02   1.9322e+01   4.2087e+00   0.0000e+00   1.9258e-01   2.7074e+02
20260204_12:00:00   7.6453e-02   2.2157e+01   6.1047e+00   0.0000e+00   1.1140e-01   2.7318e+02
