#            date       tau255        Tb[K]      pwv[mm] lwp[kg*m^-2] iwp[kg*m^-2]       o3[DU]
20251227_06:00:00   5.2615e-02   1.6336e+01   4.7423e+00   0.0000e+00   0.0000e+00   2.5271e+02
20251227_07:00:00   5.2579e-02   1.6325e+01   4.7375e+00   0.0000e+00   0.0000e+00   2.5271e+02
20251227_08:00:00   5.2489e-02   1.6300e+01   4.7284e+00   0.0000e+00   0.0000e+00   2.5072e+02
20251227_09:00:00   5.2133e-02   1.6208e+01   4.6718e+00   0.0000e+00   0.0000e+00   2.4876e+02
20251227_10:00:00   5.1718e-02   1.6094e+01   4.6021e+00   0.0000e+00   0.0000e+00   2.4933e+02
20251227_11:00:00   5.1079e-02   1.5930e+01   4.4869e+00   0.0000e+00   0.0000e+00   2.5064e+02
20251227_12:00:00   5.0338e-02   1.5736e+01   4.3684e+00   0.0000e+00   2.2740e-03   2.5379e+02
20251227_13:00:00   4.9390e-02   1.5492e+01   4.1929e+00   0.0000e+00   1.7248e-03   2.5587e+02
20251227_14:00:00   4.9188e-02   1.5436e+01   4.1531e+00   0.0000e+00   8.7637e-04   2.5512e+02
20251227_15:00:00   4.9196e-02   1.5434e+01   4.1755e+00   0.0000e+00   5.3805e-04   2.5628e+02
20251227_16:00:00   4.8748e-02   1.5321e+01   4.0813e+00   0.0000e+00   4.1603e-05   2.5536e+02
20251227_17:00:00   4.8537e-02   1.5267e+01   4.0422e+00   0.0000e+00   5.9645e-04   2.5324e+02
20251227_18:00:00   4.9317e-02   1.5456e+01   4.1985e+00   0.0000e+00   3.4006e-03   2.5228e+02
20251227_19:00:00   4.8867e-02   1.5348e+01   4.1081e+00   0.0000e+00   2.3295e-03   2.5199e+02
20251227_20:00:00   4.7787e-02   1.5079e+01   3.9072e+00   0.0000e+00   3.2734e-03   2.5233e+02
20251227_21:00:00   4.7760e-02   1.5075e+01   3.8996e+00   0.0000e+00   4.6200e-03   2.5383e+02
20251227_22:00:00   4.8399e-02   1.5227e+01   4.0432e+00   0.0000e+00   7.3300e-03   2.5460e+02
20251227_23:00:00   4.9216e-02   1.5432e+01   4.1989e+00   0.0000e+00   9.0200e-03   2.5638e+02
20251228_00:00:00   4.9842e-02   1.5593e+01   4.3039e+00   0.0000e+00   5.4035e-03   2.5740e+02
20251228_01:00:00   5.0041e-02   1.5641e+01   4.3485e+00   0.0000e+00   5.7800e-03   2.5689e+02
20251228_02:00:00   4.9849e-02   1.5585e+01   4.3381e+00   0.0000e+00   5.1120e-03   2.5659e+02
20251228_03:00:00   4.9710e-02   1.5547e+01   4.3041e+00   0.0000e+00   2.2783e-02   2.5716e+02
20251228_04:00:00   4.9305e-02   1.5446e+01   4.2184e+00   0.0000e+00   1.6186e-02   2.5684e+02
20251228_05:00:00   4.9140e-02   1.5405e+01   4.1758e+00   0.0000e+00   4.6186e-03   2.5664e+02
20251228_06:00:00   4.9337e-02   1.5437e+01   4.2636e+00   0.0000e+00   3.6598e-03   2.5576e+02
20251228_07:00:00   4.9610e-02   1.5503e+01   4.3113e+00   0.0000e+00   5.3892e-04   2.5493e+02
20251228_08:00:00   4.9338e-02   1.5434e+01   4.2584e+00   0.0000e+00   6.1337e-04   2.5382e+02
20251228_09:00:00   5.0215e-02   1.5637e+01   4.4606e+00   0.0000e+00   4.5959e-03   2.5401e+02
20251228_10:00:00   5.0370e-02   1.5668e+01   4.5215e+00   0.0000e+00   4.3516e-03   2.5507e+02
20251228_11:00:00   5.1409e-02   1.5909e+01   4.7702e+00   0.0000e+00   6.9077e-03   2.5752e+02
20251228_12:00:00   5.1763e-02   1.5996e+01   4.8414e+00   0.0000e+00   4.0488e-03   2.5955e+02
20251228_13:00:00   5.2680e-02   1.6212e+01   5.0610e+00   0.0000e+00   4.4829e-03   2.6110e+02
20251228_14:00:00   5.3003e-02   1.6279e+01   5.1588e+00   0.0000e+00   5.9678e-04   2.6214e+02
20251228_15:00:00   5.2109e-02   1.6071e+01   4.9537e+00   0.0000e+00   7.0559e-04   2.6303e+02
20251228_16:00:00   5.2293e-02   1.6104e+01   5.0248e+00   0.0000e+00   3.6555e-03   2.6271e+02
20251228_17:00:00   5.3591e-02   1.6412e+01   5.2865e+00   0.0000e+00   9.4777e-03   2.6214e+02
20251228_18:00:00   5.4440e-02   1.6612e+01   5.4518e+00   0.0000e+00   1.9299e-02   2.6184e+02
20251228_19:00:00   5.5318e-02   1.6824e+01   5.6153e+00   0.0000e+00   7.4477e-03   2.6278e+02
20251228_20:00:00   5.5802e-02   1.6940e+01   5.7148e+00   0.0000e+00   3.4107e-03   2.6326e+02
20251228_21:00:00   5.6053e-02   1.7001e+01   5.7792e+00   0.0000e+00   8.4454e-03   2.6183e+02
20251228_22:00:00   5.7001e-02   1.7226e+01   5.9583e+00   0.0000e+00   2.7854e-02   2.6093e+02
20251228_23:00:00   5.7157e-02   1.7262e+01   6.0012e+00   0.0000e+00   1.1620e-02   2.5939e+02
20251229_00:00:00   5.7306e-02   1.7296e+01   6.0335e+00   1.1320e-05   9.9455e-03   2.5689e+02
20251229_01:00:00   5.6814e-02   1.7176e+01   5.9127e+00   1.8280e-05   1.4103e-02   2.5516e+02
20251229_02:00:00   5.7136e-02   1.7258e+01   5.9517e+00   3.6020e-05   3.1223e-02   2.5482e+02
20251229_03:00:00   5.8443e-02   1.7571e+01   6.2269e+00   0.0000e+00   3.1660e-02   2.5431e+02
20251229_04:00:00   6.0220e-02   1.7996e+01   6.4751e+00   0.0000e+00   1.6209e-01   2.5452e+02
20251229_05:00:00   6.1391e-02   1.8287e+01   6.7002e+00   0.0000e+00   9.5909e-02   2.5482e+02
20251229_06:00:00   6.0811e-02   1.8156e+01   6.6284e+00   0.0000e+00   5.4815e-03   2.5577e+02
20251229_07:00:00   6.0255e-02   1.8020e+01   6.5270e+00   0.0000e+00   1.1188e-02   2.5571e+02
20251229_08:00:00   6.0475e-02   1.8071e+01   6.5574e+00   0.0000e+00   3.6219e-02   2.5440e+02
20251229_09:00:00   6.0731e-02   1.8131e+01   6.6246e+00   1.2980e-06   7.4980e-03   2.5312e+02
20251229_10:00:00   6.0626e-02   1.8098e+01   6.6010e+00   0.0000e+00   1.9408e-02   2.5190e+02
20251229_11:00:00   6.1033e-02   1.8195e+01   6.6530e+00   0.0000e+00   7.3944e-02   2.5218e+02
20251229_12:00:00   6.1568e-02   1.8322e+01   6.7582e+00   0.0000e+00   4.0020e-02   2.5382e+02
20251229_13:00:00   6.0927e-02   1.8167e+01   6.6637e+00   0.0000e+00   9.4234e-03   2.5575e+02
20251229_14:00:00   6.0580e-02   1.8076e+01   6.6117e+00   0.0000e+00   1.1641e-02   2.5453e+02
20251229_15:00:00   6.2174e-02   1.8450e+01   6.8380e+00   0.0000e+00   1.1489e-01   2.5445e+02
20251229_16:00:00   6.3100e-02   1.8682e+01   7.0525e+00   0.0000e+00   3.6622e-02   2.5522e+02
20251229_17:00:00   6.2734e-02   1.8595e+01   6.9640e+00   0.0000e+00   2.7180e-02   2.5481e+02
20251229_18:00:00   6.1464e-02   1.8292e+01   6.7469e+00   0.0000e+00   5.9041e-03   2.5395e+02
20251229_19:00:00   6.1072e-02   1.8196e+01   6.6904e+00   0.0000e+00   6.6775e-03   2.5444e+02
20251229_20:00:00   6.0614e-02   1.8085e+01   6.6024e+00   0.0000e+00   9.0347e-03   2.5407e+02
20251229_21:00:00   6.0645e-02   1.8083e+01   6.5937e+00   0.0000e+00   2.3136e-02   2.5333e+02
20251229_22:00:00   6.0147e-02   1.7957e+01   6.5239e+00   0.0000e+00   1.5903e-02   2.5316e+02
20251229_23:00:00   5.9088e-02   1.7688e+01   6.3522e+00   0.0000e+00   1.5518e-02   2.5378e+02
20251230_00:00:00   5.9750e-02   1.7836e+01   6.4231e+00   0.0000e+00   1.3197e-01   2.5386e+02
20251230_01:00:00   5.9202e-02   1.7696e+01   6.3078e+00   0.0000e+00   2.0092e-01   2.5378e+02
20251230_02:00:00   6.2249e-02   1.8433e+01   6.7690e+00   0.0000e+00   3.2903e-01   2.5326e+02
20251230_03:00:00   6.6413e-02   1.9460e+01   7.5036e+00   1.7050e-06   2.1746e-01   2.5178e+02
20251230_04:00:00   7.0717e-02   2.0511e+01   8.0620e+00   0.0000e+00   4.4292e-01   2.5292e+02
20251230_05:00:00   7.5051e-02   2.1596e+01   8.7660e+00   0.0000e+00   3.6748e-01   2.5430e+02
20251230_06:00:00   7.5490e-02   2.1709e+01   8.8187e+00   0.0000e+00   3.9898e-01   2.5395e+02
20251230_07:00:00   7.1518e-02   2.0750e+01   8.2889e+00   0.0000e+00   1.2681e-01   2.5260e+02
20251230_08:00:00   7.1792e-02   2.0798e+01   8.2852e+00   0.0000e+00   2.2013e-01   2.5308e+02
20251230_09:00:00   7.0711e-02   2.0541e+01   8.1982e+00   0.0000e+00   4.6498e-02   2.5406e+02
20251230_10:00:00   6.9439e-02   2.0217e+01   7.9488e+00   0.0000e+00   2.0836e-01   2.5351e+02
20251230_11:00:00   6.9657e-02   2.0257e+01   7.8996e+00   0.0000e+00   3.7319e-01   2.5240e+02
20251230_12:00:00   7.2813e-02   2.1015e+01   8.2923e+00   0.0000e+00   5.9079e-01   2.5190e+02
20251230_13:00:00   7.2859e-02   2.1058e+01   8.4172e+00   0.0000e+00   2.0833e-01   2.5162e+02
20251230_14:00:00   7.4085e-02   2.1366e+01   8.6613e+00   0.0000e+00   9.9582e-02   2.5257e+02
20251230_15:00:00   7.3857e-02   2.1307e+01   8.6164e+00   0.0000e+00   1.1919e-01   2.5289e+02
20251230_16:00:00   7.2228e-02   2.0910e+01   8.3663e+00   0.0000e+00   4.9782e-02   2.5252e+02
20251230_17:00:00   7.0126e-02   2.0389e+01   8.0383e+00   0.0000e+00   1.8180e-02   2.5355e+02
20251230_18:00:00   6.9237e-02   2.0146e+01   7.9278e+00   0.0000e+00   4.7886e-02   2.5518e+02
20251230_19:00:00   7.2423e-02   2.0939e+01   8.4015e+00   0.0000e+00   3.4718e-02   2.5633e+02
20251230_20:00:00   7.7184e-02   2.2111e+01   9.1179e+00   0.0000e+00   7.6957e-02   2.5600e+02
20251230_21:00:00   8.0228e-02   2.2849e+01   9.5242e+00   0.0000e+00   1.1463e-01   2.5549e+02
20251230_22:00:00   8.0054e-02   2.2794e+01   9.4640e+00   0.0000e+00   1.7770e-01   2.5585e+02
20251230_23:00:00   7.7035e-02   2.2056e+01   9.0819e+00   0.0000e+00   6.4949e-02   2.5534e+02
20251231_00:00:00   7.3538e-02   2.1193e+01   8.5611e+00   0.0000e+00   3.1031e-02   2.5466e+02
20251231_01:00:00   7.2471e-02   2.0909e+01   8.3776e+00   0.0000e+00   1.8025e-01   2.5576e+02
20251231_02:00:00   7.0831e-02   2.0498e+01   8.0948e+00   0.0000e+00   2.1097e-01   2.5672e+02
20251231_03:00:00   7.4042e-02   2.1289e+01   8.5890e+00   0.0000e+00   1.1436e-01   2.5722e+02
20251231_04:00:00   7.8030e-02   2.2279e+01   9.1807e+00   0.0000e+00   5.3725e-02   2.5786e+02
20251231_05:00:00   7.9300e-02   2.2587e+01   9.3200e+00   0.0000e+00   3.8762e-02   2.5854e+02
20251231_06:00:00   7.9751e-02   2.2685e+01   9.3549e+00   0.0000e+00   1.8105e-01   2.5963e+02
20251231_07:00:00   8.4659e-02   2.3899e+01   9.7740e+00   1.4290e-03   3.5185e-01   2.6117e+02
20251231_08:00:00   1.7996e-01   4.6514e+01   1.1230e+01   9.6215e-02   3.6840e-01   2.6063e+02
20251231_09:00:00   2.8733e-01   6.9661e+01   1.1646e+01   2.1399e-01   2.4233e-01   2.6006e+02
20251231_10:00:00   1.0879e-01   2.9840e+01   1.1441e+01   1.3103e-02   1.9386e-01   2.5929e+02
20251231_11:00:00   9.5582e-02   2.6619e+01   1.1016e+01   1.9622e-03   7.3800e-02   2.5915e+02
20251231_12:00:00   8.9371e-02   2.5116e+01   1.0309e+01   9.9080e-04   3.2692e-02   2.5774e+02
20251231_13:00:00   8.4827e-02   2.3972e+01   9.6404e+00   2.1799e-03   3.5190e-02   2.5799e+02
20251231_14:00:00   7.8683e-02   2.2459e+01   9.0603e+00   3.1100e-05   2.4077e-02   2.5967e+02
20251231_15:00:00   7.6577e-02   2.1931e+01   8.7980e+00   0.0000e+00   2.1757e-02   2.5920e+02
20251231_16:00:00   7.6690e-02   2.1954e+01   8.7929e+00   0.0000e+00   1.2706e-02   2.5866e+02
20251231_17:00:00   7.7329e-02   2.2108e+01   8.8654e+00   2.6640e-05   1.5781e-02   2.5810e+02
20251231_18:00:00   7.7660e-02   2.2191e+01   8.9335e+00   0.0000e+00   1.8246e-02   2.5597e+02
20251231_19:00:00   7.8949e-02   2.2506e+01   9.0847e+00   0.0000e+00   3.0807e-02   2.5749e+02
20251231_20:00:00   8.2369e-02   2.3355e+01   9.5356e+00   0.0000e+00   4.4939e-02   2.6000e+02
20251231_21:00:00   8.4556e-02   2.3905e+01   9.7800e+00   0.0000e+00   3.4132e-02   2.6169e+02
20251231_22:00:00   8.5852e-02   2.4226e+01   9.9010e+00   1.0980e-04   2.0434e-02   2.6198e+02
20251231_23:00:00   9.9757e-02   2.7651e+01   1.0020e+01   1.4570e-02   3.9089e-02   2.6084e+02
20260101_00:00:00   9.1891e-02   2.5707e+01   1.0140e+01   4.8740e-03   9.4113e-02   2.6015e+02
20260101_01:00:00   8.6962e-02   2.4480e+01   9.9534e+00   7.9310e-04   7.8153e-02   2.5988e+02
20260101_02:00:00   8.6831e-02   2.4448e+01   9.5628e+00   4.1241e-03   2.7705e-02   2.6074e+02
20260101_03:00:00   8.1791e-02   2.3213e+01   9.2485e+00   1.0518e-03   2.0987e-02   2.6129e+02
20260101_04:00:00   7.9961e-02   2.2766e+01   9.0896e+00   4.7000e-05   3.4222e-02   2.6161e+02
20260101_05:00:00   7.9822e-02   2.2724e+01   9.0402e+00   7.9900e-05   3.2378e-02   2.6151e+02
20260101_06:00:00   7.6834e-02   2.1994e+01   8.5856e+00   4.9335e-05   2.2946e-02   2.6164e+02
20260101_09:00:00   6.9529e-02   2.0191e+01   7.4921e+00   0.0000e+00   1.1539e-02   2.6105e+02
20260101_12:00:00   6.5722e-02   1.9261e+01   6.8542e+00   0.0000e+00   2.5094e-03   2.6257e+02
20260101_15:00:00   6.0047e-02   1.7882e+01   5.8826e+00   0.0000e+00   0.0000e+00   2.6234e+02
20260101_18:00:00   5.6772e-02   1.7084e+01   5.2688e+00   1.2670e-05   0.0000e+00   2.6212e+02
20260101_21:00:00   5.6288e-02   1.6995e+01   5.0883e+00   0.0000e+00   0.0000e+00   2.6079e+02
20260102_00:00:00   5.4284e-02   1.6536e+01   4.5799e+00   7.2320e-04   0.0000e+00   2.5781e+02
20260102_03:00:00   5.2525e-02   1.6104e+01   4.1245e+00   2.1170e-03   0.0000e+00   2.5662e+02
20260102_06:00:00   4.4867e-02   1.4185e+01   3.0486e+00   0.0000e+00   0.0000e+00   2.5320e+02
20260102_09:00:00   4.2076e-02   1.3465e+01   2.5333e+00   0.0000e+00   6.6580e-06   2.5183e+02
20260102_12:00:00   3.7014e-02   1.2149e+01   1.6503e+00   0.0000e+00   7.7600e-05   2.5493e+02
20260102_15:00:00   3.5208e-02   1.1690e+01   1.3021e+00   0.0000e+00   3.2960e-05   2.5524e+02
20260102_18:00:00   3.3580e-02   1.1263e+01   1.0015e+00   2.0150e-06   6.3767e-04   2.5520e+02
20260102_21:00:00   3.4803e-02   1.1574e+01   1.2602e+00   0.0000e+00   2.3417e-03   2.5849e+02
20260103_00:00:00   3.3895e-02   1.1354e+01   1.0513e+00   7.6590e-06   3.8483e-04   2.5789e+02
20260103_03:00:00   3.2223e-02   1.0927e+01   7.0290e-01   0.0000e+00   6.5866e-04   2.5969e+02
20260103_06:00:00   3.2146e-02   1.0914e+01   6.7436e-01   0.0000e+00   1.1132e-03   2.5739e+02
20260103_09:00:00   3.2210e-02   1.0937e+01   6.9560e-01   0.0000e+00   1.7242e-03   2.5587e+02
20260103_12:00:00   3.2059e-02   1.0892e+01   6.7971e-01   0.0000e+00   4.8550e-03   2.5912e+02
20260103_15:00:00   3.2015e-02   1.0874e+01   7.0839e-01   0.0000e+00   5.9524e-03   2.5735e+02
20260103_18:00:00   3.2287e-02   1.0942e+01   7.7476e-01   0.0000e+00   1.6144e-03   2.6010e+02
20260103_21:00:00   3.2384e-02   1.0965e+01   8.0311e-01   0.0000e+00   1.2762e-03   2.6379e+02
20260104_00:00:00   3.2573e-02   1.1005e+01   8.8760e-01   0.0000e+00   2.0679e-03   2.6300e+02
20260104_03:00:00   3.2647e-02   1.1029e+01   9.0075e-01   0.0000e+00   2.5166e-04   2.6239e+02
20260104_06:00:00   3.5188e-02   1.1671e+01   1.4842e+00   0.0000e+00   6.1716e-03   2.6302e+02
20260104_09:00:00   3.8873e-02   1.2592e+01   2.2959e+00   0.0000e+00   1.4846e-02   2.6267e+02
20260104_12:00:00   4.1487e-02   1.3232e+01   2.8541e+00   0.0000e+00   8.6271e-03   2.6395e+02
20260104_15:00:00   4.7996e-02   1.4861e+01   4.1880e+00   0.0000e+00   1.0645e-02   2.6300e+02
20260104_18:00:00   4.1463e-02   1.3158e+01   2.8403e+00   0.0000e+00   7.6422e-03   2.6817e+02
20260104_21:00:00   3.6739e-02   1.1984e+01   1.7506e+00   0.0000e+00   4.4124e-03   2.6868e+02
20260105_00:00:00   3.5698e-02   1.1765e+01   1.4481e+00   0.0000e+00   1.0332e-03   2.7105e+02
20260105_03:00:00   3.4768e-02   1.1546e+01   1.1877e+00   0.0000e+00   1.6653e-03   2.6762e+02
20260105_06:00:00   3.5228e-02   1.1664e+01   1.2570e+00   0.0000e+00   7.2539e-04   2.6878e+02
20260105_09:00:00   3.5181e-02   1.1652e+01   1.2351e+00   0.0000e+00   0.0000e+00   2.7289e+02
20260105_12:00:00   3.4869e-02   1.1577e+01   1.1592e+00   0.0000e+00   0.0000e+00   2.7601e+02
20260105_15:00:00   3.5399e-02   1.1738e+01   1.2691e+00   0.0000e+00   0.0000e+00   2.7406e+02
20260105_18:00:00   3.4857e-02   1.1606e+01   1.1563e+00   0.0000e+00   0.0000e+00   2.7643e+02
20260105_21:00:00   3.5357e-02   1.1736e+01   1.2708e+00   0.0000e+00   1.0162e-03   2.7994e+02
20260106_00:00:00   3.7666e-02   1.2339e+01   1.6074e+00   5.5890e-04   0.0000e+00   2.8338e+02
20260106_03:00:00   3.5278e-02   1.1727e+01   1.2734e+00   0.0000e+00   8.0960e-06   2.8503e+02
20260106_06:00:00   3.5140e-02   1.1684e+01   1.2359e+00   0.0000e+00   0.0000e+00   2.8463e+02
20260106_09:00:00   3.5232e-02   1.1707e+01   1.2499e+00   0.0000e+00   0.0000e+00   2.8357e+02
20260106_12:00:00   3.5221e-02   1.1703e+01   1.2493e+00   0.0000e+00   0.0000e+00   2.7992e+02
20260106_15:00:00   3.6111e-02   1.1937e+01   1.4490e+00   0.0000e+00   0.0000e+00   2.7778e+02
20260106_18:00:00   3.6694e-02   1.2097e+01   1.5555e+00   0.0000e+00   0.0000e+00   2.7492e+02
20260106_21:00:00   3.6525e-02   1.2066e+01   1.4998e+00   0.0000e+00   0.0000e+00   2.7525e+02
20260107_00:00:00   3.7326e-02   1.2271e+01   1.6219e+00   0.0000e+00   0.0000e+00   2.7531e+02
20260107_03:00:00   3.7035e-02   1.2197e+01   1.6128e+00   0.0000e+00   0.0000e+00   2.7336e+02
20260107_06:00:00   3.7076e-02   1.2214e+01   1.6036e+00   0.0000e+00   0.0000e+00   2.6756e+02
20260107_09:00:00   3.7554e-02   1.2340e+01   1.6696e+00   0.0000e+00   0.0000e+00   2.6314e+02
20260107_12:00:00   3.5907e-02   1.1916e+01   1.3736e+00   0.0000e+00   0.0000e+00   2.6199e+02
20260107_15:00:00   3.4287e-02   1.1491e+01   1.0695e+00   0.0000e+00   0.0000e+00   2.6113e+02
20260107_18:00:00   3.3576e-02   1.1310e+01   9.2187e-01   0.0000e+00   0.0000e+00   2.6379e+02
20260107_21:00:00   3.4117e-02   1.1455e+01   1.0261e+00   0.0000e+00   0.0000e+00   2.6518e+02
20260108_00:00:00   3.4542e-02   1.1564e+01   1.1203e+00   0.0000e+00   0.0000e+00   2.6402e+02
20260108_03:00:00   3.3629e-02   1.1330e+01   9.7135e-01   0.0000e+00   0.0000e+00   2.6211e+02
20260108_06:00:00   3.4817e-02   1.1623e+01   1.2534e+00   0.0000e+00   0.0000e+00   2.5959e+02
20260108_09:00:00   3.5285e-02   1.1736e+01   1.4133e+00   0.0000e+00   0.0000e+00   2.5774e+02
20260108_12:00:00   3.6809e-02   1.2111e+01   1.7855e+00   0.0000e+00   0.0000e+00   2.5694e+02
20260108_15:00:00   4.0561e-02   1.3059e+01   2.6338e+00   0.0000e+00   0.0000e+00   2.5596e+02
20260108_18:00:00   4.1491e-02   1.3328e+01   2.7443e+00   0.0000e+00   0.0000e+00   2.5472e+02
20260108_21:00:00   4.1017e-02   1.3239e+01   2.5773e+00   0.0000e+00   0.0000e+00   2.5539e+02
20260109_00:00:00   4.2770e-02   1.3705e+01   2.9195e+00   0.0000e+00   0.0000e+00   2.5536e+02
20260109_03:00:00   4.4510e-02   1.4168e+01   3.2602e+00   0.0000e+00   0.0000e+00   2.5466e+02
20260109_06:00:00   4.3575e-02   1.3917e+01   3.0218e+00   0.0000e+00   0.0000e+00   2.5516e+02
20260109_09:00:00   4.2895e-02   1.3733e+01   2.8923e+00   0.0000e+00   0.0000e+00   2.5578e+02
20260109_12:00:00   4.2586e-02   1.3645e+01   2.8741e+00   0.0000e+00   0.0000e+00   2.5499e+02
20260109_15:00:00   4.1712e-02   1.3407e+01   2.7640e+00   0.0000e+00   0.0000e+00   2.5602e+02
20260109_18:00:00   4.2439e-02   1.3603e+01   2.9303e+00   0.0000e+00   0.0000e+00   2.5756e+02
20260109_21:00:00   4.6438e-02   1.4625e+01   3.7077e+00   0.0000e+00   0.0000e+00   2.5497e+02
20260110_00:00:00   5.1109e-02   1.5799e+01   4.6238e+00   1.3260e-05   1.5068e-04   2.5401e+02
20260110_03:00:00   4.7556e-02   1.4939e+01   3.8414e+00   3.8040e-05   0.0000e+00   2.5019e+02
20260110_06:00:00   4.1346e-02   1.3371e+01   2.5098e+00   0.0000e+00   0.0000e+00   2.4785e+02
20260110_09:00:00   3.9079e-02   1.2784e+01   2.0786e+00   0.0000e+00   0.0000e+00   2.4912e+02
20260110_12:00:00   3.8206e-02   1.2548e+01   1.9424e+00   0.0000e+00   0.0000e+00   2.5024e+02
20260110_15:00:00   3.7460e-02   1.2352e+01   1.8329e+00   0.0000e+00   0.0000e+00   2.4900e+02
20260110_18:00:00   3.8086e-02   1.2516e+01   1.9361e+00   0.0000e+00   0.0000e+00   2.4942e+02
20260110_21:00:00   3.8787e-02   1.2702e+01   2.0659e+00   0.0000e+00   0.0000e+00   2.4849e+02
20260111_00:00:00   3.9318e-02   1.2841e+01   2.1723e+00   0.0000e+00   0.0000e+00   2.4659e+02
20260111_03:00:00   3.9028e-02   1.2772e+01   2.1142e+00   0.0000e+00   0.0000e+00   2.4714e+02
20260111_06:00:00   3.9989e-02   1.3028e+01   2.2527e+00   0.0000e+00   0.0000e+00   2.4662e+02
20260111_09:00:00   4.0641e-02   1.3197e+01   2.3391e+00   0.0000e+00   0.0000e+00   2.5101e+02
20260111_12:00:00   4.0943e-02   1.3264e+01   2.4124e+00   0.0000e+00   0.0000e+00   2.5163e+02
20260111_15:00:00   4.0928e-02   1.3253e+01   2.4208e+00   0.0000e+00   0.0000e+00   2.5080e+02
20260111_18:00:00   4.0705e-02   1.3189e+01   2.3674e+00   0.0000e+00   0.0000e+00   2.5052e+02
20260111_21:00:00   4.1753e-02   1.3451e+01   2.5574e+00   0.0000e+00   0.0000e+00   2.5444e+02
20260112_00:00:00   4.2465e-02   1.3626e+01   2.7084e+00   0.0000e+00   0.0000e+00   2.5482e+02
20260112_03:00:00   4.2678e-02   1.3678e+01   2.7219e+00   0.0000e+00   0.0000e+00   2.5165e+02
20260112_06:00:00   4.3325e-02   1.3824e+01   2.8019e+00   0.0000e+00   0.0000e+00   2.5302e+02
