#            date       tau255        Tb[K]      pwv[mm] lwp[kg*m^-2] iwp[kg*m^-2]       o3[DU]
20251219_00:00:00   6.7592e-02   2.0116e+01   5.3235e+00   1.1487e-02   0.0000e+00   2.4364e+02
20251219_01:00:00   7.2223e-02   2.1289e+01   5.7115e+00   1.4480e-02   0.0000e+00   2.4402e+02
20251219_02:00:00   1.0443e-01   2.9397e+01   5.7763e+00   5.1330e-02   0.0000e+00   2.4388e+02
20251219_03:00:00   1.0477e-01   2.9500e+01   5.2985e+00   5.4860e-02   0.0000e+00   2.4422e+02
20251219_04:00:00   6.0126e-02   1.8167e+01   5.0550e+00   5.4390e-03   0.0000e+00   2.4290e+02
20251219_05:00:00   6.6287e-02   1.9774e+01   4.6429e+00   1.5947e-02   0.0000e+00   2.4273e+02
20251219_06:00:00   5.0510e-02   1.5689e+01   4.1420e+00   8.2120e-04   0.0000e+00   2.4463e+02
20251219_07:00:00   4.8480e-02   1.5158e+01   3.8911e+00   0.0000e+00   0.0000e+00   2.4655e+02
20251219_08:00:00   4.6475e-02   1.4645e+01   3.5276e+00   0.0000e+00   0.0000e+00   2.4721e+02
20251219_09:00:00   4.5921e-02   1.4501e+01   3.4109e+00   0.0000e+00   0.0000e+00   2.4660e+02
20251219_10:00:00   4.6137e-02   1.4552e+01   3.4639e+00   0.0000e+00   0.0000e+00   2.4543e+02
20251219_11:00:00   4.6093e-02   1.4528e+01   3.4969e+00   0.0000e+00   0.0000e+00   2.4461e+02
20251219_12:00:00   4.7053e-02   1.4757e+01   3.7239e+00   0.0000e+00   0.0000e+00   2.4399e+02
20251219_13:00:00   4.8117e-02   1.5028e+01   3.9372e+00   0.0000e+00   0.0000e+00   2.4419e+02
20251219_14:00:00   5.1385e-02   1.5839e+01   4.5813e+00   0.0000e+00   0.0000e+00   2.4231e+02
20251219_15:00:00   5.7695e-02   1.7408e+01   5.7396e+00   0.0000e+00   0.0000e+00   2.4174e+02
20251219_16:00:00   6.5369e-02   1.9349e+01   6.9517e+00   0.0000e+00   8.6380e-06   2.4205e+02
20251219_17:00:00   6.9229e-02   2.0326e+01   7.5310e+00   0.0000e+00   3.0185e-03   2.4163e+02
20251219_18:00:00   7.1150e-02   2.0806e+01   7.7920e+00   0.0000e+00   9.7955e-03   2.4167e+02
20251219_19:00:00   7.0395e-02   2.0673e+01   7.4787e+00   0.0000e+00   4.4167e-04   2.4120e+02
20251219_20:00:00   6.9541e-02   2.0487e+01   7.1997e+00   0.0000e+00   0.0000e+00   2.4035e+02
20251219_21:00:00   6.8554e-02   2.0246e+01   7.0521e+00   1.9200e-05   0.0000e+00   2.4087e+02
20251219_22:00:00   7.7306e-02   2.2496e+01   6.9182e+00   1.0738e-02   0.0000e+00   2.4142e+02
20251219_23:00:00   9.9163e-02   2.7990e+01   6.9705e+00   3.5290e-02   0.0000e+00   2.4065e+02
20251220_00:00:00   7.6254e-02   2.2221e+01   7.1477e+00   7.9710e-03   0.0000e+00   2.3999e+02
20251220_01:00:00   7.0575e-02   2.0789e+01   6.9013e+00   3.4498e-03   0.0000e+00   2.4039e+02
20251220_02:00:00   6.8204e-02   2.0186e+01   6.6654e+00   2.5443e-03   0.0000e+00   2.4065e+02
20251220_03:00:00   6.6036e-02   1.9624e+01   6.5701e+00   1.2713e-03   0.0000e+00   2.4246e+02
20251220_04:00:00   6.6590e-02   1.9750e+01   6.5362e+00   2.7319e-03   0.0000e+00   2.4292e+02
20251220_05:00:00   6.5861e-02   1.9519e+01   6.8344e+00   3.8670e-04   1.2736e-04   2.4331e+02
20251220_06:00:00   6.4917e-02   1.9269e+01   6.7714e+00   1.3640e-05   6.7300e-04   2.4208e+02
20251220_07:00:00   6.4493e-02   1.9167e+01   6.6727e+00   4.7100e-05   2.1000e-06   2.4330e+02
20251220_08:00:00   6.3883e-02   1.9009e+01   6.5946e+00   7.9940e-06   4.1040e-06   2.4392e+02
20251220_09:00:00   6.3187e-02   1.8833e+01   6.4935e+00   1.0100e-06   0.0000e+00   2.4573e+02
20251220_10:00:00   6.3105e-02   1.8806e+01   6.4732e+00   1.0540e-05   0.0000e+00   2.4606e+02
20251220_11:00:00   6.3292e-02   1.8842e+01   6.5447e+00   9.3360e-07   1.5548e-05   2.4629e+02
20251220_12:00:00   6.3142e-02   1.8796e+01   6.5264e+00   0.0000e+00   1.8883e-04   2.4536e+02
20251220_13:00:00   6.3104e-02   1.8775e+01   6.5509e+00   0.0000e+00   1.2670e-03   2.4575e+02
20251220_14:00:00   6.3700e-02   1.8921e+01   6.6330e+00   0.0000e+00   1.8768e-03   2.4640e+02
20251220_15:00:00   6.2287e-02   1.8570e+01   6.4293e+00   0.0000e+00   1.6414e-03   2.4806e+02
20251220_16:00:00   6.0787e-02   1.8202e+01   6.1977e+00   0.0000e+00   9.9106e-04   2.4906e+02
20251220_17:00:00   6.0462e-02   1.8135e+01   6.1037e+00   0.0000e+00   2.0298e-04   2.5008e+02
20251220_18:00:00   6.0249e-02   1.8098e+01   6.0176e+00   0.0000e+00   6.0041e-05   2.5055e+02
20251220_19:00:00   6.0902e-02   1.8266e+01   6.1320e+00   0.0000e+00   1.7186e-04   2.5034e+02
20251220_20:00:00   6.0875e-02   1.8268e+01   6.1095e+00   0.0000e+00   3.1122e-05   2.4910e+02
20251220_21:00:00   6.2039e-02   1.8555e+01   6.3349e+00   0.0000e+00   6.5310e-05   2.4785e+02
20251220_22:00:00   6.2857e-02   1.8768e+01   6.4600e+00   1.4830e-04   4.8048e-05   2.4863e+02
20251220_23:00:00   6.4976e-02   1.9316e+01   6.6715e+00   7.2460e-04   1.4910e-04   2.4959e+02
20251221_00:00:00   6.7007e-02   1.9840e+01   6.8814e+00   1.1825e-03   8.2301e-04   2.4998e+02
20251221_01:00:00   7.9846e-02   2.3135e+01   6.9704e+00   1.5184e-02   2.9840e-07   2.4985e+02
20251221_02:00:00   8.3557e-02   2.4091e+01   6.8522e+00   2.0278e-02   0.0000e+00   2.4866e+02
20251221_03:00:00   6.6153e-02   1.9671e+01   6.4618e+00   3.1160e-03   0.0000e+00   2.4792e+02
20251221_04:00:00   6.6215e-02   1.9679e+01   6.4174e+00   3.9590e-03   0.0000e+00   2.4654e+02
20251221_05:00:00   6.4843e-02   1.9323e+01   6.2953e+00   3.5330e-03   0.0000e+00   2.4536e+02
20251221_06:00:00   6.4080e-02   1.9125e+01   6.3411e+00   2.3670e-03   0.0000e+00   2.4458e+02
20251221_07:00:00   6.1272e-02   1.8395e+01   6.2333e+00   0.0000e+00   1.5686e-05   2.4433e+02
20251221_08:00:00   6.3808e-02   1.9025e+01   6.6455e+00   0.0000e+00   8.1802e-05   2.4495e+02
20251221_09:00:00   6.5047e-02   1.9325e+01   6.8933e+00   0.0000e+00   1.1466e-04   2.4459e+02
20251221_10:00:00   6.5806e-02   1.9505e+01   7.0450e+00   0.0000e+00   1.7020e-04   2.4502e+02
20251221_11:00:00   6.5626e-02   1.9456e+01   7.0281e+00   0.0000e+00   4.4400e-04   2.4507e+02
20251221_12:00:00   6.4922e-02   1.9283e+01   6.9232e+00   0.0000e+00   1.4838e-04   2.4490e+02
20251221_13:00:00   6.5492e-02   1.9416e+01   7.0401e+00   0.0000e+00   3.5005e-05   2.4533e+02
20251221_14:00:00   6.6407e-02   1.9633e+01   7.2102e+00   0.0000e+00   1.0001e-04   2.4674e+02
20251221_15:00:00   6.6034e-02   1.9540e+01   7.1720e+00   0.0000e+00   3.3799e-04   2.4811e+02
20251221_16:00:00   6.5141e-02   1.9327e+01   7.0059e+00   0.0000e+00   3.6436e-04   2.4882e+02
20251221_17:00:00   6.4734e-02   1.9233e+01   6.9328e+00   0.0000e+00   5.3594e-04   2.4883e+02
20251221_18:00:00   6.5280e-02   1.9363e+01   7.0305e+00   0.0000e+00   5.4301e-03   2.4782e+02
20251221_19:00:00   6.5743e-02   1.9470e+01   7.1299e+00   0.0000e+00   6.7877e-03   2.4683e+02
20251221_20:00:00   6.6431e-02   1.9637e+01   7.2477e+00   0.0000e+00   2.5921e-02   2.4649e+02
20251221_21:00:00   6.6983e-02   1.9771e+01   7.3568e+00   0.0000e+00   1.8403e-02   2.4590e+02
20251221_22:00:00   6.7008e-02   1.9780e+01   7.3757e+00   0.0000e+00   1.3362e-02   2.4636e+02
20251221_23:00:00   6.6594e-02   1.9684e+01   7.3086e+00   0.0000e+00   4.5888e-03   2.4649e+02
20251222_00:00:00   6.6527e-02   1.9669e+01   7.3129e+00   0.0000e+00   2.3150e-03   2.4545e+02
20251222_01:00:00   6.6482e-02   1.9658e+01   7.3554e+00   0.0000e+00   2.2673e-04   2.4511e+02
20251222_02:00:00   6.6652e-02   1.9701e+01   7.4106e+00   0.0000e+00   4.9338e-03   2.4478e+02
20251222_03:00:00   6.7322e-02   1.9864e+01   7.5238e+00   0.0000e+00   1.4766e-03   2.4506e+02
20251222_04:00:00   6.7707e-02   1.9967e+01   7.5630e+00   0.0000e+00   3.8268e-04   2.4478e+02
20251222_05:00:00   6.7805e-02   1.9994e+01   7.5661e+00   0.0000e+00   7.0182e-05   2.4396e+02
20251222_06:00:00   6.7881e-02   2.0015e+01   7.5742e+00   0.0000e+00   7.0022e-06   2.4331e+02
20251222_07:00:00   6.7374e-02   1.9898e+01   7.4980e+00   0.0000e+00   6.7080e-06   2.4301e+02
20251222_08:00:00   6.7240e-02   1.9863e+01   7.4867e+00   0.0000e+00   6.7080e-06   2.4274e+02
20251222_09:00:00   6.7544e-02   1.9936e+01   7.5263e+00   0.0000e+00   0.0000e+00   2.4239e+02
20251222_10:00:00   6.7759e-02   1.9988e+01   7.5854e+00   0.0000e+00   0.0000e+00   2.4149e+02
20251222_11:00:00   6.8347e-02   2.0135e+01   7.6796e+00   0.0000e+00   0.0000e+00   2.4019e+02
20251222_12:00:00   6.9603e-02   2.0439e+01   7.9097e+00   0.0000e+00   0.0000e+00   2.4027e+02
20251222_13:00:00   7.0784e-02   2.0740e+01   8.1038e+00   0.0000e+00   0.0000e+00   2.4016e+02
20251222_14:00:00   7.1363e-02   2.0901e+01   8.1784e+00   0.0000e+00   0.0000e+00   2.4006e+02
20251222_15:00:00   7.1550e-02   2.0964e+01   8.1843e+00   0.0000e+00   0.0000e+00   2.4097e+02
20251222_16:00:00   7.1298e-02   2.0915e+01   8.1261e+00   0.0000e+00   0.0000e+00   2.4110e+02
20251222_17:00:00   7.0952e-02   2.0840e+01   8.0772e+00   0.0000e+00   0.0000e+00   2.4116e+02
20251222_18:00:00   7.0450e-02   2.0724e+01   7.9828e+00   0.0000e+00   1.3318e-05   2.4058e+02
20251222_19:00:00   6.9636e-02   2.0532e+01   7.8498e+00   0.0000e+00   9.3220e-05   2.4001e+02
20251222_20:00:00   6.8572e-02   2.0274e+01   7.6751e+00   0.0000e+00   0.0000e+00   2.3954e+02
20251222_21:00:00   6.6971e-02   1.9881e+01   7.4459e+00   0.0000e+00   0.0000e+00   2.3969e+02
20251222_22:00:00   6.6305e-02   1.9713e+01   7.3372e+00   3.5600e-05   0.0000e+00   2.3991e+02
20251222_23:00:00   6.5065e-02   1.9401e+01   7.1553e+00   7.5190e-06   0.0000e+00   2.4013e+02
20251223_00:00:00   6.3560e-02   1.9024e+01   6.9602e+00   1.6270e-06   0.0000e+00   2.3997e+02
20251223_01:00:00   6.3416e-02   1.8987e+01   6.9554e+00   8.5080e-07   0.0000e+00   2.3948e+02
20251223_02:00:00   6.3505e-02   1.9004e+01   7.0170e+00   3.1100e-05   0.0000e+00   2.3923e+02
20251223_03:00:00   6.3268e-02   1.8938e+01   7.0104e+00   0.0000e+00   0.0000e+00   2.3844e+02
20251223_04:00:00   6.3855e-02   1.9084e+01   7.0984e+00   6.9520e-07   0.0000e+00   2.3632e+02
20251223_05:00:00   6.4668e-02   1.9272e+01   7.2340e+00   0.0000e+00   0.0000e+00   2.3493e+02
20251223_06:00:00   6.5062e-02   1.9367e+01   7.2766e+00   0.0000e+00   0.0000e+00   2.3411e+02
20251223_07:00:00   6.5790e-02   1.9543e+01   7.3683e+00   2.0170e-06   0.0000e+00   2.3339e+02
20251223_08:00:00   6.6141e-02   1.9629e+01   7.4198e+00   0.0000e+00   0.0000e+00   2.3248e+02
20251223_09:00:00   6.7256e-02   1.9900e+01   7.5882e+00   0.0000e+00   0.0000e+00   2.3230e+02
20251223_10:00:00   6.8263e-02   2.0155e+01   7.7089e+00   0.0000e+00   0.0000e+00   2.3246e+02
20251223_11:00:00   6.8034e-02   2.0098e+01   7.6760e+00   0.0000e+00   0.0000e+00   2.3195e+02
20251223_12:00:00   6.8326e-02   2.0159e+01   7.7289e+00   0.0000e+00   0.0000e+00   2.3103e+02
20251223_13:00:00   6.9518e-02   2.0446e+01   7.9347e+00   0.0000e+00   0.0000e+00   2.3112e+02
20251223_14:00:00   7.0412e-02   2.0657e+01   8.1168e+00   3.7930e-06   4.5000e-04   2.3193e+02
20251223_15:00:00   7.0833e-02   2.0752e+01   8.2082e+00   0.0000e+00   9.0694e-04   2.3290e+02
20251223_16:00:00   7.0959e-02   2.0773e+01   8.2521e+00   3.0030e-05   4.9047e-04   2.3449e+02
20251223_17:00:00   7.1278e-02   2.0841e+01   8.3388e+00   4.9930e-06   2.4058e-03   2.3494e+02
20251223_18:00:00   7.1618e-02   2.0926e+01   8.3766e+00   9.0240e-07   2.1158e-03   2.3482e+02
20251223_19:00:00   7.3344e-02   2.1357e+01   8.6022e+00   1.1210e-06   9.3241e-04   2.3554e+02
20251223_20:00:00   7.4264e-02   2.1606e+01   8.7234e+00   1.1610e-05   5.0308e-04   2.3544e+02
20251223_21:00:00   7.3396e-02   2.1394e+01   8.6062e+00   3.9340e-06   6.9973e-04   2.3577e+02
20251223_22:00:00   7.0804e-02   2.0752e+01   8.2030e+00   8.0210e-05   6.2358e-04   2.3581e+02
20251223_23:00:00   7.0040e-02   2.0558e+01   7.9849e+00   1.1350e-03   4.4841e-03   2.3571e+02
20251224_00:00:00   7.0045e-02   2.0537e+01   8.0436e+00   9.4284e-04   3.4243e-03   2.3653e+02
20251224_03:00:00   6.8322e-02   2.0065e+01   7.9019e+00   1.1680e-04   1.7962e-02   2.3547e+02
20251224_06:00:00   6.3035e-02   1.8769e+01   6.8937e+00   1.2020e-04   1.5217e-02   2.3609e+02
20251224_09:00:00   6.4616e-02   1.9164e+01   7.0542e+00   0.0000e+00   1.8440e-03   2.3725e+02
20251224_12:00:00   6.6409e-02   1.9598e+01   7.3356e+00   0.0000e+00   6.5707e-04   2.3769e+02
20251224_15:00:00   6.2030e-02   1.8535e+01   6.4142e+00   0.0000e+00   0.0000e+00   2.4295e+02
20251224_18:00:00   5.7545e-02   1.7420e+01   5.6453e+00   0.0000e+00   0.0000e+00   2.4774e+02
20251224_21:00:00   5.7706e-02   1.7485e+01   5.5755e+00   0.0000e+00   0.0000e+00   2.5177e+02
20251225_00:00:00   5.5046e-02   1.6803e+01   5.2201e+00   1.6750e-07   0.0000e+00   2.5021e+02
20251225_03:00:00   5.1059e-02   1.5824e+01   4.4875e+00   0.0000e+00   0.0000e+00   2.5150e+02
20251225_06:00:00   5.3816e-02   1.6507e+01   5.0420e+00   0.0000e+00   2.4038e-04   2.4943e+02
20251225_09:00:00   5.4839e-02   1.6801e+01   5.1073e+00   0.0000e+00   1.5226e-03   2.4817e+02
20251225_12:00:00   5.4917e-02   1.6813e+01   5.1571e+00   0.0000e+00   8.5435e-04   2.4905e+02
20251225_15:00:00   5.5345e-02   1.6900e+01   5.3211e+00   0.0000e+00   2.8760e-06   2.4778e+02
20251225_18:00:00   5.4506e-02   1.6694e+01   5.1496e+00   0.0000e+00   1.0667e-03   2.4700e+02
20251225_21:00:00   5.5779e-02   1.7001e+01   5.4673e+00   0.0000e+00   5.6230e-03   2.4799e+02
20251226_00:00:00   5.8479e-02   1.7683e+01   6.0132e+00   2.3650e-04   1.3887e-04   2.4594e+02
20251226_03:00:00   5.9299e-02   1.7914e+01   6.0642e+00   2.9490e-07   0.0000e+00   2.4783e+02
20251226_06:00:00   6.2553e-02   1.8740e+01   6.6604e+00   0.0000e+00   4.5295e-04   2.4855e+02
20251226_09:00:00   6.5417e-02   1.9456e+01   7.1503e+00   0.0000e+00   1.2755e-04   2.4866e+02
20251226_12:00:00   6.7370e-02   1.9952e+01   7.4120e+00   0.0000e+00   3.5020e-05   2.4786e+02
20251226_15:00:00   6.8075e-02   2.0134e+01   7.5305e+00   0.0000e+00   9.8520e-05   2.4848e+02
20251226_18:00:00   7.1680e-02   2.1020e+01   8.1064e+00   0.0000e+00   0.0000e+00   2.4970e+02
20251226_21:00:00   7.1109e-02   2.0901e+01   7.9706e+00   0.0000e+00   1.3820e-05   2.4837e+02
20251227_00:00:00   6.9368e-02   2.0485e+01   7.5527e+00   7.4640e-04   0.0000e+00   2.4538e+02
20251227_03:00:00   6.8632e-02   2.0305e+01   7.4777e+00   2.9360e-06   0.0000e+00   2.4398e+02
20251227_06:00:00   6.8606e-02   2.0296e+01   7.4569e+00   0.0000e+00   6.4380e-05   2.4436e+02
20251227_09:00:00   6.6734e-02   1.9826e+01   7.1226e+00   0.0000e+00   1.6209e-05   2.4677e+02
20251227_12:00:00   6.4313e-02   1.9227e+01   6.6749e+00   0.0000e+00   0.0000e+00   2.4662e+02
20251227_15:00:00   6.2887e-02   1.8864e+01   6.4386e+00   0.0000e+00   0.0000e+00   2.4799e+02
20251227_18:00:00   6.1560e-02   1.8545e+01   6.1187e+00   0.0000e+00   0.0000e+00   2.4832e+02
20251227_21:00:00   6.0214e-02   1.8215e+01   5.8685e+00   0.0000e+00   0.0000e+00   2.4696e+02
20251228_00:00:00   6.1019e-02   1.8416e+01   5.9516e+00   5.5170e-05   0.0000e+00   2.4430e+02
20251228_03:00:00   6.1994e-02   1.8669e+01   5.9715e+00   9.1000e-04   0.0000e+00   2.4271e+02
20251228_06:00:00   6.1211e-02   1.8455e+01   5.9349e+00   2.2070e-04   0.0000e+00   2.4375e+02
20251228_09:00:00   6.1078e-02   1.8430e+01   5.6428e+00   2.0685e-03   0.0000e+00   2.4445e+02
20251228_12:00:00   6.0152e-02   1.8150e+01   5.8102e+00   0.0000e+00   0.0000e+00   2.4480e+02
20251228_15:00:00   5.7720e-02   1.7549e+01   5.3841e+00   0.0000e+00   0.0000e+00   2.4602e+02
20251228_18:00:00   5.5563e-02   1.7001e+01   5.0187e+00   0.0000e+00   0.0000e+00   2.4681e+02
20251228_21:00:00   5.7220e-02   1.7409e+01   5.2087e+00   0.0000e+00   0.0000e+00   2.4679e+02
20251229_00:00:00   1.4657e-01   3.9509e+01   6.2598e+00   9.3900e-02   0.0000e+00   2.4571e+02
20251229_03:00:00   6.4330e-02   1.9216e+01   5.8626e+00   3.6870e-03   0.0000e+00   2.4459e+02
20251229_06:00:00   5.9273e-02   1.7909e+01   5.5313e+00   3.7520e-04   1.7276e-06   2.4559e+02
20251229_09:00:00   5.5821e-02   1.7029e+01   5.0694e+00   0.0000e+00   0.0000e+00   2.4548e+02
20251229_12:00:00   5.3940e-02   1.6546e+01   4.7843e+00   0.0000e+00   0.0000e+00   2.4657e+02
20251229_15:00:00   5.3241e-02   1.6354e+01   4.6809e+00   0.0000e+00   0.0000e+00   2.4782e+02
20251229_18:00:00   5.4206e-02   1.6602e+01   4.7718e+00   0.0000e+00   0.0000e+00   2.4837e+02
20251229_21:00:00   5.2742e-02   1.6230e+01   4.5473e+00   9.3880e-06   2.6640e-05   2.4901e+02
20251230_00:00:00   5.4806e-02   1.6743e+01   4.6219e+00   2.6237e-03   2.1360e-03   2.4702e+02
20251230_03:00:00   5.7440e-02   1.7419e+01   4.6741e+00   5.8390e-03   4.7936e-03   2.4567e+02
20251230_06:00:00   5.3095e-02   1.6250e+01   4.8677e+00   0.0000e+00   1.3536e-03   2.4767e+02
20251230_09:00:00   5.3038e-02   1.6243e+01   4.8113e+00   0.0000e+00   0.0000e+00   2.5000e+02
20251230_12:00:00   5.4977e-02   1.6689e+01   5.2614e+00   1.1740e-06   7.3766e-03   2.4989e+02
20251230_15:00:00   5.6527e-02   1.7054e+01   5.5512e+00   0.0000e+00   1.5744e-02   2.4975e+02
20251230_18:00:00   5.3014e-02   1.6189e+01   4.8074e+00   0.0000e+00   1.0581e-01   2.5228e+02
20251230_21:00:00   5.2973e-02   1.6209e+01   4.8001e+00   4.0230e-05   4.2549e-04   2.5306e+02
20251231_00:00:00   8.0937e-02   2.3381e+01   5.2890e+00   2.9395e-02   1.2870e-03   2.5263e+02
20251231_03:00:00   5.7535e-02   1.7353e+01   5.6385e+00   2.0497e-04   2.3339e-04   2.5267e+02
20251231_06:00:00   5.9837e-02   1.7938e+01   5.9602e+00   0.0000e+00   1.3586e-05   2.5439e+02
20251231_09:00:00   5.9601e-02   1.7873e+01   6.0053e+00   0.0000e+00   8.9091e-04   2.5526e+02
20251231_12:00:00   6.5318e-02   1.9310e+01   6.7431e+00   0.0000e+00   8.4963e-04   2.5605e+02
20251231_15:00:00   6.5965e-02   1.9476e+01   6.7666e+00   0.0000e+00   1.2096e-02   2.5588e+02
20251231_18:00:00   6.2366e-02   1.8601e+01   6.1718e+00   0.0000e+00   6.2470e-04   2.5745e+02
20251231_21:00:00   6.0189e-02   1.8079e+01   5.7507e+00   6.4240e-07   7.5408e-04   2.5930e+02
20260101_00:00:00   9.2517e-02   2.6235e+01   6.5765e+00   3.0231e-02   2.7450e-04   2.5698e+02
20260101_03:00:00   7.2056e-02   2.1051e+01   7.0034e+00   4.4440e-03   3.6561e-03   2.5543e+02
20260101_06:00:00   1.3622e-01   3.6844e+01   7.1439e+00   7.5639e-02   1.6678e-03   2.5647e+02
20260101_09:00:00   9.7599e-02   2.7390e+01   7.0639e+00   3.1104e-02   1.8339e-03   2.5669e+02
20260101_12:00:00   8.5207e-02   2.4316e+01   7.0802e+00   1.7543e-02   2.2260e-03   2.5795e+02
20260101_15:00:00   6.9779e-02   2.0430e+01   6.7789e+00   2.8232e-03   2.4331e-03   2.5766e+02
20260101_18:00:00   6.4529e-02   1.9136e+01   6.2833e+00   0.0000e+00   0.0000e+00   2.5761e+02
20260101_21:00:00   6.9507e-02   2.0371e+01   6.8961e+00   1.8300e-04   0.0000e+00   2.5915e+02
20260102_00:00:00   1.3700e-01   3.6916e+01   8.0116e+00   7.0840e-02   1.0673e-04   2.5510e+02
20260102_03:00:00   7.4652e-02   2.1625e+01   7.8383e+00   1.5390e-03   2.2805e-04   2.5231e+02
20260102_06:00:00   6.9210e-02   2.0271e+01   7.1704e+00   1.1020e-05   2.1840e-06   2.5219e+02
20260102_09:00:00   6.6009e-02   1.9482e+01   6.6942e+00   0.0000e+00   0.0000e+00   2.5297e+02
20260102_12:00:00   6.3893e-02   1.8969e+01   6.2943e+00   0.0000e+00   0.0000e+00   2.5151e+02
20260102_15:00:00   6.0228e-02   1.8051e+01   5.7116e+00   0.0000e+00   0.0000e+00   2.5203e+02
20260102_18:00:00   5.8196e-02   1.7533e+01   5.4575e+00   0.0000e+00   7.7019e-04   2.5147e+02
20260102_21:00:00   5.8673e-02   1.7640e+01   5.5694e+00   1.2140e-06   2.9904e-03   2.4937e+02
20260103_00:00:00   5.6943e-02   1.7164e+01   5.5148e+00   2.0190e-05   4.2313e-02   2.4724e+02
20260103_03:00:00   6.7554e-02   1.9849e+01   6.2999e+00   6.9290e-03   3.8398e-02   2.4717e+02
20260103_06:00:00   6.1348e-02   1.8209e+01   6.3222e+00   2.7510e-07   8.8554e-02   2.5196e+02
20260103_09:00:00   6.5875e-02   1.9358e+01   6.9566e+00   0.0000e+00   8.6653e-02   2.5323e+02
20260103_12:00:00   7.8449e-02   2.2470e+01   8.6641e+00   8.7680e-08   1.3108e-01   2.5416e+02
20260103_15:00:00   8.4984e-02   2.4071e+01   9.6922e+00   7.4780e-05   1.1407e-01   2.5517e+02
20260103_18:00:00   8.1629e-02   2.3207e+01   9.3796e+00   0.0000e+00   2.6005e-01   2.5693e+02
20260103_21:00:00   8.4903e-02   2.3978e+01   9.9283e+00   0.0000e+00   3.2719e-01   2.6056e+02
20260104_00:00:00   8.9665e-02   2.5129e+01   1.0491e+01   6.6002e-04   3.4478e-01   2.5991e+02
