#            date       tau255        Tb[K]      pwv[mm] lwp[kg*m^-2] iwp[kg*m^-2]       o3[DU]
20260715_06:00:00   6.6741e-02   2.0189e+01   2.6036e+00   3.2197e-02   0.0000e+00   2.7143e+02
20260715_07:00:00   4.6124e-02   1.4749e+01   2.6828e+00   7.2562e-03   0.0000e+00   2.7123e+02
20260715_08:00:00   4.2401e-02   1.3752e+01   2.7223e+00   2.5668e-03   0.0000e+00   2.7109e+02
20260715_09:00:00   4.1513e-02   1.3509e+01   2.7714e+00   1.2580e-03   1.6576e-04   2.7044e+02
20260715_10:00:00   4.0580e-02   1.3252e+01   2.7266e+00   4.8118e-04   1.4550e-04   2.7420e+02
20260715_11:00:00   4.0509e-02   1.3222e+01   2.7947e+00   4.6840e-05   5.4320e-04   2.7608e+02
20260715_12:00:00   4.0677e-02   1.3282e+01   2.6240e+00   1.1137e-03   6.0300e-05   2.7539e+02
20260715_13:00:00   4.6740e-02   1.4906e+01   2.4821e+00   9.0250e-03   5.6720e-05   2.7413e+02
20260715_14:00:00   3.8143e-02   1.2612e+01   2.2751e+00   2.2940e-07   0.0000e+00   2.7488e+02
20260715_15:00:00   3.7469e-02   1.2429e+01   2.1359e+00   0.0000e+00   1.2214e-05   2.7507e+02
20260715_16:00:00   3.7154e-02   1.2343e+01   2.0603e+00   0.0000e+00   0.0000e+00   2.7327e+02
20260715_17:00:00   3.6587e-02   1.2197e+01   1.9294e+00   2.1670e-06   0.0000e+00   2.7438e+02
20260715_18:00:00   3.6257e-02   1.2115e+01   1.8500e+00   0.0000e+00   0.0000e+00   2.7409e+02
20260715_19:00:00   3.6072e-02   1.2070e+01   1.8014e+00   0.0000e+00   0.0000e+00   2.7483e+02
20260715_20:00:00   3.6279e-02   1.2121e+01   1.8535e+00   3.1950e-06   0.0000e+00   2.7577e+02
20260715_21:00:00   3.7114e-02   1.2334e+01   2.0384e+00   5.8670e-05   0.0000e+00   2.7382e+02
20260715_22:00:00   4.4173e-02   1.4216e+01   2.4215e+00   6.2610e-03   0.0000e+00   2.6992e+02
20260715_23:00:00   5.4546e-02   1.6963e+01   2.6539e+00   1.7043e-02   0.0000e+00   2.7453e+02
20260716_00:00:00   9.3250e-02   2.6919e+01   3.0185e+00   5.9830e-02   0.0000e+00   2.7485e+02
20260716_01:00:00   1.3196e-01   3.6461e+01   3.4438e+00   1.0197e-01   0.0000e+00   2.7535e+02
20260716_02:00:00   8.2012e-02   2.4106e+01   2.8028e+00   4.8280e-02   0.0000e+00   2.7432e+02
20260716_03:00:00   4.1451e-02   1.3503e+01   2.6979e+00   1.2954e-03   0.0000e+00   2.7344e+02
20260716_04:00:00   6.4317e-02   1.9563e+01   2.7061e+00   2.8216e-02   0.0000e+00   2.7270e+02
20260716_05:00:00   4.1082e-02   1.3417e+01   2.5039e+00   2.0568e-03   0.0000e+00   2.7046e+02
20260716_06:00:00   3.8321e-02   1.2677e+01   2.3011e+00   2.4320e-05   0.0000e+00   2.6707e+02
20260716_07:00:00   3.7608e-02   1.2496e+01   2.1172e+00   1.4790e-04   0.0000e+00   2.7024e+02
20260716_08:00:00   3.6793e-02   1.2283e+01   1.9651e+00   0.0000e+00   0.0000e+00   2.7359e+02
20260716_09:00:00   3.6199e-02   1.2127e+01   1.8327e+00   0.0000e+00   0.0000e+00   2.7323e+02
20260716_10:00:00   3.5998e-02   1.2075e+01   1.7809e+00   0.0000e+00   0.0000e+00   2.7203e+02
20260716_11:00:00   3.5879e-02   1.2044e+01   1.7483e+00   0.0000e+00   0.0000e+00   2.6938e+02
20260716_12:00:00   3.5764e-02   1.2010e+01   1.7306e+00   0.0000e+00   0.0000e+00   2.6687e+02
20260716_13:00:00   3.5662e-02   1.1981e+01   1.7183e+00   0.0000e+00   1.6194e-05   2.6524e+02
20260716_14:00:00   3.5167e-02   1.1847e+01   1.6262e+00   0.0000e+00   1.8110e-06   2.6484e+02
20260716_15:00:00   3.5191e-02   1.1847e+01   1.6486e+00   0.0000e+00   0.0000e+00   2.6494e+02
20260716_16:00:00   3.5388e-02   1.1893e+01   1.6996e+00   0.0000e+00   0.0000e+00   2.6576e+02
20260716_17:00:00   3.5688e-02   1.1974e+01   1.7629e+00   0.0000e+00   0.0000e+00   2.7139e+02
20260716_18:00:00   3.7028e-02   1.2331e+01   2.0389e+00   0.0000e+00   0.0000e+00   2.7220e+02
20260716_19:00:00   3.8559e-02   1.2746e+01   2.3122e+00   1.7480e-06   0.0000e+00   2.6925e+02
20260716_20:00:00   4.0057e-02   1.3151e+01   2.5457e+00   2.2974e-04   0.0000e+00   2.7048e+02
20260716_21:00:00   4.1112e-02   1.3436e+01   2.6925e+00   4.0048e-04   0.0000e+00   2.7103e+02
20260716_22:00:00   4.9635e-02   1.5703e+01   2.9055e+00   9.0130e-03   1.7888e-04   2.7210e+02
20260716_23:00:00   4.5436e-02   1.4587e+01   2.9286e+00   3.8990e-03   1.2400e-03   2.7063e+02
20260717_00:00:00   4.3269e-02   1.4011e+01   2.8173e+00   2.2706e-03   1.4118e-03   2.6992e+02
20260717_01:00:00   4.5277e-02   1.4554e+01   2.6791e+00   5.6830e-03   1.4922e-03   2.6823e+02
20260717_02:00:00   4.7924e-02   1.5263e+01   2.5738e+00   9.6950e-03   2.1640e-03   2.6687e+02
20260717_03:00:00   4.5857e-02   1.4713e+01   2.4109e+00   8.4050e-03   2.7640e-03   2.6504e+02
20260717_04:00:00   3.8289e-02   1.2677e+01   2.3154e+00   8.2470e-05   4.0000e-03   2.6792e+02
20260717_05:00:00   3.7955e-02   1.2583e+01   2.2839e+00   2.0290e-05   3.4401e-03   2.7273e+02
20260717_06:00:00   3.8041e-02   1.2602e+01   2.3209e+00   0.0000e+00   2.9957e-03   2.7214e+02
20260717_07:00:00   3.7884e-02   1.2559e+01   2.2882e+00   0.0000e+00   2.7675e-03   2.7382e+02
20260717_08:00:00   3.7683e-02   1.2506e+01   2.2471e+00   0.0000e+00   3.2077e-03   2.7170e+02
20260717_09:00:00   3.7872e-02   1.2555e+01   2.2782e+00   1.3200e-06   3.0115e-03   2.7277e+02
20260717_10:00:00   3.8257e-02   1.2659e+01   2.3470e+00   2.1180e-06   2.9780e-03   2.7416e+02
20260717_11:00:00   3.8478e-02   1.2717e+01   2.3826e+00   0.0000e+00   2.2063e-03   2.7324e+02
20260717_12:00:00   3.7931e-02   1.2571e+01   2.2525e+00   0.0000e+00   1.6046e-03   2.7252e+02
20260717_13:00:00   3.7709e-02   1.2510e+01   2.2198e+00   0.0000e+00   3.1167e-03   2.6841e+02
20260717_14:00:00   3.7705e-02   1.2512e+01   2.2010e+00   0.0000e+00   4.5720e-03   2.6742e+02
20260717_15:00:00   3.7957e-02   1.2579e+01   2.2526e+00   0.0000e+00   4.3560e-03   2.6509e+02
20260717_16:00:00   3.8057e-02   1.2605e+01   2.2712e+00   0.0000e+00   2.9220e-03   2.6660e+02
20260717_17:00:00   3.8261e-02   1.2659e+01   2.3046e+00   0.0000e+00   1.9209e-03   2.6991e+02
20260717_18:00:00   3.8817e-02   1.2810e+01   2.4135e+00   0.0000e+00   6.9721e-04   2.7150e+02
20260717_19:00:00   3.9154e-02   1.2901e+01   2.4763e+00   0.0000e+00   4.2905e-04   2.7011e+02
20260717_20:00:00   3.9405e-02   1.2968e+01   2.5198e+00   2.5310e-05   2.4039e-04   2.6916e+02
20260717_21:00:00   4.0445e-02   1.3245e+01   2.6846e+00   1.9090e-04   5.1299e-04   2.6972e+02
20260717_22:00:00   4.4945e-02   1.4447e+01   2.9909e+00   3.4780e-03   3.5180e-04   2.7165e+02
20260717_23:00:00   5.7618e-02   1.7803e+01   3.2171e+00   1.6900e-02   5.2320e-05   2.6928e+02
20260718_00:00:00   1.0107e-01   2.8987e+01   3.5355e+00   6.6070e-02   6.7160e-06   2.6574e+02
20260718_01:00:00   1.5476e-01   4.2097e+01   3.7832e+00   1.2777e-01   0.0000e+00   2.6799e+02
20260718_02:00:00   8.5358e-02   2.5016e+01   3.5046e+00   4.8040e-02   0.0000e+00   2.6884e+02
20260718_03:00:00   5.1528e-02   1.6214e+01   3.2931e+00   9.5000e-03   5.3260e-06   2.7343e+02
20260718_04:00:00   6.8110e-02   2.0597e+01   3.2438e+00   2.9649e-02   1.9896e-05   2.7370e+02
20260718_05:00:00   4.8579e-02   1.5446e+01   3.0854e+00   7.3200e-03   0.0000e+00   2.7272e+02
20260718_06:00:00   4.5150e-02   1.4531e+01   3.1058e+00   2.9038e-03   0.0000e+00   2.7360e+02
20260718_07:00:00   4.2088e-02   1.3714e+01   2.9656e+00   6.8640e-05   0.0000e+00   2.7240e+02
20260718_08:00:00   4.0953e-02   1.3414e+01   2.7633e+00   0.0000e+00   0.0000e+00   2.7309e+02
20260718_09:00:00   4.0399e-02   1.3265e+01   2.6625e+00   0.0000e+00   0.0000e+00   2.7330e+02
20260718_10:00:00   4.0139e-02   1.3192e+01   2.6175e+00   0.0000e+00   0.0000e+00   2.7366e+02
20260718_11:00:00   4.0049e-02   1.3165e+01   2.6048e+00   0.0000e+00   0.0000e+00   2.7128e+02
20260718_12:00:00   3.9972e-02   1.3140e+01   2.5961e+00   0.0000e+00   0.0000e+00   2.7002e+02
20260718_13:00:00   3.9712e-02   1.3070e+01   2.5587e+00   0.0000e+00   0.0000e+00   2.7091e+02
20260718_14:00:00   3.9449e-02   1.3003e+01   2.5116e+00   0.0000e+00   0.0000e+00   2.7143e+02
20260718_15:00:00   3.9121e-02   1.2919e+01   2.4391e+00   0.0000e+00   0.0000e+00   2.7135e+02
20260718_16:00:00   3.8875e-02   1.2854e+01   2.3828e+00   0.0000e+00   6.6580e-06   2.7073e+02
20260718_17:00:00   3.8687e-02   1.2804e+01   2.3403e+00   0.0000e+00   4.2540e-05   2.7124e+02
20260718_18:00:00   3.8429e-02   1.2738e+01   2.2894e+00   0.0000e+00   3.7300e-07   2.7279e+02
20260718_19:00:00   3.8398e-02   1.2732e+01   2.2766e+00   0.0000e+00   0.0000e+00   2.7227e+02
20260718_20:00:00   3.8542e-02   1.2773e+01   2.2983e+00   0.0000e+00   0.0000e+00   2.7294e+02
20260718_21:00:00   3.8813e-02   1.2852e+01   2.2951e+00   2.2620e-04   0.0000e+00   2.7059e+02
20260718_22:00:00   3.8964e-02   1.2898e+01   2.2805e+00   4.7760e-04   0.0000e+00   2.6842e+02
20260718_23:00:00   3.9610e-02   1.3075e+01   2.3651e+00   6.5970e-04   0.0000e+00   2.6937e+02
20260719_00:00:00   3.9743e-02   1.3112e+01   2.4627e+00   1.3390e-04   1.3820e-05   2.7133e+02
20260719_01:00:00   4.0323e-02   1.3273e+01   2.4100e+00   1.1080e-03   1.7276e-06   2.7105e+02
20260719_02:00:00   4.1945e-02   1.3715e+01   2.3970e+00   3.0080e-03   0.0000e+00   2.6973e+02
20260719_03:00:00   4.0266e-02   1.3264e+01   2.4123e+00   7.4990e-04   0.0000e+00   2.6921e+02
20260719_04:00:00   3.9788e-02   1.3139e+01   2.4140e+00   2.9660e-06   3.6276e-05   2.6967e+02
20260719_05:00:00   3.9553e-02   1.3078e+01   2.3547e+00   0.0000e+00   2.2161e-03   2.7074e+02
20260719_06:00:00   3.8655e-02   1.2840e+01   2.1854e+00   0.0000e+00   2.6999e-03   2.6775e+02
20260719_07:00:00   3.8017e-02   1.2673e+01   2.0715e+00   0.0000e+00   2.6654e-03   2.6986e+02
20260719_08:00:00   3.7781e-02   1.2610e+01   2.0323e+00   0.0000e+00   2.0937e-03   2.7051e+02
20260719_09:00:00   3.7165e-02   1.2443e+01   1.9233e+00   0.0000e+00   1.7736e-03   2.7001e+02
20260719_10:00:00   3.6853e-02   1.2358e+01   1.8706e+00   0.0000e+00   1.4550e-03   2.7013e+02
20260719_11:00:00   3.7062e-02   1.2414e+01   1.9041e+00   0.0000e+00   4.3481e-04   2.7186e+02
20260719_12:00:00   3.7064e-02   1.2414e+01   1.8970e+00   0.0000e+00   2.1216e-04   2.7433e+02
20260719_13:00:00   3.6439e-02   1.2245e+01   1.7797e+00   0.0000e+00   5.7520e-06   2.7515e+02
20260719_14:00:00   3.6152e-02   1.2168e+01   1.7184e+00   0.0000e+00   1.9068e-05   2.7270e+02
20260719_15:00:00   3.5980e-02   1.2123e+01   1.6813e+00   0.0000e+00   5.7520e-06   2.7351e+02
20260719_16:00:00   3.6197e-02   1.2181e+01   1.7135e+00   0.0000e+00   0.0000e+00   2.7423e+02
20260719_17:00:00   3.6438e-02   1.2245e+01   1.7520e+00   0.0000e+00   0.0000e+00   2.7582e+02
20260719_18:00:00   3.6648e-02   1.2300e+01   1.7803e+00   0.0000e+00   0.0000e+00   2.7569e+02
20260719_19:00:00   3.6342e-02   1.2217e+01   1.7199e+00   0.0000e+00   0.0000e+00   2.7758e+02
20260719_20:00:00   3.6112e-02   1.2154e+01   1.6730e+00   0.0000e+00   0.0000e+00   2.7847e+02
20260719_21:00:00   3.5963e-02   1.2116e+01   1.6480e+00   2.4320e-06   0.0000e+00   2.8007e+02
20260719_22:00:00   3.5835e-02   1.2081e+01   1.6230e+00   6.2320e-05   0.0000e+00   2.7977e+02
20260719_23:00:00   3.5729e-02   1.2052e+01   1.6171e+00   3.1570e-05   0.0000e+00   2.8062e+02
20260720_00:00:00   3.5862e-02   1.2087e+01   1.6365e+00   1.5950e-04   0.0000e+00   2.7919e+02
20260720_01:00:00   3.6597e-02   1.2286e+01   1.6778e+00   8.6940e-04   0.0000e+00   2.7825e+02
20260720_02:00:00   3.7977e-02   1.2666e+01   1.6997e+00   2.5130e-03   0.0000e+00   2.7874e+02
20260720_03:00:00   3.8349e-02   1.2768e+01   1.7517e+00   2.6770e-03   2.8200e-04   2.7756e+02
20260720_04:00:00   4.4423e-02   1.4419e+01   1.8880e+00   9.1900e-03   7.3900e-05   2.7780e+02
20260720_05:00:00   4.5680e-02   1.4757e+01   1.9204e+00   1.0490e-02   1.0578e-04   2.7778e+02
20260720_06:00:00   4.1141e-02   1.3529e+01   1.8959e+00   5.0810e-03   2.8760e-06   2.7838e+02
20260720_09:00:00   3.7158e-02   1.2438e+01   1.7237e+00   1.4280e-03   0.0000e+00   2.7828e+02
20260720_12:00:00   3.5944e-02   1.2093e+01   1.7148e+00   1.0050e-04   0.0000e+00   2.7907e+02
20260720_15:00:00   3.5914e-02   1.2080e+01   1.7063e+00   0.0000e+00   0.0000e+00   2.7689e+02
20260720_18:00:00   3.6817e-02   1.2320e+01   1.8621e+00   0.0000e+00   0.0000e+00   2.7590e+02
20260720_21:00:00   3.9002e-02   1.2903e+01   1.9353e+00   2.3780e-03   0.0000e+00   2.7797e+02
20260721_00:00:00   4.2570e-02   1.3865e+01   2.1213e+00   5.7500e-03   0.0000e+00   2.7626e+02
20260721_03:00:00   3.8589e-02   1.2788e+01   2.2013e+00   6.9960e-04   0.0000e+00   2.7436e+02
20260721_06:00:00   3.9441e-02   1.3007e+01   2.3754e+00   8.5680e-04   2.8760e-06   2.7790e+02
20260721_09:00:00   4.1646e-02   1.3568e+01   2.7890e+00   1.3050e-03   1.7036e-04   2.7795e+02
20260721_12:00:00   4.1483e-02   1.3478e+01   3.0462e+00   1.5710e-04   1.4211e-03   2.7834e+02
20260721_15:00:00   4.1262e-02   1.3399e+01   3.0641e+00   0.0000e+00   1.2312e-03   2.7613e+02
20260721_18:00:00   4.0776e-02   1.3272e+01   2.9364e+00   1.9980e-07   1.2162e-04   2.7790e+02
20260721_21:00:00   4.2911e-02   1.3843e+01   2.8780e+00   2.9650e-03   3.3212e-03   2.7557e+02
20260722_00:00:00   7.6351e-02   2.2692e+01   2.7831e+00   4.2670e-02   7.6456e-04   2.7228e+02
20260722_03:00:00   8.8835e-02   2.5959e+01   2.5296e+00   5.9010e-02   1.2780e-04   2.7244e+02
20260722_06:00:00   3.8316e-02   1.2672e+01   2.3355e+00   2.5710e-06   2.8056e-03   2.7452e+02
20260722_09:00:00   3.8016e-02   1.2587e+01   2.2700e+00   0.0000e+00   5.0422e-04   2.7781e+02
20260722_12:00:00   3.7688e-02   1.2493e+01   2.2227e+00   0.0000e+00   9.5560e-04   2.7800e+02
20260722_15:00:00   3.8064e-02   1.2572e+01   2.3143e+00   0.0000e+00   1.1484e-03   2.7713e+02
20260722_18:00:00   3.7317e-02   1.2382e+01   2.1245e+00   0.0000e+00   6.5285e-05   2.8161e+02
20260722_21:00:00   3.7125e-02   1.2330e+01   2.0233e+00   3.2290e-04   3.3023e-03   2.8620e+02
20260723_00:00:00   4.2550e-02   1.3795e+01   2.2413e+00   5.6648e-03   1.0955e-02   2.8523e+02
20260723_03:00:00   4.0391e-02   1.3173e+01   2.4825e+00   2.0222e-03   4.4128e-02   2.8360e+02
20260723_06:00:00   3.8713e-02   1.2713e+01   2.5244e+00   0.0000e+00   7.8942e-03   2.8235e+02
20260723_09:00:00   3.8003e-02   1.2551e+01   2.3071e+00   0.0000e+00   0.0000e+00   2.8141e+02
20260723_12:00:00   3.7846e-02   1.2494e+01   2.2919e+00   0.0000e+00   3.6931e-05   2.8166e+02
20260723_15:00:00   3.7184e-02   1.2321e+01   2.1358e+00   0.0000e+00   3.6780e-05   2.8180e+02
20260723_18:00:00   3.7592e-02   1.2427e+01   2.2243e+00   0.0000e+00   1.4672e-04   2.8231e+02
20260723_21:00:00   3.8489e-02   1.2656e+01   2.4297e+00   1.4140e-05   2.7064e-03   2.8464e+02
20260724_00:00:00   4.0119e-02   1.3054e+01   2.7914e+00   2.2030e-04   3.1776e-03   2.8469e+02
20260724_03:00:00   4.1786e-02   1.3476e+01   3.1359e+00   4.4060e-04   9.4024e-03   2.8300e+02
20260724_06:00:00   4.1751e-02   1.3457e+01   3.1909e+00   0.0000e+00   3.1977e-02   2.8136e+02
20260724_09:00:00   4.3047e-02   1.3779e+01   3.4830e+00   0.0000e+00   4.4032e-03   2.8055e+02
20260724_12:00:00   4.3349e-02   1.3846e+01   3.5299e+00   0.0000e+00   2.7470e-02   2.8005e+02
20260724_15:00:00   4.3602e-02   1.3921e+01   3.5758e+00   0.0000e+00   1.6098e-04   2.8097e+02
20260724_18:00:00   4.3338e-02   1.3864e+01   3.4973e+00   0.0000e+00   3.2553e-04   2.8190e+02
20260724_21:00:00   4.2464e-02   1.3667e+01   3.2948e+00   1.8160e-05   2.3503e-04   2.8342e+02
20260725_00:00:00   4.3412e-02   1.3920e+01   3.4204e+00   3.4220e-04   9.7400e-04   2.8325e+02
20260725_03:00:00   4.4511e-02   1.4250e+01   3.0994e+00   3.4420e-03   4.7276e-03   2.8444e+02
20260725_06:00:00   3.9948e-02   1.3052e+01   2.6834e+00   0.0000e+00   2.7920e-05   2.8528e+02
20260725_09:00:00   3.7963e-02   1.2550e+01   2.2126e+00   0.0000e+00   9.1840e-04   2.8855e+02
20260725_12:00:00   3.6447e-02   1.2161e+01   1.8526e+00   0.0000e+00   7.4620e-07   2.8702e+02
20260725_15:00:00   3.5572e-02   1.1933e+01   1.6288e+00   0.0000e+00   2.9880e-05   2.8829e+02
20260725_18:00:00   3.5475e-02   1.1905e+01   1.5707e+00   0.0000e+00   6.0512e-05   2.8770e+02
20260725_21:00:00   3.5473e-02   1.1901e+01   1.5723e+00   0.0000e+00   4.5424e-03   2.8663e+02
20260726_00:00:00   3.5581e-02   1.1941e+01   1.5971e+00   0.0000e+00   3.8563e-04   2.8407e+02
20260726_03:00:00   3.5620e-02   1.1949e+01   1.6044e+00   1.0440e-04   1.1646e-02   2.8373e+02
20260726_06:00:00   3.4869e-02   1.1758e+01   1.4455e+00   4.0840e-05   3.2839e-04   2.8520e+02
20260726_09:00:00   3.4935e-02   1.1768e+01   1.4735e+00   0.0000e+00   1.6784e-03   2.8286e+02
20260726_12:00:00   3.5090e-02   1.1801e+01   1.5366e+00   0.0000e+00   0.0000e+00   2.8263e+02
20260726_15:00:00   3.5835e-02   1.1982e+01   1.7227e+00   0.0000e+00   6.6580e-05   2.7793e+02
20260726_18:00:00   3.6364e-02   1.2110e+01   1.8442e+00   0.0000e+00   2.0480e-04   2.8047e+02
20260726_21:00:00   3.6827e-02   1.2228e+01   1.9636e+00   0.0000e+00   3.5921e-04   2.8147e+02
20260727_00:00:00   3.8437e-02   1.2649e+01   2.3349e+00   7.4820e-05   7.8660e-04   2.8146e+02
20260727_03:00:00   3.8670e-02   1.2726e+01   2.2224e+00   9.4580e-04   0.0000e+00   2.8039e+02
20260727_06:00:00   3.6446e-02   1.2153e+01   1.8734e+00   0.0000e+00   0.0000e+00   2.8356e+02
20260727_09:00:00   3.5121e-02   1.1818e+01   1.5479e+00   0.0000e+00   0.0000e+00   2.8403e+02
20260727_12:00:00   3.4477e-02   1.1647e+01   1.3978e+00   0.0000e+00   0.0000e+00   2.8153e+02
20260727_15:00:00   3.4254e-02   1.1593e+01   1.3191e+00   0.0000e+00   6.9100e-06   2.8018e+02
20260727_18:00:00   3.4196e-02   1.1580e+01   1.2705e+00   0.0000e+00   0.0000e+00   2.7980e+02
20260727_21:00:00   3.3983e-02   1.1538e+01   1.1786e+00   1.8990e-05   0.0000e+00   2.8151e+02
20260728_00:00:00   3.6167e-02   1.2141e+01   1.2230e+00   2.1700e-03   0.0000e+00   2.7942e+02
20260728_03:00:00   3.6945e-02   1.2361e+01   1.1198e+00   3.8460e-03   0.0000e+00   2.7726e+02
20260728_06:00:00   3.3900e-02   1.1541e+01   9.9840e-01   1.0160e-03   0.0000e+00   2.7569e+02
20260728_09:00:00   3.3109e-02   1.1319e+01   1.0130e+00   0.0000e+00   0.0000e+00   2.7747e+02
20260728_12:00:00   3.3210e-02   1.1335e+01   1.0471e+00   0.0000e+00   0.0000e+00   2.7630e+02
20260728_15:00:00   3.2954e-02   1.1265e+01   1.0019e+00   0.0000e+00   0.0000e+00   2.7508e+02
20260728_18:00:00   3.3099e-02   1.1301e+01   1.0256e+00   0.0000e+00   0.0000e+00   2.7680e+02
20260728_21:00:00   3.3274e-02   1.1348e+01   1.0516e+00   0.0000e+00   0.0000e+00   2.7774e+02
20260729_00:00:00   3.7613e-02   1.2525e+01   1.5187e+00   2.1780e-03   0.0000e+00   2.7659e+02
20260729_03:00:00   3.9821e-02   1.3126e+01   1.4922e+00   5.2280e-03   0.0000e+00   2.7822e+02
20260729_06:00:00   3.5202e-02   1.1881e+01   1.4771e+00   2.0170e-05   0.0000e+00   2.8006e+02
20260729_09:00:00   3.4670e-02   1.1734e+01   1.3545e+00   0.0000e+00   0.0000e+00   2.7703e+02
20260729_12:00:00   3.4508e-02   1.1688e+01   1.3336e+00   0.0000e+00   0.0000e+00   2.7725e+02
20260729_15:00:00   3.5645e-02   1.1985e+01   1.5720e+00   0.0000e+00   0.0000e+00   2.7749e+02
20260729_18:00:00   3.6356e-02   1.2175e+01   1.7053e+00   0.0000e+00   0.0000e+00   2.7978e+02
20260729_21:00:00   3.6751e-02   1.2284e+01   1.7710e+00   1.1550e-04   0.0000e+00   2.7924e+02
20260730_00:00:00   6.1380e-02   1.8779e+01   2.9584e+00   2.0422e-02   0.0000e+00   2.7852e+02
20260730_03:00:00   1.5900e-01   4.3043e+01   2.9195e+00   1.3582e-01   0.0000e+00   2.7782e+02
20260730_06:00:00   6.3073e-02   1.9242e+01   2.7389e+00   2.4415e-02   0.0000e+00   2.8011e+02
20260730_09:00:00   4.7512e-02   1.5136e+01   2.5820e+00   7.1280e-03   0.0000e+00   2.8069e+02
20260730_12:00:00   3.9206e-02   1.2919e+01   2.2077e+00   0.0000e+00   0.0000e+00   2.7797e+02
20260730_15:00:00   3.9436e-02   1.2968e+01   2.2449e+00   1.1240e-06   0.0000e+00   2.7832e+02
20260730_18:00:00   4.5802e-02   1.4644e+01   3.2746e+00   0.0000e+00   0.0000e+00   2.7998e+02
20260730_21:00:00   5.1281e-02   1.6075e+01   3.7609e+00   2.5183e-03   0.0000e+00   2.8178e+02
20260731_00:00:00   2.4277e-01   6.1609e+01   4.6847e+00   2.1744e-01   0.0000e+00   2.8050e+02
20260731_03:00:00   1.3280e-01   3.6440e+01   4.6867e+00   9.0496e-02   1.5980e-05   2.7913e+02
20260731_06:00:00   5.4627e-02   1.6934e+01   3.9495e+00   5.9980e-03   0.0000e+00   2.8239e+02
