#            date       tau255        Tb[K]      pwv[mm] lwp[kg*m^-2] iwp[kg*m^-2]       o3[DU]
20260506_00:00:00   3.5338e-02   1.1840e+01   1.0879e+00   1.2919e-03   0.0000e+00   2.9308e+02
20260506_01:00:00   4.0381e-02   1.3196e+01   1.2929e+00   6.0110e-03   0.0000e+00   2.9193e+02
20260506_02:00:00   4.0418e-02   1.3202e+01   1.5590e+00   4.3070e-03   0.0000e+00   2.9227e+02
20260506_03:00:00   3.8221e-02   1.2616e+01   1.6506e+00   1.0617e-03   0.0000e+00   2.9282e+02
20260506_04:00:00   3.7862e-02   1.2522e+01   1.5056e+00   1.6250e-03   0.0000e+00   2.9309e+02
20260506_05:00:00   3.6102e-02   1.2052e+01   1.2754e+00   1.0800e-03   0.0000e+00   2.9374e+02
20260506_06:00:00   3.5121e-02   1.1789e+01   1.1445e+00   7.2380e-04   0.0000e+00   2.9437e+02
20260506_07:00:00   3.5185e-02   1.1808e+01   1.1065e+00   9.7550e-04   0.0000e+00   2.9402e+02
20260506_08:00:00   3.4437e-02   1.1607e+01   1.0417e+00   4.6060e-04   0.0000e+00   2.9412e+02
20260506_09:00:00   3.3741e-02   1.1421e+01   9.8139e-01   0.0000e+00   0.0000e+00   2.9571e+02
20260506_10:00:00   3.3517e-02   1.1359e+01   9.4125e-01   1.9600e-05   7.3900e-04   2.9384e+02
20260506_11:00:00   3.3593e-02   1.1381e+01   9.3724e-01   2.0560e-04   1.2426e-03   2.9168e+02
20260506_12:00:00   3.3794e-02   1.1425e+01   9.2719e-01   5.0310e-04   3.3938e-03   2.9064e+02
20260506_13:00:00   3.2624e-02   1.1110e+01   7.8422e-01   0.0000e+00   2.5101e-03   2.8948e+02
20260506_14:00:00   3.2600e-02   1.1102e+01   7.8736e-01   0.0000e+00   2.6419e-03   2.9085e+02
20260506_15:00:00   3.2436e-02   1.1055e+01   7.3748e-01   0.0000e+00   2.0019e-05   2.9313e+02
20260506_16:00:00   3.2510e-02   1.1069e+01   7.6100e-01   0.0000e+00   1.0891e-02   2.9267e+02
20260506_17:00:00   3.2282e-02   1.1017e+01   7.1212e-01   0.0000e+00   1.4448e-02   2.9379e+02
20260506_18:00:00   3.2469e-02   1.1059e+01   7.3500e-01   0.0000e+00   1.8769e-02   2.9420e+02
20260506_19:00:00   3.2357e-02   1.1033e+01   7.1188e-01   0.0000e+00   2.4186e-02   2.9473e+02
20260506_20:00:00   3.2384e-02   1.1039e+01   7.2315e-01   0.0000e+00   6.4713e-03   2.9518e+02
20260506_21:00:00   3.2404e-02   1.1047e+01   7.3078e-01   1.7450e-06   6.5317e-03   2.9597e+02
20260506_22:00:00   3.3059e-02   1.1224e+01   8.4712e-01   8.7670e-05   8.7967e-03   2.9752e+02
20260506_23:00:00   3.3556e-02   1.1363e+01   9.1222e-01   2.5970e-04   1.9200e-03   3.0056e+02
20260507_00:00:00   3.5730e-02   1.1947e+01   1.2018e+00   9.4090e-04   0.0000e+00   3.0177e+02
20260507_01:00:00   3.8390e-02   1.2662e+01   1.5379e+00   1.7356e-03   0.0000e+00   3.0224e+02
20260507_02:00:00   4.2634e-02   1.3796e+01   1.4649e+00   7.2220e-03   0.0000e+00   3.0234e+02
20260507_03:00:00   4.7071e-02   1.4977e+01   1.4537e+00   1.2511e-02   0.0000e+00   3.0396e+02
20260507_04:00:00   3.6607e-02   1.2189e+01   1.3601e+00   9.0660e-04   0.0000e+00   3.0604e+02
20260507_05:00:00   3.6854e-02   1.2256e+01   1.3825e+00   9.6390e-04   0.0000e+00   3.0742e+02
20260507_06:00:00   3.6030e-02   1.2035e+01   1.2746e+00   6.8880e-04   0.0000e+00   3.0539e+02
20260507_07:00:00   3.6317e-02   1.2110e+01   1.3051e+00   7.8810e-04   0.0000e+00   3.0317e+02
20260507_08:00:00   3.6289e-02   1.2105e+01   1.2966e+00   8.3236e-04   0.0000e+00   3.0232e+02
20260507_09:00:00   3.6586e-02   1.2185e+01   1.2784e+00   1.2970e-03   0.0000e+00   3.0159e+02
20260507_10:00:00   3.6817e-02   1.2235e+01   1.3678e+00   9.4970e-04   0.0000e+00   3.0070e+02
20260507_11:00:00   3.4800e-02   1.1692e+01   1.1468e+00   8.2569e-05   0.0000e+00   3.0085e+02
20260507_12:00:00   3.3930e-02   1.1457e+01   1.0005e+00   6.0650e-06   0.0000e+00   2.9888e+02
20260507_13:00:00   3.3481e-02   1.1336e+01   8.7280e-01   2.6800e-04   0.0000e+00   2.9842e+02
20260507_14:00:00   3.2991e-02   1.1200e+01   8.1079e-01   2.5380e-05   0.0000e+00   3.0065e+02
20260507_15:00:00   3.2764e-02   1.1137e+01   7.6232e-01   0.0000e+00   0.0000e+00   3.0194e+02
20260507_16:00:00   3.2544e-02   1.1079e+01   7.1402e-01   0.0000e+00   0.0000e+00   3.0396e+02
20260507_17:00:00   3.2518e-02   1.1072e+01   7.0232e-01   0.0000e+00   0.0000e+00   3.0534e+02
20260507_18:00:00   3.2584e-02   1.1086e+01   7.0684e-01   0.0000e+00   0.0000e+00   3.0606e+02
20260507_19:00:00   3.2512e-02   1.1069e+01   6.8783e-01   0.0000e+00   0.0000e+00   3.0528e+02
20260507_20:00:00   3.2556e-02   1.1083e+01   6.9016e-01   8.6690e-06   0.0000e+00   3.0489e+02
20260507_21:00:00   3.3083e-02   1.1225e+01   7.9374e-01   6.5340e-07   0.0000e+00   3.0348e+02
20260507_22:00:00   3.4265e-02   1.1543e+01   9.9205e-01   1.4780e-04   0.0000e+00   3.0010e+02
20260507_23:00:00   3.5995e-02   1.2005e+01   1.2965e+00   1.6523e-04   0.0000e+00   2.9718e+02
20260508_00:00:00   4.1438e-02   1.3445e+01   1.7286e+00   3.3753e-03   0.0000e+00   2.9631e+02
20260508_01:00:00   4.6547e-02   1.4805e+01   1.5975e+00   1.0394e-02   0.0000e+00   2.9726e+02
20260508_02:00:00   5.4088e-02   1.6791e+01   1.6930e+00   1.8507e-02   0.0000e+00   2.9703e+02
20260508_03:00:00   4.9674e-02   1.5636e+01   1.6935e+00   1.3472e-02   0.0000e+00   2.9829e+02
20260508_04:00:00   5.3934e-02   1.6760e+01   1.6341e+00   1.8880e-02   0.0000e+00   2.9812e+02
20260508_05:00:00   7.3824e-02   2.1928e+01   1.3733e+00   4.3860e-02   0.0000e+00   2.9756e+02
20260508_06:00:00   3.5292e-02   1.1830e+01   1.1366e+00   5.3160e-04   0.0000e+00   2.9676e+02
20260508_07:00:00   3.5621e-02   1.1918e+01   1.0213e+00   1.6230e-03   0.0000e+00   2.9492e+02
20260508_08:00:00   3.6241e-02   1.2086e+01   1.0044e+00   2.4590e-03   0.0000e+00   2.9480e+02
20260508_09:00:00   3.3472e-02   1.1345e+01   8.8989e-01   0.0000e+00   0.0000e+00   2.9302e+02
20260508_10:00:00   3.3842e-02   1.1437e+01   9.8216e-01   0.0000e+00   9.3580e-04   2.9177e+02
20260508_11:00:00   3.4797e-02   1.1685e+01   1.1498e+00   1.8790e-04   5.6055e-03   2.9023e+02
20260508_12:00:00   3.5451e-02   1.1855e+01   1.3128e+00   0.0000e+00   4.0273e-03   2.9083e+02
20260508_13:00:00   3.6141e-02   1.2036e+01   1.4497e+00   0.0000e+00   1.5328e-03   2.8811e+02
20260508_14:00:00   3.7252e-02   1.2327e+01   1.6433e+00   0.0000e+00   1.6912e-03   2.8779e+02
20260508_15:00:00   3.6666e-02   1.2173e+01   1.5353e+00   0.0000e+00   1.2342e-03   2.8949e+02
20260508_16:00:00   3.5368e-02   1.1826e+01   1.3218e+00   0.0000e+00   2.0997e-03   2.9158e+02
20260508_17:00:00   3.5778e-02   1.1915e+01   1.4690e+00   0.0000e+00   5.6941e-03   2.9307e+02
20260508_18:00:00   3.4848e-02   1.1675e+01   1.2836e+00   0.0000e+00   5.6157e-03   2.9332e+02
20260508_19:00:00   3.4777e-02   1.1658e+01   1.2713e+00   0.0000e+00   1.9981e-03   2.9101e+02
20260508_20:00:00   3.4897e-02   1.1682e+01   1.3136e+00   5.7590e-05   2.6625e-03   2.8978e+02
20260508_21:00:00   3.6841e-02   1.2207e+01   1.4734e+00   1.2743e-03   1.2515e-03   2.8906e+02
20260508_22:00:00   5.3658e-02   1.6623e+01   2.0901e+00   1.6754e-02   5.8536e-04   2.9050e+02
20260508_23:00:00   1.3838e-01   3.7748e+01   2.4795e+00   1.1203e-01   3.5737e-03   2.8972e+02
20260509_00:00:00   7.7227e-02   2.2665e+01   2.6925e+00   4.0260e-02   1.0847e-02   2.8837e+02
20260509_01:00:00   4.7662e-02   1.5024e+01   2.6762e+00   6.8386e-03   1.0182e-02   2.8702e+02
20260509_02:00:00   2.2657e-01   5.7880e+01   3.3887e+00   2.0866e-01   6.7601e-03   2.8735e+02
20260509_03:00:00   4.2446e-01   9.7176e+01   3.8310e+00   4.3480e-01   1.5970e-02   2.8822e+02
20260509_04:00:00   7.7241e-02   2.2596e+01   3.8923e+00   3.3660e-02   8.1760e-02   2.8970e+02
20260509_05:00:00   1.2404e-01   3.4229e+01   4.0838e+00   8.7150e-02   6.8656e-02   2.8929e+02
20260509_06:00:00   2.4653e-01   6.2231e+01   3.9919e+00   2.2860e-01   1.3532e-01   2.8828e+02
20260509_07:00:00   3.4223e-01   8.1745e+01   4.4468e+00   3.3550e-01   1.7626e-01   2.8940e+02
20260509_08:00:00   5.3376e-02   1.6444e+01   4.1030e+00   4.9900e-03   5.0537e-02   2.8978e+02
20260509_09:00:00   5.1841e-02   1.6053e+01   3.8771e+00   4.9862e-03   1.0917e-02   2.8983e+02
20260509_10:00:00   4.7609e-02   1.4952e+01   3.6775e+00   1.1690e-03   5.2158e-03   2.9043e+02
20260509_11:00:00   5.4714e-02   1.6820e+01   3.6189e+00   9.3370e-03   6.3611e-03   2.8791e+02
20260509_12:00:00   6.8887e-02   2.0483e+01   3.5622e+00   2.6089e-02   4.3589e-03   2.8509e+02
20260509_13:00:00   1.0037e-01   2.8413e+01   3.6072e+00   6.2320e-02   5.1835e-03   2.8532e+02
20260509_14:00:00   5.3981e-02   1.6613e+01   3.5749e+00   8.8940e-03   9.2644e-04   2.8647e+02
20260509_15:00:00   4.5200e-02   1.4321e+01   3.3134e+00   6.6070e-04   1.7610e-03   2.8662e+02
20260509_16:00:00   4.2561e-02   1.3628e+01   2.9708e+00   3.0250e-06   1.3218e-03   2.8705e+02
20260509_17:00:00   4.0055e-02   1.2976e+01   2.5223e+00   0.0000e+00   2.3850e-03   2.8729e+02
20260509_18:00:00   3.9260e-02   1.2761e+01   2.3973e+00   0.0000e+00   1.4100e-03   2.8796e+02
20260509_19:00:00   3.9094e-02   1.2716e+01   2.3527e+00   0.0000e+00   3.7626e-03   2.8782e+02
20260509_20:00:00   3.9294e-02   1.2762e+01   2.4022e+00   0.0000e+00   4.7025e-03   2.8635e+02
20260509_21:00:00   3.9868e-02   1.2910e+01   2.5144e+00   0.0000e+00   1.3590e-03   2.8578e+02
20260509_22:00:00   4.1213e-02   1.3281e+01   2.7022e+00   0.0000e+00   1.4218e-03   2.8444e+02
20260509_23:00:00   4.3185e-02   1.3793e+01   2.8465e+00   1.5067e-03   3.3347e-03   2.8284e+02
20260510_00:00:00   4.2541e-02   1.3624e+01   2.8030e+00   1.1533e-03   4.3628e-03   2.8246e+02
20260510_01:00:00   4.1904e-02   1.3453e+01   2.7470e+00   8.7440e-04   1.3671e-02   2.8151e+02
20260510_02:00:00   4.2586e-02   1.3612e+01   2.9078e+00   1.0090e-03   1.6083e-02   2.8074e+02
20260510_03:00:00   4.3751e-02   1.3922e+01   2.9323e+00   2.3610e-03   1.0881e-02   2.8045e+02
20260510_04:00:00   4.1973e-02   1.3441e+01   2.9479e+00   4.2790e-04   4.0079e-03   2.8031e+02
20260510_05:00:00   4.1195e-02   1.3249e+01   2.8671e+00   0.0000e+00   5.3003e-03   2.8038e+02
20260510_06:00:00   4.2045e-02   1.3458e+01   3.0305e+00   0.0000e+00   5.6596e-03   2.8204e+02
20260510_07:00:00   4.3729e-02   1.3893e+01   3.2401e+00   7.6710e-04   3.8193e-03   2.8502e+02
20260510_08:00:00   4.2953e-02   1.3700e+01   3.1411e+00   4.1560e-04   3.1267e-03   2.8480e+02
20260510_09:00:00   4.1007e-02   1.3203e+01   2.8144e+00   0.0000e+00   3.0373e-03   2.8411e+02
20260510_10:00:00   4.1055e-02   1.3211e+01   2.8107e+00   0.0000e+00   4.7710e-03   2.8437e+02
20260510_11:00:00   4.1221e-02   1.3237e+01   2.8675e+00   0.0000e+00   1.4059e-02   2.8356e+02
20260510_12:00:00   4.1314e-02   1.3257e+01   2.9077e+00   0.0000e+00   5.4756e-03   2.8376e+02
20260510_13:00:00   4.3482e-02   1.3785e+01   3.4079e+00   0.0000e+00   1.7062e-02   2.8463e+02
20260510_14:00:00   4.5577e-02   1.4301e+01   3.8713e+00   0.0000e+00   1.8851e-02   2.8619e+02
20260510_15:00:00   4.5001e-02   1.4166e+01   3.7275e+00   0.0000e+00   3.1191e-02   2.8694e+02
20260510_16:00:00   4.3613e-02   1.3835e+01   3.4103e+00   0.0000e+00   2.4124e-02   2.8727e+02
20260510_17:00:00   4.3216e-02   1.3738e+01   3.3018e+00   0.0000e+00   3.5257e-02   2.8755e+02
20260510_18:00:00   4.2526e-02   1.3578e+01   3.1364e+00   0.0000e+00   2.9335e-02   2.8781e+02
20260510_19:00:00   4.2506e-02   1.3576e+01   3.1023e+00   0.0000e+00   6.6765e-02   2.8799e+02
20260510_20:00:00   4.1808e-02   1.3411e+01   2.9256e+00   1.3020e-06   6.0018e-02   2.8846e+02
20260510_21:00:00   4.1046e-02   1.3224e+01   2.7195e+00   1.7500e-05   1.0536e-01   2.8921e+02
20260510_22:00:00   4.0886e-02   1.3194e+01   2.5757e+00   3.6470e-04   1.0790e-01   2.9021e+02
20260510_23:00:00   4.0619e-02   1.3150e+01   2.3620e+00   8.8770e-04   9.9799e-02   2.9039e+02
20260511_00:00:00   3.9264e-02   1.2817e+01   2.2180e+00   2.1980e-04   1.2797e-02   2.8997e+02
20260511_03:00:00   3.9996e-02   1.3019e+01   2.2392e+00   7.2950e-04   3.4481e-03   2.8939e+02
20260511_06:00:00   3.7780e-02   1.2453e+01   1.8650e+00   0.0000e+00   1.0812e-03   2.9275e+02
20260511_09:00:00   3.7375e-02   1.2328e+01   1.8166e+00   0.0000e+00   3.3828e-03   2.9386e+02
20260511_12:00:00   3.6484e-02   1.2097e+01   1.6295e+00   0.0000e+00   1.4590e-02   2.9378e+02
20260511_15:00:00   3.6419e-02   1.2062e+01   1.5704e+00   0.0000e+00   7.4861e-02   2.9213e+02
20260511_18:00:00   3.6257e-02   1.2033e+01   1.4923e+00   0.0000e+00   8.2712e-02   2.9543e+02
20260511_21:00:00   3.6413e-02   1.2085e+01   1.5112e+00   0.0000e+00   5.4225e-02   2.9756e+02
20260512_00:00:00   6.5550e-02   1.9722e+01   2.0326e+00   2.9821e-02   1.8502e-04   2.9849e+02
20260512_03:00:00   1.6748e-01   4.4641e+01   2.5062e+00   1.4432e-01   0.0000e+00   2.9937e+02
20260512_06:00:00   8.3821e-02   2.4421e+01   1.7629e+00   5.3330e-02   0.0000e+00   2.9951e+02
20260512_09:00:00   3.5879e-02   1.1955e+01   1.4063e+00   0.0000e+00   0.0000e+00   2.9936e+02
20260512_12:00:00   3.5136e-02   1.1753e+01   1.2917e+00   0.0000e+00   0.0000e+00   2.9824e+02
20260512_15:00:00   3.4882e-02   1.1684e+01   1.2443e+00   0.0000e+00   0.0000e+00   2.9746e+02
20260512_18:00:00   3.5027e-02   1.1724e+01   1.2510e+00   0.0000e+00   0.0000e+00   2.9605e+02
20260512_21:00:00   3.5231e-02   1.1782e+01   1.2865e+00   0.0000e+00   0.0000e+00   2.9667e+02
20260513_00:00:00   3.6438e-02   1.2117e+01   1.4724e+00   3.2376e-04   0.0000e+00   2.9357e+02
20260513_03:00:00   3.5142e-02   1.1785e+01   1.2775e+00   1.3400e-04   0.0000e+00   2.9259e+02
20260513_06:00:00   3.3978e-02   1.1482e+01   1.0688e+00   0.0000e+00   0.0000e+00   2.8931e+02
20260513_09:00:00   3.3420e-02   1.1335e+01   9.5365e-01   0.0000e+00   0.0000e+00   2.9048e+02
20260513_12:00:00   3.2560e-02   1.1099e+01   8.3073e-01   0.0000e+00   2.1700e-03   2.8830e+02
20260513_15:00:00   3.2621e-02   1.1110e+01   8.7089e-01   0.0000e+00   1.6784e-03   2.8452e+02
20260513_18:00:00   3.2759e-02   1.1149e+01   8.7505e-01   0.0000e+00   0.0000e+00   2.9057e+02
20260513_21:00:00   3.2583e-02   1.1112e+01   8.3623e-01   0.0000e+00   0.0000e+00   2.8888e+02
20260514_00:00:00   3.2766e-02   1.1162e+01   8.9471e-01   0.0000e+00   0.0000e+00   2.8600e+02
20260514_03:00:00   3.2552e-02   1.1107e+01   8.8858e-01   0.0000e+00   0.0000e+00   2.8544e+02
20260514_06:00:00   3.3169e-02   1.1262e+01   1.0342e+00   0.0000e+00   3.4560e-06   2.8504e+02
20260514_09:00:00   3.4588e-02   1.1594e+01   1.4080e+00   0.0000e+00   1.6432e-04   2.8657e+02
20260514_12:00:00   3.3682e-02   1.1373e+01   1.2089e+00   0.0000e+00   1.7738e-03   2.9002e+02
20260514_15:00:00   3.3909e-02   1.1426e+01   1.2388e+00   0.0000e+00   0.0000e+00   2.8772e+02
20260514_18:00:00   3.4338e-02   1.1538e+01   1.3092e+00   0.0000e+00   0.0000e+00   2.8599e+02
20260514_21:00:00   3.4572e-02   1.1601e+01   1.3561e+00   0.0000e+00   0.0000e+00   2.8748e+02
20260515_00:00:00   3.4856e-02   1.1680e+01   1.4166e+00   0.0000e+00   0.0000e+00   2.8192e+02
20260515_03:00:00   3.4616e-02   1.1616e+01   1.3833e+00   0.0000e+00   0.0000e+00   2.8290e+02
20260515_06:00:00   3.4249e-02   1.1520e+01   1.2963e+00   0.0000e+00   5.8681e-03   2.8160e+02
20260515_09:00:00   3.3926e-02   1.1436e+01   1.1864e+00   0.0000e+00   5.8844e-03   2.8520e+02
20260515_12:00:00   3.3587e-02   1.1350e+01   1.1208e+00   0.0000e+00   1.1369e-04   2.8497e+02
20260515_15:00:00   3.3487e-02   1.1314e+01   1.0690e+00   0.0000e+00   2.1617e-03   2.8137e+02
20260515_18:00:00   3.4399e-02   1.1565e+01   1.1954e+00   2.9330e-05   0.0000e+00   2.8566e+02
20260515_21:00:00   3.4886e-02   1.1705e+01   1.1903e+00   5.4800e-04   4.3740e-04   2.8938e+02
20260516_00:00:00   3.4157e-02   1.1519e+01   1.0854e+00   7.4460e-05   4.2620e-05   2.8599e+02
20260516_03:00:00   3.3823e-02   1.1435e+01   1.0026e+00   1.3730e-05   2.5380e-04   2.8728e+02
20260516_06:00:00   3.3959e-02   1.1470e+01   9.9104e-01   3.7090e-05   0.0000e+00   2.9676e+02
20260516_09:00:00   3.3803e-02   1.1428e+01   9.4803e-01   0.0000e+00   0.0000e+00   3.0907e+02
20260516_12:00:00   3.4494e-02   1.1595e+01   1.1101e+00   0.0000e+00   0.0000e+00   3.0879e+02
20260516_15:00:00   3.4199e-02   1.1522e+01   1.0822e+00   3.4680e-05   0.0000e+00   3.1489e+02
20260516_18:00:00   3.5073e-02   1.1755e+01   1.2610e+00   1.1800e-06   0.0000e+00   3.1950e+02
20260516_21:00:00   3.5455e-02   1.1868e+01   1.3635e+00   2.6090e-07   0.0000e+00   3.1548e+02
20260517_00:00:00   3.7115e-02   1.2319e+01   1.5151e+00   1.1120e-03   0.0000e+00   3.0722e+02
20260517_03:00:00   3.7094e-02   1.2327e+01   1.5308e+00   1.0580e-03   1.5544e-04   2.9988e+02
20260517_06:00:00   3.6008e-02   1.2050e+01   1.4843e+00   1.1700e-05   2.3620e-03   2.9812e+02
20260517_09:00:00   3.5057e-02   1.1805e+01   1.3138e+00   6.2720e-05   1.0020e-02   2.9355e+02
20260517_12:00:00   3.4674e-02   1.1696e+01   1.2942e+00   0.0000e+00   8.2522e-03   2.9228e+02
20260517_15:00:00   3.5436e-02   1.1888e+01   1.4982e+00   2.1960e-06   9.6546e-03   2.9247e+02
20260517_18:00:00   3.6287e-02   1.2114e+01   1.6563e+00   2.2990e-07   7.6379e-04   2.9252e+02
20260517_21:00:00   3.6786e-02   1.2240e+01   1.7647e+00   6.0080e-05   1.7864e-03   2.9174e+02
20260518_00:00:00   3.6596e-02   1.2211e+01   1.6979e+00   4.9290e-05   7.0780e-06   2.8825e+02
20260518_03:00:00   4.4588e-02   1.4358e+01   1.7817e+00   9.1920e-03   0.0000e+00   2.8640e+02
20260518_06:00:00   3.7537e-02   1.2442e+01   1.9618e+00   1.2570e-04   2.4513e-03   2.8628e+02
20260518_09:00:00   3.8094e-02   1.2585e+01   2.0789e+00   5.3560e-05   9.8535e-05   2.8601e+02
20260518_12:00:00   3.7993e-02   1.2540e+01   2.1248e+00   0.0000e+00   8.4016e-04   2.8718e+02
20260518_15:00:00   3.7937e-02   1.2519e+01   2.1015e+00   4.1780e-06   8.1183e-05   2.8923e+02
20260518_18:00:00   3.9522e-02   1.2907e+01   2.4795e+00   0.0000e+00   6.9624e-04   2.9211e+02
20260518_21:00:00   4.1228e-02   1.3335e+01   2.7675e+00   3.3930e-04   2.4878e-03   2.9206e+02
20260519_00:00:00   5.1405e-02   1.6070e+01   2.8930e+00   1.0912e-02   2.2020e-05   2.9197e+02
20260519_03:00:00   4.9241e-02   1.5472e+01   3.0972e+00   7.6800e-03   1.1978e-02   2.8978e+02
20260519_06:00:00   4.4043e-02   1.4079e+01   3.2758e+00   7.8540e-04   1.4020e-02   2.8888e+02
20260519_09:00:00   4.1386e-02   1.3427e+01   2.8270e+00   1.1250e-05   6.9501e-04   2.8829e+02
20260519_12:00:00   4.1939e-02   1.3542e+01   3.0083e+00   0.0000e+00   0.0000e+00   2.8546e+02
20260519_15:00:00   4.3978e-02   1.4038e+01   3.4977e+00   0.0000e+00   7.4620e-07   2.8432e+02
20260519_18:00:00   4.7338e-02   1.4855e+01   4.2506e+00   0.0000e+00   2.9520e-05   2.8388e+02
20260519_21:00:00   5.1679e-02   1.5937e+01   5.1115e+00   1.4650e-04   0.0000e+00   2.8085e+02
20260520_00:00:00   6.4661e-02   1.9264e+01   6.8119e+00   3.8395e-03   1.0896e-03   2.7802e+02
20260520_03:00:00   4.8414e-01   1.0769e+02   8.9664e+00   4.7580e-01   6.9968e-03   2.7460e+02
20260520_06:00:00   8.6397e-02   2.4704e+01   9.1424e+00   1.3080e-02   2.4653e-02   2.7576e+02
20260520_09:00:00   7.1261e-02   2.0852e+01   8.4294e+00   1.2947e-03   8.4950e-03   2.7778e+02
20260520_12:00:00   7.4147e-02   2.1545e+01   9.0287e+00   2.6120e-05   5.8864e-02   2.7659e+02
20260520_15:00:00   8.3034e-02   2.3783e+01   1.0070e+01   2.5496e-03   7.2416e-03   2.7648e+02
20260520_18:00:00   7.7143e-02   2.2409e+01   9.1952e+00   0.0000e+00   7.4680e-05   2.7765e+02
20260520_21:00:00   8.2126e-02   2.3700e+01   9.4013e+00   2.7768e-03   9.2074e-05   2.7904e+02
20260521_00:00:00   8.2711e-02   2.3908e+01   8.6454e+00   5.9660e-03   2.2867e-03   2.7973e+02
20260521_03:00:00   8.6637e-02   2.4988e+01   7.0793e+00   2.0307e-02   7.5082e-03   2.8069e+02
20260521_06:00:00   6.2200e-02   1.8822e+01   5.7130e+00   7.9026e-04   7.4497e-03   2.8571e+02
20260521_09:00:00   5.2677e-02   1.6380e+01   4.3122e+00   5.3220e-04   2.3836e-03   2.9134e+02
20260521_12:00:00   4.7174e-02   1.4952e+01   3.5211e+00   0.0000e+00   2.3680e-04   2.9774e+02
20260521_15:00:00   4.8843e-02   1.5369e+01   3.8499e+00   0.0000e+00   2.3898e-04   2.9706e+02
20260521_18:00:00   4.6524e-02   1.4759e+01   3.5402e+00   0.0000e+00   0.0000e+00   2.9942e+02
20260521_21:00:00   4.8304e-02   1.5200e+01   3.8533e+00   3.8593e-04   0.0000e+00   3.0058e+02
20260522_00:00:00   5.4511e-02   1.6812e+01   4.5464e+00   2.5801e-03   0.0000e+00   2.9988e+02
