#            date       tau255        Tb[K]      pwv[mm] lwp[kg*m^-2] iwp[kg*m^-2]       o3[DU]
20260512_12:00:00   3.5858e-02   1.1963e+01   1.4571e+00   0.0000e+00   0.0000e+00   2.9268e+02
20260512_13:00:00   3.6027e-02   1.2006e+01   1.4989e+00   0.0000e+00   7.1900e-06   2.9088e+02
20260512_14:00:00   3.5798e-02   1.1950e+01   1.4458e+00   0.0000e+00   0.0000e+00   2.9156e+02
20260512_15:00:00   3.5457e-02   1.1863e+01   1.3869e+00   0.0000e+00   5.3260e-05   2.9073e+02
20260512_16:00:00   3.5485e-02   1.1873e+01   1.3894e+00   0.0000e+00   1.4196e-04   2.8967e+02
20260512_17:00:00   3.5873e-02   1.1978e+01   1.4662e+00   8.4790e-07   2.3880e-04   2.8732e+02
20260512_18:00:00   3.6191e-02   1.2065e+01   1.5263e+00   2.8780e-05   3.8360e-05   2.8741e+02
20260512_19:00:00   3.6439e-02   1.2135e+01   1.5730e+00   9.8750e-06   0.0000e+00   2.9038e+02
20260512_20:00:00   3.6321e-02   1.2106e+01   1.5583e+00   6.5980e-06   0.0000e+00   2.9261e+02
20260512_21:00:00   3.6470e-02   1.2144e+01   1.5926e+00   7.1660e-06   0.0000e+00   2.9270e+02
20260512_22:00:00   3.6615e-02   1.2183e+01   1.6315e+00   5.2180e-05   1.4888e-04   2.9478e+02
20260512_23:00:00   3.6630e-02   1.2184e+01   1.6443e+00   1.0730e-05   1.5513e-03   2.9447e+02
20260513_00:00:00   3.7468e-02   1.2400e+01   1.7812e+00   1.5440e-04   1.0557e-02   2.8905e+02
20260513_01:00:00   3.8008e-02   1.2543e+01   1.8622e+00   3.7480e-04   1.2152e-02   2.8418e+02
20260513_02:00:00   3.8613e-02   1.2704e+01   1.8698e+00   1.1910e-03   7.8518e-03   2.8336e+02
20260513_03:00:00   3.8569e-02   1.2701e+01   1.8114e+00   1.4980e-03   9.1654e-04   2.8679e+02
20260513_04:00:00   3.7485e-02   1.2405e+01   1.8514e+00   0.0000e+00   4.3140e-06   2.8547e+02
20260513_05:00:00   3.6875e-02   1.2238e+01   1.7706e+00   0.0000e+00   5.4080e-03   2.8554e+02
20260513_06:00:00   3.6901e-02   1.2245e+01   1.7697e+00   0.0000e+00   8.5376e-03   2.8800e+02
20260513_07:00:00   3.6574e-02   1.2166e+01   1.6872e+00   0.0000e+00   7.4758e-03   2.8998e+02
20260513_08:00:00   3.6894e-02   1.2244e+01   1.7268e+00   0.0000e+00   4.4087e-02   2.9059e+02
20260513_09:00:00   3.7137e-02   1.2299e+01   1.8019e+00   0.0000e+00   6.6085e-02   2.9174e+02
20260513_10:00:00   3.7515e-02   1.2396e+01   1.9228e+00   0.0000e+00   2.3751e-03   2.9182e+02
20260513_11:00:00   3.7751e-02   1.2453e+01   1.9705e+00   0.0000e+00   2.2640e-04   2.9093e+02
20260513_12:00:00   3.8361e-02   1.2602e+01   2.1192e+00   0.0000e+00   1.3784e-04   2.8885e+02
20260513_13:00:00   3.8354e-02   1.2600e+01   2.1145e+00   0.0000e+00   1.2934e-03   2.8746e+02
20260513_14:00:00   3.8398e-02   1.2614e+01   2.1027e+00   0.0000e+00   0.0000e+00   2.8825e+02
20260513_15:00:00   3.9374e-02   1.2856e+01   2.3360e+00   0.0000e+00   6.6400e-05   2.8716e+02
20260513_16:00:00   4.0442e-02   1.3124e+01   2.5701e+00   0.0000e+00   2.0880e-05   2.8642e+02
20260513_17:00:00   4.1648e-02   1.3441e+01   2.7912e+00   0.0000e+00   0.0000e+00   2.8804e+02
20260513_18:00:00   4.3368e-02   1.3876e+01   3.1254e+00   0.0000e+00   0.0000e+00   2.8971e+02
20260513_19:00:00   4.4867e-02   1.4264e+01   3.3994e+00   0.0000e+00   0.0000e+00   2.9131e+02
20260513_20:00:00   4.6195e-02   1.4601e+01   3.6568e+00   0.0000e+00   0.0000e+00   2.9540e+02
20260513_21:00:00   4.7023e-02   1.4815e+01   3.8185e+00   1.5330e-06   0.0000e+00   2.9556e+02
20260513_22:00:00   4.7829e-02   1.5033e+01   3.9159e+00   3.4702e-04   1.0122e-04   2.9332e+02
20260513_23:00:00   4.8238e-02   1.5148e+01   3.9283e+00   7.2440e-04   2.9520e-05   2.9399e+02
20260514_00:00:00   4.6834e-02   1.4793e+01   3.7615e+00   1.0250e-04   0.0000e+00   2.9365e+02
20260514_01:00:00   4.7027e-02   1.4842e+01   3.7800e+00   4.3010e-04   4.4359e-04   2.9319e+02
20260514_02:00:00   4.6106e-02   1.4610e+01   3.6432e+00   5.2590e-06   3.5300e-04   2.9539e+02
20260514_03:00:00   4.6468e-02   1.4703e+01   3.7126e+00   1.6210e-04   3.2802e-03   2.9414e+02
20260514_04:00:00   4.6874e-02   1.4799e+01   3.8040e+00   0.0000e+00   2.7319e-04   2.9334e+02
20260514_05:00:00   4.7561e-02   1.4974e+01   3.8023e+00   6.6920e-04   0.0000e+00   2.9272e+02
20260514_06:00:00   4.6865e-02   1.4799e+01   3.7006e+00   3.9100e-04   1.2466e-05   2.9260e+02
20260514_07:00:00   4.5786e-02   1.4523e+01   3.5669e+00   1.8980e-06   1.1352e-04   2.9158e+02
20260514_08:00:00   4.5373e-02   1.4415e+01   3.4747e+00   0.0000e+00   2.6220e-04   2.9090e+02
20260514_09:00:00   4.4991e-02   1.4317e+01   3.4076e+00   0.0000e+00   1.5680e-03   2.9043e+02
20260514_10:00:00   4.5345e-02   1.4382e+01   3.5217e+00   0.0000e+00   3.0125e-02   2.8970e+02
20260514_11:00:00   4.5156e-02   1.4345e+01   3.4628e+00   0.0000e+00   6.4846e-03   2.8969e+02
20260514_12:00:00   4.5628e-02   1.4456e+01   3.5678e+00   0.0000e+00   1.3417e-03   2.9039e+02
20260514_13:00:00   4.5426e-02   1.4400e+01   3.5413e+00   0.0000e+00   1.0421e-02   2.8891e+02
20260514_14:00:00   4.5693e-02   1.4466e+01   3.5901e+00   0.0000e+00   6.0480e-03   2.8709e+02
20260514_15:00:00   4.4955e-02   1.4285e+01   3.4240e+00   0.0000e+00   3.4939e-03   2.8634e+02
20260514_16:00:00   4.4950e-02   1.4276e+01   3.4135e+00   8.6680e-06   2.7144e-02   2.8772e+02
20260514_17:00:00   4.6268e-02   1.4591e+01   3.7587e+00   2.9090e-07   6.4404e-03   2.8698e+02
20260514_18:00:00   4.6345e-02   1.4619e+01   3.7147e+00   0.0000e+00   2.1994e-02   2.8767e+02
20260514_19:00:00   4.7062e-02   1.4810e+01   3.8709e+00   0.0000e+00   4.0213e-03   2.8822e+02
20260514_20:00:00   4.7282e-02   1.4858e+01   3.8976e+00   0.0000e+00   6.1123e-03   2.8618e+02
20260514_21:00:00   4.6892e-02   1.4764e+01   3.7867e+00   1.8680e-04   1.1291e-03   2.8795e+02
20260514_22:00:00   5.2412e-02   1.6188e+01   4.0391e+00   5.1200e-03   5.5376e-03   2.8797e+02
20260514_23:00:00   6.6119e-02   1.9788e+01   3.8429e+00   2.1402e-02   6.6661e-04   2.8816e+02
20260515_00:00:00   7.3351e-02   2.1625e+01   4.0760e+00   2.7979e-02   4.9908e-03   2.8640e+02
20260515_01:00:00   8.7175e-02   2.5131e+01   4.2098e+00   4.3310e-02   1.6779e-02   2.8659e+02
20260515_02:00:00   7.9779e-02   2.3256e+01   4.4161e+00   3.2670e-02   1.0545e-02   2.8646e+02
20260515_03:00:00   6.4536e-02   1.9357e+01   4.5123e+00   1.3566e-02   1.2671e-02   2.8846e+02
20260515_04:00:00   8.8948e-02   2.5599e+01   4.2069e+00   4.3690e-02   2.9681e-03   2.8932e+02
20260515_05:00:00   2.7813e-01   6.8800e+01   4.3622e+00   2.6048e-01   5.8084e-03   2.8607e+02
20260515_06:00:00   2.7716e-01   6.8604e+01   4.3861e+00   2.5958e-01   2.1611e-02   2.8549e+02
20260515_07:00:00   6.0833e-02   1.8395e+01   4.0795e+00   1.2857e-02   8.7940e-03   2.8441e+02
20260515_08:00:00   6.7518e-02   2.0120e+01   3.9479e+00   2.1611e-02   2.7169e-02   2.8389e+02
20260515_09:00:00   5.7392e-02   1.7497e+01   4.0263e+00   9.4220e-03   4.0879e-03   2.8222e+02
20260515_10:00:00   5.4019e-02   1.6610e+01   4.2330e+00   3.6810e-03   2.0328e-02   2.8151e+02
20260515_11:00:00   4.9910e-02   1.5537e+01   4.0455e+00   1.3269e-05   6.7197e-02   2.8140e+02
20260515_12:00:00   4.8370e-02   1.5164e+01   3.7155e+00   0.0000e+00   8.8417e-03   2.8371e+02
20260515_13:00:00   4.7771e-02   1.5018e+01   3.5608e+00   0.0000e+00   1.1275e-03   2.8109e+02
20260515_14:00:00   4.4731e-02   1.4217e+01   3.1319e+00   0.0000e+00   3.5150e-02   2.7837e+02
20260515_15:00:00   4.6142e-02   1.4568e+01   3.3713e+00   5.9590e-08   3.1778e-02   2.7841e+02
20260515_16:00:00   4.6467e-02   1.4643e+01   3.4298e+00   0.0000e+00   3.4805e-02   2.7837e+02
20260515_17:00:00   4.5503e-02   1.4404e+01   3.2501e+00   0.0000e+00   2.5517e-02   2.8075e+02
20260515_18:00:00   4.6072e-02   1.4524e+01   3.3838e+00   0.0000e+00   8.4291e-02   2.8214e+02
20260515_19:00:00   4.7429e-02   1.4874e+01   3.6243e+00   1.4780e-07   5.1284e-02   2.8390e+02
20260515_20:00:00   4.8354e-02   1.5121e+01   3.7407e+00   9.7980e-06   3.5137e-02   2.8548e+02
20260515_21:00:00   5.0518e-02   1.5679e+01   4.0885e+00   1.8375e-04   1.3005e-02   2.8465e+02
20260515_22:00:00   5.7545e-02   1.7490e+01   4.5529e+00   5.5060e-03   1.3992e-02   2.8505e+02
20260515_23:00:00   6.1999e-02   1.8628e+01   4.9365e+00   8.3770e-03   2.9014e-02   2.8400e+02
20260516_00:00:00   8.6142e-02   2.4713e+01   6.2308e+00   2.7187e-02   1.6314e-02   2.8448e+02
20260516_01:00:00   1.0076e-01   2.8412e+01   5.7186e+00   4.7410e-02   1.2538e-02   2.8684e+02
20260516_02:00:00   8.7465e-02   2.5024e+01   6.4401e+00   2.7619e-02   6.3601e-02   2.8694e+02
20260516_03:00:00   6.3187e-02   1.8839e+01   6.3821e+00   6.7830e-05   1.0530e-01   2.8642e+02
20260516_04:00:00   6.1952e-02   1.8560e+01   5.9985e+00   1.3220e-03   5.6925e-02   2.8510e+02
20260516_05:00:00   5.9835e-02   1.8017e+01   5.7963e+00   7.8400e-04   4.2351e-02   2.8561e+02
20260516_06:00:00   5.9157e-02   1.7833e+01   5.8080e+00   8.0690e-07   3.7599e-02   2.8579e+02
20260516_07:00:00   5.8404e-02   1.7650e+01   5.6458e+00   0.0000e+00   3.5420e-02   2.8675e+02
20260516_08:00:00   5.6476e-02   1.7169e+01   5.2690e+00   0.0000e+00   6.3642e-02   2.8533e+02
20260516_09:00:00   5.2968e-02   1.6296e+01   4.6434e+00   2.5368e-06   5.7347e-02   2.8563e+02
20260516_10:00:00   5.1622e-02   1.5960e+01   4.3966e+00   2.0554e-04   2.2316e-02   2.8673e+02
20260516_11:00:00   5.0931e-02   1.5780e+01   4.3112e+00   8.2540e-05   4.4973e-03   2.8977e+02
20260516_12:00:00   5.0984e-02   1.5803e+01   4.3084e+00   1.4260e-07   5.8973e-04   2.9133e+02
20260516_13:00:00   5.1906e-02   1.6035e+01   4.4985e+00   0.0000e+00   1.7070e-02   2.9050e+02
20260516_14:00:00   5.3282e-02   1.6370e+01   4.7822e+00   0.0000e+00   7.0879e-03   2.9080e+02
20260516_15:00:00   5.4195e-02   1.6607e+01   4.8940e+00   0.0000e+00   6.2912e-03   2.9221e+02
20260516_16:00:00   5.3733e-02   1.6515e+01   4.7131e+00   0.0000e+00   3.2523e-03   2.9251e+02
20260516_17:00:00   5.2912e-02   1.6311e+01   4.5363e+00   0.0000e+00   4.5291e-03   2.9184e+02
20260516_18:00:00   5.1849e-02   1.6056e+01   4.3074e+00   0.0000e+00   9.6501e-03   2.9453e+02
20260516_19:00:00   5.0940e-02   1.5853e+01   3.9991e+00   0.0000e+00   3.7998e-03   2.9794e+02
20260516_20:00:00   6.4624e-02   1.9408e+01   4.0856e+00   1.4160e-02   6.7837e-03   3.0013e+02
20260516_21:00:00   6.9065e-02   2.0560e+01   4.2614e+00   1.8109e-02   2.9235e-03   3.0088e+02
20260516_22:00:00   7.0460e-02   2.0905e+01   4.8722e+00   1.5374e-02   0.0000e+00   3.0334e+02
20260516_23:00:00   8.1887e-02   2.3792e+01   5.2241e+00   2.6537e-02   0.0000e+00   3.0775e+02
20260517_00:00:00   6.6262e-02   1.9825e+01   4.8231e+00   1.1165e-02   0.0000e+00   3.0980e+02
20260517_01:00:00   5.5739e-02   1.7112e+01   4.6712e+00   2.7743e-04   0.0000e+00   3.0948e+02
20260517_02:00:00   5.4323e-02   1.6759e+01   4.3487e+00   6.1986e-04   0.0000e+00   3.0712e+02
20260517_03:00:00   5.4014e-02   1.6677e+01   4.3873e+00   4.0710e-04   0.0000e+00   3.0407e+02
20260517_04:00:00   5.1079e-02   1.5937e+01   3.8241e+00   7.8450e-04   0.0000e+00   3.0175e+02
20260517_05:00:00   5.2104e-02   1.6193e+01   4.1085e+00   5.4900e-05   0.0000e+00   3.0180e+02
20260517_06:00:00   5.3790e-02   1.6627e+01   4.4217e+00   2.2520e-05   0.0000e+00   3.0341e+02
20260517_07:00:00   5.3201e-02   1.6480e+01   4.2935e+00   2.3470e-05   0.0000e+00   3.0182e+02
20260517_08:00:00   5.1266e-02   1.5977e+01   4.0681e+00   0.0000e+00   0.0000e+00   3.0082e+02
20260517_09:00:00   4.9621e-02   1.5561e+01   3.8197e+00   0.0000e+00   0.0000e+00   3.0071e+02
20260517_10:00:00   5.0185e-02   1.5703e+01   3.9671e+00   0.0000e+00   0.0000e+00   2.9855e+02
20260517_11:00:00   5.1227e-02   1.5973e+01   4.0989e+00   0.0000e+00   0.0000e+00   2.9566e+02
20260517_12:00:00   4.9344e-02   1.5497e+01   3.7550e+00   0.0000e+00   0.0000e+00   2.9548e+02
20260517_15:00:00   4.7113e-02   1.4922e+01   3.4603e+00   0.0000e+00   0.0000e+00   2.9169e+02
20260517_18:00:00   4.7015e-02   1.4908e+01   3.4527e+00   0.0000e+00   0.0000e+00   2.9009e+02
20260517_21:00:00   5.0160e-02   1.5734e+01   3.9041e+00   5.3960e-05   2.2360e-05   2.9181e+02
20260518_00:00:00   1.7879e-01   4.7250e+01   5.6627e+00   1.3519e-01   2.8760e-06   2.9108e+02
20260518_03:00:00   2.2441e-01   5.7394e+01   7.4101e+00   1.7338e-01   9.8963e-04   2.9205e+02
20260518_06:00:00   6.2279e-02   1.8882e+01   4.6028e+00   8.2697e-03   4.1519e-05   2.9353e+02
20260518_09:00:00   4.5968e-02   1.4647e+01   3.1543e+00   0.0000e+00   0.0000e+00   2.9373e+02
20260518_12:00:00   4.4361e-02   1.4213e+01   2.9453e+00   0.0000e+00   3.4520e-06   2.9403e+02
20260518_15:00:00   4.2899e-02   1.3824e+01   2.7438e+00   0.0000e+00   6.2614e-05   2.9534e+02
20260518_18:00:00   4.1617e-02   1.3472e+01   2.6509e+00   0.0000e+00   3.7344e-04   2.9421e+02
20260518_21:00:00   4.3689e-02   1.4018e+01   2.9301e+00   3.7890e-04   5.9940e-05   2.9594e+02
20260519_00:00:00   4.9784e-02   1.5621e+01   3.4140e+00   4.5024e-03   6.9340e-05   2.9313e+02
20260519_03:00:00   4.4656e-02   1.4278e+01   3.2087e+00   6.5220e-07   2.1700e-05   2.9157e+02
20260519_06:00:00   4.2375e-02   1.3694e+01   2.4284e+00   2.5150e-03   0.0000e+00   2.8924e+02
20260519_09:00:00   4.1385e-02   1.3408e+01   2.7393e+00   0.0000e+00   0.0000e+00   2.8780e+02
20260519_12:00:00   4.1853e-02   1.3536e+01   2.7902e+00   0.0000e+00   8.5512e-05   2.8628e+02
20260519_15:00:00   4.4268e-02   1.4165e+01   3.1814e+00   0.0000e+00   0.0000e+00   2.8649e+02
20260519_18:00:00   4.6223e-02   1.4673e+01   3.5085e+00   0.0000e+00   0.0000e+00   2.8755e+02
20260519_21:00:00   4.8200e-02   1.5180e+01   3.8474e+00   2.9160e-05   0.0000e+00   2.8782e+02
20260520_00:00:00   7.9705e-02   2.3300e+01   4.4310e+00   3.2060e-02   0.0000e+00   2.8531e+02
20260520_03:00:00   6.6141e-02   1.9816e+01   4.8915e+00   1.3630e-02   2.0120e-05   2.8792e+02
20260520_06:00:00   5.2416e-02   1.6263e+01   4.5767e+00   0.0000e+00   8.9460e-05   2.9229e+02
20260520_09:00:00   4.8630e-02   1.5287e+01   3.8783e+00   0.0000e+00   0.0000e+00   2.9572e+02
20260520_12:00:00   4.4430e-02   1.4187e+01   3.1524e+00   0.0000e+00   0.0000e+00   2.9456e+02
20260520_15:00:00   4.2328e-02   1.3642e+01   2.7622e+00   0.0000e+00   0.0000e+00   2.9463e+02
20260520_18:00:00   4.1497e-02   1.3434e+01   2.5935e+00   0.0000e+00   0.0000e+00   2.9667e+02
20260520_21:00:00   4.1913e-02   1.3561e+01   2.6469e+00   1.9140e-05   0.0000e+00   2.9964e+02
20260521_00:00:00   5.2448e-02   1.6342e+01   3.3628e+00   6.8210e-03   1.2298e-05   2.9745e+02
20260521_03:00:00   5.6501e-02   1.7398e+01   3.7979e+00   8.1890e-03   0.0000e+00   2.9559e+02
20260521_06:00:00   4.5615e-02   1.4571e+01   3.0747e+00   1.1367e-03   0.0000e+00   2.9811e+02
20260521_09:00:00   4.4088e-02   1.4162e+01   2.9317e+00   3.6650e-05   0.0000e+00   2.9411e+02
20260521_12:00:00   4.3512e-02   1.3999e+01   2.8618e+00   6.3640e-07   0.0000e+00   2.9233e+02
20260521_15:00:00   4.3405e-02   1.3960e+01   2.8475e+00   0.0000e+00   0.0000e+00   2.9049e+02
20260521_18:00:00   4.1792e-02   1.3536e+01   2.6015e+00   3.3830e-06   0.0000e+00   2.9444e+02
20260521_21:00:00   4.3267e-02   1.3915e+01   2.7808e+00   6.6657e-04   0.0000e+00   2.9479e+02
20260522_00:00:00   6.8621e-02   2.0529e+01   3.3226e+00   2.6469e-02   0.0000e+00   2.9359e+02
20260522_03:00:00   9.3077e-02   2.6674e+01   5.3947e+00   3.8900e-02   0.0000e+00   2.9213e+02
20260522_06:00:00   6.0495e-02   1.8375e+01   4.8120e+00   5.6120e-03   0.0000e+00   2.9246e+02
20260522_09:00:00   4.6973e-02   1.4859e+01   3.4248e+00   9.3850e-04   0.0000e+00   2.9101e+02
20260522_12:00:00   4.3087e-02   1.3824e+01   3.0420e+00   0.0000e+00   0.0000e+00   2.8885e+02
20260522_15:00:00   4.1929e-02   1.3508e+01   2.8954e+00   0.0000e+00   0.0000e+00   2.8953e+02
20260522_18:00:00   4.3714e-02   1.3965e+01   3.2721e+00   0.0000e+00   5.9480e-05   2.8939e+02
20260522_21:00:00   5.5808e-02   1.7112e+01   4.0363e+00   8.3800e-03   1.0236e-03   2.9304e+02
20260523_00:00:00   1.2663e-01   3.4822e+01   5.2112e+00   8.0705e-02   0.0000e+00   2.9063e+02
20260523_03:00:00   2.8454e-01   7.0128e+01   4.9967e+00   2.6368e-01   0.0000e+00   2.8991e+02
20260523_06:00:00   7.5528e-02   2.2221e+01   4.5337e+00   2.5606e-02   0.0000e+00   2.9123e+02
20260523_09:00:00   5.2517e-02   1.6325e+01   3.6438e+00   5.0330e-03   1.9976e-05   2.9241e+02
20260523_12:00:00   4.6072e-02   1.4628e+01   3.1933e+00   5.9150e-04   0.0000e+00   2.9147e+02
20260523_15:00:00   4.2312e-02   1.3652e+01   2.6293e+00   4.5820e-06   0.0000e+00   2.9239e+02
20260523_18:00:00   4.1555e-02   1.3459e+01   2.5111e+00   4.2190e-05   0.0000e+00   2.9267e+02
20260523_21:00:00   4.7857e-02   1.5107e+01   2.9911e+00   3.7297e-03   0.0000e+00   2.9490e+02
20260524_00:00:00   8.0307e-02   2.3449e+01   3.3225e+00   3.8355e-02   1.1400e-05   2.9421e+02
20260524_03:00:00   6.4578e-02   1.9464e+01   2.9712e+00   2.2906e-02   2.8760e-06   2.9293e+02
20260524_06:00:00   1.7189e-01   4.5524e+01   3.1720e+00   1.4426e-01   2.9180e-04   2.9432e+02
20260524_09:00:00   4.5135e-02   1.4404e+01   2.7851e+00   1.8709e-03   8.4695e-04   2.9566e+02
20260524_12:00:00   4.3174e-02   1.3882e+01   2.7153e+00   9.0460e-05   2.1096e-03   2.9441e+02
20260524_15:00:00   4.1976e-02   1.3575e+01   2.5184e+00   2.2330e-06   1.5169e-02   2.9283e+02
20260524_18:00:00   4.0018e-02   1.3053e+01   2.3268e+00   0.0000e+00   9.5001e-03   2.9297e+02
20260524_21:00:00   4.2737e-02   1.3764e+01   2.7613e+00   1.4202e-04   2.3984e-03   2.9348e+02
20260525_00:00:00   4.7081e-02   1.4913e+01   3.0262e+00   3.4633e-03   2.0176e-02   2.9202e+02
20260525_03:00:00   4.3218e-02   1.3908e+01   2.9082e+00   7.0586e-05   1.5628e-02   2.8885e+02
20260525_06:00:00   4.6956e-02   1.4882e+01   3.6213e+00   8.0750e-06   1.5439e-02   2.8959e+02
20260525_09:00:00   5.1799e-02   1.6120e+01   4.4987e+00   1.6550e-06   2.5760e-03   2.9022e+02
20260525_12:00:00   5.3151e-02   1.6435e+01   4.8492e+00   1.0138e-04   3.8098e-03   2.8689e+02
20260525_15:00:00   4.8856e-02   1.5285e+01   4.3158e+00   1.8630e-06   2.3692e-03   2.8859e+02
20260525_18:00:00   4.7498e-02   1.4935e+01   4.1014e+00   9.3230e-06   8.1880e-04   2.8897e+02
20260525_21:00:00   5.3168e-02   1.6403e+01   4.3362e+00   5.5970e-03   6.4847e-04   2.8887e+02
20260526_00:00:00   6.6631e-02   1.9877e+01   5.0244e+00   1.6903e-02   5.8097e-03   2.8456e+02
20260526_03:00:00   5.1335e-02   1.5948e+01   4.4868e+00   2.3700e-03   6.5703e-05   2.8502e+02
20260526_06:00:00   4.8610e-02   1.5253e+01   4.2803e+00   0.0000e+00   1.4922e-06   2.8656e+02
20260526_09:00:00   4.9302e-02   1.5450e+01   4.3358e+00   0.0000e+00   4.8820e-04   2.8935e+02
20260526_12:00:00   4.7661e-02   1.5051e+01   3.9192e+00   0.0000e+00   3.2093e-03   2.9002e+02
20260526_15:00:00   4.6381e-02   1.4758e+01   3.5551e+00   0.0000e+00   2.6124e-04   2.9237e+02
20260526_18:00:00   4.5893e-02   1.4653e+01   3.4097e+00   0.0000e+00   1.9232e-03   2.9145e+02
20260526_21:00:00   4.4166e-02   1.4216e+01   3.0696e+00   0.0000e+00   3.0220e-04   2.9292e+02
20260527_00:00:00   4.4985e-02   1.4438e+01   3.1198e+00   3.4000e-04   1.5052e-03   2.9108e+02
20260527_03:00:00   4.2985e-02   1.3926e+01   2.8360e+00   2.0390e-05   2.8080e-05   2.9136e+02
20260527_06:00:00   4.1454e-02   1.3520e+01   2.5865e+00   1.0590e-04   5.0459e-03   2.9255e+02
20260527_09:00:00   4.0947e-02   1.3377e+01   2.4871e+00   0.0000e+00   9.9950e-03   2.9459e+02
20260527_12:00:00   4.1311e-02   1.3463e+01   2.5517e+00   0.0000e+00   1.6290e-02   2.9103e+02
20260527_15:00:00   3.9801e-02   1.3054e+01   2.3293e+00   0.0000e+00   1.0960e-02   2.8976e+02
20260527_18:00:00   3.9927e-02   1.3083e+01   2.3549e+00   0.0000e+00   6.1332e-03   2.9084e+02
20260527_21:00:00   4.0970e-02   1.3352e+01   2.5781e+00   1.5570e-06   1.6792e-02   2.8922e+02
20260528_00:00:00   4.2964e-02   1.3880e+01   2.8811e+00   3.7180e-05   3.3316e-03   2.8740e+02
20260528_03:00:00   4.2473e-02   1.3722e+01   2.8395e+00   2.8900e-04   5.5369e-02   2.8583e+02
20260528_06:00:00   4.4553e-02   1.4202e+01   3.4900e+00   0.0000e+00   4.2476e-02   2.8548e+02
20260528_09:00:00   4.3489e-02   1.3947e+01   3.2095e+00   0.0000e+00   1.3445e-02   2.8568e+02
20260528_12:00:00   4.7635e-02   1.4949e+01   4.1958e+00   0.0000e+00   3.9581e-02   2.8190e+02
