#            date       tau255        Tb[K]      pwv[mm] lwp[kg*m^-2] iwp[kg*m^-2]       o3[DU]
20260106_12:00:00   5.6234e-01   1.1937e+02   1.0341e+01   5.4094e-01   1.3743e-01   2.9354e+02
20260106_13:00:00   1.2960e-01   3.5130e+01   9.8509e+00   4.9748e-02   5.1000e-02   2.9488e+02
20260106_14:00:00   1.3116e-01   3.5525e+01   9.5562e+00   5.3380e-02   4.8308e-02   2.9819e+02
20260106_15:00:00   1.7057e-01   4.4713e+01   9.2029e+00   1.0053e-01   1.7812e-02   2.9869e+02
20260106_16:00:00   2.8826e-01   7.0197e+01   9.0649e+00   2.3567e-01   5.8628e-03   2.9167e+02
20260106_17:00:00   2.3964e-01   5.9935e+01   9.1884e+00   1.7894e-01   5.3270e-03   2.8431e+02
20260106_18:00:00   2.7560e-01   6.7277e+01   9.5347e+00   2.1611e-01   8.0468e-03   2.7885e+02
20260106_19:00:00   2.2571e-01   5.6794e+01   9.6581e+00   1.5886e-01   9.7351e-03   2.7822e+02
20260106_20:00:00   1.5063e-01   3.9999e+01   9.5745e+00   7.4746e-02   5.4178e-03   2.7629e+02
20260106_21:00:00   1.2645e-01   3.4262e+01   9.1814e+00   4.9855e-02   3.8167e-03   2.7486e+02
20260106_22:00:00   1.1858e-01   3.2381e+01   9.0928e+00   4.1451e-02   5.8207e-03   2.7488e+02
20260106_23:00:00   1.0068e-01   2.8098e+01   8.8627e+00   2.3148e-02   9.3769e-04   2.7596e+02
20260107_00:00:00   9.2023e-02   2.5971e+01   8.6032e+00   1.4858e-02   3.0257e-04   2.7486e+02
20260107_01:00:00   9.7452e-02   2.7351e+01   8.6254e+00   2.0348e-02   2.4998e-04   2.7567e+02
20260107_02:00:00   9.5116e-02   2.6791e+01   8.7761e+00   1.6049e-02   1.7460e-04   2.7554e+02
20260107_03:00:00   1.8995e-01   4.9304e+01   8.7876e+00   1.2433e-01   1.4680e-04   2.7459e+02
20260107_04:00:00   2.6573e-01   6.5818e+01   8.8727e+00   2.1073e-01   6.7873e-04   2.7107e+02
20260107_05:00:00   1.4930e-01   3.9881e+01   8.6269e+00   7.8580e-02   2.1333e-03   2.6849e+02
20260107_06:00:00   2.0115e-01   5.1551e+01   8.4179e+00   1.3792e-01   2.2556e-03   2.6798e+02
20260107_07:00:00   2.0351e-01   5.2111e+01   7.8455e+00   1.4465e-01   2.6399e-03   2.6852e+02
20260107_08:00:00   1.2934e-01   3.5124e+01   7.3738e+00   6.4091e-02   2.7453e-03   2.6932e+02
20260107_09:00:00   1.0778e-01   2.9946e+01   7.1068e+00   4.1635e-02   2.2673e-04   2.7018e+02
20260107_10:00:00   9.8435e-02   2.7670e+01   6.8582e+00   3.3005e-02   3.7101e-04   2.6966e+02
20260107_11:00:00   8.1681e-02   2.3531e+01   6.5515e+00   1.6429e-02   5.9298e-04   2.6833e+02
20260107_12:00:00   6.6903e-02   1.9821e+01   6.3761e+00   1.1431e-03   6.0345e-04   2.6852e+02
20260107_13:00:00   6.3388e-02   1.8944e+01   5.9957e+00   1.4570e-04   3.6440e-04   2.6967e+02
20260107_14:00:00   6.0327e-02   1.8184e+01   5.5871e+00   8.1710e-05   3.0280e-04   2.6872e+02
20260107_15:00:00   5.8206e-02   1.7653e+01   5.2833e+00   4.8360e-05   3.7180e-04   2.6816e+02
20260107_16:00:00   5.7482e-02   1.7464e+01   5.1704e+00   4.9090e-07   0.0000e+00   2.6768e+02
20260107_17:00:00   5.5898e-02   1.7071e+01   4.9084e+00   0.0000e+00   0.0000e+00   2.6801e+02
20260107_18:00:00   5.4017e-02   1.6592e+01   4.6285e+00   0.0000e+00   0.0000e+00   2.6685e+02
20260107_19:00:00   5.1849e-02   1.6040e+01   4.3109e+00   0.0000e+00   0.0000e+00   2.6656e+02
20260107_20:00:00   5.0098e-02   1.5594e+01   4.0595e+00   0.0000e+00   0.0000e+00   2.6576e+02
20260107_21:00:00   5.0271e-02   1.5634e+01   4.0829e+00   9.0680e-05   0.0000e+00   2.6465e+02
20260107_22:00:00   4.9867e-02   1.5539e+01   3.9387e+00   6.4850e-04   0.0000e+00   2.6476e+02
20260107_23:00:00   5.8265e-02   1.7730e+01   4.1533e+00   8.5480e-03   0.0000e+00   2.6147e+02
20260108_00:00:00   5.7675e-02   1.7570e+01   4.3031e+00   6.7250e-03   0.0000e+00   2.5944e+02
20260108_01:00:00   9.1555e-02   2.6220e+01   4.2488e+00   4.6420e-02   0.0000e+00   2.5808e+02
20260108_02:00:00   8.4135e-02   2.4355e+01   4.2424e+00   3.8290e-02   0.0000e+00   2.5717e+02
20260108_03:00:00   5.1140e-02   1.5864e+01   4.2244e+00   4.5849e-04   0.0000e+00   2.5563e+02
20260108_04:00:00   5.1019e-02   1.5841e+01   4.1289e+00   1.0457e-03   0.0000e+00   2.5511e+02
20260108_05:00:00   5.0937e-02   1.5821e+01   4.1127e+00   9.3610e-04   0.0000e+00   2.5578e+02
20260108_06:00:00   5.0798e-02   1.5790e+01   4.0203e+00   1.3442e-03   0.0000e+00   2.5545e+02
20260108_07:00:00   4.9672e-02   1.5493e+01   3.9999e+00   1.7280e-04   0.0000e+00   2.5641e+02
20260108_08:00:00   4.8808e-02   1.5273e+01   3.8471e+00   2.0510e-05   0.0000e+00   2.5740e+02
20260108_09:00:00   4.9414e-02   1.5409e+01   4.0242e+00   1.9260e-05   0.0000e+00   2.5807e+02
20260108_10:00:00   4.9239e-02   1.5350e+01   4.0495e+00   0.0000e+00   0.0000e+00   2.5900e+02
20260108_11:00:00   4.9449e-02   1.5397e+01   4.1100e+00   0.0000e+00   7.0880e-06   2.5829e+02
20260108_12:00:00   4.8889e-02   1.5257e+01   4.0136e+00   0.0000e+00   0.0000e+00   2.5832e+02
20260108_13:00:00   4.7888e-02   1.5010e+01   3.8279e+00   0.0000e+00   0.0000e+00   2.5707e+02
20260108_14:00:00   4.6693e-02   1.4711e+01   3.6062e+00   0.0000e+00   0.0000e+00   2.5596e+02
20260108_15:00:00   4.6337e-02   1.4616e+01   3.5432e+00   0.0000e+00   0.0000e+00   2.5510e+02
20260108_16:00:00   4.7218e-02   1.4831e+01   3.7148e+00   0.0000e+00   0.0000e+00   2.5434e+02
20260108_17:00:00   4.8407e-02   1.5134e+01   3.9242e+00   0.0000e+00   0.0000e+00   2.5335e+02
20260108_18:00:00   4.9444e-02   1.5405e+01   4.0728e+00   0.0000e+00   0.0000e+00   2.5359e+02
20260108_19:00:00   5.0884e-02   1.5777e+01   4.3074e+00   0.0000e+00   0.0000e+00   2.5379e+02
20260108_20:00:00   5.1390e-02   1.5913e+01   4.3711e+00   0.0000e+00   0.0000e+00   2.5339e+02
20260108_21:00:00   5.0989e-02   1.5821e+01   4.2886e+00   0.0000e+00   0.0000e+00   2.5297e+02
20260108_22:00:00   5.0146e-02   1.5614e+01   4.1585e+00   0.0000e+00   0.0000e+00   2.5175e+02
20260108_23:00:00   4.8919e-02   1.5313e+01   3.9119e+00   2.3440e-04   0.0000e+00   2.5114e+02
20260109_00:00:00   4.8702e-02   1.5269e+01   3.7706e+00   7.9800e-04   0.0000e+00   2.5086e+02
20260109_01:00:00   4.9378e-02   1.5456e+01   3.8190e+00   1.2570e-03   0.0000e+00   2.5175e+02
20260109_02:00:00   4.8363e-02   1.5189e+01   3.8031e+00   2.6480e-04   0.0000e+00   2.5161e+02
20260109_03:00:00   4.9529e-02   1.5493e+01   3.9903e+00   3.4360e-04   0.0000e+00   2.5069e+02
20260109_04:00:00   5.0137e-02   1.5653e+01   4.1112e+00   1.5920e-04   0.0000e+00   2.4936e+02
20260109_05:00:00   5.0848e-02   1.5836e+01   4.2577e+00   0.0000e+00   0.0000e+00   2.4848e+02
20260109_06:00:00   5.0302e-02   1.5698e+01   4.1575e+00   0.0000e+00   0.0000e+00   2.4791e+02
20260109_07:00:00   4.7465e-02   1.4980e+01   3.6534e+00   0.0000e+00   0.0000e+00   2.4943e+02
20260109_08:00:00   4.5207e-02   1.4406e+01   3.2394e+00   0.0000e+00   0.0000e+00   2.5032e+02
20260109_09:00:00   4.4309e-02   1.4176e+01   3.0750e+00   0.0000e+00   0.0000e+00   2.5029e+02
20260109_10:00:00   4.4005e-02   1.4095e+01   3.0183e+00   0.0000e+00   0.0000e+00   2.5133e+02
20260109_11:00:00   4.4242e-02   1.4147e+01   3.0874e+00   0.0000e+00   0.0000e+00   2.5087e+02
20260109_12:00:00   4.4052e-02   1.4097e+01   3.0583e+00   0.0000e+00   0.0000e+00   2.5003e+02
20260109_13:00:00   4.3995e-02   1.4082e+01   3.0358e+00   0.0000e+00   0.0000e+00   2.4949e+02
20260109_14:00:00   4.4481e-02   1.4208e+01   3.1146e+00   0.0000e+00   0.0000e+00   2.5026e+02
20260109_15:00:00   4.5027e-02   1.4353e+01   3.1988e+00   0.0000e+00   0.0000e+00   2.5068e+02
20260109_16:00:00   4.5930e-02   1.4588e+01   3.3139e+00   0.0000e+00   0.0000e+00   2.5125e+02
20260109_17:00:00   4.6958e-02   1.4860e+01   3.4651e+00   0.0000e+00   0.0000e+00   2.5019e+02
20260109_18:00:00   4.7976e-02   1.5127e+01   3.6120e+00   0.0000e+00   0.0000e+00   2.4978e+02
20260109_19:00:00   4.9073e-02   1.5415e+01   3.7718e+00   0.0000e+00   0.0000e+00   2.4858e+02
20260109_20:00:00   5.0415e-02   1.5760e+01   3.9758e+00   0.0000e+00   0.0000e+00   2.4751e+02
20260109_21:00:00   5.1349e-02   1.6001e+01   4.1121e+00   0.0000e+00   0.0000e+00   2.4814e+02
20260109_22:00:00   5.2392e-02   1.6271e+01   4.2645e+00   0.0000e+00   0.0000e+00   2.4832e+02
20260109_23:00:00   5.3743e-02   1.6613e+01   4.4669e+00   0.0000e+00   0.0000e+00   2.4841e+02
20260110_00:00:00   5.4605e-02   1.6841e+01   4.5973e+00   0.0000e+00   0.0000e+00   2.4878e+02
20260110_01:00:00   5.5250e-02   1.7011e+01   4.6898e+00   0.0000e+00   0.0000e+00   2.5006e+02
20260110_02:00:00   5.6114e-02   1.7237e+01   4.8046e+00   0.0000e+00   0.0000e+00   2.5053e+02
20260110_03:00:00   5.7046e-02   1.7476e+01   4.9397e+00   0.0000e+00   0.0000e+00   2.5001e+02
20260110_04:00:00   5.7694e-02   1.7642e+01   5.0268e+00   0.0000e+00   0.0000e+00   2.4917e+02
20260110_05:00:00   5.8641e-02   1.7881e+01   5.1364e+00   0.0000e+00   0.0000e+00   2.4927e+02
20260110_06:00:00   5.9569e-02   1.8116e+01   5.2402e+00   0.0000e+00   0.0000e+00   2.4976e+02
20260110_07:00:00   6.0578e-02   1.8368e+01   5.3539e+00   0.0000e+00   0.0000e+00   2.5122e+02
20260110_08:00:00   6.0007e-02   1.8225e+01   5.2337e+00   0.0000e+00   0.0000e+00   2.5229e+02
20260110_09:00:00   5.8555e-02   1.7850e+01   4.9938e+00   0.0000e+00   0.0000e+00   2.5366e+02
20260110_10:00:00   5.7493e-02   1.7578e+01   4.8128e+00   0.0000e+00   0.0000e+00   2.5435e+02
20260110_11:00:00   5.5682e-02   1.7115e+01   4.5335e+00   0.0000e+00   0.0000e+00   2.5531e+02
20260110_12:00:00   5.3126e-02   1.6457e+01   4.1560e+00   0.0000e+00   0.0000e+00   2.5527e+02
20260110_13:00:00   5.0591e-02   1.5806e+01   3.7775e+00   0.0000e+00   0.0000e+00   2.5496e+02
20260110_14:00:00   4.8804e-02   1.5346e+01   3.4982e+00   0.0000e+00   0.0000e+00   2.5503e+02
20260110_15:00:00   4.7780e-02   1.5081e+01   3.3265e+00   0.0000e+00   0.0000e+00   2.5433e+02
20260110_16:00:00   4.6205e-02   1.4673e+01   3.0793e+00   0.0000e+00   0.0000e+00   2.5261e+02
20260110_17:00:00   4.4487e-02   1.4227e+01   2.8090e+00   0.0000e+00   0.0000e+00   2.5183e+02
20260110_18:00:00   4.2744e-02   1.3779e+01   2.5295e+00   0.0000e+00   0.0000e+00   2.5152e+02
20260110_19:00:00   4.1076e-02   1.3348e+01   2.2566e+00   0.0000e+00   0.0000e+00   2.5176e+02
20260110_20:00:00   3.9701e-02   1.2993e+01   2.0250e+00   0.0000e+00   0.0000e+00   2.5126e+02
20260110_21:00:00   3.8702e-02   1.2733e+01   1.8530e+00   0.0000e+00   0.0000e+00   2.5122e+02
20260110_22:00:00   3.8447e-02   1.2667e+01   1.8029e+00   0.0000e+00   0.0000e+00   2.5096e+02
20260110_23:00:00   3.9419e-02   1.2923e+01   1.9521e+00   0.0000e+00   0.0000e+00   2.4998e+02
20260111_00:00:00   4.0070e-02   1.3095e+01   2.0356e+00   1.5730e-04   0.0000e+00   2.4920e+02
20260111_01:00:00   4.0489e-02   1.3211e+01   2.1048e+00   2.3380e-04   0.0000e+00   2.4858e+02
20260111_02:00:00   4.0050e-02   1.3103e+01   2.0101e+00   4.7820e-04   0.0000e+00   2.4861e+02
20260111_03:00:00   3.9269e-02   1.2901e+01   1.8929e+00   4.6550e-04   0.0000e+00   2.4856e+02
20260111_04:00:00   3.7489e-02   1.2433e+01   1.6664e+00   0.0000e+00   0.0000e+00   2.4797e+02
20260111_05:00:00   3.6785e-02   1.2250e+01   1.5377e+00   0.0000e+00   0.0000e+00   2.4808e+02
20260111_06:00:00   3.5789e-02   1.1987e+01   1.3669e+00   0.0000e+00   0.0000e+00   2.4991e+02
20260111_07:00:00   3.5164e-02   1.1823e+01   1.2555e+00   0.0000e+00   0.0000e+00   2.5042e+02
20260111_08:00:00   3.4945e-02   1.1765e+01   1.2177e+00   0.0000e+00   0.0000e+00   2.5101e+02
20260111_09:00:00   3.4866e-02   1.1742e+01   1.2042e+00   0.0000e+00   0.0000e+00   2.5222e+02
20260111_10:00:00   3.4744e-02   1.1707e+01   1.1799e+00   0.0000e+00   0.0000e+00   2.5305e+02
20260111_11:00:00   3.4826e-02   1.1726e+01   1.1918e+00   0.0000e+00   0.0000e+00   2.5225e+02
20260111_12:00:00   3.5047e-02   1.1783e+01   1.2363e+00   0.0000e+00   0.0000e+00   2.5175e+02
20260111_15:00:00   3.5113e-02   1.1801e+01   1.2591e+00   0.0000e+00   0.0000e+00   2.4783e+02
20260111_18:00:00   3.4675e-02   1.1686e+01   1.1715e+00   0.0000e+00   0.0000e+00   2.5042e+02
20260111_21:00:00   3.4583e-02   1.1661e+01   1.1736e+00   0.0000e+00   0.0000e+00   2.5300e+02
20260112_00:00:00   3.9236e-02   1.2844e+01   2.1841e+00   1.1450e-05   0.0000e+00   2.5124e+02
20260112_03:00:00   3.9453e-02   1.2862e+01   2.3346e+00   4.2500e-04   0.0000e+00   2.5087e+02
20260112_06:00:00   3.9565e-02   1.2897e+01   2.1884e+00   1.0410e-03   0.0000e+00   2.5206e+02
20260112_09:00:00   3.6358e-02   1.2072e+01   1.6640e+00   0.0000e+00   0.0000e+00   2.5299e+02
20260112_12:00:00   3.4696e-02   1.1639e+01   1.3049e+00   0.0000e+00   0.0000e+00   2.5305e+02
20260112_15:00:00   3.3574e-02   1.1346e+01   1.0635e+00   0.0000e+00   0.0000e+00   2.5200e+02
20260112_18:00:00   3.3439e-02   1.1309e+01   1.0219e+00   0.0000e+00   0.0000e+00   2.5139e+02
20260112_21:00:00   3.6613e-02   1.2126e+01   1.7060e+00   0.0000e+00   0.0000e+00   2.5345e+02
20260113_00:00:00   3.8126e-02   1.2527e+01   1.9475e+00   0.0000e+00   0.0000e+00   2.5207e+02
20260113_03:00:00   4.0492e-02   1.3136e+01   2.3328e+00   0.0000e+00   0.0000e+00   2.5324e+02
20260113_06:00:00   4.1835e-02   1.3470e+01   2.5348e+00   0.0000e+00   0.0000e+00   2.5458e+02
20260113_09:00:00   4.3371e-02   1.3847e+01   2.8326e+00   0.0000e+00   0.0000e+00   2.5519e+02
20260113_12:00:00   4.2135e-02   1.3512e+01   2.6888e+00   0.0000e+00   0.0000e+00   2.5506e+02
20260113_15:00:00   4.0826e-02   1.3182e+01   2.4498e+00   0.0000e+00   0.0000e+00   2.5237e+02
20260113_18:00:00   3.9907e-02   1.2953e+01   2.2698e+00   0.0000e+00   0.0000e+00   2.5178e+02
20260113_21:00:00   3.9186e-02   1.2770e+01   2.1467e+00   0.0000e+00   0.0000e+00   2.4871e+02
20260114_00:00:00   4.1683e-02   1.3444e+01   2.0369e+00   3.4120e-03   0.0000e+00   2.4710e+02
20260114_03:00:00   4.1954e-02   1.3517e+01   2.0864e+00   3.6520e-03   0.0000e+00   2.4440e+02
20260114_06:00:00   4.6817e-02   1.4790e+01   2.5262e+00   5.9450e-03   0.0000e+00   2.4518e+02
20260114_09:00:00   3.9463e-02   1.2851e+01   2.2228e+00   0.0000e+00   0.0000e+00   2.4429e+02
20260114_12:00:00   3.8438e-02   1.2566e+01   2.1042e+00   0.0000e+00   0.0000e+00   2.4246e+02
20260114_15:00:00   3.9208e-02   1.2759e+01   2.2880e+00   0.0000e+00   0.0000e+00   2.4035e+02
20260114_18:00:00   3.8863e-02   1.2683e+01   2.2199e+00   0.0000e+00   1.5094e-03   2.4100e+02
20260114_21:00:00   3.9960e-02   1.2958e+01   2.4701e+00   0.0000e+00   0.0000e+00   2.4138e+02
20260115_00:00:00   4.1569e-02   1.3377e+01   2.8062e+00   0.0000e+00   0.0000e+00   2.3918e+02
20260115_03:00:00   4.0607e-02   1.3138e+01   2.6642e+00   0.0000e+00   0.0000e+00   2.3880e+02
20260115_06:00:00   4.1182e-02   1.3291e+01   2.7473e+00   0.0000e+00   0.0000e+00   2.4127e+02
20260115_09:00:00   4.1766e-02   1.3434e+01   2.9043e+00   0.0000e+00   0.0000e+00   2.4136e+02
20260115_12:00:00   4.2612e-02   1.3638e+01   3.1419e+00   0.0000e+00   0.0000e+00   2.4109e+02
20260115_15:00:00   4.4367e-02   1.4070e+01   3.5245e+00   0.0000e+00   0.0000e+00   2.3888e+02
20260115_18:00:00   4.4328e-02   1.4068e+01   3.4575e+00   0.0000e+00   0.0000e+00   2.3804e+02
20260115_21:00:00   4.3181e-02   1.3809e+01   3.1380e+00   0.0000e+00   0.0000e+00   2.3832e+02
20260116_00:00:00   4.8735e-02   1.5291e+01   3.8987e+00   0.0000e+00   0.0000e+00   2.3749e+02
20260116_03:00:00   7.4653e-02   2.1887e+01   6.5294e+00   7.2807e-03   2.1697e-05   2.3881e+02
20260116_06:00:00   1.7221e-01   4.5134e+01   6.5349e+00   1.1521e-01   1.9894e-04   2.3855e+02
20260116_09:00:00   4.5785e-02   1.4540e+01   3.0114e+00   1.2000e-04   0.0000e+00   2.3885e+02
20260116_12:00:00   3.4112e-02   1.1479e+01   1.2200e+00   0.0000e+00   0.0000e+00   2.3881e+02
20260116_15:00:00   3.1773e-02   1.0864e+01   7.8555e-01   0.0000e+00   0.0000e+00   2.3882e+02
20260116_18:00:00   3.2144e-02   1.0957e+01   8.4569e-01   0.0000e+00   0.0000e+00   2.3856e+02
20260116_21:00:00   3.2427e-02   1.1030e+01   8.9570e-01   0.0000e+00   0.0000e+00   2.3944e+02
20260117_00:00:00   3.4427e-02   1.1548e+01   1.3403e+00   0.0000e+00   0.0000e+00   2.3977e+02
20260117_03:00:00   3.6725e-02   1.2146e+01   1.8416e+00   0.0000e+00   0.0000e+00   2.4032e+02
20260117_06:00:00   3.8180e-02   1.2522e+01   2.0909e+00   0.0000e+00   0.0000e+00   2.4202e+02
20260117_09:00:00   3.5111e-02   1.1739e+01   1.4381e+00   0.0000e+00   0.0000e+00   2.4640e+02
20260117_12:00:00   3.4599e-02   1.1608e+01   1.3307e+00   0.0000e+00   0.0000e+00   2.4821e+02
20260117_15:00:00   3.4806e-02   1.1654e+01   1.4214e+00   0.0000e+00   0.0000e+00   2.4720e+02
20260117_18:00:00   3.5954e-02   1.1949e+01   1.6348e+00   0.0000e+00   0.0000e+00   2.4490e+02
20260117_21:00:00   3.4965e-02   1.1693e+01   1.4126e+00   0.0000e+00   0.0000e+00   2.4622e+02
20260118_00:00:00   3.3593e-02   1.1340e+01   1.1157e+00   0.0000e+00   0.0000e+00   2.4377e+02
20260118_03:00:00   3.4653e-02   1.1621e+01   1.3172e+00   0.0000e+00   0.0000e+00   2.4041e+02
20260118_06:00:00   3.6816e-02   1.2184e+01   1.7080e+00   0.0000e+00   0.0000e+00   2.3915e+02
20260118_09:00:00   3.5900e-02   1.1942e+01   1.5381e+00   0.0000e+00   0.0000e+00   2.4370e+02
20260118_12:00:00   3.4757e-02   1.1653e+01   1.2966e+00   0.0000e+00   0.0000e+00   2.4345e+02
20260118_15:00:00   3.5841e-02   1.1944e+01   1.4895e+00   0.0000e+00   0.0000e+00   2.4493e+02
20260118_18:00:00   3.6362e-02   1.2085e+01   1.5697e+00   0.0000e+00   0.0000e+00   2.4533e+02
20260118_21:00:00   3.4565e-02   1.1615e+01   1.2715e+00   0.0000e+00   0.0000e+00   2.4783e+02
20260119_00:00:00   3.4398e-02   1.1566e+01   1.3015e+00   0.0000e+00   0.0000e+00   2.4958e+02
20260119_03:00:00   3.5439e-02   1.1832e+01   1.5404e+00   0.0000e+00   0.0000e+00   2.4605e+02
20260119_06:00:00   3.6868e-02   1.2202e+01   1.8450e+00   0.0000e+00   0.0000e+00   2.4594e+02
20260119_09:00:00   4.1406e-02   1.3354e+01   2.7913e+00   0.0000e+00   0.0000e+00   2.4696e+02
20260119_12:00:00   4.0630e-02   1.3140e+01   2.6940e+00   0.0000e+00   0.0000e+00   2.4571e+02
20260119_15:00:00   4.8280e-02   1.5063e+01   4.2230e+00   0.0000e+00   0.0000e+00   2.4327e+02
20260119_18:00:00   6.6073e-02   1.9569e+01   6.9888e+00   0.0000e+00   2.7640e-06   2.4156e+02
20260119_21:00:00   7.7830e-02   2.2497e+01   8.7627e+00   0.0000e+00   0.0000e+00   2.4126e+02
20260120_00:00:00   2.7418e-01   6.6852e+01   1.0926e+01   2.0430e-01   1.8784e-02   2.3803e+02
20260120_03:00:00   4.3411e-01   9.7382e+01   1.1109e+01   3.8367e-01   3.5456e-03   2.3629e+02
20260120_06:00:00   4.9499e-01   1.0776e+02   1.1222e+01   4.5128e-01   7.6709e-03   2.3626e+02
20260120_09:00:00   2.7018e-01   6.5936e+01   1.2153e+01   1.9030e-01   1.0676e-02   2.3771e+02
20260120_12:00:00   1.2548e-01   3.4016e+01   1.1659e+01   3.1993e-02   6.1227e-04   2.3813e+02
20260120_15:00:00   3.6403e-01   8.4534e+01   1.2068e+01   2.9799e-01   3.3282e-03   2.3626e+02
20260120_18:00:00   1.8072e-01   4.6978e+01   1.1980e+01   9.2655e-02   9.7677e-04   2.3462e+02
20260120_21:00:00   1.8236e-01   4.7368e+01   1.2317e+01   9.2144e-02   1.0623e-02   2.3561e+02
20260121_00:00:00   1.2345e-01   3.3594e+01   1.2037e+01   2.7486e-02   1.6560e-03   2.3581e+02
20260121_03:00:00   1.5377e-01   4.0766e+01   1.1937e+01   6.2877e-02   2.8877e-03   2.3535e+02
20260121_06:00:00   1.0460e-01   2.9041e+01   1.1873e+01   7.5236e-03   1.8210e-03   2.3579e+02
20260121_09:00:00   9.9303e-02   2.7739e+01   1.2085e+01   1.1614e-04   1.0066e-02   2.3795e+02
20260121_12:00:00   8.3945e-02   2.4033e+01   9.9186e+00   0.0000e+00   6.4316e-03   2.3814e+02
20260121_15:00:00   7.2056e-02   2.1113e+01   8.0525e+00   0.0000e+00   2.4938e-03   2.3849e+02
20260121_18:00:00   6.1856e-02   1.8589e+01   6.3802e+00   0.0000e+00   1.1752e-04   2.4023e+02
20260121_21:00:00   5.7652e-02   1.7543e+01   5.7047e+00   0.0000e+00   0.0000e+00   2.4252e+02
20260122_00:00:00   5.3197e-02   1.6422e+01   4.9528e+00   0.0000e+00   2.4040e-04   2.4162e+02
20260122_03:00:00   4.9629e-02   1.5559e+01   4.1828e+00   0.0000e+00   0.0000e+00   2.3956e+02
20260122_06:00:00   4.8951e-02   1.5384e+01   4.0459e+00   0.0000e+00   0.0000e+00   2.3702e+02
20260122_09:00:00   4.9942e-02   1.5620e+01   4.2284e+00   0.0000e+00   0.0000e+00   2.3673e+02
20260122_12:00:00   4.9147e-02   1.5415e+01   4.1194e+00   0.0000e+00   0.0000e+00   2.3469e+02
