#            date       tau255        Tb[K]      pwv[mm] lwp[kg*m^-2] iwp[kg*m^-2]       o3[DU]
20260611_06:00:00   4.3034e-02   1.3922e+01   2.1138e+00   5.3630e-03   9.9351e-03   2.7547e+02
20260611_07:00:00   3.8109e-02   1.2610e+01   1.8823e+00   9.0340e-04   3.6404e-03   2.7811e+02
20260611_08:00:00   3.6659e-02   1.2222e+01   1.7464e+00   0.0000e+00   2.9937e-03   2.7992e+02
20260611_09:00:00   3.5467e-02   1.1901e+01   1.5274e+00   0.0000e+00   5.5197e-03   2.8025e+02
20260611_10:00:00   3.5634e-02   1.1951e+01   1.5478e+00   0.0000e+00   7.8921e-03   2.8034e+02
20260611_11:00:00   3.6009e-02   1.2054e+01   1.6176e+00   0.0000e+00   4.9394e-03   2.8286e+02
20260611_12:00:00   3.6441e-02   1.2166e+01   1.7124e+00   2.0430e-07   1.1428e-02   2.8503e+02
20260611_13:00:00   3.7272e-02   1.2376e+01   1.8854e+00   2.7790e-06   3.9746e-02   2.8333e+02
20260611_14:00:00   3.8035e-02   1.2575e+01   2.0410e+00   1.4180e-05   2.8281e-02   2.7881e+02
20260611_15:00:00   3.9460e-02   1.2953e+01   2.2879e+00   1.3280e-05   2.5541e-02   2.7889e+02
20260611_16:00:00   4.0127e-02   1.3128e+01   2.3933e+00   0.0000e+00   3.8039e-02   2.8655e+02
20260611_17:00:00   4.0209e-02   1.3159e+01   2.2753e+00   7.0330e-04   2.8905e-02   2.8602e+02
20260611_18:00:00   3.9473e-02   1.2969e+01   2.1047e+00   9.9070e-04   1.7109e-02   2.8295e+02
20260611_19:00:00   3.8618e-02   1.2747e+01   1.9674e+00   8.6450e-04   8.1176e-03   2.8362e+02
20260611_20:00:00   3.8412e-02   1.2691e+01   1.8740e+00   1.2350e-03   7.5580e-03   2.8360e+02
20260611_21:00:00   3.7657e-02   1.2478e+01   1.9170e+00   1.9790e-04   1.2528e-02   2.8397e+02
20260611_22:00:00   3.8496e-02   1.2702e+01   1.9769e+00   9.0940e-04   9.6680e-03   2.8356e+02
20260611_23:00:00   3.9548e-02   1.2981e+01   2.0975e+00   1.3720e-03   9.5163e-03   2.8111e+02
20260612_00:00:00   4.0229e-02   1.3155e+01   2.1625e+00   1.7550e-03   7.9876e-03   2.8134e+02
20260612_01:00:00   4.1603e-02   1.3520e+01   2.1957e+00   3.1120e-03   1.5907e-02   2.8272e+02
20260612_02:00:00   4.2922e-02   1.3863e+01   2.1994e+00   4.5793e-03   5.1268e-02   2.8229e+02
20260612_03:00:00   5.3863e-02   1.6748e+01   2.2689e+00   1.7267e-02   4.7903e-02   2.8393e+02
20260612_04:00:00   1.0137e-01   2.8936e+01   2.3296e+00   7.2750e-02   3.8869e-02   2.8516e+02
20260612_05:00:00   9.3144e-02   2.6874e+01   2.2734e+00   6.3490e-02   1.8381e-02   2.8849e+02
20260612_06:00:00   4.9483e-02   1.5608e+01   2.0672e+00   1.3550e-02   2.1573e-02   2.9115e+02
20260612_07:00:00   3.8230e-02   1.2620e+01   2.0676e+00   1.3460e-04   1.2513e-02   2.8992e+02
20260612_08:00:00   3.7464e-02   1.2419e+01   1.9291e+00   6.9800e-05   1.1449e-02   2.8910e+02
20260612_09:00:00   3.6987e-02   1.2280e+01   1.8621e+00   1.0530e-05   1.9474e-02   2.8616e+02
20260612_10:00:00   3.6377e-02   1.2113e+01   1.7569e+00   0.0000e+00   3.0856e-02   2.8784e+02
20260612_11:00:00   3.5878e-02   1.1985e+01   1.6403e+00   2.4450e-06   2.9148e-02   2.9059e+02
20260612_12:00:00   3.5552e-02   1.1892e+01   1.6035e+00   0.0000e+00   3.0083e-02   2.9026e+02
20260612_13:00:00   3.5319e-02   1.1822e+01   1.5708e+00   0.0000e+00   3.0487e-02   2.9224e+02
20260612_14:00:00   3.5179e-02   1.1778e+01   1.5544e+00   0.0000e+00   2.9418e-02   2.9504e+02
20260612_15:00:00   3.5152e-02   1.1764e+01   1.5522e+00   0.0000e+00   3.7210e-02   2.9529e+02
20260612_16:00:00   3.5296e-02   1.1800e+01   1.5839e+00   0.0000e+00   2.2864e-02   2.9433e+02
20260612_17:00:00   3.5363e-02   1.1815e+01   1.6074e+00   0.0000e+00   2.2690e-02   2.9601e+02
20260612_18:00:00   3.5169e-02   1.1769e+01   1.5601e+00   0.0000e+00   1.0040e-02   2.9698e+02
20260612_19:00:00   3.4753e-02   1.1671e+01   1.4404e+00   0.0000e+00   2.3546e-03   2.9857e+02
20260612_20:00:00   3.4529e-02   1.1622e+01   1.3671e+00   0.0000e+00   3.5977e-04   2.9838e+02
20260612_21:00:00   3.4621e-02   1.1649e+01   1.3860e+00   0.0000e+00   1.0562e-04   2.9842e+02
20260612_22:00:00   3.4762e-02   1.1684e+01   1.4197e+00   0.0000e+00   9.1480e-04   2.9622e+02
20260612_23:00:00   3.4843e-02   1.1707e+01   1.4402e+00   0.0000e+00   4.8540e-04   2.9543e+02
20260613_00:00:00   3.4955e-02   1.1738e+01   1.4752e+00   8.2250e-07   2.2220e-03   2.9234e+02
20260613_01:00:00   3.5281e-02   1.1822e+01   1.5576e+00   2.2010e-05   3.1266e-03   2.8996e+02
20260613_02:00:00   3.5556e-02   1.1892e+01   1.6392e+00   2.9880e-05   3.3426e-03   2.9124e+02
20260613_03:00:00   3.5907e-02   1.1980e+01   1.7293e+00   2.1400e-05   3.9077e-03   2.9300e+02
20260613_04:00:00   3.5980e-02   1.2003e+01   1.7445e+00   5.8040e-05   6.8600e-03   2.9376e+02
20260613_05:00:00   3.5838e-02   1.1966e+01   1.7199e+00   0.0000e+00   1.0857e-02   2.9451e+02
20260613_06:00:00   3.5896e-02   1.1980e+01   1.7316e+00   0.0000e+00   1.0809e-02   2.9568e+02
20260613_07:00:00   3.6169e-02   1.2045e+01   1.7951e+00   0.0000e+00   6.6467e-03   2.9504e+02
20260613_08:00:00   3.6947e-02   1.2236e+01   1.9803e+00   0.0000e+00   7.7281e-03   2.9498e+02
20260613_09:00:00   3.7566e-02   1.2394e+01   2.1278e+00   0.0000e+00   8.2646e-03   2.9865e+02
20260613_10:00:00   3.8165e-02   1.2552e+01   2.2606e+00   0.0000e+00   6.5678e-03   3.0127e+02
20260613_11:00:00   3.8784e-02   1.2715e+01   2.3937e+00   0.0000e+00   2.8164e-03   3.0254e+02
20260613_12:00:00   3.9501e-02   1.2899e+01   2.5413e+00   0.0000e+00   4.8965e-04   3.0053e+02
20260613_13:00:00   3.9780e-02   1.2970e+01   2.5964e+00   0.0000e+00   2.3780e-04   2.9789e+02
20260613_14:00:00   3.9540e-02   1.2911e+01   2.5292e+00   0.0000e+00   8.6820e-06   2.9542e+02
20260613_15:00:00   3.9180e-02   1.2821e+01   2.4346e+00   0.0000e+00   0.0000e+00   2.9574e+02
20260613_16:00:00   3.9125e-02   1.2801e+01   2.4268e+00   0.0000e+00   0.0000e+00   2.9918e+02
20260613_17:00:00   3.9142e-02   1.2800e+01   2.4371e+00   0.0000e+00   0.0000e+00   3.0250e+02
20260613_18:00:00   3.9036e-02   1.2767e+01   2.4247e+00   0.0000e+00   0.0000e+00   3.0552e+02
20260613_19:00:00   3.9073e-02   1.2772e+01   2.4367e+00   0.0000e+00   0.0000e+00   3.0559e+02
20260613_20:00:00   3.9128e-02   1.2778e+01   2.4551e+00   0.0000e+00   0.0000e+00   3.0650e+02
20260613_21:00:00   3.9391e-02   1.2832e+01   2.5283e+00   0.0000e+00   0.0000e+00   3.0666e+02
20260613_22:00:00   3.9569e-02   1.2874e+01   2.5822e+00   0.0000e+00   0.0000e+00   3.0966e+02
20260613_23:00:00   3.9920e-02   1.2962e+01   2.6689e+00   1.8100e-06   0.0000e+00   3.1066e+02
20260614_00:00:00   4.0703e-02   1.3166e+01   2.8322e+00   2.9930e-05   0.0000e+00   3.1208e+02
20260614_01:00:00   4.0891e-02   1.3212e+01   2.8465e+00   2.1420e-04   0.0000e+00   3.0972e+02
20260614_02:00:00   4.1105e-02   1.3266e+01   2.9070e+00   1.4860e-04   0.0000e+00   3.0937e+02
20260614_03:00:00   4.1361e-02   1.3338e+01   2.9441e+00   1.8260e-04   0.0000e+00   3.1052e+02
20260614_04:00:00   4.1744e-02   1.3442e+01   3.0509e+00   1.0060e-05   0.0000e+00   3.1059e+02
20260614_05:00:00   4.2136e-02   1.3542e+01   3.1259e+00   3.3220e-05   0.0000e+00   3.0700e+02
20260614_06:00:00   4.2893e-02   1.3742e+01   3.2357e+00   2.8240e-04   0.0000e+00   3.0518e+02
20260614_07:00:00   4.3467e-02   1.3899e+01   3.3208e+00   3.3380e-04   0.0000e+00   3.0849e+02
20260614_08:00:00   4.3317e-02   1.3867e+01   3.3214e+00   7.4250e-06   0.0000e+00   3.0882e+02
20260614_09:00:00   4.3074e-02   1.3818e+01   3.2458e+00   0.0000e+00   0.0000e+00   3.0834e+02
20260614_10:00:00   4.2924e-02   1.3780e+01   3.2021e+00   0.0000e+00   0.0000e+00   3.0863e+02
20260614_11:00:00   4.2893e-02   1.3770e+01   3.1935e+00   0.0000e+00   0.0000e+00   3.0843e+02
20260614_12:00:00   4.3384e-02   1.3892e+01   3.3039e+00   0.0000e+00   0.0000e+00   3.0941e+02
20260614_13:00:00   4.3688e-02   1.3967e+01   3.3709e+00   0.0000e+00   0.0000e+00   3.1000e+02
20260614_14:00:00   4.3789e-02   1.3991e+01   3.3930e+00   0.0000e+00   0.0000e+00   3.1212e+02
20260614_15:00:00   4.3485e-02   1.3915e+01   3.3315e+00   0.0000e+00   0.0000e+00   3.1394e+02
20260614_16:00:00   4.3109e-02   1.3817e+01   3.2472e+00   0.0000e+00   0.0000e+00   3.1448e+02
20260614_17:00:00   4.3072e-02   1.3809e+01   3.2369e+00   0.0000e+00   0.0000e+00   3.1479e+02
20260614_18:00:00   4.2888e-02   1.3764e+01   3.1835e+00   0.0000e+00   0.0000e+00   3.1678e+02
20260614_19:00:00   4.2483e-02   1.3661e+01   3.0875e+00   0.0000e+00   0.0000e+00   3.1507e+02
20260614_20:00:00   4.2339e-02   1.3628e+01   3.0528e+00   0.0000e+00   0.0000e+00   3.1115e+02
20260614_21:00:00   4.2379e-02   1.3642e+01   3.0586e+00   0.0000e+00   0.0000e+00   3.0939e+02
20260614_22:00:00   4.2325e-02   1.3631e+01   3.0435e+00   0.0000e+00   0.0000e+00   3.0820e+02
20260614_23:00:00   4.2243e-02   1.3619e+01   3.0179e+00   0.0000e+00   0.0000e+00   3.0505e+02
20260615_00:00:00   4.2526e-02   1.3707e+01   3.0589e+00   8.4680e-06   0.0000e+00   3.0314e+02
20260615_01:00:00   4.2102e-02   1.3603e+01   2.9272e+00   2.6380e-04   0.0000e+00   3.0357e+02
20260615_02:00:00   4.2046e-02   1.3598e+01   2.8567e+00   6.0510e-04   0.0000e+00   3.0109e+02
20260615_03:00:00   4.1634e-02   1.3494e+01   2.7991e+00   4.9410e-04   2.1000e-06   2.9657e+02
20260615_04:00:00   4.1044e-02   1.3347e+01   2.7074e+00   3.0760e-04   6.3640e-05   2.9591e+02
20260615_05:00:00   4.4863e-02   1.4376e+01   2.7052e+00   4.8220e-03   1.7276e-06   2.9617e+02
20260615_06:00:00   4.4372e-02   1.4238e+01   2.8053e+00   3.7340e-03   6.8799e-05   2.9666e+02
20260615_07:00:00   4.1687e-02   1.3510e+01   2.8447e+00   4.2910e-04   1.6194e-05   2.9539e+02
20260615_08:00:00   4.1202e-02   1.3378e+01   2.8115e+00   0.0000e+00   1.7276e-06   2.9595e+02
20260615_09:00:00   4.1135e-02   1.3360e+01   2.7978e+00   0.0000e+00   0.0000e+00   2.9604e+02
20260615_10:00:00   4.0732e-02   1.3252e+01   2.7250e+00   0.0000e+00   0.0000e+00   2.9392e+02
20260615_11:00:00   4.0171e-02   1.3111e+01   2.6060e+00   0.0000e+00   0.0000e+00   2.9248e+02
20260615_12:00:00   4.0267e-02   1.3130e+01   2.6480e+00   0.0000e+00   0.0000e+00   2.9271e+02
20260615_13:00:00   4.0298e-02   1.3136e+01   2.6682e+00   0.0000e+00   1.4872e-04   2.9142e+02
20260615_14:00:00   4.0508e-02   1.3188e+01   2.7145e+00   0.0000e+00   2.9080e-05   2.8891e+02
20260615_15:00:00   4.0861e-02   1.3279e+01   2.7883e+00   7.1030e-06   5.6720e-05   2.8754e+02
20260615_16:00:00   4.1371e-02   1.3412e+01   2.8921e+00   2.0020e-05   4.5804e-05   2.8738e+02
20260615_17:00:00   4.2150e-02   1.3615e+01   3.0558e+00   3.4310e-06   1.3318e-05   2.8732e+02
20260615_18:00:00   4.2831e-02   1.3792e+01   3.1905e+00   1.9640e-07   0.0000e+00   2.8759e+02
20260615_19:00:00   4.3908e-02   1.4070e+01   3.4226e+00   0.0000e+00   0.0000e+00   2.8732e+02
20260615_20:00:00   4.4865e-02   1.4320e+01   3.6005e+00   9.5170e-05   0.0000e+00   2.8739e+02
20260615_21:00:00   4.6345e-02   1.4703e+01   3.8696e+00   3.2810e-04   0.0000e+00   2.8730e+02
20260615_22:00:00   5.1334e-02   1.6014e+01   4.0760e+00   5.0420e-03   0.0000e+00   2.8772e+02
20260615_23:00:00   5.2978e-02   1.6436e+01   4.2879e+00   5.6920e-03   0.0000e+00   2.8813e+02
20260616_00:00:00   6.8911e-02   2.0585e+01   4.5515e+00   2.2682e-02   0.0000e+00   2.8776e+02
20260616_01:00:00   6.1393e-02   1.8619e+01   4.8068e+00   1.2093e-02   0.0000e+00   2.8631e+02
20260616_02:00:00   6.4753e-02   1.9493e+01   4.8683e+00   1.5610e-02   0.0000e+00   2.8516e+02
20260616_03:00:00   5.8753e-02   1.7922e+01   5.1443e+00   6.4640e-03   0.0000e+00   2.8511e+02
20260616_04:00:00   6.9552e-02   2.0741e+01   5.0671e+00   1.9750e-02   0.0000e+00   2.8498e+02
20260616_05:00:00   8.7620e-02   2.5388e+01   5.0271e+00   4.1120e-02   0.0000e+00   2.8502e+02
20260616_06:00:00   6.6821e-02   2.0051e+01   4.9474e+00   1.7007e-02   0.0000e+00   2.8596e+02
20260616_09:00:00   5.1495e-02   1.6028e+01   4.8085e+00   9.7230e-05   0.0000e+00   2.8867e+02
20260616_12:00:00   5.1684e-02   1.6062e+01   4.8425e+00   2.8520e-04   0.0000e+00   2.8839e+02
20260616_15:00:00   5.1501e-02   1.6002e+01   4.8517e+00   2.0890e-05   0.0000e+00   2.8718e+02
20260616_18:00:00   5.1394e-02   1.5972e+01   4.8063e+00   2.9080e-06   0.0000e+00   2.8716e+02
20260616_21:00:00   5.1489e-02   1.5996e+01   4.7865e+00   1.4460e-04   0.0000e+00   2.8853e+02
20260617_00:00:00   6.4280e-02   1.9355e+01   5.0966e+00   1.2147e-02   0.0000e+00   2.8748e+02
20260617_03:00:00   8.2428e-02   2.4016e+01   5.4547e+00   3.0038e-02   0.0000e+00   2.8590e+02
20260617_06:00:00   9.9632e-02   2.8353e+01   5.1169e+00   5.2830e-02   0.0000e+00   2.8841e+02
20260617_09:00:00   5.7541e-02   1.7587e+01   5.4030e+00   2.0360e-03   0.0000e+00   2.9136e+02
20260617_12:00:00   5.3654e-02   1.6567e+01   5.1070e+00   4.2420e-05   0.0000e+00   2.8757e+02
20260617_15:00:00   5.3226e-02   1.6442e+01   5.0564e+00   4.6510e-06   0.0000e+00   2.8625e+02
20260617_18:00:00   5.4039e-02   1.6656e+01   5.1641e+00   0.0000e+00   0.0000e+00   2.8474e+02
20260617_21:00:00   5.5529e-02   1.7049e+01   5.3478e+00   2.0210e-04   0.0000e+00   2.8437e+02
20260618_00:00:00   1.3541e-01   3.7083e+01   5.9831e+00   8.7300e-02   0.0000e+00   2.8303e+02
20260618_03:00:00   1.2092e-01   3.3617e+01   6.0068e+00   6.9980e-02   0.0000e+00   2.8074e+02
20260618_06:00:00   6.6118e-02   1.9870e+01   5.3802e+00   1.0547e-02   0.0000e+00   2.8397e+02
20260618_09:00:00   7.1016e-02   2.1166e+01   4.7150e+00   2.0642e-02   0.0000e+00   2.8778e+02
20260618_12:00:00   4.8922e-02   1.5410e+01   3.9912e+00   1.4360e-04   0.0000e+00   2.8885e+02
20260618_15:00:00   4.7557e-02   1.5052e+01   3.7615e+00   0.0000e+00   0.0000e+00   2.8845e+02
20260618_18:00:00   4.7411e-02   1.5015e+01   3.7155e+00   0.0000e+00   0.0000e+00   2.9030e+02
20260618_21:00:00   4.8472e-02   1.5290e+01   3.8796e+00   1.1960e-04   0.0000e+00   2.8961e+02
20260619_00:00:00   6.2610e-02   1.8992e+01   4.5820e+00   1.1030e-02   0.0000e+00   2.8425e+02
20260619_03:00:00   8.4818e-02   2.4677e+01   5.9592e+00   2.5652e-02   0.0000e+00   2.7926e+02
20260619_06:00:00   6.6406e-02   1.9970e+01   5.4762e+00   8.5130e-03   0.0000e+00   2.8330e+02
20260619_09:00:00   5.5902e-02   1.7226e+01   5.1159e+00   0.0000e+00   0.0000e+00   2.8429e+02
20260619_12:00:00   5.2359e-02   1.6293e+01   4.6014e+00   0.0000e+00   0.0000e+00   2.8155e+02
20260619_15:00:00   5.0277e-02   1.5737e+01   4.3021e+00   0.0000e+00   0.0000e+00   2.8195e+02
20260619_18:00:00   4.9546e-02   1.5547e+01   4.1650e+00   0.0000e+00   0.0000e+00   2.8465e+02
20260619_21:00:00   4.8799e-02   1.5363e+01   3.9966e+00   3.4360e-05   0.0000e+00   2.8531e+02
20260620_00:00:00   6.7010e-02   2.0150e+01   4.3101e+00   1.8141e-02   0.0000e+00   2.8279e+02
20260620_03:00:00   1.1639e-01   3.2649e+01   4.4012e+00   7.5640e-02   0.0000e+00   2.8164e+02
20260620_06:00:00   5.5513e-02   1.7146e+01   4.1340e+00   6.2630e-03   0.0000e+00   2.8187e+02
20260620_09:00:00   5.2171e-02   1.6291e+01   3.5897e+00   6.4000e-03   0.0000e+00   2.8206e+02
20260620_12:00:00   4.4861e-02   1.4348e+01   3.2184e+00   4.5480e-04   0.0000e+00   2.8479e+02
20260620_15:00:00   4.2983e-02   1.3853e+01   2.9406e+00   0.0000e+00   0.0000e+00   2.8357e+02
20260620_18:00:00   4.2587e-02   1.3752e+01   2.8498e+00   0.0000e+00   0.0000e+00   2.8443e+02
20260620_21:00:00   4.6254e-02   1.4734e+01   2.9517e+00   3.4930e-03   0.0000e+00   2.8187e+02
20260621_00:00:00   8.8115e-02   2.5639e+01   3.2337e+00   5.0700e-02   0.0000e+00   2.8202e+02
20260621_03:00:00   1.7843e-01   4.7604e+01   3.2715e+00   1.5709e-01   0.0000e+00   2.8247e+02
20260621_06:00:00   4.6719e-02   1.4888e+01   2.7757e+00   5.5200e-03   0.0000e+00   2.8456e+02
20260621_09:00:00   4.0141e-02   1.3120e+01   2.4226e+00   7.5720e-07   4.0820e-04   2.8528e+02
20260621_12:00:00   3.9108e-02   1.2840e+01   2.2473e+00   0.0000e+00   0.0000e+00   2.8380e+02
20260621_15:00:00   3.8358e-02   1.2635e+01   2.0947e+00   0.0000e+00   0.0000e+00   2.8207e+02
20260621_18:00:00   3.7604e-02   1.2437e+01   1.9327e+00   0.0000e+00   0.0000e+00   2.8309e+02
20260621_21:00:00   3.6606e-02   1.2172e+01   1.7081e+00   7.4470e-05   0.0000e+00   2.8447e+02
20260622_00:00:00   3.7259e-02   1.2351e+01   1.7970e+00   2.7250e-04   0.0000e+00   2.8362e+02
20260622_03:00:00   3.9291e-02   1.2895e+01   1.9562e+00   1.8850e-03   0.0000e+00   2.8584e+02
20260622_06:00:00   4.0421e-02   1.3184e+01   2.5115e+00   0.0000e+00   0.0000e+00   2.8687e+02
20260622_09:00:00   4.5856e-02   1.4605e+01   3.5669e+00   0.0000e+00   0.0000e+00   2.8624e+02
20260622_12:00:00   5.0606e-02   1.5820e+01   4.4723e+00   0.0000e+00   0.0000e+00   2.8566e+02
20260622_15:00:00   5.0900e-02   1.5885e+01   4.5321e+00   0.0000e+00   0.0000e+00   2.8547e+02
20260622_18:00:00   4.6061e-02   1.4628e+01   3.6463e+00   0.0000e+00   0.0000e+00   2.8641e+02
20260622_21:00:00   4.2574e-02   1.3715e+01   2.9773e+00   0.0000e+00   0.0000e+00   2.8817e+02
20260623_00:00:00   4.1324e-02   1.3387e+01   2.7292e+00   1.5840e-04   0.0000e+00   2.8451e+02
20260623_03:00:00   4.0419e-02   1.3150e+01   2.5543e+00   2.3620e-04   0.0000e+00   2.8196e+02
20260623_06:00:00   3.8517e-02   1.2651e+01   2.2096e+00   0.0000e+00   0.0000e+00   2.8411e+02
20260623_09:00:00   3.7410e-02   1.2361e+01   1.9502e+00   0.0000e+00   0.0000e+00   2.8316e+02
20260623_12:00:00   3.6457e-02   1.2109e+01   1.7591e+00   0.0000e+00   0.0000e+00   2.7929e+02
20260623_15:00:00   3.5880e-02   1.1958e+01   1.6264e+00   0.0000e+00   0.0000e+00   2.7648e+02
20260623_18:00:00   3.5722e-02   1.1921e+01   1.5631e+00   0.0000e+00   0.0000e+00   2.7935e+02
20260623_21:00:00   3.6346e-02   1.2092e+01   1.6933e+00   0.0000e+00   0.0000e+00   2.8058e+02
20260624_00:00:00   3.9589e-02   1.2955e+01   2.3556e+00   0.0000e+00   0.0000e+00   2.7784e+02
20260624_03:00:00   3.9089e-02   1.2828e+01   2.2541e+00   0.0000e+00   0.0000e+00   2.7544e+02
20260624_06:00:00   3.6700e-02   1.2197e+01   1.7688e+00   0.0000e+00   0.0000e+00   2.7673e+02
20260624_09:00:00   3.6268e-02   1.2079e+01   1.6853e+00   0.0000e+00   2.7640e-05   2.7585e+02
20260624_12:00:00   3.6150e-02   1.2041e+01   1.6851e+00   0.0000e+00   1.9158e-03   2.7441e+02
20260624_15:00:00   3.6682e-02   1.2177e+01   1.8141e+00   0.0000e+00   1.0096e-02   2.7464e+02
20260624_18:00:00   3.8125e-02   1.2550e+01   2.1235e+00   0.0000e+00   1.7480e-03   2.7925e+02
20260624_21:00:00   3.8577e-02   1.2671e+01   2.1982e+00   0.0000e+00   5.3740e-04   2.7914e+02
20260625_00:00:00   3.9530e-02   1.2918e+01   2.3958e+00   0.0000e+00   6.5520e-06   2.7851e+02
20260625_03:00:00   4.0098e-02   1.3069e+01   2.5016e+00   0.0000e+00   3.4040e-05   2.7613e+02
20260625_06:00:00   4.1492e-02   1.3440e+01   2.8073e+00   0.0000e+00   3.1680e-03   2.7770e+02
20260625_09:00:00   4.1220e-02   1.3350e+01   2.8036e+00   0.0000e+00   3.9063e-04   2.7749e+02
20260625_12:00:00   4.0918e-02   1.3251e+01   2.7826e+00   0.0000e+00   6.1575e-04   2.7685e+02
20260625_15:00:00   4.0164e-02   1.3052e+01   2.6055e+00   0.0000e+00   9.2477e-05   2.7628e+02
20260625_18:00:00   3.9787e-02   1.2948e+01   2.5200e+00   0.0000e+00   6.0453e-05   2.7841e+02
20260625_21:00:00   4.1337e-02   1.3332e+01   2.8745e+00   0.0000e+00   1.5944e-04   2.7770e+02
20260626_00:00:00   4.4344e-02   1.4101e+01   3.5308e+00   2.6300e-06   2.9070e-03   2.7839e+02
20260626_03:00:00   4.6398e-02   1.4639e+01   3.9297e+00   9.1630e-05   4.3989e-04   2.7923e+02
20260626_06:00:00   4.6750e-02   1.4727e+01   4.0334e+00   0.0000e+00   3.8814e-03   2.7846e+02
20260626_09:00:00   4.6531e-02   1.4700e+01   3.9230e+00   0.0000e+00   5.7520e-06   2.7937e+02
20260626_12:00:00   4.5716e-02   1.4485e+01   3.7473e+00   0.0000e+00   0.0000e+00   2.7968e+02
20260626_15:00:00   4.5609e-02   1.4441e+01   3.7155e+00   0.0000e+00   0.0000e+00   2.7945e+02
20260626_18:00:00   4.5381e-02   1.4369e+01   3.6533e+00   0.0000e+00   0.0000e+00   2.8093e+02
20260626_21:00:00   4.5029e-02   1.4283e+01   3.5931e+00   6.7110e-06   0.0000e+00   2.7925e+02
20260627_00:00:00   4.4932e-02   1.4280e+01   3.5031e+00   3.7000e-04   0.0000e+00   2.8160e+02
20260627_03:00:00   4.4630e-02   1.4210e+01   3.4173e+00   3.0460e-04   0.0000e+00   2.8503e+02
20260627_06:00:00   4.3507e-02   1.3945e+01   3.1595e+00   2.0280e-06   0.0000e+00   2.8327e+02
