#            date       tau255        Tb[K]      pwv[mm] lwp[kg*m^-2] iwp[kg*m^-2]       o3[DU]
20260411_06:00:00   1.0998e-01   3.0644e+01   9.9613e+00   2.5573e-02   1.9142e-02   2.8213e+02
20260411_07:00:00   1.0134e-01   2.8434e+01   1.0703e+01   1.1223e-02   3.4436e-02   2.8357e+02
20260411_08:00:00   1.0298e-01   2.8732e+01   1.1925e+01   2.9754e-03   2.4807e-02   2.8480e+02
20260411_09:00:00   1.0855e-01   3.0083e+01   1.2352e+01   5.9666e-03   1.5908e-02   2.8260e+02
20260411_10:00:00   1.5067e-01   4.0165e+01   1.3396e+01   4.6578e-02   6.0146e-02   2.8145e+02
20260411_11:00:00   1.0406e+00   1.7776e+02   1.4222e+01   1.0523e+00   1.1457e-01   2.7948e+02
20260411_12:00:00   6.4950e-01   1.3116e+02   1.3963e+01   6.0645e-01   2.9267e-01   2.7994e+02
20260411_13:00:00   9.1550e-01   1.6395e+02   1.4691e+01   8.9959e-01   7.0770e-01   2.7982e+02
20260411_14:00:00   5.2570e-01   1.1307e+02   1.3638e+01   4.6959e-01   2.9375e-01   2.8005e+02
20260411_15:00:00   4.9633e-01   1.0820e+02   1.3617e+01   4.3610e-01   1.0438e-01   2.7892e+02
20260411_16:00:00   3.0007e-01   7.2369e+01   1.3290e+01   2.1528e-01   4.4535e-02   2.7457e+02
20260411_17:00:00   1.5252e-01   4.0476e+01   1.2612e+01   5.3366e-02   1.6077e-02   2.7368e+02
20260411_18:00:00   1.4227e-01   3.8005e+01   1.2630e+01   4.0674e-02   2.8771e-02   2.7529e+02
20260411_19:00:00   1.0092e-01   2.8191e+01   1.1630e+01   3.3890e-03   3.8451e-03   2.7720e+02
20260411_20:00:00   9.3600e-02   2.6430e+01   1.0941e+01   2.2719e-04   2.9577e-03   2.8057e+02
20260411_21:00:00   9.1409e-02   2.5909e+01   1.0616e+01   1.2600e-04   3.9079e-03   2.8281e+02
20260411_22:00:00   9.4602e-02   2.6699e+01   1.0948e+01   7.3730e-04   1.0098e-02   2.8348e+02
20260411_23:00:00   9.2231e-02   2.6108e+01   1.0693e+01   1.5740e-04   1.5256e-02   2.8424e+02
20260412_00:00:00   8.8529e-02   2.5198e+01   1.0124e+01   8.8165e-04   8.9650e-03   2.8433e+02
20260412_01:00:00   8.1030e-02   2.3369e+01   9.0748e+00   2.2428e-04   2.1082e-02   2.8287e+02
20260412_02:00:00   7.5530e-02   2.2017e+01   8.3096e+00   2.7410e-05   5.0835e-02   2.8191e+02
20260412_03:00:00   7.5520e-02   2.2009e+01   8.3472e+00   4.2020e-04   8.0920e-03   2.8187e+02
20260412_04:00:00   7.4757e-02   2.1829e+01   8.1277e+00   9.8760e-04   3.4713e-03   2.8055e+02
20260412_05:00:00   7.1567e-02   2.1036e+01   7.7409e+00   1.6050e-06   2.1400e-02   2.7917e+02
20260412_06:00:00   6.9011e-02   2.0423e+01   7.2226e+00   2.7170e-04   1.7044e-03   2.7931e+02
20260412_07:00:00   6.8531e-02   2.0307e+01   7.1244e+00   5.8600e-04   8.7904e-04   2.7939e+02
20260412_08:00:00   6.9780e-02   2.0605e+01   7.4544e+00   0.0000e+00   1.1940e-04   2.7986e+02
20260412_09:00:00   7.1432e-02   2.1002e+01   7.7921e+00   0.0000e+00   5.6379e-04   2.7866e+02
20260412_10:00:00   7.5616e-02   2.2015e+01   8.5077e+00   0.0000e+00   1.3565e-03   2.7749e+02
20260412_11:00:00   7.8259e-02   2.2653e+01   8.9993e+00   0.0000e+00   7.5921e-03   2.7724e+02
20260412_12:00:00   7.9612e-02   2.2978e+01   9.2033e+00   0.0000e+00   1.2203e-02   2.7367e+02
20260412_13:00:00   7.9573e-02   2.2976e+01   9.2213e+00   0.0000e+00   4.2496e-03   2.7319e+02
20260412_14:00:00   8.2415e-02   2.3667e+01   9.5975e+00   0.0000e+00   1.0791e-04   2.7343e+02
20260412_15:00:00   8.4491e-02   2.4177e+01   9.9016e+00   0.0000e+00   6.4716e-05   2.7302e+02
20260412_16:00:00   8.4830e-02   2.4281e+01   9.9196e+00   0.0000e+00   8.5260e-06   2.7545e+02
20260412_17:00:00   8.4184e-02   2.4138e+01   9.7723e+00   0.0000e+00   7.8720e-05   2.7533e+02
20260412_18:00:00   8.4586e-02   2.4245e+01   9.8304e+00   0.0000e+00   2.2643e-06   2.7375e+02
20260412_19:00:00   8.7001e-02   2.4828e+01   1.0284e+01   0.0000e+00   1.5904e-04   2.7412e+02
20260412_20:00:00   8.8332e-02   2.5157e+01   1.0476e+01   4.8100e-05   1.1733e-04   2.7708e+02
20260412_21:00:00   9.1275e-02   2.5876e+01   1.0912e+01   5.3243e-04   0.0000e+00   2.7756e+02
20260412_22:00:00   1.0250e-01   2.8617e+01   1.1917e+01   5.5158e-03   1.6367e-04   2.7546e+02
20260412_23:00:00   1.9556e-01   5.0637e+01   1.2709e+01   1.0648e-01   3.0488e-04   2.7663e+02
20260413_00:00:00   6.3658e-01   1.2961e+02   1.3998e+01   5.9407e-01   1.9208e-02   2.7607e+02
20260413_01:00:00   7.2022e-01   1.4123e+02   1.4351e+01   6.8633e-01   2.3784e-02   2.7505e+02
20260413_02:00:00   6.2733e-01   1.2811e+02   1.3866e+01   5.8226e-01   1.6782e-02   2.7549e+02
20260413_03:00:00   4.4001e-01   9.8948e+01   1.3263e+01   3.7726e-01   2.5340e-03   2.7553e+02
20260413_04:00:00   2.2840e-01   5.7880e+01   1.2495e+01   1.4405e-01   3.8061e-05   2.7583e+02
20260413_05:00:00   1.6460e-01   4.3516e+01   1.1964e+01   7.4810e-02   4.2234e-04   2.7523e+02
20260413_06:00:00   1.3468e-01   3.6499e+01   1.1751e+01   4.2673e-02   4.1579e-04   2.7467e+02
20260413_07:00:00   9.6203e-02   2.7114e+01   1.1213e+01   3.9820e-03   2.1733e-03   2.7613e+02
20260413_08:00:00   9.3878e-02   2.6523e+01   1.1107e+01   2.3141e-03   3.8735e-03   2.7610e+02
20260413_09:00:00   8.9739e-02   2.5491e+01   1.0896e+01   1.4060e-05   1.3752e-03   2.7523e+02
20260413_10:00:00   8.8849e-02   2.5254e+01   1.0814e+01   6.2990e-05   3.0363e-03   2.7490e+02
20260413_11:00:00   8.8535e-02   2.5185e+01   1.0723e+01   6.4980e-04   3.3385e-04   2.7570e+02
20260413_12:00:00   8.7903e-02   2.5016e+01   1.0730e+01   9.1210e-05   4.2203e-04   2.7521e+02
20260413_13:00:00   8.8871e-02   2.5240e+01   1.0832e+01   2.0510e-04   9.2663e-04   2.7336e+02
20260413_14:00:00   8.9335e-02   2.5359e+01   1.0906e+01   0.0000e+00   6.8813e-04   2.7234e+02
20260413_15:00:00   9.1169e-02   2.5813e+01   1.1146e+01   8.3884e-05   8.8592e-04   2.7305e+02
20260413_16:00:00   9.1239e-02   2.5832e+01   1.1127e+01   0.0000e+00   6.7911e-04   2.7271e+02
20260413_17:00:00   9.1335e-02   2.5850e+01   1.1143e+01   0.0000e+00   1.9445e-04   2.7371e+02
20260413_18:00:00   9.2102e-02   2.6049e+01   1.1219e+01   0.0000e+00   5.4251e-04   2.7510e+02
20260413_19:00:00   9.1860e-02   2.5988e+01   1.1177e+01   0.0000e+00   7.1237e-04   2.7586e+02
20260413_20:00:00   9.4733e-02   2.6700e+01   1.1574e+01   0.0000e+00   1.1168e-03   2.7464e+02
20260413_21:00:00   9.6391e-02   2.7113e+01   1.1761e+01   0.0000e+00   3.4747e-03   2.7377e+02
20260413_22:00:00   9.7213e-02   2.7311e+01   1.1840e+01   0.0000e+00   3.5030e-03   2.7312e+02
20260413_23:00:00   9.7882e-02   2.7479e+01   1.1941e+01   0.0000e+00   1.6712e-03   2.7447e+02
20260414_00:00:00   9.9862e-02   2.7959e+01   1.2144e+01   4.2459e-05   1.5182e-03   2.7207e+02
20260414_01:00:00   1.0147e-01   2.8347e+01   1.2383e+01   9.9230e-05   2.9528e-03   2.6950e+02
20260414_02:00:00   1.0189e-01   2.8447e+01   1.2452e+01   9.9710e-05   3.0809e-03   2.6967e+02
20260414_03:00:00   1.0165e-01   2.8394e+01   1.2530e+01   5.1140e-06   1.8121e-03   2.7029e+02
20260414_04:00:00   1.0380e-01   2.8912e+01   1.2762e+01   0.0000e+00   6.8406e-03   2.7036e+02
20260414_05:00:00   1.0563e-01   2.9347e+01   1.2931e+01   8.1200e-05   3.1160e-03   2.7089e+02
20260414_06:00:00   1.0745e-01   2.9785e+01   1.2902e+01   1.1204e-03   1.0738e-02   2.7207e+02
20260414_07:00:00   1.1223e-01   3.0930e+01   1.2847e+01   5.6307e-03   7.6994e-02   2.7251e+02
20260414_08:00:00   1.1174e-01   3.0805e+01   1.2892e+01   5.3335e-03   2.8559e-02   2.7243e+02
20260414_09:00:00   1.0617e-01   2.9447e+01   1.2712e+01   9.4980e-04   1.9931e-02   2.7362e+02
20260414_10:00:00   1.0420e-01   2.8957e+01   1.2688e+01   0.0000e+00   1.1936e-02   2.7476e+02
20260414_11:00:00   1.0489e-01   2.9116e+01   1.2874e+01   0.0000e+00   5.7530e-03   2.7575e+02
20260414_12:00:00   1.0515e-01   2.9183e+01   1.2877e+01   0.0000e+00   6.9822e-03   2.7634e+02
20260414_13:00:00   1.0457e-01   2.9050e+01   1.2711e+01   0.0000e+00   5.8448e-03   2.7617e+02
20260414_14:00:00   1.0367e-01   2.8835e+01   1.2632e+01   0.0000e+00   3.1211e-03   2.7592e+02
20260414_15:00:00   1.0315e-01   2.8711e+01   1.2657e+01   0.0000e+00   4.4340e-03   2.7634e+02
20260414_16:00:00   1.0320e-01   2.8722e+01   1.2649e+01   0.0000e+00   6.2782e-03   2.7502e+02
20260414_17:00:00   1.0372e-01   2.8864e+01   1.2731e+01   0.0000e+00   8.0870e-03   2.7454e+02
20260414_18:00:00   1.0376e-01   2.8891e+01   1.2706e+01   0.0000e+00   3.8679e-03   2.7490e+02
20260414_19:00:00   1.0190e-01   2.8455e+01   1.2454e+01   0.0000e+00   3.0278e-03   2.7423e+02
20260414_20:00:00   1.0056e-01   2.8142e+01   1.2235e+01   0.0000e+00   2.9459e-03   2.7399e+02
20260414_21:00:00   1.0089e-01   2.8220e+01   1.2336e+01   4.9720e-05   3.3744e-03   2.7253e+02
20260414_22:00:00   1.0468e-01   2.9153e+01   1.2529e+01   2.7359e-03   2.2643e-03   2.7330e+02
20260414_23:00:00   1.0782e-01   2.9924e+01   1.2652e+01   4.9748e-03   4.2644e-03   2.7332e+02
20260415_00:00:00   1.0570e-01   2.9419e+01   1.2461e+01   3.9102e-03   4.7275e-03   2.7191e+02
20260415_01:00:00   1.2060e-01   3.3046e+01   1.2304e+01   2.2142e-02   2.3623e-03   2.7165e+02
20260415_02:00:00   1.8997e-01   4.8897e+01   1.2657e+01   9.8105e-02   7.6364e-03   2.7374e+02
20260415_03:00:00   1.2857e-01   3.4970e+01   1.2696e+01   2.8856e-02   7.0668e-03   2.7560e+02
20260415_04:00:00   1.4895e-01   3.9738e+01   1.2631e+01   5.2024e-02   6.2505e-03   2.7559e+02
20260415_05:00:00   1.3846e-01   3.7322e+01   1.2456e+01   4.2188e-02   5.2915e-03   2.7482e+02
20260415_06:00:00   1.4057e-01   3.7786e+01   1.2038e+01   4.7593e-02   1.2160e-02   2.7450e+02
20260415_07:00:00   1.1679e-01   3.2101e+01   1.1814e+01   2.1784e-02   2.1199e-02   2.7422e+02
20260415_08:00:00   1.1495e-01   3.1645e+01   1.1686e+01   2.0408e-02   2.3067e-02   2.7461e+02
20260415_09:00:00   1.1558e-01   3.1855e+01   1.1535e+01   2.2304e-02   1.9124e-02   2.7523e+02
20260415_10:00:00   1.0244e-01   2.8640e+01   1.1332e+01   8.8570e-03   2.8729e-02   2.7545e+02
20260415_11:00:00   1.2004e-01   3.2980e+01   1.1269e+01   2.9750e-02   1.2165e-02   2.7451e+02
20260415_12:00:00   9.3445e-02   2.6395e+01   1.1154e+01   4.6190e-04   1.8666e-02   2.7436e+02
20260415_13:00:00   9.3468e-02   2.6378e+01   1.1203e+01   1.7400e-04   2.4309e-02   2.7346e+02
20260415_14:00:00   9.3280e-02   2.6354e+01   1.0792e+01   3.4950e-03   2.6389e-02   2.7431e+02
20260415_15:00:00   8.8136e-02   2.5070e+01   1.0550e+01   0.0000e+00   2.9030e-02   2.7479e+02
20260415_16:00:00   8.7857e-02   2.4999e+01   1.0525e+01   0.0000e+00   9.4300e-03   2.7534e+02
20260415_17:00:00   8.6902e-02   2.4763e+01   1.0466e+01   0.0000e+00   9.4348e-03   2.7682e+02
20260415_18:00:00   8.8323e-02   2.5099e+01   1.0725e+01   0.0000e+00   1.6348e-02   2.7706e+02
20260415_19:00:00   9.0958e-02   2.5726e+01   1.1152e+01   0.0000e+00   3.0035e-02   2.7718e+02
20260415_20:00:00   9.3832e-02   2.6400e+01   1.1542e+01   0.0000e+00   1.2659e-01   2.7666e+02
20260415_21:00:00   9.5222e-02   2.6739e+01   1.1702e+01   0.0000e+00   1.0310e-01   2.7710e+02
20260415_22:00:00   9.6075e-02   2.6953e+01   1.1787e+01   4.8566e-06   3.0712e-02   2.7835e+02
20260415_23:00:00   9.6578e-02   2.7092e+01   1.1724e+01   5.6034e-04   9.5249e-03   2.7832e+02
20260416_00:00:00   1.0017e-01   2.7958e+01   1.2136e+01   1.1509e-03   1.4159e-02   2.8001e+02
20260416_01:00:00   1.0624e-01   2.9430e+01   1.2536e+01   4.6574e-03   6.8778e-02   2.8059e+02
20260416_02:00:00   1.2332e-01   3.3519e+01   1.2781e+01   2.1884e-02   9.1947e-02   2.8091e+02
20260416_03:00:00   2.0973e-01   5.3044e+01   1.2903e+01   1.1816e-01   2.1074e-01   2.8169e+02
20260416_04:00:00   2.1366e-01   5.3936e+01   1.2815e+01   1.2312e-01   3.5081e-01   2.8189e+02
20260416_05:00:00   1.4335e-01   3.8256e+01   1.2711e+01   4.5091e-02   1.6635e-01   2.8224e+02
20260416_06:00:00   1.1862e-01   3.2397e+01   1.2517e+01   1.8774e-02   7.7323e-02   2.8309e+02
20260416_09:00:00   9.5469e-02   2.6774e+01   1.1650e+01   2.0040e-05   2.7447e-02   2.8213e+02
20260416_12:00:00   8.7612e-02   2.4808e+01   1.0675e+01   0.0000e+00   4.1546e-02   2.7990e+02
20260416_15:00:00   9.2293e-02   2.5960e+01   1.1188e+01   1.5980e-04   2.6472e-02   2.8107e+02
20260416_18:00:00   9.6481e-02   2.6922e+01   1.1678e+01   0.0000e+00   2.5898e-01   2.8175e+02
20260416_21:00:00   9.3687e-02   2.6247e+01   1.1409e+01   0.0000e+00   1.5271e-01   2.8188e+02
20260417_00:00:00   9.7676e-02   2.7242e+01   1.1814e+01   7.4310e-05   2.3343e-01   2.8199e+02
20260417_03:00:00   8.7642e-02   2.4862e+01   1.0381e+01   2.0600e-04   9.6778e-02   2.8233e+02
20260417_06:00:00   7.6730e-02   2.2249e+01   8.5835e+00   0.0000e+00   3.2748e-02   2.8490e+02
20260417_09:00:00   7.3405e-02   2.1448e+01   7.9123e+00   0.0000e+00   2.1602e-02   2.8582e+02
20260417_12:00:00   7.4540e-02   2.1710e+01   8.0892e+00   0.0000e+00   1.4588e-02   2.8643e+02
20260417_15:00:00   7.0021e-02   2.0604e+01   7.3558e+00   0.0000e+00   9.2443e-03   2.8639e+02
20260417_18:00:00   6.8823e-02   2.0317e+01   7.0987e+00   0.0000e+00   1.2830e-02   2.8720e+02
20260417_21:00:00   7.1609e-02   2.0993e+01   7.6442e+00   0.0000e+00   3.7853e-02   2.8735e+02
20260418_00:00:00   7.8268e-02   2.2641e+01   8.7089e+00   1.1950e-04   1.7596e-02   2.8570e+02
20260418_03:00:00   8.7155e-02   2.4809e+01   9.9785e+00   5.4868e-04   5.5122e-03   2.8444e+02
20260418_06:00:00   1.0604e-01   2.9388e+01   1.0789e+01   1.4968e-02   2.6792e-02   2.8617e+02
20260418_09:00:00   8.7097e-02   2.4744e+01   1.0205e+01   0.0000e+00   3.6681e-02   2.8755e+02
20260418_12:00:00   8.7933e-02   2.4884e+01   1.0476e+01   0.0000e+00   4.4634e-02   2.8728e+02
20260418_15:00:00   8.1920e-02   2.3411e+01   9.6390e+00   0.0000e+00   2.5471e-02   2.8796e+02
20260418_18:00:00   7.7208e-02   2.2313e+01   8.7290e+00   0.0000e+00   3.7562e-04   2.9122e+02
20260418_21:00:00   7.2352e-02   2.1206e+01   7.6266e+00   4.2850e-04   0.0000e+00   2.9470e+02
20260419_00:00:00   7.7860e-02   2.2636e+01   7.9400e+00   4.1573e-03   7.3720e-05   2.8916e+02
20260419_03:00:00   9.5302e-02   2.7077e+01   7.7845e+00   2.5659e-02   3.4560e-06   2.8789e+02
20260419_06:00:00   6.9765e-02   2.0581e+01   7.3660e+00   0.0000e+00   2.3440e-05   2.8912e+02
20260419_09:00:00   6.5101e-02   1.9413e+01   6.6118e+00   0.0000e+00   0.0000e+00   2.8975e+02
20260419_12:00:00   6.3800e-02   1.9058e+01   6.4706e+00   0.0000e+00   3.4115e-03   2.8938e+02
20260419_15:00:00   6.0669e-02   1.8278e+01   5.9308e+00   0.0000e+00   2.0901e-04   2.8980e+02
20260419_18:00:00   5.9449e-02   1.7967e+01   5.7654e+00   0.0000e+00   6.5217e-03   2.8986e+02
20260419_21:00:00   5.8648e-02   1.7756e+01   5.7376e+00   5.2570e-05   2.2108e-02   2.9254e+02
20260420_00:00:00   7.0183e-02   2.0606e+01   7.3051e+00   3.5506e-03   7.6382e-02   2.9275e+02
20260420_03:00:00   7.1992e-02   2.0997e+01   8.1867e+00   1.8520e-05   5.6213e-03   2.9330e+02
20260420_06:00:00   6.5750e-02   1.9526e+01   6.8587e+00   0.0000e+00   1.0362e-02   2.9788e+02
20260420_09:00:00   6.1434e-02   1.8478e+01   6.0138e+00   0.0000e+00   5.9100e-03   2.9652e+02
20260420_12:00:00   6.2623e-02   1.8750e+01   6.1330e+00   0.0000e+00   5.2947e-04   2.9752e+02
20260420_15:00:00   6.2396e-02   1.8712e+01   5.9999e+00   0.0000e+00   0.0000e+00   3.0451e+02
20260420_18:00:00   6.3602e-02   1.9048e+01   6.1429e+00   0.0000e+00   2.8440e-04   3.1450e+02
20260420_21:00:00   6.1702e-02   1.8595e+01   5.7408e+00   2.4100e-04   3.4080e-04   3.1558e+02
20260421_00:00:00   1.3513e-01   3.6869e+01   6.2539e+00   8.1110e-02   3.0120e-04   3.1160e+02
20260421_03:00:00   6.0137e-02   1.8192e+01   5.7117e+00   5.3190e-05   2.9960e-04   3.0995e+02
20260421_06:00:00   5.7699e-02   1.7571e+01   5.3599e+00   0.0000e+00   2.1580e-04   3.1118e+02
20260421_09:00:00   6.1202e-02   1.8437e+01   5.9171e+00   1.2890e-04   5.7440e-04   3.1226e+02
20260421_12:00:00   6.1805e-02   1.8590e+01   6.0020e+00   0.0000e+00   3.0080e-04   3.1136e+02
20260421_15:00:00   5.9937e-02   1.8123e+01   5.7030e+00   0.0000e+00   7.9180e-04   3.1177e+02
20260421_18:00:00   5.7562e-02   1.7528e+01   5.3751e+00   0.0000e+00   4.7000e-04   3.0860e+02
20260421_21:00:00   5.9274e-02   1.7971e+01   5.6002e+00   0.0000e+00   3.7760e-04   3.0897e+02
20260422_00:00:00   1.8209e-01   4.7798e+01   7.8826e+00   1.2439e-01   1.0894e-04   2.9974e+02
20260422_03:00:00   9.7347e-02   2.7610e+01   7.5562e+00   2.8711e-02   7.6480e-05   2.9776e+02
20260422_06:00:00   6.5368e-02   1.9533e+01   6.1542e+00   2.6158e-03   0.0000e+00   2.9731e+02
20260422_09:00:00   5.9345e-02   1.7988e+01   5.5541e+00   0.0000e+00   0.0000e+00   2.9681e+02
20260422_12:00:00   6.1044e-02   1.8408e+01   5.7632e+00   0.0000e+00   0.0000e+00   2.9516e+02
20260422_15:00:00   5.9816e-02   1.8092e+01   5.6154e+00   0.0000e+00   0.0000e+00   2.9205e+02
20260422_18:00:00   5.8743e-02   1.7818e+01   5.4874e+00   0.0000e+00   0.0000e+00   2.9150e+02
20260422_21:00:00   6.0017e-02   1.8149e+01   5.6609e+00   0.0000e+00   0.0000e+00   2.9030e+02
20260423_00:00:00   6.5872e-02   1.9682e+01   6.0434e+00   3.1861e-03   0.0000e+00   2.8800e+02
20260423_03:00:00   1.6757e-01   4.4624e+01   6.2089e+00   1.2126e-01   6.6580e-06   2.8604e+02
20260423_06:00:00   5.9938e-02   1.8165e+01   5.6551e+00   0.0000e+00   0.0000e+00   2.9014e+02
20260423_09:00:00   5.8820e-02   1.7884e+01   5.4233e+00   0.0000e+00   0.0000e+00   2.8638e+02
20260423_12:00:00   5.6342e-02   1.7243e+01   5.0579e+00   0.0000e+00   0.0000e+00   2.8393e+02
20260423_15:00:00   5.4679e-02   1.6817e+01   4.7750e+00   0.0000e+00   0.0000e+00   2.8403e+02
20260423_18:00:00   5.3131e-02   1.6431e+01   4.5409e+00   0.0000e+00   0.0000e+00   2.8519e+02
20260423_21:00:00   5.4277e-02   1.6710e+01   4.8109e+00   0.0000e+00   0.0000e+00   2.8429e+02
20260424_00:00:00   5.6841e-02   1.7369e+01   5.1345e+00   7.7840e-04   0.0000e+00   2.7844e+02
20260424_03:00:00   5.3861e-02   1.6637e+01   4.5377e+00   1.1350e-03   0.0000e+00   2.7495e+02
20260424_06:00:00   4.9217e-02   1.5462e+01   3.8400e+00   0.0000e+00   0.0000e+00   2.7700e+02
20260424_09:00:00   4.7671e-02   1.5063e+01   3.5617e+00   0.0000e+00   0.0000e+00   2.7564e+02
20260424_12:00:00   4.9211e-02   1.5443e+01   3.8591e+00   0.0000e+00   0.0000e+00   2.7355e+02
20260424_15:00:00   4.9924e-02   1.5628e+01   3.9982e+00   0.0000e+00   0.0000e+00   2.7421e+02
20260424_18:00:00   5.0351e-02   1.5742e+01   4.0924e+00   0.0000e+00   0.0000e+00   2.7557e+02
20260424_21:00:00   4.9848e-02   1.5634e+01   3.9999e+00   0.0000e+00   0.0000e+00   2.7736e+02
20260425_00:00:00   4.9810e-02   1.5633e+01   4.0020e+00   0.0000e+00   0.0000e+00   2.7508e+02
20260425_03:00:00   5.0185e-02   1.5726e+01   4.0585e+00   0.0000e+00   0.0000e+00   2.7378e+02
20260425_06:00:00   4.9131e-02   1.5449e+01   3.9363e+00   0.0000e+00   0.0000e+00   2.7524e+02
20260425_09:00:00   4.9082e-02   1.5421e+01   3.9666e+00   0.0000e+00   0.0000e+00   2.7331e+02
20260425_12:00:00   4.9139e-02   1.5415e+01   4.0203e+00   0.0000e+00   0.0000e+00   2.7307e+02
20260425_15:00:00   5.1068e-02   1.5904e+01   4.3900e+00   0.0000e+00   0.0000e+00   2.7282e+02
20260425_18:00:00   5.5818e-02   1.7142e+01   5.1287e+00   0.0000e+00   0.0000e+00   2.7786e+02
20260425_21:00:00   5.5936e-02   1.7195e+01   5.0851e+00   0.0000e+00   0.0000e+00   2.7643e+02
20260426_00:00:00   5.6518e-02   1.7342e+01   5.2142e+00   0.0000e+00   0.0000e+00   2.7741e+02
20260426_03:00:00   5.4214e-02   1.6763e+01   4.7949e+00   0.0000e+00   0.0000e+00   2.7768e+02
20260426_06:00:00   5.1620e-02   1.6092e+01   4.3351e+00   0.0000e+00   0.0000e+00   2.7958e+02
20260426_09:00:00   5.0901e-02   1.5899e+01   4.2137e+00   0.0000e+00   0.0000e+00   2.7822e+02
20260426_12:00:00   5.1169e-02   1.5955e+01   4.2493e+00   0.0000e+00   0.0000e+00   2.7492e+02
20260426_15:00:00   4.9717e-02   1.5584e+01   4.0313e+00   0.0000e+00   0.0000e+00   2.7415e+02
20260426_18:00:00   5.4080e-02   1.6714e+01   4.7178e+00   5.0330e-05   0.0000e+00   2.7537e+02
20260426_21:00:00   5.1743e-02   1.6130e+01   4.2583e+00   6.4080e-05   0.0000e+00   2.7691e+02
20260427_00:00:00   4.8597e-02   1.5326e+01   3.6333e+00   1.4710e-04   0.0000e+00   2.7758e+02
20260427_03:00:00   4.5617e-02   1.4552e+01   3.1699e+00   1.4340e-05   0.0000e+00   2.7880e+02
20260427_06:00:00   4.3384e-02   1.3965e+01   2.7982e+00   0.0000e+00   0.0000e+00   2.7966e+02
