#            date       tau255        Tb[K]      pwv[mm] lwp[kg*m^-2] iwp[kg*m^-2]       o3[DU]
20260603_06:00:00   2.2029e-01   5.6296e+01   9.2987e+00   1.5196e-01   4.2620e-05   2.8417e+02
20260603_07:00:00   8.4370e-02   2.4464e+01   8.4900e+00   2.9602e-03   0.0000e+00   2.8277e+02
20260603_08:00:00   1.0979e-01   3.0894e+01   7.3092e+00   4.3180e-02   0.0000e+00   2.8247e+02
20260603_09:00:00   6.0154e-02   1.8350e+01   5.5656e+00   0.0000e+00   0.0000e+00   2.8419e+02
20260603_10:00:00   5.1640e-02   1.6137e+01   4.2794e+00   3.0030e-05   0.0000e+00   2.8773e+02
20260603_11:00:00   5.3020e-02   1.6508e+01   3.4036e+00   7.9000e-03   0.0000e+00   2.8922e+02
20260603_12:00:00   1.1824e-01   3.3056e+01   2.9219e+00   8.7150e-02   0.0000e+00   2.8895e+02
20260603_13:00:00   6.5747e-02   1.9821e+01   2.6263e+00   2.7682e-02   0.0000e+00   2.9036e+02
20260603_14:00:00   3.9279e-02   1.2883e+01   2.1202e+00   0.0000e+00   0.0000e+00   2.9123e+02
20260603_15:00:00   3.7686e-02   1.2461e+01   1.7956e+00   0.0000e+00   0.0000e+00   2.9221e+02
20260603_16:00:00   3.7437e-02   1.2397e+01   1.7580e+00   0.0000e+00   0.0000e+00   2.9336e+02
20260603_17:00:00   4.0534e-02   1.3210e+01   2.3472e+00   0.0000e+00   0.0000e+00   2.9338e+02
20260603_18:00:00   4.3600e-02   1.4019e+01   2.9002e+00   0.0000e+00   0.0000e+00   2.9472e+02
20260603_19:00:00   4.5141e-02   1.4425e+01   3.1435e+00   4.0870e-07   0.0000e+00   2.9304e+02
20260603_20:00:00   4.4426e-02   1.4243e+01   2.9777e+00   1.2400e-05   0.0000e+00   2.9355e+02
20260603_21:00:00   4.3946e-02   1.4118e+01   2.8664e+00   5.7590e-06   0.0000e+00   2.9542e+02
20260603_22:00:00   4.2950e-02   1.3849e+01   2.7652e+00   5.5980e-06   0.0000e+00   2.9583e+02
20260603_23:00:00   4.2908e-02   1.3828e+01   2.8096e+00   2.1220e-04   0.0000e+00   2.9209e+02
20260604_00:00:00   4.3818e-02   1.4058e+01   3.0048e+00   3.5210e-04   0.0000e+00   2.9343e+02
20260604_01:00:00   4.5407e-02   1.4478e+01   3.0369e+00   2.2268e-03   0.0000e+00   2.9479e+02
20260604_02:00:00   4.1233e-02   1.3372e+01   2.6674e+00   0.0000e+00   0.0000e+00   2.9590e+02
20260604_03:00:00   4.0163e-02   1.3090e+01   2.4844e+00   0.0000e+00   0.0000e+00   2.9328e+02
20260604_04:00:00   3.9442e-02   1.2893e+01   2.3467e+00   0.0000e+00   0.0000e+00   2.9048e+02
20260604_05:00:00   3.9070e-02   1.2801e+01   2.2729e+00   0.0000e+00   0.0000e+00   2.9089e+02
20260604_06:00:00   3.8956e-02   1.2774e+01   2.2318e+00   0.0000e+00   0.0000e+00   2.9306e+02
20260604_07:00:00   3.8773e-02   1.2725e+01   2.1914e+00   0.0000e+00   0.0000e+00   2.9320e+02
20260604_08:00:00   3.8750e-02   1.2720e+01   2.1781e+00   5.8110e-06   0.0000e+00   2.9355e+02
20260604_09:00:00   3.9206e-02   1.2841e+01   2.2638e+00   4.6180e-05   0.0000e+00   2.9209e+02
20260604_10:00:00   3.9854e-02   1.3014e+01   2.3914e+00   3.6490e-05   0.0000e+00   2.9158e+02
20260604_11:00:00   4.0039e-02   1.3059e+01   2.4466e+00   1.6780e-06   0.0000e+00   2.8983e+02
20260604_12:00:00   4.0112e-02   1.3076e+01   2.4579e+00   0.0000e+00   0.0000e+00   2.8852e+02
20260604_13:00:00   3.9924e-02   1.3028e+01   2.4110e+00   0.0000e+00   0.0000e+00   2.8888e+02
20260604_14:00:00   3.9678e-02   1.2964e+01   2.3365e+00   0.0000e+00   0.0000e+00   2.8860e+02
20260604_15:00:00   3.9433e-02   1.2903e+01   2.2754e+00   0.0000e+00   0.0000e+00   2.8901e+02
20260604_16:00:00   3.9487e-02   1.2914e+01   2.2822e+00   0.0000e+00   3.4560e-06   2.8981e+02
20260604_17:00:00   4.0074e-02   1.3069e+01   2.3970e+00   0.0000e+00   7.7160e-05   2.9020e+02
20260604_18:00:00   4.0611e-02   1.3207e+01   2.5099e+00   0.0000e+00   6.6500e-05   2.8787e+02
20260604_19:00:00   4.1118e-02   1.3338e+01   2.6166e+00   0.0000e+00   1.0868e-04   2.8373e+02
20260604_20:00:00   4.1515e-02   1.3442e+01   2.7060e+00   0.0000e+00   1.9280e-04   2.8021e+02
20260604_21:00:00   4.2213e-02   1.3623e+01   2.8310e+00   0.0000e+00   3.8960e-04   2.7966e+02
20260604_22:00:00   4.7851e-02   1.5114e+01   2.9606e+00   5.7410e-03   1.7872e-04   2.8110e+02
20260604_23:00:00   4.9858e-02   1.5641e+01   2.9972e+00   7.7520e-03   1.5418e-03   2.8277e+02
20260605_00:00:00   4.6836e-02   1.4845e+01   3.0017e+00   4.1200e-03   2.4819e-03   2.8509e+02
20260605_01:00:00   4.6544e-02   1.4770e+01   2.9495e+00   4.0210e-03   2.5021e-03   2.8791e+02
20260605_02:00:00   4.7159e-02   1.4938e+01   2.8427e+00   5.2660e-03   8.7499e-05   2.8911e+02
20260605_03:00:00   4.1922e-02   1.3557e+01   2.7054e+00   1.2950e-04   4.7658e-04   2.8928e+02
20260605_04:00:00   4.1398e-02   1.3420e+01   2.6357e+00   2.3410e-06   1.9292e-03   2.9158e+02
20260605_05:00:00   4.1341e-02   1.3412e+01   2.6048e+00   3.4850e-06   2.4516e-04   2.9589e+02
20260605_06:00:00   4.1169e-02   1.3366e+01   2.5427e+00   3.0260e-05   2.3762e-05   2.9831e+02
20260605_07:00:00   4.1407e-02   1.3423e+01   2.5835e+00   1.7330e-05   8.3942e-04   3.0178e+02
20260605_08:00:00   4.1294e-02   1.3388e+01   2.5687e+00   1.2850e-05   4.8520e-03   3.0017e+02
20260605_09:00:00   4.1405e-02   1.3414e+01   2.5878e+00   4.7490e-06   2.3415e-03   2.9803e+02
20260605_10:00:00   4.1640e-02   1.3474e+01   2.6187e+00   2.1910e-06   2.4080e-04   2.9852e+02
20260605_11:00:00   4.1375e-02   1.3402e+01   2.5595e+00   0.0000e+00   7.4780e-04   2.9890e+02
20260605_12:00:00   4.0927e-02   1.3276e+01   2.4952e+00   1.6040e-06   1.5120e-03   2.9730e+02
20260605_13:00:00   4.0776e-02   1.3234e+01   2.4688e+00   2.0570e-06   1.2701e-03   2.9740e+02
20260605_14:00:00   4.0607e-02   1.3188e+01   2.4228e+00   0.0000e+00   9.6940e-05   2.9827e+02
20260605_15:00:00   4.0585e-02   1.3180e+01   2.4046e+00   0.0000e+00   0.0000e+00   2.9990e+02
20260605_16:00:00   4.0062e-02   1.3040e+01   2.3072e+00   0.0000e+00   0.0000e+00   2.9869e+02
20260605_17:00:00   3.9202e-02   1.2815e+01   2.1458e+00   0.0000e+00   0.0000e+00   2.9854e+02
20260605_18:00:00   3.8600e-02   1.2657e+01   2.0276e+00   0.0000e+00   0.0000e+00   2.9978e+02
20260605_19:00:00   3.8130e-02   1.2534e+01   1.9361e+00   0.0000e+00   0.0000e+00   3.0063e+02
20260605_20:00:00   3.7904e-02   1.2472e+01   1.8896e+00   1.8980e-05   0.0000e+00   3.0090e+02
20260605_21:00:00   3.8114e-02   1.2526e+01   1.9291e+00   7.1400e-05   0.0000e+00   3.0288e+02
20260605_22:00:00   3.8813e-02   1.2705e+01   2.0812e+00   5.2240e-05   0.0000e+00   3.0252e+02
20260605_23:00:00   3.9950e-02   1.2991e+01   2.3181e+00   8.9740e-05   0.0000e+00   2.9877e+02
20260606_00:00:00   4.0641e-02   1.3160e+01   2.4853e+00   4.2830e-06   0.0000e+00   2.9659e+02
20260606_01:00:00   4.1293e-02   1.3325e+01   2.6234e+00   0.0000e+00   0.0000e+00   2.9527e+02
20260606_02:00:00   4.0943e-02   1.3232e+01   2.5589e+00   7.1780e-05   8.3480e-06   2.9281e+02
20260606_03:00:00   4.0893e-02   1.3223e+01   2.4040e+00   9.4890e-04   8.8885e-06   2.9356e+02
20260606_04:00:00   3.9845e-02   1.2951e+01   2.3467e+00   6.2810e-05   5.9186e-05   2.9286e+02
20260606_05:00:00   3.9517e-02   1.2875e+01   2.2779e+00   0.0000e+00   0.0000e+00   2.9353e+02
20260606_06:00:00   3.8896e-02   1.2719e+01   2.1546e+00   0.0000e+00   0.0000e+00   2.9603e+02
20260606_07:00:00   3.8665e-02   1.2658e+01   2.1062e+00   0.0000e+00   0.0000e+00   2.9470e+02
20260606_08:00:00   3.8435e-02   1.2598e+01   2.0501e+00   0.0000e+00   0.0000e+00   2.9511e+02
20260606_09:00:00   3.8324e-02   1.2570e+01   2.0201e+00   0.0000e+00   0.0000e+00   2.9662e+02
20260606_10:00:00   3.8109e-02   1.2510e+01   1.9793e+00   0.0000e+00   0.0000e+00   2.9743e+02
20260606_11:00:00   3.8040e-02   1.2487e+01   1.9725e+00   0.0000e+00   0.0000e+00   2.9796e+02
20260606_12:00:00   3.8321e-02   1.2551e+01   2.0349e+00   0.0000e+00   0.0000e+00   2.9691e+02
20260606_13:00:00   3.8312e-02   1.2547e+01   2.0375e+00   0.0000e+00   0.0000e+00   2.9737e+02
20260606_14:00:00   3.8258e-02   1.2534e+01   2.0327e+00   0.0000e+00   0.0000e+00   2.9645e+02
20260606_15:00:00   3.8469e-02   1.2584e+01   2.0751e+00   0.0000e+00   0.0000e+00   2.9607e+02
20260606_16:00:00   3.8630e-02   1.2623e+01   2.1053e+00   0.0000e+00   0.0000e+00   2.9429e+02
20260606_17:00:00   3.8504e-02   1.2590e+01   2.0731e+00   0.0000e+00   0.0000e+00   2.9493e+02
20260606_18:00:00   3.8158e-02   1.2500e+01   1.9898e+00   0.0000e+00   0.0000e+00   2.9652e+02
20260606_19:00:00   3.7742e-02   1.2397e+01   1.9035e+00   0.0000e+00   0.0000e+00   2.9828e+02
20260606_20:00:00   3.7722e-02   1.2391e+01   1.9031e+00   0.0000e+00   0.0000e+00   2.9852e+02
20260606_21:00:00   3.7968e-02   1.2456e+01   1.9608e+00   0.0000e+00   0.0000e+00   2.9830e+02
20260606_22:00:00   3.8158e-02   1.2504e+01   2.0024e+00   0.0000e+00   0.0000e+00   3.0199e+02
20260606_23:00:00   3.8472e-02   1.2594e+01   2.0565e+00   0.0000e+00   0.0000e+00   3.0498e+02
20260607_00:00:00   3.8550e-02   1.2618e+01   2.0727e+00   0.0000e+00   0.0000e+00   3.0239e+02
20260607_01:00:00   3.8212e-02   1.2537e+01   2.0122e+00   0.0000e+00   0.0000e+00   3.0131e+02
20260607_02:00:00   3.7853e-02   1.2446e+01   1.9478e+00   0.0000e+00   0.0000e+00   3.0085e+02
20260607_03:00:00   3.7638e-02   1.2397e+01   1.8982e+00   0.0000e+00   0.0000e+00   3.0258e+02
20260607_04:00:00   3.7110e-02   1.2263e+01   1.7985e+00   0.0000e+00   0.0000e+00   3.0399e+02
20260607_05:00:00   3.6801e-02   1.2185e+01   1.7366e+00   0.0000e+00   0.0000e+00   3.0300e+02
20260607_06:00:00   3.6431e-02   1.2093e+01   1.6635e+00   0.0000e+00   0.0000e+00   3.0150e+02
20260607_07:00:00   3.6360e-02   1.2079e+01   1.6464e+00   0.0000e+00   0.0000e+00   2.9757e+02
20260607_08:00:00   3.6233e-02   1.2050e+01   1.6204e+00   0.0000e+00   0.0000e+00   2.9472e+02
20260607_09:00:00   3.6150e-02   1.2028e+01   1.6109e+00   0.0000e+00   0.0000e+00   2.9368e+02
20260607_10:00:00   3.6109e-02   1.2016e+01   1.6193e+00   0.0000e+00   0.0000e+00   2.9347e+02
20260607_11:00:00   3.6336e-02   1.2071e+01   1.6839e+00   0.0000e+00   0.0000e+00   2.9263e+02
20260607_12:00:00   3.6418e-02   1.2090e+01   1.7152e+00   0.0000e+00   0.0000e+00   2.9396e+02
20260607_13:00:00   3.6384e-02   1.2082e+01   1.7068e+00   0.0000e+00   0.0000e+00   2.9264e+02
20260607_14:00:00   3.6332e-02   1.2070e+01   1.6788e+00   0.0000e+00   0.0000e+00   2.9355e+02
20260607_15:00:00   3.6353e-02   1.2079e+01   1.6749e+00   0.0000e+00   0.0000e+00   2.9488e+02
20260607_16:00:00   3.6401e-02   1.2091e+01   1.6711e+00   0.0000e+00   0.0000e+00   2.9569e+02
20260607_17:00:00   3.6436e-02   1.2105e+01   1.6669e+00   0.0000e+00   0.0000e+00   2.9623e+02
20260607_18:00:00   3.6469e-02   1.2119e+01   1.6672e+00   0.0000e+00   0.0000e+00   2.9744e+02
20260607_19:00:00   3.6415e-02   1.2108e+01   1.6540e+00   0.0000e+00   0.0000e+00   2.9728e+02
20260607_20:00:00   3.6406e-02   1.2111e+01   1.6510e+00   0.0000e+00   0.0000e+00   2.9754e+02
20260607_21:00:00   3.6603e-02   1.2167e+01   1.6861e+00   0.0000e+00   0.0000e+00   2.9617e+02
20260607_22:00:00   3.6810e-02   1.2226e+01   1.7272e+00   0.0000e+00   0.0000e+00   2.9584e+02
20260607_23:00:00   3.7347e-02   1.2374e+01   1.8296e+00   5.8320e-05   0.0000e+00   2.9593e+02
20260608_00:00:00   3.8021e-02   1.2556e+01   1.9587e+00   6.8180e-05   0.0000e+00   2.9687e+02
20260608_01:00:00   3.8138e-02   1.2588e+01   1.9957e+00   1.4390e-04   0.0000e+00   2.9765e+02
20260608_02:00:00   3.8241e-02   1.2616e+01   2.0329e+00   2.1570e-04   0.0000e+00   2.9841e+02
20260608_03:00:00   3.8139e-02   1.2588e+01   2.0500e+00   6.0020e-05   0.0000e+00   2.9862e+02
20260608_04:00:00   3.7708e-02   1.2477e+01   1.9784e+00   0.0000e+00   0.0000e+00   3.0003e+02
20260608_05:00:00   3.7240e-02   1.2354e+01   1.8886e+00   2.4850e-06   0.0000e+00   3.0070e+02
20260608_06:00:00   3.7502e-02   1.2423e+01   1.9360e+00   0.0000e+00   0.0000e+00   3.0055e+02
20260608_09:00:00   3.8608e-02   1.2713e+01   2.1473e+00   0.0000e+00   0.0000e+00   3.0060e+02
20260608_12:00:00   3.8839e-02   1.2765e+01   2.1973e+00   0.0000e+00   0.0000e+00   2.9719e+02
20260608_15:00:00   3.8735e-02   1.2726e+01   2.1823e+00   0.0000e+00   0.0000e+00   2.9674e+02
20260608_18:00:00   3.8666e-02   1.2700e+01   2.1721e+00   0.0000e+00   4.3140e-06   2.9714e+02
20260608_21:00:00   3.9313e-02   1.2880e+01   2.3103e+00   0.0000e+00   8.3980e-04   2.9785e+02
20260609_00:00:00   4.0905e-02   1.3310e+01   2.5573e+00   4.2767e-04   2.8878e-04   2.9486e+02
20260609_03:00:00   4.3022e-02   1.3875e+01   2.6881e+00   2.2260e-03   1.1852e-02   2.9039e+02
20260609_06:00:00   3.9816e-02   1.3027e+01   2.4285e+00   3.4910e-05   7.7719e-05   2.8945e+02
20260609_09:00:00   4.0411e-02   1.3167e+01   2.5465e+00   0.0000e+00   7.0181e-04   2.8870e+02
20260609_12:00:00   3.9906e-02   1.3017e+01   2.4828e+00   4.3910e-06   4.6398e-03   2.8872e+02
20260609_15:00:00   3.9974e-02   1.3007e+01   2.5190e+00   0.0000e+00   1.3347e-02   2.8359e+02
20260609_18:00:00   3.9757e-02   1.2949e+01   2.4327e+00   0.0000e+00   8.0954e-03   2.8509e+02
20260609_21:00:00   3.9559e-02   1.2904e+01   2.3531e+00   1.6140e-04   1.6373e-02   2.8902e+02
20260610_00:00:00   4.7306e-02   1.4977e+01   2.5947e+00   7.3750e-03   3.4967e-03   2.8828e+02
20260610_03:00:00   1.6609e-01   4.4438e+01   3.3263e+00   1.4068e-01   2.3760e-03   2.8528e+02
20260610_06:00:00   4.6404e-02   1.4723e+01   2.8121e+00   5.0570e-03   2.4681e-03   2.8265e+02
20260610_09:00:00   4.7572e-02   1.5053e+01   2.5883e+00   7.4782e-03   2.3704e-03   2.8932e+02
20260610_12:00:00   3.9577e-02   1.2936e+01   2.2355e+00   6.8390e-05   3.2412e-03   2.8819e+02
20260610_15:00:00   3.8750e-02   1.2723e+01   2.0698e+00   0.0000e+00   5.4260e-04   2.9010e+02
20260610_18:00:00   3.7937e-02   1.2523e+01   1.8946e+00   0.0000e+00   2.8760e-06   2.9346e+02
20260610_21:00:00   3.7776e-02   1.2491e+01   1.8512e+00   1.7380e-04   0.0000e+00   2.9422e+02
20260611_00:00:00   5.6456e-02   1.7440e+01   2.2243e+00   1.9426e-02   2.9920e-05   2.9093e+02
20260611_03:00:00   5.1185e-02   1.6062e+01   2.5676e+00   1.0909e-02   4.7460e-05   2.8652e+02
20260611_06:00:00   4.0447e-02   1.3222e+01   2.1378e+00   1.3810e-03   3.1020e-03   2.8651e+02
20260611_09:00:00   3.9937e-02   1.3080e+01   2.0253e+00   1.6630e-03   9.1180e-03   2.8624e+02
20260611_12:00:00   3.8399e-02   1.2640e+01   2.1130e+00   0.0000e+00   1.2718e-02   2.8351e+02
20260611_15:00:00   3.8420e-02   1.2635e+01   2.1707e+00   0.0000e+00   4.9535e-03   2.8334e+02
20260611_18:00:00   4.0192e-02   1.3073e+01   2.6261e+00   0.0000e+00   6.8110e-03   2.8205e+02
20260611_21:00:00   4.3960e-02   1.4039e+01   3.4339e+00   7.0530e-05   0.0000e+00   2.7946e+02
20260612_00:00:00   5.0721e-02   1.5786e+01   4.4627e+00   1.9990e-03   2.1164e-04   2.7636e+02
20260612_03:00:00   5.9104e-02   1.7913e+01   6.2609e+00   2.3120e-05   2.1798e-03   2.7139e+02
20260612_06:00:00   6.4228e-02   1.9250e+01   7.0262e+00   4.1400e-05   9.4970e-05   2.7207e+02
20260612_09:00:00   6.9688e-02   2.0638e+01   7.8637e+00   0.0000e+00   3.0248e-04   2.7339e+02
20260612_12:00:00   6.4136e-02   1.9230e+01   6.9602e+00   0.0000e+00   3.1226e-04   2.7157e+02
20260612_15:00:00   6.4966e-02   1.9432e+01   7.1850e+00   0.0000e+00   2.0400e-04   2.6921e+02
20260612_18:00:00   7.0532e-02   2.0793e+01   8.2564e+00   0.0000e+00   2.6012e-04   2.6992e+02
20260612_21:00:00   6.9518e-02   2.0528e+01   8.1740e+00   0.0000e+00   2.1788e-05   2.7014e+02
20260613_00:00:00   7.6900e-02   2.2349e+01   9.1374e+00   2.3050e-03   1.8051e-03   2.6892e+02
20260613_03:00:00   8.2770e-02   2.3733e+01   1.0372e+01   5.7350e-04   2.2173e-02   2.6650e+02
20260613_06:00:00   8.7773e-02   2.4947e+01   1.1147e+01   0.0000e+00   5.1924e-02   2.6767e+02
20260613_09:00:00   9.8542e-02   2.7587e+01   1.2508e+01   0.0000e+00   1.1716e-01   2.7210e+02
20260613_12:00:00   1.2564e-01   3.4132e+01   1.4150e+01   1.5012e-02   1.8368e-01   2.7054e+02
20260613_15:00:00   1.0379e-01   2.8874e+01   1.2979e+01   6.6150e-05   1.2520e-01   2.7017e+02
20260613_18:00:00   8.7370e-02   2.4895e+01   1.0485e+01   0.0000e+00   2.1661e-01   2.8005e+02
20260613_21:00:00   9.4518e-02   2.6597e+01   1.1530e+01   3.5213e-04   2.1451e-01   2.8565e+02
20260614_00:00:00   9.1345e-02   2.5802e+01   1.0339e+01   1.6932e-03   4.6291e-01   2.8767e+02
20260614_03:00:00   7.1325e-02   2.1046e+01   6.8952e+00   2.4279e-03   7.1200e-04   2.9724e+02
20260614_06:00:00   6.0675e-02   1.8364e+01   5.3363e+00   1.7250e-03   0.0000e+00   2.9132e+02
20260614_09:00:00   5.1135e-02   1.5927e+01   3.9245e+00   3.6922e-04   0.0000e+00   2.9292e+02
20260614_12:00:00   5.0082e-02   1.5635e+01   3.8561e+00   1.2200e-06   0.0000e+00   2.9362e+02
20260614_15:00:00   5.8343e-02   1.7710e+01   5.2110e+00   0.0000e+00   0.0000e+00   2.9684e+02
20260614_18:00:00   6.3688e-02   1.9050e+01   5.8988e+00   4.7530e-07   0.0000e+00   3.0038e+02
20260614_21:00:00   7.3783e-02   2.1631e+01   5.9804e+00   1.0770e-02   0.0000e+00   3.0578e+02
20260615_00:00:00   8.8034e-02   2.5231e+01   6.0900e+00   2.7375e-02   0.0000e+00   3.0407e+02
20260615_03:00:00   6.6212e-02   1.9739e+01   5.3261e+00   8.0340e-03   0.0000e+00   3.0478e+02
20260615_06:00:00   6.1076e-02   1.8442e+01   5.1260e+00   2.9322e-03   0.0000e+00   3.0855e+02
20260615_09:00:00   5.4980e-02   1.6877e+01   4.6122e+00   7.7239e-05   0.0000e+00   3.0718e+02
20260615_12:00:00   4.9111e-02   1.5362e+01   3.7773e+00   0.0000e+00   0.0000e+00   3.0679e+02
20260615_15:00:00   4.4347e-02   1.4127e+01   3.0615e+00   0.0000e+00   0.0000e+00   3.0577e+02
20260615_18:00:00   4.2960e-02   1.3760e+01   2.8493e+00   0.0000e+00   0.0000e+00   3.0771e+02
20260615_21:00:00   4.4311e-02   1.4142e+01   2.7437e+00   1.7218e-03   0.0000e+00   3.0828e+02
20260616_00:00:00   5.5017e-01   1.1842e+02   5.5989e+00   5.6304e-01   0.0000e+00   3.0457e+02
20260616_03:00:00   1.3449e-01   3.6790e+01   4.8110e+00   8.8323e-02   0.0000e+00   2.9947e+02
20260616_06:00:00   4.7477e-02   1.4990e+01   3.5174e+00   1.4956e-04   2.5659e-03   2.9426e+02
20260616_09:00:00   5.2461e-02   1.6183e+01   4.8344e+00   0.0000e+00   3.0600e-03   2.9191e+02
20260616_12:00:00   6.3347e-02   1.8869e+01   6.9672e+00   0.0000e+00   1.1475e-02   2.8816e+02
20260616_15:00:00   6.9128e-02   2.0335e+01   7.8698e+00   0.0000e+00   5.8223e-02   2.8357e+02
20260616_18:00:00   7.5584e-02   2.1998e+01   8.8085e+00   0.0000e+00   8.0971e-02   2.8333e+02
20260616_21:00:00   7.3613e-02   2.1562e+01   8.5244e+00   0.0000e+00   4.3502e-02   2.8032e+02
20260617_00:00:00   6.9460e-02   2.0598e+01   7.6959e+00   8.3200e-05   4.1601e-02   2.7893e+02
20260617_03:00:00   6.5277e-02   1.9591e+01   6.9893e+00   5.5570e-07   1.8138e-02   2.7623e+02
20260617_06:00:00   6.1536e-02   1.8659e+01   6.3430e+00   0.0000e+00   2.8730e-03   2.7603e+02
20260617_09:00:00   5.7922e-02   1.7740e+01   5.7013e+00   0.0000e+00   6.5012e-03   2.8061e+02
20260617_12:00:00   5.2676e-02   1.6408e+01   4.7210e+00   0.0000e+00   5.3535e-04   2.8276e+02
20260617_15:00:00   5.0413e-02   1.5826e+01   4.2973e+00   0.0000e+00   7.9154e-05   2.8016e+02
20260617_18:00:00   5.2420e-02   1.6356e+01   4.6015e+00   0.0000e+00   7.7866e-05   2.7991e+02
20260617_21:00:00   5.2110e-02   1.6278e+01   4.6072e+00   0.0000e+00   5.9124e-04   2.7882e+02
20260618_00:00:00   5.1152e-02   1.6033e+01   4.4595e+00   0.0000e+00   3.7543e-03   2.7612e+02
20260618_03:00:00   4.8779e-02   1.5410e+01   4.1179e+00   0.0000e+00   1.1346e-03   2.7611e+02
20260618_06:00:00   4.6409e-02   1.4777e+01   3.7212e+00   0.0000e+00   0.0000e+00   2.7718e+02
20260618_09:00:00   4.2339e-02   1.3690e+01   2.9971e+00   0.0000e+00   0.0000e+00   2.8051e+02
20260618_12:00:00   4.1799e-02   1.3541e+01   2.9126e+00   0.0000e+00   7.6560e-06   2.8105e+02
20260618_15:00:00   4.4184e-02   1.4153e+01   3.3666e+00   0.0000e+00   3.4560e-06   2.7975e+02
20260618_18:00:00   4.6838e-02   1.4819e+01   3.9157e+00   0.0000e+00   2.8760e-06   2.8388e+02
20260618_21:00:00   4.7693e-02   1.5041e+01   3.8898e+00   1.4260e-03   5.1460e-05   2.8577e+02
20260619_00:00:00   1.3305e-01   3.6642e+01   4.5452e+00   9.6980e-02   5.5386e-04   2.8293e+02
20260619_03:00:00   9.0966e-02   2.6252e+01   4.0144e+00   5.1810e-02   1.3830e-03   2.8099e+02
20260619_06:00:00   4.6074e-02   1.4562e+01   3.9589e+00   4.8720e-07   8.4467e-03   2.8385e+02
