#            date       tau255        Tb[K]      pwv[mm] lwp[kg*m^-2] iwp[kg*m^-2]       o3[DU]
20260110_00:00:00   6.6770e-02   1.9939e+01   5.5522e+00   8.3830e-03   0.0000e+00   2.5549e+02
20260110_01:00:00   6.0617e-02   1.8346e+01   5.6530e+00   8.0240e-04   0.0000e+00   2.5388e+02
20260110_02:00:00   6.3494e-02   1.9088e+01   5.8244e+00   2.6182e-03   0.0000e+00   2.5423e+02
20260110_03:00:00   6.4415e-02   1.9321e+01   5.9278e+00   2.5641e-03   0.0000e+00   2.5590e+02
20260110_04:00:00   6.2981e-02   1.8952e+01   5.8690e+00   1.0470e-03   0.0000e+00   2.5632e+02
20260110_05:00:00   6.1682e-02   1.8622e+01   5.7091e+00   3.7480e-04   0.0000e+00   2.5709e+02
20260110_06:00:00   6.2566e-02   1.8839e+01   5.8535e+00   0.0000e+00   0.0000e+00   2.5835e+02
20260110_07:00:00   6.4684e-02   1.9379e+01   6.0847e+00   0.0000e+00   0.0000e+00   2.5879e+02
20260110_08:00:00   6.8538e-02   2.0347e+01   6.5682e+00   1.0539e-04   7.0200e-06   2.5844e+02
20260110_09:00:00   7.6398e-02   2.2312e+01   6.9391e+00   5.2960e-03   1.1783e-04   2.5868e+02
20260110_10:00:00   8.1379e-02   2.3558e+01   6.8736e+00   1.0660e-02   2.7901e-04   2.5820e+02
20260110_11:00:00   6.8181e-02   2.0273e+01   6.2721e+00   2.6722e-04   4.8239e-05   2.5711e+02
20260110_12:00:00   6.4020e-02   1.9232e+01   5.6374e+00   4.0332e-04   8.9540e-07   2.5662e+02
20260110_13:00:00   5.9700e-02   1.8143e+01   5.0413e+00   0.0000e+00   0.0000e+00   2.5740e+02
20260110_14:00:00   5.7333e-02   1.7541e+01   4.6767e+00   0.0000e+00   0.0000e+00   2.5793e+02
20260110_15:00:00   5.4778e-02   1.6895e+01   4.2997e+00   0.0000e+00   0.0000e+00   2.5805e+02
20260110_16:00:00   5.2826e-02   1.6397e+01   4.0119e+00   0.0000e+00   0.0000e+00   2.5818e+02
20260110_17:00:00   5.0898e-02   1.5903e+01   3.7428e+00   0.0000e+00   0.0000e+00   2.5885e+02
20260110_18:00:00   4.8507e-02   1.5289e+01   3.3823e+00   0.0000e+00   0.0000e+00   2.5892e+02
20260110_19:00:00   4.5450e-02   1.4497e+01   2.9215e+00   0.0000e+00   0.0000e+00   2.5877e+02
20260110_20:00:00   4.2858e-02   1.3823e+01   2.5159e+00   0.0000e+00   0.0000e+00   2.5873e+02
20260110_21:00:00   4.0488e-02   1.3204e+01   2.1417e+00   9.3250e-06   0.0000e+00   2.5873e+02
20260110_22:00:00   4.2001e-02   1.3606e+01   2.1044e+00   1.8760e-03   0.0000e+00   2.5875e+02
20260110_23:00:00   4.4015e-02   1.4133e+01   2.2537e+00   3.3133e-03   0.0000e+00   2.5874e+02
20260111_00:00:00   4.0276e-02   1.3154e+01   1.9220e+00   1.5020e-03   0.0000e+00   2.5765e+02
20260111_01:00:00   3.9805e-02   1.3032e+01   1.8798e+00   1.4370e-03   0.0000e+00   2.5596e+02
20260111_02:00:00   3.8420e-02   1.2670e+01   1.8382e+00   1.3150e-05   0.0000e+00   2.5545e+02
20260111_03:00:00   3.5415e-02   1.1879e+01   1.3270e+00   0.0000e+00   0.0000e+00   2.5583e+02
20260111_04:00:00   3.4972e-02   1.1764e+01   1.2488e+00   0.0000e+00   0.0000e+00   2.5652e+02
20260111_05:00:00   3.4557e-02   1.1655e+01   1.1672e+00   0.0000e+00   0.0000e+00   2.5673e+02
20260111_06:00:00   3.4383e-02   1.1610e+01   1.1337e+00   0.0000e+00   0.0000e+00   2.5661e+02
20260111_07:00:00   3.4067e-02   1.1529e+01   1.0723e+00   0.0000e+00   0.0000e+00   2.5699e+02
20260111_08:00:00   3.3786e-02   1.1455e+01   1.0196e+00   0.0000e+00   0.0000e+00   2.5786e+02
20260111_09:00:00   3.3627e-02   1.1411e+01   9.8822e-01   0.0000e+00   0.0000e+00   2.5724e+02
20260111_10:00:00   3.3448e-02   1.1362e+01   9.5371e-01   0.0000e+00   0.0000e+00   2.5688e+02
20260111_11:00:00   3.3278e-02   1.1319e+01   9.2266e-01   0.0000e+00   0.0000e+00   2.5644e+02
20260111_12:00:00   3.3124e-02   1.1278e+01   8.9374e-01   0.0000e+00   0.0000e+00   2.5554e+02
20260111_13:00:00   3.3116e-02   1.1274e+01   8.8553e-01   0.0000e+00   0.0000e+00   2.5467e+02
20260111_14:00:00   3.3130e-02   1.1278e+01   8.8521e-01   0.0000e+00   0.0000e+00   2.5390e+02
20260111_15:00:00   3.3147e-02   1.1284e+01   8.8824e-01   0.0000e+00   0.0000e+00   2.5381e+02
20260111_16:00:00   3.3144e-02   1.1284e+01   8.8412e-01   0.0000e+00   0.0000e+00   2.5413e+02
20260111_17:00:00   3.3227e-02   1.1307e+01   8.9522e-01   0.0000e+00   0.0000e+00   2.5447e+02
20260111_18:00:00   3.3305e-02   1.1327e+01   9.1089e-01   0.0000e+00   0.0000e+00   2.5514e+02
20260111_19:00:00   3.3594e-02   1.1406e+01   9.7974e-01   0.0000e+00   0.0000e+00   2.5556e+02
20260111_20:00:00   3.4193e-02   1.1562e+01   1.1251e+00   0.0000e+00   0.0000e+00   2.5640e+02
20260111_21:00:00   3.4839e-02   1.1731e+01   1.2742e+00   0.0000e+00   0.0000e+00   2.5634e+02
20260111_22:00:00   3.5662e-02   1.1950e+01   1.4315e+00   0.0000e+00   0.0000e+00   2.5656e+02
20260111_23:00:00   3.7002e-02   1.2297e+01   1.6950e+00   8.9320e-08   0.0000e+00   2.5653e+02
20260112_00:00:00   3.7864e-02   1.2512e+01   1.9011e+00   2.9930e-07   0.0000e+00   2.5643e+02
20260112_01:00:00   3.7618e-02   1.2434e+01   1.9185e+00   2.2810e-06   0.0000e+00   2.5694e+02
20260112_02:00:00   3.7468e-02   1.2385e+01   1.9334e+00   1.0720e-05   0.0000e+00   2.5715e+02
20260112_03:00:00   3.7060e-02   1.2278e+01   1.8711e+00   2.8590e-05   0.0000e+00   2.5641e+02
20260112_04:00:00   3.7076e-02   1.2281e+01   1.8572e+00   1.3090e-04   0.0000e+00   2.5833e+02
20260112_05:00:00   3.6557e-02   1.2142e+01   1.7468e+00   6.7150e-05   0.0000e+00   2.5959e+02
20260112_06:00:00   3.6147e-02   1.2033e+01   1.6498e+00   4.5450e-05   0.0000e+00   2.6048e+02
20260112_07:00:00   3.5569e-02   1.1872e+01   1.5562e+00   1.1820e-06   0.0000e+00   2.5978e+02
20260112_08:00:00   3.5214e-02   1.1774e+01   1.4904e+00   0.0000e+00   0.0000e+00   2.5921e+02
20260112_09:00:00   3.4872e-02   1.1674e+01   1.4315e+00   0.0000e+00   3.1460e-05   2.5643e+02
20260112_10:00:00   3.4832e-02   1.1654e+01   1.4378e+00   0.0000e+00   5.7519e-04   2.5511e+02
20260112_11:00:00   3.4009e-02   1.1444e+01   1.2386e+00   0.0000e+00   3.4560e-06   2.5485e+02
20260112_12:00:00   3.3068e-02   1.1207e+01   1.0017e+00   0.0000e+00   3.9140e-04   2.5382e+02
20260112_13:00:00   3.3222e-02   1.1234e+01   1.0571e+00   0.0000e+00   1.7238e-03   2.5306e+02
20260112_14:00:00   3.3558e-02   1.1319e+01   1.1448e+00   0.0000e+00   1.4380e-05   2.5155e+02
20260112_15:00:00   3.4610e-02   1.1599e+01   1.3543e+00   0.0000e+00   0.0000e+00   2.5082e+02
20260112_16:00:00   3.5550e-02   1.1863e+01   1.4946e+00   0.0000e+00   0.0000e+00   2.5035e+02
20260112_17:00:00   3.6145e-02   1.2044e+01   1.5210e+00   0.0000e+00   0.0000e+00   2.4963e+02
20260112_18:00:00   3.7919e-02   1.2517e+01   1.8028e+00   0.0000e+00   0.0000e+00   2.4932e+02
20260112_19:00:00   3.9377e-02   1.2902e+01   2.0357e+00   0.0000e+00   0.0000e+00   2.4978e+02
20260112_20:00:00   4.1546e-02   1.3473e+01   2.3987e+00   0.0000e+00   0.0000e+00   2.4933e+02
20260112_21:00:00   4.5916e-02   1.4616e+01   3.1291e+00   0.0000e+00   0.0000e+00   2.4845e+02
20260112_22:00:00   5.4120e-02   1.6733e+01   4.4418e+00   0.0000e+00   0.0000e+00   2.4698e+02
20260112_23:00:00   5.8050e-02   1.7739e+01   4.9400e+00   0.0000e+00   0.0000e+00   2.4736e+02
20260113_00:00:00   6.0509e-02   1.8357e+01   5.1725e+00   7.8613e-04   0.0000e+00   2.4822e+02
20260113_01:00:00   6.4065e-02   1.9250e+01   5.4018e+00   3.4080e-03   0.0000e+00   2.4799e+02
20260113_02:00:00   6.5985e-02   1.9730e+01   5.5974e+00   4.1157e-03   0.0000e+00   2.4764e+02
20260113_03:00:00   1.1705e-01   3.2486e+01   5.5274e+00   6.2549e-02   0.0000e+00   2.4859e+02
20260113_04:00:00   9.4204e-02   2.6862e+01   5.1280e+00   3.8936e-02   0.0000e+00   2.4892e+02
20260113_05:00:00   9.2172e-02   2.6388e+01   4.5503e+00   4.0995e-02   0.0000e+00   2.4897e+02
20260113_06:00:00   3.4414e-01   8.1869e+01   4.3821e+00   3.3093e-01   0.0000e+00   2.4979e+02
20260113_07:00:00   6.0083e-01   1.2570e+02   4.4054e+00   6.2486e-01   4.4750e-06   2.5127e+02
20260113_08:00:00   5.4272e-01   1.1635e+02   5.0396e+00   5.4957e-01   7.1207e-05   2.5337e+02
20260113_09:00:00   8.1833e-01   1.5435e+02   5.2826e+00   8.6098e-01   1.5740e-04   2.5346e+02
20260113_10:00:00   6.5474e-01   1.3295e+02   5.1887e+00   6.7506e-01   1.4142e-04   2.5180e+02
20260113_11:00:00   6.3425e-01   1.3008e+02   4.9000e+00   6.5450e-01   8.3332e-05   2.5038e+02
20260113_12:00:00   5.9386e-01   1.2428e+02   4.5302e+00   6.1290e-01   5.8600e-05   2.5103e+02
20260113_13:00:00   2.4076e-01   6.0464e+01   3.9991e+00   2.1352e-01   0.0000e+00   2.5354e+02
20260113_14:00:00   5.7871e-02   1.7632e+01   3.1287e+00   1.2560e-02   0.0000e+00   2.5473e+02
20260113_15:00:00   4.5991e-02   1.4555e+01   2.7536e+00   2.2682e-03   0.0000e+00   2.5418e+02
20260113_16:00:00   4.1391e-02   1.3349e+01   2.3595e+00   2.6690e-05   0.0000e+00   2.5569e+02
20260113_17:00:00   4.1935e-02   1.3475e+01   2.4672e+00   3.5030e-05   0.0000e+00   2.5653e+02
20260113_18:00:00   4.1412e-02   1.3327e+01   2.4110e+00   0.0000e+00   0.0000e+00   2.5848e+02
20260113_19:00:00   4.0863e-02   1.3172e+01   2.3527e+00   0.0000e+00   0.0000e+00   2.5904e+02
20260113_20:00:00   4.0413e-02   1.3049e+01   2.2991e+00   0.0000e+00   0.0000e+00   2.5857e+02
20260113_21:00:00   4.0719e-02   1.3124e+01   2.3829e+00   1.7930e-05   0.0000e+00   2.5924e+02
20260113_22:00:00   4.1589e-02   1.3343e+01   2.5688e+00   6.2920e-05   0.0000e+00   2.6011e+02
20260113_23:00:00   4.2109e-02   1.3477e+01   2.6987e+00   2.2330e-05   0.0000e+00   2.6064e+02
20260114_00:00:00   4.2714e-02   1.3630e+01   2.8465e+00   2.6550e-06   0.0000e+00   2.5995e+02
20260114_01:00:00   4.2627e-02   1.3608e+01   2.8580e+00   0.0000e+00   0.0000e+00   2.5910e+02
20260114_02:00:00   4.3940e-02   1.3953e+01   3.0885e+00   0.0000e+00   0.0000e+00   2.5737e+02
20260114_03:00:00   4.4931e-02   1.4211e+01   3.2728e+00   3.9410e-05   0.0000e+00   2.5641e+02
20260114_04:00:00   4.5686e-02   1.4403e+01   3.4112e+00   1.7950e-05   0.0000e+00   2.5729e+02
20260114_05:00:00   4.6492e-02   1.4614e+01   3.5356e+00   8.2350e-06   0.0000e+00   2.5637e+02
20260114_06:00:00   4.6962e-02   1.4742e+01   3.6160e+00   0.0000e+00   0.0000e+00   2.5515e+02
20260114_07:00:00   4.7287e-02   1.4829e+01   3.6662e+00   0.0000e+00   0.0000e+00   2.5532e+02
20260114_08:00:00   4.7994e-02   1.5010e+01   3.7926e+00   0.0000e+00   0.0000e+00   2.5488e+02
20260114_09:00:00   4.8532e-02   1.5149e+01   3.8802e+00   0.0000e+00   0.0000e+00   2.5449e+02
20260114_10:00:00   4.8190e-02   1.5064e+01   3.8489e+00   0.0000e+00   0.0000e+00   2.5466e+02
20260114_11:00:00   4.8524e-02   1.5150e+01   3.9382e+00   0.0000e+00   0.0000e+00   2.5473e+02
20260114_12:00:00   4.9211e-02   1.5318e+01   4.0600e+00   0.0000e+00   0.0000e+00   2.5423e+02
20260114_13:00:00   5.0423e-02   1.5616e+01   4.2746e+00   0.0000e+00   7.1059e-05   2.5311e+02
20260114_14:00:00   4.9967e-02   1.5495e+01   4.2388e+00   0.0000e+00   1.1970e-03   2.5164e+02
20260114_15:00:00   5.0041e-02   1.5512e+01   4.2654e+00   0.0000e+00   2.2100e-04   2.5056e+02
20260114_16:00:00   4.9064e-02   1.5275e+01   4.0647e+00   0.0000e+00   8.9160e-05   2.5012e+02
20260114_17:00:00   4.8240e-02   1.5075e+01   3.8950e+00   0.0000e+00   5.9200e-04   2.5100e+02
20260114_18:00:00   4.6938e-02   1.4753e+01   3.6416e+00   0.0000e+00   0.0000e+00   2.5132e+02
20260114_19:00:00   4.6303e-02   1.4598e+01   3.5114e+00   0.0000e+00   0.0000e+00   2.5184e+02
20260114_20:00:00   4.5611e-02   1.4427e+01   3.3813e+00   0.0000e+00   0.0000e+00   2.5209e+02
20260114_21:00:00   4.5450e-02   1.4385e+01   3.3547e+00   0.0000e+00   0.0000e+00   2.5270e+02
20260114_22:00:00   4.4934e-02   1.4250e+01   3.2824e+00   0.0000e+00   0.0000e+00   2.5224e+02
20260114_23:00:00   4.5546e-02   1.4414e+01   3.3113e+00   4.3080e-04   0.0000e+00   2.5169e+02
20260115_00:00:00   5.1241e-02   1.5907e+01   3.5315e+00   5.3030e-03   0.0000e+00   2.5139e+02
20260115_03:00:00   4.4628e-02   1.4198e+01   3.1848e+00   0.0000e+00   1.6412e-03   2.4958e+02
20260115_06:00:00   4.1266e-02   1.3321e+01   2.5959e+00   0.0000e+00   1.5404e-03   2.4928e+02
20260115_09:00:00   3.9737e-02   1.2921e+01   2.2942e+00   0.0000e+00   7.0320e-06   2.4974e+02
20260115_12:00:00   3.8545e-02   1.2611e+01   2.0512e+00   0.0000e+00   0.0000e+00   2.4964e+02
20260115_15:00:00   3.8362e-02   1.2561e+01   2.0144e+00   0.0000e+00   3.6220e-06   2.4988e+02
20260115_18:00:00   4.9829e-02   1.5510e+01   4.1172e+00   0.0000e+00   0.0000e+00   2.5001e+02
20260115_21:00:00   8.6515e-02   2.4750e+01   8.1618e+00   1.0232e-02   1.0702e-04   2.4682e+02
20260116_00:00:00   2.1149e-01   5.3905e+01   7.3873e+00   1.5672e-01   9.7131e-05   2.4612e+02
20260116_03:00:00   3.0449e-01   7.3317e+01   6.6990e+00   2.6690e-01   1.2506e-04   2.4391e+02
20260116_06:00:00   7.4182e-02   2.1662e+01   6.5993e+00   7.3530e-03   1.5751e-04   2.4230e+02
20260116_09:00:00   5.1215e-02   1.5860e+01   4.2075e+00   0.0000e+00   0.0000e+00   2.4020e+02
20260116_12:00:00   4.2154e-02   1.3520e+01   2.7987e+00   0.0000e+00   0.0000e+00   2.3838e+02
20260116_15:00:00   3.8207e-02   1.2496e+01   2.0856e+00   0.0000e+00   0.0000e+00   2.3958e+02
20260116_18:00:00   3.9104e-02   1.2714e+01   2.2626e+00   0.0000e+00   0.0000e+00   2.4106e+02
20260116_21:00:00   4.0543e-02   1.3082e+01   2.5385e+00   0.0000e+00   0.0000e+00   2.3946e+02
20260117_00:00:00   4.0703e-02   1.3120e+01   2.5749e+00   0.0000e+00   0.0000e+00   2.3944e+02
20260117_03:00:00   4.5449e-02   1.4314e+01   3.4829e+00   0.0000e+00   0.0000e+00   2.4095e+02
20260117_06:00:00   4.7603e-02   1.4826e+01   3.8978e+00   0.0000e+00   0.0000e+00   2.4104e+02
20260117_09:00:00   5.0659e-02   1.5567e+01   4.4669e+00   0.0000e+00   0.0000e+00   2.4109e+02
20260117_12:00:00   5.2424e-02   1.5984e+01   4.7349e+00   0.0000e+00   9.1598e-04   2.3965e+02
20260117_15:00:00   5.0598e-02   1.5531e+01   4.4037e+00   0.0000e+00   2.3285e-04   2.3954e+02
20260117_18:00:00   5.1913e-02   1.5855e+01   4.5705e+00   0.0000e+00   5.5851e-03   2.4346e+02
20260117_21:00:00   5.1766e-02   1.5870e+01   4.3392e+00   0.0000e+00   0.0000e+00   2.4523e+02
20260118_00:00:00   5.1909e-02   1.5917e+01   4.2569e+00   0.0000e+00   0.0000e+00   2.4544e+02
20260118_03:00:00   3.5746e-02   1.1813e+01   1.3824e+00   0.0000e+00   0.0000e+00   2.4489e+02
20260118_06:00:00   8.0638e-02   2.3294e+01   2.2004e+00   4.5670e-02   0.0000e+00   2.4439e+02
20260118_09:00:00   4.1964e-02   1.3402e+01   2.0600e+00   3.0680e-03   3.3292e-06   2.4686e+02
20260118_12:00:00   3.7218e-02   1.2161e+01   1.6815e+00   0.0000e+00   0.0000e+00   2.4730e+02
20260118_15:00:00   3.7185e-02   1.2148e+01   1.6576e+00   0.0000e+00   0.0000e+00   2.4657e+02
20260118_18:00:00   3.7359e-02   1.2181e+01   1.6804e+00   0.0000e+00   0.0000e+00   2.4866e+02
20260118_21:00:00   3.8280e-02   1.2415e+01   1.8443e+00   0.0000e+00   0.0000e+00   2.4982e+02
20260119_00:00:00   4.1538e-02   1.3235e+01   2.4721e+00   3.5150e-05   2.1881e-03   2.5109e+02
20260119_03:00:00   4.6904e-02   1.4602e+01   2.8440e+00   4.0450e-03   2.0529e-03   2.5199e+02
20260119_06:00:00   4.3891e-02   1.3790e+01   2.9222e+00   2.8270e-04   2.5311e-03   2.5509e+02
20260119_09:00:00   4.4873e-02   1.4024e+01   3.1294e+00   0.0000e+00   4.1120e-04   2.5854e+02
20260119_12:00:00   4.3477e-02   1.3697e+01   2.8170e+00   0.0000e+00   0.0000e+00   2.5679e+02
20260119_15:00:00   4.0098e-02   1.2849e+01   2.1662e+00   0.0000e+00   0.0000e+00   2.5649e+02
20260119_18:00:00   3.6444e-02   1.1952e+01   1.4163e+00   0.0000e+00   0.0000e+00   2.5737e+02
20260119_21:00:00   3.3908e-02   1.1306e+01   8.9363e-01   0.0000e+00   0.0000e+00   2.5613e+02
20260120_00:00:00   3.4978e-02   1.1598e+01   1.1013e+00   0.0000e+00   5.1820e-06   2.5419e+02
20260120_03:00:00   3.2850e-02   1.1039e+01   7.2635e-01   0.0000e+00   2.1501e-03   2.5293e+02
20260120_06:00:00   3.2778e-02   1.1018e+01   7.3184e-01   0.0000e+00   3.0900e-03   2.5464e+02
20260120_09:00:00   3.2678e-02   1.0985e+01   7.2971e-01   0.0000e+00   9.7981e-03   2.5451e+02
20260120_12:00:00   3.3018e-02   1.1069e+01   8.5546e-01   0.0000e+00   3.5220e-03   2.5125e+02
20260120_15:00:00   3.4286e-02   1.1374e+01   1.1776e+00   0.0000e+00   6.3189e-03   2.5079e+02
20260120_18:00:00   3.3834e-02   1.1279e+01   1.0638e+00   0.0000e+00   4.1577e-04   2.5384e+02
20260120_21:00:00   3.5834e-02   1.1774e+01   1.5527e+00   0.0000e+00   3.3303e-04   2.5271e+02
20260121_00:00:00   3.6697e-02   1.2000e+01   1.7891e+00   0.0000e+00   9.2404e-04   2.5188e+02
20260121_03:00:00   3.9548e-02   1.2728e+01   2.4159e+00   0.0000e+00   2.5159e-04   2.5132e+02
20260121_06:00:00   4.1697e-02   1.3257e+01   2.8662e+00   0.0000e+00   1.6269e-02   2.4935e+02
20260121_09:00:00   4.2754e-02   1.3526e+01   3.0954e+00   0.0000e+00   1.0685e-03   2.4912e+02
20260121_12:00:00   4.5020e-02   1.4088e+01   3.5903e+00   0.0000e+00   6.9125e-03   2.4914e+02
20260121_15:00:00   5.3180e-02   1.6100e+01   5.0802e+00   0.0000e+00   1.0828e-01   2.4721e+02
20260121_18:00:00   6.2146e-02   1.8347e+01   6.5605e+00   0.0000e+00   1.6155e-01   2.4690e+02
20260121_21:00:00   5.7572e-02   1.7244e+01   5.7781e+00   0.0000e+00   2.3573e-01   2.4780e+02
20260122_00:00:00   5.3107e-02   1.6190e+01   5.0810e+00   0.0000e+00   5.3670e-03   2.4682e+02
20260122_03:00:00   4.9167e-02   1.5221e+01   4.3657e+00   0.0000e+00   3.0944e-04   2.4533e+02
20260122_06:00:00   4.6971e-02   1.4674e+01   3.8884e+00   0.0000e+00   1.9594e-03   2.4361e+02
20260122_09:00:00   4.8446e-02   1.5005e+01   4.2135e+00   0.0000e+00   9.2970e-03   2.4355e+02
20260122_12:00:00   4.8908e-02   1.5100e+01   4.2992e+00   0.0000e+00   3.3764e-02   2.4444e+02
20260122_15:00:00   4.9886e-02   1.5326e+01   4.4715e+00   0.0000e+00   3.0253e-02   2.4082e+02
20260122_18:00:00   4.8842e-02   1.5079e+01   4.1929e+00   0.0000e+00   6.9850e-04   2.3968e+02
20260122_21:00:00   4.9154e-02   1.5142e+01   4.2630e+00   0.0000e+00   6.6551e-03   2.4143e+02
20260123_00:00:00   5.1882e-02   1.5802e+01   4.8057e+00   0.0000e+00   4.4656e-02   2.4344e+02
20260123_03:00:00   5.6366e-02   1.6946e+01   5.5283e+00   8.3940e-05   7.5169e-02   2.4428e+02
20260123_06:00:00   5.6225e-02   1.6822e+01   5.2975e+00   0.0000e+00   3.3808e-01   2.4693e+02
20260123_09:00:00   6.5285e-02   1.9075e+01   6.5104e+00   1.1760e-03   6.0471e-01   2.4772e+02
20260123_12:00:00   6.2372e-02   1.8350e+01   6.3051e+00   3.8600e-05   2.2036e-01   2.4856e+02
20260123_15:00:00   7.9533e-02   2.2575e+01   7.8528e+00   7.0040e-03   1.9929e-01   2.4789e+02
20260123_18:00:00   4.9169e-02   1.5213e+01   3.6435e+00   0.0000e+00   2.0560e-04   2.4902e+02
20260123_21:00:00   4.6047e-02   1.4394e+01   3.2377e+00   0.0000e+00   3.4419e-05   2.4855e+02
20260124_00:00:00   5.5513e-02   1.6748e+01   4.2793e+00   4.6290e-03   4.7624e-03   2.4456e+02
20260124_03:00:00   7.9886e-02   2.2803e+01   5.9766e+00   2.0710e-02   5.2153e-03   2.4382e+02
20260124_06:00:00   6.1663e-02   1.8209e+01   6.0214e+00   0.0000e+00   2.7062e-02   2.4678e+02
20260124_09:00:00   6.0405e-02   1.7881e+01   5.6870e+00   0.0000e+00   1.8522e-01   2.4714e+02
20260124_12:00:00   6.9167e-02   2.0009e+01   6.5977e+00   3.1610e-03   2.2928e-01   2.4561e+02
20260124_15:00:00   6.9030e-02   1.9955e+01   7.1731e+00   9.3220e-05   2.6949e-02   2.4585e+02
20260124_18:00:00   7.0012e-02   2.0236e+01   7.0074e+00   1.1587e-03   2.6866e-03   2.5105e+02
20260124_21:00:00   6.3145e-02   1.8500e+01   6.3024e+00   0.0000e+00   2.4436e-02   2.5381e+02
20260125_00:00:00   6.3491e-02   1.8614e+01   6.2674e+00   5.7520e-06   4.4597e-03   2.5585e+02
20260125_03:00:00   7.4479e-02   2.1303e+01   7.6165e+00   3.5501e-03   2.7130e-02   2.5639e+02
20260125_06:00:00   7.9584e-02   2.2556e+01   8.7347e+00   0.0000e+00   1.6276e-01   2.5514e+02
20260125_09:00:00   9.1104e-02   2.5430e+01   9.9742e+00   2.1092e-03   3.5571e-01   2.5609e+02
20260125_12:00:00   1.8218e-01   4.6810e+01   1.0504e+01   9.9589e-02   5.3556e-01   2.5396e+02
20260125_15:00:00   3.1742e-01   7.5218e+01   1.0534e+01   2.5307e-01   2.2927e-01   2.6082e+02
20260125_18:00:00   1.5540e-01   4.0799e+01   1.0739e+01   6.9619e-02   1.5428e-01   2.6656e+02
20260125_21:00:00   1.0488e-01   2.8942e+01   1.0554e+01   1.5652e-02   4.7358e-02   2.6611e+02
20260126_00:00:00   1.0926e-01   3.0005e+01   1.0960e+01   1.7187e-02   1.3147e-01   2.6357e+02
