#            date       tau255        Tb[K]      pwv[mm] lwp[kg*m^-2] iwp[kg*m^-2]       o3[DU]
20260523_12:00:00   3.2951e-02   1.1225e+01   9.1990e-01   0.0000e+00   0.0000e+00   2.9220e+02
20260523_13:00:00   3.2831e-02   1.1188e+01   8.9893e-01   0.0000e+00   0.0000e+00   2.9260e+02
20260523_14:00:00   3.2772e-02   1.1171e+01   9.0375e-01   0.0000e+00   6.9460e-05   2.9277e+02
20260523_15:00:00   3.2721e-02   1.1161e+01   8.9927e-01   0.0000e+00   0.0000e+00   2.9397e+02
20260523_16:00:00   3.2890e-02   1.1205e+01   9.3513e-01   0.0000e+00   1.9976e-05   2.9458e+02
20260523_17:00:00   3.2903e-02   1.1210e+01   9.2850e-01   0.0000e+00   1.4756e-05   2.9528e+02
20260523_18:00:00   3.2833e-02   1.1193e+01   9.0491e-01   0.0000e+00   0.0000e+00   2.9604e+02
20260523_19:00:00   3.2798e-02   1.1185e+01   8.9333e-01   0.0000e+00   0.0000e+00   2.9736e+02
20260523_20:00:00   3.3091e-02   1.1260e+01   9.4785e-01   1.5160e-07   0.0000e+00   2.9946e+02
20260523_21:00:00   3.3373e-02   1.1331e+01   1.0044e+00   0.0000e+00   0.0000e+00   2.9916e+02
20260523_22:00:00   3.3466e-02   1.1355e+01   1.0263e+00   0.0000e+00   0.0000e+00   2.9767e+02
20260523_23:00:00   3.3468e-02   1.1356e+01   1.0233e+00   0.0000e+00   0.0000e+00   2.9637e+02
20260524_00:00:00   3.3743e-02   1.1430e+01   1.0791e+00   4.6670e-07   6.6580e-06   2.9558e+02
20260524_01:00:00   3.3361e-02   1.1330e+01   1.0186e+00   0.0000e+00   2.6640e-05   2.9618e+02
20260524_02:00:00   3.3135e-02   1.1271e+01   9.6948e-01   0.0000e+00   0.0000e+00   2.9800e+02
20260524_03:00:00   3.3271e-02   1.1307e+01   9.8548e-01   0.0000e+00   0.0000e+00   2.9846e+02
20260524_04:00:00   3.2805e-02   1.1189e+01   8.8969e-01   0.0000e+00   0.0000e+00   2.9960e+02
20260524_05:00:00   3.2481e-02   1.1103e+01   8.1763e-01   0.0000e+00   0.0000e+00   3.0036e+02
20260524_06:00:00   3.2273e-02   1.1050e+01   7.7268e-01   0.0000e+00   0.0000e+00   2.9994e+02
20260524_07:00:00   3.2516e-02   1.1110e+01   8.1014e-01   0.0000e+00   0.0000e+00   2.9763e+02
20260524_08:00:00   3.2432e-02   1.1083e+01   7.8591e-01   3.4360e-07   0.0000e+00   2.9842e+02
20260524_09:00:00   3.2514e-02   1.1104e+01   7.8641e-01   5.6230e-05   0.0000e+00   2.9863e+02
20260524_10:00:00   3.2320e-02   1.1051e+01   7.6268e-01   6.2740e-06   0.0000e+00   2.9689e+02
20260524_11:00:00   3.2260e-02   1.1035e+01   7.5355e-01   0.0000e+00   0.0000e+00   2.9571e+02
20260524_12:00:00   3.2397e-02   1.1067e+01   7.7953e-01   0.0000e+00   0.0000e+00   2.9412e+02
20260524_13:00:00   3.2376e-02   1.1058e+01   7.7406e-01   0.0000e+00   0.0000e+00   2.9319e+02
20260524_14:00:00   3.2346e-02   1.1053e+01   7.6507e-01   0.0000e+00   0.0000e+00   2.9234e+02
20260524_15:00:00   3.2338e-02   1.1049e+01   7.5415e-01   0.0000e+00   0.0000e+00   2.9260e+02
20260524_16:00:00   3.2274e-02   1.1033e+01   7.3382e-01   0.0000e+00   0.0000e+00   2.9557e+02
20260524_17:00:00   3.2220e-02   1.1021e+01   7.2165e-01   0.0000e+00   2.9520e-05   2.9775e+02
20260524_18:00:00   3.2161e-02   1.1008e+01   7.0742e-01   0.0000e+00   8.4200e-05   2.9799e+02
20260524_19:00:00   3.2143e-02   1.1004e+01   6.9818e-01   0.0000e+00   0.0000e+00   2.9905e+02
20260524_20:00:00   3.2185e-02   1.1016e+01   7.0651e-01   0.0000e+00   0.0000e+00   2.9767e+02
20260524_21:00:00   3.2085e-02   1.0996e+01   6.8615e-01   0.0000e+00   0.0000e+00   2.9717e+02
20260524_22:00:00   3.2402e-02   1.1080e+01   7.5031e-01   0.0000e+00   0.0000e+00   2.9574e+02
20260524_23:00:00   3.3015e-02   1.1238e+01   8.6084e-01   5.6280e-05   0.0000e+00   2.9321e+02
20260525_00:00:00   3.3745e-02   1.1438e+01   9.8879e-01   2.6410e-04   1.6772e-05   2.9221e+02
20260525_01:00:00   3.5024e-02   1.1787e+01   1.1249e+00   1.0530e-03   0.0000e+00   2.9288e+02
20260525_02:00:00   3.6085e-02   1.2072e+01   1.2758e+00   1.4807e-03   0.0000e+00   2.9436e+02
20260525_03:00:00   3.5001e-02   1.1786e+01   1.2600e+00   4.4700e-04   6.4780e-06   2.9079e+02
20260525_04:00:00   3.5290e-02   1.1858e+01   1.3112e+00   4.8740e-04   0.0000e+00   2.8912e+02
20260525_05:00:00   3.4426e-02   1.1632e+01   1.2333e+00   0.0000e+00   0.0000e+00   2.8704e+02
20260525_06:00:00   3.4376e-02   1.1617e+01   1.2195e+00   0.0000e+00   0.0000e+00   2.8814e+02
20260525_07:00:00   3.4135e-02   1.1554e+01   1.1633e+00   0.0000e+00   0.0000e+00   2.8948e+02
20260525_08:00:00   3.3797e-02   1.1467e+01   1.0858e+00   0.0000e+00   0.0000e+00   2.9026e+02
20260525_09:00:00   3.3545e-02   1.1401e+01   1.0251e+00   0.0000e+00   1.1404e-04   2.8923e+02
20260525_10:00:00   3.3542e-02   1.1402e+01   1.0184e+00   0.0000e+00   0.0000e+00   2.8543e+02
20260525_11:00:00   3.3986e-02   1.1511e+01   1.1354e+00   0.0000e+00   0.0000e+00   2.8330e+02
20260525_12:00:00   3.4218e-02   1.1567e+01   1.2001e+00   0.0000e+00   0.0000e+00   2.8392e+02
20260525_13:00:00   3.4237e-02   1.1572e+01   1.2104e+00   0.0000e+00   0.0000e+00   2.8427e+02
20260525_14:00:00   3.3976e-02   1.1500e+01   1.1550e+00   0.0000e+00   2.3359e-03   2.8466e+02
20260525_15:00:00   3.3543e-02   1.1387e+01   1.0551e+00   0.0000e+00   2.9455e-03   2.8343e+02
20260525_16:00:00   3.3323e-02   1.1334e+01   1.0187e+00   0.0000e+00   1.2666e-04   2.8314e+02
20260525_17:00:00   3.3467e-02   1.1374e+01   1.0553e+00   0.0000e+00   7.7120e-05   2.8264e+02
20260525_18:00:00   3.3921e-02   1.1495e+01   1.1445e+00   0.0000e+00   1.4180e-04   2.8453e+02
20260525_19:00:00   3.3875e-02   1.1488e+01   1.1216e+00   0.0000e+00   1.7596e-03   2.8437e+02
20260525_20:00:00   3.4485e-02   1.1650e+01   1.2585e+00   0.0000e+00   4.2340e-04   2.8211e+02
20260525_21:00:00   3.5331e-02   1.1869e+01   1.4510e+00   0.0000e+00   5.4560e-04   2.8258e+02
20260525_22:00:00   3.5821e-02   1.2000e+01   1.5747e+00   0.0000e+00   1.3306e-03   2.8369e+02
20260525_23:00:00   3.6539e-02   1.2192e+01   1.7217e+00   0.0000e+00   4.9555e-03   2.8422e+02
20260526_00:00:00   3.6789e-02   1.2257e+01   1.7759e+00   0.0000e+00   2.1377e-03   2.8371e+02
20260526_01:00:00   3.7052e-02   1.2323e+01   1.8290e+00   0.0000e+00   1.5782e-02   2.8368e+02
20260526_02:00:00   3.6987e-02   1.2313e+01   1.8310e+00   0.0000e+00   1.2026e-03   2.8425e+02
20260526_03:00:00   3.7423e-02   1.2440e+01   1.8196e+00   4.2450e-04   1.4922e-06   2.8430e+02
20260526_04:00:00   3.7637e-02   1.2493e+01   1.9117e+00   1.4280e-04   2.1440e-04   2.8379e+02
20260526_05:00:00   3.7720e-02   1.2504e+01   1.9704e+00   3.0570e-05   2.0496e-03   2.8337e+02
20260526_06:00:00   3.7513e-02   1.2454e+01   1.9327e+00   0.0000e+00   1.1678e-03   2.8239e+02
20260526_07:00:00   3.7798e-02   1.2527e+01   1.9745e+00   0.0000e+00   5.6095e-04   2.8069e+02
20260526_08:00:00   3.8149e-02   1.2614e+01   2.0713e+00   0.0000e+00   2.1162e-03   2.7965e+02
20260526_09:00:00   3.7887e-02   1.2546e+01   2.0342e+00   0.0000e+00   4.3856e-04   2.7996e+02
20260526_10:00:00   3.8141e-02   1.2609e+01   2.0877e+00   0.0000e+00   6.5679e-05   2.8037e+02
20260526_11:00:00   3.7840e-02   1.2525e+01   2.0294e+00   0.0000e+00   1.3404e-03   2.8236e+02
20260526_12:00:00   3.7378e-02   1.2401e+01   1.9345e+00   0.0000e+00   1.1350e-03   2.8291e+02
20260526_13:00:00   3.7079e-02   1.2317e+01   1.8948e+00   0.0000e+00   1.0882e-04   2.8262e+02
20260526_14:00:00   3.6653e-02   1.2205e+01   1.8122e+00   0.0000e+00   0.0000e+00   2.8368e+02
20260526_15:00:00   3.6428e-02   1.2145e+01   1.7596e+00   0.0000e+00   0.0000e+00   2.8527e+02
20260526_16:00:00   3.6368e-02   1.2128e+01   1.7484e+00   0.0000e+00   0.0000e+00   2.8487e+02
20260526_17:00:00   3.6337e-02   1.2116e+01   1.7497e+00   0.0000e+00   5.5976e-04   2.8247e+02
20260526_18:00:00   3.6459e-02   1.2145e+01   1.7963e+00   0.0000e+00   9.0302e-04   2.8096e+02
20260526_19:00:00   3.6540e-02   1.2162e+01   1.8258e+00   0.0000e+00   2.2337e-04   2.8100e+02
20260526_20:00:00   3.6559e-02   1.2166e+01   1.8356e+00   6.8760e-08   4.0669e-03   2.8097e+02
20260526_21:00:00   3.6966e-02   1.2276e+01   1.9220e+00   7.2520e-06   2.4720e-03   2.8133e+02
20260526_22:00:00   3.7141e-02   1.2331e+01   1.9432e+00   1.7520e-05   8.7600e-06   2.8050e+02
20260526_23:00:00   3.6914e-02   1.2268e+01   1.9064e+00   0.0000e+00   2.3640e-03   2.8147e+02
20260527_00:00:00   3.7594e-02   1.2446e+01   2.0267e+00   8.3880e-05   1.3516e-04   2.8371e+02
20260527_01:00:00   3.8602e-02   1.2725e+01   1.9060e+00   2.0342e-03   6.0440e-04   2.8394e+02
20260527_02:00:00   3.6379e-02   1.2136e+01   1.7076e+00   5.1080e-04   5.4699e-05   2.8350e+02
20260527_03:00:00   3.5994e-02   1.2034e+01   1.7055e+00   8.3900e-05   5.2520e-04   2.8303e+02
20260527_04:00:00   3.6072e-02   1.2045e+01   1.7554e+00   3.3350e-07   8.5320e-04   2.8270e+02
20260527_05:00:00   3.6142e-02   1.2060e+01   1.7817e+00   0.0000e+00   6.9460e-04   2.8367e+02
20260527_06:00:00   3.6387e-02   1.2121e+01   1.8519e+00   0.0000e+00   4.4400e-04   2.8573e+02
20260527_07:00:00   3.6399e-02   1.2128e+01   1.8520e+00   0.0000e+00   0.0000e+00   2.8566e+02
20260527_08:00:00   3.6439e-02   1.2133e+01   1.8642e+00   0.0000e+00   8.6280e-06   2.8538e+02
20260527_09:00:00   3.6753e-02   1.2206e+01   1.9489e+00   0.0000e+00   0.0000e+00   2.8558e+02
20260527_10:00:00   3.7228e-02   1.2325e+01   2.0660e+00   0.0000e+00   0.0000e+00   2.8524e+02
20260527_11:00:00   3.7923e-02   1.2503e+01   2.2313e+00   3.9190e-06   2.4020e-05   2.8495e+02
20260527_12:00:00   3.8684e-02   1.2693e+01   2.4178e+00   2.0720e-06   1.5872e-05   2.8442e+02
20260527_13:00:00   3.9139e-02   1.2804e+01   2.5345e+00   1.5930e-05   6.4924e-05   2.8373e+02
20260527_14:00:00   3.9770e-02   1.2954e+01   2.6798e+00   4.2000e-05   6.4229e-04   2.8534e+02
20260527_15:00:00   4.0158e-02   1.3049e+01   2.7608e+00   5.2330e-06   3.8742e-04   2.8611e+02
20260527_16:00:00   3.9970e-02   1.3003e+01   2.7055e+00   1.7340e-05   2.8928e-04   2.8598e+02
20260527_17:00:00   3.9537e-02   1.2899e+01   2.5843e+00   6.2880e-06   6.9527e-04   2.8649e+02
20260527_18:00:00   3.9710e-02   1.2942e+01   2.6172e+00   0.0000e+00   1.1178e-04   2.8500e+02
20260527_19:00:00   3.9538e-02   1.2899e+01   2.5723e+00   4.7280e-06   1.0366e-05   2.8525e+02
20260527_20:00:00   3.9250e-02   1.2834e+01   2.4938e+00   7.0820e-06   0.0000e+00   2.8641e+02
20260527_21:00:00   3.9482e-02   1.2901e+01   2.5229e+00   1.1860e-04   0.0000e+00   2.8968e+02
20260527_22:00:00   4.0015e-02   1.3045e+01   2.5654e+00   4.8640e-04   0.0000e+00   2.9104e+02
20260527_23:00:00   4.1151e-02   1.3350e+01   2.6129e+00   1.5660e-03   0.0000e+00   2.9020e+02
20260528_00:00:00   4.1204e-02   1.3363e+01   2.6731e+00   1.2770e-03   0.0000e+00   2.8897e+02
20260528_01:00:00   4.1014e-02   1.3318e+01   2.6076e+00   1.3890e-03   0.0000e+00   2.8765e+02
20260528_02:00:00   4.0637e-02   1.3227e+01   2.5463e+00   1.2310e-03   0.0000e+00   2.8703e+02
20260528_03:00:00   3.9383e-02   1.2900e+01   2.4755e+00   9.6500e-05   0.0000e+00   2.8710e+02
20260528_04:00:00   3.9923e-02   1.3054e+01   2.4517e+00   8.0850e-04   0.0000e+00   2.8726e+02
20260528_05:00:00   4.0217e-02   1.3136e+01   2.4339e+00   1.2040e-03   0.0000e+00   2.8731e+02
20260528_06:00:00   3.8843e-02   1.2769e+01   2.3321e+00   0.0000e+00   0.0000e+00   2.8735e+02
20260528_07:00:00   3.8187e-02   1.2599e+01   2.1941e+00   0.0000e+00   0.0000e+00   2.8686e+02
20260528_08:00:00   3.7952e-02   1.2538e+01   2.1290e+00   0.0000e+00   0.0000e+00   2.8761e+02
20260528_09:00:00   3.8016e-02   1.2554e+01   2.1545e+00   0.0000e+00   4.3864e-05   2.8801e+02
20260528_10:00:00   3.7962e-02   1.2537e+01   2.1405e+00   0.0000e+00   6.3062e-05   2.8939e+02
20260528_11:00:00   3.7743e-02   1.2480e+01   2.0990e+00   0.0000e+00   0.0000e+00   2.8797e+02
20260528_12:00:00   3.7579e-02   1.2434e+01   2.0638e+00   0.0000e+00   0.0000e+00   2.8639e+02
20260528_15:00:00   3.7523e-02   1.2421e+01   2.0102e+00   0.0000e+00   0.0000e+00   2.8704e+02
20260528_18:00:00   3.7763e-02   1.2485e+01   2.0518e+00   0.0000e+00   1.1192e-06   2.8691e+02
20260528_21:00:00   3.7597e-02   1.2448e+01   1.9871e+00   0.0000e+00   1.6334e-03   2.9034e+02
20260529_00:00:00   3.8060e-02   1.2575e+01   2.0225e+00   3.5430e-04   4.9438e-03   2.8506e+02
20260529_03:00:00   4.0378e-02   1.3204e+01   2.1154e+00   2.6540e-03   3.3960e-03   2.8377e+02
20260529_06:00:00   3.7996e-02   1.2564e+01   2.0660e+00   1.6030e-06   4.5321e-05   2.8545e+02
20260529_09:00:00   3.8562e-02   1.2701e+01   2.2112e+00   0.0000e+00   0.0000e+00   2.8591e+02
20260529_12:00:00   3.8469e-02   1.2677e+01   2.1799e+00   0.0000e+00   0.0000e+00   2.8617e+02
20260529_15:00:00   3.8973e-02   1.2804e+01   2.2910e+00   0.0000e+00   0.0000e+00   2.8882e+02
20260529_18:00:00   3.8589e-02   1.2720e+01   2.1583e+00   0.0000e+00   0.0000e+00   2.8943e+02
20260529_21:00:00   3.9173e-02   1.2866e+01   2.2419e+00   4.9780e-06   7.4620e-07   2.8903e+02
20260530_00:00:00   4.0774e-02   1.3278e+01   2.4998e+00   3.1520e-04   0.0000e+00   2.8954e+02
20260530_03:00:00   4.0981e-02   1.3353e+01   2.2216e+00   2.1390e-03   0.0000e+00   2.8804e+02
20260530_06:00:00   4.1685e-02   1.3546e+01   2.0257e+00   3.9030e-03   0.0000e+00   2.8984e+02
20260530_09:00:00   3.7757e-02   1.2491e+01   1.8561e+00   0.0000e+00   0.0000e+00   2.8772e+02
20260530_12:00:00   3.6861e-02   1.2244e+01   1.6901e+00   0.0000e+00   0.0000e+00   2.8508e+02
20260530_15:00:00   3.5847e-02   1.1968e+01   1.4940e+00   1.0060e-06   0.0000e+00   2.8498e+02
20260530_18:00:00   3.6350e-02   1.2096e+01   1.5868e+00   1.1820e-05   0.0000e+00   2.8564e+02
20260530_21:00:00   3.6655e-02   1.2177e+01   1.5917e+00   3.5770e-04   0.0000e+00   2.8778e+02
20260531_00:00:00   3.7325e-02   1.2359e+01   1.7024e+00   4.0050e-04   0.0000e+00   2.8563e+02
20260531_03:00:00   3.7217e-02   1.2340e+01   1.7103e+00   2.1400e-04   0.0000e+00   2.8629e+02
20260531_06:00:00   3.5883e-02   1.1997e+01   1.4722e+00   0.0000e+00   0.0000e+00   2.9062e+02
20260531_09:00:00   3.5131e-02   1.1802e+01   1.3018e+00   0.0000e+00   0.0000e+00   2.9239e+02
20260531_12:00:00   3.4355e-02   1.1598e+01   1.1631e+00   0.0000e+00   0.0000e+00   2.9312e+02
20260531_15:00:00   3.4131e-02   1.1542e+01   1.1241e+00   0.0000e+00   0.0000e+00   2.9082e+02
20260531_18:00:00   3.4359e-02   1.1605e+01   1.1655e+00   0.0000e+00   0.0000e+00   2.9283e+02
20260531_21:00:00   3.4309e-02   1.1592e+01   1.1640e+00   0.0000e+00   9.6440e-05   2.9154e+02
20260601_00:00:00   3.5471e-02   1.1903e+01   1.3790e+00   1.8450e-04   9.8240e-06   2.8872e+02
20260601_03:00:00   3.5473e-02   1.1903e+01   1.3661e+00   4.3020e-04   3.6159e-04   2.8708e+02
20260601_06:00:00   3.4786e-02   1.1718e+01   1.3226e+00   0.0000e+00   1.6995e-02   2.8824e+02
20260601_09:00:00   3.5221e-02   1.1819e+01   1.4606e+00   0.0000e+00   1.0497e-02   2.8926e+02
20260601_12:00:00   3.5581e-02   1.1896e+01   1.6123e+00   0.0000e+00   3.1326e-02   2.8757e+02
20260601_15:00:00   3.5682e-02   1.1916e+01   1.6583e+00   0.0000e+00   1.3845e-02   2.8563e+02
20260601_18:00:00   3.5708e-02   1.1925e+01   1.6594e+00   0.0000e+00   6.3319e-03   2.8403e+02
20260601_21:00:00   3.5799e-02   1.1945e+01   1.7049e+00   1.0090e-05   2.1809e-02   2.8569e+02
20260602_00:00:00   3.8242e-02   1.2601e+01   1.8249e+00   2.2840e-03   3.3763e-03   2.8062e+02
20260602_03:00:00   5.0381e-02   1.5857e+01   1.9857e+00   1.5532e-02   1.6086e-04   2.7853e+02
20260602_06:00:00   3.7117e-02   1.2323e+01   2.0053e+00   1.1240e-04   1.1397e-04   2.8133e+02
20260602_09:00:00   3.7856e-02   1.2503e+01   2.1974e+00   1.0610e-04   6.8699e-03   2.8420e+02
20260602_12:00:00   3.8457e-02   1.2645e+01   2.3776e+00   1.2580e-05   1.2407e-02   2.8412e+02
20260602_15:00:00   3.8751e-02   1.2719e+01   2.4596e+00   0.0000e+00   7.6832e-03   2.8088e+02
20260602_18:00:00   3.8680e-02   1.2722e+01   2.3930e+00   0.0000e+00   2.2685e-04   2.8224e+02
20260602_21:00:00   3.8840e-02   1.2772e+01   2.3029e+00   8.9370e-04   1.0482e-02   2.8268e+02
20260603_00:00:00   5.0132e-02   1.5801e+01   2.7760e+00   1.0728e-02   6.0860e-05   2.8186e+02
20260603_03:00:00   4.7500e-02   1.5103e+01   2.5777e+00   9.5440e-03   6.6638e-03   2.8011e+02
20260603_06:00:00   3.7970e-02   1.2559e+01   2.2247e+00   0.0000e+00   2.8200e-05   2.8258e+02
20260603_09:00:00   3.7631e-02   1.2480e+01   2.1189e+00   0.0000e+00   1.5790e-05   2.8408e+02
20260603_12:00:00   3.5778e-02   1.1992e+01   1.7016e+00   0.0000e+00   8.4660e-05   2.8228e+02
20260603_15:00:00   3.5307e-02   1.1864e+01   1.6029e+00   0.0000e+00   2.2555e-03   2.8215e+02
20260603_18:00:00   3.5421e-02   1.1890e+01   1.6162e+00   0.0000e+00   4.5027e-03   2.8131e+02
20260603_21:00:00   3.4794e-02   1.1734e+01   1.4569e+00   0.0000e+00   9.4875e-03   2.8345e+02
20260604_00:00:00   3.3462e-02   1.1389e+01   1.1238e+00   6.8670e-05   2.4719e-02   2.8213e+02
20260604_03:00:00   3.2874e-02   1.1244e+01   9.6805e-01   4.8160e-06   2.8175e-02   2.8166e+02
20260604_06:00:00   3.2931e-02   1.1266e+01   9.8581e-01   0.0000e+00   9.9757e-03   2.8449e+02
20260604_09:00:00   3.3839e-02   1.1500e+01   1.2263e+00   0.0000e+00   1.2292e-04   2.8547e+02
20260604_12:00:00   3.5513e-02   1.1929e+01   1.6280e+00   0.0000e+00   1.7402e-03   2.8501e+02
20260604_15:00:00   3.6565e-02   1.2190e+01   1.8841e+00   0.0000e+00   3.9200e-03   2.8357e+02
20260604_18:00:00   3.9241e-02   1.2875e+01   2.4733e+00   0.0000e+00   2.6380e-03   2.8394e+02
20260604_21:00:00   3.9407e-02   1.2917e+01   2.5247e+00   0.0000e+00   1.7620e-03   2.8354e+02
20260605_00:00:00   3.8335e-02   1.2645e+01   2.2994e+00   0.0000e+00   9.4220e-05   2.8279e+02
20260605_03:00:00   3.8414e-02   1.2671e+01   2.3003e+00   0.0000e+00   1.2284e-04   2.8140e+02
20260605_06:00:00   3.8303e-02   1.2655e+01   2.2532e+00   0.0000e+00   0.0000e+00   2.8295e+02
20260605_09:00:00   3.9678e-02   1.3017e+01   2.5454e+00   0.0000e+00   0.0000e+00   2.8244e+02
20260605_12:00:00   4.0488e-02   1.3218e+01   2.7050e+00   0.0000e+00   0.0000e+00   2.8161e+02
20260605_15:00:00   4.1258e-02   1.3415e+01   2.8544e+00   0.0000e+00   0.0000e+00   2.8179e+02
20260605_18:00:00   4.0604e-02   1.3270e+01   2.6400e+00   0.0000e+00   0.0000e+00   2.8550e+02
20260605_21:00:00   4.0790e-02   1.3327e+01   2.6381e+00   3.4890e-06   0.0000e+00   2.8557e+02
20260606_00:00:00   4.3029e-02   1.3920e+01   3.0179e+00   4.0990e-07   0.0000e+00   2.8433e+02
20260606_03:00:00   4.5492e-02   1.4579e+01   3.3993e+00   9.2540e-05   0.0000e+00   2.8233e+02
20260606_06:00:00   4.6268e-02   1.4793e+01   3.5300e+00   0.0000e+00   0.0000e+00   2.8524e+02
20260606_09:00:00   4.8475e-02   1.5340e+01   4.0589e+00   0.0000e+00   0.0000e+00   2.8649e+02
20260606_12:00:00   5.5851e-02   1.7165e+01   5.6465e+00   0.0000e+00   0.0000e+00   2.8503e+02
20260606_15:00:00   6.3500e-02   1.9057e+01   7.1610e+00   0.0000e+00   3.0976e-03   2.8440e+02
20260606_18:00:00   7.1616e-02   2.1078e+01   8.6206e+00   0.0000e+00   4.3545e-03   2.8549e+02
20260606_21:00:00   7.3200e-02   2.1511e+01   8.7298e+00   0.0000e+00   9.6691e-04   2.8522e+02
20260607_00:00:00   7.2708e-02   2.1411e+01   8.5663e+00   2.8350e-04   4.7541e-04   2.8375e+02
20260607_03:00:00   7.3387e-02   2.1567e+01   8.7135e+00   0.0000e+00   9.0223e-02   2.8155e+02
20260607_06:00:00   7.1715e-02   2.1144e+01   8.4881e+00   0.0000e+00   3.5782e-02   2.8313e+02
20260607_09:00:00   7.1241e-02   2.0987e+01   8.4609e+00   0.0000e+00   1.4617e-02   2.8332e+02
20260607_12:00:00   6.8811e-02   2.0349e+01   7.9999e+00   0.0000e+00   1.4011e-01   2.8447e+02
20260607_15:00:00   7.2858e-02   2.1318e+01   8.7443e+00   0.0000e+00   8.9641e-02   2.8206e+02
20260607_18:00:00   7.3697e-02   2.1524e+01   8.8028e+00   0.0000e+00   2.4287e-02   2.8277e+02
20260607_21:00:00   7.4869e-02   2.1820e+01   8.8171e+00   8.6310e-05   1.7752e-02   2.8529e+02
20260608_00:00:00   7.9260e-02   2.2927e+01   9.2974e+00   1.0410e-03   1.2533e-02   2.8442e+02
20260608_03:00:00   7.9348e-02   2.3010e+01   9.2188e+00   0.0000e+00   3.7300e-07   2.8406e+02
20260608_06:00:00   7.9489e-02   2.3047e+01   9.2634e+00   1.7400e-05   2.8387e-03   2.8697e+02
20260608_09:00:00   7.9962e-02   2.3154e+01   9.2488e+00   0.0000e+00   6.0679e-03   2.8943e+02
20260608_12:00:00   7.7520e-02   2.2561e+01   8.7181e+00   0.0000e+00   2.5340e-05   2.8904e+02
