#            date       tau255        Tb[K]      pwv[mm] lwp[kg*m^-2] iwp[kg*m^-2]       o3[DU]
20260719_12:00:00   4.0495e-02   1.3308e+01   2.5912e+00   0.0000e+00   0.0000e+00   2.6160e+02
20260719_13:00:00   4.0473e-02   1.3303e+01   2.5867e+00   0.0000e+00   0.0000e+00   2.6150e+02
20260719_14:00:00   4.0202e-02   1.3232e+01   2.5354e+00   0.0000e+00   0.0000e+00   2.6070e+02
20260719_15:00:00   4.0383e-02   1.3279e+01   2.5619e+00   0.0000e+00   0.0000e+00   2.6232e+02
20260719_16:00:00   4.0489e-02   1.3308e+01   2.5730e+00   0.0000e+00   0.0000e+00   2.6169e+02
20260719_17:00:00   4.0190e-02   1.3229e+01   2.5143e+00   0.0000e+00   0.0000e+00   2.6296e+02
20260719_18:00:00   4.0083e-02   1.3205e+01   2.4781e+00   0.0000e+00   0.0000e+00   2.6681e+02
20260719_19:00:00   4.0048e-02   1.3199e+01   2.4615e+00   0.0000e+00   0.0000e+00   2.6995e+02
20260719_20:00:00   3.9782e-02   1.3136e+01   2.4064e+00   0.0000e+00   0.0000e+00   2.7143e+02
20260719_21:00:00   3.9669e-02   1.3110e+01   2.3761e+00   0.0000e+00   0.0000e+00   2.7019e+02
20260719_22:00:00   3.9222e-02   1.2994e+01   2.3046e+00   0.0000e+00   0.0000e+00   2.6778e+02
20260719_23:00:00   3.8917e-02   1.2909e+01   2.2611e+00   5.5530e-06   0.0000e+00   2.6981e+02
20260720_00:00:00   3.8985e-02   1.2928e+01   2.2760e+00   3.4530e-06   1.4380e-06   2.6638e+02
20260720_01:00:00   4.0188e-02   1.3251e+01   2.4643e+00   2.0169e-04   8.1060e-05   2.6439e+02
20260720_02:00:00   4.0087e-02   1.3233e+01   2.4706e+00   9.8460e-05   5.0140e-05   2.6830e+02
20260720_03:00:00   3.9229e-02   1.2999e+01   2.3388e+00   2.1920e-05   2.6000e-06   2.6857e+02
20260720_04:00:00   3.8043e-02   1.2678e+01   2.1194e+00   2.3920e-05   4.2610e-07   2.6697e+02
20260720_05:00:00   3.7460e-02   1.2523e+01   1.9418e+00   4.7760e-04   0.0000e+00   2.6700e+02
20260720_06:00:00   3.6536e-02   1.2270e+01   1.8278e+00   1.1330e-04   0.0000e+00   2.6843e+02
20260720_07:00:00   3.6062e-02   1.2139e+01   1.7563e+00   1.2060e-06   0.0000e+00   2.6912e+02
20260720_08:00:00   3.5988e-02   1.2119e+01   1.7258e+00   1.0140e-04   0.0000e+00   2.7001e+02
20260720_09:00:00   3.5906e-02   1.2091e+01   1.7338e+00   0.0000e+00   0.0000e+00   2.7237e+02
20260720_10:00:00   3.6001e-02   1.2118e+01   1.7664e+00   0.0000e+00   8.1320e-05   2.7409e+02
20260720_11:00:00   3.5602e-02   1.2008e+01   1.6923e+00   0.0000e+00   6.0211e-05   2.7263e+02
20260720_12:00:00   3.5580e-02   1.2000e+01   1.7009e+00   0.0000e+00   8.0684e-05   2.7382e+02
20260720_13:00:00   3.5672e-02   1.2025e+01   1.7313e+00   0.0000e+00   2.0695e-04   2.7249e+02
20260720_14:00:00   3.5758e-02   1.2048e+01   1.7562e+00   0.0000e+00   6.5840e-04   2.6672e+02
20260720_15:00:00   3.5971e-02   1.2102e+01   1.8000e+00   0.0000e+00   4.1100e-04   2.6526e+02
20260720_16:00:00   3.6082e-02   1.2130e+01   1.8189e+00   0.0000e+00   3.4525e-05   2.6510e+02
20260720_17:00:00   3.6154e-02   1.2152e+01   1.8293e+00   0.0000e+00   1.6748e-05   2.6330e+02
20260720_18:00:00   3.6197e-02   1.2166e+01   1.8375e+00   0.0000e+00   5.1820e-06   2.6271e+02
20260720_19:00:00   3.6300e-02   1.2192e+01   1.8537e+00   0.0000e+00   3.4595e-05   2.6303e+02
20260720_20:00:00   3.6450e-02   1.2231e+01   1.8775e+00   1.6970e-05   2.6058e-04   2.6570e+02
20260720_21:00:00   3.6840e-02   1.2336e+01   1.9278e+00   1.9970e-04   7.6480e-04   2.6834e+02
20260720_22:00:00   3.7656e-02   1.2558e+01   1.9811e+00   8.7450e-04   6.6540e-04   2.6961e+02
20260720_23:00:00   3.8185e-02   1.2699e+01   2.1075e+00   7.4220e-04   5.0262e-04   2.7001e+02
20260721_00:00:00   4.3218e-02   1.4057e+01   2.3165e+00   5.4952e-03   3.6722e-04   2.6910e+02
20260721_01:00:00   5.5729e-02   1.7408e+01   2.4619e+00   1.9643e-02   3.3340e-04   2.6851e+02
20260721_02:00:00   5.1082e-02   1.6171e+01   2.5357e+00   1.3580e-02   2.5880e-04   2.7107e+02
20260721_03:00:00   4.2004e-02   1.3734e+01   2.4611e+00   3.2467e-03   2.3220e-04   2.7027e+02
20260721_04:00:00   4.4115e-02   1.4307e+01   2.3959e+00   6.2730e-03   2.8160e-04   2.7039e+02
20260721_05:00:00   4.0224e-02   1.3254e+01   2.3294e+00   1.9537e-03   3.6940e-04   2.7426e+02
20260721_06:00:00   4.9774e-02   1.5832e+01   2.3089e+00   1.3610e-02   5.9822e-04   2.7329e+02
20260721_07:00:00   3.8057e-02   1.2668e+01   2.2260e+00   0.0000e+00   4.4678e-03   2.7410e+02
20260721_08:00:00   3.8283e-02   1.2720e+01   2.2692e+00   0.0000e+00   1.0258e-02   2.7162e+02
20260721_09:00:00   3.8352e-02   1.2731e+01   2.2986e+00   0.0000e+00   8.3566e-03   2.7001e+02
20260721_10:00:00   3.8299e-02   1.2712e+01   2.3066e+00   0.0000e+00   5.0537e-03   2.6968e+02
20260721_11:00:00   3.8447e-02   1.2747e+01   2.3381e+00   0.0000e+00   3.3281e-03   2.6840e+02
20260721_12:00:00   3.8252e-02   1.2694e+01   2.3065e+00   0.0000e+00   2.1037e-03   2.6776e+02
20260721_13:00:00   3.8113e-02   1.2656e+01   2.2675e+00   0.0000e+00   5.8265e-04   2.6803e+02
20260721_14:00:00   3.8181e-02   1.2672e+01   2.2737e+00   5.1830e-06   1.7775e-03   2.6817e+02
20260721_15:00:00   3.8177e-02   1.2673e+01   2.2578e+00   5.3940e-06   1.4049e-03   2.7045e+02
20260721_16:00:00   3.8036e-02   1.2634e+01   2.2197e+00   3.3810e-06   2.5017e-03   2.7213e+02
20260721_17:00:00   3.8045e-02   1.2638e+01   2.2044e+00   4.4920e-06   7.2860e-04   2.7120e+02
20260721_18:00:00   3.8177e-02   1.2676e+01   2.2174e+00   1.4410e-06   1.0766e-03   2.7131e+02
20260721_19:00:00   3.8304e-02   1.2711e+01   2.2217e+00   3.6550e-06   1.2390e-03   2.7151e+02
20260721_20:00:00   3.8422e-02   1.2744e+01   2.2450e+00   3.2500e-05   6.6720e-04   2.7282e+02
20260721_21:00:00   3.8706e-02   1.2824e+01   2.2815e+00   1.9510e-04   1.2790e-03   2.7574e+02
20260721_22:00:00   5.4522e-02   1.7054e+01   2.5880e+00   1.7100e-02   2.3005e-03   2.7639e+02
20260721_23:00:00   5.9693e-02   1.8421e+01   2.7927e+00   2.1739e-02   2.5079e-03   2.7501e+02
20260722_00:00:00   1.3601e-01   3.7748e+01   2.9532e+00   1.1169e-01   3.2953e-03   2.7440e+02
20260722_01:00:00   1.0146e-01   2.9173e+01   3.1520e+00   6.9100e-02   5.5062e-03   2.7567e+02
20260722_02:00:00   8.2073e-02   2.4211e+01   3.4200e+00   4.4090e-02   8.0492e-03   2.7240e+02
20260722_03:00:00   1.0621e-01   3.0321e+01   3.5859e+00   7.1520e-02   3.7705e-03   2.7143e+02
20260722_04:00:00   2.0608e-01   5.4176e+01   3.3523e+00   1.9251e-01   7.4064e-04   2.7171e+02
20260722_05:00:00   6.7111e-02   2.0351e+01   3.1006e+00   2.8792e-02   8.2520e-05   2.7252e+02
20260722_06:00:00   4.4722e-02   1.4426e+01   2.9330e+00   3.6143e-03   7.3080e-04   2.7155e+02
20260722_07:00:00   4.1071e-02   1.3438e+01   2.8109e+00   3.2189e-04   3.3100e-04   2.7150e+02
20260722_08:00:00   4.0594e-02   1.3315e+01   2.6822e+00   3.9070e-04   8.9800e-05   2.7218e+02
20260722_09:00:00   3.9939e-02   1.3146e+01   2.5293e+00   3.7090e-04   2.7700e-05   2.7067e+02
20260722_10:00:00   3.9336e-02   1.2985e+01   2.4564e+00   0.0000e+00   1.1504e-06   2.6974e+02
20260722_11:00:00   3.9131e-02   1.2924e+01   2.4236e+00   7.6360e-06   2.3000e-06   2.6926e+02
20260722_12:00:00   3.9097e-02   1.2914e+01   2.4184e+00   0.0000e+00   1.4380e-06   2.7154e+02
20260722_13:00:00   3.8703e-02   1.2816e+01   2.3334e+00   3.2080e-06   0.0000e+00   2.7319e+02
20260722_14:00:00   3.8599e-02   1.2788e+01   2.3076e+00   9.7830e-06   0.0000e+00   2.7404e+02
20260722_15:00:00   3.8820e-02   1.2846e+01   2.3425e+00   5.1030e-05   0.0000e+00   2.7440e+02
20260722_16:00:00   3.8727e-02   1.2821e+01   2.3117e+00   3.9730e-05   0.0000e+00   2.7358e+02
20260722_17:00:00   3.8516e-02   1.2766e+01   2.2616e+00   3.2570e-05   0.0000e+00   2.7328e+02
20260722_18:00:00   3.8406e-02   1.2737e+01   2.2431e+00   2.5270e-06   0.0000e+00   2.7397e+02
20260722_19:00:00   3.8390e-02   1.2733e+01   2.2358e+00   0.0000e+00   0.0000e+00   2.7516e+02
20260722_20:00:00   3.8618e-02   1.2791e+01   2.2680e+00   4.7440e-05   0.0000e+00   2.7537e+02
20260722_21:00:00   3.9188e-02   1.2945e+01   2.2894e+00   6.0230e-04   0.0000e+00   2.7445e+02
20260722_22:00:00   3.9821e-02   1.3119e+01   2.2629e+00   1.5390e-03   0.0000e+00   2.7495e+02
20260722_23:00:00   3.8582e-02   1.2785e+01   2.2375e+00   1.9190e-04   0.0000e+00   2.7523e+02
20260723_00:00:00   4.1361e-02   1.3544e+01   2.2461e+00   3.4886e-03   0.0000e+00   2.7406e+02
20260723_01:00:00   4.1471e-02   1.3573e+01   2.2655e+00   3.4850e-03   0.0000e+00   2.7361e+02
20260723_02:00:00   4.4140e-02   1.4295e+01   2.2652e+00   6.7240e-03   0.0000e+00   2.7422e+02
20260723_03:00:00   3.9816e-02   1.3128e+01   2.2461e+00   1.6410e-03   0.0000e+00   2.7340e+02
20260723_04:00:00   3.9089e-02   1.2932e+01   2.2169e+00   9.3330e-04   0.0000e+00   2.7084e+02
20260723_05:00:00   3.8289e-02   1.2714e+01   2.2078e+00   0.0000e+00   0.0000e+00   2.7320e+02
20260723_06:00:00   3.8589e-02   1.2792e+01   2.1697e+00   6.2080e-04   0.0000e+00   2.7601e+02
20260723_07:00:00   3.7862e-02   1.2594e+01   2.1314e+00   0.0000e+00   0.0000e+00   2.7747e+02
20260723_08:00:00   3.7774e-02   1.2568e+01   2.1017e+00   0.0000e+00   0.0000e+00   2.7810e+02
20260723_09:00:00   3.7577e-02   1.2515e+01   2.0575e+00   0.0000e+00   0.0000e+00   2.7515e+02
20260723_10:00:00   3.7318e-02   1.2444e+01   2.0051e+00   0.0000e+00   0.0000e+00   2.7677e+02
20260723_11:00:00   3.7004e-02   1.2361e+01   1.9428e+00   0.0000e+00   0.0000e+00   2.7588e+02
20260723_12:00:00   3.6769e-02   1.2298e+01   1.9012e+00   0.0000e+00   0.0000e+00   2.7535e+02
20260723_13:00:00   3.6624e-02   1.2259e+01   1.8736e+00   0.0000e+00   0.0000e+00   2.7619e+02
20260723_14:00:00   3.6340e-02   1.2187e+01   1.8155e+00   4.7510e-07   0.0000e+00   2.7593e+02
20260723_15:00:00   3.6110e-02   1.2128e+01   1.7624e+00   0.0000e+00   0.0000e+00   2.7476e+02
20260723_16:00:00   3.6126e-02   1.2133e+01   1.7576e+00   0.0000e+00   0.0000e+00   2.7352e+02
20260723_17:00:00   3.6031e-02   1.2109e+01   1.7316e+00   0.0000e+00   0.0000e+00   2.7231e+02
20260723_18:00:00   3.5722e-02   1.2028e+01   1.6537e+00   0.0000e+00   0.0000e+00   2.7402e+02
20260723_19:00:00   3.5410e-02   1.1945e+01   1.5809e+00   0.0000e+00   0.0000e+00   2.7622e+02
20260723_20:00:00   3.5204e-02   1.1890e+01   1.5405e+00   1.9130e-06   0.0000e+00   2.7547e+02
20260723_21:00:00   3.4976e-02   1.1831e+01   1.4785e+00   5.1750e-05   0.0000e+00   2.7207e+02
20260723_22:00:00   3.5003e-02   1.1839e+01   1.4853e+00   5.4130e-05   0.0000e+00   2.7304e+02
20260723_23:00:00   3.4955e-02   1.1827e+01   1.4851e+00   0.0000e+00   0.0000e+00   2.7371e+02
20260724_00:00:00   3.4894e-02   1.1811e+01   1.4751e+00   0.0000e+00   0.0000e+00   2.7703e+02
20260724_01:00:00   3.4873e-02   1.1803e+01   1.4707e+00   0.0000e+00   0.0000e+00   2.7691e+02
20260724_02:00:00   3.4776e-02   1.1776e+01   1.4527e+00   0.0000e+00   0.0000e+00   2.7540e+02
20260724_03:00:00   3.4617e-02   1.1735e+01   1.4251e+00   0.0000e+00   0.0000e+00   2.7643e+02
20260724_04:00:00   3.4601e-02   1.1734e+01   1.4238e+00   0.0000e+00   0.0000e+00   2.7800e+02
20260724_05:00:00   3.4664e-02   1.1752e+01   1.4327e+00   0.0000e+00   0.0000e+00   2.7697e+02
20260724_06:00:00   3.4802e-02   1.1787e+01   1.4552e+00   0.0000e+00   0.0000e+00   2.7800e+02
20260724_07:00:00   3.4921e-02   1.1819e+01   1.4787e+00   0.0000e+00   0.0000e+00   2.7932e+02
20260724_08:00:00   3.4948e-02   1.1827e+01   1.4804e+00   0.0000e+00   0.0000e+00   2.8062e+02
20260724_09:00:00   3.4954e-02   1.1829e+01   1.4832e+00   0.0000e+00   0.0000e+00   2.7903e+02
20260724_10:00:00   3.5107e-02   1.1866e+01   1.5114e+00   0.0000e+00   0.0000e+00   2.7839e+02
20260724_11:00:00   3.5165e-02   1.1880e+01   1.5271e+00   0.0000e+00   0.0000e+00   2.7886e+02
20260724_12:00:00   3.5243e-02   1.1898e+01   1.5453e+00   0.0000e+00   0.0000e+00   2.8028e+02
20260724_15:00:00   3.5398e-02   1.1937e+01   1.5686e+00   0.0000e+00   0.0000e+00   2.7861e+02
20260724_18:00:00   3.5428e-02   1.1949e+01   1.5496e+00   0.0000e+00   0.0000e+00   2.8300e+02
20260724_21:00:00   3.5386e-02   1.1944e+01   1.5397e+00   0.0000e+00   0.0000e+00   2.8435e+02
20260725_00:00:00   3.6374e-02   1.2205e+01   1.7467e+00   0.0000e+00   0.0000e+00   2.8156e+02
20260725_03:00:00   3.6102e-02   1.2134e+01   1.7037e+00   0.0000e+00   0.0000e+00   2.7770e+02
20260725_06:00:00   3.5430e-02   1.1958e+01   1.5665e+00   0.0000e+00   0.0000e+00   2.7501e+02
20260725_09:00:00   3.5068e-02   1.1866e+01   1.4741e+00   0.0000e+00   0.0000e+00   2.7198e+02
20260725_12:00:00   3.4882e-02   1.1811e+01   1.4154e+00   0.0000e+00   0.0000e+00   2.7276e+02
20260725_15:00:00   3.4736e-02   1.1770e+01   1.3684e+00   0.0000e+00   0.0000e+00   2.7156e+02
20260725_18:00:00   3.4945e-02   1.1821e+01   1.3850e+00   0.0000e+00   8.1320e-05   2.7511e+02
20260725_21:00:00   3.5085e-02   1.1854e+01   1.4202e+00   0.0000e+00   4.7020e-05   2.7453e+02
20260726_00:00:00   3.4756e-02   1.1771e+01   1.3774e+00   0.0000e+00   1.6482e-05   2.7532e+02
20260726_03:00:00   3.4676e-02   1.1749e+01   1.3759e+00   0.0000e+00   0.0000e+00   2.7419e+02
20260726_06:00:00   3.4323e-02   1.1656e+01   1.2910e+00   0.0000e+00   0.0000e+00   2.7505e+02
20260726_09:00:00   3.4365e-02   1.1665e+01   1.2832e+00   0.0000e+00   0.0000e+00   2.8092e+02
20260726_12:00:00   3.3971e-02   1.1554e+01   1.2039e+00   0.0000e+00   0.0000e+00   2.8142e+02
20260726_15:00:00   3.4360e-02   1.1646e+01   1.3103e+00   0.0000e+00   0.0000e+00   2.8032e+02
20260726_18:00:00   3.5399e-02   1.1908e+01   1.5536e+00   0.0000e+00   0.0000e+00   2.8224e+02
20260726_21:00:00   3.5462e-02   1.1923e+01   1.5753e+00   0.0000e+00   0.0000e+00   2.8354e+02
20260727_00:00:00   3.5041e-02   1.1825e+01   1.4042e+00   2.7450e-04   0.0000e+00   2.8036e+02
20260727_03:00:00   3.5655e-02   1.2007e+01   1.3340e+00   1.2510e-03   0.0000e+00   2.7721e+02
20260727_06:00:00   3.5323e-02   1.1913e+01   1.3339e+00   8.7160e-04   0.0000e+00   2.7885e+02
20260727_09:00:00   3.4609e-02   1.1713e+01   1.3355e+00   0.0000e+00   0.0000e+00   2.7969e+02
20260727_12:00:00   3.4931e-02   1.1785e+01   1.4325e+00   0.0000e+00   0.0000e+00   2.8090e+02
20260727_15:00:00   3.5815e-02   1.2008e+01   1.6461e+00   0.0000e+00   0.0000e+00   2.7903e+02
20260727_18:00:00   3.6674e-02   1.2220e+01   1.8510e+00   0.0000e+00   0.0000e+00   2.7767e+02
20260727_21:00:00   3.5807e-02   1.2000e+01   1.6664e+00   0.0000e+00   0.0000e+00   2.8106e+02
20260728_00:00:00   3.6036e-02   1.2067e+01   1.7019e+00   1.3480e-04   3.8820e-05   2.7888e+02
20260728_03:00:00   3.9898e-02   1.3129e+01   1.7741e+00   4.2780e-03   0.0000e+00   2.7399e+02
20260728_06:00:00   3.6326e-02   1.2156e+01   1.7606e+00   0.0000e+00   0.0000e+00   2.7659e+02
20260728_09:00:00   3.6402e-02   1.2168e+01   1.7756e+00   0.0000e+00   0.0000e+00   2.7739e+02
20260728_12:00:00   3.6092e-02   1.2081e+01   1.7118e+00   0.0000e+00   0.0000e+00   2.7686e+02
20260728_15:00:00   3.5782e-02   1.2000e+01   1.6450e+00   0.0000e+00   0.0000e+00   2.7703e+02
20260728_18:00:00   3.5813e-02   1.2008e+01   1.6247e+00   0.0000e+00   0.0000e+00   2.7472e+02
20260728_21:00:00   3.5349e-02   1.1899e+01   1.5071e+00   0.0000e+00   0.0000e+00   2.7539e+02
20260729_00:00:00   3.6061e-02   1.2102e+01   1.6340e+00   0.0000e+00   0.0000e+00   2.7325e+02
20260729_03:00:00   3.5139e-02   1.1862e+01   1.4071e+00   2.5170e-04   0.0000e+00   2.7097e+02
20260729_06:00:00   3.3943e-02   1.1543e+01   1.1914e+00   0.0000e+00   0.0000e+00   2.7332e+02
20260729_09:00:00   3.3648e-02   1.1465e+01   1.1281e+00   0.0000e+00   0.0000e+00   2.7386e+02
20260729_12:00:00   3.3514e-02   1.1422e+01   1.1219e+00   0.0000e+00   0.0000e+00   2.7429e+02
20260729_15:00:00   3.3943e-02   1.1531e+01   1.2089e+00   0.0000e+00   0.0000e+00   2.7606e+02
20260729_18:00:00   3.4419e-02   1.1656e+01   1.2966e+00   0.0000e+00   0.0000e+00   2.7744e+02
20260729_21:00:00   3.4895e-02   1.1786e+01   1.3942e+00   0.0000e+00   0.0000e+00   2.8017e+02
20260730_00:00:00   3.6082e-02   1.2106e+01   1.6501e+00   0.0000e+00   0.0000e+00   2.7735e+02
20260730_03:00:00   3.8372e-02   1.2736e+01   1.6963e+00   2.5380e-03   0.0000e+00   2.7909e+02
20260730_06:00:00   3.6465e-02   1.2224e+01   1.5914e+00   8.2020e-04   0.0000e+00   2.7959e+02
20260730_09:00:00   3.5947e-02   1.2076e+01   1.6128e+00   0.0000e+00   0.0000e+00   2.8111e+02
20260730_12:00:00   3.7032e-02   1.2358e+01   1.8468e+00   0.0000e+00   0.0000e+00   2.7887e+02
20260730_15:00:00   3.7356e-02   1.2441e+01   1.9032e+00   0.0000e+00   0.0000e+00   2.7874e+02
20260730_18:00:00   3.7699e-02   1.2536e+01   1.9425e+00   0.0000e+00   0.0000e+00   2.7941e+02
20260730_21:00:00   3.8321e-02   1.2703e+01   2.0578e+00   0.0000e+00   0.0000e+00   2.8111e+02
20260731_00:00:00   4.1902e-02   1.3662e+01   2.5077e+00   1.1480e-03   0.0000e+00   2.8038e+02
20260731_03:00:00   4.2667e-02   1.3886e+01   2.1789e+00   4.5160e-03   0.0000e+00   2.7927e+02
20260731_06:00:00   3.9098e-02   1.2921e+01   2.0007e+00   1.3930e-03   0.0000e+00   2.7997e+02
20260731_09:00:00   3.8491e-02   1.2736e+01   2.1226e+00   0.0000e+00   0.0000e+00   2.8002e+02
20260731_12:00:00   3.9792e-02   1.3060e+01   2.4611e+00   0.0000e+00   0.0000e+00   2.7654e+02
20260731_15:00:00   4.1099e-02   1.3398e+01   2.7499e+00   0.0000e+00   0.0000e+00   2.7984e+02
20260731_18:00:00   4.1967e-02   1.3621e+01   2.9235e+00   0.0000e+00   1.3942e-05   2.8162e+02
20260731_21:00:00   4.3674e-02   1.4073e+01   3.2375e+00   0.0000e+00   0.0000e+00   2.8075e+02
20260801_00:00:00   4.5993e-02   1.4687e+01   3.6703e+00   0.0000e+00   0.0000e+00   2.7934e+02
20260801_03:00:00   4.4432e-02   1.4289e+01   3.3939e+00   0.0000e+00   0.0000e+00   2.8184e+02
20260801_06:00:00   4.2628e-02   1.3807e+01   3.0736e+00   0.0000e+00   0.0000e+00   2.8265e+02
20260801_09:00:00   4.1009e-02   1.3382e+01   2.7190e+00   0.0000e+00   0.0000e+00   2.8530e+02
20260801_12:00:00   4.7399e-02   1.5070e+01   3.8098e+00   0.0000e+00   1.6126e-05   2.8233e+02
20260801_15:00:00   4.6470e-02   1.4819e+01   3.5656e+00   0.0000e+00   5.3360e-04   2.8345e+02
20260801_18:00:00   4.5640e-02   1.4603e+01   3.4284e+00   0.0000e+00   1.2500e-04   2.8475e+02
20260801_21:00:00   4.5448e-02   1.4553e+01   3.3592e+00   0.0000e+00   8.1580e-06   2.8420e+02
20260802_00:00:00   4.4605e-02   1.4349e+01   3.1899e+00   0.0000e+00   0.0000e+00   2.8256e+02
20260802_03:00:00   4.4468e-02   1.4316e+01   3.1821e+00   0.0000e+00   0.0000e+00   2.8431e+02
20260802_06:00:00   4.3499e-02   1.4063e+01   3.0456e+00   0.0000e+00   0.0000e+00   2.8228e+02
20260802_09:00:00   4.3336e-02   1.4006e+01   3.0685e+00   0.0000e+00   0.0000e+00   2.8253e+02
20260802_12:00:00   4.3189e-02   1.3950e+01   3.0806e+00   0.0000e+00   0.0000e+00   2.8381e+02
20260802_15:00:00   4.3135e-02   1.3935e+01   3.0251e+00   0.0000e+00   6.6580e-06   2.8426e+02
20260802_18:00:00   4.3898e-02   1.4127e+01   3.1227e+00   0.0000e+00   2.8300e-06   2.8512e+02
20260802_21:00:00   4.4903e-02   1.4383e+01   3.3054e+00   0.0000e+00   0.0000e+00   2.8591e+02
20260803_00:00:00   5.2621e-02   1.6411e+01   3.7288e+00   5.9400e-03   0.0000e+00   2.8331e+02
20260803_03:00:00   4.5647e-02   1.4571e+01   3.5403e+00   1.2870e-05   1.3446e-05   2.8303e+02
20260803_06:00:00   4.4241e-02   1.4202e+01   3.3203e+00   0.0000e+00   0.0000e+00   2.7969e+02
20260803_09:00:00   4.4636e-02   1.4296e+01   3.3950e+00   0.0000e+00   0.0000e+00   2.7969e+02
20260803_12:00:00   4.5523e-02   1.4512e+01   3.5425e+00   0.0000e+00   0.0000e+00   2.7853e+02
20260803_15:00:00   4.5543e-02   1.4502e+01   3.5242e+00   0.0000e+00   0.0000e+00   2.7892e+02
20260803_18:00:00   4.4528e-02   1.4253e+01   3.2693e+00   0.0000e+00   0.0000e+00   2.8249e+02
20260803_21:00:00   4.3910e-02   1.4099e+01   3.1486e+00   2.1999e-05   0.0000e+00   2.8283e+02
20260804_00:00:00   7.9783e-02   2.3387e+01   4.2858e+00   3.3070e-02   0.0000e+00   2.8286e+02
20260804_03:00:00   3.1970e-01   7.7659e+01   5.2390e+00   3.0586e-01   0.0000e+00   2.8096e+02
20260804_06:00:00   3.3532e-01   8.0886e+01   5.0721e+00   3.2620e-01   0.0000e+00   2.8281e+02
20260804_09:00:00   5.8275e-02   1.7862e+01   4.4423e+00   7.5600e-03   0.0000e+00   2.8568e+02
20260804_12:00:00   4.7307e-02   1.5001e+01   3.7275e+00   0.0000e+00   0.0000e+00   2.8111e+02
