#            date       tau255        Tb[K]      pwv[mm] lwp[kg*m^-2] iwp[kg*m^-2]       o3[DU]
20251226_18:00:00   9.7169e-02   2.6421e+01   4.6854e+00   0.0000e+00   5.0441e-02   3.2312e+02
20251226_19:00:00   1.0048e-01   2.7224e+01   5.2383e+00   0.0000e+00   3.5454e-02   3.1741e+02
20251226_20:00:00   1.0367e-01   2.8003e+01   5.7560e+00   0.0000e+00   3.6749e-02   3.1105e+02
20251226_21:00:00   1.0913e-01   2.9265e+01   6.5073e+00   0.0000e+00   7.9595e-02   3.0788e+02
20251226_22:00:00   1.1332e-01   3.0266e+01   7.1315e+00   0.0000e+00   3.9037e-02   3.1175e+02
20251226_23:00:00   1.1683e-01   3.1093e+01   7.6197e+00   0.0000e+00   4.7888e-02   3.1316e+02
20251227_00:00:00   1.2095e-01   3.2035e+01   8.1541e+00   0.0000e+00   8.9437e-02   3.2085e+02
20251227_01:00:00   1.2668e-01   3.3364e+01   8.7472e+00   0.0000e+00   5.0342e-01   3.2194e+02
20251227_02:00:00   1.3407e-01   3.5010e+01   9.4781e+00   0.0000e+00   7.3052e-01   3.2089e+02
20251227_03:00:00   1.4321e-01   3.7057e+01   1.0513e+01   0.0000e+00   5.8293e-01   3.2107e+02
20251227_04:00:00   1.5194e-01   3.8934e+01   1.1279e+01   0.0000e+00   6.6714e-01   3.2238e+02
20251227_05:00:00   1.5355e-01   3.9242e+01   1.1220e+01   0.0000e+00   7.4912e-01   3.2650e+02
20251227_06:00:00   1.5197e-01   3.8886e+01   1.1000e+01   0.0000e+00   6.4661e-01   3.3171e+02
20251227_07:00:00   1.5060e-01   3.8580e+01   1.0840e+01   0.0000e+00   4.8866e-01   3.3650e+02
20251227_08:00:00   1.5009e-01   3.8482e+01   1.0781e+01   0.0000e+00   3.9836e-01   3.4297e+02
20251227_09:00:00   1.4987e-01   3.8434e+01   1.0796e+01   0.0000e+00   3.0841e-01   3.5261e+02
20251227_10:00:00   1.4834e-01   3.8106e+01   1.0647e+01   0.0000e+00   1.4359e-01   3.6185e+02
20251227_11:00:00   1.4653e-01   3.7704e+01   1.0404e+01   0.0000e+00   1.0877e-01   3.6322e+02
20251227_12:00:00   1.4539e-01   3.7457e+01   1.0239e+01   0.0000e+00   2.1618e-02   3.6788e+02
20251227_13:00:00   1.4334e-01   3.7028e+01   9.9265e+00   0.0000e+00   6.0639e-03   3.7611e+02
20251227_14:00:00   1.4223e-01   3.6808e+01   9.7757e+00   0.0000e+00   6.0634e-04   3.8094e+02
20251227_15:00:00   1.3847e-01   3.6013e+01   9.0937e+00   0.0000e+00   3.8309e-04   3.7386e+02
20251227_16:00:00   1.3478e-01   3.5218e+01   8.4832e+00   2.3100e-07   3.8380e-04   3.6369e+02
20251227_17:00:00   1.3272e-01   3.4786e+01   8.1673e+00   3.4980e-04   5.6315e-04   3.6557e+02
20251227_18:00:00   1.3208e-01   3.4686e+01   8.2122e+00   5.8100e-06   4.7369e-04   3.6946e+02
20251227_19:00:00   1.3097e-01   3.4474e+01   8.0784e+00   6.4286e-05   4.6662e-04   3.6887e+02
20251227_20:00:00   1.2824e-01   3.3895e+01   7.7309e+00   0.0000e+00   3.1308e-04   3.6835e+02
20251227_21:00:00   1.2508e-01   3.3218e+01   7.3215e+00   0.0000e+00   1.6894e-05   3.6898e+02
20251227_22:00:00   1.2172e-01   3.2487e+01   6.9753e+00   0.0000e+00   1.3310e-05   3.6685e+02
20251227_23:00:00   1.1920e-01   3.1934e+01   6.6189e+00   0.0000e+00   1.0408e-05   3.6342e+02
20251228_00:00:00   1.1815e-01   3.1716e+01   6.5246e+00   0.0000e+00   1.0777e-05   3.6281e+02
20251228_01:00:00   1.1382e-01   3.0711e+01   6.0273e+00   0.0000e+00   5.5848e-06   3.6337e+02
20251228_02:00:00   1.0828e-01   2.9401e+01   5.4024e+00   0.0000e+00   3.2276e-06   3.6456e+02
20251228_03:00:00   1.0455e-01   2.8526e+01   5.0508e+00   0.0000e+00   1.7327e-06   3.6589e+02
20251228_04:00:00   1.0376e-01   2.8348e+01   4.9531e+00   0.0000e+00   1.4241e-06   3.6722e+02
20251228_05:00:00   1.0447e-01   2.8544e+01   5.0510e+00   0.0000e+00   1.1187e-06   3.6906e+02
20251228_06:00:00   1.0070e-01   2.7682e+01   4.5483e+00   0.0000e+00   2.8980e-07   3.6958e+02
20251228_07:00:00   9.7431e-02   2.6948e+01   4.1481e+00   0.0000e+00   0.0000e+00   3.6877e+02
20251228_08:00:00   9.6094e-02   2.6675e+01   4.0130e+00   0.0000e+00   0.0000e+00   3.6309e+02
20251228_09:00:00   9.4614e-02   2.6356e+01   3.8580e+00   0.0000e+00   2.1140e-05   3.5734e+02
20251228_10:00:00   9.3695e-02   2.6150e+01   3.7261e+00   0.0000e+00   2.0500e-04   3.5620e+02
20251228_11:00:00   9.3142e-02   2.6045e+01   3.6921e+00   0.0000e+00   3.3252e-04   3.5384e+02
20251228_12:00:00   9.3020e-02   2.6048e+01   3.7133e+00   0.0000e+00   1.0670e-04   3.5115e+02
20251228_13:00:00   9.2115e-02   2.5873e+01   3.6599e+00   0.0000e+00   1.7256e-04   3.4741e+02
20251228_14:00:00   9.2832e-02   2.6057e+01   3.8512e+00   0.0000e+00   4.7040e-04   3.4377e+02
20251228_15:00:00   9.5308e-02   2.6680e+01   4.3596e+00   0.0000e+00   1.1474e-04   3.4300e+02
20251228_16:00:00   9.9081e-02   2.7595e+01   5.0213e+00   0.0000e+00   1.2965e-03   3.4027e+02
20251228_17:00:00   1.0425e-01   2.8853e+01   5.8812e+00   0.0000e+00   9.3961e-04   3.3829e+02
20251228_18:00:00   1.1179e-01   3.0681e+01   7.0589e+00   0.0000e+00   2.2812e-03   3.3749e+02
20251228_19:00:00   1.2107e-01   3.2925e+01   8.4196e+00   0.0000e+00   3.4201e-03   3.3627e+02
20251228_20:00:00   1.2996e-01   3.5027e+01   9.7427e+00   0.0000e+00   2.7825e-03   3.3169e+02
20251228_21:00:00   1.3026e-01   3.5104e+01   9.8368e+00   0.0000e+00   1.2116e-03   3.3139e+02
20251228_22:00:00   1.2404e-01   3.3603e+01   9.1646e+00   0.0000e+00   1.8500e-02   3.2907e+02
20251228_23:00:00   1.2059e-01   3.2751e+01   8.7899e+00   0.0000e+00   1.8706e-02   3.2662e+02
20251229_00:00:00   1.2249e-01   3.3213e+01   9.1008e+00   0.0000e+00   2.1572e-02   3.2706e+02
20251229_01:00:00   1.2625e-01   3.4094e+01   9.6368e+00   0.0000e+00   1.5946e-01   3.2726e+02
20251229_02:00:00   1.2905e-01   3.4727e+01   1.0120e+01   0.0000e+00   1.1445e-01   3.2709e+02
20251229_03:00:00   1.3853e-01   3.6963e+01   1.1460e+01   0.0000e+00   1.0883e-01   3.2406e+02
20251229_04:00:00   1.8111e-01   4.6785e+01   1.6699e+01   0.0000e+00   3.2253e-01   3.2209e+02
20251229_05:00:00   2.6362e-01   6.4851e+01   2.0996e+01   4.9281e-02   8.4889e-02   3.2227e+02
20251229_06:00:00   9.7650e-01   1.7113e+02   2.4119e+01   8.2007e-01   2.4424e-01   3.2414e+02
20251229_07:00:00   9.7997e-01   1.7143e+02   2.4943e+01   8.1387e-01   6.7755e-01   3.2251e+02
20251229_08:00:00   1.1697e+00   1.8901e+02   2.5133e+01   1.0287e+00   8.7026e-01   3.2103e+02
20251229_09:00:00   1.1708e+00   1.8921e+02   2.5736e+01   1.0266e+00   6.9492e-01   3.1993e+02
20251229_10:00:00   1.2519e+00   1.9614e+02   2.6424e+01   1.1144e+00   7.0350e-01   3.1912e+02
20251229_11:00:00   2.1961e+00   2.4406e+02   2.7330e+01   2.1791e+00   5.4420e-01   3.1859e+02
20251229_12:00:00   1.2087e+00   1.9454e+02   2.7782e+01   1.0713e+00   7.4471e-02   3.1665e+02
20251229_13:00:00   1.1937e+00   1.9376e+02   2.5355e+01   1.0790e+00   2.7800e-02   3.1416e+02
20251229_14:00:00   9.2007e-01   1.6771e+02   2.2601e+01   7.8730e-01   2.5687e-02   3.1217e+02
20251229_15:00:00   7.2641e-01   1.4441e+02   2.2024e+01   5.6993e-01   9.5408e-03   3.1187e+02
20251229_16:00:00   5.9315e-01   1.2547e+02   2.1574e+01   4.2075e-01   1.4814e-02   3.1071e+02
20251229_17:00:00   7.6214e-01   1.4925e+02   2.4581e+01   5.9039e-01   1.2145e-01   3.0674e+02
20251229_18:00:00   1.5698e+00   2.1887e+02   2.8608e+01   1.4625e+00   5.1387e-01   3.0781e+02
20251229_19:00:00   5.6884e-01   1.2192e+02   2.4967e+01   3.5732e-01   5.6596e-01   3.1497e+02
20251229_20:00:00   7.6436e-01   1.4967e+02   2.1323e+01   6.0804e-01   1.0316e-02   3.1487e+02
20251229_21:00:00   7.5555e-01   1.4786e+02   1.7769e+01   6.2640e-01   1.5115e-02   3.2198e+02
20251229_22:00:00   2.2468e-01   5.6951e+01   1.2722e+01   6.6246e-02   2.3712e-04   3.3219e+02
20251229_23:00:00   1.0494e-01   2.9289e+01   5.5294e+00   0.0000e+00   0.0000e+00   3.4312e+02
20251230_00:00:00   1.2259e-01   3.3335e+01   7.3853e+00   0.0000e+00   3.8624e-06   3.4656e+02
20251230_01:00:00   1.2471e-01   3.3694e+01   7.6178e+00   0.0000e+00   1.9378e-04   3.4719e+02
20251230_02:00:00   1.2451e-01   3.3474e+01   7.6442e+00   9.2433e-04   2.4730e-03   3.4793e+02
20251230_03:00:00   1.2597e-01   3.3612e+01   7.7363e+00   1.9306e-03   2.9137e-02   3.4860e+02
20251230_04:00:00   1.1219e-01   3.0229e+01   6.3992e+00   0.0000e+00   1.5408e-03   3.5156e+02
20251230_05:00:00   1.0963e-01   2.9534e+01   6.0079e+00   0.0000e+00   1.6850e-05   3.5256e+02
20251230_06:00:00   1.0804e-01   2.9111e+01   5.6117e+00   0.0000e+00   2.9819e-05   3.5781e+02
20251230_07:00:00   1.0919e-01   2.9320e+01   5.7136e+00   0.0000e+00   1.2767e-04   3.6693e+02
20251230_08:00:00   1.1230e-01   2.9972e+01   5.9327e+00   0.0000e+00   2.2763e-02   3.8195e+02
20251230_09:00:00   1.1768e-01   3.1123e+01   6.6579e+00   0.0000e+00   6.8412e-02   3.7471e+02
20251230_10:00:00   1.1493e-01   3.0430e+01   6.4922e+00   0.0000e+00   7.5165e-03   3.8141e+02
20251230_11:00:00   1.1076e-01   2.9437e+01   6.0603e+00   0.0000e+00   4.6362e-03   3.7102e+02
20251230_12:00:00   1.0916e-01   2.9040e+01   5.7742e+00   0.0000e+00   4.5830e-03   3.7021e+02
20251230_13:00:00   1.1003e-01   2.9215e+01   5.8627e+00   0.0000e+00   6.2458e-03   3.8430e+02
20251230_14:00:00   1.0691e-01   2.8476e+01   5.4394e+00   0.0000e+00   2.0767e-03   3.9185e+02
20251230_15:00:00   1.0514e-01   2.8083e+01   5.1970e+00   0.0000e+00   3.9615e-04   3.8730e+02
20251230_16:00:00   1.0517e-01   2.8078e+01   5.2435e+00   0.0000e+00   2.2189e-04   3.8550e+02
20251230_17:00:00   1.0705e-01   2.8481e+01   5.5201e+00   0.0000e+00   6.4344e-04   3.9511e+02
20251230_18:00:00   1.0818e-01   2.8730e+01   5.6125e+00   0.0000e+00   1.4309e-03   3.8926e+02
20251230_19:00:00   1.0871e-01   2.8840e+01   5.5855e+00   0.0000e+00   3.5650e-03   3.8242e+02
20251230_20:00:00   1.0999e-01   2.9129e+01   5.7031e+00   0.0000e+00   6.0031e-03   4.0029e+02
20251230_21:00:00   1.1108e-01   2.9373e+01   5.7957e+00   0.0000e+00   8.5805e-03   4.1743e+02
20251230_22:00:00   1.1194e-01   2.9557e+01   5.9033e+00   0.0000e+00   6.2367e-03   4.2803e+02
20251230_23:00:00   1.1257e-01   2.9692e+01   5.9596e+00   0.0000e+00   4.5783e-03   4.3203e+02
20251231_00:00:00   1.1267e-01   2.9722e+01   5.9451e+00   0.0000e+00   2.1451e-03   4.3700e+02
20251231_01:00:00   1.1221e-01   2.9626e+01   5.8389e+00   0.0000e+00   1.5133e-03   4.4167e+02
20251231_02:00:00   1.1152e-01   2.9490e+01   5.6890e+00   0.0000e+00   1.6177e-03   4.4938e+02
20251231_03:00:00   1.0738e-01   2.8591e+01   5.0515e+00   0.0000e+00   5.1330e-05   4.4494e+02
20251231_04:00:00   1.0257e-01   2.7498e+01   4.4706e+00   0.0000e+00   9.3594e-06   4.3484e+02
20251231_05:00:00   1.0156e-01   2.7259e+01   4.5541e+00   0.0000e+00   1.7939e-05   4.2896e+02
20251231_06:00:00   1.0614e-01   2.8313e+01   5.2767e+00   0.0000e+00   2.2915e-03   4.2852e+02
20251231_07:00:00   1.1009e-01   2.9214e+01   5.8467e+00   0.0000e+00   3.0268e-03   4.0887e+02
20251231_08:00:00   1.1481e-01   3.0290e+01   6.4205e+00   0.0000e+00   1.3051e-02   4.0629e+02
20251231_09:00:00   1.1750e-01   3.0923e+01   6.6424e+00   0.0000e+00   4.0593e-03   4.0123e+02
20251231_10:00:00   1.1802e-01   3.1095e+01   6.5339e+00   0.0000e+00   3.0211e-04   3.8738e+02
20251231_11:00:00   1.1698e-01   3.0926e+01   6.3120e+00   0.0000e+00   3.1309e-04   3.9020e+02
20251231_12:00:00   1.1711e-01   3.0964e+01   6.3470e+00   0.0000e+00   1.5256e-04   3.8289e+02
20251231_13:00:00   1.1834e-01   3.1250e+01   6.5608e+00   0.0000e+00   2.2510e-04   3.8123e+02
20251231_14:00:00   1.2159e-01   3.1995e+01   7.0110e+00   0.0000e+00   5.7368e-03   3.7502e+02
20251231_15:00:00   1.2335e-01   3.2451e+01   7.2748e+00   0.0000e+00   1.7953e-03   3.6055e+02
20251231_16:00:00   1.2151e-01   3.2122e+01   6.9694e+00   1.2080e-04   5.7526e-04   3.5276e+02
20251231_17:00:00   1.2284e-01   3.2496e+01   6.8492e+00   2.1780e-03   1.4541e-03   3.4833e+02
20251231_18:00:00   1.2171e-01   3.2291e+01   6.9623e+00   1.9642e-05   6.6465e-04   3.3675e+02
20251231_21:00:00   1.2799e-01   3.3812e+01   7.8501e+00   0.0000e+00   1.5323e-03   3.3639e+02
20260101_00:00:00   1.3186e-01   3.4676e+01   8.4321e+00   0.0000e+00   2.8503e-03   3.3823e+02
20260101_03:00:00   1.3324e-01   3.5011e+01   8.7620e+00   0.0000e+00   3.6752e-03   3.3352e+02
20260101_06:00:00   1.4338e-01   3.7296e+01   1.0117e+01   0.0000e+00   1.1166e-03   3.3197e+02
20260101_09:00:00   1.5639e-01   4.0187e+01   1.1597e+01   0.0000e+00   2.6085e-01   3.1957e+02
20260101_12:00:00   1.6387e-01   4.1829e+01   1.2124e+01   0.0000e+00   3.8385e-01   3.2225e+02
20260101_15:00:00   1.6321e-01   4.1671e+01   1.1864e+01   5.9346e-04   5.6449e-01   3.2697e+02
20260101_18:00:00   1.5880e-01   4.0671e+01   1.1357e+01   1.1844e-04   3.8409e-01   3.4155e+02
20260101_21:00:00   1.5783e-01   4.0532e+01   1.1132e+01   0.0000e+00   2.3147e-01   3.3596e+02
20260102_00:00:00   1.4735e-01   3.8160e+01   9.8696e+00   4.4075e-05   4.3994e-03   3.3723e+02
20260102_03:00:00   1.4224e-01   3.7051e+01   8.4269e+00   6.1800e-03   4.5627e-04   3.3834e+02
20260102_06:00:00   1.3623e-01   3.5612e+01   7.7708e+00   3.8361e-03   5.5652e-02   3.7395e+02
20260102_09:00:00   1.0971e-01   2.9058e+01   4.9352e+00   8.5000e-05   5.9516e-02   4.4946e+02
20260102_12:00:00   1.0085e-01   2.6809e+01   3.6917e+00   0.0000e+00   1.4519e-03   4.4097e+02
20260102_15:00:00   9.4825e-02   2.5294e+01   2.9048e+00   0.0000e+00   4.1208e-03   4.2810e+02
20260102_18:00:00   9.0179e-02   2.4213e+01   2.3307e+00   0.0000e+00   0.0000e+00   4.3183e+02
20260102_21:00:00   9.0094e-02   2.4196e+01   2.3166e+00   0.0000e+00   7.2042e-05   4.0437e+02
20260103_00:00:00   8.8610e-02   2.3850e+01   2.2212e+00   0.0000e+00   8.8195e-06   3.6877e+02
20260103_03:00:00   8.7513e-02   2.3646e+01   2.1830e+00   0.0000e+00   7.1725e-06   3.7358e+02
20260103_06:00:00   9.2284e-02   2.4757e+01   2.9774e+00   0.0000e+00   4.6584e-06   3.9210e+02
20260103_09:00:00   9.9705e-02   2.6461e+01   3.9658e+00   0.0000e+00   4.6585e-05   4.3135e+02
20260103_12:00:00   1.0214e-01   2.7043e+01   4.2022e+00   0.0000e+00   2.5609e-03   4.1873e+02
20260103_15:00:00   1.0277e-01   2.7292e+01   4.3050e+00   0.0000e+00   3.9106e-06   4.0706e+02
20260103_18:00:00   1.0203e-01   2.7258e+01   4.2030e+00   0.0000e+00   4.8280e-07   3.8045e+02
20260103_21:00:00   1.0099e-01   2.7166e+01   4.1126e+00   0.0000e+00   3.5820e-06   3.6189e+02
20260104_00:00:00   9.2537e-02   2.5244e+01   3.4371e+00   0.0000e+00   5.6780e-08   3.4578e+02
20260104_03:00:00   9.5263e-02   2.5911e+01   4.1301e+00   0.0000e+00   1.1379e-03   3.3915e+02
20260104_06:00:00   1.0759e-01   2.8833e+01   5.9738e+00   0.0000e+00   1.8406e-03   3.2912e+02
20260104_09:00:00   1.3038e-01   3.4204e+01   9.0462e+00   0.0000e+00   2.2424e-03   3.2894e+02
20260104_12:00:00   1.5294e-01   3.9344e+01   1.1668e+01   0.0000e+00   1.0654e-01   3.3627e+02
20260104_15:00:00   1.4955e-01   3.8608e+01   1.1219e+01   0.0000e+00   3.3103e-01   3.3270e+02
20260104_18:00:00   1.4510e-01   3.7642e+01   1.0637e+01   3.4060e-07   2.4425e-01   3.3404e+02
20260104_21:00:00   1.6719e-01   4.2748e+01   1.2883e+01   0.0000e+00   2.0611e-01   3.3487e+02
20260105_00:00:00   1.6836e-01   4.3135e+01   1.2604e+01   3.2221e-03   1.0787e-01   3.2779e+02
20260105_03:00:00   1.6071e-01   4.1374e+01   1.1897e+01   2.1093e-04   2.3931e-02   3.3233e+02
20260105_06:00:00   1.2275e-01   3.2818e+01   6.7863e+00   0.0000e+00   2.0459e-05   3.3759e+02
20260105_09:00:00   1.1538e-01   3.1062e+01   6.1255e+00   0.0000e+00   8.0702e-06   3.4699e+02
20260105_12:00:00   1.2056e-01   3.2225e+01   6.8059e+00   0.0000e+00   4.3725e-06   3.4898e+02
20260105_15:00:00   1.2227e-01   3.2593e+01   7.1745e+00   0.0000e+00   3.0706e-06   3.4519e+02
20260105_18:00:00   1.1626e-01   3.1229e+01   6.3560e+00   0.0000e+00   7.7260e-06   3.4425e+02
20260105_21:00:00   1.0420e-01   2.8460e+01   4.5179e+00   0.0000e+00   4.8280e-07   3.4368e+02
20260106_00:00:00   1.0255e-01   2.8072e+01   4.2600e+00   0.0000e+00   2.3852e-06   3.4304e+02
20260106_03:00:00   1.0133e-01   2.7806e+01   4.2313e+00   0.0000e+00   0.0000e+00   3.3412e+02
20260106_06:00:00   1.0267e-01   2.8160e+01   4.5589e+00   0.0000e+00   3.2492e-07   3.3692e+02
20260106_09:00:00   1.0003e-01   2.7558e+01   4.2938e+00   0.0000e+00   1.5804e-06   3.2969e+02
20260106_12:00:00   1.0165e-01   2.7934e+01   4.6397e+00   0.0000e+00   2.5848e-06   3.1654e+02
20260106_15:00:00   1.0581e-01   2.8943e+01   5.4085e+00   0.0000e+00   2.5684e-06   3.1189e+02
20260106_18:00:00   1.1159e-01   3.0376e+01   6.4372e+00   0.0000e+00   0.0000e+00   3.0925e+02
20260106_21:00:00   1.0992e-01   3.0049e+01   6.2189e+00   0.0000e+00   2.3100e-07   3.0736e+02
20260107_00:00:00   1.0666e-01   2.9323e+01   5.4841e+00   0.0000e+00   2.2285e-03   3.0515e+02
20260107_03:00:00   1.2240e-01   3.2940e+01   8.3908e+00   0.0000e+00   5.9485e-03   3.0252e+02
20260107_06:00:00   1.3737e-01   3.6387e+01   1.0446e+01   0.0000e+00   1.4405e-01   3.0406e+02
20260107_09:00:00   1.4635e-01   3.8557e+01   1.1083e+01   6.4760e-04   5.3191e-02   3.0441e+02
20260107_12:00:00   1.6350e-01   4.2534e+01   1.2359e+01   5.9767e-03   1.7486e-01   3.1085e+02
20260107_15:00:00   2.6659e-01   6.5009e+01   1.6508e+01   7.3560e-02   2.3080e-01   3.1710e+02
20260107_18:00:00   3.8900e-01   8.9536e+01   9.8593e+00   2.7049e-01   1.8535e-04   3.3101e+02
20260107_21:00:00   1.2431e-01   3.3564e+01   6.3645e+00   3.4224e-03   9.7759e-05   3.4050e+02
20260108_00:00:00   9.6138e-02   2.6593e+01   3.5379e+00   0.0000e+00   3.2077e-06   3.4320e+02
20260108_03:00:00   9.6649e-02   2.6645e+01   3.4670e+00   0.0000e+00   7.5189e-06   3.3101e+02
20260108_06:00:00   9.8028e-02   2.6929e+01   3.7709e+00   0.0000e+00   6.2777e-06   3.2379e+02
20260108_09:00:00   9.7788e-02   2.6849e+01   3.8026e+00   0.0000e+00   6.9356e-06   3.3006e+02
20260108_12:00:00   9.7944e-02   2.6869e+01   3.8067e+00   0.0000e+00   7.5233e-06   3.4093e+02
20260108_15:00:00   9.8637e-02   2.7061e+01   3.8965e+00   0.0000e+00   2.3597e-03   3.4334e+02
20260108_18:00:00   1.0169e-01   2.7841e+01   4.4078e+00   0.0000e+00   5.8471e-03   3.4403e+02
20260108_21:00:00   1.0495e-01   2.8600e+01   4.9445e+00   0.0000e+00   9.1195e-03   3.4086e+02
20260109_00:00:00   1.0783e-01   2.9207e+01   5.6740e+00   0.0000e+00   3.3335e-02   3.3842e+02
20260109_03:00:00   1.0981e-01   2.9602e+01   6.0611e+00   0.0000e+00   1.4475e-01   3.3792e+02
20260109_06:00:00   1.0856e-01   2.9300e+01   5.8995e+00   0.0000e+00   3.9422e-02   3.3976e+02
20260109_09:00:00   9.9958e-02   2.7289e+01   4.6445e+00   0.0000e+00   9.6344e-03   3.4505e+02
20260109_12:00:00   9.5434e-02   2.6231e+01   4.0512e+00   0.0000e+00   1.2725e-02   3.4194e+02
20260109_15:00:00   9.5686e-02   2.6318e+01   4.0103e+00   0.0000e+00   4.3763e-02   3.3656e+02
20260109_18:00:00   9.9893e-02   2.7334e+01   4.7437e+00   0.0000e+00   7.3844e-02   3.2685e+02
20260109_21:00:00   1.0548e-01   2.8678e+01   5.5286e+00   0.0000e+00   3.3461e-02   3.2109e+02
20260110_00:00:00   1.0755e-01   2.9188e+01   5.6413e+00   0.0000e+00   1.7061e-02   3.2045e+02
20260110_03:00:00   1.0800e-01   2.9296e+01   5.6654e+00   0.0000e+00   1.1691e-02   3.1931e+02
20260110_06:00:00   1.0664e-01   2.8980e+01   5.3310e+00   0.0000e+00   1.0466e-05   3.2377e+02
20260110_09:00:00   1.0100e-01   2.7646e+01   4.5592e+00   0.0000e+00   0.0000e+00   3.3107e+02
20260110_12:00:00   9.3281e-02   2.5811e+01   3.4350e+00   0.0000e+00   0.0000e+00   3.3612e+02
20260110_15:00:00   9.0406e-02   2.5161e+01   2.9707e+00   0.0000e+00   0.0000e+00   3.4389e+02
20260110_18:00:00   9.0763e-02   2.5285e+01   3.1901e+00   0.0000e+00   0.0000e+00   3.5319e+02
20260110_21:00:00   9.6448e-02   2.6604e+01   4.2172e+00   0.0000e+00   6.4395e-02   3.5571e+02
20260111_00:00:00   9.0969e-02   2.5397e+01   3.2685e+00   0.0000e+00   6.5883e-03   3.5774e+02
20260111_03:00:00   9.7239e-02   2.6900e+01   4.4068e+00   0.0000e+00   1.2524e-03   3.5050e+02
20260111_06:00:00   1.0280e-01   2.8245e+01   5.2836e+00   0.0000e+00   1.1212e-02   3.4265e+02
20260111_09:00:00   1.7041e-01   4.3993e+01   9.1038e+00   4.2040e-02   2.6218e-02   3.3034e+02
20260111_12:00:00   2.8084e-01   6.7672e+01   1.0979e+01   1.4804e-01   7.5650e-03   3.2997e+02
20260111_15:00:00   2.1139e-01   5.3303e+01   1.2040e+01   6.0960e-02   3.1516e-03   3.2611e+02
20260111_18:00:00   1.5531e-01   4.0944e+01   1.1961e+01   0.0000e+00   9.1735e-04   3.1471e+02
