#            date       tau255        Tb[K]      pwv[mm] lwp[kg*m^-2] iwp[kg*m^-2]       o3[DU]
20251220_18:00:00   9.8735e-02   2.7268e+01   4.9260e+00   0.0000e+00   2.3634e-03   3.1416e+02
20251220_19:00:00   1.0032e-01   2.7656e+01   5.2213e+00   0.0000e+00   5.7527e-03   3.1098e+02
20251220_20:00:00   1.0636e-01   2.9097e+01   6.3044e+00   0.0000e+00   1.5516e-02   2.9990e+02
20251220_21:00:00   1.1964e-01   3.2213e+01   8.3401e+00   0.0000e+00   3.2182e-02   2.9594e+02
20251220_22:00:00   1.3752e-01   3.6333e+01   1.0694e+01   0.0000e+00   1.7228e-01   2.9680e+02
20251220_23:00:00   1.3348e-01   3.5448e+01   1.0286e+01   0.0000e+00   2.6442e-02   2.9870e+02
20251221_00:00:00   1.3313e-01   3.5435e+01   1.0316e+01   0.0000e+00   6.1547e-02   2.9920e+02
20251221_01:00:00   1.3166e-01   3.5117e+01   1.0092e+01   0.0000e+00   9.1891e-03   2.9750e+02
20251221_02:00:00   1.2979e-01   3.4698e+01   9.9330e+00   0.0000e+00   1.0694e-02   2.9583e+02
20251221_03:00:00   1.2979e-01   3.4672e+01   1.0026e+01   0.0000e+00   1.4090e-02   2.9561e+02
20251221_04:00:00   1.3568e-01   3.6037e+01   1.0704e+01   0.0000e+00   2.7979e-01   2.9616e+02
20251221_05:00:00   1.3007e-01   3.4799e+01   1.0012e+01   0.0000e+00   9.2478e-02   2.9742e+02
20251221_06:00:00   1.3897e-01   3.6874e+01   1.1111e+01   0.0000e+00   9.7238e-02   2.9993e+02
20251221_07:00:00   1.4584e-01   3.8489e+01   1.1936e+01   0.0000e+00   7.9925e-02   3.0016e+02
20251221_08:00:00   1.5365e-01   4.0311e+01   1.2839e+01   0.0000e+00   6.1072e-02   2.9876e+02
20251221_09:00:00   1.5969e-01   4.1748e+01   1.3497e+01   0.0000e+00   4.0946e-03   2.9720e+02
20251221_10:00:00   1.6408e-01   4.2808e+01   1.3492e+01   0.0000e+00   2.6229e-03   2.9371e+02
20251221_11:00:00   1.6536e-01   4.3075e+01   1.3469e+01   0.0000e+00   2.6397e-03   2.9441e+02
20251221_12:00:00   1.1968e-01   3.2478e+01   7.6783e+00   0.0000e+00   2.7952e-03   2.9492e+02
20251221_13:00:00   1.0732e-01   2.9563e+01   5.6294e+00   0.0000e+00   1.0713e-03   2.9382e+02
20251221_14:00:00   1.1037e-01   3.0264e+01   5.7696e+00   0.0000e+00   1.0962e-03   2.9304e+02
20251221_15:00:00   1.1392e-01   3.1065e+01   5.6765e+00   2.2160e-03   1.9004e-03   2.9302e+02
20251221_16:00:00   1.1003e-01   3.0045e+01   5.2737e+00   8.2020e-05   7.2086e-04   2.9515e+02
20251221_17:00:00   1.0037e-01   2.7590e+01   4.2488e+00   0.0000e+00   4.2282e-05   2.9754e+02
20251221_18:00:00   1.0265e-01   2.8044e+01   4.4457e+00   0.0000e+00   1.9294e-03   2.9796e+02
20251221_19:00:00   1.0243e-01   2.7943e+01   4.3363e+00   0.0000e+00   2.5216e-04   3.0426e+02
20251221_20:00:00   1.0291e-01   2.8019e+01   4.2964e+00   0.0000e+00   4.9100e-07   3.1113e+02
20251221_21:00:00   1.0578e-01   2.8643e+01   4.5591e+00   0.0000e+00   4.5813e-04   3.2603e+02
20251221_22:00:00   1.0659e-01   2.8791e+01   4.5532e+00   0.0000e+00   1.2841e-03   3.2697e+02
20251221_23:00:00   1.0728e-01   2.8911e+01   4.5744e+00   0.0000e+00   8.4135e-04   3.2497e+02
20251222_00:00:00   1.0605e-01   2.8583e+01   4.4308e+00   0.0000e+00   5.1904e-05   3.2180e+02
20251222_01:00:00   1.0612e-01   2.8543e+01   4.4141e+00   0.0000e+00   9.1545e-06   3.2366e+02
20251222_02:00:00   1.0479e-01   2.8190e+01   4.2357e+00   0.0000e+00   9.7679e-06   3.2428e+02
20251222_03:00:00   1.0346e-01   2.7828e+01   4.0280e+00   0.0000e+00   8.3056e-06   3.1967e+02
20251222_04:00:00   1.0267e-01   2.7594e+01   3.8805e+00   0.0000e+00   3.4417e-05   3.2176e+02
20251222_05:00:00   1.0242e-01   2.7487e+01   3.8268e+00   0.0000e+00   2.3515e-04   3.2652e+02
20251222_06:00:00   1.0200e-01   2.7350e+01   3.7408e+00   0.0000e+00   2.9362e-04   3.3144e+02
20251222_07:00:00   9.9874e-02   2.6825e+01   3.4641e+00   0.0000e+00   1.9101e-05   3.3774e+02
20251222_08:00:00   9.8050e-02   2.6363e+01   3.2309e+00   0.0000e+00   2.3182e-06   3.4656e+02
20251222_09:00:00   9.6629e-02   2.6010e+01   3.0300e+00   0.0000e+00   1.7466e-06   3.5021e+02
20251222_10:00:00   9.6495e-02   2.5962e+01   3.0269e+00   0.0000e+00   4.8280e-07   3.5833e+02
20251222_11:00:00   9.7143e-02   2.6112e+01   3.1168e+00   0.0000e+00   0.0000e+00   3.5784e+02
20251222_12:00:00   9.8700e-02   2.6468e+01   3.3527e+00   0.0000e+00   0.0000e+00   3.5958e+02
20251222_13:00:00   1.0090e-01   2.6990e+01   3.6673e+00   0.0000e+00   0.0000e+00   3.7016e+02
20251222_14:00:00   1.0339e-01   2.7581e+01   3.9844e+00   0.0000e+00   0.0000e+00   3.7326e+02
20251222_15:00:00   1.0410e-01   2.7780e+01   4.0842e+00   0.0000e+00   0.0000e+00   3.7094e+02
20251222_16:00:00   1.0545e-01   2.8119e+01   4.2736e+00   0.0000e+00   4.0780e-06   3.6199e+02
20251222_17:00:00   1.0613e-01   2.8309e+01   4.3708e+00   0.0000e+00   8.2150e-06   3.5683e+02
20251222_18:00:00   1.0667e-01   2.8477e+01   4.4894e+00   0.0000e+00   2.2064e-06   3.5452e+02
20251222_19:00:00   1.0752e-01   2.8715e+01   4.6408e+00   0.0000e+00   0.0000e+00   3.5072e+02
20251222_20:00:00   1.0988e-01   2.9294e+01   4.9748e+00   0.0000e+00   3.8960e-06   3.5174e+02
20251222_21:00:00   1.1407e-01   3.0286e+01   5.5824e+00   0.0000e+00   6.6180e-06   3.5930e+02
20251222_22:00:00   1.1745e-01   3.1089e+01   6.0644e+00   0.0000e+00   7.8864e-04   3.5968e+02
20251222_23:00:00   1.2037e-01   3.1783e+01   6.4658e+00   0.0000e+00   1.0913e-03   3.5587e+02
20251223_00:00:00   1.2373e-01   3.2600e+01   6.8875e+00   0.0000e+00   3.3872e-03   3.4936e+02
20251223_01:00:00   1.2451e-01   3.2828e+01   7.0918e+00   0.0000e+00   7.9744e-03   3.5571e+02
20251223_02:00:00   1.2492e-01   3.2926e+01   7.1406e+00   0.0000e+00   8.6054e-03   3.5511e+02
20251223_03:00:00   1.2748e-01   3.3536e+01   7.5779e+00   0.0000e+00   6.4768e-03   3.4781e+02
20251223_04:00:00   1.3254e-01   3.4685e+01   8.3243e+00   0.0000e+00   1.6991e-02   3.4403e+02
20251223_05:00:00   1.3507e-01   3.5244e+01   8.6334e+00   0.0000e+00   1.4451e-01   3.4434e+02
20251223_06:00:00   1.4268e-01   3.6982e+01   9.5828e+00   0.0000e+00   2.5431e-01   3.4204e+02
20251223_07:00:00   1.5101e-01   3.8901e+01   1.0531e+01   0.0000e+00   3.8296e-01   3.4102e+02
20251223_08:00:00   1.5344e-01   3.9478e+01   1.0842e+01   0.0000e+00   4.7597e-01   3.3924e+02
20251223_09:00:00   1.5883e-01   4.0691e+01   1.1295e+01   0.0000e+00   6.1327e-01   3.3380e+02
20251223_10:00:00   1.6473e-01   4.2043e+01   1.1851e+01   0.0000e+00   5.8117e-01   3.3371e+02
20251223_11:00:00   1.6608e-01   4.2376e+01   1.2026e+01   0.0000e+00   5.2184e-01   3.3764e+02
20251223_12:00:00   1.6768e-01   4.2766e+01   1.2250e+01   0.0000e+00   4.7041e-01   3.4010e+02
20251223_13:00:00   1.6913e-01   4.3097e+01   1.2343e+01   0.0000e+00   5.8027e-01   3.3995e+02
20251223_14:00:00   1.6941e-01   4.3183e+01   1.2377e+01   1.3487e-04   5.3201e-01   3.3585e+02
20251223_15:00:00   1.6977e-01   4.3274e+01   1.2449e+01   1.4254e-04   4.7565e-01   3.3534e+02
20251223_16:00:00   1.7755e-01   4.5074e+01   1.2392e+01   9.5194e-03   3.8737e-01   3.3301e+02
20251223_17:00:00   1.8446e-01   4.6687e+01   1.2290e+01   1.8792e-02   1.9549e-01   3.3814e+02
20251223_18:00:00   1.9855e-01   4.9836e+01   1.2358e+01   3.3954e-02   4.0383e-01   3.3552e+02
20251223_19:00:00   1.8004e-01   4.5778e+01   1.2032e+01   1.6393e-02   1.4519e-01   3.3396e+02
20251223_20:00:00   1.7703e-01   4.5109e+01   1.1577e+01   1.5792e-02   1.7273e-01   3.3170e+02
20251223_21:00:00   1.9550e-01   4.9233e+01   1.1512e+01   3.7709e-02   1.0350e-01   3.2623e+02
20251223_22:00:00   2.0667e-01   5.1645e+01   1.1193e+01   5.3233e-02   9.1564e-02   3.2388e+02
20251223_23:00:00   2.2100e-01   5.4655e+01   1.0850e+01   7.1708e-02   5.5369e-02   3.2574e+02
20251224_00:00:00   2.2603e-01   5.5688e+01   1.0386e+01   8.1364e-02   3.2805e-02   3.2939e+02
20251224_01:00:00   1.8692e-01   4.7125e+01   1.0052e+01   4.1189e-02   4.1566e-02   3.3103e+02
20251224_02:00:00   1.4823e-01   3.8404e+01   9.7810e+00   5.6447e-04   3.1002e-02   3.3184e+02
20251224_03:00:00   1.5049e-01   3.8875e+01   9.8152e+00   2.2872e-03   4.0072e-02   3.3645e+02
20251224_04:00:00   1.6405e-01   4.1959e+01   9.8043e+00   1.7040e-02   2.1503e-02   3.3746e+02
20251224_05:00:00   1.5446e-01   3.9792e+01   9.7790e+00   6.0332e-03   3.0535e-02   3.3483e+02
20251224_06:00:00   1.6673e-01   4.2597e+01   9.8859e+00   1.7702e-02   5.9440e-02   3.3687e+02
20251224_07:00:00   1.5666e-01   4.0306e+01   9.8214e+00   6.4061e-03   6.2384e-02   3.3724e+02
20251224_08:00:00   1.5598e-01   4.0141e+01   9.7580e+00   6.1746e-03   5.1520e-02   3.4286e+02
20251224_09:00:00   1.5258e-01   3.9314e+01   9.7243e+00   2.0341e-03   1.0491e-01   3.4657e+02
20251224_10:00:00   1.5091e-01   3.8905e+01   9.6444e+00   1.3062e-04   2.7518e-01   3.5018e+02
20251224_11:00:00   1.5028e-01   3.8744e+01   9.4883e+00   2.0922e-04   3.7144e-01   3.5336e+02
20251224_12:00:00   1.4935e-01   3.8524e+01   9.3753e+00   6.4260e-05   3.1641e-01   3.5344e+02
20251224_13:00:00   1.4885e-01   3.8421e+01   9.3409e+00   1.3976e-07   1.9506e-01   3.4657e+02
20251224_14:00:00   1.4859e-01   3.8413e+01   9.1640e+00   1.8363e-03   2.0740e-02   3.4171e+02
20251224_15:00:00   1.4747e-01   3.8229e+01   8.8549e+00   3.2040e-03   8.2655e-04   3.3596e+02
20251224_16:00:00   1.4341e-01   3.7358e+01   8.5575e+00   1.0228e-03   2.4353e-03   3.3486e+02
20251224_17:00:00   1.4683e-01   3.8226e+01   8.2127e+00   8.3913e-03   3.0656e-03   3.3580e+02
20251224_18:00:00   1.5315e-01   3.9729e+01   8.0399e+00   1.7765e-02   1.2442e-03   3.3452e+02
20251224_19:00:00   2.1639e-01   5.3773e+01   7.7258e+00   9.1843e-02   2.7859e-03   3.3226e+02
20251224_20:00:00   2.8222e-01   6.7444e+01   7.3861e+00   1.6936e-01   3.7332e-03   3.3246e+02
20251224_21:00:00   2.2314e-01   5.5240e+01   7.3609e+00   1.0447e-01   4.8723e-03   3.2955e+02
20251224_22:00:00   1.6506e-01   4.2554e+01   7.1877e+00   4.2890e-02   1.6916e-03   3.3066e+02
20251224_23:00:00   1.4051e-01   3.6966e+01   7.0854e+00   1.8045e-02   1.1943e-03   3.2999e+02
20251225_00:00:00   1.4716e-01   3.8489e+01   7.3403e+00   2.4703e-02   3.1636e-03   3.2670e+02
20251225_01:00:00   1.3010e-01   3.4539e+01   7.3823e+00   6.2790e-03   2.3761e-02   3.2334e+02
20251225_02:00:00   1.2675e-01   3.3726e+01   7.6213e+00   3.5370e-04   9.7133e-02   3.2204e+02
20251225_03:00:00   1.2924e-01   3.4273e+01   8.0529e+00   2.4254e-06   1.5605e-01   3.2044e+02
20251225_04:00:00   1.3404e-01   3.5348e+01   8.7422e+00   0.0000e+00   2.7221e-01   3.1893e+02
20251225_05:00:00   1.3452e-01   3.5460e+01   9.0118e+00   0.0000e+00   2.2181e-01   3.2146e+02
20251225_06:00:00   1.3421e-01   3.5396e+01   9.1180e+00   0.0000e+00   1.1512e-01   3.2163e+02
20251225_07:00:00   1.3912e-01   3.6531e+01   9.8164e+00   0.0000e+00   1.3380e-01   3.2190e+02
20251225_08:00:00   1.6473e-01   4.2439e+01   1.2946e+01   0.0000e+00   1.7386e-01   3.1658e+02
20251225_09:00:00   1.7201e-01   4.4133e+01   1.3772e+01   0.0000e+00   1.9221e-01   3.1483e+02
20251225_10:00:00   1.5541e-01   4.0499e+01   1.1792e+01   0.0000e+00   3.9115e-03   3.1920e+02
20251225_11:00:00   1.5861e-01   4.1276e+01   1.1983e+01   0.0000e+00   6.8229e-02   3.2143e+02
20251225_12:00:00   1.5285e-01   4.0086e+01   1.1461e+01   0.0000e+00   2.8087e-04   3.1972e+02
20251225_13:00:00   1.4690e-01   3.8769e+01   1.0644e+01   0.0000e+00   1.7042e-03   3.2227e+02
20251225_14:00:00   1.4087e-01   3.7374e+01   1.0067e+01   0.0000e+00   2.4231e-03   3.2256e+02
20251225_15:00:00   1.3267e-01   3.5528e+01   9.1190e+00   0.0000e+00   4.4013e-03   3.2273e+02
20251225_16:00:00   1.6331e-01   4.2656e+01   1.2588e+01   0.0000e+00   1.6987e-04   3.1881e+02
20251225_17:00:00   3.5497e-01   8.2685e+01   1.5092e+01   1.8698e-01   6.0032e-03   3.1703e+02
20251225_18:00:00   4.3586e-01   9.7403e+01   1.5276e+01   2.7513e-01   4.2580e-03   3.1494e+02
20251225_21:00:00   2.2334e-01   5.6362e+01   1.5483e+01   3.4977e-02   3.3192e-03   3.1106e+02
20251226_00:00:00   2.0950e-01   5.3376e+01   1.6833e+01   8.7790e-03   1.9907e-02   3.1168e+02
20251226_03:00:00   2.3557e-01   5.9050e+01   1.8333e+01   2.7578e-02   2.0085e-02   3.1549e+02
20251226_06:00:00   2.4577e-01   6.1374e+01   1.8936e+01   3.4459e-02   1.1983e-02   3.0103e+02
20251226_09:00:00   8.1423e-01   1.5457e+02   2.3527e+01   6.4198e-01   1.4771e-01   2.9584e+02
20251226_12:00:00   4.4133e-01   1.0048e+02   2.3840e+01   2.1533e-01   6.3945e-02   2.9606e+02
20251226_15:00:00   4.2489e-01   9.7081e+01   2.5332e+01   1.7680e-01   2.2885e-01   3.0072e+02
20251226_18:00:00   2.8159e-01   7.0084e+01   1.3639e+01   1.1610e-01   4.4041e-03   3.1563e+02
20251226_21:00:00   1.4047e-01   3.7764e+01   8.3350e+00   7.7240e-03   5.3060e-05   3.2489e+02
20251227_00:00:00   1.0708e-01   2.9340e+01   5.0848e+00   0.0000e+00   4.5144e-06   3.2396e+02
20251227_03:00:00   9.7663e-02   2.6833e+01   3.6902e+00   0.0000e+00   9.9760e-06   3.4965e+02
20251227_06:00:00   8.7349e-02   2.4207e+01   2.3424e+00   0.0000e+00   3.3768e-04   3.8026e+02
20251227_09:00:00   8.2212e-02   2.2901e+01   1.6481e+00   0.0000e+00   0.0000e+00   3.7900e+02
20251227_12:00:00   8.4945e-02   2.3472e+01   2.1697e+00   0.0000e+00   9.4535e-04   3.7551e+02
20251227_15:00:00   9.1073e-02   2.4867e+01   3.0553e+00   0.0000e+00   1.4824e-02   3.7682e+02
20251227_18:00:00   9.6866e-02   2.6219e+01   3.9109e+00   0.0000e+00   1.8870e-02   3.6322e+02
20251227_21:00:00   1.0153e-01   2.7330e+01   4.5346e+00   0.0000e+00   2.1355e-02   3.4667e+02
20251228_00:00:00   1.0747e-01   2.8765e+01   5.1686e+00   0.0000e+00   4.2901e-05   3.4636e+02
20251228_03:00:00   1.1330e-01   3.0150e+01   5.7279e+00   0.0000e+00   1.2813e-06   3.4590e+02
20251228_06:00:00   1.1806e-01   3.1292e+01   6.4370e+00   0.0000e+00   8.2544e-04   3.4532e+02
20251228_09:00:00   1.3031e-01   3.4158e+01   7.9399e+00   0.0000e+00   2.0345e-02   3.5270e+02
20251228_12:00:00   1.3936e-01   3.6258e+01   9.1440e+00   1.6292e-04   5.7799e-02   3.5604e+02
20251228_15:00:00   1.4089e-01   3.6673e+01   9.2738e+00   6.1940e-04   3.1907e-02   3.6170e+02
20251228_18:00:00   1.5640e-01   4.0254e+01   1.1209e+01   2.4991e-04   5.0993e-02   3.6778e+02
20251228_21:00:00   1.8323e-01   4.6317e+01   1.3394e+01   7.0505e-03   2.8145e-01   3.7112e+02
20251229_00:00:00   1.8615e-01   4.7063e+01   1.3706e+01   5.3943e-03   5.0593e-01   3.8127e+02
20251229_03:00:00   5.4977e-01   1.1578e+02   1.4327e+01   4.1017e-01   5.5809e-01   3.8015e+02
20251229_06:00:00   9.1648e-01   1.6407e+02   1.3784e+01   8.3228e-01   1.2845e-01   3.6652e+02
20251229_09:00:00   8.3662e-01   1.5521e+02   1.2991e+01   7.4921e-01   4.0460e-03   3.5443e+02
20251229_12:00:00   3.7122e-01   8.5541e+01   1.1423e+01   2.3455e-01   1.9220e-03   3.4969e+02
20251229_15:00:00   1.6821e-01   4.3570e+01   1.0097e+01   1.7815e-02   1.4423e-04   3.4798e+02
20251229_18:00:00   1.5239e-01   3.9947e+01   9.7758e+00   5.0841e-03   5.4837e-05   3.4865e+02
20251229_21:00:00   1.3411e-01   3.5645e+01   8.3101e+00   5.8455e-04   1.9916e-05   3.4714e+02
20251230_00:00:00   1.2349e-01   3.3108e+01   5.7148e+00   7.8180e-03   4.5668e-04   3.4316e+02
20251230_03:00:00   1.0576e-01   2.8827e+01   4.3568e+00   0.0000e+00   8.9972e-06   3.4086e+02
20251230_06:00:00   9.7349e-02   2.6776e+01   3.4024e+00   0.0000e+00   6.1049e-06   3.3882e+02
20251230_09:00:00   9.3944e-02   2.5954e+01   3.1133e+00   0.0000e+00   3.8539e-06   3.3107e+02
20251230_12:00:00   9.6988e-02   2.6680e+01   3.7328e+00   0.0000e+00   1.3408e-06   3.2253e+02
20251230_15:00:00   1.0179e-01   2.7860e+01   4.3584e+00   0.0000e+00   0.0000e+00   3.2174e+02
20251230_18:00:00   1.0654e-01   2.9062e+01   5.0617e+00   0.0000e+00   0.0000e+00   3.2205e+02
20251230_21:00:00   1.1019e-01   2.9960e+01   5.6841e+00   0.0000e+00   0.0000e+00   3.1889e+02
20251231_00:00:00   1.1169e-01   3.0353e+01   5.8801e+00   0.0000e+00   0.0000e+00   3.2139e+02
20251231_03:00:00   1.0589e-01   2.9017e+01   5.0928e+00   0.0000e+00   1.9940e-05   3.0674e+02
20251231_06:00:00   1.0065e-01   2.7776e+01   4.4521e+00   0.0000e+00   1.0847e-03   3.1296e+02
20251231_09:00:00   1.0304e-01   2.8321e+01   5.0795e+00   0.0000e+00   1.1468e-04   3.1145e+02
20251231_12:00:00   1.0218e-01   2.8151e+01   5.0870e+00   0.0000e+00   5.2388e-05   3.1579e+02
20251231_15:00:00   1.1099e-01   3.0260e+01   6.5935e+00   0.0000e+00   8.2626e-04   3.2315e+02
20251231_18:00:00   1.1690e-01   3.1719e+01   7.7193e+00   0.0000e+00   5.7105e-03   3.3675e+02
20251231_21:00:00   1.2272e-01   3.3122e+01   8.7082e+00   0.0000e+00   3.6176e-03   3.3202e+02
20260101_00:00:00   1.2312e-01   3.3239e+01   8.7948e+00   0.0000e+00   4.3873e-04   3.2052e+02
20260101_03:00:00   1.2568e-01   3.3808e+01   9.2325e+00   0.0000e+00   3.0667e-02   3.1794e+02
20260101_06:00:00   1.2919e-01   3.4588e+01   9.7306e+00   0.0000e+00   1.0050e-01   3.1234e+02
20260101_09:00:00   1.4871e-01   3.9239e+01   1.1991e+01   0.0000e+00   1.6886e-02   3.1772e+02
20260101_12:00:00   1.5224e-01   4.0235e+01   1.1956e+01   0.0000e+00   5.6518e-04   3.0890e+02
20260101_15:00:00   2.8986e-01   6.9809e+01   1.2500e+01   1.4548e-01   4.4535e-03   3.1005e+02
20260101_18:00:00   1.5640e-01   4.1312e+01   1.1589e+01   2.7911e-03   3.1907e-03   3.1117e+02
20260101_21:00:00   2.1789e-01   5.5102e+01   1.0715e+01   7.7561e-02   4.2339e-03   3.1623e+02
20260102_00:00:00   1.6453e-01   4.3284e+01   1.2369e+01   2.8880e-03   2.2669e-04   3.2026e+02
20260102_03:00:00   2.2288e-01   5.6385e+01   1.2730e+01   6.5302e-02   4.5236e-04   3.1570e+02
20260102_06:00:00   1.6565e-01   4.3554e+01   1.2294e+01   5.8167e-03   3.5035e-03   3.1337e+02
20260102_09:00:00   1.6312e-01   4.2974e+01   1.2816e+01   2.7862e-04   8.7462e-04   3.0592e+02
20260102_12:00:00   1.6765e-01   4.3946e+01   1.3822e+01   0.0000e+00   8.5703e-04   2.9927e+02
20260102_15:00:00   1.7159e-01   4.4865e+01   1.4530e+01   0.0000e+00   3.4532e-04   3.0410e+02
20260102_18:00:00   1.7105e-01   4.4874e+01   1.4358e+01   0.0000e+00   2.4955e-03   2.9351e+02
20260102_21:00:00   1.7227e-01   4.5171e+01   1.4694e+01   0.0000e+00   4.3658e-03   2.9635e+02
20260103_00:00:00   1.7783e-01   4.6469e+01   1.5417e+01   0.0000e+00   6.0370e-03   3.0324e+02
20260103_03:00:00   1.9099e-01   4.9407e+01   1.6907e+01   0.0000e+00   1.4846e-02   3.0411e+02
20260103_06:00:00   2.0253e-01   5.2059e+01   1.8157e+01   0.0000e+00   2.4394e-02   3.0355e+02
20260103_09:00:00   2.0732e-01   5.3074e+01   1.9011e+01   0.0000e+00   9.7288e-03   3.1446e+02
20260103_12:00:00   3.4994e-01   8.2653e+01   2.1215e+01   1.3540e-01   4.3450e-02   3.2221e+02
20260103_15:00:00   3.7683e-01   8.8048e+01   2.0597e+01   1.7269e-01   1.0103e-02   3.3123e+02
20260103_18:00:00   7.1212e-01   1.4143e+02   2.3609e+01   5.3317e-01   1.0708e-01   3.2778e+02
20260103_21:00:00   1.0820e+00   1.8122e+02   2.3341e+01   9.4057e-01   6.0149e-01   3.3385e+02
20260104_00:00:00   1.3114e+00   1.9952e+02   1.9652e+01   1.2270e+00   2.7974e-01   3.4214e+02
20260104_03:00:00   9.1881e-01   1.6449e+02   1.3930e+01   8.3118e-01   9.0996e-03   3.4878e+02
20260104_06:00:00   8.0632e-01   1.5163e+02   9.7167e+00   7.4381e-01   7.8409e-04   3.6164e+02
20260104_09:00:00   3.9035e-01   8.9369e+01   9.7259e+00   2.7719e-01   5.8502e-04   3.7194e+02
20260104_12:00:00   3.4474e-01   8.0581e+01   9.9311e+00   2.2446e-01   7.0332e-04   3.7041e+02
20260104_15:00:00   2.4492e-01   6.0443e+01   1.0198e+01   1.1046e-01   3.5988e-03   3.7620e+02
20260104_18:00:00   2.0467e-01   5.1823e+01   9.9280e+00   6.7048e-02   1.8316e-02   3.8974e+02
20260104_21:00:00   1.4718e-01   3.8967e+01   9.1427e+00   8.0756e-03   6.3718e-03   3.9073e+02
20260105_00:00:00   1.4040e-01   3.7396e+01   8.3070e+00   8.0060e-03   3.1271e-03   3.9015e+02
20260105_03:00:00   1.3270e-01   3.5575e+01   8.1422e+00   9.1274e-04   1.0704e-03   4.0801e+02
20260105_06:00:00   1.2851e-01   3.4623e+01   7.8045e+00   1.6116e-04   3.4407e-04   4.0195e+02
20260105_09:00:00   1.2469e-01   3.3737e+01   7.3221e+00   5.0260e-05   1.9772e-04   3.8804e+02
20260105_12:00:00   1.2275e-01   3.3307e+01   6.9711e+00   3.5580e-04   1.0398e-05   3.7726e+02
20260105_15:00:00   1.2829e-01   3.4621e+01   7.2725e+00   1.9708e-03   2.7960e-05   3.7156e+02
20260105_18:00:00   1.2723e-01   3.4396e+01   7.2859e+00   0.0000e+00   6.5660e-06   3.6328e+02
