#            date       tau255        Tb[K]      pwv[mm] lwp[kg*m^-2] iwp[kg*m^-2]       o3[DU]
20260705_00:00:00   1.4013e+00   2.1250e+02   5.0972e+01   1.0423e+00   1.7502e-02   3.1989e+02
20260705_01:00:00   8.3500e-01   1.6052e+02   4.7618e+01   4.4390e-01   4.8188e-03   3.2069e+02
20260705_02:00:00   5.9884e-01   1.2875e+02   4.5852e+01   1.9252e-01   2.9074e-03   3.2126e+02
20260705_03:00:00   4.1465e-01   9.8373e+01   4.3865e+01   5.1127e-03   5.9903e-03   3.2021e+02
20260705_04:00:00   3.9463e-01   9.4362e+01   4.1708e+01   4.8677e-03   1.1204e-03   3.2082e+02
20260705_05:00:00   5.1852e-01   1.1559e+02   3.9706e+01   1.6631e-01   7.5571e-03   3.2067e+02
20260705_06:00:00   6.2327e-01   1.3253e+02   3.8495e+01   3.0659e-01   5.9579e-03   3.2045e+02
20260705_07:00:00   7.4355e-01   1.4953e+02   3.7780e+01   4.5525e-01   2.9897e-03   3.2155e+02
20260705_08:00:00   5.1610e-01   1.1575e+02   3.7192e+01   1.9345e-01   1.4678e-03   3.2141e+02
20260705_09:00:00   3.9460e-01   9.4167e+01   3.6109e+01   6.3080e-02   1.1060e-03   3.2235e+02
20260705_10:00:00   3.2937e-01   8.1427e+01   3.4479e+01   5.0835e-03   1.7099e-03   3.2470e+02
20260705_11:00:00   3.1666e-01   7.8855e+01   3.3572e+01   0.0000e+00   8.3969e-04   3.2494e+02
20260705_12:00:00   3.1605e-01   7.8725e+01   3.3467e+01   0.0000e+00   5.4935e-04   3.2630e+02
20260705_13:00:00   3.2441e-01   8.0399e+01   3.4429e+01   0.0000e+00   1.4081e-03   3.2676e+02
20260705_14:00:00   3.3074e-01   8.1705e+01   3.4922e+01   2.0423e-03   1.1936e-02   3.2814e+02
20260705_15:00:00   3.4055e-01   8.3682e+01   3.5837e+01   3.8178e-03   4.7860e-03   3.2963e+02
20260705_16:00:00   3.6356e-01   8.8154e+01   3.7017e+01   1.9218e-02   1.0553e-02   3.2955e+02
20260705_17:00:00   3.8857e-01   9.3058e+01   3.7860e+01   3.8568e-02   7.1970e-03   3.2993e+02
20260705_18:00:00   4.3271e-01   1.0125e+02   3.8681e+01   8.1297e-02   5.1363e-03   3.2714e+02
20260705_19:00:00   4.2077e-01   9.9095e+01   3.9658e+01   5.7469e-02   2.0764e-03   3.2613e+02
20260705_20:00:00   5.2479e-01   1.1689e+02   4.0640e+01   1.6787e-01   1.0268e-02   3.2511e+02
20260705_21:00:00   4.9981e-01   1.1290e+02   4.1569e+01   1.2776e-01   1.4479e-02   3.2449e+02
20260705_22:00:00   4.2683e-01   1.0021e+02   4.1487e+01   4.2915e-02   1.0794e-01   3.2417e+02
20260705_23:00:00   4.3524e-01   1.0164e+02   4.1654e+01   4.7627e-02   2.7152e-01   3.2370e+02
20260706_00:00:00   6.2029e-01   1.3099e+02   4.1802e+01   2.5124e-01   2.7111e-01   3.2365e+02
20260706_01:00:00   6.8773e-01   1.4037e+02   4.1885e+01   3.2280e-01   3.5006e-01   3.2491e+02
20260706_02:00:00   4.0692e-01   9.6495e+01   4.1178e+01   1.2951e-02   2.9123e-01   3.2473e+02
20260706_03:00:00   3.7904e-01   9.1143e+01   3.9672e+01   0.0000e+00   2.5672e-01   3.2507e+02
20260706_04:00:00   3.7256e-01   8.9780e+01   3.9228e+01   0.0000e+00   2.7613e-01   3.2369e+02
20260706_05:00:00   3.9945e-01   9.4704e+01   3.9629e+01   2.3539e-02   3.3523e-01   3.2178e+02
20260706_06:00:00   3.8174e-01   9.1398e+01   3.9444e+01   2.1705e-03   5.1977e-01   3.2263e+02
20260706_07:00:00   3.7858e-01   9.0693e+01   3.8572e+01   8.2320e-03   3.8675e-01   3.2390e+02
20260706_08:00:00   3.7383e-01   8.9694e+01   3.7752e+01   9.7051e-03   4.1405e-01   3.2514e+02
20260706_09:00:00   3.6317e-01   8.7567e+01   3.7087e+01   4.4247e-03   4.8903e-01   3.2686e+02
20260706_10:00:00   3.6403e-01   8.7695e+01   3.6837e+01   9.0507e-03   5.7265e-01   3.2680e+02
20260706_11:00:00   5.6590e-01   1.2180e+02   3.6878e+01   2.4178e-01   9.5644e-01   3.2590e+02
20260706_12:00:00   6.9908e-01   1.4100e+02   3.8693e+01   3.6969e-01   6.3025e-01   3.2489e+02
20260706_13:00:00   5.8856e-01   1.2490e+02   3.7798e+01   2.5375e-01   6.0463e-01   3.2812e+02
20260706_14:00:00   5.2297e-01   1.1494e+02   3.8134e+01   1.7766e-01   3.6085e-01   3.2976e+02
20260706_15:00:00   6.3437e-01   1.3229e+02   3.8636e+01   2.9763e-01   7.7631e-01   3.2952e+02
20260706_16:00:00   4.2868e-01   9.9479e+01   3.8865e+01   6.1110e-02   6.0432e-01   3.2920e+02
20260706_17:00:00   4.2983e-01   9.9565e+01   3.8887e+01   6.4471e-02   5.5746e-01   3.2988e+02
20260706_18:00:00   7.4012e-01   1.4610e+02   3.9788e+01   4.0665e-01   5.7746e-01   3.3091e+02
20260706_19:00:00   1.0584e+00   1.8222e+02   4.2081e+01   7.4546e-01   6.9124e-01   3.2995e+02
20260706_20:00:00   1.1638e+00   1.9248e+02   4.3473e+01   8.5586e-01   6.9437e-01   3.2877e+02
20260706_21:00:00   1.0860e+00   1.8587e+02   4.3990e+01   7.6223e-01   7.3416e-01   3.2861e+02
20260706_22:00:00   1.1091e+00   1.8819e+02   4.4386e+01   7.8452e-01   4.6487e-01   3.2888e+02
20260706_23:00:00   1.2843e+00   2.0248e+02   4.5113e+01   9.7381e-01   1.2034e-01   3.2786e+02
20260707_00:00:00   1.6100e+00   2.2406e+02   4.5585e+01   1.3469e+00   1.9081e-01   3.2520e+02
20260707_01:00:00   1.9153e+00   2.3986e+02   4.6288e+01   1.7048e+00   1.0082e-01   3.2477e+02
20260707_02:00:00   2.1323e+00   2.4851e+02   4.6613e+01   1.9633e+00   9.5329e-02   3.2539e+02
20260707_03:00:00   2.1155e+00   2.4830e+02   4.7153e+01   1.9467e+00   1.5137e-01   3.2289e+02
20260707_04:00:00   2.0273e+00   2.4566e+02   4.7090e+01   1.8573e+00   9.5863e-02   3.2228e+02
20260707_05:00:00   1.9481e+00   2.4251e+02   4.6835e+01   1.7669e+00   6.8102e-02   3.2229e+02
20260707_06:00:00   1.8066e+00   2.3678e+02   4.6677e+01   1.6114e+00   4.8661e-02   3.2202e+02
20260707_07:00:00   1.8551e+00   2.3867e+02   4.6704e+01   1.6615e+00   1.3843e-01   3.2308e+02
20260707_08:00:00   1.8504e+00   2.3856e+02   4.6628e+01   1.6567e+00   9.6255e-02   3.2413e+02
20260707_09:00:00   1.6176e+00   2.2645e+02   4.6622e+01   1.3710e+00   2.6632e-01   3.2517e+02
20260707_10:00:00   1.0895e+00   1.8853e+02   4.5418e+01   7.7537e-01   1.1156e-01   3.2742e+02
20260707_11:00:00   1.3285e+00   2.0917e+02   4.4844e+01   1.0786e+00   3.7396e-03   3.2727e+02
20260707_12:00:00   1.5026e+00   2.2134e+02   4.5397e+01   1.2855e+00   5.1869e-03   3.2728e+02
20260707_13:00:00   1.4143e+00   2.1521e+02   4.5169e+01   1.1744e+00   4.8098e-02   3.2827e+02
20260707_14:00:00   1.0835e+00   1.8834e+02   4.4697e+01   7.8374e-01   2.0343e-01   3.2857e+02
20260707_15:00:00   9.8377e-01   1.7842e+02   4.4090e+01   6.7079e-01   1.3922e-01   3.2762e+02
20260707_16:00:00   1.1306e+00   1.9193e+02   4.3271e+01   8.4222e-01   5.5960e-02   3.2761e+02
20260707_17:00:00   1.0583e+00   1.8581e+02   4.0567e+01   7.9252e-01   3.8422e-03   3.2996e+02
20260707_18:00:00   7.3175e-01   1.4804e+02   3.6657e+01   4.2901e-01   9.2360e-05   3.3153e+02
20260707_19:00:00   5.1973e-01   1.1616e+02   3.3762e+01   1.9690e-01   3.0742e-04   3.3604e+02
20260707_20:00:00   5.5186e-01   1.2170e+02   3.0743e+01   2.6848e-01   2.4623e-03   3.4139e+02
20260707_21:00:00   4.7252e-01   1.0842e+02   2.8902e+01   1.9170e-01   3.0502e-03   3.4077e+02
20260707_22:00:00   3.8876e-01   9.3142e+01   2.6905e+01   1.0988e-01   1.2464e-03   3.3694e+02
20260707_23:00:00   3.8272e-01   9.2004e+01   2.5308e+01   1.1789e-01   8.9546e-03   3.3646e+02
20260708_00:00:00   3.5807e-01   8.7249e+01   2.4538e+01   9.5258e-02   8.2185e-03   3.3569e+02
20260708_01:00:00   3.2792e-01   8.1214e+01   2.4054e+01   6.4172e-02   7.0707e-03   3.3606e+02
20260708_02:00:00   3.2826e-01   8.1355e+01   2.2489e+01   8.4527e-02   4.6844e-03   3.3673e+02
20260708_03:00:00   3.3102e-01   8.1918e+01   2.1288e+01   1.0197e-01   1.7340e-03   3.3644e+02
20260708_04:00:00   3.1494e-01   7.8585e+01   2.0476e+01   9.1241e-02   1.6877e-03   3.3600e+02
20260708_05:00:00   2.8802e-01   7.2960e+01   2.0020e+01   6.3726e-02   7.6213e-04   3.3564e+02
20260708_06:00:00   2.7876e-01   7.0985e+01   2.0112e+01   5.1982e-02   1.9647e-03   3.3496e+02
20260708_07:00:00   2.6531e-01   6.8071e+01   1.9734e+01   4.1325e-02   5.7144e-03   3.3492e+02
20260708_08:00:00   2.7315e-01   6.9754e+01   1.9078e+01   5.9826e-02   9.4427e-03   3.3515e+02
20260708_09:00:00   2.7496e-01   7.0098e+01   1.8817e+01   6.6408e-02   4.0641e-03   3.3564e+02
20260708_10:00:00   2.2739e-01   5.9629e+01   1.8059e+01   1.7570e-02   4.4786e-03   3.3606e+02
20260708_11:00:00   2.2215e-01   5.8419e+01   1.8091e+01   1.1001e-02   4.6376e-03   3.3705e+02
20260708_12:00:00   2.2643e-01   5.9394e+01   1.8306e+01   1.4593e-02   3.9161e-03   3.3866e+02
20260708_13:00:00   2.1941e-01   5.7806e+01   1.8876e+01   1.4159e-03   1.1590e-02   3.3916e+02
20260708_14:00:00   2.1742e-01   5.7402e+01   1.9033e+01   9.5860e-05   2.6130e-02   3.3828e+02
20260708_15:00:00   2.1479e-01   5.6868e+01   1.9198e+01   0.0000e+00   6.1760e-02   3.3835e+02
20260708_16:00:00   2.1117e-01   5.6149e+01   1.9010e+01   0.0000e+00   1.1779e-01   3.4012e+02
20260708_17:00:00   2.0525e-01   5.4968e+01   1.8301e+01   0.0000e+00   2.3778e-02   3.4352e+02
20260708_18:00:00   2.0900e-01   5.5964e+01   1.8383e+01   0.0000e+00   6.7410e-03   3.4513e+02
20260708_19:00:00   2.2181e-01   5.8908e+01   1.9564e+01   0.0000e+00   1.3860e-05   3.4800e+02
20260708_20:00:00   2.2037e-01   5.8663e+01   1.9295e+01   0.0000e+00   0.0000e+00   3.4636e+02
20260708_21:00:00   2.2575e-01   5.9881e+01   1.9752e+01   0.0000e+00   0.0000e+00   3.4486e+02
20260708_22:00:00   2.2511e-01   5.9735e+01   1.9684e+01   0.0000e+00   9.6560e-06   3.4402e+02
20260708_23:00:00   2.2278e-01   5.9178e+01   1.9529e+01   0.0000e+00   3.0337e-05   3.3962e+02
20260709_00:00:00   2.2173e-01   5.8914e+01   1.9579e+01   0.0000e+00   5.9640e-06   3.3860e+02
20260709_01:00:00   2.2401e-01   5.9375e+01   1.9930e+01   0.0000e+00   4.6560e-06   3.3751e+02
20260709_02:00:00   2.2794e-01   6.0214e+01   2.0347e+01   0.0000e+00   4.9034e-05   3.3678e+02
20260709_03:00:00   2.3577e-01   6.1901e+01   2.1096e+01   0.0000e+00   3.9322e-05   3.3677e+02
20260709_04:00:00   2.4103e-01   6.3016e+01   2.1645e+01   0.0000e+00   7.9080e-06   3.3458e+02
20260709_05:00:00   2.4148e-01   6.3129e+01   2.1644e+01   0.0000e+00   2.2187e-04   3.3435e+02
20260709_06:00:00   2.4738e-01   6.4420e+01   2.2122e+01   0.0000e+00   6.2540e-04   3.3575e+02
20260709_07:00:00   2.4372e-01   6.3620e+01   2.1747e+01   0.0000e+00   6.1520e-05   3.3577e+02
20260709_08:00:00   2.4312e-01   6.3469e+01   2.1633e+01   0.0000e+00   0.0000e+00   3.3385e+02
20260709_09:00:00   2.4151e-01   6.3108e+01   2.1443e+01   0.0000e+00   0.0000e+00   3.3518e+02
20260709_10:00:00   2.4652e-01   6.4205e+01   2.1929e+01   0.0000e+00   0.0000e+00   3.3527e+02
20260709_11:00:00   2.5404e-01   6.5862e+01   2.2901e+01   0.0000e+00   0.0000e+00   3.3525e+02
20260709_12:00:00   2.6311e-01   6.7829e+01   2.4395e+01   2.8971e-05   5.1917e-04   3.3550e+02
20260709_13:00:00   2.7897e-01   7.1270e+01   2.6379e+01   1.8710e-04   1.1878e-03   3.3567e+02
20260709_14:00:00   3.0514e-01   7.6814e+01   2.9406e+01   2.2096e-05   8.7480e-04   3.3614e+02
20260709_15:00:00   3.2039e-01   8.0102e+01   3.1316e+01   0.0000e+00   4.8740e-05   3.3775e+02
20260709_16:00:00   3.3715e-01   8.3646e+01   3.2673e+01   2.0360e-04   0.0000e+00   3.3893e+02
20260709_17:00:00   3.3421e-01   8.3338e+01   3.2304e+01   3.3620e-04   0.0000e+00   3.3920e+02
20260709_18:00:00   4.2545e-01   1.0108e+02   3.3076e+01   1.0527e-01   0.0000e+00   3.3695e+02
20260709_19:00:00   5.1388e-01   1.1676e+02   3.6377e+01   1.8316e-01   0.0000e+00   3.3333e+02
20260709_20:00:00   4.1321e-01   9.8662e+01   4.0920e+01   1.7539e-02   0.0000e+00   3.2724e+02
20260709_21:00:00   4.0666e-01   9.7519e+01   4.1580e+01   4.6306e-03   0.0000e+00   3.2368e+02
20260709_22:00:00   4.9063e-01   1.1278e+02   4.2392e+01   8.9880e-02   0.0000e+00   3.2016e+02
20260709_23:00:00   4.0109e-01   9.6496e+01   4.0678e+01   1.8238e-03   0.0000e+00   3.1787e+02
20260710_00:00:00   4.1553e-01   9.9045e+01   4.2772e+01   0.0000e+00   4.7580e-04   3.1693e+02
20260710_03:00:00   5.9175e-01   1.2782e+02   4.6821e+01   1.6139e-01   2.1661e-03   3.1765e+02
20260710_06:00:00   6.1977e-01   1.3161e+02   4.8047e+01   1.6851e-01   7.2348e-01   3.2528e+02
20260710_09:00:00   4.4507e-01   1.0423e+02   4.4821e+01   0.0000e+00   4.1140e-06   3.4143e+02
20260710_12:00:00   4.4159e-01   1.0400e+02   4.2906e+01   1.2634e-03   0.0000e+00   3.2530e+02
20260710_15:00:00   4.4502e-01   1.0512e+02   4.0953e+01   3.1017e-02   1.0886e-04   3.2122e+02
20260710_18:00:00   4.6175e-01   1.0772e+02   4.4066e+01   2.1762e-02   3.5085e-02   3.1732e+02
20260710_21:00:00   3.7040e-01   9.0410e+01   3.7445e+01   6.6120e-04   4.2322e-02   3.2165e+02
20260711_00:00:00   2.5703e-01   6.6763e+01   2.4731e+01   0.0000e+00   1.5939e-02   3.3193e+02
20260711_03:00:00   1.5944e-01   4.3902e+01   1.4116e+01   0.0000e+00   0.0000e+00   3.4252e+02
20260711_06:00:00   1.4040e-01   3.9226e+01   1.1065e+01   0.0000e+00   0.0000e+00   3.4340e+02
20260711_09:00:00   1.3593e-01   3.8097e+01   1.0516e+01   0.0000e+00   0.0000e+00   3.4183e+02
20260711_12:00:00   1.5305e-01   4.2249e+01   1.2843e+01   0.0000e+00   5.8099e-05   3.3504e+02
20260711_15:00:00   1.6447e-01   4.5092e+01   1.4508e+01   0.0000e+00   1.3902e-02   3.3279e+02
20260711_18:00:00   1.7165e-01   4.6878e+01   1.5880e+01   0.0000e+00   1.3384e-02   3.3385e+02
20260711_21:00:00   1.9189e-01   5.1757e+01   1.8599e+01   0.0000e+00   4.4740e-04   3.3082e+02
20260712_00:00:00   2.1981e-01   5.8113e+01   2.2253e+01   0.0000e+00   3.0883e-03   3.3364e+02
20260712_03:00:00   2.3043e-01   6.0320e+01   2.3572e+01   0.0000e+00   5.8543e-03   3.3086e+02
20260712_06:00:00   2.3967e-01   6.2168e+01   2.4824e+01   0.0000e+00   1.0207e-02   3.3072e+02
20260712_09:00:00   2.4685e-01   6.3712e+01   2.5801e+01   0.0000e+00   6.1732e-03   3.3377e+02
20260712_12:00:00   2.4945e-01   6.4204e+01   2.6250e+01   0.0000e+00   2.6826e-02   3.3232e+02
20260712_15:00:00   2.5128e-01   6.4799e+01   2.6430e+01   0.0000e+00   5.4253e-03   3.3358e+02
20260712_18:00:00   2.4703e-01   6.3933e+01   2.6267e+01   0.0000e+00   2.0181e-01   3.3390e+02
20260712_21:00:00   2.5842e-01   6.6135e+01   2.8203e+01   0.0000e+00   1.0153e-01   3.2916e+02
20260713_00:00:00   2.4347e-01   6.2420e+01   2.6868e+01   0.0000e+00   5.6165e-01   3.3382e+02
20260713_03:00:00   8.1638e-01   1.5484e+02   2.8862e+01   6.2954e-01   4.6020e-01   3.3244e+02
20260713_06:00:00   1.2571e+00   1.9948e+02   3.9670e+01   1.0162e+00   6.2465e-01   3.3560e+02
20260713_09:00:00   1.1295e+00   1.9012e+02   4.5772e+01   8.0236e-01   1.2231e+00   3.2969e+02
20260713_12:00:00   1.0928e+00   1.8934e+02   4.5199e+01   8.0460e-01   1.1250e-01   3.3274e+02
20260713_15:00:00   1.4326e+00   2.1696e+02   4.4243e+01   1.2337e+00   1.7433e-02   3.3280e+02
20260713_18:00:00   1.2892e+00   2.0619e+02   3.8091e+01   1.0992e+00   1.4010e-04   3.3576e+02
20260713_21:00:00   4.1806e-01   9.8122e+01   3.2731e+01   9.5254e-02   8.2755e-02   3.3801e+02
20260714_00:00:00   3.0608e-01   7.6254e+01   2.9769e+01   0.0000e+00   8.0475e-02   3.4206e+02
20260714_03:00:00   2.7367e-01   6.9665e+01   2.6367e+01   0.0000e+00   1.2512e-03   3.4675e+02
20260714_06:00:00   2.5495e-01   6.5622e+01   2.4600e+01   0.0000e+00   8.5080e-05   3.5031e+02
20260714_09:00:00   2.4797e-01   6.4160e+01   2.3753e+01   0.0000e+00   8.2140e-05   3.5861e+02
20260714_12:00:00   2.4868e-01   6.4540e+01   2.3103e+01   0.0000e+00   1.3398e-05   3.6877e+02
20260714_15:00:00   2.4630e-01   6.4427e+01   2.1774e+01   0.0000e+00   1.3664e-03   3.7153e+02
20260714_18:00:00   2.5806e-01   6.7346e+01   2.2934e+01   1.0630e-04   3.0173e-03   3.6457e+02
20260714_21:00:00   2.7687e-01   7.1595e+01   2.5089e+01   6.2840e-04   1.0784e-03   3.5808e+02
20260715_00:00:00   3.1039e-01   7.8422e+01   2.6738e+01   1.5918e-02   3.0540e-03   3.5053e+02
20260715_03:00:00   2.8557e-01   7.3273e+01   2.5151e+01   2.2140e-03   3.4010e-03   3.4679e+02
20260715_06:00:00   2.7936e-01   7.1771e+01   2.4912e+01   1.4732e-04   1.3130e-02   3.4365e+02
20260715_09:00:00   2.7950e-01   7.1677e+01   2.5790e+01   0.0000e+00   1.0332e-01   3.4337e+02
20260715_12:00:00   3.1360e-01   7.8686e+01   2.9997e+01   0.0000e+00   5.9540e-02   3.4660e+02
20260715_15:00:00   3.4171e-01   8.4663e+01   3.2837e+01   0.0000e+00   2.0185e-02   3.5131e+02
20260715_18:00:00   3.4859e-01   8.6263e+01   3.2595e+01   1.1317e-02   2.8350e-02   3.4567e+02
20260715_21:00:00   8.7310e-01   1.6641e+02   3.7879e+01   5.8326e-01   1.0135e-01   3.4541e+02
20260716_00:00:00   3.6425e-01   8.8958e+01   3.6792e+01   1.3302e-03   2.2620e-05   3.4505e+02
20260716_03:00:00   3.1198e-01   7.8342e+01   3.1313e+01   0.0000e+00   0.0000e+00   3.3696e+02
20260716_06:00:00   2.8119e-01   7.1801e+01   2.8116e+01   0.0000e+00   0.0000e+00   3.2897e+02
20260716_09:00:00   2.8562e-01   7.2570e+01   2.8980e+01   0.0000e+00   0.0000e+00   3.2662e+02
20260716_12:00:00   3.3931e-01   8.3715e+01   3.4461e+01   0.0000e+00   5.8100e-05   3.2808e+02
20260716_15:00:00   3.7269e-01   9.0814e+01   3.8065e+01   0.0000e+00   2.1420e-03   3.2524e+02
20260716_18:00:00   4.0190e-01   9.6582e+01   4.2529e+01   3.3800e-05   0.0000e+00   3.2346e+02
20260716_21:00:00   4.1781e-01   9.9836e+01   4.2427e+01   1.8538e-02   0.0000e+00   3.2393e+02
20260717_00:00:00   4.3046e-01   1.0238e+02   4.4111e+01   0.0000e+00   5.6383e-03   3.2547e+02
20260717_03:00:00   4.4350e-01   1.0436e+02   4.5519e+01   1.4968e-04   2.6157e-03   3.2696e+02
20260717_06:00:00   4.5287e-01   1.0585e+02   4.7119e+01   1.0266e-04   1.6332e-02   3.2850e+02
20260717_09:00:00   4.6389e-01   1.0796e+02   4.7663e+01   2.5275e-03   7.7081e-03   3.2897e+02
20260717_12:00:00   5.3813e-01   1.2025e+02   4.8364e+01   8.0873e-02   8.6756e-03   3.2970e+02
20260717_15:00:00   4.8891e-01   1.1292e+02   4.9458e+01   8.4391e-04   2.2065e-02   3.2758e+02
20260717_18:00:00   5.0379e-01   1.1564e+02   5.1038e+01   1.6947e-02   3.8840e-02   3.2355e+02
20260717_21:00:00   7.5732e-01   1.5214e+02   5.4988e+01   2.5848e-01   7.2131e-01   3.1942e+02
20260718_00:00:00   7.2686e-01   1.4795e+02   5.3858e+01   2.1562e-01   4.0420e-02   3.2063e+02
20260718_03:00:00   5.1859e-01   1.1766e+02   5.1823e+01   1.8106e-04   1.7459e-03   3.2139e+02
20260718_06:00:00   4.6923e-01   1.0884e+02   4.6552e+01   2.8043e-04   2.9085e-04   3.2045e+02
20260718_09:00:00   4.7520e-01   1.0957e+02   4.0189e+01   7.8799e-02   2.0363e-02   3.2459e+02
20260718_12:00:00   3.5907e-01   8.7992e+01   3.6240e+01   0.0000e+00   1.6853e-03   3.2473e+02
20260718_15:00:00   3.6117e-01   8.8565e+01   3.7003e+01   0.0000e+00   1.7999e-02   3.2119e+02
20260718_18:00:00   6.0045e-01   1.3028e+02   4.0378e+01   2.6258e-01   3.5557e-02   3.1938e+02
20260718_21:00:00   7.7573e-01   1.5313e+02   4.3732e+01   4.1270e-01   2.6736e-01   3.2345e+02
20260719_00:00:00   3.8553e-01   9.3241e+01   3.9197e+01   7.8320e-03   4.0823e-03   3.3569e+02
20260719_03:00:00   3.3891e-01   8.4203e+01   3.4140e+01   0.0000e+00   4.6200e-07   3.4031e+02
20260719_06:00:00   3.3218e-01   8.2771e+01   3.3674e+01   0.0000e+00   2.3483e-04   3.4502e+02
20260719_09:00:00   3.3409e-01   8.3041e+01   3.3878e+01   0.0000e+00   5.7592e-04   3.4517e+02
20260719_12:00:00   3.3489e-01   8.3280e+01   3.3688e+01   0.0000e+00   5.9643e-04   3.4545e+02
20260719_15:00:00   3.3722e-01   8.4123e+01   3.3645e+01   0.0000e+00   1.9908e-04   3.4169e+02
20260719_18:00:00   3.5244e-01   8.7291e+01   3.5155e+01   1.0678e-02   1.3860e-06   3.4081e+02
20260719_21:00:00   5.9994e-01   1.3038e+02   3.9641e+01   2.4916e-01   0.0000e+00   3.4160e+02
20260720_00:00:00   4.1318e-01   9.9249e+01   4.1076e+01   0.0000e+00   0.0000e+00   3.4296e+02
20260720_03:00:00   4.1809e-01   9.9766e+01   4.1637e+01   0.0000e+00   6.0896e-04   3.5602e+02
20260720_06:00:00   3.9070e-01   9.4608e+01   3.8234e+01   0.0000e+00   7.1495e-03   3.5320e+02
20260720_09:00:00   3.8257e-01   9.2800e+01   3.8208e+01   0.0000e+00   9.9012e-04   3.5799e+02
20260720_12:00:00   3.9734e-01   9.5515e+01   3.9973e+01   0.0000e+00   1.8702e-03   3.6223e+02
20260720_15:00:00   3.9269e-01   9.4934e+01   3.9829e+01   0.0000e+00   6.2314e-04   3.6365e+02
20260720_18:00:00   4.5167e-01   1.0621e+02   3.6727e+01   1.0264e-01   0.0000e+00   3.5696e+02
20260720_21:00:00   3.7993e-01   9.3002e+01   3.6385e+01   2.6002e-02   0.0000e+00   3.3978e+02
20260721_00:00:00   3.7566e-01   9.2629e+01   3.6888e+01   0.0000e+00   0.0000e+00   3.3774e+02
