#            date       tau255        Tb[K]      pwv[mm] lwp[kg*m^-2] iwp[kg*m^-2]       o3[DU]
20260311_06:00:00   2.4906e-01   6.3754e+01   2.3233e+01   0.0000e+00   0.0000e+00   3.2364e+02
20260311_07:00:00   2.6599e-01   6.7286e+01   2.3133e+01   1.8200e-02   0.0000e+00   3.2121e+02
20260311_08:00:00   6.0943e-01   1.2768e+02   2.3838e+01   4.0102e-01   5.2140e-05   3.1961e+02
20260311_09:00:00   6.3342e-01   1.3109e+02   2.3254e+01   4.3013e-01   1.5211e-04   3.2148e+02
20260311_10:00:00   3.8483e-01   9.0232e+01   2.2511e+01   1.5285e-01   3.6700e-05   3.2948e+02
20260311_11:00:00   5.3881e-01   1.1623e+02   2.3450e+01   3.1602e-01   3.3806e-04   3.3147e+02
20260311_12:00:00   2.4358e-01   6.1889e+01   2.0941e+01   9.2934e-03   9.8912e-06   3.3138e+02
20260311_13:00:00   2.4801e-01   6.2685e+01   2.0956e+01   2.0062e-02   6.2074e-05   3.2729e+02
20260311_14:00:00   3.7940e-01   8.8615e+01   2.2897e+01   1.5456e-01   1.2002e-04   3.2773e+02
20260311_15:00:00   3.6890e-01   8.6571e+01   2.4691e+01   1.2713e-01   2.2231e-04   3.2751e+02
20260311_16:00:00   2.6716e-01   6.6603e+01   2.4675e+01   1.0597e-02   4.2092e-05   3.2917e+02
20260311_17:00:00   2.6428e-01   6.6069e+01   2.5165e+01   4.3475e-03   5.0560e-06   3.2273e+02
20260311_18:00:00   2.7076e-01   6.7554e+01   2.5435e+01   9.0108e-03   3.6208e-05   3.2121e+02
20260311_19:00:00   2.5685e-01   6.4818e+01   2.4916e+01   4.8816e-04   2.7300e-06   3.1688e+02
20260311_20:00:00   2.6174e-01   6.6078e+01   2.4848e+01   6.0238e-03   4.5649e-04   3.1091e+02
20260311_21:00:00   2.8692e-01   7.1382e+01   2.8426e+01   1.7433e-03   2.5064e-03   3.1449e+02
20260311_22:00:00   3.0081e-01   7.4398e+01   3.0041e+01   0.0000e+00   2.2412e-03   3.2015e+02
20260311_23:00:00   5.8574e-01   1.2437e+02   3.3909e+01   2.8177e-01   1.0511e-02   3.1021e+02
20260312_00:00:00   4.3027e-01   9.9053e+01   3.3565e+01   1.1702e-01   6.7697e-02   3.0346e+02
20260312_01:00:00   4.1236e-01   9.6219e+01   3.4267e+01   8.4323e-02   5.0814e-04   2.9832e+02
20260312_02:00:00   3.3271e-01   8.1376e+01   3.3279e+01   9.3400e-04   2.9497e-03   2.9894e+02
20260312_03:00:00   3.6028e-01   8.6773e+01   3.5377e+01   9.1325e-03   6.6037e-05   3.0083e+02
20260312_04:00:00   4.9364e-01   1.1039e+02   3.5910e+01   1.5815e-01   7.0740e-03   2.9706e+02
20260312_05:00:00   6.7508e-01   1.3769e+02   3.5135e+01   3.7196e-01   1.4268e-02   3.0045e+02
20260312_06:00:00   5.8869e-01   1.2559e+02   3.4830e+01   2.8073e-01   6.7866e-04   3.0702e+02
20260312_07:00:00   6.0389e-01   1.2771e+02   3.5974e+01   2.8293e-01   5.0226e-03   3.1052e+02
20260312_08:00:00   3.5921e-01   8.6619e+01   3.5792e+01   3.2832e-03   3.2395e-03   3.1465e+02
20260312_09:00:00   3.6336e-01   8.7366e+01   3.4411e+01   2.0645e-02   1.0631e-03   3.1269e+02
20260312_10:00:00   5.5286e-01   1.2006e+02   3.3763e+01   2.3836e-01   1.5556e-02   3.1167e+02
20260312_11:00:00   8.9662e-01   1.6635e+02   3.1866e+01   6.6817e-01   1.4864e-02   3.1075e+02
20260312_12:00:00   1.5978e+00   2.2220e+02   3.0212e+01   1.4935e+00   5.0034e-02   3.1215e+02
20260312_13:00:00   9.3190e-01   1.6827e+02   2.7678e+01   7.5046e-01   1.7169e-02   3.1228e+02
20260312_14:00:00   1.0173e+00   1.7656e+02   2.4800e+01   8.7478e-01   1.9008e-03   3.0447e+02
20260312_15:00:00   1.2255e+00   1.9380e+02   2.2734e+01   1.1258e+00   2.8420e-02   3.0611e+02
20260312_16:00:00   7.6090e-01   1.4643e+02   2.1464e+01   6.1157e-01   1.0783e-02   3.0395e+02
20260312_17:00:00   1.0617e+00   1.7845e+02   2.0746e+01   9.5570e-01   1.9891e-01   2.9964e+02
20260312_18:00:00   7.1137e-01   1.3907e+02   1.8575e+01   5.8115e-01   6.4185e-03   3.0125e+02
20260312_19:00:00   5.2402e-01   1.1155e+02   1.7668e+01   3.7713e-01   1.9409e-01   3.0437e+02
20260312_20:00:00   3.9328e-01   8.8894e+01   1.7020e+01   2.3406e-01   2.7564e-01   3.0800e+02
20260312_21:00:00   3.2976e-01   7.6642e+01   1.5752e+01   1.7170e-01   3.7647e-01   3.1106e+02
20260312_22:00:00   1.7037e-01   4.3681e+01   1.4740e+01   6.8780e-04   5.0531e-01   3.1810e+02
20260312_23:00:00   1.5837e-01   4.0854e+01   1.3061e+01   2.9520e-06   5.0533e-01   3.2285e+02
20260313_00:00:00   1.4603e-01   3.7997e+01   1.1261e+01   0.0000e+00   3.2129e-01   3.2486e+02
20260313_01:00:00   1.2299e-01   3.2733e+01   7.7670e+00   0.0000e+00   5.4572e-02   3.3072e+02
20260313_02:00:00   1.0569e-01   2.8717e+01   4.7422e+00   0.0000e+00   5.9672e-05   3.4092e+02
20260313_03:00:00   1.0483e-01   2.8419e+01   4.5067e+00   0.0000e+00   2.3296e-05   3.5786e+02
20260313_04:00:00   1.0516e-01   2.8399e+01   4.4885e+00   0.0000e+00   1.0405e-05   3.7623e+02
20260313_05:00:00   1.0532e-01   2.8358e+01   4.4480e+00   0.0000e+00   1.1108e-05   3.8949e+02
20260313_06:00:00   1.0548e-01   2.8336e+01   4.4423e+00   0.0000e+00   1.0854e-05   3.9701e+02
20260313_07:00:00   1.0440e-01   2.8033e+01   4.3120e+00   0.0000e+00   9.3397e-06   4.0553e+02
20260313_08:00:00   1.0295e-01   2.7677e+01   4.1139e+00   0.0000e+00   1.5526e-06   4.0983e+02
20260313_09:00:00   1.0231e-01   2.7545e+01   3.9931e+00   0.0000e+00   2.0209e-06   4.3293e+02
20260313_10:00:00   1.0087e-01   2.7249e+01   3.8460e+00   0.0000e+00   3.2716e-06   4.3032e+02
20260313_11:00:00   1.0018e-01   2.7112e+01   3.8091e+00   0.0000e+00   4.2344e-06   4.2665e+02
20260313_12:00:00   9.9382e-02   2.6955e+01   3.7625e+00   0.0000e+00   3.5102e-06   4.2233e+02
20260313_13:00:00   9.9635e-02   2.7051e+01   3.8244e+00   0.0000e+00   0.0000e+00   4.2230e+02
20260313_14:00:00   9.9583e-02   2.7083e+01   3.9595e+00   0.0000e+00   8.8873e-04   4.2506e+02
20260313_15:00:00   9.9982e-02   2.7219e+01   4.2799e+00   0.0000e+00   8.3155e-03   4.3272e+02
20260313_16:00:00   1.0523e-01   2.8426e+01   5.2505e+00   0.0000e+00   2.9030e-02   4.3024e+02
20260313_17:00:00   1.1290e-01   3.0163e+01   6.4216e+00   0.0000e+00   2.6578e-01   4.2661e+02
20260313_18:00:00   1.1818e-01   3.1394e+01   7.2031e+00   0.0000e+00   3.2481e-01   4.1848e+02
20260313_19:00:00   1.3018e-01   3.4191e+01   8.7627e+00   0.0000e+00   4.3137e-01   4.1704e+02
20260313_20:00:00   1.4265e-01   3.7060e+01   1.0087e+01   0.0000e+00   5.7419e-01   4.1505e+02
20260313_21:00:00   1.4003e-01   3.6457e+01   9.7661e+00   0.0000e+00   3.5399e-01   4.1810e+02
20260313_22:00:00   1.4739e-01   3.8145e+01   1.0457e+01   0.0000e+00   3.6460e-01   4.1762e+02
20260313_23:00:00   1.5590e-01   4.0120e+01   1.1350e+01   3.8320e-04   3.1415e-01   4.2252e+02
20260314_00:00:00   1.6715e-01   4.2754e+01   1.1109e+01   1.2853e-02   1.7718e-01   4.3468e+02
20260314_01:00:00   2.1287e-01   5.3006e+01   9.8755e+00   7.4500e-02   1.1707e-02   4.3606e+02
20260314_02:00:00   1.6794e-01   4.3209e+01   1.1409e+01   1.0781e-02   7.5324e-02   4.3929e+02
20260314_03:00:00   1.7478e-01   4.4795e+01   1.2505e+01   6.5190e-03   4.1379e-01   4.5404e+02
20260314_04:00:00   2.6364e-01   6.4160e+01   1.1997e+01   1.1182e-01   8.8914e-02   4.7758e+02
20260314_05:00:00   1.9355e-01   4.9282e+01   1.0408e+01   4.6642e-02   4.2009e-02   4.7463e+02
20260314_06:00:00   1.5853e-01   4.1359e+01   1.0570e+01   5.9752e-03   1.2541e-04   4.6464e+02
20260314_07:00:00   1.5125e-01   3.9565e+01   1.0355e+01   8.8861e-04   6.2193e-04   4.6438e+02
20260314_08:00:00   1.9740e-01   4.9828e+01   1.0033e+01   5.4593e-02   5.6651e-02   4.6786e+02
20260314_09:00:00   1.3718e-01   3.6111e+01   8.7791e+00   7.4200e-07   5.7784e-03   4.7431e+02
20260314_10:00:00   1.2710e-01   3.3678e+01   7.5120e+00   0.0000e+00   8.3070e-05   4.7647e+02
20260314_11:00:00   1.2039e-01   3.2039e+01   6.6756e+00   0.0000e+00   5.9832e-05   4.7311e+02
20260314_12:00:00   1.2346e-01   3.2679e+01   7.0402e+00   0.0000e+00   5.8093e-05   4.7352e+02
20260314_13:00:00   1.2241e-01   3.2451e+01   6.7897e+00   1.8478e-06   4.9317e-04   4.7230e+02
20260314_14:00:00   1.1641e-01   3.1064e+01   6.0452e+00   0.0000e+00   1.9585e-05   4.6191e+02
20260314_15:00:00   1.0950e-01   2.9476e+01   5.1887e+00   0.0000e+00   2.6953e-06   4.6460e+02
20260314_16:00:00   1.1079e-01   2.9771e+01   5.2908e+00   0.0000e+00   2.7782e-05   4.6094e+02
20260314_17:00:00   1.1146e-01   2.9951e+01   5.3498e+00   0.0000e+00   1.2497e-04   4.6410e+02
20260314_18:00:00   1.1150e-01   2.9990e+01   5.3452e+00   0.0000e+00   1.0054e-04   4.5835e+02
20260314_19:00:00   1.1257e-01   3.0252e+01   5.4922e+00   1.6922e-04   1.0859e-04   4.5596e+02
20260314_20:00:00   1.1269e-01   3.0289e+01   5.4919e+00   0.0000e+00   2.7116e-05   4.5586e+02
20260314_21:00:00   1.1291e-01   3.0338e+01   5.5307e+00   0.0000e+00   5.8744e-06   4.5462e+02
20260314_22:00:00   1.1405e-01   3.0580e+01   5.6792e+00   0.0000e+00   9.0840e-08   4.4871e+02
20260314_23:00:00   1.0997e-01   2.9632e+01   5.0852e+00   0.0000e+00   3.0414e-06   4.4533e+02
20260315_00:00:00   1.0406e-01   2.8238e+01   4.2431e+00   0.0000e+00   3.2919e-06   4.3914e+02
20260315_01:00:00   1.0057e-01   2.7395e+01   3.8829e+00   0.0000e+00   1.8346e-04   4.3705e+02
20260315_02:00:00   9.8994e-02   2.7008e+01   3.7434e+00   0.0000e+00   8.2788e-04   4.3563e+02
20260315_03:00:00   9.6800e-02   2.6477e+01   3.6095e+00   0.0000e+00   6.6164e-04   4.3166e+02
20260315_04:00:00   9.6602e-02   2.6431e+01   3.6975e+00   0.0000e+00   5.4631e-03   4.3014e+02
20260315_05:00:00   9.9115e-02   2.7014e+01   4.1730e+00   0.0000e+00   1.5756e-02   4.2719e+02
20260315_06:00:00   1.0399e-01   2.8140e+01   4.9495e+00   0.0000e+00   3.2341e-02   4.2415e+02
20260315_07:00:00   1.1165e-01   2.9904e+01   6.1155e+00   0.0000e+00   1.0348e-02   4.2157e+02
20260315_08:00:00   1.1607e-01   3.0927e+01   6.8179e+00   0.0000e+00   5.7149e-03   4.1444e+02
20260315_09:00:00   1.2071e-01   3.2021e+01   7.5266e+00   0.0000e+00   1.3625e-02   4.0856e+02
20260315_10:00:00   1.2478e-01   3.2969e+01   8.0075e+00   0.0000e+00   7.3661e-02   4.0282e+02
20260315_11:00:00   1.2885e-01   3.3919e+01   8.5557e+00   0.0000e+00   6.5168e-02   3.9788e+02
20260315_12:00:00   1.3303e-01   3.4898e+01   9.1484e+00   0.0000e+00   8.2985e-02   3.9357e+02
20260315_13:00:00   1.3739e-01   3.5923e+01   9.7526e+00   0.0000e+00   8.4993e-02   3.9232e+02
20260315_14:00:00   1.4235e-01   3.7083e+01   1.0387e+01   0.0000e+00   1.6442e-01   3.8892e+02
20260315_15:00:00   1.4817e-01   3.8437e+01   1.1183e+01   0.0000e+00   1.5317e-01   3.8542e+02
20260315_16:00:00   1.5477e-01   3.9990e+01   1.2081e+01   0.0000e+00   9.3947e-02   3.8230e+02
20260315_17:00:00   1.6566e-01   4.2468e+01   1.3086e+01   2.3520e-03   2.5199e-01   3.8089e+02
20260315_18:00:00   1.9214e-01   4.8373e+01   1.4084e+01   2.2141e-02   2.9957e-01   3.7975e+02
20260315_19:00:00   3.0177e-01   7.1184e+01   1.4978e+01   1.3706e-01   2.9868e-01   3.8112e+02
20260315_20:00:00   3.8762e-01   8.7548e+01   1.4785e+01   2.3737e-01   1.7513e-01   3.7972e+02
20260315_21:00:00   4.7635e-01   1.0319e+02   1.3875e+01   3.4707e-01   1.4333e-01   3.7676e+02
20260315_22:00:00   4.8410e-01   1.0466e+02   1.2701e+01   3.6563e-01   2.9662e-02   3.7830e+02
20260315_23:00:00   5.6911e-01   1.1843e+02   1.2664e+01   4.6107e-01   5.1346e-02   3.7710e+02
20260316_00:00:00   1.0131e+00   1.7330e+02   1.4858e+01   9.4088e-01   1.0325e-01   3.7556e+02
20260316_01:00:00   7.8368e-01   1.4868e+02   1.5403e+01   6.7637e-01   4.0717e-02   3.7513e+02
20260316_02:00:00   1.1273e+00   1.8517e+02   1.7300e+01   1.0477e+00   3.8721e-02   3.7388e+02
20260316_03:00:00   7.6792e-01   1.4760e+02   1.6561e+01   6.4711e-01   5.0172e-02   3.6868e+02
20260316_04:00:00   5.5399e-01   1.1801e+02   1.7211e+01   3.9841e-01   2.3494e-02   3.6395e+02
20260316_05:00:00   9.8053e-01   1.7256e+02   1.9738e+01   8.6429e-01   3.0473e-02   3.5695e+02
20260316_06:00:00   1.5792e+00   2.1876e+02   2.0526e+01   1.5380e+00   4.3296e-02   3.5563e+02
20260316_09:00:00   1.4803e+00   2.1402e+02   2.6825e+01   1.3694e+00   1.9200e-01   3.5563e+02
20260316_12:00:00   1.7158e+00   2.2921e+02   3.2191e+01   1.6095e+00   3.6570e-01   3.4841e+02
20260316_15:00:00   1.6603e+00   2.2784e+02   3.4767e+01   1.5311e+00   3.5915e-01   3.4335e+02
20260316_18:00:00   7.1142e-01   1.4450e+02   3.3039e+01   4.5110e-01   2.8627e-01   3.4117e+02
20260316_21:00:00   9.4573e-01   1.7104e+02   3.4406e+01   6.8606e-01   5.1062e-01   3.3556e+02
20260317_00:00:00   8.9132e-01   1.6714e+02   3.1548e+01   6.8281e-01   3.4587e-01   3.3339e+02
20260317_03:00:00   1.3030e+00   1.9955e+02   2.2681e+01   1.2023e+00   2.5427e-01   3.4737e+02
20260317_06:00:00   1.3795e-01   3.6674e+01   1.0689e+01   9.1190e-04   6.7753e-02   3.5969e+02
20260317_09:00:00   9.9462e-02   2.7385e+01   5.2861e+00   0.0000e+00   1.8282e-02   3.6985e+02
20260317_12:00:00   1.0809e-01   2.9255e+01   6.3825e+00   0.0000e+00   9.3461e-03   3.7097e+02
20260317_15:00:00   1.1164e-01   2.9966e+01   6.8707e+00   0.0000e+00   3.8118e-03   3.7887e+02
20260317_18:00:00   1.0282e-01   2.7960e+01   4.7783e+00   0.0000e+00   7.0279e-04   3.9148e+02
20260317_21:00:00   1.0564e-01   2.8502e+01   4.7400e+00   2.6580e-04   1.2803e-02   4.2750e+02
20260318_00:00:00   1.0285e-01   2.7637e+01   4.1993e+00   0.0000e+00   1.1516e-05   4.5274e+02
20260318_03:00:00   9.9578e-02   2.6668e+01   3.4310e+00   0.0000e+00   9.9977e-06   4.7981e+02
20260318_06:00:00   9.4577e-02   2.5403e+01   2.7015e+00   0.0000e+00   0.0000e+00   4.7883e+02
20260318_09:00:00   9.4004e-02   2.5323e+01   2.5956e+00   0.0000e+00   6.3148e-06   4.5322e+02
20260318_12:00:00   9.0001e-02   2.4410e+01   2.2274e+00   0.0000e+00   0.0000e+00   4.5359e+02
20260318_15:00:00   9.5170e-02   2.5706e+01   3.0963e+00   0.0000e+00   6.9763e-05   4.3844e+02
20260318_18:00:00   1.0194e-01   2.7395e+01   4.4256e+00   0.0000e+00   1.0584e-04   4.2045e+02
20260318_21:00:00   1.1339e-01   3.0066e+01   6.0914e+00   0.0000e+00   1.0978e-03   4.1509e+02
20260319_00:00:00   1.2054e-01   3.1658e+01   6.9417e+00   0.0000e+00   3.8263e-02   4.0784e+02
20260319_03:00:00   1.2672e-01   3.3047e+01   7.5479e+00   0.0000e+00   1.5204e-01   4.0687e+02
20260319_06:00:00   1.3296e-01   3.4466e+01   8.1333e+00   0.0000e+00   1.3219e-01   4.0735e+02
20260319_09:00:00   1.3414e-01   3.4752e+01   8.2391e+00   0.0000e+00   4.3884e-02   4.0801e+02
20260319_12:00:00   1.3189e-01   3.4244e+01   7.9783e+00   0.0000e+00   2.1578e-02   4.1166e+02
20260319_15:00:00   1.4192e-01   3.6564e+01   8.1215e+00   1.0301e-02   1.1038e-02   4.2504e+02
20260319_18:00:00   1.5728e-01   4.0086e+01   7.6663e+00   3.0880e-02   2.6013e-02   4.2422e+02
20260319_21:00:00   1.2845e-01   3.3739e+01   7.3042e+00   9.6560e-06   8.2925e-03   4.2182e+02
20260320_00:00:00   1.2694e-01   3.3419e+01   7.1480e+00   0.0000e+00   4.3806e-05   4.1601e+02
20260320_03:00:00   1.2877e-01   3.3843e+01   7.3452e+00   0.0000e+00   2.0395e-05   4.0426e+02
20260320_06:00:00   1.2812e-01   3.3723e+01   7.2375e+00   0.0000e+00   2.0909e-05   4.0698e+02
20260320_09:00:00   1.2827e-01   3.3766e+01   7.3987e+00   0.0000e+00   1.9827e-05   4.0333e+02
20260320_12:00:00   1.3403e-01   3.5067e+01   8.2120e+00   0.0000e+00   5.8591e-04   4.1999e+02
20260320_15:00:00   1.3533e-01   3.5522e+01   8.3923e+00   1.4486e-05   8.0851e-04   4.2668e+02
20260320_18:00:00   1.3694e-01   3.6162e+01   8.1791e+00   5.1220e-03   1.6982e-02   4.2074e+02
20260320_21:00:00   1.3639e-01   3.6224e+01   8.9239e+00   5.5440e-06   1.5576e-03   4.0902e+02
20260321_00:00:00   1.4156e-01   3.7491e+01   9.8675e+00   0.0000e+00   1.0481e-02   3.9906e+02
20260321_03:00:00   1.6402e-01   4.2518e+01   1.3232e+01   0.0000e+00   8.3146e-02   3.7045e+02
20260321_06:00:00   1.9263e-01   4.8986e+01   1.6345e+01   3.6900e-03   1.0996e-01   3.6365e+02
20260321_09:00:00   2.1932e-01   5.5057e+01   1.8354e+01   1.7226e-02   2.6270e-01   3.3487e+02
20260321_12:00:00   4.9677e-01   1.0812e+02   2.2563e+01   2.8963e-01   4.8465e-01   3.2211e+02
20260321_15:00:00   4.5312e-01   1.0138e+02   2.2853e+01   2.3900e-01   4.8001e-03   3.1218e+02
20260321_18:00:00   3.0129e-01   7.3313e+01   1.8484e+01   1.0634e-01   8.7200e-04   3.0978e+02
20260321_21:00:00   2.7084e-01   6.7056e+01   1.3711e+01   1.2045e-01   3.7481e-04   3.0753e+02
20260322_00:00:00   1.3941e-01   3.7530e+01   1.1028e+01   0.0000e+00   3.8541e-04   3.0729e+02
20260322_03:00:00   1.4220e-01   3.8054e+01   1.1563e+01   0.0000e+00   1.7906e-05   3.1037e+02
20260322_06:00:00   1.4777e-01   3.9283e+01   1.2437e+01   0.0000e+00   7.0250e-06   3.0512e+02
20260322_09:00:00   1.5722e-01   4.1394e+01   1.3709e+01   0.0000e+00   7.4060e-06   3.0350e+02
20260322_12:00:00   1.5423e-01   4.0653e+01   1.3390e+01   0.0000e+00   4.1710e-06   3.0615e+02
20260322_15:00:00   1.3785e-01   3.6904e+01   1.1291e+01   0.0000e+00   0.0000e+00   3.1039e+02
20260322_18:00:00   1.4559e-01   3.8842e+01   1.2304e+01   0.0000e+00   0.0000e+00   3.0962e+02
20260322_21:00:00   2.1057e-01   5.3655e+01   1.3357e+01   6.2499e-02   2.8898e-04   3.1263e+02
20260323_00:00:00   5.4298e-01   1.1535e+02   1.3011e+01   4.3699e-01   2.3288e-03   3.1111e+02
20260323_03:00:00   9.6654e-01   1.7016e+02   1.4464e+01   9.0420e-01   1.5323e-02   3.1247e+02
20260323_06:00:00   5.1810e-01   1.1252e+02   1.8072e+01   3.6514e-01   0.0000e+00   3.0889e+02
20260323_09:00:00   5.7215e-01   1.2150e+02   1.9591e+01   4.1258e-01   2.3100e-07   3.0666e+02
20260323_12:00:00   4.3477e-01   9.9176e+01   1.9421e+01   2.5543e-01   1.4486e-04   3.0830e+02
20260323_15:00:00   2.2275e-01   5.7173e+01   2.0000e+01   3.5991e-03   2.2340e-04   3.0236e+02
20260323_18:00:00   1.9400e-01   5.1257e+01   1.6963e+01   0.0000e+00   1.4665e-03   3.0241e+02
20260323_21:00:00   1.8721e-01   5.0076e+01   1.6035e+01   0.0000e+00   2.6760e-04   3.0093e+02
20260324_00:00:00   2.1494e-01   5.6602e+01   1.8860e+01   0.0000e+00   4.0620e-05   2.9988e+02
20260324_03:00:00   2.3252e-01   6.0792e+01   2.0740e+01   0.0000e+00   6.0540e-05   3.0036e+02
20260324_06:00:00   2.1837e-01   5.7710e+01   1.9499e+01   0.0000e+00   0.0000e+00   3.0211e+02
20260324_09:00:00   1.9074e-01   5.1425e+01   1.6038e+01   0.0000e+00   0.0000e+00   3.0107e+02
20260324_12:00:00   2.0685e-01   5.5080e+01   1.8681e+01   0.0000e+00   0.0000e+00   2.9913e+02
20260324_15:00:00   2.4595e-01   6.4139e+01   2.2477e+01   0.0000e+00   0.0000e+00   2.9920e+02
20260324_18:00:00   2.1327e-01   5.6931e+01   1.8939e+01   0.0000e+00   0.0000e+00   3.0142e+02
20260324_21:00:00   1.9298e-01   5.2074e+01   1.6573e+01   0.0000e+00   0.0000e+00   3.0304e+02
20260325_00:00:00   2.0428e-01   5.4099e+01   1.8842e+01   0.0000e+00   6.6064e-02   3.0427e+02
20260325_03:00:00   2.7644e-01   6.9700e+01   2.6314e+01   0.0000e+00   1.6522e-02   3.0441e+02
20260325_06:00:00   3.3843e-01   8.2382e+01   2.7722e+01   5.3792e-02   3.1877e-02   3.1046e+02
20260325_09:00:00   1.2808e+00   2.0162e+02   3.4068e+01   1.0819e+00   2.5678e-01   3.1377e+02
20260325_12:00:00   5.8118e-01   1.2187e+02   2.3884e+01   3.7694e-01   1.9050e-01   3.2158e+02
20260325_15:00:00   1.8159e-01   4.6981e+01   9.3755e+00   4.9770e-02   5.3730e-02   3.3082e+02
20260325_18:00:00   1.5288e-01   3.9896e+01   6.8242e+00   3.5760e-02   3.0253e-02   3.6024e+02
20260325_21:00:00   1.1525e-01   3.0970e+01   5.7947e+00   2.8037e-04   6.9943e-03   3.9308e+02
20260326_00:00:00   9.6378e-02   2.6212e+01   3.3657e+00   0.0000e+00   1.9314e-06   4.1989e+02
20260326_03:00:00   1.0321e-01   2.7672e+01   3.9546e+00   0.0000e+00   5.2873e-06   4.4439e+02
20260326_06:00:00   1.0161e-01   2.7186e+01   3.6279e+00   0.0000e+00   1.8487e-05   4.6047e+02
20260326_09:00:00   1.0788e-01   2.8532e+01   4.1748e+00   3.8600e-06   2.1571e-02   4.5967e+02
20260326_12:00:00   1.0756e-01   2.8413e+01   3.9714e+00   9.7240e-04   4.1954e-03   4.8088e+02
20260326_15:00:00   1.1632e-01   3.0297e+01   3.7533e+00   1.4806e-02   9.3919e-02   4.8501e+02
20260326_18:00:00   1.3971e-01   3.5312e+01   3.9711e+00   4.3242e-02   1.0845e-01   4.8694e+02
20260326_21:00:00   1.0569e-01   2.8088e+01   4.0419e+00   0.0000e+00   8.2269e-03   4.7653e+02
20260327_00:00:00   1.0604e-01   2.8237e+01   3.9938e+00   0.0000e+00   1.0122e-05   4.6746e+02
20260327_03:00:00   1.0290e-01   2.7550e+01   3.5281e+00   0.0000e+00   5.7919e-06   4.6451e+02
20260327_06:00:00   9.9007e-02   2.6654e+01   3.0745e+00   0.0000e+00   0.0000e+00   4.5467e+02
