#            date       tau255        Tb[K]      pwv[mm] lwp[kg*m^-2] iwp[kg*m^-2]       o3[DU]
20260506_18:00:00   4.6918e-01   1.0544e+02   3.2438e+01   1.5736e-01   7.2596e-01   3.8324e+02
20260506_19:00:00   9.2312e-01   1.6709e+02   3.3824e+01   6.4812e-01   9.0363e-01   3.8539e+02
20260506_20:00:00   1.1324e+00   1.8766e+02   3.3740e+01   8.8599e-01   4.2570e-01   3.9257e+02
20260506_21:00:00   1.5757e+00   2.2088e+02   3.3419e+01   1.4096e+00   1.3290e-01   3.9201e+02
20260506_22:00:00   1.0940e+00   1.8542e+02   3.2653e+01   8.6411e-01   3.2921e-01   3.8867e+02
20260506_23:00:00   8.6598e-01   1.6207e+02   3.1756e+01   6.1499e-01   2.7886e-02   3.8861e+02
20260507_00:00:00   5.1157e-01   1.1270e+02   3.1189e+01   2.1138e-01   1.2294e-01   3.9257e+02
20260507_01:00:00   4.8900e-01   1.0946e+02   3.0123e+01   1.9907e-01   4.6997e-03   3.9532e+02
20260507_02:00:00   5.8344e-01   1.2521e+02   2.9141e+01   3.2317e-01   4.0409e-03   3.9631e+02
20260507_03:00:00   7.8406e-01   1.5274e+02   2.9139e+01   5.4740e-01   2.8487e-03   3.9482e+02
20260507_04:00:00   1.1393e+00   1.8954e+02   2.8511e+01   9.6041e-01   5.3882e-02   3.9184e+02
20260507_05:00:00   8.9652e-01   1.6502e+02   2.5847e+01   7.1169e-01   5.5864e-03   3.8937e+02
20260507_06:00:00   5.9693e-01   1.2576e+02   2.3497e+01   3.9432e-01   7.3607e-04   3.9217e+02
20260507_07:00:00   4.6968e-01   1.0499e+02   2.2640e+01   2.5822e-01   4.2493e-03   3.9131e+02
20260507_08:00:00   3.3995e-01   8.0918e+01   2.2470e+01   1.1299e-01   8.9390e-03   3.9479e+02
20260507_09:00:00   2.2310e-01   5.6642e+01   2.0535e+01   4.4332e-04   3.9985e-03   3.9167e+02
20260507_10:00:00   2.0991e-01   5.3694e+01   1.8773e+01   1.9404e-03   4.1871e-03   3.8825e+02
20260507_11:00:00   2.1028e-01   5.3673e+01   1.7282e+01   1.4174e-02   5.5559e-03   3.8946e+02
20260507_12:00:00   1.8520e-01   4.8200e+01   1.5509e+01   2.1291e-04   7.9460e-06   3.9142e+02
20260507_13:00:00   1.7911e-01   4.6832e+01   1.3786e+01   8.6320e-03   3.0020e-06   3.9188e+02
20260507_14:00:00   1.4882e-01   3.9870e+01   1.1336e+01   1.6216e-04   0.0000e+00   3.9515e+02
20260507_15:00:00   1.3426e-01   3.6448e+01   9.6977e+00   0.0000e+00   0.0000e+00   4.0113e+02
20260507_16:00:00   1.2076e-01   3.3215e+01   8.1344e+00   0.0000e+00   0.0000e+00   4.0236e+02
20260507_17:00:00   1.1538e-01   3.1907e+01   7.4220e+00   0.0000e+00   0.0000e+00   4.0654e+02
20260507_18:00:00   1.2364e-01   3.3827e+01   8.4690e+00   0.0000e+00   0.0000e+00   4.0702e+02
20260507_19:00:00   1.3200e-01   3.5805e+01   9.5880e+00   0.0000e+00   0.0000e+00   4.1063e+02
20260507_20:00:00   1.3788e-01   3.7140e+01   1.0430e+01   0.0000e+00   3.2752e-04   4.1631e+02
20260507_21:00:00   1.4189e-01   3.8068e+01   1.0896e+01   0.0000e+00   7.3540e-04   4.1809e+02
20260507_22:00:00   1.4264e-01   3.8271e+01   1.0858e+01   0.0000e+00   4.8728e-04   4.1691e+02
20260507_23:00:00   1.4546e-01   3.8959e+01   1.0997e+01   0.0000e+00   1.5842e-03   4.1845e+02
20260508_00:00:00   1.4456e-01   3.8737e+01   1.0615e+01   0.0000e+00   6.7062e-05   4.1921e+02
20260508_01:00:00   1.4011e-01   3.7657e+01   1.0045e+01   0.0000e+00   1.1679e-05   4.2038e+02
20260508_02:00:00   1.3477e-01   3.6372e+01   9.3889e+00   0.0000e+00   2.1134e-06   4.2327e+02
20260508_03:00:00   1.3352e-01   3.5989e+01   9.3402e+00   0.0000e+00   0.0000e+00   4.2233e+02
20260508_04:00:00   1.3699e-01   3.6700e+01   9.8386e+00   0.0000e+00   7.3546e-04   4.2452e+02
20260508_05:00:00   1.3935e-01   3.7180e+01   1.0118e+01   0.0000e+00   1.2300e-02   4.2967e+02
20260508_06:00:00   1.4420e-01   3.8203e+01   1.0673e+01   0.0000e+00   8.1942e-03   4.4106e+02
20260508_07:00:00   1.4739e-01   3.8854e+01   1.0929e+01   0.0000e+00   1.0391e-01   4.4707e+02
20260508_08:00:00   1.5662e-01   4.0885e+01   1.1676e+01   0.0000e+00   5.0412e-01   4.4810e+02
20260508_09:00:00   1.6186e-01   4.2065e+01   1.2146e+01   0.0000e+00   3.1861e-01   4.5581e+02
20260508_10:00:00   1.5239e-01   3.9977e+01   1.1110e+01   0.0000e+00   5.4048e-02   4.5720e+02
20260508_11:00:00   1.4994e-01   3.9443e+01   1.0780e+01   0.0000e+00   2.0908e-02   4.4947e+02
20260508_12:00:00   1.4808e-01   3.9102e+01   1.0362e+01   0.0000e+00   1.3448e-04   4.4495e+02
20260508_13:00:00   1.4791e-01   3.9084e+01   1.0361e+01   0.0000e+00   1.0484e-05   4.4026e+02
20260508_14:00:00   1.5306e-01   4.0284e+01   1.0610e+01   3.2500e-03   5.1306e-04   4.3942e+02
20260508_15:00:00   2.1019e-01   5.2765e+01   1.0601e+01   6.8036e-02   7.8592e-03   4.3561e+02
20260508_16:00:00   1.7414e-01   4.4895e+01   1.0318e+01   3.0950e-02   6.3490e-02   4.3825e+02
20260508_17:00:00   1.5918e-01   4.1479e+01   9.3834e+00   2.5654e-02   1.0521e-02   4.4085e+02
20260508_18:00:00   1.5000e-01   3.9415e+01   9.9013e+00   1.1727e-02   7.2350e-02   4.3901e+02
20260508_19:00:00   1.4371e-01   3.8086e+01   1.0340e+01   8.8784e-04   2.4967e-02   4.3287e+02
20260508_20:00:00   1.4542e-01   3.8580e+01   1.0501e+01   9.2400e-06   9.8250e-03   4.3192e+02
20260508_21:00:00   1.4603e-01   3.8837e+01   1.0300e+01   3.6200e-04   2.7146e-03   4.2624e+02
20260508_22:00:00   1.4175e-01   3.7904e+01   9.8007e+00   0.0000e+00   1.2498e-04   4.2565e+02
20260508_23:00:00   1.3953e-01   3.7423e+01   9.4795e+00   0.0000e+00   9.0560e-05   4.2510e+02
20260509_00:00:00   1.3375e-01   3.6087e+01   8.8475e+00   0.0000e+00   4.2616e-06   4.1951e+02
20260509_01:00:00   1.2679e-01   3.4433e+01   8.1117e+00   0.0000e+00   0.0000e+00   4.0993e+02
20260509_02:00:00   1.3043e-01   3.5241e+01   8.6777e+00   0.0000e+00   0.0000e+00   4.0472e+02
20260509_03:00:00   1.2777e-01   3.4583e+01   8.4522e+00   0.0000e+00   6.7910e-04   4.0311e+02
20260509_04:00:00   1.2891e-01   3.4795e+01   8.7558e+00   0.0000e+00   1.9246e-04   4.0163e+02
20260509_05:00:00   1.2655e-01   3.4173e+01   8.6717e+00   0.0000e+00   2.6010e-03   4.0214e+02
20260509_06:00:00   1.3247e-01   3.5565e+01   9.4862e+00   0.0000e+00   7.8067e-03   4.0152e+02
20260509_07:00:00   1.3960e-01   3.7237e+01   1.0337e+01   0.0000e+00   2.9607e-03   4.0274e+02
20260509_08:00:00   1.4633e-01   3.8824e+01   1.1127e+01   0.0000e+00   1.1150e-03   4.0263e+02
20260509_09:00:00   1.4743e-01   3.9116e+01   1.1288e+01   0.0000e+00   5.5372e-03   3.9935e+02
20260509_10:00:00   1.5060e-01   3.9851e+01   1.1826e+01   0.0000e+00   4.6788e-03   4.0088e+02
20260509_11:00:00   1.6133e-01   4.2297e+01   1.3238e+01   0.0000e+00   1.5925e-02   4.0053e+02
20260509_12:00:00   1.6904e-01   4.4078e+01   1.4252e+01   0.0000e+00   6.7516e-02   3.9958e+02
20260509_13:00:00   1.8123e-01   4.6844e+01   1.5583e+01   0.0000e+00   2.7039e-01   3.9812e+02
20260509_14:00:00   2.0421e-01   5.1972e+01   1.7868e+01   1.0116e-03   4.6468e-01   3.9822e+02
20260509_15:00:00   5.9756e-01   1.2381e+02   1.9805e+01   4.2152e-01   5.9994e-01   3.9838e+02
20260509_16:00:00   5.5570e-01   1.1806e+02   2.1323e+01   3.5973e-01   6.1423e-01   3.9888e+02
20260509_17:00:00   3.1779e-01   7.5981e+01   2.1107e+01   9.2013e-02   2.8996e-01   3.9721e+02
20260509_18:00:00   3.4923e-01   8.2072e+01   2.0904e+01   1.3047e-01   6.1985e-01   3.9752e+02
20260509_19:00:00   2.8254e-01   6.8914e+01   2.0988e+01   5.2813e-02   7.7205e-01   3.9776e+02
20260509_20:00:00   2.2527e-01   5.6873e+01   2.0194e+01   8.6920e-05   3.6774e-01   4.0220e+02
20260509_21:00:00   2.4632e-01   6.1530e+01   2.1716e+01   5.5976e-03   4.9327e-01   4.0393e+02
20260509_22:00:00   4.4740e-01   1.0045e+02   2.3114e+01   2.1425e-01   6.3725e-01   4.0561e+02
20260509_23:00:00   6.1392e-01   1.2721e+02   2.3680e+01   3.9751e-01   4.6537e-01   4.0461e+02
20260510_00:00:00   1.2092e+00   1.9374e+02   2.3315e+01   1.0783e+00   8.2471e-02   4.0884e+02
20260510_01:00:00   9.8947e-01   1.7347e+02   2.1521e+01   8.4019e-01   4.8778e-02   4.1979e+02
20260510_02:00:00   1.1147e+00   1.8697e+02   1.9417e+01   1.0123e+00   5.3398e-04   4.1792e+02
20260510_03:00:00   1.0517e+00   1.8226e+02   1.7868e+01   9.6684e-01   2.9300e-06   4.0686e+02
20260510_04:00:00   6.0078e-01   1.2764e+02   1.6395e+01   4.6385e-01   0.0000e+00   4.1293e+02
20260510_05:00:00   2.2694e-01   5.8407e+01   1.5165e+01   3.7707e-02   0.0000e+00   3.9737e+02
20260510_06:00:00   1.8842e-01   4.9611e+01   1.4725e+01   2.2881e-03   0.0000e+00   3.8919e+02
20260510_07:00:00   1.7652e-01   4.6872e+01   1.3651e+01   1.4804e-03   4.8280e-06   3.9234e+02
20260510_08:00:00   1.6715e-01   4.4730e+01   1.2533e+01   1.0866e-03   2.8519e-04   3.9154e+02
20260510_09:00:00   1.5604e-01   4.2072e+01   1.1556e+01   4.6220e-04   3.3300e-03   3.8999e+02
20260510_10:00:00   1.4998e-01   4.0604e+01   1.1161e+01   0.0000e+00   7.1483e-03   3.8650e+02
20260510_11:00:00   1.5190e-01   4.1005e+01   1.1890e+01   0.0000e+00   4.1691e-03   3.8543e+02
20260510_12:00:00   1.6449e-01   4.3952e+01   1.3617e+01   0.0000e+00   8.2259e-03   3.8152e+02
20260510_13:00:00   1.8864e-01   4.9533e+01   1.6747e+01   0.0000e+00   2.9919e-03   3.7751e+02
20260510_14:00:00   2.1243e-01   5.4950e+01   1.9516e+01   0.0000e+00   1.2533e-03   3.7412e+02
20260510_15:00:00   2.2406e-01   5.7593e+01   2.1134e+01   0.0000e+00   8.8720e-06   3.7067e+02
20260510_16:00:00   2.7386e-01   6.8183e+01   2.2210e+01   4.3607e-02   1.3850e-03   3.6733e+02
20260510_17:00:00   3.2075e-01   7.7837e+01   2.2911e+01   8.7979e-02   3.5760e-03   3.6683e+02
20260510_18:00:00   3.7916e-01   8.9311e+01   2.4473e+01   1.4024e-01   8.9083e-03   3.7065e+02
20260510_19:00:00   6.4400e-01   1.3238e+02   2.5482e+01   4.3149e-01   1.6802e-02   3.6842e+02
20260510_20:00:00   5.4738e-01   1.1808e+02   2.5740e+01   3.2043e-01   1.3431e-02   3.6736e+02
20260510_21:00:00   3.6619e-01   8.6849e+01   2.6457e+01   1.0811e-01   9.0505e-03   3.7144e+02
20260510_22:00:00   2.9963e-01   7.3947e+01   2.6876e+01   2.8477e-02   9.6985e-04   3.7587e+02
20260510_23:00:00   3.1265e-01   7.6499e+01   2.7368e+01   3.6446e-02   1.5258e-03   3.7629e+02
20260511_00:00:00   3.2644e-01   7.9084e+01   2.6851e+01   5.6737e-02   2.4716e-02   3.7514e+02
20260511_01:00:00   2.6271e-01   6.6221e+01   2.5038e+01   1.6808e-03   6.3842e-04   3.7531e+02
20260511_02:00:00   3.2698e-01   7.9175e+01   2.4684e+01   7.4381e-02   9.4556e-05   3.7281e+02
20260511_03:00:00   3.1339e-01   7.6568e+01   2.4101e+01   6.1352e-02   1.0052e-05   3.7130e+02
20260511_04:00:00   2.8478e-01   7.0831e+01   2.3322e+01   3.4298e-02   1.2897e-03   3.7030e+02
20260511_05:00:00   2.8139e-01   6.9939e+01   2.6210e+01   3.4457e-03   2.0143e-03   3.7252e+02
20260511_06:00:00   4.9165e-01   1.0852e+02   2.8079e+01   2.2129e-01   1.3035e-02   3.7401e+02
20260511_07:00:00   5.0826e-01   1.1124e+02   2.8021e+01   2.4222e-01   1.0978e-01   3.7328e+02
20260511_08:00:00   4.5022e-01   1.0217e+02   2.6828e+01   1.9567e-01   5.5404e-03   3.7453e+02
20260511_09:00:00   5.1182e-01   1.1281e+02   2.6831e+01   2.6901e-01   6.7388e-03   3.7484e+02
20260511_10:00:00   5.3417e-01   1.1624e+02   2.7031e+01   2.9455e-01   3.0372e-02   3.7752e+02
20260511_11:00:00   4.1471e-01   9.5662e+01   2.6489e+01   1.6337e-01   1.9446e-02   3.7998e+02
20260511_12:00:00   4.2688e-01   9.7925e+01   2.6330e+01   1.8064e-01   3.4629e-02   3.8103e+02
20260511_13:00:00   4.0614e-01   9.4007e+01   2.6775e+01   1.5103e-01   1.3755e-01   3.8140e+02
20260511_14:00:00   4.0902e-01   9.4375e+01   2.6904e+01   1.5155e-01   2.6385e-01   3.8272e+02
20260511_15:00:00   5.3109e-01   1.1516e+02   2.7265e+01   2.8455e-01   3.0210e-01   3.8539e+02
20260511_16:00:00   6.0414e-01   1.2659e+02   2.6685e+01   3.7499e-01   2.1180e-01   3.8527e+02
20260511_17:00:00   7.2659e-01   1.4383e+02   2.5813e+01   5.2476e-01   2.7984e-01   3.8575e+02
20260511_18:00:00   9.1041e-01   1.6568e+02   2.4690e+01   7.4361e-01   1.1053e-01   3.8429e+02
20260511_21:00:00   2.4965e-01   6.2423e+01   1.8981e+01   4.4154e-02   1.6704e-03   3.7757e+02
20260512_00:00:00   1.7793e-01   4.6662e+01   1.4996e+01   0.0000e+00   3.7451e-02   3.8334e+02
20260512_03:00:00   1.4455e-01   3.8901e+01   1.0600e+01   0.0000e+00   6.3926e-02   3.9246e+02
20260512_06:00:00   1.5663e-01   4.1612e+01   1.1202e+01   4.3998e-03   8.4685e-02   3.9481e+02
20260512_09:00:00   1.5442e-01   4.1090e+01   1.1022e+01   3.3798e-04   1.1752e-01   4.0531e+02
20260512_12:00:00   1.4326e-01   3.8481e+01   9.7330e+00   0.0000e+00   3.6370e-04   4.0968e+02
20260512_15:00:00   1.4071e-01   3.7898e+01   9.5302e+00   0.0000e+00   1.5047e-04   4.0214e+02
20260512_18:00:00   1.3753e-01   3.7146e+01   9.5667e+00   3.2800e-04   5.0380e-04   4.0944e+02
20260512_21:00:00   1.3646e-01   3.6831e+01   9.5533e+00   0.0000e+00   1.1774e-03   4.2518e+02
20260513_00:00:00   1.4227e-01   3.8147e+01   1.0129e+01   0.0000e+00   3.5502e-05   4.4490e+02
20260513_03:00:00   1.5022e-01   3.9842e+01   1.0820e+01   0.0000e+00   2.7193e-05   4.3591e+02
20260513_06:00:00   1.3015e-01   3.5123e+01   8.4831e+00   0.0000e+00   1.3324e-04   4.2271e+02
20260513_09:00:00   1.3780e-01   3.6911e+01   9.4121e+00   0.0000e+00   1.8869e-03   4.1138e+02
20260513_12:00:00   1.4613e-01   3.8816e+01   1.0731e+01   0.0000e+00   4.6633e-02   4.0528e+02
20260513_15:00:00   1.5524e-01   4.1037e+01   1.2120e+01   0.0000e+00   2.0116e-02   4.0770e+02
20260513_18:00:00   1.6381e-01   4.3098e+01   1.3711e+01   0.0000e+00   3.0204e-03   4.0897e+02
20260513_21:00:00   1.9645e-01   5.0529e+01   1.7583e+01   1.1822e-03   2.3590e-01   4.0165e+02
20260514_00:00:00   2.2033e-01   5.5752e+01   1.9437e+01   1.0312e-04   3.3037e-01   4.0454e+02
20260514_03:00:00   1.0362e+00   1.7724e+02   2.1332e+01   8.9725e-01   3.3630e-01   4.1040e+02
20260514_06:00:00   1.1316e+00   1.8620e+02   2.1301e+01   1.0039e+00   5.1440e-02   4.1023e+02
20260514_09:00:00   8.3270e-01   1.5774e+02   1.9373e+01   6.9720e-01   2.7396e-03   4.0218e+02
20260514_12:00:00   6.1440e-01   1.2919e+02   2.0524e+01   4.4487e-01   1.1959e-04   4.0066e+02
20260514_15:00:00   5.1255e-01   1.1316e+02   2.1406e+01   3.1491e-01   5.2959e-03   3.8769e+02
20260514_18:00:00   2.9883e-01   7.3667e+01   2.0903e+01   6.9074e-02   4.0920e-02   3.8597e+02
20260514_21:00:00   4.7086e-01   1.0633e+02   2.2095e+01   2.6076e-01   2.2492e-02   3.7526e+02
20260515_00:00:00   5.1175e-01   1.1347e+02   2.5917e+01   2.7400e-01   3.2543e-01   3.7324e+02
20260515_03:00:00   8.9074e-01   1.6454e+02   2.6853e+01   6.9336e-01   2.4029e-01   3.7465e+02
20260515_06:00:00   3.9422e-01   9.2494e+01   2.0345e+01   1.7872e-01   1.4536e-06   3.8024e+02
20260515_09:00:00   4.2650e-01   9.8445e+01   1.9099e+01   2.3394e-01   0.0000e+00   3.8335e+02
20260515_12:00:00   3.2406e-01   7.8456e+01   1.7959e+01   1.2615e-01   0.0000e+00   3.8449e+02
20260515_15:00:00   2.3716e-01   6.0013e+01   1.7135e+01   3.8094e-02   0.0000e+00   3.9883e+02
20260515_18:00:00   3.6651e-01   8.5702e+01   1.7172e+01   1.8676e-01   2.5539e-04   4.1115e+02
20260515_21:00:00   2.9439e-01   7.1433e+01   1.7408e+01   1.0077e-01   1.7537e-04   4.1414e+02
20260516_00:00:00   3.2624e-01   7.7722e+01   1.7928e+01   1.2819e-01   6.0907e-04   4.1435e+02
20260516_03:00:00   2.4347e-01   6.1115e+01   1.8683e+01   2.6069e-02   1.3164e-04   4.1164e+02
20260516_06:00:00   2.3590e-01   5.9426e+01   1.9287e+01   1.4812e-02   2.9074e-04   4.1005e+02
20260516_09:00:00   2.1108e-01   5.4155e+01   1.8105e+01   1.9380e-04   8.9404e-05   4.0841e+02
20260516_12:00:00   1.9732e-01   5.1359e+01   1.6582e+01   0.0000e+00   0.0000e+00   4.1213e+02
20260516_15:00:00   1.8320e-01   4.8400e+01   1.5250e+01   0.0000e+00   3.1240e-05   4.0266e+02
20260516_18:00:00   1.7925e-01   4.7515e+01   1.4736e+01   4.8220e-03   2.3456e-03   3.8474e+02
20260516_21:00:00   1.8160e-01   4.8051e+01   1.5808e+01   8.6300e-06   4.2496e-03   3.8718e+02
20260517_00:00:00   7.5213e-01   1.4645e+02   2.4130e+01   5.5729e-01   3.1639e-01   3.9122e+02
20260517_03:00:00   4.2133e-01   9.6576e+01   2.3311e+01   1.7897e-01   1.5110e-03   4.0448e+02
20260517_06:00:00   2.4758e-01   6.2675e+01   1.8284e+01   2.5960e-02   5.9976e-05   4.0657e+02
20260517_09:00:00   2.0153e-01   5.2437e+01   1.3635e+01   2.1101e-02   2.3800e-03   4.0333e+02
20260517_12:00:00   1.3973e-01   3.8015e+01   9.2527e+00   0.0000e+00   7.1720e-04   4.0205e+02
20260517_15:00:00   1.1645e-01   3.2394e+01   7.5159e+00   0.0000e+00   2.1260e-03   3.9088e+02
20260517_18:00:00   1.2099e-01   3.3529e+01   8.9580e+00   0.0000e+00   7.3177e-03   3.8277e+02
20260517_21:00:00   1.4201e-01   3.8529e+01   1.2380e+01   0.0000e+00   5.5971e-03   3.7453e+02
20260518_00:00:00   1.5882e-01   4.2397e+01   1.4936e+01   0.0000e+00   5.2402e-03   3.5782e+02
20260518_03:00:00   1.6181e-01   4.3063e+01   1.5314e+01   0.0000e+00   5.2760e-03   3.4878e+02
20260518_06:00:00   1.5563e-01   4.1763e+01   1.4769e+01   0.0000e+00   1.6228e-03   3.4615e+02
20260518_09:00:00   1.7439e-01   4.6239e+01   1.6844e+01   0.0000e+00   7.0874e-05   3.4480e+02
20260518_12:00:00   1.9778e-01   5.1925e+01   1.9339e+01   2.6540e-04   1.2084e-04   3.4582e+02
20260518_15:00:00   2.4254e-01   6.2265e+01   2.4921e+01   0.0000e+00   0.0000e+00   3.4328e+02
20260518_18:00:00   3.0809e-01   7.6771e+01   3.2051e+01   0.0000e+00   0.0000e+00   3.4189e+02
20260518_21:00:00   3.5284e-01   8.6533e+01   3.5169e+01   1.0270e-02   0.0000e+00   3.4192e+02
20260519_00:00:00   3.3535e-01   8.3339e+01   3.3313e+01   3.8160e-05   0.0000e+00   3.4515e+02
20260519_03:00:00   3.5491e-01   8.7081e+01   3.6202e+01   0.0000e+00   1.1628e-03   3.4442e+02
20260519_06:00:00   3.2622e-01   8.1482e+01   3.2639e+01   0.0000e+00   3.8609e-02   3.4018e+02
20260519_09:00:00   3.3163e-01   8.2418e+01   3.4199e+01   0.0000e+00   1.5154e-03   3.4234e+02
20260519_12:00:00   2.5739e-01   6.6855e+01   2.5838e+01   0.0000e+00   3.0115e-03   3.4531e+02
20260519_15:00:00   2.4844e-01   6.4946e+01   2.5586e+01   0.0000e+00   1.4940e-02   3.4433e+02
20260519_18:00:00   2.7526e-01   7.0765e+01   2.9527e+01   0.0000e+00   2.5928e-02   3.4373e+02
20260519_21:00:00   3.5016e-01   8.6209e+01   3.7317e+01   4.2427e-03   6.2630e-04   3.4314e+02
20260520_00:00:00   4.0138e-01   9.6155e+01   4.1756e+01   5.5710e-03   1.9681e-02   3.4085e+02
20260520_03:00:00   1.0959e+00   1.8642e+02   4.5008e+01   7.3944e-01   6.2418e-01   3.4163e+02
20260520_06:00:00   1.7015e+00   2.2999e+02   4.1830e+01   1.5163e+00   5.0412e-01   3.4946e+02
20260520_09:00:00   4.9042e-01   1.0964e+02   2.8822e+01   2.1074e-01   1.7166e-04   3.6730e+02
20260520_12:00:00   4.9826e-01   1.1035e+02   2.8340e+01   2.3204e-01   5.1601e-03   3.8123e+02
20260520_15:00:00   2.3705e-01   6.0684e+01   2.2536e+01   3.8524e-04   1.2302e-02   3.8056e+02
20260520_18:00:00   2.2172e-01   5.7622e+01   1.9239e+01   1.9426e-02   2.9551e-03   3.7782e+02
20260520_21:00:00   1.9932e-01   5.2807e+01   1.8670e+01   0.0000e+00   2.5877e-02   3.7608e+02
20260521_00:00:00   2.0321e-01   5.3541e+01   1.8450e+01   0.0000e+00   9.9661e-03   3.7297e+02
20260521_03:00:00   2.5233e-01   6.4000e+01   2.3003e+01   1.4121e-02   2.7347e-02   3.6556e+02
20260521_06:00:00   1.0859e+00   1.8623e+02   3.4164e+01   8.7812e-01   2.0027e-02   3.6332e+02
20260521_09:00:00   1.4896e+00   2.1589e+02   3.5500e+01   1.3082e+00   3.5545e-02   3.5862e+02
20260521_12:00:00   3.6924e-01   8.7683e+01   3.3397e+01   4.3241e-02   1.7106e-03   3.5830e+02
20260521_15:00:00   3.0575e-01   7.5304e+01   3.1131e+01   1.7188e-03   4.1590e-06   3.5708e+02
20260521_18:00:00   2.8493e-01   7.1079e+01   2.9337e+01   0.0000e+00   0.0000e+00   3.5914e+02
20260521_21:00:00   2.6377e-01   6.6776e+01   2.6931e+01   0.0000e+00   0.0000e+00   3.5847e+02
20260522_00:00:00   2.3846e-01   6.1389e+01   2.3704e+01   0.0000e+00   0.0000e+00   3.5726e+02
20260522_03:00:00   2.3839e-01   6.1376e+01   2.2722e+01   1.0236e-03   9.7020e-05   3.5391e+02
20260522_06:00:00   2.8521e-01   7.1445e+01   2.1519e+01   6.8150e-02   4.8280e-06   3.4645e+02
20260522_09:00:00   2.9259e-01   7.3010e+01   2.1461e+01   7.4760e-02   6.0640e-04   3.4208e+02
20260522_12:00:00   2.9887e-01   7.4294e+01   2.1385e+01   8.3201e-02   5.5021e-05   3.4012e+02
20260522_15:00:00   2.4551e-01   6.3004e+01   2.1710e+01   1.6941e-02   6.4662e-04   3.3417e+02
20260522_18:00:00   2.3408e-01   6.0913e+01   2.2172e+01   0.0000e+00   9.9220e-05   3.3143e+02
