#            date       tau255        Tb[K]      pwv[mm] lwp[kg*m^-2] iwp[kg*m^-2]       o3[DU]
20260121_12:00:00   9.7164e-02   2.5981e+01   3.3191e+00   0.0000e+00   1.6131e-05   4.0077e+02
20260121_13:00:00   9.6716e-02   2.5909e+01   3.2895e+00   0.0000e+00   1.6362e-05   3.9347e+02
20260121_14:00:00   9.5562e-02   2.5676e+01   3.1933e+00   0.0000e+00   2.1257e-04   3.8652e+02
20260121_15:00:00   9.8751e-02   2.6444e+01   3.6989e+00   0.0000e+00   6.7746e-04   3.7956e+02
20260121_16:00:00   1.0290e-01   2.7449e+01   4.3706e+00   0.0000e+00   2.2216e-03   3.7899e+02
20260121_17:00:00   1.0795e-01   2.8646e+01   5.1295e+00   0.0000e+00   1.9443e-02   3.7496e+02
20260121_18:00:00   1.1389e-01   3.0037e+01   5.9587e+00   0.0000e+00   1.9421e-02   3.7237e+02
20260121_19:00:00   1.1870e-01   3.1185e+01   6.5951e+00   0.0000e+00   8.2694e-02   3.6856e+02
20260121_20:00:00   1.1899e-01   3.1309e+01   6.6369e+00   0.0000e+00   6.7514e-02   3.6796e+02
20260121_21:00:00   1.2481e-01   3.2666e+01   7.3988e+00   0.0000e+00   4.6450e-02   3.6567e+02
20260121_22:00:00   1.2953e-01   3.3797e+01   7.9029e+00   0.0000e+00   1.5847e-01   3.6217e+02
20260121_23:00:00   1.3124e-01   3.4239e+01   8.0988e+00   0.0000e+00   1.3776e-01   3.6265e+02
20260122_00:00:00   1.4177e-01   3.6674e+01   9.2498e+00   0.0000e+00   1.6112e-01   3.6272e+02
20260122_01:00:00   1.5023e-01   3.8629e+01   1.0165e+01   0.0000e+00   2.1206e-01   3.6227e+02
20260122_02:00:00   1.5743e-01   4.0324e+01   1.0922e+01   0.0000e+00   2.7223e-01   3.6259e+02
20260122_03:00:00   1.6356e-01   4.1785e+01   1.1510e+01   0.0000e+00   4.4220e-01   3.6697e+02
20260122_04:00:00   1.8795e-01   4.7419e+01   1.2131e+01   2.0987e-02   5.3043e-01   3.6574e+02
20260122_05:00:00   2.2598e-01   5.5928e+01   1.2301e+01   6.2600e-02   3.8437e-01   3.6838e+02
20260122_06:00:00   1.6791e-01   4.3028e+01   1.1958e+01   4.7024e-04   2.1731e-01   3.6918e+02
20260122_07:00:00   1.5852e-01   4.0931e+01   1.1147e+01   8.9075e-04   3.2721e-02   3.6802e+02
20260122_08:00:00   1.5930e-01   4.1127e+01   1.1188e+01   3.0518e-05   7.5604e-02   3.6634e+02
20260122_09:00:00   1.5665e-01   4.0558e+01   1.0775e+01   0.0000e+00   2.7478e-02   3.6811e+02
20260122_10:00:00   1.4671e-01   3.8328e+01   9.6828e+00   0.0000e+00   6.2433e-03   3.6665e+02
20260122_11:00:00   1.3670e-01   3.6040e+01   8.4734e+00   0.0000e+00   1.0171e-02   3.6254e+02
20260122_12:00:00   1.3063e-01   3.4622e+01   7.7215e+00   0.0000e+00   1.1058e-02   3.7031e+02
20260122_13:00:00   1.2697e-01   3.3737e+01   7.2864e+00   0.0000e+00   3.1418e-03   3.7297e+02
20260122_14:00:00   1.2498e-01   3.3248e+01   6.9358e+00   0.0000e+00   7.2866e-04   3.7162e+02
20260122_15:00:00   1.2279e-01   3.2750e+01   6.5693e+00   0.0000e+00   1.4059e-05   3.7501e+02
20260122_16:00:00   1.2556e-01   3.3406e+01   6.4541e+00   3.2370e-03   2.5549e-04   3.8785e+02
20260122_17:00:00   1.4309e-01   3.7427e+01   6.7515e+00   1.9725e-02   6.3206e-03   4.0775e+02
20260122_18:00:00   1.2524e-01   3.3296e+01   6.6749e+00   1.0951e-03   5.1770e-04   4.0863e+02
20260122_19:00:00   1.2198e-01   3.2524e+01   6.5185e+00   0.0000e+00   2.1357e-04   4.0312e+02
20260122_20:00:00   1.1698e-01   3.1332e+01   6.0348e+00   0.0000e+00   9.5456e-06   3.9732e+02
20260122_21:00:00   1.2092e-01   3.2239e+01   6.4467e+00   0.0000e+00   4.0508e-04   3.8842e+02
20260122_22:00:00   1.2068e-01   3.2160e+01   6.4143e+00   0.0000e+00   2.4794e-04   3.8718e+02
20260122_23:00:00   1.2190e-01   3.2395e+01   6.4001e+00   0.0000e+00   2.3500e-03   3.8861e+02
20260123_00:00:00   1.1358e-01   3.0359e+01   5.4764e+00   0.0000e+00   1.5442e-03   3.8693e+02
20260123_01:00:00   1.1038e-01   2.9543e+01   5.0959e+00   0.0000e+00   2.1571e-03   3.9124e+02
20260123_02:00:00   1.0566e-01   2.8395e+01   4.4881e+00   0.0000e+00   5.1731e-05   4.0205e+02
20260123_03:00:00   1.0375e-01   2.7893e+01   4.2266e+00   0.0000e+00   1.7237e-05   4.0645e+02
20260123_04:00:00   9.9901e-02   2.6925e+01   3.8490e+00   0.0000e+00   9.7766e-06   4.0349e+02
20260123_05:00:00   9.7003e-02   2.6178e+01   3.5987e+00   0.0000e+00   1.9039e-04   4.0459e+02
20260123_06:00:00   1.0080e-01   2.7014e+01   4.1194e+00   0.0000e+00   8.5366e-04   4.1090e+02
20260123_07:00:00   1.0454e-01   2.7859e+01   4.6324e+00   0.0000e+00   3.5389e-03   4.2093e+02
20260123_08:00:00   1.0569e-01   2.8118e+01   4.7637e+00   0.0000e+00   5.3768e-03   4.1813e+02
20260123_09:00:00   1.0667e-01   2.8336e+01   4.8804e+00   0.0000e+00   8.8928e-03   4.0979e+02
20260123_10:00:00   1.0691e-01   2.8385e+01   4.8816e+00   0.0000e+00   4.1130e-03   4.1265e+02
20260123_11:00:00   1.0575e-01   2.8126e+01   4.6821e+00   0.0000e+00   7.0004e-03   4.1843e+02
20260123_12:00:00   1.0467e-01   2.7889e+01   4.5140e+00   0.0000e+00   3.9563e-03   4.1044e+02
20260123_13:00:00   1.0435e-01   2.7824e+01   4.4250e+00   0.0000e+00   2.9150e-03   4.0580e+02
20260123_14:00:00   1.0435e-01   2.7846e+01   4.3586e+00   0.0000e+00   2.6460e-03   4.0900e+02
20260123_15:00:00   1.0578e-01   2.8181e+01   4.5272e+00   0.0000e+00   3.7553e-03   4.1300e+02
20260123_16:00:00   1.0617e-01   2.8271e+01   4.6280e+00   0.0000e+00   2.4671e-03   3.9386e+02
20260123_17:00:00   1.0761e-01   2.8599e+01   4.8012e+00   0.0000e+00   2.0465e-03   3.9761e+02
20260123_18:00:00   1.1589e-01   3.0469e+01   5.1772e+00   5.5940e-03   2.0693e-02   4.0632e+02
20260123_19:00:00   1.1268e-01   2.9694e+01   5.2563e+00   4.4190e-05   4.7187e-02   4.0520e+02
20260123_20:00:00   1.0610e-01   2.8112e+01   4.4791e+00   0.0000e+00   5.1363e-03   3.9796e+02
20260123_21:00:00   9.9440e-02   2.6489e+01   3.5918e+00   0.0000e+00   1.3021e-03   3.9265e+02
20260123_22:00:00   9.2381e-02   2.4789e+01   2.6167e+00   0.0000e+00   1.0225e-04   3.9703e+02
20260123_23:00:00   8.8262e-02   2.3774e+01   1.9355e+00   0.0000e+00   0.0000e+00   4.0346e+02
20260124_00:00:00   9.0396e-02   2.4205e+01   2.0679e+00   0.0000e+00   1.0298e-05   4.0885e+02
20260124_01:00:00   9.1784e-02   2.4471e+01   2.1305e+00   0.0000e+00   1.8539e-04   4.0229e+02
20260124_02:00:00   9.1725e-02   2.4408e+01   2.0193e+00   0.0000e+00   8.6719e-04   3.9402e+02
20260124_03:00:00   9.0449e-02   2.4086e+01   1.8211e+00   0.0000e+00   6.6242e-04   3.8453e+02
20260124_04:00:00   8.9793e-02   2.3902e+01   1.7223e+00   0.0000e+00   7.8083e-04   3.7988e+02
20260124_05:00:00   9.0971e-02   2.4144e+01   1.8041e+00   0.0000e+00   1.3035e-03   3.6903e+02
20260124_06:00:00   8.7426e-02   2.3308e+01   1.3793e+00   0.0000e+00   1.5755e-05   3.4832e+02
20260124_07:00:00   8.6752e-02   2.3132e+01   1.2614e+00   0.0000e+00   1.2308e-05   3.4904e+02
20260124_08:00:00   8.6519e-02   2.3073e+01   1.2020e+00   0.0000e+00   6.6626e-05   3.5429e+02
20260124_09:00:00   8.6350e-02   2.3040e+01   1.1575e+00   0.0000e+00   6.8544e-06   3.5760e+02
20260124_10:00:00   8.5987e-02   2.2969e+01   1.1255e+00   0.0000e+00   3.0331e-06   3.5504e+02
20260124_11:00:00   8.5993e-02   2.2986e+01   1.1510e+00   0.0000e+00   1.4712e-06   3.5670e+02
20260124_12:00:00   8.6177e-02   2.3036e+01   1.1792e+00   0.0000e+00   4.8280e-07   3.5542e+02
20260124_13:00:00   8.6363e-02   2.3089e+01   1.2146e+00   0.0000e+00   0.0000e+00   3.5076e+02
20260124_14:00:00   8.6332e-02   2.3104e+01   1.2390e+00   0.0000e+00   0.0000e+00   3.4509e+02
20260124_15:00:00   8.6721e-02   2.3217e+01   1.3065e+00   0.0000e+00   0.0000e+00   3.4722e+02
20260124_16:00:00   8.7056e-02   2.3321e+01   1.3761e+00   0.0000e+00   0.0000e+00   3.4772e+02
20260124_17:00:00   8.7063e-02   2.3357e+01   1.4223e+00   0.0000e+00   0.0000e+00   3.3945e+02
20260124_18:00:00   8.7137e-02   2.3408e+01   1.4758e+00   0.0000e+00   0.0000e+00   3.3326e+02
20260124_19:00:00   8.7581e-02   2.3527e+01   1.5638e+00   0.0000e+00   0.0000e+00   3.3336e+02
20260124_20:00:00   8.7997e-02   2.3635e+01   1.6292e+00   0.0000e+00   4.9100e-06   3.3070e+02
20260124_21:00:00   8.8118e-02   2.3670e+01   1.6510e+00   0.0000e+00   2.0140e-04   3.3234e+02
20260124_22:00:00   8.7980e-02   2.3634e+01   1.6260e+00   0.0000e+00   1.9561e-05   3.3393e+02
20260124_23:00:00   8.7899e-02   2.3615e+01   1.6148e+00   0.0000e+00   4.6760e-05   3.3484e+02
20260125_00:00:00   8.7665e-02   2.3567e+01   1.6040e+00   0.0000e+00   1.1574e-04   3.2699e+02
20260125_01:00:00   8.7737e-02   2.3594e+01   1.6494e+00   0.0000e+00   5.8311e-04   3.1896e+02
20260125_02:00:00   8.8028e-02   2.3666e+01   1.7115e+00   0.0000e+00   5.8199e-04   3.1440e+02
20260125_03:00:00   8.8295e-02   2.3743e+01   1.7954e+00   0.0000e+00   5.4130e-04   3.1339e+02
20260125_04:00:00   8.8876e-02   2.3887e+01   1.9406e+00   0.0000e+00   2.3198e-03   3.1072e+02
20260125_05:00:00   8.9535e-02   2.4046e+01   2.1027e+00   0.0000e+00   9.9993e-03   3.1023e+02
20260125_06:00:00   9.0081e-02   2.4194e+01   2.2740e+00   0.0000e+00   8.6812e-03   3.1231e+02
20260125_07:00:00   9.1450e-02   2.4512e+01   2.5185e+00   0.0000e+00   1.5685e-02   3.1698e+02
20260125_08:00:00   9.2947e-02   2.4865e+01   2.8056e+00   0.0000e+00   1.4700e-02   3.1727e+02
20260125_09:00:00   9.5214e-02   2.5384e+01   3.1545e+00   0.0000e+00   4.0207e-02   3.1312e+02
20260125_10:00:00   9.7415e-02   2.5896e+01   3.4941e+00   0.0000e+00   1.1847e-01   3.1426e+02
20260125_11:00:00   9.9276e-02   2.6347e+01   3.8323e+00   0.0000e+00   1.3587e-01   3.1341e+02
20260125_12:00:00   1.0164e-01   2.6902e+01   4.1968e+00   0.0000e+00   1.7219e-01   3.1224e+02
20260125_13:00:00   1.0395e-01   2.7447e+01   4.5105e+00   0.0000e+00   2.6063e-01   3.1144e+02
20260125_14:00:00   1.0780e-01   2.8341e+01   5.0216e+00   0.0000e+00   3.8489e-01   3.1054e+02
20260125_15:00:00   1.1212e-01   2.9342e+01   5.5964e+00   0.0000e+00   4.4622e-01   3.1460e+02
20260125_16:00:00   1.1710e-01   3.0491e+01   6.3382e+00   0.0000e+00   4.3002e-01   3.1621e+02
20260125_17:00:00   1.2117e-01   3.1450e+01   6.9252e+00   0.0000e+00   4.6032e-01   3.1254e+02
20260125_18:00:00   1.2550e-01   3.2448e+01   7.4467e+00   0.0000e+00   5.8468e-01   3.1183e+02
20260125_19:00:00   1.3079e-01   3.3653e+01   8.0876e+00   0.0000e+00   6.0778e-01   3.1169e+02
20260125_20:00:00   1.3551e-01   3.4723e+01   8.6305e+00   0.0000e+00   6.6163e-01   3.1078e+02
20260125_21:00:00   1.3874e-01   3.5500e+01   9.1454e+00   0.0000e+00   6.7348e-01   3.1083e+02
20260125_22:00:00   1.4104e-01   3.6056e+01   9.4479e+00   0.0000e+00   7.8361e-01   3.0982e+02
20260125_23:00:00   1.4307e-01   3.6565e+01   9.7636e+00   0.0000e+00   8.2130e-01   3.0757e+02
20260126_00:00:00   1.4555e-01   3.7180e+01   1.0176e+01   0.0000e+00   8.4183e-01   3.0708e+02
20260126_01:00:00   1.4753e-01   3.7671e+01   1.0512e+01   0.0000e+00   8.3764e-01   3.0436e+02
20260126_02:00:00   1.4938e-01   3.8135e+01   1.0853e+01   0.0000e+00   8.0563e-01   3.0661e+02
20260126_03:00:00   1.5140e-01   3.8641e+01   1.1223e+01   0.0000e+00   7.9684e-01   3.0746e+02
20260126_04:00:00   1.5237e-01   3.8883e+01   1.1373e+01   0.0000e+00   8.5755e-01   3.0361e+02
20260126_05:00:00   1.5386e-01   3.9234e+01   1.1601e+01   0.0000e+00   9.3975e-01   3.0003e+02
20260126_06:00:00   1.5342e-01   3.9133e+01   1.1644e+01   0.0000e+00   9.2541e-01   2.9829e+02
20260126_07:00:00   1.5118e-01   3.8573e+01   1.1138e+01   0.0000e+00   1.1554e+00   2.9751e+02
20260126_08:00:00   1.4998e-01   3.8330e+01   1.1221e+01   0.0000e+00   8.0485e-01   3.0013e+02
20260126_09:00:00   1.4772e-01   3.7840e+01   1.0928e+01   0.0000e+00   5.9962e-01   3.0652e+02
20260126_10:00:00   1.3830e-01   3.5702e+01   9.2643e+00   0.0000e+00   5.2666e-01   3.1147e+02
20260126_11:00:00   1.3771e-01   3.5581e+01   9.1731e+00   0.0000e+00   4.0331e-01   3.1322e+02
20260126_12:00:00   1.3384e-01   3.4654e+01   8.4900e+00   0.0000e+00   4.3822e-01   3.1638e+02
20260126_15:00:00   1.2856e-01   3.3359e+01   7.7025e+00   0.0000e+00   2.4197e-01   3.2261e+02
20260126_18:00:00   1.2476e-01   3.2414e+01   6.8932e+00   1.4347e-03   1.5813e-01   3.4413e+02
20260126_21:00:00   1.1817e-01   3.0852e+01   5.8836e+00   0.0000e+00   1.7536e-01   3.6875e+02
20260127_00:00:00   1.1404e-01   2.9811e+01   5.1243e+00   0.0000e+00   1.2130e-01   3.7728e+02
20260127_03:00:00   1.0898e-01   2.8528e+01   4.3310e+00   0.0000e+00   6.1748e-02   3.8792e+02
20260127_06:00:00   9.8150e-02   2.5975e+01   2.9985e+00   0.0000e+00   3.2995e-05   4.0252e+02
20260127_09:00:00   8.8894e-02   2.3896e+01   1.9364e+00   0.0000e+00   0.0000e+00   4.0042e+02
20260127_12:00:00   8.8214e-02   2.3810e+01   2.0378e+00   0.0000e+00   0.0000e+00   3.8522e+02
20260127_15:00:00   9.8888e-02   2.6309e+01   3.6750e+00   0.0000e+00   3.4378e-02   3.7742e+02
20260127_18:00:00   1.0650e-01   2.8182e+01   4.5879e+00   0.0000e+00   5.8262e-02   3.6665e+02
20260127_21:00:00   1.0795e-01   2.8662e+01   4.5321e+00   0.0000e+00   1.0064e-03   3.6247e+02
20260128_00:00:00   9.9360e-02   2.6689e+01   3.5068e+00   0.0000e+00   1.4257e-05   3.6649e+02
20260128_03:00:00   1.0080e-01   2.7054e+01   3.7953e+00   0.0000e+00   1.1654e-05   3.8682e+02
20260128_06:00:00   1.0715e-01   2.8520e+01   4.8265e+00   0.0000e+00   1.2234e-05   3.8215e+02
20260128_09:00:00   1.1039e-01   2.9287e+01   5.3359e+00   0.0000e+00   1.2165e-05   3.6903e+02
20260128_12:00:00   1.1457e-01   3.0286e+01   6.0273e+00   0.0000e+00   2.2193e-03   3.5719e+02
20260128_15:00:00   1.2042e-01   3.1681e+01   6.7580e+00   0.0000e+00   3.9674e-03   3.5381e+02
20260128_18:00:00   1.2519e-01   3.2845e+01   7.2409e+00   2.9165e-04   5.2501e-03   3.6025e+02
20260128_21:00:00   1.2542e-01   3.2924e+01   7.3292e+00   0.0000e+00   1.6424e-02   3.7650e+02
20260129_00:00:00   1.2406e-01   3.2567e+01   7.2003e+00   0.0000e+00   2.9867e-02   3.9434e+02
20260129_03:00:00   1.2376e-01   3.2452e+01   7.1634e+00   0.0000e+00   3.2654e-02   4.0410e+02
20260129_06:00:00   1.2641e-01   3.3051e+01   7.4028e+00   0.0000e+00   1.6486e-03   4.4443e+02
20260129_09:00:00   1.2949e-01   3.3759e+01   7.7456e+00   0.0000e+00   1.0780e-03   4.2102e+02
20260129_12:00:00   1.3252e-01   3.4442e+01   8.1796e+00   0.0000e+00   7.6816e-03   4.1333e+02
20260129_15:00:00   1.3404e-01   3.4828e+01   8.3421e+00   0.0000e+00   4.8273e-04   3.9768e+02
20260129_18:00:00   1.6097e-01   4.1027e+01   8.5331e+00   2.6673e-02   5.5839e-03   3.7273e+02
20260129_21:00:00   1.3573e-01   3.5408e+01   8.0905e+00   2.8220e-03   3.1578e-03   3.6080e+02
20260130_00:00:00   1.2026e-01   3.1855e+01   6.5490e+00   0.0000e+00   1.7877e-05   3.5344e+02
20260130_03:00:00   1.2045e-01   3.1853e+01   6.6251e+00   0.0000e+00   6.9520e-04   3.4425e+02
20260130_06:00:00   1.2169e-01   3.2026e+01   6.9694e+00   0.0000e+00   7.2552e-04   3.4496e+02
20260130_09:00:00   1.2740e-01   3.3242e+01   7.6618e+00   0.0000e+00   1.6857e-02   3.4709e+02
20260130_12:00:00   1.2804e-01   3.3329e+01   7.6473e+00   0.0000e+00   3.8487e-03   3.4880e+02
20260130_15:00:00   1.3128e-01   3.4058e+01   7.9251e+00   0.0000e+00   3.0601e-02   3.4963e+02
20260130_18:00:00   1.5526e-01   3.9485e+01   7.8772e+00   2.6800e-02   2.2304e-02   3.4371e+02
20260130_21:00:00   1.2716e-01   3.3239e+01   7.4234e+00   0.0000e+00   6.5862e-04   3.4511e+02
20260131_00:00:00   1.1368e-01   3.0149e+01   5.7777e+00   0.0000e+00   8.9857e-05   3.4466e+02
20260131_03:00:00   1.0566e-01   2.8250e+01   4.7142e+00   0.0000e+00   3.1977e-03   3.5041e+02
20260131_06:00:00   9.8869e-02   2.6578e+01   4.1336e+00   0.0000e+00   5.0957e-03   3.5398e+02
20260131_09:00:00   1.0154e-01   2.7187e+01   4.6914e+00   0.0000e+00   2.0378e-02   3.4941e+02
20260131_12:00:00   1.0463e-01   2.7900e+01   5.2495e+00   0.0000e+00   5.6455e-02   3.5026e+02
20260131_15:00:00   1.1097e-01   2.9430e+01   6.2086e+00   0.0000e+00   9.0838e-02   3.8801e+02
20260131_18:00:00   1.2715e-01   3.3177e+01   8.1491e+00   0.0000e+00   4.6540e-01   3.8014e+02
20260131_21:00:00   1.3897e-01   3.5918e+01   9.6688e+00   0.0000e+00   3.3219e-01   3.6304e+02
20260201_00:00:00   1.4904e-01   3.8202e+01   1.0682e+01   0.0000e+00   7.5131e-01   3.4210e+02
20260201_03:00:00   1.5700e-01   4.0101e+01   1.1814e+01   0.0000e+00   7.9859e-01   3.4214e+02
20260201_06:00:00   2.1869e-01   5.3611e+01   1.1546e+01   7.2678e-02   6.2368e-01   3.3992e+02
20260201_09:00:00   4.2527e-01   9.3496e+01   1.1326e+01   3.0772e-01   5.5952e-01   3.5705e+02
20260201_12:00:00   1.9351e-01   4.8124e+01   9.3271e+00   6.5300e-02   4.9579e-01   3.6473e+02
20260201_15:00:00   1.4986e-01   3.8294e+01   8.0370e+00   2.4818e-02   8.5871e-01   3.8497e+02
20260201_18:00:00   1.1578e-01   3.0361e+01   6.5185e+00   0.0000e+00   3.4598e-01   4.0179e+02
20260201_21:00:00   1.1250e-01   2.9556e+01   5.9674e+00   0.0000e+00   2.5723e-01   4.1018e+02
20260202_00:00:00   1.1434e-01   3.0030e+01   6.2688e+00   0.0000e+00   8.4180e-02   4.1830e+02
20260202_03:00:00   1.1074e-01   2.9323e+01   5.8094e+00   0.0000e+00   3.2373e-03   4.2254e+02
20260202_06:00:00   1.1220e-01   2.9627e+01   5.9583e+00   0.0000e+00   1.6871e-02   4.0941e+02
20260202_09:00:00   1.0973e-01   2.9053e+01   5.6551e+00   0.0000e+00   2.9983e-03   4.2130e+02
20260202_12:00:00   1.1076e-01   2.9297e+01   5.7058e+00   0.0000e+00   1.1191e-02   4.1508e+02
20260202_15:00:00   1.1067e-01   2.9360e+01   5.6169e+00   0.0000e+00   1.0459e-04   4.1272e+02
20260202_18:00:00   1.0926e-01   2.9067e+01   5.4145e+00   0.0000e+00   2.5331e-02   4.1680e+02
20260202_21:00:00   1.0010e-01   2.6971e+01   4.0310e+00   0.0000e+00   5.6361e-04   4.1494e+02
20260203_00:00:00   9.9627e-02   2.6878e+01   3.6642e+00   0.0000e+00   3.6693e-06   4.1342e+02
20260203_03:00:00   9.2226e-02   2.5084e+01   2.8619e+00   0.0000e+00   3.0554e-06   3.9987e+02
20260203_06:00:00   1.0280e-01   2.7457e+01   4.6078e+00   0.0000e+00   3.3850e-03   3.9028e+02
20260203_09:00:00   1.2086e-01   3.1637e+01   6.7662e+00   0.0000e+00   1.7230e-01   4.1093e+02
20260203_12:00:00   1.2750e-01   3.3073e+01   7.4043e+00   0.0000e+00   5.6615e-02   4.2545e+02
20260203_15:00:00   1.1985e-01   3.1299e+01   6.4519e+00   0.0000e+00   3.2263e-03   4.4390e+02
20260203_18:00:00   1.1086e-01   2.9341e+01   4.4367e+00   3.6480e-03   5.5306e-03   4.6753e+02
20260203_21:00:00   1.0682e-01   2.8331e+01   4.3003e+00   0.0000e+00   2.7029e-03   4.8146e+02
20260204_00:00:00   1.0489e-01   2.7717e+01   4.0311e+00   0.0000e+00   2.0191e-03   5.0973e+02
20260204_03:00:00   1.0796e-01   2.8341e+01   4.2741e+00   0.0000e+00   7.6450e-02   5.2633e+02
20260204_06:00:00   1.0273e-01   2.7066e+01   3.6897e+00   0.0000e+00   4.6558e-02   5.1589e+02
20260204_09:00:00   9.6619e-02   2.5622e+01   3.0107e+00   0.0000e+00   2.3486e-03   5.0792e+02
20260204_12:00:00   9.4592e-02   2.5160e+01   2.8003e+00   0.0000e+00   4.5098e-06   5.0036e+02
20260204_15:00:00   9.7657e-02   2.5922e+01   3.1971e+00   0.0000e+00   1.3263e-05   4.9020e+02
20260204_18:00:00   1.0560e-01   2.7784e+01   4.2504e+00   1.1160e-04   7.0112e-03   4.9340e+02
20260204_21:00:00   1.1515e-01   3.0012e+01   5.5236e+00   1.7325e-07   6.4529e-02   4.8902e+02
20260205_00:00:00   1.2190e-01   3.1644e+01   6.2674e+00   0.0000e+00   1.8145e-01   4.9624e+02
20260205_03:00:00   1.2600e-01   3.2710e+01   6.7008e+00   0.0000e+00   1.8145e-01   4.8413e+02
20260205_06:00:00   1.2072e-01   3.1490e+01   5.8828e+00   0.0000e+00   1.1732e-01   4.7605e+02
20260205_09:00:00   1.0338e-01   2.7601e+01   4.0010e+00   0.0000e+00   1.8771e-03   4.6731e+02
20260205_12:00:00   1.1483e-01   3.0360e+01   5.6643e+00   0.0000e+00   5.4417e-04   4.4814e+02
20260205_15:00:00   1.2271e-01   3.2255e+01   6.6573e+00   0.0000e+00   1.2159e-03   4.4839e+02
20260205_18:00:00   1.2079e-01   3.1927e+01   6.2160e+00   2.3100e-07   2.2549e-05   4.6632e+02
20260205_21:00:00   1.1431e-01   3.0563e+01   5.4263e+00   0.0000e+00   9.8075e-06   4.5859e+02
20260206_00:00:00   1.0782e-01   2.9064e+01   4.9410e+00   0.0000e+00   3.1988e-06   4.2620e+02
20260206_03:00:00   8.8704e-02   2.4503e+01   2.6221e+00   0.0000e+00   0.0000e+00   4.3071e+02
20260206_06:00:00   8.8992e-02   2.4540e+01   2.8995e+00   0.0000e+00   1.5976e-03   4.1702e+02
20260206_09:00:00   9.3150e-02   2.5500e+01   3.6154e+00   0.0000e+00   4.7508e-04   4.1516e+02
20260206_12:00:00   1.2538e-01   3.3135e+01   7.7656e+00   0.0000e+00   5.6537e-02   4.2205e+02
