#            date       tau255        Tb[K]      pwv[mm] lwp[kg*m^-2] iwp[kg*m^-2]       o3[DU]
20260119_12:00:00   1.3067e-01   3.4273e+01   7.4481e+00   4.2320e-05   1.5950e-01   3.8132e+02
20260119_13:00:00   1.3098e-01   3.4311e+01   7.4846e+00   2.6759e-04   1.3182e-01   3.7267e+02
20260119_14:00:00   1.3098e-01   3.4316e+01   7.2750e+00   2.5587e-03   4.5455e-02   3.6877e+02
20260119_15:00:00   1.4229e-01   3.6955e+01   6.8083e+00   1.9259e-02   3.5158e-02   3.5590e+02
20260119_16:00:00   1.4080e-01   3.6613e+01   6.3129e+00   2.4014e-02   7.0366e-03   3.5682e+02
20260119_17:00:00   1.1393e-01   3.0434e+01   5.8406e+00   2.4444e-04   1.8017e-04   3.5714e+02
20260119_18:00:00   1.1441e-01   3.0545e+01   5.8695e+00   9.6560e-06   2.4783e-04   3.5620e+02
20260119_19:00:00   1.1889e-01   3.1590e+01   6.1415e+00   1.2318e-03   1.9049e-03   3.6092e+02
20260119_20:00:00   1.1616e-01   3.0971e+01   5.7919e+00   4.3660e-04   2.8429e-03   3.6625e+02
20260119_21:00:00   1.1249e-01   3.0083e+01   5.2046e+00   8.4359e-04   2.5350e-03   3.6695e+02
20260119_22:00:00   1.0765e-01   2.8894e+01   4.7222e+00   0.0000e+00   3.9959e-04   3.6280e+02
20260119_23:00:00   1.0857e-01   2.9073e+01   4.8344e+00   0.0000e+00   1.8568e-04   3.6291e+02
20260120_00:00:00   1.0798e-01   2.8899e+01   4.8173e+00   0.0000e+00   4.9255e-05   3.6383e+02
20260120_01:00:00   1.0878e-01   2.9058e+01   4.9355e+00   0.0000e+00   1.8353e-05   3.7182e+02
20260120_02:00:00   1.1081e-01   2.9509e+01   5.1229e+00   0.0000e+00   5.5147e-05   3.7865e+02
20260120_03:00:00   1.1191e-01   2.9729e+01   5.1846e+00   0.0000e+00   5.6537e-03   3.8597e+02
20260120_04:00:00   1.0030e-01   2.6951e+01   3.8656e+00   0.0000e+00   9.9339e-04   3.9347e+02
20260120_05:00:00   9.0931e-02   2.4683e+01   2.6665e+00   0.0000e+00   8.9200e-05   3.9549e+02
20260120_06:00:00   9.0871e-02   2.4631e+01   2.5304e+00   0.0000e+00   1.8478e-06   3.9563e+02
20260120_07:00:00   9.1638e-02   2.4781e+01   2.5461e+00   0.0000e+00   2.4698e-06   4.0023e+02
20260120_08:00:00   9.1727e-02   2.4767e+01   2.4896e+00   0.0000e+00   2.4451e-06   4.0726e+02
20260120_09:00:00   9.2006e-02   2.4800e+01   2.4876e+00   0.0000e+00   2.4451e-06   4.0697e+02
20260120_10:00:00   9.3696e-02   2.5151e+01   2.6820e+00   0.0000e+00   4.2490e-06   4.0148e+02
20260120_11:00:00   9.4880e-02   2.5384e+01   2.8091e+00   0.0000e+00   6.4574e-06   4.0445e+02
20260120_12:00:00   9.5161e-02   2.5415e+01   2.8265e+00   0.0000e+00   6.3461e-06   4.3031e+02
20260120_13:00:00   9.7897e-02   2.5991e+01   3.1515e+00   0.0000e+00   6.5533e-05   4.3833e+02
20260120_14:00:00   1.0019e-01   2.6471e+01   3.3840e+00   0.0000e+00   2.4686e-03   4.4390e+02
20260120_15:00:00   1.0092e-01   2.6604e+01   3.4121e+00   4.3460e-05   1.0917e-02   4.5613e+02
20260120_16:00:00   1.1422e-01   2.9540e+01   3.4541e+00   1.4608e-02   1.9094e-02   4.6907e+02
20260120_17:00:00   1.0297e-01   2.7013e+01   3.2239e+00   3.1380e-03   1.3176e-02   4.7197e+02
20260120_18:00:00   9.9316e-02   2.6188e+01   2.9408e+00   1.0240e-03   1.7846e-02   4.6512e+02
20260120_19:00:00   9.6488e-02   2.5576e+01   2.6774e+00   0.0000e+00   4.8510e-03   4.6610e+02
20260120_20:00:00   9.4914e-02   2.5218e+01   2.4840e+00   0.0000e+00   1.2094e-04   4.5600e+02
20260120_21:00:00   9.4152e-02   2.5041e+01   2.3902e+00   0.0000e+00   8.6771e-06   4.3905e+02
20260120_22:00:00   9.4865e-02   2.5211e+01   2.4788e+00   0.0000e+00   9.0697e-06   4.3768e+02
20260120_23:00:00   9.5210e-02   2.5294e+01   2.5176e+00   0.0000e+00   6.7757e-06   4.3578e+02
20260121_00:00:00   9.4806e-02   2.5197e+01   2.4617e+00   0.0000e+00   3.9537e-06   4.3590e+02
20260121_01:00:00   9.5511e-02   2.5348e+01   2.5353e+00   0.0000e+00   2.1134e-06   4.3575e+02
20260121_02:00:00   9.6277e-02   2.5517e+01   2.6239e+00   0.0000e+00   2.1134e-06   4.3409e+02
20260121_03:00:00   9.7036e-02   2.5700e+01   2.7087e+00   0.0000e+00   2.1134e-06   4.3313e+02
20260121_04:00:00   9.7279e-02   2.5778e+01   2.7190e+00   0.0000e+00   3.1065e-06   4.3155e+02
20260121_05:00:00   9.7209e-02   2.5791e+01   2.7338e+00   0.0000e+00   8.9551e-06   4.3278e+02
20260121_06:00:00   9.7537e-02   2.5894e+01   2.7945e+00   0.0000e+00   1.0519e-05   4.3212e+02
20260121_07:00:00   9.7349e-02   2.5892e+01   2.8056e+00   0.0000e+00   9.4378e-06   4.3062e+02
20260121_08:00:00   9.8117e-02   2.6087e+01   2.9688e+00   0.0000e+00   9.0017e-06   4.2609e+02
20260121_09:00:00   9.9364e-02   2.6394e+01   3.2483e+00   0.0000e+00   1.1437e-03   4.2233e+02
20260121_10:00:00   9.9409e-02   2.6435e+01   3.3691e+00   0.0000e+00   8.0446e-06   4.1998e+02
20260121_11:00:00   1.0054e-01   2.6726e+01   3.6396e+00   0.0000e+00   1.6636e-05   4.1716e+02
20260121_12:00:00   1.0215e-01   2.7128e+01   3.9462e+00   0.0000e+00   7.0339e-04   4.0854e+02
20260121_13:00:00   1.0246e-01   2.7225e+01   4.0447e+00   0.0000e+00   6.9035e-04   4.0357e+02
20260121_14:00:00   9.9836e-02   2.6666e+01   3.7660e+00   0.0000e+00   4.3148e-04   4.0253e+02
20260121_15:00:00   1.0220e-01   2.7248e+01   4.1934e+00   0.0000e+00   9.7845e-04   3.9600e+02
20260121_16:00:00   1.0561e-01   2.8087e+01   4.7145e+00   0.0000e+00   4.1337e-04   3.8917e+02
20260121_17:00:00   1.1170e-01   2.9544e+01   5.6226e+00   0.0000e+00   6.6789e-03   3.8354e+02
20260121_18:00:00   1.1898e-01   3.1260e+01   6.6067e+00   0.0000e+00   5.8892e-02   3.7759e+02
20260121_19:00:00   1.2314e-01   3.2266e+01   7.1462e+00   0.0000e+00   2.1591e-02   3.7134e+02
20260121_20:00:00   1.2312e-01   3.2330e+01   7.1035e+00   0.0000e+00   8.0371e-03   3.6714e+02
20260121_21:00:00   1.2324e-01   3.2413e+01   7.1657e+00   0.0000e+00   8.7617e-03   3.6603e+02
20260121_22:00:00   1.1842e-01   3.1353e+01   6.6100e+00   0.0000e+00   9.0604e-03   3.6489e+02
20260121_23:00:00   1.2245e-01   3.2309e+01   7.1495e+00   0.0000e+00   6.6311e-03   3.6470e+02
20260122_00:00:00   1.3509e-01   3.5204e+01   8.7460e+00   0.0000e+00   5.9006e-02   3.6926e+02
20260122_01:00:00   1.4635e-01   3.7803e+01   9.9490e+00   0.0000e+00   2.4132e-01   3.6615e+02
20260122_02:00:00   1.5621e-01   4.0089e+01   1.0775e+01   2.3220e-03   2.9605e-01   3.6556e+02
20260122_03:00:00   1.5694e-01   4.0302e+01   1.1036e+01   1.6724e-04   3.3539e-01   3.6469e+02
20260122_04:00:00   1.5846e-01   4.0672e+01   1.1259e+01   0.0000e+00   2.9233e-01   3.6605e+02
20260122_05:00:00   1.6024e-01   4.1122e+01   1.1461e+01   0.0000e+00   2.0433e-01   3.6895e+02
20260122_06:00:00   1.6388e-01   4.1968e+01   1.1792e+01   0.0000e+00   2.7334e-01   3.7165e+02
20260122_07:00:00   1.6591e-01   4.2418e+01   1.1987e+01   0.0000e+00   3.6312e-01   3.7103e+02
20260122_08:00:00   1.6364e-01   4.1931e+01   1.1835e+01   3.3116e-04   6.3272e-02   3.7586e+02
20260122_09:00:00   1.5611e-01   4.0306e+01   1.0975e+01   1.4566e-04   1.0796e-02   3.7669e+02
20260122_10:00:00   1.4073e-01   3.6910e+01   8.8682e+00   0.0000e+00   1.1261e-04   3.7530e+02
20260122_11:00:00   1.3582e-01   3.5744e+01   8.4363e+00   0.0000e+00   1.6319e-05   3.7508e+02
20260122_12:00:00   1.3145e-01   3.4733e+01   8.0344e+00   0.0000e+00   2.7576e-03   3.7806e+02
20260122_13:00:00   1.2838e-01   3.4020e+01   7.7368e+00   0.0000e+00   2.2898e-02   3.8135e+02
20260122_14:00:00   1.2414e-01   3.3060e+01   7.0983e+00   0.0000e+00   1.4995e-02   3.8757e+02
20260122_15:00:00   1.1349e-01   3.0585e+01   5.5928e+00   0.0000e+00   2.3262e-02   3.9448e+02
20260122_16:00:00   1.1583e-01   3.1118e+01   5.8527e+00   0.0000e+00   4.0987e-03   3.9923e+02
20260122_17:00:00   1.1832e-01   3.1725e+01   6.0932e+00   0.0000e+00   3.5868e-04   4.0019e+02
20260122_18:00:00   1.2171e-01   3.2543e+01   6.4609e+00   0.0000e+00   1.7833e-04   3.9374e+02
20260122_19:00:00   1.2241e-01   3.2705e+01   6.5723e+00   0.0000e+00   2.1527e-05   3.9358e+02
20260122_20:00:00   1.2580e-01   3.3484e+01   6.8975e+00   0.0000e+00   6.2045e-04   3.9259e+02
20260122_21:00:00   1.2992e-01   3.4435e+01   6.6691e+00   5.9242e-03   2.4173e-02   3.9255e+02
20260122_22:00:00   1.1082e-01   2.9857e+01   5.2405e+00   0.0000e+00   5.3819e-05   3.9525e+02
20260122_23:00:00   1.0864e-01   2.9270e+01   5.0142e+00   0.0000e+00   5.3291e-04   3.9884e+02
20260123_00:00:00   1.0956e-01   2.9424e+01   5.0531e+00   0.0000e+00   3.6551e-04   4.0306e+02
20260123_01:00:00   1.0293e-01   2.7793e+01   4.3375e+00   0.0000e+00   9.7437e-04   4.0402e+02
20260123_02:00:00   1.0191e-01   2.7498e+01   4.2109e+00   0.0000e+00   1.8611e-03   4.0499e+02
20260123_03:00:00   1.0252e-01   2.7598e+01   4.3574e+00   0.0000e+00   1.1509e-04   4.1231e+02
20260123_04:00:00   1.0396e-01   2.7889e+01   4.6356e+00   0.0000e+00   1.3574e-03   4.1415e+02
20260123_05:00:00   1.0577e-01   2.8268e+01   5.0064e+00   0.0000e+00   4.3013e-03   4.1192e+02
20260123_06:00:00   1.1084e-01   2.9435e+01   5.7085e+00   0.0000e+00   1.6585e-02   4.1244e+02
20260123_07:00:00   1.1607e-01   3.0642e+01   6.3522e+00   0.0000e+00   1.8677e-02   4.0564e+02
20260123_08:00:00   1.1605e-01   3.0638e+01   6.2847e+00   0.0000e+00   8.7069e-03   4.0290e+02
20260123_09:00:00   1.1850e-01   3.1192e+01   6.6077e+00   0.0000e+00   1.6332e-02   4.0496e+02
20260123_10:00:00   1.2303e-01   3.2236e+01   7.1416e+00   0.0000e+00   8.7023e-02   3.9902e+02
20260123_11:00:00   1.2565e-01   3.2853e+01   7.4489e+00   0.0000e+00   5.7652e-02   3.9543e+02
20260123_12:00:00   1.2643e-01   3.3034e+01   7.5316e+00   0.0000e+00   2.1401e-02   4.0210e+02
20260123_13:00:00   1.2534e-01   3.2774e+01   7.3965e+00   0.0000e+00   8.2416e-03   4.0707e+02
20260123_14:00:00   1.2367e-01   3.2381e+01   7.1655e+00   0.0000e+00   1.0238e-02   4.1601e+02
20260123_15:00:00   1.2242e-01   3.2068e+01   6.9801e+00   0.0000e+00   3.3409e-02   4.1167e+02
20260123_16:00:00   1.1950e-01   3.1393e+01   6.5643e+00   0.0000e+00   5.6295e-02   3.9505e+02
20260123_17:00:00   1.1935e-01   3.1350e+01   5.9701e+00   4.6936e-03   5.5021e-02   3.9573e+02
20260123_18:00:00   1.1356e-01   2.9977e+01   5.7058e+00   4.9100e-06   5.5416e-02   3.9592e+02
20260123_19:00:00   1.1114e-01   2.9328e+01   5.3309e+00   4.3080e-04   2.6179e-02   3.9012e+02
20260123_20:00:00   1.0472e-01   2.7778e+01   4.5458e+00   0.0000e+00   3.0616e-03   3.8802e+02
20260123_21:00:00   9.6415e-02   2.5798e+01   3.4449e+00   0.0000e+00   1.0204e-03   3.9301e+02
20260123_22:00:00   8.9297e-02   2.4108e+01   2.3588e+00   0.0000e+00   1.6389e-03   3.9323e+02
20260123_23:00:00   9.1301e-02   2.4532e+01   2.4029e+00   0.0000e+00   8.9367e-03   3.9314e+02
20260124_00:00:00   9.2058e-02   2.4640e+01   2.3870e+00   0.0000e+00   2.4265e-03   3.9270e+02
20260124_01:00:00   9.1189e-02   2.4380e+01   2.2056e+00   7.8540e-06   6.0637e-03   3.8788e+02
20260124_02:00:00   8.8665e-02   2.3752e+01   1.8694e+00   0.0000e+00   1.7036e-03   3.7867e+02
20260124_03:00:00   8.6009e-02   2.3108e+01   1.4971e+00   0.0000e+00   1.3862e-03   3.5863e+02
20260124_04:00:00   8.4597e-02   2.2757e+01   1.2612e+00   0.0000e+00   7.2781e-05   3.3685e+02
20260124_05:00:00   8.4519e-02   2.2713e+01   1.2119e+00   0.0000e+00   3.4416e-04   3.3527e+02
20260124_06:00:00   8.5102e-02   2.2825e+01   1.2422e+00   0.0000e+00   5.3158e-04   3.3528e+02
20260124_07:00:00   8.5689e-02   2.2948e+01   1.2769e+00   0.0000e+00   3.4409e-04   3.4129e+02
20260124_08:00:00   8.5849e-02   2.2980e+01   1.2653e+00   0.0000e+00   4.6200e-07   3.4052e+02
20260124_09:00:00   8.5596e-02   2.2930e+01   1.2221e+00   0.0000e+00   0.0000e+00   3.4058e+02
20260124_10:00:00   8.5383e-02   2.2883e+01   1.2003e+00   0.0000e+00   0.0000e+00   3.4635e+02
20260124_11:00:00   8.5120e-02   2.2827e+01   1.1641e+00   0.0000e+00   0.0000e+00   3.4976e+02
20260124_12:00:00   8.5008e-02   2.2801e+01   1.1396e+00   0.0000e+00   1.5900e-05   3.5088e+02
20260124_15:00:00   8.5865e-02   2.3028e+01   1.3687e+00   0.0000e+00   1.4930e-03   3.4052e+02
20260124_18:00:00   8.8771e-02   2.3742e+01   1.9049e+00   0.0000e+00   1.3704e-03   3.4204e+02
20260124_21:00:00   9.0821e-02   2.4233e+01   2.1585e+00   0.0000e+00   1.6316e-05   3.3817e+02
20260125_00:00:00   9.2788e-02   2.4666e+01   2.3361e+00   0.0000e+00   4.7444e-05   3.2973e+02
20260125_03:00:00   9.1809e-02   2.4414e+01   2.1878e+00   0.0000e+00   3.9698e-05   3.2644e+02
20260125_06:00:00   9.1284e-02   2.4275e+01   2.1413e+00   0.0000e+00   8.1580e-06   3.2543e+02
20260125_09:00:00   9.0888e-02   2.4155e+01   2.0500e+00   0.0000e+00   0.0000e+00   3.4163e+02
20260125_12:00:00   9.1855e-02   2.4300e+01   2.1109e+00   0.0000e+00   6.0516e-04   3.5843e+02
20260125_15:00:00   9.2251e-02   2.4330e+01   1.9955e+00   0.0000e+00   1.6130e-05   3.7477e+02
20260125_18:00:00   9.0521e-02   2.3951e+01   1.7349e+00   9.7220e-05   1.9566e-03   3.9168e+02
20260125_21:00:00   9.0071e-02   2.3862e+01   1.6511e+00   0.0000e+00   6.9046e-05   3.8976e+02
20260126_00:00:00   8.7910e-02   2.3411e+01   1.3932e+00   0.0000e+00   9.7400e-07   3.9150e+02
20260126_03:00:00   8.5807e-02   2.3008e+01   1.2706e+00   0.0000e+00   4.8280e-07   3.7942e+02
20260126_06:00:00   8.7913e-02   2.3526e+01   1.7761e+00   0.0000e+00   2.9302e-05   3.8630e+02
20260126_09:00:00   9.4107e-02   2.4975e+01   2.7803e+00   0.0000e+00   2.4897e-03   3.9433e+02
20260126_12:00:00   1.0038e-01   2.6426e+01   3.7062e+00   0.0000e+00   3.8024e-02   3.9155e+02
20260126_15:00:00   1.0859e-01   2.8306e+01   4.5762e+00   0.0000e+00   1.3582e-01   3.8819e+02
20260126_18:00:00   1.0335e-01   2.7175e+01   3.8303e+00   0.0000e+00   3.0196e-02   4.0785e+02
20260126_21:00:00   1.0483e-01   2.7538e+01   3.7814e+00   0.0000e+00   4.7097e-03   4.1674e+02
20260127_00:00:00   1.0358e-01   2.7194e+01   3.6465e+00   0.0000e+00   7.9726e-04   4.3194e+02
20260127_03:00:00   1.0892e-01   2.8414e+01   4.1690e+00   0.0000e+00   6.1889e-02   4.3731e+02
20260127_06:00:00   1.0081e-01   2.6572e+01   3.2075e+00   0.0000e+00   2.1519e-04   4.2386e+02
20260127_09:00:00   9.3395e-02   2.4907e+01   2.3960e+00   0.0000e+00   7.7036e-06   4.1091e+02
20260127_12:00:00   9.0257e-02   2.4242e+01   2.0828e+00   0.0000e+00   5.9700e-06   3.9674e+02
20260127_15:00:00   8.8382e-02   2.3880e+01   1.9911e+00   0.0000e+00   0.0000e+00   3.8680e+02
20260127_18:00:00   9.0970e-02   2.4557e+01   2.5339e+00   0.0000e+00   0.0000e+00   3.7775e+02
20260127_21:00:00   9.4656e-02   2.5466e+01   3.0460e+00   0.0000e+00   0.0000e+00   3.7746e+02
20260128_00:00:00   9.7530e-02   2.6098e+01   3.2817e+00   0.0000e+00   6.5005e-06   3.8274e+02
20260128_03:00:00   9.7687e-02   2.6074e+01   3.1871e+00   0.0000e+00   4.9846e-06   3.8900e+02
20260128_06:00:00   9.3521e-02   2.5057e+01   2.6760e+00   0.0000e+00   4.5968e-06   3.9419e+02
20260128_09:00:00   8.9962e-02   2.4216e+01   2.2677e+00   0.0000e+00   0.0000e+00   3.9702e+02
20260128_12:00:00   8.4427e-02   2.2982e+01   1.5900e+00   0.0000e+00   0.0000e+00   4.0648e+02
20260128_15:00:00   9.2602e-02   2.4972e+01   2.7340e+00   0.0000e+00   0.0000e+00   4.0741e+02
20260128_18:00:00   9.4878e-02   2.5556e+01   3.0928e+00   0.0000e+00   0.0000e+00   4.0480e+02
20260128_21:00:00   8.9828e-02   2.4392e+01   2.4740e+00   0.0000e+00   0.0000e+00   4.1520e+02
20260129_00:00:00   8.8985e-02   2.4131e+01   2.4716e+00   0.0000e+00   9.8951e-04   4.2134e+02
20260129_03:00:00   9.0519e-02   2.4379e+01   2.7128e+00   0.0000e+00   9.4423e-03   4.4481e+02
20260129_06:00:00   9.1409e-02   2.4503e+01   2.7843e+00   0.0000e+00   1.4339e-02   4.6670e+02
20260129_09:00:00   9.3981e-02   2.5004e+01   3.0215e+00   0.0000e+00   1.6370e-02   4.8515e+02
20260129_12:00:00   9.6634e-02   2.5502e+01   3.1458e+00   0.0000e+00   1.0566e-02   5.0439e+02
20260129_15:00:00   9.6660e-02   2.5451e+01   3.0357e+00   0.0000e+00   1.0323e-04   5.1279e+02
20260129_18:00:00   9.8447e-02   2.5843e+01   3.2893e+00   0.0000e+00   5.9106e-03   5.3581e+02
20260129_21:00:00   9.5752e-02   2.5302e+01   2.9627e+00   0.0000e+00   4.1224e-05   5.2549e+02
20260130_00:00:00   1.0171e-01   2.6741e+01   3.9102e+00   0.0000e+00   2.3647e-03   5.2112e+02
20260130_03:00:00   1.0844e-01   2.8371e+01   4.9093e+00   0.0000e+00   1.0847e-01   5.0015e+02
20260130_06:00:00   1.0460e-01   2.7595e+01   4.4696e+00   0.0000e+00   4.2066e-05   4.9538e+02
20260130_09:00:00   9.6991e-02   2.5868e+01   3.4751e+00   0.0000e+00   5.5809e-06   4.8277e+02
20260130_12:00:00   1.0021e-01   2.6665e+01   3.9299e+00   0.0000e+00   2.5693e-06   4.8095e+02
20260130_15:00:00   1.0454e-01   2.7738e+01   4.4179e+00   0.0000e+00   2.0221e-06   4.7177e+02
20260130_18:00:00   9.9636e-02   2.6705e+01   3.8602e+00   0.0000e+00   0.0000e+00   4.4662e+02
20260130_21:00:00   9.5880e-02   2.5847e+01   3.2817e+00   0.0000e+00   0.0000e+00   4.5327e+02
20260131_00:00:00   9.3354e-02   2.5265e+01   2.8833e+00   0.0000e+00   0.0000e+00   4.2182e+02
20260131_03:00:00   9.0265e-02   2.4544e+01   2.5229e+00   0.0000e+00   5.9400e-05   4.1291e+02
20260131_06:00:00   9.0663e-02   2.4651e+01   2.7564e+00   0.0000e+00   2.5069e-04   4.0487e+02
20260131_09:00:00   9.1934e-02   2.4979e+01   3.1201e+00   0.0000e+00   4.3490e-03   3.9599e+02
20260131_12:00:00   9.6306e-02   2.6012e+01   3.9093e+00   0.0000e+00   4.4672e-03   3.8995e+02
20260131_15:00:00   1.0245e-01   2.7481e+01   4.9597e+00   0.0000e+00   1.6407e-02   3.8401e+02
20260131_18:00:00   1.1090e-01   2.9456e+01   6.1632e+00   0.0000e+00   1.9494e-02   3.8183e+02
20260131_21:00:00   1.2137e-01   3.1944e+01   7.5145e+00   0.0000e+00   1.3606e-03   3.9116e+02
20260201_00:00:00   1.2911e-01   3.3759e+01   8.5239e+00   0.0000e+00   1.2041e-02   3.7551e+02
20260201_03:00:00   1.4151e-01   3.6620e+01   9.9338e+00   0.0000e+00   1.4407e-01   3.5945e+02
20260201_06:00:00   1.5126e-01   3.8805e+01   1.0756e+01   0.0000e+00   4.1937e-01   3.4480e+02
20260201_09:00:00   1.6363e-01   4.1609e+01   1.2062e+01   0.0000e+00   9.0288e-01   3.6624e+02
20260201_12:00:00   1.7334e-01   4.3946e+01   1.3272e+01   3.7320e-04   1.0085e+00   3.8451e+02
20260201_15:00:00   4.1964e-01   9.2917e+01   1.4795e+01   2.6369e-01   1.1004e+00   3.9132e+02
20260201_18:00:00   6.7724e-01   1.3162e+02   1.1190e+01   5.7972e-01   7.0601e-01   4.2574e+02
20260201_21:00:00   7.6825e-01   1.4494e+02   9.8843e+00   6.9675e-01   1.2856e-01   4.0811e+02
20260202_00:00:00   5.9111e-01   1.2083e+02   8.5703e+00   5.0951e-01   2.8192e-02   4.0021e+02
20260202_03:00:00   4.2830e-01   9.4722e+01   7.7202e+00   3.3285e-01   3.7390e-02   3.9376e+02
20260202_06:00:00   3.2847e-01   7.5684e+01   7.9464e+00   2.1809e-01   3.0835e-01   3.9745e+02
20260202_09:00:00   1.2903e-01   3.3833e+01   7.4200e+00   0.0000e+00   3.1612e-01   3.8852e+02
20260202_12:00:00   1.2719e-01   3.3310e+01   7.2805e+00   0.0000e+00   1.5148e-01   3.8419e+02
20260202_15:00:00   1.2462e-01   3.2723e+01   7.0107e+00   0.0000e+00   4.6636e-02   3.9508e+02
20260202_18:00:00   1.3166e-01   3.4396e+01   7.9343e+00   4.0196e-04   2.2906e-02   3.9518e+02
20260202_21:00:00   1.2794e-01   3.3578e+01   7.8158e+00   0.0000e+00   1.1116e-02   3.8769e+02
20260203_00:00:00   9.3048e-02   2.5561e+01   3.2790e+00   0.0000e+00   0.0000e+00   3.7359e+02
20260203_03:00:00   9.5617e-02   2.6179e+01   3.8025e+00   0.0000e+00   0.0000e+00   3.7221e+02
20260203_06:00:00   1.0087e-01   2.7372e+01   4.7815e+00   0.0000e+00   4.2790e-05   3.6870e+02
20260203_09:00:00   8.9394e-02   2.4655e+01   3.1126e+00   0.0000e+00   9.4018e-04   3.7279e+02
20260203_12:00:00   9.5322e-02   2.6005e+01   3.9577e+00   0.0000e+00   8.0915e-03   3.6490e+02
20260203_15:00:00   1.0495e-01   2.8347e+01   5.1855e+00   0.0000e+00   2.4616e-03   3.7344e+02
20260203_18:00:00   1.1424e-01   3.0545e+01   6.4388e+00   0.0000e+00   4.6390e-02   3.7139e+02
20260203_21:00:00   1.2865e-01   3.3911e+01   8.3825e+00   0.0000e+00   4.8226e-02   3.6404e+02
20260204_00:00:00   1.2706e-01   3.3542e+01   8.2344e+00   0.0000e+00   3.9775e-02   3.6100e+02
20260204_03:00:00   1.4046e-01   3.6640e+01   9.7779e+00   0.0000e+00   4.9538e-02   3.6463e+02
20260204_06:00:00   1.4207e-01   3.6999e+01   9.8378e+00   0.0000e+00   3.0462e-02   3.6576e+02
20260204_09:00:00   1.5131e-01   3.9075e+01   1.0640e+01   0.0000e+00   2.3547e-01   3.7303e+02
20260204_12:00:00   1.5458e-01   3.9799e+01   1.0952e+01   0.0000e+00   1.8281e-01   3.9201e+02
