#            date       tau255        Tb[K]      pwv[mm] lwp[kg*m^-2] iwp[kg*m^-2]       o3[DU]
20260228_06:00:00   1.2327e-01   3.3225e+01   7.4723e+00   0.0000e+00   9.6560e-06   4.0019e+02
20260228_07:00:00   1.1992e-01   3.2428e+01   7.1702e+00   0.0000e+00   5.0560e-06   3.9453e+02
20260228_08:00:00   1.1656e-01   3.1635e+01   6.8638e+00   0.0000e+00   1.9974e-04   3.9253e+02
20260228_09:00:00   1.1311e-01   3.0814e+01   6.4696e+00   0.0000e+00   2.4719e-04   3.9036e+02
20260228_10:00:00   1.1060e-01   3.0211e+01   6.1694e+00   0.0000e+00   0.0000e+00   3.8721e+02
20260228_11:00:00   1.1018e-01   3.0094e+01   6.1652e+00   0.0000e+00   0.0000e+00   3.8385e+02
20260228_12:00:00   1.1140e-01   3.0388e+01   6.3416e+00   0.0000e+00   0.0000e+00   3.8013e+02
20260228_13:00:00   1.1647e-01   3.1623e+01   6.9994e+00   0.0000e+00   0.0000e+00   3.8064e+02
20260228_14:00:00   1.2690e-01   3.4119e+01   8.2568e+00   0.0000e+00   0.0000e+00   3.8263e+02
20260228_15:00:00   1.3858e-01   3.6867e+01   9.8083e+00   0.0000e+00   1.0068e-04   3.8453e+02
20260228_16:00:00   1.4971e-01   3.9490e+01   1.1145e+01   0.0000e+00   1.3528e-03   3.7793e+02
20260228_17:00:00   1.6112e-01   4.2183e+01   1.2445e+01   0.0000e+00   6.0121e-04   3.6422e+02
20260228_18:00:00   1.7963e-01   4.6456e+01   1.4460e+01   1.5566e-04   9.8582e-03   3.6281e+02
20260228_19:00:00   1.7814e-01   4.6208e+01   1.4143e+01   0.0000e+00   6.2850e-06   3.6397e+02
20260228_20:00:00   1.8138e-01   4.6980e+01   1.4351e+01   1.2101e-04   1.2379e-04   3.6219e+02
20260228_21:00:00   1.8937e-01   4.8726e+01   1.4862e+01   3.4035e-03   6.6364e-04   3.6496e+02
20260228_22:00:00   1.8934e-01   4.8714e+01   1.4683e+01   5.0699e-03   9.7247e-04   3.6683e+02
20260228_23:00:00   1.8395e-01   4.7508e+01   1.4308e+01   2.2400e-03   1.5151e-04   3.6746e+02
20260301_00:00:00   1.7057e-01   4.4535e+01   1.3037e+01   0.0000e+00   2.1134e-06   3.7177e+02
20260301_01:00:00   1.5942e-01   4.2015e+01   1.1744e+01   0.0000e+00   0.0000e+00   3.7595e+02
20260301_02:00:00   1.5493e-01   4.0906e+01   1.1171e+01   0.0000e+00   7.4477e-04   3.7983e+02
20260301_03:00:00   1.4547e-01   3.8644e+01   1.0111e+01   1.7005e-04   1.1377e-03   3.8069e+02
20260301_04:00:00   1.3947e-01   3.7127e+01   9.5986e+00   1.4579e-05   1.6643e-03   3.8274e+02
20260301_05:00:00   1.3296e-01   3.5541e+01   8.8860e+00   0.0000e+00   4.0474e-06   3.8291e+02
20260301_06:00:00   1.2376e-01   3.3304e+01   7.9328e+00   0.0000e+00   0.0000e+00   3.8157e+02
20260301_07:00:00   1.2498e-01   3.3488e+01   8.2184e+00   0.0000e+00   1.9314e-06   3.7972e+02
20260301_08:00:00   1.3245e-01   3.5159e+01   9.1880e+00   0.0000e+00   6.2853e-03   3.7679e+02
20260301_09:00:00   1.3111e-01   3.4805e+01   8.9397e+00   0.0000e+00   2.6141e-02   3.7492e+02
20260301_10:00:00   1.3278e-01   3.5104e+01   9.1612e+00   0.0000e+00   4.9388e-02   3.7431e+02
20260301_11:00:00   1.5668e-01   4.0522e+01   9.6750e+00   2.1180e-02   1.4824e-01   3.7243e+02
20260301_12:00:00   1.6541e-01   4.2416e+01   1.0671e+01   1.9826e-02   2.0738e-01   3.7493e+02
20260301_13:00:00   1.5586e-01   4.0206e+01   1.0584e+01   7.1006e-03   1.1106e-01   3.7565e+02
20260301_14:00:00   1.6191e-01   4.1543e+01   1.0936e+01   5.4758e-03   3.3531e-01   3.7717e+02
20260301_15:00:00   1.5699e-01   4.0374e+01   1.0497e+01   2.4208e-03   3.9316e-01   3.8420e+02
20260301_16:00:00   1.5125e-01   3.9004e+01   9.9702e+00   1.0182e-03   3.4778e-01   3.8939e+02
20260301_17:00:00   1.5008e-01   3.8691e+01   9.6115e+00   3.1525e-03   3.2311e-01   3.9049e+02
20260301_18:00:00   1.4252e-01   3.6960e+01   8.6798e+00   3.6269e-03   1.7967e-01   3.9313e+02
20260301_19:00:00   1.5515e-01   3.9748e+01   7.1457e+00   3.2359e-02   1.1269e-02   3.9390e+02
20260301_20:00:00   1.1759e-01   3.1213e+01   5.8675e+00   9.1540e-05   1.2929e-02   3.9177e+02
20260301_21:00:00   1.0981e-01   2.9382e+01   4.8224e+00   6.9300e-07   1.5294e-03   3.8962e+02
20260301_22:00:00   1.0224e-01   2.7559e+01   3.8607e+00   0.0000e+00   6.1563e-05   3.9113e+02
20260301_23:00:00   9.7738e-02   2.6445e+01   3.2435e+00   0.0000e+00   6.4596e-06   3.9302e+02
20260302_00:00:00   9.5283e-02   2.5807e+01   2.8433e+00   0.0000e+00   8.8260e-06   3.8517e+02
20260302_01:00:00   9.2418e-02   2.5085e+01   2.4247e+00   0.0000e+00   7.2700e-06   3.8575e+02
20260302_02:00:00   9.0370e-02   2.4556e+01   2.1166e+00   0.0000e+00   6.5455e-06   3.8747e+02
20260302_03:00:00   8.8606e-02   2.4107e+01   1.8965e+00   0.0000e+00   3.1920e-06   3.8298e+02
20260302_04:00:00   8.7246e-02   2.3750e+01   1.7277e+00   0.0000e+00   1.7188e-06   3.8000e+02
20260302_05:00:00   8.6049e-02   2.3440e+01   1.5882e+00   0.0000e+00   1.2277e-06   3.8718e+02
20260302_06:00:00   8.5642e-02   2.3328e+01   1.5423e+00   0.0000e+00   6.6980e-07   3.9330e+02
20260302_07:00:00   8.6022e-02   2.3401e+01   1.5733e+00   0.0000e+00   0.0000e+00   3.9882e+02
20260302_08:00:00   8.6533e-02   2.3509e+01   1.6288e+00   0.0000e+00   0.0000e+00   4.0062e+02
20260302_09:00:00   8.6941e-02   2.3588e+01   1.6692e+00   0.0000e+00   3.4080e-08   4.0114e+02
20260302_10:00:00   8.7363e-02   2.3681e+01   1.7347e+00   0.0000e+00   0.0000e+00   4.0173e+02
20260302_11:00:00   8.8140e-02   2.3843e+01   1.8273e+00   0.0000e+00   0.0000e+00   4.0426e+02
20260302_12:00:00   8.8936e-02   2.4014e+01   1.9324e+00   0.0000e+00   0.0000e+00   4.0813e+02
20260302_13:00:00   8.9793e-02   2.4210e+01   2.0468e+00   0.0000e+00   3.3800e-04   4.1431e+02
20260302_14:00:00   9.0732e-02   2.4431e+01   2.1654e+00   0.0000e+00   1.6326e-03   4.1937e+02
20260302_15:00:00   9.2016e-02   2.4746e+01   2.3354e+00   0.0000e+00   3.6876e-03   4.2167e+02
20260302_16:00:00   9.3259e-02   2.5060e+01   2.4676e+00   0.0000e+00   4.9438e-03   4.2078e+02
20260302_17:00:00   9.3029e-02   2.5056e+01   2.4419e+00   0.0000e+00   8.0700e-04   4.2393e+02
20260302_18:00:00   9.3650e-02   2.5229e+01   2.5388e+00   0.0000e+00   1.5366e-05   4.2683e+02
20260302_19:00:00   9.4079e-02   2.5360e+01   2.6165e+00   0.0000e+00   0.0000e+00   4.2754e+02
20260302_20:00:00   9.5183e-02   2.5639e+01   2.7757e+00   0.0000e+00   0.0000e+00   4.2451e+02
20260302_21:00:00   9.6451e-02   2.5959e+01   2.9722e+00   0.0000e+00   0.0000e+00   4.1857e+02
20260302_22:00:00   9.6929e-02   2.6087e+01   3.0722e+00   0.0000e+00   0.0000e+00   4.1057e+02
20260302_23:00:00   9.7277e-02   2.6179e+01   3.1528e+00   0.0000e+00   1.4485e-06   4.0833e+02
20260303_00:00:00   9.8241e-02   2.6405e+01   3.3474e+00   0.0000e+00   0.0000e+00   4.0603e+02
20260303_01:00:00   9.9594e-02   2.6737e+01   3.5945e+00   0.0000e+00   0.0000e+00   4.0288e+02
20260303_02:00:00   1.0110e-01   2.7114e+01   3.8601e+00   0.0000e+00   0.0000e+00   3.9967e+02
20260303_03:00:00   1.0322e-01   2.7631e+01   4.2104e+00   0.0000e+00   0.0000e+00   3.9868e+02
20260303_04:00:00   1.0488e-01   2.8047e+01   4.5225e+00   0.0000e+00   1.8168e-07   3.9386e+02
20260303_05:00:00   1.0607e-01   2.8352e+01   4.7935e+00   0.0000e+00   1.2020e-05   3.9061e+02
20260303_06:00:00   1.0643e-01   2.8481e+01   4.9025e+00   0.0000e+00   7.9760e-06   3.8964e+02
20260303_07:00:00   1.0828e-01   2.8952e+01   5.1791e+00   0.0000e+00   0.0000e+00   3.8741e+02
20260303_08:00:00   1.0939e-01   2.9236e+01   5.3689e+00   0.0000e+00   8.1580e-06   3.8551e+02
20260303_09:00:00   1.0892e-01   2.9178e+01   5.3361e+00   0.0000e+00   0.0000e+00   3.8434e+02
20260303_10:00:00   1.0702e-01   2.8781e+01   5.0668e+00   0.0000e+00   5.2820e-06   3.8015e+02
20260303_11:00:00   1.0411e-01   2.8160e+01   4.6491e+00   0.0000e+00   0.0000e+00   3.7558e+02
20260303_12:00:00   1.0229e-01   2.7777e+01   4.3785e+00   0.0000e+00   0.0000e+00   3.7508e+02
20260303_13:00:00   1.0101e-01   2.7500e+01   4.1569e+00   0.0000e+00   9.6560e-06   3.7540e+02
20260303_14:00:00   9.9788e-02   2.7258e+01   3.9861e+00   0.0000e+00   1.9974e-04   3.7467e+02
20260303_15:00:00   1.0789e-01   2.9256e+01   4.9994e+00   0.0000e+00   2.2715e-03   3.7301e+02
20260303_16:00:00   1.1869e-01   3.1858e+01   6.2915e+00   0.0000e+00   7.3338e-04   3.7196e+02
20260303_17:00:00   1.3342e-01   3.5335e+01   7.8345e+00   1.5526e-03   1.4627e-03   3.6576e+02
20260303_18:00:00   2.2613e-01   5.6018e+01   8.9820e+00   9.4841e-02   7.6826e-03   3.6578e+02
20260303_19:00:00   3.1761e-01   7.4475e+01   1.0199e+01   1.8728e-01   2.4552e-02   3.6421e+02
20260303_20:00:00   1.7896e-01   4.5670e+01   1.3756e+01   6.7453e-04   3.1458e-01   3.6307e+02
20260303_21:00:00   1.9982e-01   5.0167e+01   1.6230e+01   1.0816e-03   7.5251e-01   3.6041e+02
20260303_22:00:00   2.1708e-01   5.3943e+01   1.6830e+01   1.5014e-02   8.2460e-01   3.5890e+02
20260303_23:00:00   2.0905e-01   5.2316e+01   1.7488e+01   0.0000e+00   9.0294e-01   3.5321e+02
20260304_00:00:00   3.6021e-01   8.2888e+01   1.8070e+01   1.6439e-01   8.3888e-01   3.4877e+02
20260304_01:00:00   5.9077e-01   1.2174e+02   1.8564e+01   4.1928e-01   9.2940e-01   3.4811e+02
20260304_02:00:00   9.1067e-01   1.6309e+02   1.9325e+01   7.7481e-01   8.0933e-01   3.4509e+02
20260304_03:00:00   1.1210e+00   1.8414e+02   1.9983e+01   1.0091e+00   3.6487e-01   3.4688e+02
20260304_04:00:00   1.1674e+00   1.8817e+02   2.0204e+01   1.0603e+00   1.1251e-01   3.4795e+02
20260304_05:00:00   1.1728e+00   1.8894e+02   2.0481e+01   1.0659e+00   2.0211e-01   3.5176e+02
20260304_06:00:00   1.0046e+00   1.7353e+02   2.0791e+01   8.7266e-01   2.7236e-01   3.5733e+02
20260304_07:00:00   5.2660e-01   1.1250e+02   2.0326e+01   3.3471e-01   4.6514e-01   3.5907e+02
20260304_08:00:00   2.2424e-01   5.6255e+01   1.7752e+01   1.8126e-02   8.3072e-03   3.6164e+02
20260304_09:00:00   1.7511e-01   4.5580e+01   1.3145e+01   0.0000e+00   9.6545e-04   3.6381e+02
20260304_10:00:00   1.5727e-01   4.1555e+01   1.0990e+01   0.0000e+00   1.8324e-07   3.6714e+02
20260304_11:00:00   1.4181e-01   3.8003e+01   9.1901e+00   0.0000e+00   2.9430e-07   3.6848e+02
20260304_12:00:00   1.3257e-01   3.5826e+01   8.0623e+00   0.0000e+00   1.8533e-04   3.6571e+02
20260304_13:00:00   1.2914e-01   3.4990e+01   7.6280e+00   0.0000e+00   1.6169e-03   3.6235e+02
20260304_14:00:00   1.2675e-01   3.4417e+01   7.3315e+00   0.0000e+00   3.6410e-03   3.6190e+02
20260304_15:00:00   1.2550e-01   3.4145e+01   7.1915e+00   0.0000e+00   3.1018e-03   3.5926e+02
20260304_16:00:00   1.2501e-01   3.4059e+01   7.1335e+00   0.0000e+00   1.2823e-02   3.6196e+02
20260304_17:00:00   1.2526e-01   3.4138e+01   7.1564e+00   0.0000e+00   1.8560e-02   3.5923e+02
20260304_18:00:00   1.2742e-01   3.4669e+01   7.4112e+00   1.2070e-05   1.4383e-02   3.5736e+02
20260304_19:00:00   1.2831e-01   3.4894e+01   7.5598e+00   9.6560e-06   2.3845e-02   3.5309e+02
20260304_20:00:00   1.3175e-01   3.5689e+01   8.1278e+00   1.2070e-05   1.5339e-02   3.5109e+02
20260304_21:00:00   1.3624e-01   3.6666e+01   9.1083e+00   0.0000e+00   1.0037e-01   3.4518e+02
20260304_22:00:00   1.5925e-01   4.1876e+01   1.2670e+01   0.0000e+00   2.5541e-01   3.4061e+02
20260304_23:00:00   2.2172e-01   5.5736e+01   1.8596e+01   1.6549e-02   2.8666e-01   3.3549e+02
20260305_00:00:00   4.6662e-01   1.0310e+02   2.2287e+01   2.5408e-01   1.3438e-01   3.3439e+02
20260305_01:00:00   7.6896e-01   1.4771e+02   2.3927e+01   5.7904e-01   2.4244e-01   3.2958e+02
20260305_02:00:00   8.7047e-01   1.6011e+02   2.4700e+01   6.8853e-01   1.2360e-01   3.3341e+02
20260305_03:00:00   1.2031e+00   1.9289e+02   2.4897e+01   1.0707e+00   1.3417e-01   3.3675e+02
20260305_04:00:00   9.0369e-01   1.6492e+02   2.5252e+01   7.3236e-01   1.6021e-01   3.3543e+02
20260305_05:00:00   1.1361e+00   1.8780e+02   2.5931e+01   9.9085e-01   9.9875e-02   3.3510e+02
20260305_06:00:00   8.8053e-01   1.6242e+02   2.5851e+01   7.0120e-01   9.7079e-02   3.3155e+02
20260305_09:00:00   7.8465e-01   1.5157e+02   2.5335e+01   6.0456e-01   6.4436e-02   3.3931e+02
20260305_12:00:00   5.4270e-01   1.1674e+02   3.0371e+01   2.5593e-01   6.6938e-01   3.4913e+02
20260305_15:00:00   3.3987e-01   8.1397e+01   2.8960e+01   4.3861e-02   2.0174e-01   3.4443e+02
20260305_18:00:00   2.8112e-01   6.9579e+01   2.6809e+01   8.3503e-04   4.0448e-01   3.4824e+02
20260305_21:00:00   2.8271e-01   6.9888e+01   2.6210e+01   4.2825e-03   8.5642e-02   3.6672e+02
20260306_00:00:00   2.8107e-01   6.9945e+01   2.4309e+01   1.3568e-02   1.9772e-04   3.4434e+02
20260306_03:00:00   3.8263e-01   8.9812e+01   2.2736e+01   1.3916e-01   1.6580e-04   3.3388e+02
20260306_06:00:00   8.0705e-01   1.5424e+02   2.0577e+01   6.4785e-01   4.9000e-06   3.2280e+02
20260306_09:00:00   7.9730e-01   1.5300e+02   1.6835e+01   6.8028e-01   3.5094e-03   3.1804e+02
20260306_12:00:00   8.4829e-01   1.5810e+02   1.4383e+01   7.5498e-01   4.5331e-05   3.1402e+02
20260306_15:00:00   5.8757e-01   1.2302e+02   1.4142e+01   4.5869e-01   9.6141e-04   3.1185e+02
20260306_18:00:00   5.8019e-01   1.2176e+02   1.3013e+01   4.6096e-01   2.1047e-04   3.0923e+02
20260306_21:00:00   4.9673e-01   1.0871e+02   1.6886e+01   3.3524e-01   5.8658e-05   3.0703e+02
20260307_00:00:00   5.6405e-01   1.1970e+02   2.5197e+01   3.3776e-01   2.2166e-05   2.8879e+02
20260307_03:00:00   1.0677e+00   1.8155e+02   2.9572e+01   8.7489e-01   4.4691e-02   2.7966e+02
20260307_06:00:00   9.9608e-01   1.7546e+02   3.1548e+01   7.7598e-01   1.5418e-01   2.7513e+02
20260307_09:00:00   9.4254e-01   1.7008e+02   3.2860e+01   6.9695e-01   1.4193e-01   2.7419e+02
20260307_12:00:00   4.9651e-01   1.1026e+02   3.1218e+01   2.0312e-01   4.0748e-05   2.7414e+02
20260307_15:00:00   2.8433e-01   7.0775e+01   2.5998e+01   9.8130e-03   3.1078e-05   2.7103e+02
20260307_18:00:00   1.5887e-01   4.2630e+01   1.4044e+01   0.0000e+00   4.1552e-06   2.7024e+02
20260307_21:00:00   1.6379e-01   4.3661e+01   1.4555e+01   0.0000e+00   2.0158e-04   2.6998e+02
20260308_00:00:00   5.8618e-01   1.2230e+02   1.7749e+01   4.4794e-01   1.7640e-01   2.7553e+02
20260308_03:00:00   1.0077e+00   1.7350e+02   2.0993e+01   8.8977e-01   2.1292e-01   2.7558e+02
20260308_06:00:00   9.2029e-01   1.6427e+02   2.4806e+01   7.4162e-01   6.3509e-01   2.8012e+02
20260308_09:00:00   1.0499e+00   1.7695e+02   2.4806e+01   8.8544e-01   4.9231e-01   2.8106e+02
20260308_12:00:00   1.0759e+00   1.8033e+02   2.5108e+01   9.1481e-01   4.5103e-01   2.8515e+02
20260308_15:00:00   1.2565e+00   1.9589e+02   2.5503e+01   1.1193e+00   4.6483e-01   2.8978e+02
20260308_18:00:00   1.1179e+00   1.8475e+02   2.6480e+01   9.5542e-01   6.5830e-01   2.9906e+02
20260308_21:00:00   1.2453e+00   1.9568e+02   2.8714e+01   1.0796e+00   6.7665e-01   2.9957e+02
20260309_00:00:00   1.0574e+00   1.8126e+02   2.9703e+01   8.7600e-01   4.2275e-02   2.9946e+02
20260309_03:00:00   1.2864e+00   2.0012e+02   3.2447e+01   1.0937e+00   1.0520e-01   2.9623e+02
20260309_06:00:00   9.9883e-01   1.7607e+02   3.4827e+01   7.4470e-01   7.7219e-02   2.9305e+02
20260309_09:00:00   6.1498e-01   1.2878e+02   3.5302e+01   2.9390e-01   5.3217e-03   2.8995e+02
20260309_12:00:00   5.6096e-01   1.2065e+02   3.5356e+01   2.2995e-01   1.0732e-02   2.9197e+02
20260309_15:00:00   3.3862e-01   8.2169e+01   3.3089e+01   4.9940e-03   3.6880e-03   2.9419e+02
20260309_18:00:00   3.9650e-01   9.3086e+01   3.3975e+01   5.6096e-02   8.0942e-03   2.9175e+02
20260309_21:00:00   3.8471e-01   9.0992e+01   3.5100e+01   2.8917e-02   7.3113e-02   2.9785e+02
20260310_00:00:00   1.4090e+00   2.1233e+02   3.7696e+01   1.2043e+00   1.1614e-01   3.1903e+02
20260310_03:00:00   1.3312e+00   2.0733e+02   3.5986e+01   1.1519e+00   2.1781e-01   3.1225e+02
20260310_06:00:00   1.2430e+00   1.9952e+02   3.2846e+01   1.0772e+00   3.5404e-02   3.0004e+02
20260310_09:00:00   7.9589e-01   1.5376e+02   3.1452e+01   5.5788e-01   1.2142e-02   2.8739e+02
20260310_12:00:00   1.0740e+00   1.8392e+02   2.7050e+01   9.3027e-01   1.6169e-06   2.9310e+02
20260310_15:00:00   1.1559e+00   1.9112e+02   2.5826e+01   1.0333e+00   1.1978e-03   2.9500e+02
20260310_18:00:00   1.0009e+00   1.7624e+02   2.7305e+01   8.3553e-01   1.1298e-02   2.9037e+02
20260310_21:00:00   8.1705e-01   1.5608e+02   2.6569e+01   6.3014e-01   2.4836e-02   2.8735e+02
20260311_00:00:00   7.3621e-01   1.4627e+02   2.6321e+01   5.4632e-01   6.5388e-04   2.8790e+02
20260311_03:00:00   6.6369e-01   1.3680e+02   2.7420e+01   4.4966e-01   1.6154e-03   2.8851e+02
20260311_06:00:00   5.4422e-01   1.1932e+02   2.7994e+01   3.0152e-01   3.5848e-03   2.8793e+02
20260311_09:00:00   3.7359e-01   8.9511e+01   3.1516e+01   5.8509e-02   7.2747e-03   2.8721e+02
20260311_12:00:00   4.0057e-01   9.4599e+01   3.2452e+01   7.8419e-02   1.5469e-03   2.8877e+02
20260311_15:00:00   4.8191e-01   1.0944e+02   3.2853e+01   1.7920e-01   3.0922e-02   3.0326e+02
20260311_18:00:00   6.8126e-01   1.4130e+02   3.0293e+01   4.3909e-01   1.7651e-02   3.0659e+02
20260311_21:00:00   2.8227e-01   7.1137e+01   2.5183e+01   1.4017e-02   4.7278e-03   3.0841e+02
20260312_00:00:00   2.6609e-01   6.7757e+01   2.2551e+01   8.6983e-03   2.7843e-04   3.1348e+02
20260312_03:00:00   2.7821e-01   6.9781e+01   1.8353e+01   6.8430e-02   8.2441e-03   3.2255e+02
20260312_06:00:00   1.7326e-01   4.5710e+01   1.4345e+01   0.0000e+00   1.8502e-02   3.3174e+02
20260312_09:00:00   1.6242e-01   4.2856e+01   1.4027e+01   0.0000e+00   1.9570e-02   3.4245e+02
20260312_12:00:00   1.5870e-01   4.1813e+01   1.3651e+01   0.0000e+00   8.9682e-03   3.5081e+02
20260312_15:00:00   1.7079e-01   4.4523e+01   1.5387e+01   0.0000e+00   3.2493e-02   3.5163e+02
20260312_18:00:00   4.9175e-01   1.0634e+02   1.9225e+01   3.2252e-01   3.5571e-01   3.5029e+02
20260312_21:00:00   4.3103e-01   9.6754e+01   2.2786e+01   2.1692e-01   2.8663e-01   3.5440e+02
20260313_00:00:00   3.6721e-01   8.5114e+01   2.1822e+01   1.5292e-01   1.2126e-01   3.5811e+02
20260313_03:00:00   2.5238e-01   6.2198e+01   1.8288e+01   6.1313e-02   3.8215e-01   3.6322e+02
20260313_06:00:00   1.6506e-01   4.2879e+01   1.4057e+01   8.5711e-05   3.1320e-01   3.6787e+02
20260313_09:00:00   2.3278e-01   5.7906e+01   9.5969e+00   1.0830e-01   3.1737e-01   3.7169e+02
20260313_12:00:00   2.8214e-01   6.8146e+01   9.6834e+00   1.6361e-01   3.7555e-01   3.6263e+02
20260313_15:00:00   1.9379e-01   4.9153e+01   1.2774e+01   4.2817e-02   5.4405e-01   3.5292e+02
20260313_18:00:00   2.0518e-01   5.1585e+01   1.7378e+01   1.2506e-02   7.0507e-01   3.5614e+02
20260313_21:00:00   2.1061e-01   5.2746e+01   1.5027e+01   3.0093e-02   3.3323e-01   3.7535e+02
20260314_00:00:00   3.3299e-01   7.7649e+01   1.4893e+01   1.7370e-01   2.0256e-02   3.8144e+02
20260314_03:00:00   1.1912e-01   3.2302e+01   6.5787e+00   0.0000e+00   1.4339e-05   3.9267e+02
20260314_06:00:00   1.1508e-01   3.1317e+01   7.1087e+00   0.0000e+00   5.0021e-06   4.0177e+02
20260314_09:00:00   1.5057e-01   3.9548e+01   1.1988e+01   0.0000e+00   1.6574e-01   3.9182e+02
20260314_12:00:00   1.6141e-01   4.2222e+01   1.2674e+01   0.0000e+00   5.5046e-02   3.9479e+02
20260314_15:00:00   1.5584e-01   4.1309e+01   1.0804e+01   9.3128e-04   9.0840e-08   3.8690e+02
20260314_18:00:00   1.4436e-01   3.8580e+01   9.8839e+00   0.0000e+00   9.0840e-08   3.7551e+02
20260314_21:00:00   1.1508e-01   3.1325e+01   6.1577e+00   0.0000e+00   9.2400e-08   3.8187e+02
20260315_00:00:00   1.0150e-01   2.7743e+01   4.2862e+00   0.0000e+00   2.0560e-06   3.8458e+02
20260315_03:00:00   9.6924e-02   2.6525e+01   3.4767e+00   0.0000e+00   1.9044e-04   3.8795e+02
20260315_06:00:00   9.5156e-02   2.6001e+01   3.2318e+00   0.0000e+00   4.5002e-06   3.9722e+02
20260315_09:00:00   9.7672e-02   2.6490e+01   3.4524e+00   0.0000e+00   5.1747e-04   3.9936e+02
20260315_12:00:00   9.7487e-02   2.6375e+01   3.3381e+00   0.0000e+00   8.6720e-06   4.0159e+02
20260315_15:00:00   1.0140e-01   2.7250e+01   3.6631e+00   1.3932e-03   1.5817e-03   4.1929e+02
20260315_18:00:00   1.1868e-01   3.1142e+01   4.1200e+00   1.7854e-02   7.2082e-03   4.3859e+02
20260315_21:00:00   1.0790e-01   2.8731e+01   4.7020e+00   0.0000e+00   3.2137e-04   4.4767e+02
20260316_00:00:00   1.0852e-01   2.8782e+01   4.6980e+00   0.0000e+00   7.3794e-05   4.5731e+02
20260316_03:00:00   1.0890e-01   2.8794e+01   4.6636e+00   0.0000e+00   2.6336e-04   4.5937e+02
20260316_06:00:00   1.0648e-01   2.8195e+01   4.3480e+00   0.0000e+00   1.9807e-05   4.7599e+02
