#            date       tau255        Tb[K]      pwv[mm] lwp[kg*m^-2] iwp[kg*m^-2]       o3[DU]
20260529_12:00:00   2.1521e-01   5.5037e+01   1.9550e+01   0.0000e+00   1.3228e-04   3.8989e+02
20260529_13:00:00   2.0178e-01   5.2096e+01   1.8126e+01   0.0000e+00   2.0901e-05   3.9319e+02
20260529_14:00:00   2.0086e-01   5.1965e+01   1.8075e+01   0.0000e+00   1.3903e-03   3.9369e+02
20260529_15:00:00   2.3779e-01   5.9973e+01   1.8113e+01   4.2760e-02   3.3015e-03   3.9482e+02
20260529_16:00:00   2.7778e-01   6.8353e+01   1.8451e+01   8.4460e-02   1.5027e-03   3.9319e+02
20260529_17:00:00   2.4949e-01   6.2596e+01   1.8363e+01   5.2603e-02   5.0903e-04   3.9310e+02
20260529_18:00:00   2.4326e-01   6.1342e+01   1.8697e+01   4.3043e-02   3.6122e-03   3.9498e+02
20260529_19:00:00   2.1854e-01   5.6108e+01   1.9262e+01   1.0108e-02   8.9455e-03   3.9075e+02
20260529_20:00:00   3.8425e-01   8.9046e+01   2.0901e+01   1.8222e-01   1.0620e-01   3.8690e+02
20260529_21:00:00   7.2979e-01   1.4309e+02   2.3061e+01   5.4717e-01   2.1355e-01   3.8697e+02
20260529_22:00:00   3.6093e-01   8.5252e+01   2.3802e+01   1.2077e-01   3.5498e-01   3.8854e+02
20260529_23:00:00   1.0159e+00   1.7567e+02   2.4433e+01   8.4679e-01   2.7069e-01   3.9519e+02
20260530_00:00:00   2.9439e-01   7.2196e+01   2.2017e+01   5.8026e-02   2.6780e-01   4.0155e+02
20260530_01:00:00   3.4544e-01   8.2249e+01   2.3214e+01   1.0294e-01   4.1518e-01   4.0648e+02
20260530_02:00:00   3.6345e-01   8.5866e+01   2.3416e+01   1.2134e-01   5.4711e-03   4.1246e+02
20260530_03:00:00   1.4461e+00   2.0989e+02   2.4005e+01   1.3363e+00   4.2075e-01   4.1890e+02
20260530_04:00:00   1.9641e-01   5.0866e+01   1.5722e+01   8.5955e-03   4.2776e-02   4.3688e+02
20260530_05:00:00   1.5941e-01   4.2384e+01   1.1984e+01   0.0000e+00   5.5273e-02   4.4008e+02
20260530_06:00:00   1.7403e-01   4.5542e+01   1.3611e+01   4.9100e-06   5.7200e-05   4.3862e+02
20260530_07:00:00   2.3939e-01   5.9578e+01   1.3881e+01   7.2878e-02   2.0608e-02   4.3476e+02
20260530_08:00:00   1.8474e-01   4.7651e+01   1.4239e+01   7.2057e-03   2.2727e-02   4.4056e+02
20260530_09:00:00   5.3027e-01   1.1360e+02   1.5320e+01   3.8596e-01   1.6565e-01   4.4406e+02
20260530_10:00:00   7.9124e-01   1.5081e+02   1.6072e+01   6.7622e-01   2.2975e-01   4.4357e+02
20260530_11:00:00   1.3579e+00   2.0321e+02   1.6548e+01   1.3073e+00   1.6609e-01   4.3963e+02
20260530_12:00:00   1.0465e+00   1.7704e+02   1.5109e+01   9.6755e-01   1.5374e-01   4.3647e+02
20260530_13:00:00   9.0845e-01   1.6307e+02   1.5530e+01   8.0854e-01   3.7939e-01   4.3138e+02
20260530_14:00:00   5.2669e-01   1.1263e+02   1.6325e+01   3.7158e-01   7.2315e-01   4.2578e+02
20260530_15:00:00   4.8964e-01   1.0671e+02   1.6525e+01   3.2988e-01   3.3331e-01   4.2399e+02
20260530_16:00:00   3.7514e-01   8.6548e+01   1.6640e+01   1.9951e-01   6.4831e-02   4.2010e+02
20260530_17:00:00   2.5376e-01   6.2435e+01   1.6977e+01   5.7655e-02   1.2681e-01   4.1730e+02
20260530_18:00:00   2.2484e-01   5.6313e+01   1.6593e+01   2.8914e-02   4.9145e-02   4.1331e+02
20260530_19:00:00   2.4649e-01   6.1040e+01   1.5383e+01   6.6339e-02   6.7105e-03   4.1210e+02
20260530_20:00:00   1.8741e-01   4.8339e+01   1.3500e+01   1.8228e-02   5.2700e-05   4.1066e+02
20260530_21:00:00   1.8821e-01   4.8560e+01   1.3197e+01   2.2600e-02   1.1935e-04   4.0739e+02
20260530_22:00:00   1.6942e-01   4.4375e+01   1.2855e+01   4.2400e-03   1.6708e-04   4.0584e+02
20260530_23:00:00   1.6260e-01   4.2896e+01   1.2312e+01   0.0000e+00   2.1676e-05   4.0984e+02
20260531_00:00:00   1.6287e-01   4.3000e+01   1.2397e+01   0.0000e+00   4.4328e-03   4.1427e+02
20260531_01:00:00   1.7100e-01   4.4823e+01   1.3655e+01   0.0000e+00   3.6389e-03   4.0927e+02
20260531_02:00:00   1.8255e-01   4.7311e+01   1.5589e+01   0.0000e+00   4.7697e-03   4.0750e+02
20260531_03:00:00   1.6923e-01   4.4346e+01   1.4015e+01   0.0000e+00   1.0823e-03   4.0467e+02
20260531_04:00:00   1.6104e-01   4.2563e+01   1.2921e+01   0.0000e+00   1.2202e-05   4.0603e+02
20260531_05:00:00   1.5559e-01   4.1373e+01   1.2108e+01   0.0000e+00   1.8478e-07   4.0958e+02
20260531_06:00:00   1.4699e-01   3.9482e+01   1.0832e+01   0.0000e+00   0.0000e+00   4.1590e+02
20260531_07:00:00   1.4235e-01   3.8427e+01   1.0238e+01   0.0000e+00   2.4475e-05   4.1292e+02
20260531_08:00:00   1.4112e-01   3.8138e+01   1.0220e+01   0.0000e+00   1.6096e-02   4.0914e+02
20260531_09:00:00   1.4355e-01   3.8635e+01   1.0821e+01   0.0000e+00   2.6351e-03   4.0857e+02
20260531_10:00:00   1.4861e-01   3.9784e+01   1.1571e+01   0.0000e+00   2.4753e-03   4.0813e+02
20260531_11:00:00   1.5929e-01   4.2289e+01   1.2941e+01   0.0000e+00   1.2133e-03   4.0624e+02
20260531_12:00:00   1.7660e-01   4.6299e+01   1.4953e+01   0.0000e+00   2.2964e-03   4.0332e+02
20260531_13:00:00   1.8829e-01   4.8983e+01   1.6319e+01   0.0000e+00   3.1013e-03   4.0247e+02
20260531_14:00:00   1.9643e-01   5.0874e+01   1.7363e+01   0.0000e+00   9.0097e-03   4.0047e+02
20260531_15:00:00   2.0857e-01   5.3606e+01   1.8498e+01   2.5380e-03   9.9349e-03   3.9569e+02
20260531_16:00:00   3.4175e-01   8.0545e+01   1.8918e+01   1.5072e-01   2.4864e-02   3.9260e+02
20260531_17:00:00   2.6070e-01   6.4606e+01   1.9307e+01   5.5984e-02   1.5860e-01   3.9037e+02
20260531_18:00:00   2.5406e-01   6.3436e+01   1.9904e+01   4.2386e-02   1.2982e-01   3.8947e+02
20260531_19:00:00   2.7930e-01   6.8627e+01   2.0240e+01   6.7117e-02   1.0979e-01   3.8824e+02
20260531_20:00:00   4.5526e-01   1.0143e+02   2.1023e+01   2.5592e-01   3.0190e-01   3.8617e+02
20260531_21:00:00   2.5584e-01   6.3755e+01   2.1185e+01   2.5376e-02   2.9630e-01   3.8444e+02
20260531_22:00:00   3.2592e-01   7.7923e+01   2.1725e+01   9.7267e-02   4.3989e-01   3.8494e+02
20260531_23:00:00   3.7130e-01   8.6586e+01   2.2073e+01   1.4144e-01   6.3262e-01   3.8869e+02
20260601_00:00:00   2.2954e-01   5.8087e+01   2.0707e+01   0.0000e+00   1.9967e-01   3.9471e+02
20260601_01:00:00   2.2685e-01   5.7515e+01   2.0407e+01   0.0000e+00   6.2179e-02   3.9969e+02
20260601_02:00:00   2.2527e-01   5.7173e+01   2.0073e+01   0.0000e+00   7.2091e-02   4.1125e+02
20260601_03:00:00   3.9265e-01   9.0526e+01   2.0886e+01   1.7596e-01   4.3878e-01   4.1221e+02
20260601_04:00:00   2.4746e-01   6.1868e+01   2.0826e+01   1.2387e-02   2.6680e-01   4.1331e+02
20260601_05:00:00   5.5634e-01   1.1808e+02   2.0219e+01   3.6979e-01   3.8339e-02   4.1482e+02
20260601_06:00:00   3.6851e-01   8.6013e+01   2.0613e+01   1.5257e-01   9.6817e-02   4.1403e+02
20260601_07:00:00   2.5490e-01   6.3490e+01   2.0365e+01   2.5190e-02   2.3467e-01   4.1430e+02
20260601_08:00:00   3.0675e-01   7.3980e+01   2.0369e+01   8.2024e-02   9.8188e-02   4.1593e+02
20260601_09:00:00   3.9132e-01   8.9965e+01   2.0012e+01   1.8126e-01   8.3696e-02   4.1709e+02
20260601_10:00:00   4.0137e-01   9.1834e+01   1.9836e+01   1.9424e-01   1.0936e-01   4.1868e+02
20260601_11:00:00   2.5887e-01   6.4184e+01   1.9249e+01   3.9741e-02   2.0228e-01   4.1942e+02
20260601_12:00:00   2.2060e-01   5.6013e+01   1.8811e+01   5.7768e-04   2.5666e-01   4.2279e+02
20260601_13:00:00   2.1685e-01   5.5254e+01   1.8371e+01   1.3494e-04   4.4253e-02   4.2476e+02
20260601_14:00:00   2.1878e-01   5.5756e+01   1.8197e+01   2.0689e-03   8.6643e-04   4.2597e+02
20260601_15:00:00   2.2797e-01   5.7800e+01   1.8345e+01   1.1495e-02   7.5595e-04   4.2749e+02
20260601_16:00:00   3.2716e-01   7.8523e+01   1.8792e+01   1.1961e-01   5.9380e-04   4.2885e+02
20260601_17:00:00   3.7843e-01   8.8580e+01   1.8919e+01   1.7649e-01   7.9237e-05   4.2756e+02
20260601_18:00:00   4.2626e-01   9.7213e+01   1.8875e+01   2.3066e-01   1.6098e-05   4.2593e+02
20260601_19:00:00   4.0384e-01   9.2916e+01   1.8521e+01   2.0857e-01   2.4469e-04   4.2322e+02
20260601_20:00:00   3.2387e-01   7.7602e+01   1.8036e+01   1.2209e-01   3.1297e-04   4.2108e+02
20260601_21:00:00   3.6250e-01   8.5231e+01   1.7358e+01   1.7427e-01   1.2042e-04   4.2046e+02
20260601_22:00:00   4.0065e-01   9.2414e+01   1.6550e+01   2.2704e-01   8.2484e-06   4.1859e+02
20260601_23:00:00   2.7211e-01   6.7157e+01   1.5527e+01   8.9367e-02   6.1010e-06   4.1452e+02
20260602_00:00:00   2.0478e-01   5.2639e+01   1.4691e+01   2.0998e-02   2.1492e-06   4.1093e+02
20260602_01:00:00   1.7744e-01   4.6458e+01   1.3757e+01   2.2832e-04   0.0000e+00   4.1176e+02
20260602_02:00:00   1.7085e-01   4.4926e+01   1.3164e+01   0.0000e+00   4.0440e-06   4.1269e+02
20260602_03:00:00   1.6344e-01   4.3216e+01   1.2478e+01   0.0000e+00   0.0000e+00   4.1214e+02
20260602_04:00:00   1.6092e-01   4.2612e+01   1.2395e+01   0.0000e+00   0.0000e+00   4.0893e+02
20260602_05:00:00   1.6390e-01   4.3280e+01   1.2861e+01   0.0000e+00   0.0000e+00   4.0582e+02
20260602_06:00:00   1.6659e-01   4.3910e+01   1.3239e+01   0.0000e+00   1.9314e-06   4.0432e+02
20260602_07:00:00   1.6880e-01   4.4438e+01   1.3526e+01   0.0000e+00   0.0000e+00   4.0481e+02
20260602_08:00:00   1.7088e-01   4.4939e+01   1.3735e+01   0.0000e+00   0.0000e+00   4.0871e+02
20260602_09:00:00   1.7223e-01   4.5285e+01   1.3794e+01   0.0000e+00   0.0000e+00   4.1732e+02
20260602_10:00:00   1.7276e-01   4.5436e+01   1.3783e+01   0.0000e+00   0.0000e+00   4.2111e+02
20260602_11:00:00   1.7205e-01   4.5337e+01   1.3693e+01   0.0000e+00   0.0000e+00   4.2215e+02
20260602_12:00:00   1.7355e-01   4.5763e+01   1.3881e+01   0.0000e+00   0.0000e+00   4.2159e+02
20260602_13:00:00   1.7752e-01   4.6757e+01   1.4367e+01   0.0000e+00   0.0000e+00   4.1572e+02
20260602_14:00:00   1.8118e-01   4.7700e+01   1.4835e+01   0.0000e+00   0.0000e+00   4.0988e+02
20260602_15:00:00   1.8555e-01   4.8803e+01   1.5400e+01   0.0000e+00   2.0220e-06   4.0645e+02
20260602_16:00:00   1.9128e-01   5.0187e+01   1.6113e+01   0.0000e+00   1.9642e-06   4.0192e+02
20260602_17:00:00   2.0917e-01   5.4215e+01   1.6452e+01   1.7489e-02   1.3512e-04   3.9818e+02
20260602_18:00:00   2.6030e-01   6.5132e+01   1.6689e+01   7.4513e-02   6.1848e-04   3.9544e+02
20260602_19:00:00   2.6183e-01   6.5518e+01   1.6509e+01   7.8712e-02   4.5254e-04   3.9056e+02
20260602_20:00:00   3.4038e-01   8.1133e+01   1.7302e+01   1.5912e-01   2.6333e-02   3.8826e+02
20260602_21:00:00   3.6874e-01   8.6560e+01   1.8089e+01   1.8314e-01   1.7486e-02   3.8617e+02
20260602_22:00:00   2.2058e-01   5.6920e+01   1.7531e+01   2.3116e-02   5.5479e-04   3.8559e+02
20260602_23:00:00   2.0365e-01   5.3322e+01   1.7851e+01   4.3400e-04   2.8396e-05   3.8557e+02
20260603_00:00:00   2.0609e-01   5.3844e+01   1.7917e+01   3.5960e-03   1.2324e-04   3.8324e+02
20260603_01:00:00   2.0229e-01   5.2967e+01   1.7915e+01   8.8400e-04   1.4346e-04   3.8261e+02
20260603_02:00:00   1.9545e-01   5.1425e+01   1.7286e+01   0.0000e+00   9.6560e-06   3.8315e+02
20260603_03:00:00   1.9987e-01   5.2359e+01   1.7784e+01   0.0000e+00   1.0927e-04   3.8268e+02
20260603_04:00:00   2.0178e-01   5.2759e+01   1.7944e+01   0.0000e+00   1.1712e-05   3.8201e+02
20260603_05:00:00   1.9946e-01   5.2281e+01   1.7616e+01   0.0000e+00   3.9860e-06   3.8139e+02
20260603_06:00:00   1.9361e-01   5.1024e+01   1.6867e+01   0.0000e+00   1.9314e-05   3.8328e+02
20260603_07:00:00   1.8633e-01   4.9426e+01   1.5834e+01   0.0000e+00   1.7603e-04   3.8549e+02
20260603_08:00:00   1.7989e-01   4.7990e+01   1.4912e+01   0.0000e+00   3.5160e-05   3.9009e+02
20260603_09:00:00   1.7368e-01   4.6579e+01   1.4071e+01   0.0000e+00   7.7416e-05   3.9214e+02
20260603_10:00:00   1.7373e-01   4.6594e+01   1.3956e+01   0.0000e+00   4.4546e-04   3.9509e+02
20260603_11:00:00   1.7089e-01   4.5985e+01   1.3518e+01   0.0000e+00   0.0000e+00   3.9784e+02
20260603_12:00:00   1.6846e-01   4.5487e+01   1.3256e+01   0.0000e+00   0.0000e+00   3.9749e+02
20260603_15:00:00   1.7586e-01   4.7372e+01   1.4561e+01   0.0000e+00   0.0000e+00   3.9437e+02
20260603_18:00:00   1.7985e-01   4.8387e+01   1.5733e+01   0.0000e+00   4.9100e-06   3.9002e+02
20260603_21:00:00   1.8654e-01   5.0009e+01   1.6645e+01   0.0000e+00   1.1216e-04   3.9184e+02
20260604_00:00:00   2.0698e-01   5.4558e+01   1.8828e+01   0.0000e+00   0.0000e+00   3.8660e+02
20260604_03:00:00   1.9913e-01   5.2487e+01   1.8435e+01   0.0000e+00   4.4653e-03   3.8220e+02
20260604_06:00:00   1.9768e-01   5.2156e+01   1.8019e+01   0.0000e+00   5.2915e-02   3.8287e+02
20260604_09:00:00   1.9738e-01   5.1837e+01   1.8486e+01   0.0000e+00   2.7702e-03   3.7950e+02
20260604_12:00:00   2.2389e-01   5.7706e+01   2.0983e+01   7.9566e-03   1.2253e-02   3.7877e+02
20260604_15:00:00   3.4294e-01   8.2310e+01   2.8133e+01   7.5124e-02   4.0585e-03   3.7928e+02
20260604_18:00:00   5.4625e-01   1.1775e+02   2.9124e+01   2.9578e-01   1.0232e-01   3.8456e+02
20260604_21:00:00   2.8218e-01   7.0450e+01   2.5136e+01   3.0627e-02   2.8765e-01   3.8260e+02
20260605_00:00:00   2.5292e-01   6.4226e+01   2.6060e+01   1.8852e-04   8.8018e-02   3.7970e+02
20260605_03:00:00   2.7432e-01   6.9084e+01   2.7654e+01   0.0000e+00   1.3008e-04   3.7583e+02
20260605_06:00:00   2.7470e-01   6.9510e+01   2.6942e+01   0.0000e+00   1.3860e-06   3.6918e+02
20260605_09:00:00   2.7889e-01   7.0763e+01   2.6519e+01   0.0000e+00   0.0000e+00   3.5747e+02
20260605_12:00:00   2.8274e-01   7.1789e+01   2.6294e+01   0.0000e+00   1.3246e-03   3.5477e+02
20260605_15:00:00   2.8437e-01   7.2460e+01   2.7282e+01   0.0000e+00   4.1639e-04   3.5077e+02
20260605_18:00:00   3.1832e-01   7.9537e+01   2.7919e+01   4.2800e-02   3.1382e-01   3.4940e+02
20260605_21:00:00   4.1490e-01   9.7860e+01   3.0935e+01   1.3608e-01   3.4943e-03   3.4182e+02
20260606_00:00:00   3.7041e-01   8.9092e+01   3.4998e+01   4.9841e-02   1.3567e-02   3.3594e+02
20260606_03:00:00   8.8591e-01   1.6427e+02   3.7601e+01   6.0103e-01   1.2457e-02   3.3489e+02
20260606_06:00:00   3.6119e-01   8.7073e+01   3.5132e+01   3.5011e-02   2.9566e-02   3.3331e+02
20260606_09:00:00   7.2105e-01   1.4386e+02   3.4129e+01   4.5285e-01   1.9059e-01   3.3412e+02
20260606_12:00:00   3.3159e-01   8.1651e+01   3.3894e+01   5.7937e-05   1.0624e-03   3.3684e+02
20260606_15:00:00   3.6606e-01   8.8552e+01   3.5053e+01   2.4915e-02   2.5835e-03   3.3458e+02
20260606_18:00:00   7.0580e-01   1.4322e+02   3.4876e+01   4.2397e-01   2.8613e-02   3.3616e+02
20260606_21:00:00   4.8884e-01   1.1034e+02   3.5815e+01   1.5956e-01   2.5729e-05   3.4210e+02
20260607_00:00:00   1.0005e+00   1.7671e+02   4.1423e+01   6.6578e-01   8.8476e-01   3.3898e+02
20260607_03:00:00   9.5940e-01   1.7432e+02   4.0585e+01   6.4668e-01   5.7647e-01   3.4161e+02
20260607_06:00:00   6.3314e-01   1.3266e+02   3.6050e+01   3.2536e-01   6.3968e-01   3.4438e+02
20260607_09:00:00   6.8952e-01   1.3931e+02   3.3273e+01   4.1223e-01   3.9959e-01   3.5373e+02
20260607_12:00:00   7.1631e-01   1.4301e+02   2.8818e+01   4.9474e-01   9.3853e-02   3.6142e+02
20260607_15:00:00   2.3183e-01   5.8942e+01   2.2083e+01   5.9886e-03   3.9804e-03   3.7036e+02
20260607_18:00:00   1.8622e-01   4.9164e+01   1.7167e+01   0.0000e+00   0.0000e+00   3.7471e+02
20260607_21:00:00   1.8228e-01   4.8391e+01   1.6623e+01   0.0000e+00   1.6955e-02   3.7580e+02
20260608_00:00:00   1.9267e-01   5.0941e+01   1.6670e+01   0.0000e+00   2.6443e-04   3.8019e+02
20260608_03:00:00   1.9716e-01   5.1869e+01   1.7166e+01   0.0000e+00   4.3091e-03   3.7956e+02
20260608_06:00:00   1.8058e-01   4.8134e+01   1.5388e+01   0.0000e+00   2.7078e-03   3.8042e+02
20260608_09:00:00   1.8001e-01   4.7914e+01   1.5535e+01   0.0000e+00   3.3442e-03   3.7570e+02
20260608_12:00:00   1.8515e-01   4.9250e+01   1.5493e+01   0.0000e+00   5.0820e-06   3.8151e+02
20260608_15:00:00   2.0006e-01   5.2784e+01   1.7325e+01   1.9104e-05   0.0000e+00   3.8724e+02
20260608_18:00:00   2.0006e-01   5.2846e+01   1.8130e+01   4.9400e-05   3.5920e-05   3.9672e+02
20260608_21:00:00   3.7485e-01   8.8107e+01   1.9242e+01   1.8532e-01   3.0542e-02   4.0415e+02
20260609_00:00:00   2.8205e-01   7.0280e+01   1.9404e+01   7.1861e-02   9.0893e-04   3.9364e+02
20260609_03:00:00   1.7838e-01   4.7883e+01   1.4683e+01   0.0000e+00   0.0000e+00   3.8705e+02
20260609_06:00:00   1.7718e-01   4.7431e+01   1.4682e+01   0.0000e+00   9.1620e-07   3.7385e+02
20260609_09:00:00   1.6649e-01   4.4857e+01   1.3207e+01   0.0000e+00   0.0000e+00   3.7303e+02
20260609_12:00:00   1.6125e-01   4.3582e+01   1.2676e+01   0.0000e+00   0.0000e+00   3.7984e+02
20260609_15:00:00   1.7207e-01   4.6219e+01   1.4880e+01   0.0000e+00   0.0000e+00   3.6933e+02
20260609_18:00:00   1.8324e-01   4.8967e+01   1.6856e+01   0.0000e+00   4.3460e-05   3.6315e+02
20260609_21:00:00   2.1756e-01   5.6642e+01   2.1985e+01   1.0242e-03   1.4127e-02   3.5674e+02
20260610_00:00:00   2.7523e-01   6.9101e+01   2.7672e+01   9.1380e-03   2.5402e-03   3.5276e+02
20260610_03:00:00   6.0490e-01   1.2717e+02   2.9940e+01   3.5968e-01   5.1223e-02   3.5139e+02
20260610_06:00:00   7.6844e-01   1.4985e+02   3.3226e+01   5.0441e-01   1.2004e-03   3.4921e+02
20260610_09:00:00   1.1181e+00   1.8692e+02   3.4124e+01   8.8290e-01   1.4106e-01   3.5291e+02
20260610_12:00:00   3.4512e-01   8.3938e+01   3.2175e+01   2.4281e-02   5.4485e-03   3.5640e+02
20260610_15:00:00   3.4704e-01   8.4811e+01   3.3433e+01   1.0374e-02   6.2837e-03   3.5546e+02
20260610_18:00:00   3.8590e-01   9.2822e+01   3.8057e+01   1.3664e-02   9.9993e-04   3.5337e+02
20260610_21:00:00   3.9537e-01   9.5054e+01   3.7655e+01   3.6357e-02   4.3684e-03   3.5268e+02
20260611_00:00:00   3.4239e-01   8.4828e+01   3.5166e+01   0.0000e+00   4.8514e-02   3.5205e+02
20260611_03:00:00   2.9370e-01   7.4997e+01   2.8664e+01   0.0000e+00   2.0914e-03   3.5075e+02
20260611_06:00:00   2.6934e-01   6.9899e+01   2.5500e+01   0.0000e+00   3.8482e-04   3.4635e+02
20260611_09:00:00   2.5199e-01   6.6056e+01   2.4065e+01   0.0000e+00   1.8075e-03   3.4479e+02
20260611_12:00:00   2.2254e-01   5.9457e+01   2.1573e+01   0.0000e+00   9.0560e-03   3.4281e+02
20260611_15:00:00   2.0525e-01   5.5636e+01   1.9883e+01   0.0000e+00   4.5916e-03   3.4438e+02
20260611_18:00:00   2.0393e-01   5.5447e+01   2.0291e+01   0.0000e+00   1.4414e-04   3.4872e+02
20260611_21:00:00   1.9257e-01   5.2841e+01   1.9034e+01   0.0000e+00   7.8220e-05   3.4518e+02
20260612_00:00:00   2.4156e-01   6.4359e+01   2.3841e+01   0.0000e+00   0.0000e+00   3.4324e+02
20260612_03:00:00   2.9561e-01   7.6212e+01   2.8744e+01   0.0000e+00   0.0000e+00   3.4328e+02
20260612_06:00:00   3.0043e-01   7.6970e+01   3.0169e+01   0.0000e+00   0.0000e+00   3.3926e+02
20260612_09:00:00   3.6217e-01   8.9239e+01   3.6757e+01   0.0000e+00   0.0000e+00   3.3958e+02
20260612_12:00:00   3.9234e-01   9.4892e+01   4.0586e+01   0.0000e+00   4.9279e-02   3.3869e+02
20260612_15:00:00   3.6476e-01   9.0032e+01   3.7373e+01   0.0000e+00   2.8789e-03   3.3876e+02
20260612_18:00:00   3.8075e-01   9.3078e+01   3.8449e+01   1.7744e-02   9.9515e-04   3.4203e+02
20260612_21:00:00   3.4072e-01   8.5086e+01   3.7216e+01   0.0000e+00   7.9516e-02   3.4253e+02
20260613_00:00:00   4.6161e-01   1.0763e+02   4.5034e+01   2.3463e-02   4.6254e-03   3.4181e+02
20260613_03:00:00   3.7680e-01   9.1557e+01   3.9703e+01   9.4640e-04   6.4006e-03   3.4438e+02
20260613_06:00:00   3.6145e-01   8.8158e+01   3.8025e+01   1.0813e-02   1.7604e-02   3.4321e+02
20260613_09:00:00   3.3142e-01   8.2564e+01   3.3993e+01   0.0000e+00   9.2400e-07   3.4493e+02
20260613_12:00:00   3.4282e-01   8.4894e+01   3.4701e+01   0.0000e+00   1.7600e-04   3.4310e+02
20260613_15:00:00   3.3109e-01   8.3067e+01   3.2599e+01   0.0000e+00   8.0831e-04   3.4442e+02
20260613_18:00:00   3.7895e-01   9.2772e+01   3.4359e+01   3.8494e-02   1.9478e-05   3.4464e+02
20260613_21:00:00   3.1849e-01   8.0575e+01   3.2552e+01   3.8620e-04   1.2757e-02   3.4773e+02
20260614_00:00:00   3.3356e-01   8.3174e+01   3.3466e+01   0.0000e+00   8.4332e-03   3.4839e+02
20260614_03:00:00   3.5888e-01   8.8032e+01   3.5178e+01   1.5322e-04   2.8933e-02   3.4500e+02
20260614_06:00:00   4.4616e-01   1.0450e+02   3.7990e+01   8.8545e-02   5.8860e-02   3.4856e+02
20260614_09:00:00   1.3896e+00   2.1117e+02   4.5462e+01   1.0913e+00   3.6070e-01   3.4776e+02
20260614_12:00:00   1.3375e+00   2.0903e+02   4.7719e+01   1.0187e+00   9.2142e-01   3.4877e+02
