#            date       tau255        Tb[K]      pwv[mm] lwp[kg*m^-2] iwp[kg*m^-2]       o3[DU]
20260107_00:00:00   1.8250e-01   4.6705e+01   1.5089e+01   2.3985e-05   2.0131e-01   3.4804e+02
20260107_01:00:00   2.1145e-01   5.3077e+01   1.7015e+01   1.0055e-02   3.6092e-01   3.4944e+02
20260107_02:00:00   2.8326e-01   6.8368e+01   1.6602e+01   9.4230e-02   1.9276e-01   3.4898e+02
20260107_03:00:00   2.2761e-01   5.6685e+01   1.6268e+01   3.4245e-02   1.7312e-01   3.5311e+02
20260107_04:00:00   2.5490e-01   6.2414e+01   1.6041e+01   6.8381e-02   4.2365e-02   3.5368e+02
20260107_05:00:00   2.9621e-01   7.0939e+01   1.5992e+01   1.1353e-01   1.3639e-01   3.5351e+02
20260107_06:00:00   7.8388e-01   1.4858e+02   1.5635e+01   6.6685e-01   1.1290e-01   3.5321e+02
20260107_07:00:00   8.9838e-01   1.6208e+02   1.5344e+01   7.9997e-01   9.6358e-03   3.5482e+02
20260107_08:00:00   8.2378e-01   1.5366e+02   1.5541e+01   7.1510e-01   2.6376e-03   3.5155e+02
20260107_09:00:00   9.0509e-01   1.6291e+02   1.6576e+01   7.9897e-01   1.4600e-01   3.5163e+02
20260107_10:00:00   5.5491e-01   1.1690e+02   1.6513e+01   4.0157e-01   2.9700e-01   3.5679e+02
20260107_11:00:00   6.8917e-01   1.3658e+02   1.6209e+01   5.5730e-01   5.0144e-02   3.6335e+02
20260107_12:00:00   7.4012e-01   1.4336e+02   1.5284e+01   6.2255e-01   1.3406e-02   3.6975e+02
20260107_13:00:00   8.1689e-01   1.5284e+02   1.5102e+01   7.1071e-01   6.8955e-03   3.7271e+02
20260107_14:00:00   7.2021e-01   1.4073e+02   1.4692e+01   6.0427e-01   5.2124e-03   3.7828e+02
20260107_15:00:00   8.1929e-01   1.5303e+02   1.5018e+01   7.1374e-01   2.9729e-02   3.7978e+02
20260107_16:00:00   1.0136e+00   1.7364e+02   1.5246e+01   9.2914e-01   2.2739e-01   3.7699e+02
20260107_17:00:00   7.4642e-01   1.4336e+02   1.5045e+01   6.2859e-01   2.5055e-01   3.7195e+02
20260107_18:00:00   4.9359e-01   1.0650e+02   1.4693e+01   3.4693e-01   1.7280e-01   3.6948e+02
20260107_19:00:00   3.6803e-01   8.4546e+01   1.4363e+01   2.0888e-01   2.4916e-02   3.6833e+02
20260107_20:00:00   2.5059e-01   6.1466e+01   1.3655e+01   8.2232e-02   2.3273e-03   3.6495e+02
20260107_21:00:00   1.8452e-01   4.7224e+01   1.3429e+01   1.0612e-02   5.3531e-04   3.5940e+02
20260107_22:00:00   2.2713e-01   5.6547e+01   1.3353e+01   5.9568e-02   1.3240e-03   3.5914e+02
20260107_23:00:00   3.3888e-01   7.9099e+01   1.3433e+01   1.8532e-01   2.2441e-03   3.6224e+02
20260108_00:00:00   2.0930e-01   5.2780e+01   1.3266e+01   4.3380e-02   4.9683e-04   3.6309e+02
20260108_01:00:00   1.7083e-01   4.4256e+01   1.3201e+01   1.1728e-03   1.9998e-04   3.5775e+02
20260108_02:00:00   1.6781e-01   4.3588e+01   1.2882e+01   5.3120e-06   3.2306e-05   3.5665e+02
20260108_03:00:00   1.6488e-01   4.2940e+01   1.2331e+01   0.0000e+00   1.4168e-05   3.5781e+02
20260108_04:00:00   1.6011e-01   4.1855e+01   1.1731e+01   0.0000e+00   1.3575e-03   3.5814e+02
20260108_05:00:00   1.5315e-01   4.0270e+01   1.0975e+01   0.0000e+00   2.9841e-03   3.5737e+02
20260108_06:00:00   1.4948e-01   3.9392e+01   1.0716e+01   0.0000e+00   4.4176e-03   3.5771e+02
20260108_07:00:00   1.4774e-01   3.8985e+01   1.0662e+01   0.0000e+00   3.7069e-03   3.5748e+02
20260108_08:00:00   1.4840e-01   3.9135e+01   1.0788e+01   0.0000e+00   3.0711e-03   3.5907e+02
20260108_09:00:00   1.4971e-01   3.9436e+01   1.0929e+01   0.0000e+00   6.1462e-04   3.5605e+02
20260108_10:00:00   1.5065e-01   3.9660e+01   1.0961e+01   0.0000e+00   4.1708e-06   3.5187e+02
20260108_11:00:00   1.5132e-01   3.9814e+01   1.0941e+01   0.0000e+00   4.0780e-06   3.4850e+02
20260108_12:00:00   1.4985e-01   3.9504e+01   1.0636e+01   0.0000e+00   8.8436e-06   3.4515e+02
20260108_13:00:00   1.4703e-01   3.8882e+01   1.0226e+01   0.0000e+00   1.0707e-05   3.4438e+02
20260108_14:00:00   1.4455e-01   3.8337e+01   9.8946e+00   0.0000e+00   8.1570e-06   3.4252e+02
20260108_15:00:00   1.4437e-01   3.8309e+01   9.8406e+00   0.0000e+00   8.1570e-06   3.4120e+02
20260108_16:00:00   1.4381e-01   3.8199e+01   9.7152e+00   0.0000e+00   1.9262e-05   3.4150e+02
20260108_17:00:00   1.4163e-01   3.7731e+01   9.4678e+00   0.0000e+00   3.5040e-05   3.3877e+02
20260108_18:00:00   1.3871e-01   3.7078e+01   9.1334e+00   0.0000e+00   2.1596e-05   3.3442e+02
20260108_19:00:00   1.3426e-01   3.6062e+01   8.7050e+00   0.0000e+00   0.0000e+00   3.3535e+02
20260108_20:00:00   1.2864e-01   3.4741e+01   8.1264e+00   0.0000e+00   0.0000e+00   3.3823e+02
20260108_21:00:00   1.1928e-01   3.2534e+01   7.1110e+00   0.0000e+00   9.6560e-06   3.4044e+02
20260108_22:00:00   1.1547e-01   3.1626e+01   6.7846e+00   0.0000e+00   2.5446e-04   3.4579e+02
20260108_23:00:00   1.1413e-01   3.1335e+01   6.6357e+00   0.0000e+00   3.7340e-04   3.4934e+02
20260109_00:00:00   1.1461e-01   3.1467e+01   6.6557e+00   0.0000e+00   3.1800e-03   3.5433e+02
20260109_01:00:00   1.1656e-01   3.1933e+01   6.9195e+00   0.0000e+00   2.7778e-03   3.5428e+02
20260109_02:00:00   1.1824e-01   3.2341e+01   7.2128e+00   0.0000e+00   1.7199e-03   3.5179e+02
20260109_03:00:00   1.2147e-01   3.3095e+01   7.8160e+00   0.0000e+00   2.1355e-03   3.4531e+02
20260109_04:00:00   1.2623e-01   3.4227e+01   8.5886e+00   0.0000e+00   1.8174e-03   3.4417e+02
20260109_05:00:00   1.2915e-01   3.4944e+01   9.0092e+00   0.0000e+00   4.3468e-03   3.4283e+02
20260109_06:00:00   1.3258e-01   3.5749e+01   9.5244e+00   0.0000e+00   1.5526e-03   3.4498e+02
20260109_07:00:00   1.3581e-01   3.6503e+01   1.0222e+01   0.0000e+00   2.6370e-03   3.4296e+02
20260109_08:00:00   1.4130e-01   3.7743e+01   1.1144e+01   0.0000e+00   1.7391e-03   3.3554e+02
20260109_09:00:00   1.4386e-01   3.8313e+01   1.1568e+01   0.0000e+00   1.6296e-02   3.2642e+02
20260109_10:00:00   1.4093e-01   3.7666e+01   1.1270e+01   0.0000e+00   4.0467e-03   3.2199e+02
20260109_11:00:00   1.4478e-01   3.8556e+01   1.1862e+01   0.0000e+00   2.8932e-03   3.1651e+02
20260109_12:00:00   1.5425e-01   4.0757e+01   1.3098e+01   0.0000e+00   2.6683e-03   3.1411e+02
20260109_13:00:00   1.5435e-01   4.0826e+01   1.3126e+01   0.0000e+00   1.6878e-03   3.1377e+02
20260109_14:00:00   1.6484e-01   4.3244e+01   1.4737e+01   0.0000e+00   3.8587e-02   3.0988e+02
20260109_15:00:00   1.8608e-01   4.8088e+01   1.7220e+01   0.0000e+00   3.9578e-02   3.0996e+02
20260109_16:00:00   1.9040e-01   4.9196e+01   1.7676e+01   0.0000e+00   3.4512e-02   3.0815e+02
20260109_17:00:00   1.7709e-01   4.6362e+01   1.5707e+01   0.0000e+00   1.8154e-02   3.0372e+02
20260109_18:00:00   1.7155e-01   4.5114e+01   1.4997e+01   0.0000e+00   1.0437e-02   3.0287e+02
20260109_19:00:00   2.0989e-01   5.3774e+01   1.9800e+01   0.0000e+00   3.5314e-02   3.0255e+02
20260109_20:00:00   2.8826e-01   7.0735e+01   2.1983e+01   7.1560e-02   7.0491e-02   2.9528e+02
20260109_21:00:00   2.7576e-01   6.8082e+01   2.3837e+01   3.3460e-02   3.3959e-01   2.9067e+02
20260109_22:00:00   3.2113e-01   7.7614e+01   2.3718e+01   8.5698e-02   4.2761e-01   2.8812e+02
20260109_23:00:00   5.2139e-01   1.1420e+02   2.7176e+01   2.7955e-01   1.8994e-02   2.8606e+02
20260110_00:00:00   5.9056e-01   1.2429e+02   3.0014e+01   3.2159e-01   6.1901e-02   2.8201e+02
20260110_01:00:00   1.0412e+00   1.7975e+02   2.9635e+01   8.4030e-01   4.7263e-02   2.8513e+02
20260110_02:00:00   1.5460e+00   2.1794e+02   2.9613e+01   1.4130e+00   7.3535e-02   2.8607e+02
20260110_03:00:00   1.0413e+00   1.7931e+02   2.9124e+01   8.3758e-01   4.2298e-02   2.8297e+02
20260110_04:00:00   5.5998e-01   1.2049e+02   2.9109e+01   2.9455e-01   1.1037e-01   2.8172e+02
20260110_05:00:00   6.6275e-01   1.3549e+02   2.5615e+01   4.4306e-01   1.0101e-01   2.8702e+02
20260110_06:00:00   3.4749e-01   8.3424e+01   2.2730e+01   1.0824e-01   1.0881e-01   2.9141e+02
20260110_07:00:00   3.4514e-01   8.3122e+01   2.2406e+01   1.0494e-01   6.2775e-02   2.9190e+02
20260110_08:00:00   4.3237e-01   9.9480e+01   2.1861e+01   2.1291e-01   4.6175e-02   2.9364e+02
20260110_09:00:00   3.1830e-01   7.7406e+01   2.2210e+01   7.7432e-02   1.2513e-01   2.9724e+02
20260110_10:00:00   2.4103e-01   6.1099e+01   2.1099e+01   3.4931e-03   8.7935e-02   2.9845e+02
20260110_11:00:00   2.1418e-01   5.5128e+01   1.8877e+01   3.8460e-05   2.0090e-02   3.0036e+02
20260110_12:00:00   1.9460e-01   5.0637e+01   1.6756e+01   0.0000e+00   5.4892e-02   3.0433e+02
20260110_13:00:00   1.7314e-01   4.5682e+01   1.4468e+01   0.0000e+00   2.0641e-02   2.9844e+02
20260110_14:00:00   1.5795e-01   4.2024e+01   1.3047e+01   0.0000e+00   5.3759e-02   2.9412e+02
20260110_15:00:00   1.5029e-01   4.0100e+01   1.2333e+01   1.6206e-04   1.7703e-01   2.9255e+02
20260110_16:00:00   1.5290e-01   4.0610e+01   1.2999e+01   0.0000e+00   2.0945e-01   2.8671e+02
20260110_17:00:00   1.6595e-01   4.3524e+01   1.4794e+01   1.0125e-05   2.5124e-01   2.8517e+02
20260110_18:00:00   1.7351e-01   4.5220e+01   1.5619e+01   7.4640e-04   2.2701e-01   2.8905e+02
20260110_19:00:00   2.4108e-01   5.9974e+01   1.9274e+01   3.7228e-02   6.0243e-01   2.8983e+02
20260110_20:00:00   3.3383e-01   7.8933e+01   2.1862e+01   1.1598e-01   5.6233e-01   2.8091e+02
20260110_21:00:00   4.1140e-01   9.3563e+01   2.4121e+01   1.7925e-01   6.0371e-01   2.7728e+02
20260110_22:00:00   9.6749e-01   1.7002e+02   2.4554e+01   8.0313e-01   2.4205e-01   2.7705e+02
20260110_23:00:00   1.6527e+00   2.2145e+02   2.5475e+01   1.5697e+00   3.0217e-01   2.7551e+02
20260111_00:00:00   1.6399e+00   2.2202e+02   2.4522e+01   1.5753e+00   1.1839e-01   2.7604e+02
20260111_01:00:00   1.8145e+00   2.3045e+02   2.5400e+01   1.7663e+00   3.9739e-01   2.7613e+02
20260111_02:00:00   1.3141e+00   2.0210e+02   2.5228e+01   1.2055e+00   3.4168e-01   2.7524e+02
20260111_03:00:00   1.2436e+00   1.9708e+02   2.3853e+01   1.1395e+00   2.2048e-01   2.7645e+02
20260111_04:00:00   1.0680e+00   1.8188e+02   2.3637e+01   9.4286e-01   2.3802e-01   2.7492e+02
20260111_05:00:00   9.2551e-01   1.6756e+02   2.4731e+01   7.7005e-01   1.8073e-01   2.7337e+02
20260111_06:00:00   9.8720e-01   1.7470e+02   2.7763e+01   8.1905e-01   3.5813e-01   2.7340e+02
20260111_07:00:00   7.7123e-01   1.4917e+02   2.8982e+01   5.4281e-01   7.4526e-01   2.7640e+02
20260111_08:00:00   9.7913e-01   1.7219e+02   2.9035e+01   7.7570e-01   9.3925e-01   2.7859e+02
20260111_09:00:00   1.5843e+00   2.1890e+02   3.0504e+01   1.4484e+00   1.0632e+00   2.7608e+02
20260111_10:00:00   1.4882e+00   2.1381e+02   2.9296e+01   1.3609e+00   7.3559e-01   2.7954e+02
20260111_11:00:00   1.3375e+00   2.0325e+02   2.8335e+01   1.1945e+00   3.5482e-01   2.8305e+02
20260111_12:00:00   5.3987e-01   1.1567e+02   2.6654e+01   3.0408e-01   4.3281e-01   2.8440e+02
20260111_13:00:00   4.5927e-01   1.0246e+02   2.5234e+01   2.2747e-01   2.6141e-01   2.8798e+02
20260111_14:00:00   6.3671e-01   1.2969e+02   2.5330e+01   4.2203e-01   5.2463e-01   2.8857e+02
20260111_15:00:00   6.9103e-01   1.3697e+02   2.3716e+01   4.9910e-01   5.5877e-01   2.8638e+02
20260111_16:00:00   4.3522e-01   9.7529e+01   2.2376e+01   2.2321e-01   4.8352e-01   2.8689e+02
20260111_17:00:00   2.5451e-01   6.3051e+01   1.9207e+01   5.2132e-02   4.6330e-01   2.9202e+02
20260111_18:00:00   2.3991e-01   5.9864e+01   1.7433e+01   5.0514e-02   6.0023e-01   2.9554e+02
20260111_19:00:00   1.7498e-01   4.5412e+01   1.3993e+01   8.0719e-03   6.3819e-01   2.9906e+02
20260111_20:00:00   1.5420e-01   4.0655e+01   1.1718e+01   1.0485e-03   4.5715e-01   2.9957e+02
20260111_21:00:00   1.4060e-01   3.7514e+01   9.5667e+00   1.9290e-03   6.4606e-02   3.0355e+02
20260111_22:00:00   1.2345e-01   3.3433e+01   7.4598e+00   0.0000e+00   2.4251e-03   3.1361e+02
20260111_23:00:00   1.2106e-01   3.2736e+01   7.0910e+00   0.0000e+00   1.2778e-03   3.1620e+02
20260112_00:00:00   1.1206e-01   3.0488e+01   5.9128e+00   0.0000e+00   5.4947e-05   3.2771e+02
20260112_03:00:00   1.0975e-01   2.9707e+01   5.2085e+00   0.0000e+00   8.1570e-06   3.4905e+02
20260112_06:00:00   1.1636e-01   3.1023e+01   6.0690e+00   0.0000e+00   1.7448e-05   4.0268e+02
20260112_09:00:00   1.1580e-01   3.0823e+01   6.1012e+00   0.0000e+00   1.4302e-04   4.3570e+02
20260112_12:00:00   1.0403e-01   2.8093e+01   4.4057e+00   0.0000e+00   8.9440e-06   4.2377e+02
20260112_15:00:00   9.2489e-02   2.5302e+01   3.0108e+00   0.0000e+00   0.0000e+00   4.2399e+02
20260112_18:00:00   9.7648e-02   2.6525e+01   3.7435e+00   0.0000e+00   0.0000e+00   4.0713e+02
20260112_21:00:00   1.0648e-01   2.8688e+01   4.7663e+00   0.0000e+00   0.0000e+00   3.6910e+02
20260113_00:00:00   1.0665e-01   2.8816e+01   4.8736e+00   0.0000e+00   0.0000e+00   3.5620e+02
20260113_03:00:00   1.0612e-01   2.8750e+01   4.9589e+00   0.0000e+00   9.1977e-03   3.4861e+02
20260113_06:00:00   1.1313e-01   3.0362e+01   6.1426e+00   0.0000e+00   3.7531e-02   3.5217e+02
20260113_09:00:00   1.1857e-01   3.1630e+01   7.0036e+00   0.0000e+00   2.2940e-02   3.5574e+02
20260113_12:00:00   1.1872e-01   3.1691e+01   7.0917e+00   0.0000e+00   7.5457e-03   3.5606e+02
20260113_15:00:00   1.2095e-01   3.2293e+01   7.3933e+00   0.0000e+00   1.9842e-04   3.5856e+02
20260113_18:00:00   1.2279e-01   3.2874e+01   7.5681e+00   0.0000e+00   0.0000e+00   3.5433e+02
20260113_21:00:00   1.3032e-01   3.4658e+01   8.7048e+00   0.0000e+00   4.1049e-03   3.4798e+02
20260114_00:00:00   1.3717e-01   3.6262e+01   9.4718e+00   0.0000e+00   2.3296e-03   3.4886e+02
20260114_03:00:00   1.3550e-01   3.5891e+01   9.2923e+00   0.0000e+00   8.9249e-03   3.5180e+02
20260114_06:00:00   1.4136e-01   3.7236e+01   1.0138e+01   0.0000e+00   5.2632e-02   3.5284e+02
20260114_09:00:00   1.5474e-01   4.0217e+01   1.1878e+01   0.0000e+00   7.9256e-02   3.5256e+02
20260114_12:00:00   1.7382e-01   4.4550e+01   1.3454e+01   0.0000e+00   5.2494e-02   3.4992e+02
20260114_15:00:00   1.4850e-01   3.8871e+01   1.0573e+01   0.0000e+00   1.5758e-05   3.5404e+02
20260114_18:00:00   1.3452e-01   3.5680e+01   8.5429e+00   2.7180e-03   1.5228e-03   3.5869e+02
20260114_21:00:00   1.2723e-01   3.3956e+01   7.8960e+00   0.0000e+00   1.0888e-03   3.6082e+02
20260115_00:00:00   1.2155e-01   3.2517e+01   7.3841e+00   0.0000e+00   1.1141e-02   3.6139e+02
20260115_03:00:00   1.2567e-01   3.3374e+01   8.0061e+00   0.0000e+00   1.0009e-01   3.6560e+02
20260115_06:00:00   1.3737e-01   3.5983e+01   9.4711e+00   0.0000e+00   2.2622e-01   3.6231e+02
20260115_09:00:00   1.6030e-01   4.1146e+01   1.1773e+01   0.0000e+00   4.3095e-01   3.5870e+02
20260115_12:00:00   1.6507e-01   4.2262e+01   1.1995e+01   3.2523e-04   4.7952e-01   3.6230e+02
20260115_15:00:00   5.8225e-01   1.1987e+02   1.1739e+01   4.6836e-01   4.2020e-01   3.7469e+02
20260115_18:00:00   9.9293e-01   1.7110e+02   1.1990e+01   9.3098e-01   1.1212e-01   3.8154e+02
20260115_21:00:00   5.2741e-01   1.1156e+02   9.9575e+00   4.2474e-01   4.6455e-02   3.7819e+02
20260116_00:00:00   1.4200e-01   3.6987e+01   8.6346e+00   4.0835e-03   2.5575e-02   3.7802e+02
20260116_03:00:00   1.1834e-01   3.1411e+01   6.2204e+00   0.0000e+00   7.3893e-05   3.8522e+02
20260116_06:00:00   1.0573e-01   2.8343e+01   4.6125e+00   0.0000e+00   1.3817e-05   3.8190e+02
20260116_09:00:00   9.6068e-02   2.5962e+01   3.2616e+00   0.0000e+00   4.9397e-06   3.7262e+02
20260116_12:00:00   8.9656e-02   2.4357e+01   2.3527e+00   0.0000e+00   5.0980e-06   3.9492e+02
20260116_15:00:00   9.0182e-02   2.4505e+01   2.4625e+00   0.0000e+00   0.0000e+00   3.6036e+02
20260116_18:00:00   9.6218e-02   2.5959e+01   3.3022e+00   0.0000e+00   0.0000e+00   3.4944e+02
20260116_21:00:00   1.0543e-01   2.8099e+01   4.3607e+00   0.0000e+00   3.5784e-04   3.7154e+02
20260117_00:00:00   1.1317e-01   2.9818e+01   5.2349e+00   0.0000e+00   7.8270e-05   3.8386e+02
20260117_03:00:00   1.1123e-01   2.9373e+01   4.7927e+00   0.0000e+00   7.2769e-05   3.9376e+02
20260117_06:00:00   9.8251e-02   2.6302e+01   3.0781e+00   0.0000e+00   1.3320e-05   3.8821e+02
20260117_09:00:00   9.0959e-02   2.4583e+01   2.2765e+00   0.0000e+00   7.5981e-06   3.8061e+02
20260117_12:00:00   8.7863e-02   2.3857e+01   2.1119e+00   0.0000e+00   0.0000e+00   3.6741e+02
20260117_15:00:00   9.1111e-02   2.4640e+01   2.7099e+00   0.0000e+00   6.9446e-05   3.7148e+02
20260117_18:00:00   9.6221e-02   2.5904e+01   3.4777e+00   0.0000e+00   3.3367e-03   3.7051e+02
20260117_21:00:00   9.7029e-02   2.6155e+01   3.4455e+00   0.0000e+00   4.6965e-03   3.6812e+02
20260118_00:00:00   9.9888e-02   2.6843e+01   3.8294e+00   0.0000e+00   2.1232e-02   3.5476e+02
20260118_03:00:00   1.0393e-01   2.7772e+01   4.3140e+00   0.0000e+00   4.1725e-02   3.5747e+02
20260118_06:00:00   1.1602e-01   3.0592e+01   6.1003e+00   0.0000e+00   3.1454e-02   3.4991e+02
20260118_09:00:00   1.3533e-01   3.5180e+01   8.3385e+00   0.0000e+00   2.9760e-03   3.4508e+02
20260118_12:00:00   1.5027e-01   3.8691e+01   9.7777e+00   0.0000e+00   2.2453e-01   3.4609e+02
20260118_15:00:00   1.6191e-01   4.1496e+01   1.0753e+01   3.9690e-03   1.9367e-01   3.5898e+02
20260118_18:00:00   6.1341e-01   1.2546e+02   1.1748e+01   5.0713e-01   2.5786e-02   3.6102e+02
20260118_21:00:00   5.5125e-01   1.1626e+02   1.2110e+01   4.3404e-01   1.3197e-01   3.7288e+02
20260119_00:00:00   7.1752e-01   1.4011e+02   1.2208e+01   6.2226e-01   9.9517e-02   3.8471e+02
20260119_03:00:00   8.5914e-01   1.5725e+02   1.2277e+01   7.8144e-01   2.0853e-01   3.8896e+02
20260119_06:00:00   4.8468e-01   1.0506e+02   1.1174e+01   3.6832e-01   1.6461e-01   3.9615e+02
20260119_09:00:00   1.5370e-01   3.9619e+01   9.7305e+00   7.2300e-03   9.4614e-02   4.1234e+02
20260119_12:00:00   1.3429e-01   3.5048e+01   8.0286e+00   0.0000e+00   2.2429e-02   4.1351e+02
20260119_15:00:00   1.1420e-01   3.0260e+01   5.6587e+00   0.0000e+00   6.7330e-04   4.0972e+02
20260119_18:00:00   9.9169e-02   2.6801e+01   3.6976e+00   0.0000e+00   7.0246e-06   3.9599e+02
20260119_21:00:00   9.3646e-02   2.5524e+01   3.1138e+00   0.0000e+00   7.3004e-06   3.6972e+02
20260120_00:00:00   9.7191e-02   2.6315e+01   3.9950e+00   0.0000e+00   6.2843e-03   3.6082e+02
20260120_03:00:00   1.0347e-01   2.7738e+01   4.9371e+00   0.0000e+00   2.9483e-02   3.6112e+02
20260120_06:00:00   1.0021e-01   2.6954e+01   4.4507e+00   0.0000e+00   1.5674e-02   3.5902e+02
20260120_09:00:00   1.1285e-01   2.9896e+01   5.6670e+00   0.0000e+00   2.6059e-03   3.7133e+02
20260120_12:00:00   1.1082e-01   2.9511e+01   5.0420e+00   0.0000e+00   1.9885e-05   3.7205e+02
20260120_15:00:00   1.0825e-01   2.9003e+01   4.7378e+00   0.0000e+00   4.0786e-05   3.7347e+02
20260120_18:00:00   1.0397e-01   2.8068e+01   4.3359e+00   0.0000e+00   6.5268e-06   3.6895e+02
20260120_21:00:00   1.0500e-01   2.8249e+01   4.4969e+00   0.0000e+00   1.7615e-05   3.5607e+02
20260121_00:00:00   1.0206e-01   2.7457e+01   3.9639e+00   0.0000e+00   4.8105e-04   3.5159e+02
20260121_03:00:00   1.0513e-01   2.8086e+01   4.4891e+00   0.0000e+00   1.6970e-04   3.5522e+02
20260121_06:00:00   1.1135e-01   2.9474e+01   5.3566e+00   0.0000e+00   7.2776e-05   3.4856e+02
20260121_09:00:00   1.1367e-01   3.0011e+01   5.6900e+00   0.0000e+00   1.6278e-05   3.4885e+02
20260121_12:00:00   1.1688e-01   3.0728e+01   6.1190e+00   0.0000e+00   1.9703e-05   3.5054e+02
20260121_15:00:00   1.0950e-01   2.9050e+01   5.1633e+00   0.0000e+00   2.9732e-03   3.5480e+02
20260121_18:00:00   1.0883e-01   2.8854e+01   4.8073e+00   2.0800e-03   1.2060e-02   3.5172e+02
20260121_21:00:00   9.6589e-02   2.6000e+01   3.2753e+00   0.0000e+00   2.7801e-04   3.4438e+02
20260122_00:00:00   9.1901e-02   2.4753e+01   2.4857e+00   0.0000e+00   9.1916e-04   3.4888e+02
20260122_03:00:00   8.8075e-02   2.3779e+01   1.8367e+00   0.0000e+00   8.4267e-05   3.5868e+02
20260122_06:00:00   8.5689e-02   2.3211e+01   1.5191e+00   0.0000e+00   0.0000e+00   3.6098e+02
20260122_09:00:00   8.6099e-02   2.3350e+01   1.5924e+00   0.0000e+00   0.0000e+00   3.4921e+02
20260122_12:00:00   8.6590e-02   2.3527e+01   1.7242e+00   0.0000e+00   0.0000e+00   3.4082e+02
20260122_15:00:00   8.7484e-02   2.3832e+01   1.9305e+00   0.0000e+00   0.0000e+00   3.2730e+02
20260122_18:00:00   8.9236e-02   2.4369e+01   2.3392e+00   0.0000e+00   0.0000e+00   3.2265e+02
20260122_21:00:00   9.2038e-02   2.5085e+01   2.8725e+00   0.0000e+00   4.1140e-06   3.1595e+02
20260123_00:00:00   9.6063e-02   2.6033e+01   3.6555e+00   0.0000e+00   9.3410e-04   3.0939e+02
