#            date       tau255        Tb[K]      pwv[mm] lwp[kg*m^-2] iwp[kg*m^-2]       o3[DU]
20260618_00:00:00   2.6614e-01   6.7667e+01   2.6237e+01   0.0000e+00   2.8818e-02   3.4932e+02
20260618_01:00:00   3.0728e-01   7.5978e+01   2.8685e+01   2.4180e-02   2.5141e-02   3.4423e+02
20260618_02:00:00   3.5950e-01   8.6022e+01   3.0023e+01   6.7401e-02   1.0174e-01   3.4249e+02
20260618_03:00:00   3.4572e-01   8.3557e+01   3.0126e+01   5.3191e-02   1.1239e-02   3.3980e+02
20260618_04:00:00   6.1199e-01   1.2829e+02   3.2510e+01   3.3235e-01   7.1459e-02   3.4513e+02
20260618_05:00:00   6.0618e-01   1.2728e+02   3.2960e+01   3.1948e-01   8.0950e-03   3.4107e+02
20260618_06:00:00   3.5259e-01   8.4696e+01   3.2746e+01   3.8160e-02   1.1113e-01   3.4595e+02
20260618_07:00:00   3.1419e-01   7.7438e+01   3.2225e+01   1.7890e-03   6.7091e-02   3.4374e+02
20260618_08:00:00   3.6953e-01   8.8039e+01   3.3975e+01   4.3205e-02   1.1992e-01   3.3927e+02
20260618_09:00:00   7.1629e-01   1.4323e+02   3.6089e+01   4.1235e-01   3.9436e-02   3.3566e+02
20260618_10:00:00   9.7562e-01   1.7365e+02   3.7295e+01   6.9279e-01   2.7486e-01   3.3552e+02
20260618_11:00:00   9.3301e-01   1.6902e+02   3.8202e+01   6.3300e-01   9.6564e-02   3.3584e+02
20260618_12:00:00   1.3236e+00   2.0381e+02   3.9049e+01   1.0677e+00   2.2743e-01   3.2954e+02
20260618_13:00:00   9.9317e-01   1.7569e+02   3.9919e+01   6.8143e-01   1.8947e-01   3.2740e+02
20260618_14:00:00   1.0532e+00   1.8211e+02   3.8046e+01   7.6398e-01   9.1766e-04   3.2428e+02
20260618_15:00:00   4.7803e-01   1.0863e+02   3.6609e+01   1.2481e-01   1.8168e-07   3.2309e+02
20260618_16:00:00   3.9347e-01   9.4082e+01   3.8023e+01   1.0272e-02   0.0000e+00   3.2019e+02
20260618_17:00:00   9.2704e-01   1.7079e+02   4.0234e+01   6.1783e-01   2.8048e-04   3.1978e+02
20260618_18:00:00   3.9441e-01   9.4705e+01   3.8626e+01   7.3538e-03   2.0567e-04   3.1990e+02
20260618_19:00:00   4.3323e-01   1.0193e+02   4.0267e+01   3.7996e-02   8.0510e-03   3.2010e+02
20260618_20:00:00   4.1148e-01   9.8520e+01   3.8193e+01   3.1846e-02   0.0000e+00   3.2435e+02
20260618_21:00:00   6.6049e-01   1.3926e+02   3.4875e+01   3.6185e-01   0.0000e+00   3.2685e+02
20260618_22:00:00   3.2541e-01   8.1854e+01   3.1250e+01   2.1202e-03   0.0000e+00   3.2949e+02
20260618_23:00:00   5.1978e-01   1.1679e+02   3.1660e+01   2.3128e-01   0.0000e+00   3.2603e+02
20260619_00:00:00   3.4579e-01   8.5331e+01   3.1457e+01   3.4599e-02   1.0184e-05   3.2747e+02
20260619_01:00:00   3.9553e-01   9.4729e+01   3.0466e+01   9.4004e-02   0.0000e+00   3.3086e+02
20260619_02:00:00   4.4329e-01   1.0315e+02   3.0095e+01   1.4312e-01   2.0220e-06   3.3111e+02
20260619_03:00:00   2.9809e-01   7.5413e+01   2.8105e+01   9.6560e-06   5.4840e-04   3.2660e+02
20260619_04:00:00   2.5616e-01   6.6150e+01   2.4549e+01   0.0000e+00   3.3844e-04   3.2492e+02
20260619_05:00:00   2.2471e-01   5.9130e+01   2.0747e+01   0.0000e+00   1.0917e-03   3.2452e+02
20260619_06:00:00   2.1695e-01   5.7351e+01   1.9439e+01   0.0000e+00   5.5480e-04   3.2439e+02
20260619_07:00:00   2.2458e-01   5.8968e+01   1.9880e+01   0.0000e+00   1.0662e-04   3.2397e+02
20260619_08:00:00   2.2123e-01   5.8203e+01   1.9606e+01   0.0000e+00   9.8617e-05   3.2318e+02
20260619_09:00:00   2.1373e-01   5.6524e+01   1.8880e+01   0.0000e+00   5.8859e-03   3.2199e+02
20260619_10:00:00   2.1483e-01   5.6666e+01   1.8889e+01   0.0000e+00   1.2567e-02   3.2359e+02
20260619_11:00:00   2.2003e-01   5.7748e+01   1.9279e+01   0.0000e+00   4.1449e-02   3.2373e+02
20260619_12:00:00   2.1774e-01   5.7226e+01   1.9098e+01   0.0000e+00   3.6502e-02   3.2468e+02
20260619_13:00:00   2.1291e-01   5.6155e+01   1.8574e+01   0.0000e+00   6.0063e-03   3.2574e+02
20260619_14:00:00   2.0772e-01   5.5039e+01   1.8155e+01   0.0000e+00   2.0900e-03   3.2705e+02
20260619_15:00:00   2.0810e-01   5.5171e+01   1.8100e+01   0.0000e+00   6.6472e-03   3.2768e+02
20260619_16:00:00   2.1293e-01   5.6343e+01   1.8766e+01   0.0000e+00   1.0594e-03   3.2786e+02
20260619_17:00:00   2.1202e-01   5.6106e+01   1.9176e+01   0.0000e+00   1.0540e-03   3.2895e+02
20260619_18:00:00   2.0675e-01   5.4933e+01   1.8970e+01   0.0000e+00   0.0000e+00   3.3173e+02
20260619_19:00:00   2.0556e-01   5.4624e+01   1.9079e+01   0.0000e+00   0.0000e+00   3.3382e+02
20260619_20:00:00   2.0171e-01   5.3674e+01   1.8766e+01   0.0000e+00   0.0000e+00   3.3491e+02
20260619_21:00:00   2.0472e-01   5.4353e+01   1.9096e+01   0.0000e+00   0.0000e+00   3.3507e+02
20260619_22:00:00   2.0107e-01   5.3537e+01   1.8305e+01   0.0000e+00   0.0000e+00   3.3780e+02
20260619_23:00:00   2.0331e-01   5.3899e+01   1.8900e+01   0.0000e+00   0.0000e+00   3.4373e+02
20260620_00:00:00   2.1481e-01   5.6392e+01   2.0208e+01   0.0000e+00   0.0000e+00   3.5176e+02
20260620_01:00:00   2.1229e-01   5.5754e+01   1.9750e+01   0.0000e+00   0.0000e+00   3.6078e+02
20260620_02:00:00   2.1216e-01   5.5698e+01   1.9422e+01   0.0000e+00   0.0000e+00   3.6134e+02
20260620_03:00:00   2.1393e-01   5.6041e+01   1.9405e+01   0.0000e+00   0.0000e+00   3.6208e+02
20260620_04:00:00   2.1390e-01   5.6023e+01   1.9047e+01   0.0000e+00   0.0000e+00   3.6161e+02
20260620_05:00:00   2.0386e-01   5.3779e+01   1.7472e+01   0.0000e+00   0.0000e+00   3.6310e+02
20260620_06:00:00   2.0981e-01   5.5087e+01   1.7801e+01   0.0000e+00   0.0000e+00   3.6954e+02
20260620_07:00:00   2.4052e-01   6.1633e+01   2.1795e+01   0.0000e+00   0.0000e+00   3.6688e+02
20260620_08:00:00   2.5578e-01   6.4771e+01   2.3988e+01   0.0000e+00   4.9577e-04   3.5492e+02
20260620_09:00:00   2.5620e-01   6.4913e+01   2.3806e+01   0.0000e+00   0.0000e+00   3.6004e+02
20260620_10:00:00   2.4637e-01   6.2870e+01   2.2705e+01   5.0700e-05   0.0000e+00   3.6094e+02
20260620_11:00:00   2.5598e-01   6.4963e+01   2.2787e+01   7.0698e-03   0.0000e+00   3.6193e+02
20260620_12:00:00   3.0701e-01   7.5734e+01   2.2411e+01   6.7739e-02   0.0000e+00   3.6327e+02
20260620_13:00:00   3.7995e-01   9.0113e+01   2.2552e+01   1.5349e-01   0.0000e+00   3.6432e+02
20260620_14:00:00   3.3575e-01   8.1550e+01   2.2592e+01   1.0094e-01   0.0000e+00   3.6715e+02
20260620_15:00:00   2.4782e-01   6.3331e+01   2.2341e+01   3.1328e-03   0.0000e+00   3.6883e+02
20260620_16:00:00   2.6301e-01   6.6699e+01   2.2461e+01   2.0619e-02   0.0000e+00   3.7124e+02
20260620_17:00:00   2.8881e-01   7.2179e+01   2.2573e+01   4.9096e-02   0.0000e+00   3.7198e+02
20260620_18:00:00   2.7808e-01   7.0004e+01   2.2949e+01   3.3323e-02   0.0000e+00   3.7329e+02
20260620_19:00:00   2.6429e-01   6.7101e+01   2.3150e+01   1.4568e-02   0.0000e+00   3.7459e+02
20260620_20:00:00   2.6487e-01   6.7263e+01   2.3240e+01   1.2168e-02   0.0000e+00   3.7640e+02
20260620_21:00:00   2.5502e-01   6.5207e+01   2.3159e+01   1.6091e-03   0.0000e+00   3.7663e+02
20260620_22:00:00   2.6610e-01   6.7442e+01   2.2841e+01   1.9142e-02   8.0420e-06   3.7638e+02
20260620_23:00:00   2.4485e-01   6.2919e+01   2.2629e+01   0.0000e+00   0.0000e+00   3.7603e+02
20260621_00:00:00   2.4882e-01   6.3724e+01   2.2838e+01   0.0000e+00   0.0000e+00   3.7512e+02
20260621_01:00:00   2.4949e-01   6.3782e+01   2.2706e+01   0.0000e+00   0.0000e+00   3.7474e+02
20260621_02:00:00   2.4743e-01   6.3264e+01   2.2323e+01   0.0000e+00   0.0000e+00   3.7536e+02
20260621_03:00:00   2.3957e-01   6.1521e+01   2.1496e+01   0.0000e+00   0.0000e+00   3.7827e+02
20260621_04:00:00   2.4132e-01   6.1844e+01   2.1714e+01   0.0000e+00   0.0000e+00   3.7841e+02
20260621_05:00:00   2.3958e-01   6.1437e+01   2.1371e+01   0.0000e+00   0.0000e+00   3.7709e+02
20260621_06:00:00   2.4564e-01   6.2680e+01   2.1997e+01   0.0000e+00   0.0000e+00   3.7698e+02
20260621_07:00:00   2.3914e-01   6.1249e+01   2.1161e+01   0.0000e+00   0.0000e+00   3.7844e+02
20260621_08:00:00   2.4242e-01   6.1884e+01   2.1589e+01   0.0000e+00   0.0000e+00   3.7971e+02
20260621_09:00:00   2.3893e-01   6.1113e+01   2.1269e+01   0.0000e+00   0.0000e+00   3.8118e+02
20260621_10:00:00   2.3482e-01   6.0249e+01   2.0837e+01   0.0000e+00   0.0000e+00   3.8364e+02
20260621_11:00:00   2.4053e-01   6.1466e+01   2.1524e+01   0.0000e+00   0.0000e+00   3.8426e+02
20260621_12:00:00   2.5637e-01   6.4840e+01   2.2511e+01   6.3520e-03   6.8114e-05   3.8416e+02
20260621_13:00:00   2.4736e-01   6.3012e+01   2.1814e+01   2.5734e-03   1.4496e-05   3.8383e+02
20260621_14:00:00   2.4137e-01   6.1845e+01   2.1235e+01   2.1582e-03   1.8168e-07   3.8296e+02
20260621_15:00:00   2.6069e-01   6.5995e+01   2.1692e+01   2.2236e-02   3.3163e-05   3.8283e+02
20260621_16:00:00   3.2947e-01   8.0080e+01   2.2090e+01   9.7523e-02   1.8226e-05   3.8362e+02
20260621_17:00:00   4.8025e-01   1.0714e+02   2.2464e+01   2.6253e-01   2.3825e-04   3.8777e+02
20260621_18:00:00   4.7510e-01   1.0647e+02   2.3138e+01   2.5208e-01   1.5043e-04   3.8506e+02
20260621_19:00:00   4.6899e-01   1.0541e+02   2.3283e+01   2.4646e-01   3.9668e-04   3.8595e+02
20260621_20:00:00   8.2284e-01   1.5572e+02   2.4986e+01   6.2560e-01   3.2539e-03   3.8804e+02
20260621_21:00:00   2.8344e-01   7.0912e+01   2.3819e+01   2.7903e-02   1.8521e-05   3.8143e+02
20260621_22:00:00   3.1063e-01   7.6545e+01   2.4089e+01   5.5047e-02   3.9877e-06   3.6868e+02
20260621_23:00:00   2.8976e-01   7.2328e+01   2.3638e+01   3.6060e-02   1.9642e-06   3.6455e+02
20260622_00:00:00   2.5136e-01   6.4408e+01   2.2982e+01   0.0000e+00   1.3602e-03   3.6050e+02
20260622_01:00:00   2.4705e-01   6.3480e+01   2.2460e+01   0.0000e+00   6.1880e-03   3.5831e+02
20260622_02:00:00   2.4059e-01   6.2106e+01   2.1788e+01   0.0000e+00   3.9266e-03   3.5348e+02
20260622_03:00:00   2.3370e-01   6.0608e+01   2.0820e+01   0.0000e+00   1.8956e-02   3.5104e+02
20260622_04:00:00   2.3352e-01   6.0522e+01   2.0658e+01   0.0000e+00   1.6267e-02   3.5164e+02
20260622_05:00:00   2.2474e-01   5.8594e+01   1.9812e+01   0.0000e+00   7.6139e-03   3.5160e+02
20260622_06:00:00   2.1498e-01   5.6435e+01   1.8810e+01   0.0000e+00   1.2973e-02   3.4954e+02
20260622_07:00:00   2.1089e-01   5.5499e+01   1.8432e+01   0.0000e+00   9.3070e-03   3.4671e+02
20260622_08:00:00   2.1113e-01   5.5514e+01   1.8582e+01   0.0000e+00   2.2167e-02   3.4615e+02
20260622_09:00:00   2.0849e-01   5.4923e+01   1.8344e+01   0.0000e+00   3.8790e-02   3.4673e+02
20260622_10:00:00   2.0416e-01   5.3949e+01   1.7976e+01   0.0000e+00   2.8022e-02   3.4715e+02
20260622_11:00:00   2.0396e-01   5.3888e+01   1.8125e+01   0.0000e+00   4.7473e-02   3.4874e+02
20260622_12:00:00   2.1000e-01   5.5165e+01   1.9322e+01   0.0000e+00   3.2627e-02   3.4811e+02
20260622_13:00:00   2.2261e-01   5.7893e+01   2.1264e+01   0.0000e+00   2.3392e-01   3.4705e+02
20260622_14:00:00   2.3649e-01   6.0861e+01   2.3373e+01   2.9460e-05   1.9835e-01   3.4548e+02
20260622_15:00:00   2.7410e-01   6.8783e+01   2.6827e+01   1.1830e-02   5.3204e-01   3.4431e+02
20260622_16:00:00   3.9471e-01   9.2377e+01   3.1063e+01   1.0387e-01   6.5639e-01   3.4307e+02
20260622_17:00:00   4.0106e-01   9.3478e+01   3.3874e+01   7.5916e-02   7.5657e-01   3.4277e+02
20260622_18:00:00   4.9341e-01   1.0958e+02   3.6106e+01   1.4944e-01   1.0727e+00   3.4357e+02
20260622_19:00:00   4.0770e-01   9.4826e+01   3.6647e+01   4.7361e-02   8.3653e-01   3.4262e+02
20260622_20:00:00   4.4387e-01   1.0154e+02   3.6906e+01   8.7357e-02   6.5655e-01   3.4469e+02
20260622_21:00:00   5.1006e-01   1.1287e+02   3.8356e+01   1.4659e-01   5.4325e-01   3.4387e+02
20260622_22:00:00   1.0835e+00   1.8399e+02   3.7180e+01   7.9558e-01   2.2325e-01   3.4387e+02
20260622_23:00:00   1.3000e+00   2.0274e+02   3.6449e+01   1.0494e+00   1.8450e-02   3.4278e+02
20260623_00:00:00   1.1291e+00   1.9089e+02   3.4578e+01   8.9189e-01   8.2350e-05   3.4342e+02
20260623_03:00:00   1.2157e+00   2.0016e+02   2.8474e+01   1.0800e+00   0.0000e+00   3.4519e+02
20260623_06:00:00   2.7854e-01   7.0534e+01   2.3661e+01   4.8340e-03   0.0000e+00   3.5083e+02
20260623_09:00:00   2.3268e-01   6.0434e+01   2.0386e+01   0.0000e+00   0.0000e+00   3.4987e+02
20260623_12:00:00   2.3072e-01   6.0018e+01   2.0204e+01   0.0000e+00   0.0000e+00   3.4671e+02
20260623_15:00:00   2.4008e-01   6.2221e+01   2.1605e+01   9.3140e-05   0.0000e+00   3.4213e+02
20260623_18:00:00   2.3409e-01   6.0976e+01   2.1176e+01   7.5802e-03   0.0000e+00   3.4393e+02
20260623_21:00:00   3.0421e-01   7.5758e+01   2.2357e+01   7.5070e-02   7.7580e-05   3.4869e+02
20260624_00:00:00   2.4512e-01   6.3677e+01   2.2568e+01   4.3880e-06   0.0000e+00   3.4761e+02
20260624_03:00:00   2.3462e-01   6.1228e+01   2.1463e+01   0.0000e+00   0.0000e+00   3.4955e+02
20260624_06:00:00   2.4148e-01   6.2669e+01   2.1950e+01   0.0000e+00   9.8220e-06   3.4448e+02
20260624_09:00:00   2.3571e-01   6.1379e+01   2.1316e+01   0.0000e+00   0.0000e+00   3.4916e+02
20260624_12:00:00   2.3927e-01   6.2122e+01   2.1963e+01   0.0000e+00   0.0000e+00   3.5142e+02
20260624_15:00:00   2.5195e-01   6.5003e+01   2.3740e+01   0.0000e+00   1.2254e-02   3.4966e+02
20260624_18:00:00   3.0442e-01   7.6083e+01   2.5168e+01   4.9739e-02   0.0000e+00   3.5139e+02
20260624_21:00:00   6.2444e-01   1.3122e+02   2.9286e+01   3.6964e-01   2.3180e-05   3.5164e+02
20260625_00:00:00   5.4673e-01   1.1953e+02   3.0666e+01   2.6176e-01   5.0620e-05   3.4988e+02
20260625_03:00:00   2.9705e-01   7.4683e+01   2.8576e+01   6.9002e-04   1.6368e-06   3.5163e+02
20260625_06:00:00   2.9713e-01   7.4358e+01   2.9147e+01   4.8280e-06   4.4647e-04   3.5527e+02
20260625_09:00:00   2.9750e-01   7.4342e+01   2.8970e+01   2.2220e-04   2.5605e-03   3.5220e+02
20260625_12:00:00   3.0641e-01   7.6041e+01   3.0555e+01   6.8740e-04   2.7254e-02   3.5040e+02
20260625_15:00:00   5.4103e-01   1.1820e+02   3.5872e+01   2.0691e-01   6.6002e-01   3.5161e+02
20260625_18:00:00   5.4168e-01   1.1770e+02   3.5768e+01   1.9871e-01   7.4227e-01   3.5428e+02
20260625_21:00:00   1.0943e+00   1.8502e+02   3.7244e+01   8.0986e-01   3.7335e-01   3.5849e+02
20260626_00:00:00   4.6751e-01   1.0607e+02   3.5425e+01   1.1753e-01   2.0738e-01   3.6677e+02
20260626_03:00:00   5.1664e-01   1.1515e+02   3.4376e+01   1.8437e-01   2.7428e-01   3.6810e+02
20260626_06:00:00   6.8373e-01   1.4116e+02   3.4264e+01   3.9076e-01   8.7720e-03   3.7753e+02
20260626_09:00:00   3.5059e-01   8.5066e+01   3.0559e+01   2.6955e-02   0.0000e+00   3.8858e+02
20260626_12:00:00   2.6636e-01   6.7917e+01   2.4280e+01   6.6787e-04   3.0539e-04   3.6355e+02
20260626_15:00:00   2.3033e-01   6.0349e+01   2.1095e+01   0.0000e+00   1.3866e-02   3.5266e+02
20260626_18:00:00   2.3789e-01   6.2036e+01   2.2515e+01   1.8118e-05   1.9800e-01   3.4941e+02
20260626_21:00:00   2.5151e-01   6.4883e+01   2.4695e+01   0.0000e+00   3.1637e-01   3.4956e+02
20260627_00:00:00   2.4617e-01   6.3851e+01   2.3407e+01   0.0000e+00   1.6104e-03   3.5227e+02
20260627_03:00:00   2.3995e-01   6.2466e+01   2.2325e+01   0.0000e+00   1.5230e-02   3.4793e+02
20260627_06:00:00   2.4517e-01   6.3658e+01   2.2416e+01   0.0000e+00   7.2822e-03   3.4291e+02
20260627_09:00:00   2.3575e-01   6.1565e+01   2.1203e+01   0.0000e+00   7.7782e-03   3.4368e+02
20260627_12:00:00   2.4178e-01   6.2829e+01   2.1883e+01   0.0000e+00   4.5392e-02   3.5068e+02
20260627_15:00:00   2.4774e-01   6.4299e+01   2.3108e+01   0.0000e+00   3.1836e-03   3.4485e+02
20260627_18:00:00   2.4836e-01   6.4661e+01   2.3404e+01   2.7720e-06   2.0557e-05   3.4619e+02
20260627_21:00:00   2.5909e-01   6.7204e+01   2.4325e+01   4.8080e-04   0.0000e+00   3.4712e+02
20260628_00:00:00   3.3731e-01   8.3353e+01   2.6505e+01   6.1020e-02   0.0000e+00   3.5149e+02
20260628_03:00:00   2.7171e-01   6.9904e+01   2.5341e+01   2.3100e-07   3.6880e-05   3.4449e+02
20260628_06:00:00   3.0117e-01   7.5719e+01   2.9424e+01   3.1840e-05   1.9314e-05   3.4151e+02
20260628_09:00:00   4.5834e-01   1.0464e+02   3.1952e+01   1.5038e-01   2.8937e-03   3.4004e+02
20260628_12:00:00   4.1583e-01   9.7662e+01   3.1281e+01   1.0695e-01   4.8700e-03   3.3868e+02
20260628_15:00:00   4.3805e-01   1.0185e+02   3.3517e+01   1.0740e-01   7.6808e-03   3.3739e+02
20260628_18:00:00   5.2465e-01   1.1721e+02   3.7738e+01   1.7710e-01   5.2249e-02   3.3301e+02
20260628_21:00:00   9.2852e-01   1.6935e+02   4.2633e+01   5.9617e-01   1.2149e-01   3.2549e+02
20260629_00:00:00   1.5571e+00   2.2064e+02   4.5994e+01   1.2701e+00   3.2205e-01   3.2476e+02
20260629_03:00:00   1.3330e+00   2.0842e+02   4.8886e+01   1.0069e+00   1.0431e+00   3.2515e+02
20260629_06:00:00   1.9657e+00   2.4495e+02   4.9494e+01   1.7818e+00   3.5506e-01   3.2893e+02
20260629_09:00:00   3.8227e-01   9.1862e+01   3.6816e+01   6.4968e-03   7.6731e-05   3.4515e+02
20260629_12:00:00   3.2491e-01   8.0744e+01   3.1068e+01   1.3470e-04   0.0000e+00   3.6289e+02
20260629_15:00:00   3.1799e-01   7.9771e+01   3.0131e+01   6.4720e-04   0.0000e+00   3.5387e+02
20260629_18:00:00   2.8766e-01   7.3558e+01   2.8304e+01   1.4142e-04   0.0000e+00   3.5642e+02
20260629_21:00:00   2.6547e-01   6.8724e+01   2.5724e+01   0.0000e+00   0.0000e+00   3.5748e+02
20260630_00:00:00   2.2916e-01   6.0629e+01   2.1565e+01   0.0000e+00   0.0000e+00   3.6660e+02
20260630_03:00:00   2.1071e-01   5.6260e+01   1.9646e+01   0.0000e+00   1.2552e-03   3.5288e+02
20260630_06:00:00   2.1556e-01   5.7261e+01   2.0189e+01   0.0000e+00   3.0696e-03   3.4041e+02
20260630_09:00:00   2.1941e-01   5.8075e+01   2.0801e+01   0.0000e+00   2.5314e-02   3.4098e+02
20260630_12:00:00   2.2401e-01   5.9008e+01   2.1751e+01   0.0000e+00   5.2274e-02   3.4444e+02
20260630_15:00:00   2.4559e-01   6.3706e+01   2.4910e+01   0.0000e+00   4.1049e-02   3.3979e+02
20260630_18:00:00   2.8645e-01   7.2241e+01   3.0865e+01   0.0000e+00   6.2465e-01   3.4482e+02
20260630_21:00:00   3.1239e-01   7.7921e+01   3.2821e+01   0.0000e+00   9.3037e-03   3.4447e+02
20260701_00:00:00   2.7841e-01   7.1322e+01   2.7183e+01   0.0000e+00   8.0920e-04   3.4024e+02
20260701_03:00:00   2.7346e-01   7.0257e+01   2.6634e+01   0.0000e+00   1.0654e-03   3.3306e+02
20260701_06:00:00   2.8007e-01   7.1531e+01   2.7696e+01   0.0000e+00   3.2514e-04   3.3306e+02
20260701_09:00:00   2.9515e-01   7.4521e+01   3.0258e+01   0.0000e+00   9.4520e-05   3.3270e+02
20260701_12:00:00   3.3572e-01   8.2729e+01   3.4714e+01   0.0000e+00   1.4150e-03   3.3206e+02
20260701_15:00:00   4.3599e-01   1.0173e+02   4.2869e+01   2.5231e-02   2.6072e-01   3.3072e+02
20260701_18:00:00   9.0495e-01   1.7005e+02   4.7280e+01   5.2827e-01   7.2448e-02   3.3274e+02
20260701_21:00:00   1.2946e+00   2.0814e+02   4.6328e+01   9.9070e-01   2.5029e-04   3.3394e+02
20260702_00:00:00   8.6417e-01   1.6802e+02   3.9885e+01   5.6668e-01   1.1474e-03   3.3794e+02
20260702_03:00:00   3.2701e-01   8.1436e+01   3.1485e+01   7.5252e-03   8.9718e-04   3.4316e+02
20260702_06:00:00   3.0078e-01   7.5941e+01   2.9333e+01   0.0000e+00   1.0076e-04   3.4563e+02
20260702_09:00:00   3.0425e-01   7.6479e+01   2.8520e+01   0.0000e+00   9.2400e-07   3.4515e+02
20260702_12:00:00   2.7131e-01   6.9358e+01   2.3996e+01   4.1640e-04   1.0083e-03   3.5237e+02
20260702_15:00:00   1.9896e-01   5.3243e+01   1.7122e+01   0.0000e+00   0.0000e+00   3.5405e+02
20260702_18:00:00   2.0024e-01   5.3573e+01   1.8151e+01   0.0000e+00   0.0000e+00   3.5754e+02
20260702_21:00:00   2.1832e-01   5.7739e+01   2.0239e+01   8.2080e-05   0.0000e+00   3.5882e+02
20260703_00:00:00   2.3896e-01   6.2226e+01   2.1870e+01   6.8360e-03   1.1786e-04   3.6099e+02
20260703_03:00:00   2.3528e-01   6.1292e+01   2.2116e+01   5.3440e-05   9.6679e-03   3.6260e+02
20260703_06:00:00   2.2089e-01   5.7943e+01   2.0421e+01   0.0000e+00   0.0000e+00   3.6731e+02
20260703_09:00:00   2.1217e-01   5.5863e+01   1.9548e+01   0.0000e+00   0.0000e+00   3.6733e+02
20260703_12:00:00   2.1402e-01   5.6187e+01   1.9853e+01   0.0000e+00   0.0000e+00   3.6911e+02
20260703_15:00:00   2.0383e-01   5.4060e+01   1.8714e+01   0.0000e+00   0.0000e+00   3.7164e+02
20260703_18:00:00   2.0280e-01   5.3991e+01   1.8711e+01   0.0000e+00   0.0000e+00   3.7373e+02
20260703_21:00:00   2.0291e-01   5.4173e+01   1.9060e+01   0.0000e+00   1.7369e-03   3.6028e+02
20260704_00:00:00   2.2130e-01   5.8433e+01   2.1227e+01   0.0000e+00   3.1260e-03   3.5249e+02
