#            date       tau255        Tb[K]      pwv[mm] lwp[kg*m^-2] iwp[kg*m^-2]       o3[DU]
20260115_12:00:00   2.4936e-01   6.1848e+01   1.5364e+01   7.5184e-02   6.3897e-02   3.7626e+02
20260115_13:00:00   2.5101e-01   6.2104e+01   1.4819e+01   8.0217e-02   2.0212e-01   3.8573e+02
20260115_14:00:00   2.6635e-01   6.5276e+01   1.4255e+01   1.0190e-01   4.2788e-02   3.9424e+02
20260115_15:00:00   2.1955e-01   5.5277e+01   1.2877e+01   6.0392e-02   1.9547e-03   4.0009e+02
20260115_16:00:00   1.6146e-01   4.2364e+01   1.0615e+01   9.9695e-03   8.9397e-06   3.9530e+02
20260115_17:00:00   3.9524e-01   9.0272e+01   9.8207e+00   2.8039e-01   2.1109e-04   3.9639e+02
20260115_18:00:00   1.8340e-01   4.7228e+01   9.0800e+00   4.8054e-02   1.5584e-04   3.9780e+02
20260115_19:00:00   1.3325e-01   3.5688e+01   8.1166e+00   5.3750e-04   1.5523e-05   3.9965e+02
20260115_20:00:00   1.2715e-01   3.4219e+01   7.3247e+00   2.0644e-04   1.6550e-05   4.0308e+02
20260115_21:00:00   1.1368e-01   3.0994e+01   5.8780e+00   0.0000e+00   7.5216e-05   3.9808e+02
20260115_22:00:00   9.8904e-02   2.7313e+01   4.2610e+00   0.0000e+00   8.7398e-06   4.0206e+02
20260115_23:00:00   9.8360e-02   2.7078e+01   4.1303e+00   0.0000e+00   3.0858e-05   3.8758e+02
20260116_00:00:00   9.4759e-02   2.6120e+01   3.8804e+00   0.0000e+00   8.3982e-03   3.8661e+02
20260116_01:00:00   9.6168e-02   2.6361e+01   4.1984e+00   0.0000e+00   1.9820e-02   3.8570e+02
20260116_02:00:00   9.5762e-02   2.6223e+01   4.1088e+00   0.0000e+00   2.9505e-03   3.8317e+02
20260116_03:00:00   9.5759e-02   2.6189e+01   4.0202e+00   0.0000e+00   2.4519e-03   3.8608e+02
20260116_04:00:00   9.5458e-02   2.6086e+01   3.9142e+00   0.0000e+00   1.7635e-05   3.9701e+02
20260116_05:00:00   9.7584e-02   2.6497e+01   4.2487e+00   0.0000e+00   2.1578e-02   4.0272e+02
20260116_06:00:00   9.5446e-02   2.5945e+01   3.9286e+00   0.0000e+00   1.6496e-02   4.0951e+02
20260116_07:00:00   9.5793e-02   2.5951e+01   3.8811e+00   0.0000e+00   3.3090e-02   4.2287e+02
20260116_08:00:00   9.2081e-02   2.5095e+01   3.1122e+00   0.0000e+00   1.3013e-05   4.4286e+02
20260116_09:00:00   9.2048e-02   2.5051e+01   3.0562e+00   0.0000e+00   5.4688e-06   4.4432e+02
20260116_10:00:00   9.2162e-02   2.5059e+01   3.0370e+00   0.0000e+00   6.9999e-06   4.4900e+02
20260116_11:00:00   9.3206e-02   2.5264e+01   3.2095e+00   0.0000e+00   6.0097e-06   4.5513e+02
20260116_12:00:00   9.9982e-02   2.6802e+01   4.2039e+00   0.0000e+00   8.1260e-06   4.3650e+02
20260116_13:00:00   1.0386e-01   2.7712e+01   4.6964e+00   0.0000e+00   1.2053e-05   4.0312e+02
20260116_14:00:00   1.0295e-01   2.7569e+01   4.5380e+00   0.0000e+00   1.2145e-05   3.7813e+02
20260116_15:00:00   9.8097e-02   2.6529e+01   3.8618e+00   0.0000e+00   6.1930e-06   3.7232e+02
20260116_16:00:00   8.9991e-02   2.4663e+01   2.9182e+00   0.0000e+00   0.0000e+00   3.5606e+02
20260116_17:00:00   8.4531e-02   2.3393e+01   2.3006e+00   0.0000e+00   0.0000e+00   3.5349e+02
20260116_18:00:00   8.3905e-02   2.3269e+01   2.3144e+00   0.0000e+00   0.0000e+00   3.5232e+02
20260116_19:00:00   8.5253e-02   2.3622e+01   2.5985e+00   0.0000e+00   4.9100e-06   3.4529e+02
20260116_20:00:00   8.7658e-02   2.4198e+01   2.9566e+00   0.0000e+00   1.1227e-03   3.4559e+02
20260116_21:00:00   9.1370e-02   2.5052e+01   3.5167e+00   0.0000e+00   7.3697e-03   3.4377e+02
20260116_22:00:00   9.5476e-02   2.6013e+01   4.1099e+00   0.0000e+00   2.9835e-03   3.4404e+02
20260116_23:00:00   9.9968e-02   2.7098e+01   4.6722e+00   0.0000e+00   1.6386e-05   3.4680e+02
20260117_00:00:00   1.0653e-01   2.8662e+01   5.5893e+00   0.0000e+00   2.1997e-03   3.5395e+02
20260117_01:00:00   1.1060e-01   2.9616e+01   6.1324e+00   0.0000e+00   5.0167e-03   3.5685e+02
20260117_02:00:00   1.1559e-01   3.0810e+01   6.7441e+00   0.0000e+00   3.5357e-03   3.5416e+02
20260117_03:00:00   1.2638e-01   3.3275e+01   7.9592e+00   0.0000e+00   2.7976e-02   3.4981e+02
20260117_04:00:00   1.3067e-01   3.4251e+01   8.5231e+00   0.0000e+00   3.2614e-02   3.4228e+02
20260117_05:00:00   1.2763e-01   3.3594e+01   8.2593e+00   0.0000e+00   1.9616e-02   3.3714e+02
20260117_06:00:00   1.3128e-01   3.4447e+01   8.6764e+00   0.0000e+00   3.9963e-02   3.3609e+02
20260117_07:00:00   1.3563e-01   3.5432e+01   9.2510e+00   0.0000e+00   1.1909e-01   3.3389e+02
20260117_08:00:00   1.4326e-01   3.7204e+01   1.0037e+01   0.0000e+00   2.9543e-01   3.3426e+02
20260117_09:00:00   1.5030e-01   3.8816e+01   1.0696e+01   0.0000e+00   4.6430e-01   3.3692e+02
20260117_10:00:00   1.5992e-01   4.1016e+01   1.1634e+01   0.0000e+00   5.0340e-01   3.3980e+02
20260117_11:00:00   1.6613e-01   4.2437e+01   1.2144e+01   0.0000e+00   5.6903e-01   3.4280e+02
20260117_12:00:00   1.6673e-01   4.2614e+01   1.2195e+01   0.0000e+00   4.2636e-01   3.4543e+02
20260117_13:00:00   1.6415e-01   4.2125e+01   1.1923e+01   0.0000e+00   7.1939e-02   3.5159e+02
20260117_14:00:00   1.7899e-01   4.5502e+01   1.2152e+01   1.4944e-02   3.0545e-02   3.5146e+02
20260117_15:00:00   2.1805e-01   5.4072e+01   1.2636e+01   5.4198e-02   2.3616e-01   3.5091e+02
20260117_16:00:00   1.7212e-01   4.3974e+01   1.2860e+01   1.0549e-03   2.8729e-01   3.5184e+02
20260117_17:00:00   1.7964e-01   4.5660e+01   1.3070e+01   6.1623e-03   6.5586e-01   3.5679e+02
20260117_18:00:00   1.9422e-01   4.8962e+01   1.3343e+01   1.8407e-02   8.2549e-01   3.6449e+02
20260117_19:00:00   2.7537e-01   6.6504e+01   1.2959e+01   1.1387e-01   5.4719e-01   3.7229e+02
20260117_20:00:00   2.9226e-01   6.9994e+01   1.2681e+01   1.3720e-01   1.9450e-01   3.8324e+02
20260117_21:00:00   3.7427e-01   8.6019e+01   1.0791e+01   2.4531e-01   4.9199e-02   3.9176e+02
20260117_22:00:00   2.5633e-01   6.2502e+01   1.0720e+01   1.1145e-01   1.1445e-01   3.9285e+02
20260117_23:00:00   1.5187e-01   3.9450e+01   1.0006e+01   5.1906e-04   1.2311e-01   3.9899e+02
20260118_00:00:00   1.4101e-01   3.7013e+01   8.7803e+00   5.8360e-04   1.8621e-03   4.0287e+02
20260118_01:00:00   1.4076e-01   3.6999e+01   8.0137e+00   7.7460e-03   1.1214e-04   4.0139e+02
20260118_02:00:00   1.3503e-01   3.5637e+01   7.7941e+00   3.6982e-03   7.2469e-05   3.9920e+02
20260118_03:00:00   1.2937e-01   3.4304e+01   7.5959e+00   0.0000e+00   1.0724e-05   3.9604e+02
20260118_04:00:00   1.2770e-01   3.3896e+01   7.5623e+00   0.0000e+00   9.1500e-05   3.9555e+02
20260118_05:00:00   1.2696e-01   3.3717e+01   7.5919e+00   0.0000e+00   1.5039e-03   3.9864e+02
20260118_06:00:00   1.2641e-01   3.3587e+01   7.6162e+00   0.0000e+00   4.7751e-03   3.9428e+02
20260118_07:00:00   1.2694e-01   3.3701e+01   7.6865e+00   0.0000e+00   2.7089e-02   3.8767e+02
20260118_08:00:00   1.2972e-01   3.4321e+01   8.0564e+00   0.0000e+00   2.8010e-02   3.9151e+02
20260118_09:00:00   1.3258e-01   3.4949e+01   8.4076e+00   0.0000e+00   3.3918e-02   3.9257e+02
20260118_10:00:00   1.3319e-01   3.5050e+01   8.5198e+00   0.0000e+00   9.4409e-03   3.9028e+02
20260118_11:00:00   1.3292e-01   3.4932e+01   8.6555e+00   0.0000e+00   3.9668e-03   3.9326e+02
20260118_12:00:00   1.3066e-01   3.4364e+01   8.3909e+00   0.0000e+00   2.8001e-03   3.9285e+02
20260118_13:00:00   1.2992e-01   3.4141e+01   8.2911e+00   0.0000e+00   7.0532e-02   3.8738e+02
20260118_14:00:00   1.3077e-01   3.4311e+01   8.3948e+00   0.0000e+00   7.9508e-02   3.9016e+02
20260118_15:00:00   1.3178e-01   3.4526e+01   8.5067e+00   0.0000e+00   1.5414e-01   3.9170e+02
20260118_16:00:00   1.3455e-01   3.5153e+01   8.7806e+00   2.2350e-04   2.2923e-01   4.0020e+02
20260118_17:00:00   1.3579e-01   3.5444e+01   8.8712e+00   1.0950e-03   1.9455e-01   4.0481e+02
20260118_18:00:00   1.4067e-01   3.6548e+01   8.7666e+00   7.2619e-03   2.1298e-01   4.0872e+02
20260118_19:00:00   1.3320e-01   3.4854e+01   8.4950e+00   1.4885e-03   2.0228e-01   4.0840e+02
20260118_20:00:00   1.3645e-01   3.5577e+01   9.0787e+00   0.0000e+00   2.5239e-01   4.1371e+02
20260118_21:00:00   1.3288e-01   3.4756e+01   8.7128e+00   0.0000e+00   1.9199e-01   4.0374e+02
20260118_22:00:00   1.2471e-01   3.2876e+01   7.7919e+00   0.0000e+00   9.8614e-02   3.9732e+02
20260118_23:00:00   1.1883e-01   3.1510e+01   7.0916e+00   0.0000e+00   1.3782e-01   3.9092e+02
20260119_00:00:00   1.1631e-01   3.0924e+01   6.8008e+00   0.0000e+00   1.5144e-01   3.8450e+02
20260119_01:00:00   1.1430e-01   3.0436e+01   6.4930e+00   0.0000e+00   2.2362e-01   3.8451e+02
20260119_02:00:00   1.1346e-01   3.0219e+01   6.3451e+00   0.0000e+00   2.3101e-01   3.7942e+02
20260119_03:00:00   1.0675e-01   2.8680e+01   5.3656e+00   0.0000e+00   1.3667e-01   3.7787e+02
20260119_04:00:00   1.0583e-01   2.8428e+01   5.1463e+00   0.0000e+00   1.6124e-01   3.7864e+02
20260119_05:00:00   9.7295e-02   2.6506e+01   3.6663e+00   0.0000e+00   2.1480e-06   3.7663e+02
20260119_06:00:00   9.6722e-02   2.6345e+01   3.7141e+00   0.0000e+00   7.5136e-05   3.7398e+02
20260119_07:00:00   9.8063e-02   2.6609e+01   4.0132e+00   0.0000e+00   3.6377e-04   3.7330e+02
20260119_08:00:00   9.7539e-02   2.6470e+01   3.9086e+00   0.0000e+00   0.0000e+00   3.8048e+02
20260119_09:00:00   9.9820e-02   2.6954e+01   4.3109e+00   0.0000e+00   4.0002e-03   3.8862e+02
20260119_10:00:00   1.0425e-01   2.7940e+01   4.9419e+00   0.0000e+00   2.3944e-02   3.8836e+02
20260119_11:00:00   1.0658e-01   2.8468e+01   5.1767e+00   0.0000e+00   2.7721e-02   3.9023e+02
20260119_12:00:00   1.1004e-01   2.9258e+01   5.5288e+00   0.0000e+00   4.7567e-02   3.9183e+02
20260119_13:00:00   1.1105e-01   2.9500e+01   5.5339e+00   0.0000e+00   1.4583e-03   3.8189e+02
20260119_14:00:00   1.1028e-01   2.9375e+01   5.3183e+00   0.0000e+00   1.6281e-05   3.7251e+02
20260119_15:00:00   1.0915e-01   2.9171e+01   5.0512e+00   0.0000e+00   1.6223e-05   3.6524e+02
20260119_16:00:00   1.0699e-01   2.8707e+01   4.7277e+00   1.7414e-04   8.1202e-04   3.6375e+02
20260119_17:00:00   1.0362e-01   2.7947e+01   4.2948e+00   5.3600e-04   1.7697e-03   3.6192e+02
20260119_18:00:00   1.0041e-01   2.7221e+01   4.0013e+00   1.9314e-05   1.7072e-03   3.5880e+02
20260119_19:00:00   1.0035e-01   2.7204e+01   4.0027e+00   0.0000e+00   3.7291e-04   3.5748e+02
20260119_20:00:00   1.0043e-01   2.7212e+01   4.0027e+00   0.0000e+00   1.7972e-04   3.5688e+02
20260119_21:00:00   1.0212e-01   2.7585e+01   4.2087e+00   0.0000e+00   6.0709e-04   3.5513e+02
20260119_22:00:00   1.0121e-01   2.7341e+01   4.1059e+00   0.0000e+00   9.7680e-06   3.5417e+02
20260119_23:00:00   1.0052e-01   2.7146e+01   4.0030e+00   0.0000e+00   1.0578e-04   3.5680e+02
20260120_00:00:00   9.9037e-02   2.6774e+01   3.7739e+00   0.0000e+00   7.3203e-05   3.6501e+02
20260120_01:00:00   1.0008e-01   2.6969e+01   3.8227e+00   0.0000e+00   1.7116e-04   3.7305e+02
20260120_02:00:00   1.0116e-01   2.7153e+01   3.8493e+00   0.0000e+00   1.9185e-03   3.7035e+02
20260120_03:00:00   9.9953e-02   2.6806e+01   3.6406e+00   0.0000e+00   2.2944e-03   3.7299e+02
20260120_04:00:00   9.8217e-02   2.6354e+01   3.4035e+00   0.0000e+00   8.9694e-04   3.7365e+02
20260120_05:00:00   9.7545e-02   2.6135e+01   3.3278e+00   0.0000e+00   1.7067e-04   3.7767e+02
20260120_06:00:00   9.6890e-02   2.5927e+01   3.2097e+00   0.0000e+00   3.9618e-04   3.8328e+02
20260120_07:00:00   9.4335e-02   2.5289e+01   2.8473e+00   0.0000e+00   2.1019e-05   3.9357e+02
20260120_08:00:00   9.2606e-02   2.4857e+01   2.5119e+00   0.0000e+00   6.1818e-05   3.9932e+02
20260120_09:00:00   9.2047e-02   2.4682e+01   2.3639e+00   0.0000e+00   1.7960e-05   4.0143e+02
20260120_10:00:00   9.3113e-02   2.4883e+01   2.4179e+00   0.0000e+00   6.6811e-04   4.0873e+02
20260120_11:00:00   9.4126e-02   2.5080e+01   2.5062e+00   0.0000e+00   2.1170e-03   4.3244e+02
20260120_12:00:00   9.4622e-02   2.5166e+01   2.5619e+00   0.0000e+00   2.2469e-03   4.6168e+02
20260120_15:00:00   9.2324e-02   2.4612e+01   2.3913e+00   0.0000e+00   0.0000e+00   4.8290e+02
20260120_18:00:00   9.6807e-02   2.5652e+01   2.7984e+00   1.3612e-03   5.1621e-03   4.7321e+02
20260120_21:00:00   9.7430e-02   2.5726e+01   2.9643e+00   0.0000e+00   4.9772e-04   4.9467e+02
20260121_00:00:00   9.6954e-02   2.5539e+01   2.7764e+00   0.0000e+00   6.7373e-04   4.8816e+02
20260121_03:00:00   1.0176e-01   2.6613e+01   3.0937e+00   0.0000e+00   3.4208e-02   4.7917e+02
20260121_06:00:00   9.4038e-02   2.4774e+01   2.1842e+00   0.0000e+00   6.7990e-05   4.8201e+02
20260121_09:00:00   8.6917e-02   2.3111e+01   1.2883e+00   0.0000e+00   0.0000e+00   4.7468e+02
20260121_12:00:00   8.6018e-02   2.2920e+01   1.1860e+00   0.0000e+00   0.0000e+00   4.6164e+02
20260121_15:00:00   8.6816e-02   2.3168e+01   1.4153e+00   0.0000e+00   0.0000e+00   4.5837e+02
20260121_18:00:00   9.1552e-02   2.4331e+01   2.2039e+00   0.0000e+00   2.6276e-04   4.6025e+02
20260121_21:00:00   9.9931e-02   2.6310e+01   3.3748e+00   0.0000e+00   3.5334e-04   4.5822e+02
20260122_00:00:00   1.0660e-01   2.7918e+01   4.3010e+00   0.0000e+00   1.4248e-02   4.5026e+02
20260122_03:00:00   1.1299e-01   2.9461e+01   5.1219e+00   0.0000e+00   7.3926e-02   4.4583e+02
20260122_06:00:00   1.2168e-01   3.1605e+01   6.1890e+00   0.0000e+00   6.2150e-02   4.1395e+02
20260122_09:00:00   1.2454e-01   3.2450e+01   6.7841e+00   0.0000e+00   3.1342e-02   3.9338e+02
20260122_12:00:00   1.2246e-01   3.2130e+01   6.9777e+00   0.0000e+00   8.9999e-03   3.7873e+02
20260122_15:00:00   1.2300e-01   3.2317e+01   7.2825e+00   0.0000e+00   1.5375e-02   3.4261e+02
20260122_18:00:00   1.1897e-01   3.1535e+01   6.8298e+00   0.0000e+00   1.9782e-02   3.2752e+02
20260122_21:00:00   1.2042e-01   3.1998e+01   7.0830e+00   0.0000e+00   9.6024e-03   3.2086e+02
20260123_00:00:00   1.2521e-01   3.3105e+01   8.0436e+00   0.0000e+00   1.3490e-02   3.1088e+02
20260123_03:00:00   1.5833e-01   4.0635e+01   1.2154e+01   0.0000e+00   1.9165e-01   3.1352e+02
20260123_06:00:00   1.7582e-01   4.4579e+01   1.3882e+01   0.0000e+00   5.8958e-01   3.0044e+02
20260123_09:00:00   1.8512e-01   4.6840e+01   1.4994e+01   0.0000e+00   5.6355e-01   2.9074e+02
20260123_12:00:00   5.9570e-01   1.2225e+02   1.7236e+01   4.3861e-01   8.3999e-01   2.8950e+02
20260123_15:00:00   9.6723e-01   1.6993e+02   1.9074e+01   8.4576e-01   2.9763e-01   2.9190e+02
20260123_18:00:00   4.1333e-01   9.3983e+01   1.6765e+01   2.4218e-01   5.2284e-03   2.8852e+02
20260123_21:00:00   1.8115e-01   4.6829e+01   1.4968e+01   1.8844e-03   7.2999e-02   2.8666e+02
20260124_00:00:00   2.1079e-01   5.3284e+01   1.6326e+01   2.1083e-02   1.9692e-01   2.9130e+02
20260124_03:00:00   1.9905e-01   5.0420e+01   1.7098e+01   0.0000e+00   2.3877e-01   2.9579e+02
20260124_06:00:00   1.4674e-01   3.8568e+01   1.0782e+01   0.0000e+00   5.0418e-02   3.0519e+02
20260124_09:00:00   8.9498e-02   2.4937e+01   3.0885e+00   0.0000e+00   1.0166e-02   3.2282e+02
20260124_12:00:00   8.6006e-02   2.3994e+01   2.6201e+00   0.0000e+00   2.5122e-03   3.2679e+02
20260124_15:00:00   9.2282e-02   2.5432e+01   3.4356e+00   0.0000e+00   7.3756e-03   3.2818e+02
20260124_18:00:00   9.8036e-02   2.6784e+01   4.1392e+00   0.0000e+00   2.4455e-02   3.2288e+02
20260124_21:00:00   1.0392e-01   2.8124e+01   4.8823e+00   0.0000e+00   2.9174e-02   3.1026e+02
20260125_00:00:00   1.0782e-01   2.8942e+01   5.4059e+00   0.0000e+00   8.1292e-02   3.2651e+02
20260125_03:00:00   1.1954e-01   3.1548e+01   6.8218e+00   0.0000e+00   1.6460e-01   3.4305e+02
20260125_06:00:00   1.2005e-01   3.1594e+01   6.7429e+00   0.0000e+00   1.4937e-01   3.6104e+02
20260125_09:00:00   1.2005e-01   3.1435e+01   6.4873e+00   0.0000e+00   1.0929e-01   3.6379e+02
20260125_12:00:00   1.1278e-01   2.9585e+01   5.3349e+00   0.0000e+00   1.3071e-01   3.7857e+02
20260125_15:00:00   1.0470e-01   2.7525e+01   4.0938e+00   0.0000e+00   2.2232e-01   3.5904e+02
20260125_18:00:00   1.0447e-01   2.7331e+01   3.7961e+00   0.0000e+00   1.7857e-01   3.7069e+02
20260125_21:00:00   9.8301e-02   2.5827e+01   2.8688e+00   0.0000e+00   1.5552e-03   3.8970e+02
20260126_00:00:00   9.4362e-02   2.4785e+01   2.1644e+00   0.0000e+00   2.8523e-05   4.0307e+02
20260126_03:00:00   9.3323e-02   2.4405e+01   1.8611e+00   0.0000e+00   1.1955e-02   4.1826e+02
20260126_06:00:00   9.1192e-02   2.3834e+01   1.5016e+00   1.3860e-06   7.6993e-03   4.1386e+02
20260126_09:00:00   8.7676e-02   2.3042e+01   1.0839e+00   0.0000e+00   5.2406e-06   4.0786e+02
20260126_12:00:00   8.9049e-02   2.3401e+01   1.3169e+00   0.0000e+00   1.7188e-06   4.0030e+02
20260126_15:00:00   9.1025e-02   2.3941e+01   1.6387e+00   0.0000e+00   0.0000e+00   3.8875e+02
20260126_18:00:00   9.4542e-02   2.4874e+01   2.1732e+00   9.8220e-06   1.3253e-03   3.8449e+02
20260126_21:00:00   9.6650e-02   2.5488e+01   2.4987e+00   0.0000e+00   4.9186e-04   3.7473e+02
20260127_00:00:00   9.9179e-02   2.6214e+01   2.9163e+00   0.0000e+00   9.4364e-04   3.7651e+02
20260127_03:00:00   9.8429e-02   2.6116e+01   2.9707e+00   0.0000e+00   1.0582e-05   3.6226e+02
20260127_06:00:00   1.0050e-01   2.6641e+01   3.3958e+00   0.0000e+00   9.2280e-06   3.5453e+02
20260127_09:00:00   9.8872e-02   2.6362e+01   3.2844e+00   0.0000e+00   2.0915e-05   3.4879e+02
20260127_12:00:00   9.6182e-02   2.5813e+01   3.1449e+00   0.0000e+00   1.1251e-03   3.4545e+02
20260127_15:00:00   1.0061e-01   2.6906e+01   3.9830e+00   0.0000e+00   9.1401e-03   3.4283e+02
20260127_18:00:00   1.1120e-01   2.9427e+01   5.6560e+00   0.0000e+00   1.7495e-02   3.3335e+02
20260127_21:00:00   1.2533e-01   3.2729e+01   7.7018e+00   0.0000e+00   6.7172e-02   3.2563e+02
20260128_00:00:00   1.4275e-01   3.6741e+01   9.7411e+00   0.0000e+00   5.4641e-01   3.1943e+02
20260128_03:00:00   1.5357e-01   3.9249e+01   1.0756e+01   0.0000e+00   5.7325e-01   3.1994e+02
20260128_06:00:00   1.5775e-01   4.0278e+01   1.1415e+01   0.0000e+00   4.7831e-01   3.2165e+02
20260128_09:00:00   1.6767e-01   4.2647e+01   1.2606e+01   0.0000e+00   7.5051e-01   3.2534e+02
20260128_12:00:00   5.5071e-01   1.1446e+02   1.5142e+01   4.0533e-01   9.1810e-01   3.3029e+02
20260128_15:00:00   9.3307e-01   1.6529e+02   1.7405e+01   8.1649e-01   5.4527e-01   3.3970e+02
20260128_18:00:00   6.0433e-01   1.2515e+02   1.6059e+01   4.6361e-01   1.0902e-03   3.3897e+02
20260128_21:00:00   3.4069e-01   8.0143e+01   1.1070e+01   2.1293e-01   3.2796e-04   3.3954e+02
20260129_00:00:00   1.5211e-01   4.0160e+01   9.5124e+00   1.4660e-02   6.9819e-04   3.4573e+02
20260129_03:00:00   1.3577e-01   3.6238e+01   9.3527e+00   0.0000e+00   4.2705e-04   3.3954e+02
20260129_06:00:00   1.3440e-01   3.5783e+01   9.1718e+00   0.0000e+00   7.8069e-04   3.3875e+02
20260129_09:00:00   1.4221e-01   3.7392e+01   1.0086e+01   0.0000e+00   8.2616e-02   3.5132e+02
20260129_12:00:00   1.4231e-01   3.7249e+01   9.6345e+00   9.2380e-04   4.1719e-02   3.8743e+02
20260129_15:00:00   1.4391e-01   3.7450e+01   9.4420e+00   7.4840e-04   6.8502e-02   3.9258e+02
20260129_18:00:00   1.3124e-01   3.4473e+01   7.8421e+00   8.1760e-05   8.5637e-04   3.7916e+02
20260129_21:00:00   1.1866e-01   3.1512e+01   6.1987e+00   0.0000e+00   1.7149e-05   3.9494e+02
20260130_00:00:00   1.2064e-01   3.1782e+01   6.2337e+00   0.0000e+00   8.8496e-04   4.0968e+02
20260130_03:00:00   1.0818e-01   2.8597e+01   4.6358e+00   0.0000e+00   2.0981e-03   4.2395e+02
20260130_06:00:00   1.0081e-01   2.6765e+01   3.7074e+00   0.0000e+00   1.6912e-02   4.4069e+02
20260130_09:00:00   1.0663e-01   2.8147e+01   4.4150e+00   0.0000e+00   3.4067e-05   4.6173e+02
20260130_12:00:00   1.0913e-01   2.8736e+01   4.7761e+00   0.0000e+00   1.7676e-04   4.5603e+02
20260130_15:00:00   1.0986e-01   2.8866e+01   4.8390e+00   0.0000e+00   3.5771e-04   4.5183e+02
20260130_18:00:00   1.0912e-01   2.8728e+01   4.7448e+00   0.0000e+00   4.3517e-04   4.6417e+02
20260130_21:00:00   1.0578e-01   2.8023e+01   4.1618e+00   0.0000e+00   6.6385e-04   4.8028e+02
20260131_00:00:00   9.6665e-02   2.5808e+01   3.0902e+00   0.0000e+00   7.4010e-03   4.6780e+02
20260131_03:00:00   1.0228e-01   2.6995e+01   3.7909e+00   0.0000e+00   8.6748e-03   4.7770e+02
20260131_06:00:00   9.8885e-02   2.6199e+01   3.2768e+00   0.0000e+00   6.9708e-05   4.7722e+02
20260131_09:00:00   9.8481e-02   2.6222e+01   3.2233e+00   0.0000e+00   2.4029e-06   4.4526e+02
20260131_12:00:00   1.0278e-01   2.7327e+01   4.2057e+00   0.0000e+00   2.1208e-05   4.2446e+02
