#            date       tau255        Tb[K]      pwv[mm] lwp[kg*m^-2] iwp[kg*m^-2]       o3[DU]
20260211_12:00:00   1.2115e-01   3.2501e+01   6.8500e+00   0.0000e+00   1.3705e-05   3.7418e+02
20260211_13:00:00   1.2560e-01   3.3446e+01   7.5285e+00   0.0000e+00   1.4116e-05   3.7676e+02
20260211_14:00:00   1.2908e-01   3.4189e+01   7.9911e+00   0.0000e+00   1.5507e-05   3.7991e+02
20260211_15:00:00   1.3087e-01   3.4564e+01   8.1441e+00   0.0000e+00   1.7883e-05   3.8315e+02
20260211_16:00:00   1.3267e-01   3.4962e+01   8.3210e+00   0.0000e+00   2.0333e-05   3.8493e+02
20260211_17:00:00   1.3413e-01   3.5271e+01   8.5077e+00   0.0000e+00   2.3034e-05   3.8434e+02
20260211_18:00:00   1.3641e-01   3.5766e+01   8.6236e+00   8.5700e-04   7.5209e-04   3.9267e+02
20260211_19:00:00   1.3474e-01   3.5367e+01   8.4792e+00   9.8220e-06   1.0066e-03   3.9626e+02
20260211_20:00:00   1.3337e-01   3.5017e+01   8.3256e+00   6.3440e-05   2.4739e-03   4.0409e+02
20260211_21:00:00   1.3168e-01   3.4594e+01   8.1651e+00   0.0000e+00   9.2805e-03   4.0615e+02
20260211_22:00:00   1.3038e-01   3.4272e+01   7.9720e+00   0.0000e+00   2.2493e-02   4.0823e+02
20260211_23:00:00   1.2724e-01   3.3511e+01   7.5671e+00   0.0000e+00   2.3024e-02   4.1022e+02
20260212_00:00:00   1.2702e-01   3.3392e+01   7.6247e+00   0.0000e+00   7.6832e-03   4.1028e+02
20260212_01:00:00   1.2839e-01   3.3627e+01   7.7476e+00   0.0000e+00   6.6015e-03   4.0783e+02
20260212_02:00:00   1.2620e-01   3.3027e+01   7.4858e+00   0.0000e+00   1.1146e-02   4.0235e+02
20260212_03:00:00   1.1937e-01   3.1402e+01   6.7405e+00   0.0000e+00   7.4819e-03   4.0310e+02
20260212_04:00:00   1.1860e-01   3.1213e+01   6.6203e+00   0.0000e+00   8.6749e-05   4.0508e+02
20260212_05:00:00   1.1922e-01   3.1370e+01   6.6247e+00   0.0000e+00   1.5313e-04   4.0407e+02
20260212_06:00:00   1.1910e-01   3.1362e+01   6.5662e+00   0.0000e+00   1.1837e-04   4.0057e+02
20260212_07:00:00   1.2114e-01   3.1838e+01   6.8224e+00   0.0000e+00   8.4348e-04   3.9984e+02
20260212_08:00:00   1.2245e-01   3.2151e+01   6.9830e+00   0.0000e+00   1.6482e-03   3.9980e+02
20260212_09:00:00   1.2346e-01   3.2404e+01   7.0697e+00   0.0000e+00   4.5897e-03   4.0069e+02
20260212_10:00:00   1.2416e-01   3.2557e+01   7.1671e+00   0.0000e+00   6.5460e-03   3.9984e+02
20260212_11:00:00   1.2474e-01   3.2695e+01   7.2524e+00   0.0000e+00   2.7008e-03   3.9826e+02
20260212_12:00:00   1.2456e-01   3.2650e+01   7.2019e+00   0.0000e+00   4.6904e-03   3.9820e+02
20260212_13:00:00   1.2348e-01   3.2412e+01   7.0503e+00   0.0000e+00   2.3134e-03   3.9836e+02
20260212_14:00:00   1.2194e-01   3.2079e+01   6.8447e+00   0.0000e+00   9.3777e-04   4.0248e+02
20260212_15:00:00   1.2170e-01   3.2051e+01   6.7851e+00   0.0000e+00   9.0150e-04   4.0583e+02
20260212_16:00:00   1.2203e-01   3.2149e+01   6.7717e+00   0.0000e+00   1.6908e-03   4.0435e+02
20260212_17:00:00   1.2263e-01   3.2313e+01   6.7700e+00   0.0000e+00   1.2543e-03   3.9813e+02
20260212_18:00:00   1.2143e-01   3.2067e+01   6.5755e+00   0.0000e+00   4.0068e-04   3.9758e+02
20260212_19:00:00   1.2079e-01   3.1941e+01   6.4620e+00   9.8220e-06   1.3736e-04   3.9688e+02
20260212_20:00:00   1.2014e-01   3.1809e+01   6.3598e+00   0.0000e+00   3.3205e-04   3.9547e+02
20260212_21:00:00   1.1968e-01   3.1709e+01   6.2793e+00   0.0000e+00   5.3346e-04   3.9515e+02
20260212_22:00:00   1.1759e-01   3.1204e+01   6.0181e+00   0.0000e+00   3.2289e-04   3.9956e+02
20260212_23:00:00   1.1573e-01   3.0741e+01   5.7990e+00   0.0000e+00   1.0431e-05   4.0154e+02
20260213_00:00:00   1.1364e-01   3.0228e+01   5.5698e+00   0.0000e+00   8.6102e-06   4.0574e+02
20260213_01:00:00   1.1173e-01   2.9767e+01   5.3599e+00   0.0000e+00   6.4461e-06   4.0966e+02
20260213_02:00:00   1.0893e-01   2.9097e+01   5.0410e+00   0.0000e+00   4.5470e-06   4.0958e+02
20260213_03:00:00   1.0614e-01   2.8429e+01   4.7138e+00   0.0000e+00   2.0429e-06   4.1009e+02
20260213_04:00:00   1.0039e-01   2.7073e+01   3.9728e+00   0.0000e+00   1.5299e-06   4.0710e+02
20260213_05:00:00   9.4776e-02   2.5747e+01   3.2209e+00   0.0000e+00   7.7157e-05   4.1144e+02
20260213_06:00:00   9.2397e-02   2.5181e+01   2.8960e+00   0.0000e+00   9.6415e-05   4.1204e+02
20260213_07:00:00   9.1299e-02   2.4923e+01   2.7569e+00   0.0000e+00   2.5060e-05   4.0649e+02
20260213_08:00:00   9.0758e-02   2.4792e+01   2.6943e+00   0.0000e+00   4.0511e-06   4.0330e+02
20260213_09:00:00   9.0447e-02   2.4717e+01   2.6457e+00   0.0000e+00   9.1081e-06   4.0812e+02
20260213_10:00:00   9.0726e-02   2.4780e+01   2.6812e+00   0.0000e+00   3.6728e-05   4.2050e+02
20260213_11:00:00   9.1727e-02   2.5011e+01   2.8035e+00   0.0000e+00   1.0085e-04   4.3934e+02
20260213_12:00:00   9.2598e-02   2.5209e+01   2.9299e+00   0.0000e+00   1.0548e-03   4.4355e+02
20260213_13:00:00   9.3881e-02   2.5505e+01   3.1094e+00   0.0000e+00   1.4607e-03   4.4531e+02
20260213_14:00:00   9.6478e-02   2.6106e+01   3.4616e+00   0.0000e+00   1.2098e-03   4.4791e+02
20260213_15:00:00   1.0018e-01   2.6982e+01   3.9257e+00   0.0000e+00   2.4797e-05   4.5107e+02
20260213_16:00:00   1.0194e-01   2.7417e+01   4.1449e+00   0.0000e+00   4.1140e-06   4.4818e+02
20260213_17:00:00   1.0376e-01   2.7869e+01   4.3489e+00   0.0000e+00   3.8620e-06   4.4548e+02
20260213_18:00:00   1.0617e-01   2.8452e+01   4.6251e+00   0.0000e+00   1.6316e-05   4.4900e+02
20260213_19:00:00   1.0960e-01   2.9276e+01   4.9991e+00   0.0000e+00   1.6316e-05   4.4851e+02
20260213_20:00:00   1.1063e-01   2.9535e+01   5.1039e+00   0.0000e+00   1.2503e-05   4.5000e+02
20260213_21:00:00   1.1095e-01   2.9622e+01   5.1478e+00   0.0000e+00   1.9352e-05   4.4774e+02
20260213_22:00:00   1.1028e-01   2.9477e+01   5.0430e+00   0.0000e+00   1.4697e-05   4.4107e+02
20260213_23:00:00   1.0664e-01   2.8600e+01   4.6188e+00   0.0000e+00   3.3829e-06   4.5201e+02
20260214_00:00:00   1.0071e-01   2.7169e+01   3.9923e+00   0.0000e+00   9.2202e-06   4.5628e+02
20260214_01:00:00   1.0295e-01   2.7700e+01   4.2824e+00   0.0000e+00   7.4640e-06   4.6142e+02
20260214_02:00:00   1.0382e-01   2.7903e+01   4.4163e+00   0.0000e+00   4.5060e-05   4.6362e+02
20260214_03:00:00   1.0457e-01   2.8063e+01   4.5869e+00   0.0000e+00   1.1172e-03   4.6178e+02
20260214_04:00:00   1.0545e-01   2.8255e+01   4.7737e+00   0.0000e+00   3.3468e-03   4.5835e+02
20260214_05:00:00   1.0613e-01   2.8410e+01   4.8741e+00   0.0000e+00   5.2899e-03   4.5473e+02
20260214_06:00:00   1.0756e-01   2.8739e+01   5.0692e+00   0.0000e+00   8.9140e-03   4.5060e+02
20260214_07:00:00   1.0990e-01   2.9292e+01   5.3794e+00   0.0000e+00   1.5332e-02   4.5299e+02
20260214_08:00:00   1.1459e-01   3.0392e+01   5.9510e+00   0.0000e+00   4.8251e-02   4.6156e+02
20260214_09:00:00   1.2469e-01   3.2729e+01   7.0413e+00   0.0000e+00   2.4897e-01   4.6431e+02
20260214_10:00:00   1.4101e-01   3.6524e+01   8.6671e+00   0.0000e+00   4.5499e-01   4.6291e+02
20260214_11:00:00   1.3981e-01   3.6244e+01   8.6063e+00   0.0000e+00   2.9129e-01   4.6056e+02
20260214_12:00:00   1.3767e-01   3.5750e+01   8.3866e+00   0.0000e+00   1.7396e-01   4.6278e+02
20260214_13:00:00   1.3445e-01   3.5037e+01   8.0118e+00   0.0000e+00   6.6319e-02   4.6227e+02
20260214_14:00:00   1.3133e-01   3.4365e+01   7.6576e+00   0.0000e+00   4.4626e-03   4.5851e+02
20260214_15:00:00   1.2809e-01   3.3689e+01   7.2702e+00   0.0000e+00   2.1349e-05   4.5676e+02
20260214_16:00:00   1.2621e-01   3.3315e+01   7.0106e+00   0.0000e+00   5.6057e-05   4.5679e+02
20260214_17:00:00   1.2709e-01   3.3566e+01   7.0781e+00   1.4732e-04   1.9486e-04   4.5589e+02
20260214_18:00:00   1.2826e-01   3.3872e+01   7.2312e+00   1.0695e-04   4.0639e-04   4.5613e+02
20260214_19:00:00   1.2952e-01   3.4185e+01   7.3750e+00   6.1560e-05   3.5335e-04   4.5195e+02
20260214_20:00:00   1.3021e-01   3.4376e+01   7.4535e+00   1.9314e-05   1.3909e-04   4.4135e+02
20260214_21:00:00   1.2861e-01   3.4054e+01   7.2644e+00   0.0000e+00   1.3412e-05   4.3891e+02
20260214_22:00:00   1.2732e-01   3.3777e+01   7.1354e+00   0.0000e+00   1.4276e-05   4.3659e+02
20260214_23:00:00   1.2381e-01   3.2986e+01   6.7997e+00   0.0000e+00   1.0679e-05   4.2933e+02
20260215_00:00:00   1.2223e-01   3.2631e+01   6.6910e+00   0.0000e+00   1.1470e-05   4.3076e+02
20260215_01:00:00   1.2064e-01   3.2276e+01   6.5794e+00   0.0000e+00   7.1140e-06   4.2809e+02
20260215_02:00:00   1.2155e-01   3.2476e+01   6.7606e+00   0.0000e+00   7.6319e-06   4.1756e+02
20260215_03:00:00   1.2094e-01   3.2322e+01   6.7624e+00   0.0000e+00   2.6779e-05   4.1674e+02
20260215_04:00:00   1.2029e-01   3.2167e+01   6.7817e+00   0.0000e+00   4.3677e-03   4.1815e+02
20260215_05:00:00   1.2124e-01   3.2390e+01   6.9196e+00   0.0000e+00   1.4612e-02   4.2045e+02
20260215_06:00:00   1.2131e-01   3.2414e+01   6.9071e+00   0.0000e+00   1.5311e-02   4.2023e+02
20260215_07:00:00   1.2193e-01   3.2537e+01   7.0028e+00   0.0000e+00   1.0509e-02   4.1717e+02
20260215_08:00:00   1.2094e-01   3.2307e+01   6.9482e+00   0.0000e+00   4.2508e-03   4.1587e+02
20260215_09:00:00   1.1986e-01   3.2067e+01   6.8261e+00   0.0000e+00   1.9131e-03   4.1348e+02
20260215_10:00:00   1.1918e-01   3.1915e+01   6.8098e+00   0.0000e+00   3.2665e-04   4.1220e+02
20260215_11:00:00   1.2000e-01   3.2108e+01   6.9758e+00   0.0000e+00   6.6670e-06   4.1091e+02
20260215_12:00:00   1.1977e-01   3.2067e+01   6.9228e+00   0.0000e+00   8.1240e-06   4.0612e+02
20260215_13:00:00   1.2028e-01   3.2213e+01   6.9762e+00   0.0000e+00   1.8015e-05   4.0020e+02
20260215_14:00:00   1.2711e-01   3.3817e+01   7.8841e+00   0.0000e+00   1.3330e-03   3.9781e+02
20260215_15:00:00   1.3435e-01   3.5528e+01   8.7983e+00   0.0000e+00   1.0176e-03   3.9722e+02
20260215_16:00:00   1.4543e-01   3.8101e+01   9.8533e+00   3.1575e-03   3.0515e-03   3.9792e+02
20260215_17:00:00   1.7085e-01   4.3936e+01   1.0241e+01   2.7551e-02   1.9999e-03   3.9816e+02
20260215_18:00:00   1.8329e-01   4.6811e+01   9.8298e+00   4.4763e-02   3.7650e-03   3.9785e+02
20260215_19:00:00   1.6322e-01   4.2336e+01   9.7098e+00   2.3049e-02   9.3994e-03   4.0246e+02
20260215_20:00:00   1.4747e-01   3.8726e+01   1.0033e+01   2.5773e-03   9.3759e-03   4.0589e+02
20260215_21:00:00   1.4717e-01   3.8665e+01   1.0317e+01   0.0000e+00   8.2772e-03   4.0821e+02
20260215_22:00:00   1.4711e-01   3.8684e+01   1.0269e+01   1.9380e-05   8.0524e-03   4.1577e+02
20260215_23:00:00   1.4887e-01   3.9106e+01   1.0340e+01   3.5500e-04   6.6226e-03   4.2165e+02
20260216_00:00:00   1.5165e-01   3.9738e+01   1.0530e+01   6.5700e-04   3.4979e-03   4.2394e+02
20260216_01:00:00   1.5370e-01   4.0195e+01   1.0622e+01   1.2876e-03   1.6359e-03   4.2453e+02
20260216_02:00:00   1.5512e-01   4.0530e+01   1.0598e+01   2.8873e-03   3.5883e-04   4.2526e+02
20260216_03:00:00   1.5887e-01   4.1361e+01   1.0801e+01   4.9676e-03   7.0462e-04   4.2795e+02
20260216_04:00:00   1.6085e-01   4.1783e+01   1.0926e+01   5.6707e-03   5.6987e-03   4.3224e+02
20260216_05:00:00   1.7371e-01   4.4694e+01   1.1015e+01   1.8876e-02   2.4570e-02   4.3481e+02
20260216_06:00:00   1.9310e-01   4.9053e+01   1.0868e+01   4.1881e-02   6.4827e-03   4.3589e+02
20260216_07:00:00   1.9728e-01   4.9978e+01   1.0595e+01   4.8528e-02   1.1299e-03   4.3921e+02
20260216_08:00:00   1.8865e-01   4.8018e+01   1.0373e+01   4.0083e-02   1.2441e-03   4.3781e+02
20260216_09:00:00   2.1327e-01   5.3395e+01   1.0048e+01   6.9519e-02   2.3755e-03   4.4002e+02
20260216_10:00:00   2.3168e-01   5.7282e+01   9.6225e+00   9.3038e-02   5.9977e-03   4.4232e+02
20260216_11:00:00   2.7931e-01   6.7080e+01   9.2720e+00   1.4922e-01   8.1408e-03   4.4768e+02
20260216_12:00:00   2.5716e-01   6.2558e+01   8.9261e+00   1.2746e-01   1.7632e-02   4.4936e+02
20260216_15:00:00   2.4002e-01   5.9042e+01   7.7291e+00   1.2078e-01   9.0659e-03   4.3663e+02
20260216_18:00:00   2.7536e-01   6.6366e+01   7.3298e+00   1.6405e-01   2.9819e-03   4.3566e+02
20260216_21:00:00   1.4644e-01   3.8398e+01   7.3332e+00   1.9609e-02   8.6371e-04   4.3669e+02
20260217_00:00:00   1.2143e-01   3.2583e+01   6.2994e+00   1.2561e-04   5.0980e-06   4.3888e+02
20260217_03:00:00   1.0786e-01   2.9264e+01   4.7752e+00   0.0000e+00   5.6345e-06   4.3201e+02
20260217_06:00:00   1.0210e-01   2.7837e+01   4.1206e+00   0.0000e+00   6.4605e-06   4.3544e+02
20260217_09:00:00   9.9293e-02   2.7159e+01   3.8127e+00   0.0000e+00   3.4790e-05   4.4114e+02
20260217_12:00:00   9.9441e-02   2.7191e+01   4.0057e+00   0.0000e+00   2.7500e-08   4.4585e+02
20260217_15:00:00   1.1464e-01   3.0786e+01   6.2377e+00   0.0000e+00   0.0000e+00   4.3024e+02
20260217_18:00:00   1.3172e-01   3.4949e+01   8.3696e+00   0.0000e+00   8.1570e-06   4.1525e+02
20260217_21:00:00   1.4574e-01   3.8322e+01   1.0320e+01   0.0000e+00   1.0760e-05   4.1272e+02
20260218_00:00:00   1.4735e-01   3.8712e+01   1.0917e+01   0.0000e+00   2.5882e-02   3.9011e+02
20260218_03:00:00   1.6577e-01   4.2833e+01   1.3211e+01   0.0000e+00   3.9730e-01   3.8731e+02
20260218_06:00:00   1.7276e-01   4.4455e+01   1.4111e+01   9.6560e-06   3.4789e-01   3.8282e+02
20260218_09:00:00   1.6119e-01   4.1905e+01   1.2935e+01   0.0000e+00   9.3820e-02   3.8536e+02
20260218_12:00:00   1.7580e-01   4.5213e+01   1.4389e+01   0.0000e+00   2.9388e-01   3.9264e+02
20260218_15:00:00   2.1015e-01   5.2722e+01   1.6106e+01   1.7700e-02   4.7588e-01   3.9465e+02
20260218_18:00:00   3.8192e-01   8.7628e+01   1.6222e+01   2.1084e-01   5.5397e-01   4.0558e+02
20260218_21:00:00   9.3621e-01   1.6524e+02   1.6195e+01   8.3365e-01   3.1391e-01   4.1092e+02
20260219_00:00:00   7.9305e-01   1.4895e+02   1.6407e+01   6.6806e-01   6.2338e-01   4.2000e+02
20260219_03:00:00   4.6615e-01   1.0148e+02   1.5212e+01   3.1077e-01   4.8734e-01   4.2878e+02
20260219_06:00:00   3.3789e-01   7.8559e+01   1.3795e+01   1.8098e-01   6.6716e-02   4.2091e+02
20260219_09:00:00   3.4131e-01   7.9104e+01   1.3299e+01   1.8976e-01   4.7639e-02   4.2206e+02
20260219_12:00:00   3.3875e-01   7.8492e+01   1.2879e+01   1.9104e-01   8.5153e-02   4.4338e+02
20260219_15:00:00   2.6166e-01   6.3311e+01   1.2653e+01   1.0723e-01   2.0547e-02   4.4339e+02
20260219_18:00:00   3.0228e-01   7.1526e+01   1.2656e+01   1.5314e-01   4.8490e-02   4.3844e+02
20260219_21:00:00   3.8625e-01   8.7234e+01   1.2161e+01   2.5152e-01   9.8113e-02   4.3457e+02
20260220_00:00:00   3.7203e-01   8.4632e+01   1.2159e+01   2.3406e-01   1.4594e-01   4.1619e+02
20260220_03:00:00   3.3705e-01   7.8100e+01   1.2418e+01   1.9278e-01   2.2691e-01   4.3213e+02
20260220_06:00:00   2.6130e-01   6.3192e+01   1.3153e+01   1.0368e-01   9.3201e-02   4.4238e+02
20260220_09:00:00   3.4693e-01   8.0191e+01   1.3908e+01   1.9197e-01   1.6405e-01   4.4062e+02
20260220_12:00:00   2.4011e-01   5.8896e+01   1.5439e+01   5.9223e-02   4.6905e-01   4.4076e+02
20260220_15:00:00   3.1313e-01   7.3543e+01   1.5499e+01   1.4059e-01   5.4177e-01   4.4760e+02
20260220_18:00:00   9.2187e-01   1.6311e+02   1.5641e+01   8.2065e-01   3.9912e-01   4.3637e+02
20260220_21:00:00   7.5397e-01   1.4322e+02   1.5263e+01   6.3292e-01   5.1647e-01   4.0024e+02
20260221_00:00:00   4.0417e-01   9.0981e+01   1.6144e+01   2.3448e-01   5.5339e-01   4.0708e+02
20260221_03:00:00   2.9154e-01   6.9761e+01   1.6226e+01   1.0710e-01   4.3919e-01   4.1252e+02
20260221_06:00:00   2.8082e-01   6.7613e+01   1.6083e+01   9.7181e-02   2.9998e-01   4.1759e+02
20260221_09:00:00   3.5460e-01   8.1872e+01   1.5803e+01   1.8379e-01   4.0560e-01   4.2091e+02
20260221_12:00:00   1.9212e-01   4.8642e+01   1.4876e+01   1.1694e-02   4.2999e-02   4.2067e+02
20260221_15:00:00   2.2740e-01   5.6344e+01   1.5025e+01   4.9041e-02   2.1514e-01   4.1233e+02
20260221_18:00:00   2.4724e-01   6.0556e+01   1.5455e+01   6.7469e-02   4.5556e-01   4.0414e+02
20260221_21:00:00   2.1227e-01   5.3056e+01   1.4995e+01   3.3566e-02   1.8272e-02   4.0825e+02
20260222_00:00:00   1.8991e-01   4.8126e+01   1.4828e+01   9.1454e-03   4.7696e-02   4.1192e+02
20260222_03:00:00   1.8445e-01   4.6806e+01   1.3928e+01   1.0406e-02   1.0159e-01   4.1342e+02
20260222_06:00:00   1.7162e-01   4.3891e+01   1.3496e+01   0.0000e+00   1.8652e-01   4.0457e+02
20260222_09:00:00   1.4364e-01   3.7526e+01   1.0567e+01   0.0000e+00   2.2247e-01   3.9709e+02
20260222_12:00:00   1.2355e-01   3.2806e+01   8.1278e+00   0.0000e+00   1.2433e-01   3.9570e+02
20260222_15:00:00   1.1874e-01   3.1694e+01   7.4156e+00   0.0000e+00   1.7360e-02   3.9609e+02
20260222_18:00:00   1.1597e-01   3.1069e+01   6.9210e+00   0.0000e+00   6.2615e-03   3.9855e+02
20260222_21:00:00   1.0701e-01   2.9080e+01   5.2936e+00   0.0000e+00   1.6019e-03   4.0343e+02
20260223_00:00:00   1.0550e-01   2.8646e+01   5.0473e+00   0.0000e+00   2.7979e-06   4.0914e+02
20260223_03:00:00   9.3800e-02   2.5784e+01   3.4019e+00   0.0000e+00   4.0759e-06   4.0433e+02
20260223_06:00:00   9.1963e-02   2.5286e+01   3.1496e+00   0.0000e+00   8.3518e-06   4.0645e+02
20260223_09:00:00   8.8830e-02   2.4445e+01   2.7000e+00   0.0000e+00   0.0000e+00   4.0552e+02
20260223_12:00:00   9.5920e-02   2.5922e+01   3.7356e+00   0.0000e+00   4.9044e-02   4.1635e+02
20260223_15:00:00   9.7961e-02   2.6333e+01   3.8647e+00   0.0000e+00   1.7827e-02   4.1890e+02
20260223_18:00:00   1.0389e-01   2.7713e+01   4.4248e+00   0.0000e+00   1.0628e-04   4.2385e+02
20260223_21:00:00   1.0685e-01   2.8425e+01   4.7588e+00   0.0000e+00   0.0000e+00   4.3016e+02
20260224_00:00:00   1.0433e-01   2.7801e+01   4.4845e+00   0.0000e+00   8.1580e-06   4.3552e+02
20260224_03:00:00   1.0231e-01   2.7312e+01   4.2246e+00   0.0000e+00   1.8478e-07   4.3274e+02
20260224_06:00:00   1.0462e-01   2.7850e+01   4.5686e+00   0.0000e+00   7.6955e-04   4.2342e+02
20260224_09:00:00   1.0527e-01   2.8021e+01   4.6701e+00   0.0000e+00   1.8280e-05   4.1552e+02
20260224_12:00:00   1.0906e-01   2.8941e+01   5.4378e+00   0.0000e+00   7.4981e-04   4.1159e+02
20260224_15:00:00   1.2046e-01   3.1613e+01   7.0900e+00   0.0000e+00   3.1613e-03   4.0134e+02
20260224_18:00:00   1.3974e-01   3.6119e+01   9.5069e+00   0.0000e+00   1.2229e-01   3.9135e+02
20260224_21:00:00   1.5042e-01   3.8650e+01   1.0959e+01   0.0000e+00   2.8231e-01   3.8464e+02
20260225_00:00:00   1.6400e-01   4.1755e+01   1.2551e+01   0.0000e+00   4.1506e-01   3.8020e+02
20260225_03:00:00   1.7405e-01   4.4144e+01   1.3670e+01   0.0000e+00   8.3641e-01   3.7757e+02
20260225_06:00:00   2.3098e-01   5.6791e+01   1.5374e+01   4.9143e-02   7.2304e-01   3.7971e+02
20260225_09:00:00   8.6976e-01   1.5815e+02   1.6833e+01   7.5319e-01   4.6655e-01   3.7947e+02
20260225_12:00:00   3.7145e-01   8.5785e+01   1.5071e+01   2.1003e-01   1.9173e-04   3.8251e+02
20260225_15:00:00   5.1512e-01   1.1071e+02   1.4158e+01   3.7830e-01   5.2950e-04   3.8225e+02
20260225_18:00:00   6.3405e-01   1.2817e+02   1.3685e+01   5.1493e-01   1.6429e-02   3.8176e+02
20260225_21:00:00   1.7776e-01   4.5311e+01   1.3443e+01   6.2912e-03   1.1427e-01   3.9785e+02
20260226_00:00:00   1.3496e-01   3.5355e+01   8.4789e+00   6.3600e-05   2.0454e-02   4.0286e+02
20260226_03:00:00   1.0426e-01   2.8063e+01   3.9088e+00   3.0948e-06   1.4737e-02   4.0837e+02
20260226_06:00:00   9.4377e-02   2.5631e+01   2.7178e+00   0.0000e+00   2.2581e-03   4.1365e+02
20260226_09:00:00   9.4397e-02   2.5556e+01   2.8172e+00   0.0000e+00   6.3571e-04   4.1715e+02
20260226_12:00:00   1.0068e-01   2.6917e+01   3.6985e+00   0.0000e+00   7.6218e-05   4.2142e+02
20260226_15:00:00   9.9915e-02   2.6802e+01   3.4209e+00   0.0000e+00   3.2758e-04   4.2806e+02
20260226_18:00:00   1.0100e-01   2.7212e+01   3.5712e+00   7.3920e-07   4.7860e-04   4.0331e+02
20260226_21:00:00   1.0731e-01   2.8866e+01   4.3940e+00   0.0000e+00   4.9329e-04   3.9223e+02
20260227_00:00:00   1.0357e-01   2.8101e+01   4.0601e+00   0.0000e+00   3.1475e-06   3.9540e+02
20260227_03:00:00   1.0003e-01   2.7338e+01   3.8694e+00   0.0000e+00   9.9087e-04   3.9581e+02
20260227_06:00:00   1.0079e-01   2.7535e+01   4.4310e+00   0.0000e+00   1.6130e-05   3.8052e+02
20260227_09:00:00   1.0360e-01   2.8216e+01   5.0844e+00   0.0000e+00   2.8060e-03   3.6705e+02
20260227_12:00:00   1.0468e-01   2.8523e+01   5.3971e+00   0.0000e+00   1.1016e-02   3.5212e+02
