#            date       tau255        Tb[K]      pwv[mm] lwp[kg*m^-2] iwp[kg*m^-2]       o3[DU]
20260619_18:00:00   2.4329e-01   6.3021e+01   2.0524e+01   1.6772e-02   9.6860e-04   3.2954e+02
20260619_19:00:00   2.8983e-01   7.2799e+01   2.0593e+01   7.0143e-02   8.9740e-04   3.3084e+02
20260619_20:00:00   2.2084e-01   5.8061e+01   1.9419e+01   5.6180e-03   8.0700e-04   3.3109e+02
20260619_21:00:00   2.0514e-01   5.4470e+01   1.8587e+01   0.0000e+00   1.2282e-03   3.3227e+02
20260619_22:00:00   2.0610e-01   5.4726e+01   1.8584e+01   0.0000e+00   2.7720e-06   3.3385e+02
20260619_23:00:00   2.0861e-01   5.5181e+01   1.9154e+01   0.0000e+00   0.0000e+00   3.3998e+02
20260620_00:00:00   2.1073e-01   5.5541e+01   1.9428e+01   0.0000e+00   0.0000e+00   3.4513e+02
20260620_01:00:00   2.1620e-01   5.6579e+01   2.0123e+01   0.0000e+00   0.0000e+00   3.5345e+02
20260620_02:00:00   2.2088e-01   5.7640e+01   2.0121e+01   0.0000e+00   0.0000e+00   3.5757e+02
20260620_03:00:00   2.1260e-01   5.5759e+01   1.8966e+01   0.0000e+00   0.0000e+00   3.5653e+02
20260620_04:00:00   2.0943e-01   5.5011e+01   1.8323e+01   0.0000e+00   0.0000e+00   3.5576e+02
20260620_05:00:00   2.0871e-01   5.4814e+01   1.8098e+01   0.0000e+00   0.0000e+00   3.5917e+02
20260620_06:00:00   2.1589e-01   5.6358e+01   1.8746e+01   0.0000e+00   0.0000e+00   3.6228e+02
20260620_07:00:00   2.1957e-01   5.7107e+01   1.9110e+01   0.0000e+00   0.0000e+00   3.6336e+02
20260620_08:00:00   2.3496e-01   6.0309e+01   2.1164e+01   0.0000e+00   2.2253e-03   3.5822e+02
20260620_09:00:00   2.6605e-01   6.6741e+01   2.4391e+01   7.9440e-03   1.7066e-03   3.5486e+02
20260620_10:00:00   2.5462e-01   6.4384e+01   2.3936e+01   0.0000e+00   8.9931e-05   3.5378e+02
20260620_11:00:00   2.4954e-01   6.3417e+01   2.3273e+01   0.0000e+00   0.0000e+00   3.5658e+02
20260620_12:00:00   2.5058e-01   6.3776e+01   2.3178e+01   0.0000e+00   0.0000e+00   3.5769e+02
20260620_13:00:00   2.5068e-01   6.3888e+01   2.2781e+01   4.6000e-03   0.0000e+00   3.5844e+02
20260620_14:00:00   2.6931e-01   6.7823e+01   2.3243e+01   2.0160e-02   0.0000e+00   3.5742e+02
20260620_15:00:00   2.9340e-01   7.2970e+01   2.3337e+01   4.9951e-02   0.0000e+00   3.5822e+02
20260620_16:00:00   2.8656e-01   7.1510e+01   2.3416e+01   4.2821e-02   0.0000e+00   3.6047e+02
20260620_17:00:00   2.7289e-01   6.8735e+01   2.4224e+01   2.0981e-02   0.0000e+00   3.6264e+02
20260620_18:00:00   3.7336e-01   8.8867e+01   2.5865e+01   1.1954e-01   0.0000e+00   3.6541e+02
20260620_19:00:00   3.3794e-01   8.2094e+01   2.6495e+01   7.1660e-02   0.0000e+00   3.6652e+02
20260620_20:00:00   3.4403e-01   8.3240e+01   2.6551e+01   7.8851e-02   3.9544e-06   3.6675e+02
20260620_21:00:00   3.1108e-01   7.6671e+01   2.6628e+01   4.0844e-02   0.0000e+00   3.6887e+02
20260620_22:00:00   2.9483e-01   7.3381e+01   2.7764e+01   9.4296e-03   4.7566e-04   3.7025e+02
20260620_23:00:00   2.8623e-01   7.1600e+01   2.7666e+01   0.0000e+00   1.0797e-03   3.7042e+02
20260621_00:00:00   2.8262e-01   7.0847e+01   2.7187e+01   0.0000e+00   9.8995e-04   3.7039e+02
20260621_01:00:00   2.7689e-01   6.9638e+01   2.6427e+01   0.0000e+00   8.2070e-06   3.7104e+02
20260621_02:00:00   2.7908e-01   7.0037e+01   2.6614e+01   0.0000e+00   1.4420e-04   3.7040e+02
20260621_03:00:00   2.8013e-01   7.0179e+01   2.6812e+01   0.0000e+00   1.3062e-03   3.6873e+02
20260621_04:00:00   2.7590e-01   6.9242e+01   2.6364e+01   0.0000e+00   1.8792e-03   3.6679e+02
20260621_05:00:00   2.7369e-01   6.8753e+01   2.6049e+01   0.0000e+00   8.7238e-04   3.6575e+02
20260621_06:00:00   2.7061e-01   6.8107e+01   2.5672e+01   0.0000e+00   1.7732e-03   3.6641e+02
20260621_07:00:00   2.6240e-01   6.6460e+01   2.4449e+01   0.0000e+00   7.0070e-04   3.6717e+02
20260621_08:00:00   2.5880e-01   6.5710e+01   2.4008e+01   0.0000e+00   3.6287e-04   3.6839e+02
20260621_09:00:00   2.6002e-01   6.5924e+01   2.4158e+01   0.0000e+00   1.7692e-05   3.6976e+02
20260621_10:00:00   2.6280e-01   6.6500e+01   2.4355e+01   0.0000e+00   2.0220e-06   3.7339e+02
20260621_11:00:00   2.6050e-01   6.6052e+01   2.4022e+01   0.0000e+00   9.0840e-08   3.7502e+02
20260621_12:00:00   2.5880e-01   6.5757e+01   2.3724e+01   0.0000e+00   0.0000e+00   3.7615e+02
20260621_13:00:00   2.6291e-01   6.6668e+01   2.4157e+01   0.0000e+00   1.9642e-05   3.7491e+02
20260621_14:00:00   2.6645e-01   6.7475e+01   2.4715e+01   9.6560e-06   6.0094e-04   3.7471e+02
20260621_15:00:00   2.9035e-01   7.2467e+01   2.6344e+01   1.2296e-02   1.0791e-03   3.7280e+02
20260621_16:00:00   3.7522e-01   8.9203e+01   2.7556e+01   9.9573e-02   6.1924e-04   3.7326e+02
20260621_17:00:00   3.3065e-01   8.0470e+01   2.7476e+01   5.1135e-02   1.4807e-02   3.7416e+02
20260621_18:00:00   2.9320e-01   7.3023e+01   2.6323e+01   2.3249e-02   5.0330e-03   3.7694e+02
20260621_19:00:00   4.4786e-01   1.0250e+02   2.6816e+01   1.9502e-01   1.1712e-05   3.8177e+02
20260621_20:00:00   4.9367e-01   1.1016e+02   2.7120e+01   2.4197e-01   2.7245e-05   3.8319e+02
20260621_21:00:00   3.1220e-01   7.7090e+01   2.6047e+01   4.6804e-02   3.0009e-05   3.7939e+02
20260621_22:00:00   3.9974e-01   9.3901e+01   2.6393e+01   1.4218e-01   4.1520e-05   3.6884e+02
20260621_23:00:00   2.6616e-01   6.7843e+01   2.5179e+01   0.0000e+00   3.2400e-04   3.6040e+02
20260622_00:00:00   2.6379e-01   6.7394e+01   2.4114e+01   6.4220e-03   2.0940e-03   3.5709e+02
20260622_01:00:00   3.3576e-01   8.2048e+01   2.4242e+01   8.5700e-02   6.6240e-03   3.5677e+02
20260622_02:00:00   2.4974e-01   6.4400e+01   2.3058e+01   4.6200e-07   6.1240e-03   3.5706e+02
20260622_03:00:00   2.4000e-01   6.2207e+01   2.2270e+01   0.0000e+00   4.1060e-03   3.5151e+02
20260622_04:00:00   2.3734e-01   6.1596e+01   2.2047e+01   0.0000e+00   1.4743e-02   3.4735e+02
20260622_05:00:00   2.3641e-01   6.1397e+01   2.1785e+01   0.0000e+00   1.9978e-02   3.4712e+02
20260622_06:00:00   2.2913e-01   5.9821e+01   2.0813e+01   0.0000e+00   3.3573e-02   3.4825e+02
20260622_07:00:00   2.1799e-01   5.7375e+01   1.9524e+01   0.0000e+00   1.2650e-02   3.4918e+02
20260622_08:00:00   2.1102e-01   5.5796e+01   1.8722e+01   0.0000e+00   1.8973e-02   3.4932e+02
20260622_09:00:00   2.0447e-01   5.4290e+01   1.8065e+01   0.0000e+00   2.0926e-02   3.4842e+02
20260622_10:00:00   1.9610e-01   5.2375e+01   1.7234e+01   0.0000e+00   5.1204e-02   3.4829e+02
20260622_11:00:00   2.0149e-01   5.3592e+01   1.7848e+01   0.0000e+00   4.9771e-02   3.4856e+02
20260622_12:00:00   2.0566e-01   5.4460e+01   1.8726e+01   0.0000e+00   1.4456e-01   3.4805e+02
20260622_13:00:00   2.1791e-01   5.7131e+01   2.0708e+01   0.0000e+00   1.8446e-01   3.4673e+02
20260622_14:00:00   2.5584e-01   6.5254e+01   2.5584e+01   0.0000e+00   4.7658e-01   3.4338e+02
20260622_15:00:00   3.1140e-01   7.6692e+01   3.1064e+01   7.9658e-03   5.1655e-01   3.3833e+02
20260622_16:00:00   5.9378e-01   1.2564e+02   3.5998e+01   2.7378e-01   7.9023e-01   3.4082e+02
20260622_17:00:00   7.0442e-01   1.4120e+02   3.8154e+01   3.6992e-01   8.8355e-01   3.3699e+02
20260622_18:00:00   7.7543e-01   1.5059e+02   3.9425e+01   4.3632e-01   9.7766e-01   3.3693e+02
20260622_19:00:00   1.0941e+00   1.8534e+02   4.0824e+01   7.8603e-01   5.7085e-01   3.3610e+02
20260622_20:00:00   1.1033e+00   1.8670e+02   4.2063e+01   7.8507e-01   8.7566e-01   3.3452e+02
20260622_21:00:00   1.5169e+00   2.1838e+02   4.3008e+01   1.2587e+00   4.8285e-01   3.3378e+02
20260622_22:00:00   1.6325e+00   2.2645e+02   4.2808e+01   1.4168e+00   2.1240e-01   3.3040e+02
20260622_23:00:00   2.0139e+00   2.4380e+02   4.3406e+01   1.8543e+00   2.0141e-01   3.3058e+02
20260623_00:00:00   1.9988e+00   2.4390e+02   4.3567e+01   1.8471e+00   2.1236e-01   3.2886e+02
20260623_01:00:00   1.4339e+00   2.1666e+02   4.3720e+01   1.2158e+00   2.7601e-01   3.2770e+02
20260623_02:00:00   1.2901e+00   2.0734e+02   4.4898e+01   1.0492e+00   1.6600e-01   3.2817e+02
20260623_03:00:00   1.9637e+00   2.4498e+02   4.6179e+01   1.8229e+00   2.6852e-01   3.2689e+02
20260623_04:00:00   1.4998e+00   2.2211e+02   4.5563e+01   1.2863e+00   1.2658e-01   3.2605e+02
20260623_05:00:00   1.4437e+00   2.1770e+02   4.5276e+01   1.2029e+00   3.2501e-01   3.2483e+02
20260623_06:00:00   1.3283e+00   2.1057e+02   4.3794e+01   1.0978e+00   2.6004e-02   3.2512e+02
20260623_07:00:00   1.2832e+00   2.0699e+02   4.3534e+01   1.0497e+00   5.0674e-02   3.2426e+02
20260623_08:00:00   1.1541e+00   1.9520e+02   4.4315e+01   8.6603e-01   7.1814e-02   3.2388e+02
20260623_09:00:00   9.4864e-01   1.7540e+02   4.3405e+01   6.3445e-01   4.5501e-02   3.2441e+02
20260623_10:00:00   1.2086e+00   1.9976e+02   4.3821e+01   9.3448e-01   1.0445e-01   3.2523e+02
20260623_11:00:00   8.3055e-01   1.6134e+02   4.2220e+01   5.0285e-01   8.4609e-02   3.2640e+02
20260623_12:00:00   7.4188e-01   1.4960e+02   4.2772e+01   3.8733e-01   1.0751e-01   3.2674e+02
20260623_13:00:00   5.8017e-01   1.2538e+02   4.3052e+01   1.8091e-01   6.0037e-02   3.2798e+02
20260623_14:00:00   5.5378e-01   1.2133e+02   4.2051e+01   1.5884e-01   5.5646e-02   3.3060e+02
20260623_15:00:00   8.3065e-01   1.5858e+02   4.1321e+01   4.7388e-01   7.3195e-02   3.3378e+02
20260623_16:00:00   7.0578e-01   1.4247e+02   4.0790e+01   3.3476e-01   3.8821e-02   3.3263e+02
20260623_17:00:00   4.3387e-01   1.0090e+02   3.8158e+01   5.3884e-02   0.0000e+00   3.3155e+02
20260623_18:00:00   5.2611e-01   1.1650e+02   3.4588e+01   1.9454e-01   5.8687e-04   3.3581e+02
20260623_19:00:00   3.3250e-01   8.2340e+01   2.8298e+01   3.2283e-02   3.2623e-04   3.3746e+02
20260623_20:00:00   3.6163e-01   8.8208e+01   2.6108e+01   9.2961e-02   2.0000e-03   3.4152e+02
20260623_21:00:00   3.7451e-01   9.0508e+01   2.5789e+01   1.1546e-01   4.6200e-07   3.3854e+02
20260623_22:00:00   4.4140e-01   1.0259e+02   2.5703e+01   1.9981e-01   0.0000e+00   3.3628e+02
20260623_23:00:00   3.2976e-01   8.1508e+01   2.4333e+01   8.6220e-02   0.0000e+00   3.4241e+02
20260624_00:00:00   2.3845e-01   6.2348e+01   2.2569e+01   0.0000e+00   0.0000e+00   3.4687e+02
20260624_01:00:00   2.3360e-01   6.1255e+01   2.1904e+01   0.0000e+00   0.0000e+00   3.4429e+02
20260624_02:00:00   2.3476e-01   6.1448e+01   2.1675e+01   0.0000e+00   0.0000e+00   3.4894e+02
20260624_03:00:00   2.1923e-01   5.7831e+01   2.0120e+01   0.0000e+00   0.0000e+00   3.4754e+02
20260624_04:00:00   2.1515e-01   5.6816e+01   1.9697e+01   0.0000e+00   1.4485e-05   3.4803e+02
20260624_05:00:00   2.0803e-01   5.5095e+01   1.9089e+01   0.0000e+00   3.0896e-03   3.5147e+02
20260624_06:00:00   2.0012e-01   5.3230e+01   1.8262e+01   0.0000e+00   6.6561e-03   3.5375e+02
20260624_07:00:00   1.9656e-01   5.2353e+01   1.7989e+01   0.0000e+00   5.1330e-04   3.5003e+02
20260624_08:00:00   1.9046e-01   5.0893e+01   1.7266e+01   0.0000e+00   2.7739e-03   3.5180e+02
20260624_09:00:00   1.8354e-01   4.9302e+01   1.6220e+01   0.0000e+00   1.4265e-04   3.5640e+02
20260624_10:00:00   1.8166e-01   4.8882e+01   1.5729e+01   0.0000e+00   4.3236e-03   3.5851e+02
20260624_11:00:00   1.8277e-01   4.9141e+01   1.5801e+01   0.0000e+00   1.3529e-04   3.5768e+02
20260624_12:00:00   1.8629e-01   5.0011e+01   1.6100e+01   0.0000e+00   0.0000e+00   3.5787e+02
20260624_13:00:00   1.9269e-01   5.1526e+01   1.6780e+01   0.0000e+00   0.0000e+00   3.5761e+02
20260624_14:00:00   2.0009e-01   5.3270e+01   1.7495e+01   0.0000e+00   0.0000e+00   3.5341e+02
20260624_15:00:00   2.1291e-01   5.6210e+01   1.8934e+01   0.0000e+00   0.0000e+00   3.5333e+02
20260624_16:00:00   2.1896e-01   5.7620e+01   1.9844e+01   0.0000e+00   0.0000e+00   3.5287e+02
20260624_17:00:00   2.2399e-01   5.8758e+01   2.0717e+01   9.7920e-05   0.0000e+00   3.5209e+02
20260624_18:00:00   2.3162e-01   6.0414e+01   2.1508e+01   4.4880e-03   0.0000e+00   3.5323e+02
20260624_21:00:00   2.3572e-01   6.1357e+01   2.2570e+01   6.2508e-04   1.1088e-06   3.5573e+02
20260625_00:00:00   2.6275e-01   6.7073e+01   2.3394e+01   1.9878e-02   3.9560e-05   3.5503e+02
20260625_03:00:00   2.4491e-01   6.3207e+01   2.3122e+01   0.0000e+00   7.9780e-05   3.5564e+02
20260625_06:00:00   2.3224e-01   6.0395e+01   2.1570e+01   0.0000e+00   0.0000e+00   3.6216e+02
20260625_09:00:00   2.2692e-01   5.9168e+01   2.0913e+01   0.0000e+00   0.0000e+00   3.6425e+02
20260625_12:00:00   2.2142e-01   5.7919e+01   2.0593e+01   0.0000e+00   3.6088e-03   3.6560e+02
20260625_15:00:00   2.3173e-01   6.0368e+01   2.1935e+01   0.0000e+00   3.7666e-03   3.6027e+02
20260625_18:00:00   2.5738e-01   6.5826e+01   2.5949e+01   1.7274e-03   1.0993e-02   3.6116e+02
20260625_21:00:00   3.5225e-01   8.5190e+01   2.9599e+01   6.8127e-02   1.2427e-03   3.6146e+02
20260626_00:00:00   3.4396e-01   8.3891e+01   3.0948e+01   3.6081e-02   5.8430e-03   3.5467e+02
20260626_03:00:00   3.0742e-01   7.6439e+01   3.0833e+01   0.0000e+00   3.9477e-02   3.5484e+02
20260626_06:00:00   3.1525e-01   7.7675e+01   3.1686e+01   7.7500e-05   3.4701e-01   3.5181e+02
20260626_09:00:00   5.9434e-01   1.2554e+02   3.4528e+01   2.7777e-01   5.8037e-01   3.5713e+02
20260626_12:00:00   1.1443e+00   1.8930e+02   3.4521e+01   9.0693e-01   1.9373e-01   3.5893e+02
20260626_15:00:00   7.7825e-01   1.5052e+02   3.1515e+01   5.1904e-01   2.4697e-02   3.6343e+02
20260626_18:00:00   7.0221e-01   1.4147e+02   3.5137e+01   3.8907e-01   8.2516e-01   3.6039e+02
20260626_21:00:00   3.8003e-01   9.0722e+01   3.1798e+01   5.2135e-02   1.9485e-01   3.7173e+02
20260627_00:00:00   3.6168e-01   8.7252e+01   3.1303e+01   3.8171e-02   0.0000e+00   3.7418e+02
20260627_03:00:00   3.3902e-01   8.2763e+01   3.1436e+01   1.0137e-02   2.7677e-03   3.5945e+02
20260627_06:00:00   3.8765e-01   9.2506e+01   3.1024e+01   6.4241e-02   5.2486e-04   3.5313e+02
20260627_09:00:00   3.0102e-01   7.5343e+01   2.7307e+01   2.6384e-04   3.2000e-04   3.5246e+02
20260627_12:00:00   2.8630e-01   7.2465e+01   2.5605e+01   3.3791e-04   2.7220e-04   3.5594e+02
20260627_15:00:00   2.7933e-01   7.1247e+01   2.5293e+01   3.5660e-05   1.9768e-05   3.5871e+02
20260627_18:00:00   3.9460e-01   9.4057e+01   2.7039e+01   1.3253e-01   1.9768e-05   3.6238e+02
20260627_21:00:00   3.1412e-01   7.8665e+01   2.8324e+01   2.0007e-02   0.0000e+00   3.5587e+02
20260628_00:00:00   3.1198e-01   7.8328e+01   2.8784e+01   7.0578e-03   9.3078e-03   3.5065e+02
20260628_03:00:00   3.0929e-01   7.7736e+01   2.8650e+01   0.0000e+00   2.2121e-02   3.4576e+02
20260628_06:00:00   3.1634e-01   7.9028e+01   2.9392e+01   5.6430e-05   4.6157e-02   3.4687e+02
20260628_09:00:00   6.9271e-01   1.4251e+02   3.2219e+01   4.1868e-01   8.0294e-02   3.4628e+02
20260628_12:00:00   8.8657e-01   1.6746e+02   3.2947e+01   6.4833e-01   1.4973e-03   3.5256e+02
20260628_15:00:00   7.1558e-01   1.4729e+02   3.0553e+01   4.8532e-01   0.0000e+00   3.5714e+02
20260628_18:00:00   4.9273e-01   1.1244e+02   2.9810e+01   2.1471e-01   0.0000e+00   3.5577e+02
20260628_21:00:00   3.5866e-01   8.7439e+01   2.9685e+01   5.4081e-02   0.0000e+00   3.5002e+02
20260629_00:00:00   3.2647e-01   8.0987e+01   2.9590e+01   2.1215e-02   0.0000e+00   3.4349e+02
20260629_03:00:00   3.2227e-01   8.0052e+01   3.1018e+01   0.0000e+00   0.0000e+00   3.4095e+02
20260629_06:00:00   3.3022e-01   8.1730e+01   3.1348e+01   0.0000e+00   0.0000e+00   3.3608e+02
20260629_09:00:00   3.2707e-01   8.1176e+01   3.0714e+01   0.0000e+00   0.0000e+00   3.3372e+02
20260629_12:00:00   3.3091e-01   8.2030e+01   3.0876e+01   0.0000e+00   9.8220e-06   3.3582e+02
20260629_15:00:00   3.2126e-01   8.0563e+01   2.9869e+01   4.7394e-04   4.3882e-04   3.3667e+02
20260629_18:00:00   3.1353e-01   7.9356e+01   2.9150e+01   1.3282e-02   0.0000e+00   3.3823e+02
20260629_21:00:00   3.2806e-01   8.2354e+01   3.0128e+01   2.4760e-02   3.9399e-04   3.3807e+02
20260630_00:00:00   3.4433e-01   8.5709e+01   3.2814e+01   1.5934e-04   5.4380e-04   3.3642e+02
20260630_03:00:00   3.3283e-01   8.3072e+01   3.2437e+01   0.0000e+00   4.4223e-03   3.3298e+02
20260630_06:00:00   2.9252e-01   7.4426e+01   2.9157e+01   0.0000e+00   3.1140e-03   3.2884e+02
20260630_09:00:00   2.6405e-01   6.8125e+01   2.6058e+01   1.4841e-04   1.0804e-04   3.3495e+02
20260630_12:00:00   2.5912e-01   6.7137e+01   2.5598e+01   0.0000e+00   3.6237e-03   3.3409e+02
20260630_15:00:00   2.6912e-01   6.9672e+01   2.6701e+01   0.0000e+00   1.5567e-02   3.3594e+02
20260630_18:00:00   3.1604e-01   8.0000e+01   3.1531e+01   0.0000e+00   5.0844e-02   3.3683e+02
20260630_21:00:00   3.4167e-01   8.5569e+01   3.4078e+01   0.0000e+00   2.3193e-02   3.4080e+02
20260701_00:00:00   3.6997e-01   9.1433e+01   3.6121e+01   0.0000e+00   4.3800e-05   3.4296e+02
20260701_03:00:00   4.4195e-01   1.0512e+02   4.4765e+01   0.0000e+00   5.1564e-03   3.2984e+02
20260701_06:00:00   4.7302e-01   1.1055e+02   4.7987e+01   0.0000e+00   1.3243e-03   3.2347e+02
20260701_09:00:00   4.6082e-01   1.0853e+02   4.6822e+01   0.0000e+00   1.4794e-05   3.2411e+02
20260701_12:00:00   3.2631e-01   8.2978e+01   3.1818e+01   0.0000e+00   2.0680e-05   3.2794e+02
20260701_15:00:00   3.2179e-01   8.2098e+01   3.3541e+01   0.0000e+00   2.1197e-04   3.2762e+02
20260701_18:00:00   4.8188e-01   1.1298e+02   4.5374e+01   6.5333e-02   0.0000e+00   3.2559e+02
20260701_21:00:00   4.1119e-01   1.0035e+02   4.3765e+01   3.3336e-03   1.1208e-05   3.2576e+02
20260702_00:00:00   5.3024e-01   1.2109e+02   5.5029e+01   2.8773e-03   3.4129e-02   3.2218e+02
20260702_03:00:00   3.8262e-01   9.3870e+01   4.1892e+01   0.0000e+00   1.9236e-02   3.1971e+02
20260702_06:00:00   4.5299e-01   1.0666e+02   4.8846e+01   1.9396e-04   8.9161e-02   3.1574e+02
20260702_09:00:00   4.7662e-01   1.1097e+02   4.9153e+01   0.0000e+00   5.8178e-02   3.2093e+02
20260702_12:00:00   4.5101e-01   1.0662e+02   4.3747e+01   0.0000e+00   2.9064e-02   3.2476e+02
20260702_15:00:00   3.8229e-01   9.3861e+01   3.7050e+01   0.0000e+00   1.0398e-03   3.2285e+02
20260702_18:00:00   3.0966e-01   7.9210e+01   3.0926e+01   3.2380e-04   0.0000e+00   3.2582e+02
20260702_21:00:00   3.6551e-01   9.0031e+01   3.3793e+01   4.9660e-02   0.0000e+00   3.2666e+02
20260703_00:00:00   3.1763e-01   7.9953e+01   3.3550e+01   3.6920e-05   4.6594e-05   3.2257e+02
20260703_03:00:00   3.2623e-01   8.1165e+01   3.4915e+01   0.0000e+00   4.5146e-02   3.2419e+02
20260703_06:00:00   3.2657e-01   8.0972e+01   3.4523e+01   1.9776e-04   2.5213e-02   3.2747e+02
20260703_09:00:00   3.3082e-01   8.1636e+01   3.3602e+01   5.5840e-03   1.0991e-01   3.3043e+02
20260703_12:00:00   3.1227e-01   7.7920e+01   3.1222e+01   0.0000e+00   1.9187e-01   3.3351e+02
20260703_15:00:00   2.9915e-01   7.5581e+01   2.7980e+01   4.5420e-07   3.7561e-03   3.3670e+02
20260703_18:00:00   5.7026e-01   1.2452e+02   2.7092e+01   3.2487e-01   0.0000e+00   3.3738e+02
20260703_21:00:00   6.3836e-01   1.3427e+02   2.8651e+01   3.8141e-01   0.0000e+00   3.4281e+02
20260704_00:00:00   2.9385e-01   7.4383e+01   2.6246e+01   1.2692e-02   0.0000e+00   3.6819e+02
20260704_03:00:00   3.0347e-01   7.6069e+01   2.6079e+01   2.8400e-02   2.7900e-05   3.7124e+02
20260704_06:00:00   3.1896e-01   7.8948e+01   2.5833e+01   5.0580e-02   5.5300e-05   3.7436e+02
20260704_09:00:00   3.2434e-01   7.9898e+01   2.6200e+01   5.7460e-02   6.7287e-05   3.7653e+02
20260704_12:00:00   2.7444e-01   6.9831e+01   2.6379e+01   0.0000e+00   0.0000e+00   3.7615e+02
20260704_15:00:00   2.5964e-01   6.7000e+01   2.4675e+01   0.0000e+00   0.0000e+00   3.6928e+02
20260704_18:00:00   4.2504e-01   9.9127e+01   2.6376e+01   1.7836e-01   3.2166e-05   3.6310e+02
20260704_21:00:00   5.8495e-01   1.2593e+02   2.9554e+01   3.2293e-01   2.7785e-04   3.5497e+02
20260705_00:00:00   4.0339e-01   9.5981e+01   3.0812e+01   9.6141e-02   5.4856e-03   3.5007e+02
20260705_03:00:00   3.3021e-01   8.2151e+01   3.1577e+01   0.0000e+00   0.0000e+00   3.4104e+02
20260705_06:00:00   3.1344e-01   7.8654e+01   2.9984e+01   0.0000e+00   1.8324e-06   3.3428e+02
20260705_09:00:00   3.9929e-01   9.5223e+01   3.2840e+01   7.3535e-02   5.9773e-03   3.3092e+02
20260705_12:00:00   3.6237e-01   8.8350e+01   3.6741e+01   0.0000e+00   6.2274e-05   3.2587e+02
20260705_15:00:00   3.9008e-01   9.4006e+01   4.0085e+01   0.0000e+00   5.3838e-03   3.2399e+02
20260705_18:00:00   4.2131e-01   9.9805e+01   4.3585e+01   7.5560e-03   1.1374e-01   3.2130e+02
