#            date       tau255        Tb[K]      pwv[mm] lwp[kg*m^-2] iwp[kg*m^-2]       o3[DU]
20251226_00:00:00   9.7675e-02   2.5342e+01   2.5090e+00   0.0000e+00   1.9458e-02   3.8024e+02
20251226_01:00:00   1.0214e-01   2.6373e+01   2.9888e+00   0.0000e+00   4.0740e-02   3.7959e+02
20251226_02:00:00   1.0250e-01   2.6438e+01   3.0122e+00   0.0000e+00   2.3052e-02   3.8115e+02
20251226_03:00:00   1.0166e-01   2.6245e+01   2.8933e+00   0.0000e+00   1.2973e-02   3.8033e+02
20251226_04:00:00   9.8774e-02   2.5585e+01   2.5797e+00   0.0000e+00   1.3331e-02   3.7677e+02
20251226_05:00:00   9.9830e-02   2.5825e+01   2.7083e+00   0.0000e+00   1.7320e-02   3.7480e+02
20251226_06:00:00   1.0216e-01   2.6395e+01   3.0017e+00   0.0000e+00   2.2877e-02   3.7387e+02
20251226_07:00:00   1.0464e-01   2.6961e+01   3.2622e+00   0.0000e+00   6.9687e-02   3.7125e+02
20251226_08:00:00   1.0337e-01   2.6677e+01   3.1289e+00   0.0000e+00   6.0291e-02   3.6919e+02
20251226_09:00:00   1.0148e-01   2.6256e+01   2.9278e+00   0.0000e+00   2.8499e-02   3.7323e+02
20251226_10:00:00   1.0188e-01   2.6346e+01   2.9834e+00   0.0000e+00   2.4532e-02   3.7838e+02
20251226_11:00:00   1.0376e-01   2.6771e+01   3.1936e+00   0.0000e+00   6.0832e-02   3.7823e+02
20251226_12:00:00   1.0206e-01   2.6378e+01   3.0293e+00   0.0000e+00   6.4008e-02   3.7962e+02
20251226_13:00:00   1.0134e-01   2.6206e+01   2.9550e+00   0.0000e+00   5.5720e-02   3.8455e+02
20251226_14:00:00   1.0016e-01   2.5947e+01   2.8379e+00   0.0000e+00   3.1031e-02   3.8775e+02
20251226_15:00:00   1.0138e-01   2.6225e+01   2.9567e+00   0.0000e+00   5.6656e-02   3.9001e+02
20251226_16:00:00   9.5755e-02   2.4911e+01   2.2942e+00   0.0000e+00   9.7368e-03   3.9469e+02
20251226_17:00:00   9.5786e-02   2.4857e+01   2.2259e+00   1.6843e-05   1.3217e-02   3.8581e+02
20251226_18:00:00   9.5279e-02   2.4638e+01   2.0531e+00   0.0000e+00   1.9386e-02   3.8539e+02
20251226_19:00:00   9.5160e-02   2.4560e+01   1.9939e+00   0.0000e+00   1.2981e-02   3.9082e+02
20251226_20:00:00   9.4349e-02   2.4365e+01   1.8821e+00   0.0000e+00   6.0417e-03   3.8805e+02
20251226_21:00:00   9.4746e-02   2.4438e+01   1.9073e+00   0.0000e+00   6.1480e-03   3.8150e+02
20251226_22:00:00   9.5240e-02   2.4510e+01   1.9236e+00   0.0000e+00   7.9281e-03   3.8303e+02
20251226_23:00:00   9.5501e-02   2.4544e+01   1.9314e+00   0.0000e+00   1.2199e-02   3.8656e+02
20251227_00:00:00   9.5272e-02   2.4483e+01   1.9007e+00   0.0000e+00   1.3206e-02   3.8751e+02
20251227_01:00:00   9.5452e-02   2.4500e+01   1.9065e+00   0.0000e+00   1.2557e-02   3.8068e+02
20251227_02:00:00   9.4919e-02   2.4375e+01   1.8486e+00   0.0000e+00   6.0780e-03   3.7093e+02
20251227_03:00:00   9.4005e-02   2.4162e+01   1.7386e+00   0.0000e+00   1.5837e-03   3.6805e+02
20251227_04:00:00   9.3169e-02   2.3959e+01   1.6249e+00   0.0000e+00   4.0076e-04   3.6854e+02
20251227_05:00:00   9.2565e-02   2.3811e+01   1.5346e+00   0.0000e+00   4.5050e-04   3.7123e+02
20251227_06:00:00   9.2165e-02   2.3710e+01   1.4670e+00   0.0000e+00   3.5643e-04   3.6816e+02
20251227_07:00:00   9.2049e-02   2.3672e+01   1.4293e+00   0.0000e+00   1.3490e-04   3.6542e+02
20251227_08:00:00   9.1944e-02   2.3639e+01   1.4003e+00   0.0000e+00   3.3412e-05   3.6509e+02
20251227_09:00:00   9.1741e-02   2.3594e+01   1.3710e+00   0.0000e+00   4.1759e-06   3.6107e+02
20251227_10:00:00   9.1425e-02   2.3529e+01   1.3302e+00   0.0000e+00   2.4063e-06   3.6254e+02
20251227_11:00:00   9.1190e-02   2.3486e+01   1.3050e+00   0.0000e+00   1.1020e-06   3.6308e+02
20251227_12:00:00   9.1221e-02   2.3501e+01   1.3113e+00   0.0000e+00   7.5962e-06   3.6274e+02
20251227_13:00:00   9.1572e-02   2.3585e+01   1.3491e+00   0.0000e+00   4.0348e-05   3.5588e+02
20251227_14:00:00   9.2131e-02   2.3711e+01   1.4074e+00   0.0000e+00   1.3600e-04   3.5281e+02
20251227_15:00:00   9.2525e-02   2.3803e+01   1.4472e+00   0.0000e+00   1.4117e-04   3.5634e+02
20251227_16:00:00   9.2893e-02   2.3888e+01   1.4784e+00   0.0000e+00   5.5752e-04   3.6260e+02
20251227_17:00:00   9.3326e-02   2.3986e+01   1.5244e+00   0.0000e+00   1.4149e-03   3.6216e+02
20251227_18:00:00   9.3589e-02   2.4047e+01   1.5415e+00   0.0000e+00   2.9879e-03   3.5802e+02
20251227_19:00:00   9.3784e-02   2.4099e+01   1.5657e+00   0.0000e+00   3.3038e-03   3.5451e+02
20251227_20:00:00   9.4147e-02   2.4184e+01   1.6039e+00   0.0000e+00   5.3814e-03   3.4832e+02
20251227_21:00:00   9.4530e-02   2.4276e+01   1.6474e+00   0.0000e+00   7.4865e-03   3.4531e+02
20251227_22:00:00   9.5063e-02   2.4401e+01   1.7056e+00   0.0000e+00   1.2344e-02   3.4655e+02
20251227_23:00:00   9.5492e-02   2.4509e+01   1.7627e+00   0.0000e+00   1.5590e-02   3.4961e+02
20251228_00:00:00   9.6146e-02   2.4663e+01   1.8318e+00   0.0000e+00   2.4483e-02   3.5421e+02
20251228_01:00:00   9.7347e-02   2.4947e+01   1.9650e+00   0.0000e+00   3.1832e-02   3.6482e+02
20251228_02:00:00   9.8552e-02   2.5235e+01   2.1046e+00   0.0000e+00   3.0856e-02   3.7222e+02
20251228_03:00:00   9.9586e-02   2.5483e+01   2.2234e+00   0.0000e+00   3.3341e-02   3.7800e+02
20251228_04:00:00   1.0040e-01   2.5690e+01   2.3279e+00   0.0000e+00   3.5869e-02   3.7715e+02
20251228_05:00:00   1.0052e-01   2.5744e+01   2.3729e+00   0.0000e+00   2.8786e-02   3.6939e+02
20251228_06:00:00   1.0043e-01   2.5749e+01   2.3914e+00   0.0000e+00   2.5895e-02   3.6454e+02
20251228_07:00:00   1.0016e-01   2.5709e+01   2.3872e+00   0.0000e+00   2.3479e-02   3.6553e+02
20251228_08:00:00   1.0114e-01   2.5950e+01   2.5382e+00   0.0000e+00   2.5737e-02   3.6592e+02
20251228_09:00:00   1.0265e-01   2.6314e+01   2.7343e+00   0.0000e+00   4.8442e-02   3.6894e+02
20251228_10:00:00   1.0359e-01   2.6549e+01   2.8508e+00   0.0000e+00   8.1098e-02   3.6792e+02
20251228_11:00:00   1.0386e-01   2.6635e+01   2.9133e+00   0.0000e+00   9.1918e-02   3.6632e+02
20251228_12:00:00   1.0453e-01   2.6810e+01   3.0103e+00   0.0000e+00   1.1563e-01   3.6510e+02
20251228_13:00:00   1.0538e-01   2.7028e+01   3.1332e+00   0.0000e+00   1.2908e-01   3.6372e+02
20251228_14:00:00   1.0634e-01   2.7276e+01   3.2690e+00   0.0000e+00   1.3797e-01   3.6059e+02
20251228_15:00:00   1.0673e-01   2.7397e+01   3.3643e+00   0.0000e+00   1.1517e-01   3.5965e+02
20251228_16:00:00   1.0640e-01   2.7324e+01   3.3502e+00   0.0000e+00   1.2147e-01   3.6025e+02
20251228_17:00:00   1.0502e-01   2.6980e+01   3.1976e+00   0.0000e+00   1.2355e-01   3.6148e+02
20251228_18:00:00   1.0461e-01   2.6884e+01   3.1626e+00   0.0000e+00   1.2980e-01   3.6294e+02
20251228_19:00:00   1.0492e-01   2.6966e+01   3.2192e+00   0.0000e+00   1.2417e-01   3.6768e+02
20251228_20:00:00   1.0509e-01   2.7011e+01   3.2328e+00   0.0000e+00   1.4626e-01   3.7107e+02
20251228_21:00:00   1.0539e-01   2.7093e+01   3.2896e+00   0.0000e+00   1.1450e-01   3.7404e+02
20251228_22:00:00   1.0537e-01   2.7101e+01   3.3118e+00   0.0000e+00   8.6906e-02   3.7475e+02
20251228_23:00:00   1.0555e-01   2.7148e+01   3.3311e+00   0.0000e+00   9.4588e-02   3.7723e+02
20251229_00:00:00   1.0585e-01   2.7216e+01   3.3411e+00   0.0000e+00   1.1967e-01   3.7767e+02
20251229_01:00:00   1.0633e-01   2.7330e+01   3.3770e+00   0.0000e+00   1.3611e-01   3.7911e+02
20251229_02:00:00   1.0658e-01   2.7391e+01   3.4010e+00   0.0000e+00   1.1568e-01   3.8023e+02
20251229_03:00:00   1.0640e-01   2.7354e+01   3.3833e+00   0.0000e+00   8.1952e-02   3.8548e+02
20251229_04:00:00   1.0621e-01   2.7313e+01   3.3613e+00   0.0000e+00   6.1092e-02   3.9377e+02
20251229_05:00:00   1.0587e-01   2.7244e+01   3.3041e+00   0.0000e+00   6.2483e-02   3.9595e+02
20251229_06:00:00   1.0624e-01   2.7332e+01   3.3369e+00   0.0000e+00   7.2505e-02   3.9271e+02
20251229_07:00:00   1.0696e-01   2.7508e+01   3.4018e+00   0.0000e+00   8.5169e-02   3.8925e+02
20251229_08:00:00   1.0787e-01   2.7733e+01   3.4915e+00   0.0000e+00   8.8934e-02   3.8599e+02
20251229_09:00:00   1.0886e-01   2.7970e+01   3.5644e+00   0.0000e+00   1.4743e-01   3.8294e+02
20251229_10:00:00   1.1002e-01   2.8245e+01   3.6429e+00   0.0000e+00   2.3097e-01   3.8249e+02
20251229_11:00:00   1.1037e-01   2.8330e+01   3.6447e+00   0.0000e+00   2.8902e-01   3.7966e+02
20251229_12:00:00   1.0969e-01   2.8172e+01   3.5834e+00   0.0000e+00   1.9756e-01   3.8139e+02
20251229_13:00:00   1.0802e-01   2.7788e+01   3.4589e+00   0.0000e+00   3.7708e-02   3.8477e+02
20251229_14:00:00   1.0734e-01   2.7620e+01   3.3683e+00   0.0000e+00   6.1141e-02   3.8792e+02
20251229_15:00:00   1.0817e-01   2.7798e+01   3.3769e+00   0.0000e+00   1.7686e-01   3.9177e+02
20251229_16:00:00   1.0880e-01   2.7923e+01   3.3411e+00   0.0000e+00   2.9685e-01   3.9622e+02
20251229_17:00:00   1.0753e-01   2.7605e+01   3.1501e+00   0.0000e+00   2.8175e-01   3.9768e+02
20251229_18:00:00   1.0485e-01   2.6946e+01   2.8605e+00   0.0000e+00   1.4310e-01   3.9806e+02
20251229_19:00:00   1.0258e-01   2.6404e+01   2.6222e+00   0.0000e+00   4.6457e-02   3.9938e+02
20251229_20:00:00   1.0183e-01   2.6224e+01   2.5272e+00   0.0000e+00   1.0318e-02   4.0008e+02
20251229_21:00:00   1.0127e-01   2.6093e+01   2.4494e+00   0.0000e+00   6.2829e-03   3.9757e+02
20251229_22:00:00   1.0050e-01   2.5933e+01   2.3659e+00   0.0000e+00   3.2805e-03   3.9410e+02
20251229_23:00:00   1.0003e-01   2.5839e+01   2.3235e+00   0.0000e+00   1.9201e-03   3.9095e+02
20251230_00:00:00   9.9705e-02   2.5788e+01   2.2966e+00   0.0000e+00   2.0319e-03   3.8680e+02
20251230_01:00:00   9.9259e-02   2.5709e+01   2.2702e+00   0.0000e+00   1.8789e-03   3.8016e+02
20251230_02:00:00   9.7912e-02   2.5446e+01   2.1738e+00   0.0000e+00   4.4217e-04   3.7765e+02
20251230_03:00:00   9.6877e-02   2.5242e+01   2.1041e+00   0.0000e+00   2.7792e-05   3.7652e+02
20251230_04:00:00   9.5919e-02   2.5054e+01   2.0481e+00   0.0000e+00   5.1624e-05   3.7179e+02
20251230_05:00:00   9.4712e-02   2.4809e+01   1.9894e+00   0.0000e+00   3.6313e-04   3.6712e+02
20251230_06:00:00   9.3416e-02   2.4549e+01   1.9416e+00   0.0000e+00   4.4878e-03   3.6572e+02
20251230_07:00:00   9.2678e-02   2.4419e+01   1.9593e+00   0.0000e+00   6.2765e-03   3.6533e+02
20251230_08:00:00   9.2515e-02   2.4409e+01   2.0420e+00   0.0000e+00   1.0705e-02   3.6874e+02
20251230_09:00:00   9.2617e-02   2.4461e+01   2.1638e+00   0.0000e+00   1.0338e-02   3.6811e+02
20251230_10:00:00   9.2753e-02   2.4516e+01   2.2844e+00   0.0000e+00   1.0584e-02   3.6323e+02
20251230_11:00:00   9.3365e-02   2.4704e+01   2.4977e+00   0.0000e+00   2.8887e-02   3.6043e+02
20251230_12:00:00   9.4698e-02   2.5055e+01   2.7809e+00   0.0000e+00   6.8242e-02   3.6324e+02
20251230_13:00:00   9.6794e-02   2.5559e+01   3.0964e+00   0.0000e+00   1.4154e-01   3.6462e+02
20251230_14:00:00   9.9496e-02   2.6199e+01   3.4600e+00   0.0000e+00   2.2609e-01   3.6839e+02
20251230_15:00:00   1.0296e-01   2.7030e+01   3.9458e+00   0.0000e+00   2.5768e-01   3.7757e+02
20251230_16:00:00   1.0684e-01   2.7937e+01   4.4230e+00   0.0000e+00   2.4747e-01   3.8479e+02
20251230_17:00:00   1.1237e-01   2.9251e+01   5.1532e+00   0.0000e+00   1.6889e-01   3.8620e+02
20251230_18:00:00   1.1765e-01   3.0476e+01   5.6934e+00   0.0000e+00   2.6538e-01   3.8577e+02
20251230_19:00:00   1.2094e-01   3.1226e+01   5.9827e+00   0.0000e+00   3.1799e-01   3.8835e+02
20251230_20:00:00   1.2275e-01   3.1648e+01   6.1833e+00   0.0000e+00   1.8617e-01   3.9015e+02
20251230_21:00:00   1.2239e-01   3.1571e+01   6.1204e+00   0.0000e+00   1.4868e-01   3.9174e+02
20251230_22:00:00   1.2096e-01   3.1284e+01   6.0253e+00   0.0000e+00   8.6579e-03   3.9214e+02
20251230_23:00:00   1.1780e-01   3.0594e+01   5.6010e+00   0.0000e+00   6.0248e-04   3.9072e+02
20251231_00:00:00   1.1528e-01   3.0047e+01   5.2918e+00   0.0000e+00   4.7509e-04   3.8475e+02
20251231_03:00:00   1.1166e-01   2.9265e+01   4.8401e+00   0.0000e+00   4.1573e-03   3.6796e+02
20251231_06:00:00   1.1081e-01   2.9093e+01   4.8498e+00   0.0000e+00   7.0954e-03   3.7240e+02
20251231_09:00:00   1.1085e-01   2.9116e+01   4.9360e+00   0.0000e+00   7.9216e-03   3.7018e+02
20251231_12:00:00   1.1145e-01   2.9263e+01   5.1554e+00   0.0000e+00   1.3825e-02   3.5477e+02
20251231_15:00:00   1.1151e-01   2.9325e+01   5.3487e+00   0.0000e+00   1.0464e-02   3.5936e+02
20251231_18:00:00   1.1137e-01   2.9328e+01   5.4426e+00   0.0000e+00   1.9765e-02   3.5141e+02
20251231_21:00:00   1.0900e-01   2.8837e+01   5.3138e+00   0.0000e+00   1.9027e-02   3.5807e+02
20260101_00:00:00   1.0581e-01   2.8135e+01   5.0386e+00   0.0000e+00   9.3646e-03   3.6190e+02
20260101_03:00:00   1.0515e-01   2.7994e+01   5.0984e+00   0.0000e+00   1.0063e-02   3.5819e+02
20260101_06:00:00   1.0337e-01   2.7575e+01   4.9530e+00   0.0000e+00   6.4813e-03   3.5266e+02
20260101_09:00:00   1.0112e-01   2.7042e+01   4.7659e+00   0.0000e+00   1.4271e-02   3.4729e+02
20260101_12:00:00   9.7457e-02   2.6164e+01   4.2280e+00   0.0000e+00   7.4400e-03   3.5073e+02
20260101_15:00:00   9.4120e-02   2.5336e+01   3.6981e+00   0.0000e+00   6.6970e-03   3.5695e+02
20260101_18:00:00   9.1174e-02   2.4592e+01   3.1565e+00   0.0000e+00   3.1446e-03   3.5200e+02
20260101_21:00:00   8.7626e-02   2.3703e+01   2.5085e+00   0.0000e+00   1.4032e-05   3.4745e+02
20260102_00:00:00   7.9872e-02   2.1829e+01   1.3393e+00   0.0000e+00   8.5740e-04   3.4366e+02
20260102_03:00:00   7.7850e-02   2.1312e+01   9.6461e-01   0.0000e+00   0.0000e+00   3.4468e+02
20260102_06:00:00   7.7556e-02   2.1195e+01   8.6984e-01   0.0000e+00   0.0000e+00   3.4520e+02
20260102_09:00:00   7.7741e-02   2.1204e+01   8.5417e-01   0.0000e+00   0.0000e+00   3.4872e+02
20260102_12:00:00   7.8582e-02   2.1363e+01   9.3748e-01   0.0000e+00   0.0000e+00   3.5384e+02
20260102_15:00:00   7.9535e-02   2.1550e+01   1.0252e+00   0.0000e+00   0.0000e+00   3.5246e+02
20260102_18:00:00   7.9982e-02   2.1619e+01   1.0503e+00   0.0000e+00   2.1782e-04   3.4868e+02
20260102_21:00:00   8.0038e-02   2.1604e+01   1.0303e+00   0.0000e+00   2.3437e-03   3.4825e+02
20260103_00:00:00   8.0123e-02   2.1603e+01   1.0525e+00   0.0000e+00   2.9235e-03   3.4966e+02
20260103_03:00:00   8.0046e-02   2.1569e+01   1.0779e+00   0.0000e+00   5.1318e-03   3.5419e+02
20260103_06:00:00   7.9814e-02   2.1511e+01   1.1077e+00   0.0000e+00   7.0283e-03   3.5716e+02
20260103_09:00:00   7.9721e-02   2.1484e+01   1.1440e+00   0.0000e+00   6.3004e-03   3.5775e+02
20260103_12:00:00   7.9803e-02   2.1496e+01   1.1912e+00   0.0000e+00   1.4138e-03   3.5171e+02
20260103_15:00:00   7.9815e-02   2.1489e+01   1.1842e+00   0.0000e+00   4.4927e-04   3.5334e+02
20260103_18:00:00   7.9390e-02   2.1363e+01   1.0613e+00   0.0000e+00   0.0000e+00   3.5722e+02
20260103_21:00:00   7.9600e-02   2.1357e+01   9.5374e-01   0.0000e+00   5.4027e-05   3.6723e+02
20260104_00:00:00   8.0294e-02   2.1449e+01   9.0903e-01   0.0000e+00   2.4893e-05   3.6466e+02
20260104_03:00:00   8.1891e-02   2.1723e+01   9.4973e-01   1.6638e-04   5.5217e-05   3.6095e+02
20260104_06:00:00   8.3316e-02   2.1969e+01   1.0121e+00   0.0000e+00   1.3925e-04   3.7129e+02
20260104_09:00:00   8.5046e-02   2.2292e+01   1.1084e+00   0.0000e+00   3.2984e-04   3.7885e+02
20260104_12:00:00   8.7006e-02   2.2673e+01   1.2382e+00   0.0000e+00   1.2029e-03   3.8053e+02
20260104_15:00:00   8.8447e-02   2.2954e+01   1.3284e+00   0.0000e+00   2.0134e-03   3.8250e+02
20260104_18:00:00   8.9095e-02   2.3075e+01   1.3435e+00   0.0000e+00   2.4532e-03   3.7688e+02
20260104_21:00:00   8.9346e-02   2.3106e+01   1.3099e+00   0.0000e+00   1.6622e-03   3.7625e+02
20260105_00:00:00   8.9546e-02   2.3127e+01   1.2898e+00   0.0000e+00   1.7194e-03   3.7689e+02
20260105_03:00:00   8.9696e-02   2.3130e+01   1.2889e+00   0.0000e+00   1.2559e-03   3.7938e+02
20260105_06:00:00   9.0371e-02   2.3262e+01   1.3706e+00   0.0000e+00   5.3123e-04   3.7367e+02
20260105_09:00:00   9.1420e-02   2.3482e+01   1.4825e+00   0.0000e+00   3.2815e-04   3.6537e+02
20260105_12:00:00   9.1877e-02   2.3578e+01   1.5266e+00   0.0000e+00   2.2438e-04   3.6235e+02
20260105_15:00:00   9.1829e-02   2.3565e+01   1.5220e+00   0.0000e+00   9.3015e-05   3.6124e+02
20260105_18:00:00   9.1666e-02   2.3526e+01   1.5008e+00   0.0000e+00   1.4037e-04   3.5974e+02
20260105_21:00:00   9.1474e-02   2.3487e+01   1.4793e+00   0.0000e+00   4.2034e-04   3.5387e+02
20260106_00:00:00   9.1741e-02   2.3540e+01   1.4945e+00   0.0000e+00   7.3443e-04   3.5566e+02
20260106_03:00:00   9.2102e-02   2.3611e+01   1.5201e+00   0.0000e+00   2.1079e-04   3.6344e+02
20260106_06:00:00   9.2509e-02   2.3674e+01   1.5180e+00   0.0000e+00   2.3876e-03   3.7161e+02
20260106_09:00:00   9.2186e-02   2.3581e+01   1.4064e+00   0.0000e+00   6.4402e-05   3.7517e+02
20260106_12:00:00   9.1918e-02   2.3498e+01   1.3054e+00   0.0000e+00   1.9507e-05   3.7856e+02
20260106_15:00:00   9.2522e-02   2.3602e+01   1.3239e+00   0.0000e+00   2.7989e-05   3.8002e+02
20260106_18:00:00   9.2803e-02   2.3650e+01   1.3118e+00   0.0000e+00   1.7872e-04   3.7943e+02
20260106_21:00:00   9.2832e-02   2.3642e+01   1.2678e+00   0.0000e+00   8.9924e-05   3.7735e+02
20260107_00:00:00   9.2598e-02   2.3590e+01   1.2189e+00   0.0000e+00   4.1339e-05   3.7601e+02
20260107_03:00:00   9.2613e-02   2.3582e+01   1.1987e+00   0.0000e+00   3.9269e-05   3.8177e+02
20260107_06:00:00   9.2810e-02   2.3616e+01   1.1951e+00   0.0000e+00   6.7505e-05   3.8237e+02
20260107_09:00:00   9.3052e-02   2.3670e+01   1.2125e+00   0.0000e+00   6.6456e-05   3.8355e+02
20260107_12:00:00   9.3452e-02   2.3767e+01   1.2450e+00   0.0000e+00   7.7333e-05   3.8299e+02
20260107_15:00:00   9.3767e-02   2.3855e+01   1.3013e+00   0.0000e+00   1.1137e-04   3.8037e+02
20260107_18:00:00   9.4265e-02   2.3988e+01   1.3882e+00   0.0000e+00   3.9236e-04   3.7763e+02
20260107_21:00:00   9.4065e-02   2.3978e+01   1.4003e+00   0.0000e+00   3.8487e-04   3.7132e+02
20260108_00:00:00   9.3507e-02   2.3882e+01   1.3478e+00   0.0000e+00   1.8382e-04   3.7216e+02
20260108_03:00:00   9.2734e-02   2.3742e+01   1.2855e+00   0.0000e+00   2.8110e-04   3.7978e+02
20260108_06:00:00   9.2207e-02   2.3657e+01   1.2565e+00   0.0000e+00   1.1820e-04   3.8016e+02
20260108_09:00:00   9.2052e-02   2.3648e+01   1.2554e+00   0.0000e+00   8.3218e-06   3.7841e+02
20260108_12:00:00   9.1980e-02   2.3649e+01   1.2439e+00   0.0000e+00   0.0000e+00   3.7372e+02
20260108_15:00:00   9.2063e-02   2.3682e+01   1.2375e+00   0.0000e+00   0.0000e+00   3.7727e+02
20260108_18:00:00   9.2647e-02   2.3808e+01   1.2513e+00   0.0000e+00   0.0000e+00   3.7653e+02
20260108_21:00:00   9.3303e-02   2.3951e+01   1.2633e+00   0.0000e+00   0.0000e+00   3.8120e+02
20260109_00:00:00   9.3863e-02   2.4082e+01   1.2704e+00   0.0000e+00   0.0000e+00   3.7421e+02
20260109_03:00:00   9.4563e-02   2.4247e+01   1.2963e+00   0.0000e+00   0.0000e+00   3.7121e+02
20260109_06:00:00   9.4699e-02   2.4324e+01   1.3093e+00   0.0000e+00   0.0000e+00   3.7022e+02
20260109_09:00:00   9.4182e-02   2.4272e+01   1.2657e+00   0.0000e+00   0.0000e+00   3.6138e+02
20260109_12:00:00   9.3906e-02   2.4277e+01   1.2732e+00   0.0000e+00   0.0000e+00   3.5647e+02
20260109_15:00:00   9.5939e-02   2.4819e+01   1.5600e+00   0.0000e+00   7.5860e-06   3.6309e+02
20260109_18:00:00   9.8372e-02   2.5474e+01   1.9200e+00   0.0000e+00   1.7438e-04   3.4742e+02
20260109_21:00:00   9.7196e-02   2.5303e+01   1.9492e+00   0.0000e+00   1.4308e-03   3.2957e+02
20260110_00:00:00   9.4998e-02   2.4864e+01   1.8958e+00   0.0000e+00   9.8561e-03   3.2061e+02
20260110_03:00:00   9.9884e-02   2.6036e+01   2.6629e+00   0.0000e+00   3.8809e-02   3.0892e+02
20260110_06:00:00   1.0242e-01   2.6656e+01   3.1498e+00   0.0000e+00   9.1762e-02   3.1368e+02
20260110_09:00:00   1.0540e-01   2.7421e+01   3.6355e+00   0.0000e+00   1.1502e-01   2.9874e+02
20260110_12:00:00   1.0744e-01   2.7974e+01   4.0182e+00   0.0000e+00   1.2504e-01   2.9114e+02
20260110_15:00:00   1.1152e-01   2.8985e+01   4.6774e+00   0.0000e+00   1.1412e-01   2.9435e+02
20260110_18:00:00   1.1482e-01   2.9818e+01   5.2066e+00   0.0000e+00   1.7981e-01   2.8583e+02
20260110_21:00:00   1.2123e-01   3.1335e+01   5.9805e+00   0.0000e+00   5.2219e-01   2.8332e+02
20260111_00:00:00   1.2573e-01   3.2435e+01   6.5119e+00   1.0994e-03   1.7514e-01   2.8813e+02
