#            date       tau255        Tb[K]      pwv[mm] lwp[kg*m^-2] iwp[kg*m^-2]       o3[DU]
20251226_06:00:00   1.0403e-01   2.6833e+01   3.2264e+00   0.0000e+00   3.1380e-02   3.7025e+02
20251226_07:00:00   1.0522e-01   2.7113e+01   3.3473e+00   0.0000e+00   9.1083e-02   3.6712e+02
20251226_08:00:00   1.0348e-01   2.6724e+01   3.1720e+00   0.0000e+00   5.0219e-02   3.6640e+02
20251226_09:00:00   1.0204e-01   2.6404e+01   3.0228e+00   0.0000e+00   1.8055e-02   3.7283e+02
20251226_10:00:00   1.0212e-01   2.6417e+01   3.0258e+00   0.0000e+00   1.6681e-02   3.7818e+02
20251226_11:00:00   1.0428e-01   2.6899e+01   3.2530e+00   0.0000e+00   6.6509e-02   3.7734e+02
20251226_12:00:00   1.0312e-01   2.6635e+01   3.1510e+00   0.0000e+00   7.3512e-02   3.8371e+02
20251226_13:00:00   1.0008e-01   2.5929e+01   2.8368e+00   0.0000e+00   7.5610e-02   3.8908e+02
20251226_14:00:00   9.8782e-02   2.5649e+01   2.7144e+00   0.0000e+00   2.2440e-02   3.8812e+02
20251226_15:00:00   1.0025e-01   2.5991e+01   2.8567e+00   0.0000e+00   4.2257e-02   3.8763e+02
20251226_16:00:00   9.9117e-02   2.5676e+01   2.6497e+00   0.0000e+00   2.5187e-02   3.9309e+02
20251226_17:00:00   9.6002e-02   2.4929e+01   2.2468e+00   0.0000e+00   1.2814e-02   3.9606e+02
20251226_18:00:00   9.5778e-02   2.4778e+01   2.1111e+00   0.0000e+00   1.1847e-02   3.9329e+02
20251226_19:00:00   9.6163e-02   2.4814e+01   2.1322e+00   0.0000e+00   2.2333e-02   3.9127e+02
20251226_20:00:00   9.5833e-02   2.4731e+01   2.0929e+00   0.0000e+00   1.8375e-02   3.9039e+02
20251226_21:00:00   9.5706e-02   2.4702e+01   2.0844e+00   0.0000e+00   1.9823e-02   3.8983e+02
20251226_22:00:00   9.5833e-02   2.4713e+01   2.0771e+00   0.0000e+00   2.1712e-02   3.8807e+02
20251226_23:00:00   9.6433e-02   2.4816e+01   2.1140e+00   0.0000e+00   3.0651e-02   3.8870e+02
20251227_00:00:00   9.6913e-02   2.4902e+01   2.1455e+00   0.0000e+00   6.0962e-02   3.8870e+02
20251227_01:00:00   9.7475e-02   2.5010e+01   2.1865e+00   0.0000e+00   9.2286e-02   3.7651e+02
20251227_02:00:00   9.7483e-02   2.4996e+01   2.1714e+00   0.0000e+00   9.0303e-02   3.6675e+02
20251227_03:00:00   9.7025e-02   2.4883e+01   2.1112e+00   0.0000e+00   7.8734e-02   3.6395e+02
20251227_04:00:00   9.5734e-02   2.4584e+01   1.9577e+00   0.0000e+00   2.5668e-02   3.6572e+02
20251227_05:00:00   9.4631e-02   2.4314e+01   1.7996e+00   0.0000e+00   4.8267e-03   3.6875e+02
20251227_06:00:00   9.4017e-02   2.4154e+01   1.6895e+00   0.0000e+00   2.8633e-03   3.7093e+02
20251227_07:00:00   9.3754e-02   2.4079e+01   1.6277e+00   0.0000e+00   3.9750e-03   3.7269e+02
20251227_08:00:00   9.3774e-02   2.4070e+01   1.6056e+00   0.0000e+00   4.2186e-03   3.7985e+02
20251227_09:00:00   9.3935e-02   2.4100e+01   1.6047e+00   0.0000e+00   2.0870e-03   3.7681e+02
20251227_10:00:00   9.3690e-02   2.4052e+01   1.5721e+00   0.0000e+00   5.7368e-04   3.6429e+02
20251227_11:00:00   9.3165e-02   2.3943e+01   1.5134e+00   0.0000e+00   9.4712e-05   3.5997e+02
20251227_12:00:00   9.2769e-02   2.3863e+01   1.4733e+00   0.0000e+00   2.8766e-05   3.6173e+02
20251227_13:00:00   9.2581e-02   2.3828e+01   1.4534e+00   0.0000e+00   7.0388e-05   3.5934e+02
20251227_14:00:00   9.2613e-02   2.3837e+01   1.4568e+00   0.0000e+00   1.5250e-04   3.5681e+02
20251227_15:00:00   9.2655e-02   2.3852e+01   1.4623e+00   0.0000e+00   2.3775e-04   3.6251e+02
20251227_16:00:00   9.2489e-02   2.3818e+01   1.4341e+00   0.0000e+00   1.4761e-04   3.6306e+02
20251227_17:00:00   9.2697e-02   2.3861e+01   1.4560e+00   0.0000e+00   2.3569e-04   3.5641e+02
20251227_18:00:00   9.3160e-02   2.3965e+01   1.5113e+00   0.0000e+00   3.2541e-04   3.5222e+02
20251227_19:00:00   9.3679e-02   2.4085e+01   1.5755e+00   0.0000e+00   2.2022e-03   3.5062e+02
20251227_20:00:00   9.3847e-02   2.4132e+01   1.6022e+00   0.0000e+00   4.6800e-03   3.4977e+02
20251227_21:00:00   9.3981e-02   2.4171e+01   1.6231e+00   0.0000e+00   7.3890e-03   3.4872e+02
20251227_22:00:00   9.4237e-02   2.4235e+01   1.6538e+00   0.0000e+00   1.1689e-02   3.5228e+02
20251227_23:00:00   9.4620e-02   2.4334e+01   1.7055e+00   0.0000e+00   1.6006e-02   3.6120e+02
20251228_00:00:00   9.5183e-02   2.4475e+01   1.7798e+00   0.0000e+00   2.1312e-02   3.7124e+02
20251228_01:00:00   9.6051e-02   2.4683e+01   1.8780e+00   0.0000e+00   2.7552e-02   3.7305e+02
20251228_02:00:00   9.7308e-02   2.4978e+01   2.0194e+00   0.0000e+00   3.2970e-02   3.7525e+02
20251228_03:00:00   9.9099e-02   2.5399e+01   2.2178e+00   0.0000e+00   3.5219e-02   3.7530e+02
20251228_04:00:00   1.0021e-01   2.5670e+01   2.3507e+00   0.0000e+00   3.7705e-02   3.7326e+02
20251228_05:00:00   1.0111e-01   2.5890e+01   2.4818e+00   0.0000e+00   3.4349e-02   3.7244e+02
20251228_06:00:00   1.0108e-01   2.5908e+01   2.5089e+00   0.0000e+00   3.5584e-02   3.7303e+02
20251228_07:00:00   1.0169e-01   2.6068e+01   2.6020e+00   0.0000e+00   3.7210e-02   3.7166e+02
20251228_08:00:00   1.0277e-01   2.6333e+01   2.7444e+00   0.0000e+00   4.8781e-02   3.7152e+02
20251228_09:00:00   1.0329e-01   2.6474e+01   2.8220e+00   0.0000e+00   7.2392e-02   3.6914e+02
20251228_10:00:00   1.0398e-01   2.6651e+01   2.9166e+00   0.0000e+00   9.3817e-02   3.6603e+02
20251228_11:00:00   1.0450e-01   2.6794e+01   2.9949e+00   0.0000e+00   1.0772e-01   3.6394e+02
20251228_12:00:00   1.0503e-01   2.6939e+01   3.0823e+00   0.0000e+00   1.2353e-01   3.6226e+02
20251228_13:00:00   1.0595e-01   2.7178e+01   3.2148e+00   0.0000e+00   1.3678e-01   3.6114e+02
20251228_14:00:00   1.0634e-01   2.7298e+01   3.3106e+00   0.0000e+00   1.1120e-01   3.5883e+02
20251228_15:00:00   1.0559e-01   2.7131e+01   3.2548e+00   0.0000e+00   1.1262e-01   3.5700e+02
20251228_16:00:00   1.0588e-01   2.7206e+01   3.3094e+00   0.0000e+00   1.2187e-01   3.5867e+02
20251228_17:00:00   1.0628e-01   2.7291e+01   3.3453e+00   0.0000e+00   1.5208e-01   3.6058e+02
20251228_18:00:00   1.0569e-01   2.7139e+01   3.2587e+00   0.0000e+00   1.8291e-01   3.6248e+02
20251228_19:00:00   1.0516e-01   2.7014e+01   3.2246e+00   0.0000e+00   1.4402e-01   3.6425e+02
20251228_20:00:00   1.0531e-01   2.7050e+01   3.2476e+00   0.0000e+00   1.4089e-01   3.6795e+02
20251228_21:00:00   1.0536e-01   2.7071e+01   3.2709e+00   0.0000e+00   1.0894e-01   3.7305e+02
20251228_22:00:00   1.0515e-01   2.7026e+01   3.2529e+00   0.0000e+00   1.0565e-01   3.7528e+02
20251228_23:00:00   1.0518e-01   2.7032e+01   3.2491e+00   0.0000e+00   1.0503e-01   3.7834e+02
20251229_00:00:00   1.0532e-01   2.7062e+01   3.2551e+00   0.0000e+00   9.0721e-02   3.8089e+02
20251229_01:00:00   1.0546e-01   2.7094e+01   3.2564e+00   0.0000e+00   9.1476e-02   3.8306e+02
20251229_02:00:00   1.0548e-01   2.7098e+01   3.2472e+00   0.0000e+00   7.2083e-02   3.8521e+02
20251229_03:00:00   1.0561e-01   2.7135e+01   3.2457e+00   0.0000e+00   7.3042e-02   3.8807e+02
20251229_04:00:00   1.0586e-01   2.7198e+01   3.2556e+00   0.0000e+00   7.8548e-02   3.8689e+02
20251229_05:00:00   1.0587e-01   2.7214e+01   3.2332e+00   0.0000e+00   8.5186e-02   3.8614e+02
20251229_06:00:00   1.0579e-01   2.7216e+01   3.2453e+00   0.0000e+00   6.2313e-02   3.8426e+02
20251229_07:00:00   1.0653e-01   2.7401e+01   3.3201e+00   0.0000e+00   8.4005e-02   3.8643e+02
20251229_08:00:00   1.0784e-01   2.7718e+01   3.4378e+00   0.0000e+00   1.1813e-01   3.8914e+02
20251229_09:00:00   1.0829e-01   2.7835e+01   3.4952e+00   0.0000e+00   8.7764e-02   3.9004e+02
20251229_10:00:00   1.0875e-01   2.7943e+01   3.5135e+00   0.0000e+00   1.2795e-01   3.8808e+02
20251229_11:00:00   1.0885e-01   2.7967e+01   3.5015e+00   0.0000e+00   1.4226e-01   3.8605e+02
20251229_12:00:00   1.0853e-01   2.7892e+01   3.4564e+00   0.0000e+00   1.1896e-01   3.8997e+02
20251229_13:00:00   1.0807e-01   2.7776e+01   3.3607e+00   0.0000e+00   1.5217e-01   3.9390e+02
20251229_14:00:00   1.0647e-01   2.7371e+01   3.1377e+00   0.0000e+00   1.5823e-01   3.9518e+02
20251229_15:00:00   1.0450e-01   2.6890e+01   2.8897e+00   0.0000e+00   1.4257e-01   3.9567e+02
20251229_16:00:00   1.0330e-01   2.6596e+01   2.7241e+00   0.0000e+00   1.0964e-01   3.9469e+02
20251229_17:00:00   1.0221e-01   2.6340e+01   2.5875e+00   0.0000e+00   7.8497e-02   3.9378e+02
20251229_18:00:00   1.0136e-01   2.6138e+01   2.4770e+00   0.0000e+00   6.2172e-02   3.9241e+02
20251229_19:00:00   1.0059e-01   2.5961e+01   2.3927e+00   0.0000e+00   4.0265e-02   3.9202e+02
20251229_20:00:00   9.9770e-02   2.5788e+01   2.3077e+00   0.0000e+00   2.1995e-02   3.8884e+02
20251229_21:00:00   9.9247e-02   2.5679e+01   2.2530e+00   0.0000e+00   1.3291e-02   3.8550e+02
20251229_22:00:00   9.8815e-02   2.5593e+01   2.2156e+00   0.0000e+00   9.1112e-03   3.8281e+02
20251229_23:00:00   9.8021e-02   2.5442e+01   2.1603e+00   0.0000e+00   5.5615e-03   3.7994e+02
20251230_00:00:00   9.7562e-02   2.5354e+01   2.1400e+00   0.0000e+00   2.2320e-03   3.7771e+02
20251230_01:00:00   9.6657e-02   2.5174e+01   2.0986e+00   0.0000e+00   7.6094e-04   3.7279e+02
20251230_02:00:00   9.5391e-02   2.4924e+01   2.0366e+00   0.0000e+00   3.4260e-05   3.6786e+02
20251230_03:00:00   9.4201e-02   2.4693e+01   1.9853e+00   0.0000e+00   1.0292e-05   3.6306e+02
20251230_04:00:00   9.3070e-02   2.4478e+01   1.9472e+00   0.0000e+00   1.2161e-05   3.6070e+02
20251230_05:00:00   9.1885e-02   2.4253e+01   1.9246e+00   0.0000e+00   4.3568e-04   3.6163e+02
20251230_06:00:00   9.0872e-02   2.4064e+01   1.9233e+00   0.0000e+00   3.2167e-03   3.5994e+02
20251230_07:00:00   9.0570e-02   2.4031e+01   2.0374e+00   0.0000e+00   9.4512e-03   3.5807e+02
20251230_08:00:00   9.0326e-02   2.4022e+01   2.1708e+00   0.0000e+00   1.1628e-02   3.5239e+02
20251230_09:00:00   9.1101e-02   2.4235e+01   2.4005e+00   0.0000e+00   4.0528e-02   3.4737e+02
20251230_10:00:00   9.2790e-02   2.4675e+01   2.7754e+00   0.0000e+00   6.3832e-02   3.4232e+02
20251230_11:00:00   9.4920e-02   2.5208e+01   3.1522e+00   0.0000e+00   1.2860e-01   3.4099e+02
20251230_12:00:00   9.8367e-02   2.6050e+01   3.7024e+00   0.0000e+00   1.8387e-01   3.4131e+02
20251230_13:00:00   1.0390e-01   2.7369e+01   4.4567e+00   0.0000e+00   2.8332e-01   3.4538e+02
20251230_14:00:00   1.1133e-01   2.9136e+01   5.3937e+00   0.0000e+00   4.0560e-01   3.4938e+02
20251230_15:00:00   1.1945e-01   3.1056e+01   6.3416e+00   0.0000e+00   5.2119e-01   3.5760e+02
20251230_16:00:00   1.2680e-01   3.2771e+01   7.1446e+00   0.0000e+00   5.7326e-01   3.6642e+02
20251230_17:00:00   1.3064e-01   3.3655e+01   7.4735e+00   0.0000e+00   6.3899e-01   3.7410e+02
20251230_18:00:00   1.3112e-01   3.3790e+01   7.5454e+00   0.0000e+00   5.6427e-01   3.7746e+02
20251230_19:00:00   1.3021e-01   3.3576e+01   7.4346e+00   0.0000e+00   5.0744e-01   3.8099e+02
20251230_20:00:00   1.2872e-01   3.3229e+01   7.2165e+00   0.0000e+00   4.1530e-01   3.8138e+02
20251230_21:00:00   1.2597e-01   3.2576e+01   6.8713e+00   0.0000e+00   2.1198e-01   3.8145e+02
20251230_22:00:00   1.2375e-01   3.1980e+01   6.4905e+00   0.0000e+00   2.7724e-01   3.8037e+02
20251230_23:00:00   1.2105e-01   3.1257e+01   5.9862e+00   0.0000e+00   4.0208e-01   3.8358e+02
20251231_00:00:00   1.1790e-01   3.0434e+01   5.5297e+00   0.0000e+00   2.7664e-01   3.9102e+02
20251231_01:00:00   1.1662e-01   3.0086e+01   5.3263e+00   0.0000e+00   1.7426e-01   3.9379e+02
20251231_02:00:00   1.1554e-01   2.9797e+01   5.1000e+00   0.0000e+00   1.6102e-01   3.9680e+02
20251231_03:00:00   1.1421e-01   2.9477e+01   4.8673e+00   0.0000e+00   1.5063e-01   3.9625e+02
20251231_04:00:00   1.1207e-01   2.8986e+01   4.6209e+00   0.0000e+00   3.0219e-02   3.9772e+02
20251231_05:00:00   1.0867e-01   2.8210e+01   4.1889e+00   0.0000e+00   1.2364e-02   3.9794e+02
20251231_06:00:00   1.0693e-01   2.7789e+01   3.9197e+00   1.0020e-04   8.3580e-03   3.9363e+02
20251231_09:00:00   1.0411e-01   2.7173e+01   3.5870e+00   0.0000e+00   1.8572e-03   3.7690e+02
20251231_12:00:00   1.0421e-01   2.7285e+01   3.8207e+00   0.0000e+00   8.1248e-03   3.6857e+02
20251231_15:00:00   1.0495e-01   2.7533e+01   4.1312e+00   0.0000e+00   7.9580e-03   3.6794e+02
20251231_18:00:00   1.0596e-01   2.7878e+01   4.5806e+00   0.0000e+00   7.1786e-03   3.6386e+02
20251231_21:00:00   1.0520e-01   2.7827e+01   4.7872e+00   0.0000e+00   1.0052e-02   3.5623e+02
20260101_00:00:00   1.0488e-01   2.7827e+01   4.9666e+00   0.0000e+00   8.3847e-03   3.5052e+02
20260101_03:00:00   1.0324e-01   2.7547e+01   4.8875e+00   0.0000e+00   1.4685e-03   3.4576e+02
20260101_06:00:00   1.0105e-01   2.7077e+01   4.6928e+00   0.0000e+00   7.0693e-03   3.3539e+02
20260101_09:00:00   1.0049e-01   2.6949e+01   4.6773e+00   0.0000e+00   1.8902e-03   3.4062e+02
20260101_12:00:00   1.0012e-01   2.6866e+01   4.5866e+00   0.0000e+00   2.6314e-02   3.4383e+02
20260101_15:00:00   1.0313e-01   2.7556e+01   4.8968e+00   0.0000e+00   2.3185e-02   3.4043e+02
20260101_18:00:00   1.0958e-01   2.9043e+01   5.6273e+00   0.0000e+00   2.6169e-03   3.4577e+02
20260101_21:00:00   1.1340e-01   2.9837e+01   6.1846e+00   0.0000e+00   4.2296e-02   3.4991e+02
20260102_00:00:00   1.1327e-01   2.9782e+01   6.1012e+00   0.0000e+00   1.4004e-01   3.5314e+02
20260102_03:00:00   1.1457e-01   3.0055e+01   6.2494e+00   0.0000e+00   6.8560e-02   3.5375e+02
20260102_06:00:00   1.1613e-01   3.0386e+01   6.3759e+00   0.0000e+00   1.1779e-02   3.5496e+02
20260102_09:00:00   1.1148e-01   2.9292e+01   5.7618e+00   0.0000e+00   5.2231e-03   3.5663e+02
20260102_12:00:00   1.1170e-01   2.9308e+01   5.7126e+00   0.0000e+00   1.1032e-02   3.6067e+02
20260102_15:00:00   1.1216e-01   2.9364e+01   5.6178e+00   0.0000e+00   3.4443e-02   3.5966e+02
20260102_18:00:00   1.0929e-01   2.8630e+01   5.0898e+00   0.0000e+00   6.4546e-03   3.5497e+02
20260102_21:00:00   1.1047e-01   2.8855e+01   5.0910e+00   0.0000e+00   6.0099e-03   3.5787e+02
20260103_00:00:00   1.2178e-01   3.1408e+01   6.2296e+00   0.0000e+00   2.2113e-01   3.5753e+02
20260103_03:00:00   1.2165e-01   3.1326e+01   6.0388e+00   0.0000e+00   3.7082e-01   3.5471e+02
20260103_06:00:00   1.2032e-01   3.1009e+01   5.9073e+00   0.0000e+00   1.8886e-01   3.5656e+02
20260103_09:00:00   1.1600e-01   3.0035e+01   5.4734e+00   0.0000e+00   1.4733e-02   3.5530e+02
20260103_12:00:00   1.1112e-01   2.8918e+01   4.9331e+00   0.0000e+00   3.2735e-02   3.5733e+02
20260103_15:00:00   1.0660e-01   2.7932e+01   4.5663e+00   2.6472e-04   7.8879e-03   3.5680e+02
20260103_18:00:00   1.0282e-01   2.7128e+01   4.3350e+00   0.0000e+00   4.3536e-03   3.6970e+02
20260103_21:00:00   1.0062e-01   2.6639e+01   4.1438e+00   1.6449e-04   1.1452e-02   3.7461e+02
20260104_00:00:00   1.0084e-01   2.6664e+01   4.1917e+00   0.0000e+00   5.2450e-03   3.7626e+02
20260104_03:00:00   1.0059e-01   2.6537e+01   4.0440e+00   0.0000e+00   1.7782e-04   3.7128e+02
20260104_06:00:00   1.0636e-01   2.7772e+01   4.5181e+00   0.0000e+00   6.1464e-03   3.6282e+02
20260104_09:00:00   1.0522e-01   2.7462e+01   4.0472e+00   0.0000e+00   3.7576e-02   3.5706e+02
20260104_12:00:00   1.0397e-01   2.7090e+01   3.7372e+00   0.0000e+00   6.0435e-02   3.5908e+02
20260104_15:00:00   1.0248e-01   2.6704e+01   3.4584e+00   0.0000e+00   1.3564e-02   3.6381e+02
20260104_18:00:00   9.9690e-02   2.6025e+01   3.0264e+00   0.0000e+00   6.9997e-03   3.6206e+02
20260104_21:00:00   9.7485e-02   2.5473e+01   2.6524e+00   0.0000e+00   1.8555e-03   3.5784e+02
20260105_00:00:00   9.6729e-02   2.5250e+01   2.4721e+00   0.0000e+00   1.7368e-03   3.5426e+02
20260105_03:00:00   9.6060e-02   2.5052e+01   2.3177e+00   0.0000e+00   1.3125e-03   3.5961e+02
20260105_06:00:00   9.6037e-02   2.5013e+01   2.2900e+00   0.0000e+00   2.8938e-04   3.6102e+02
20260105_09:00:00   9.6760e-02   2.5157e+01   2.3792e+00   0.0000e+00   1.4395e-03   3.6692e+02
20260105_12:00:00   9.9032e-02   2.5675e+01   2.6180e+00   0.0000e+00   4.2642e-03   3.6813e+02
20260105_15:00:00   9.8755e-02   2.5627e+01   2.5937e+00   0.0000e+00   3.0610e-03   3.6699e+02
20260105_18:00:00   9.8709e-02   2.5615e+01   2.5790e+00   0.0000e+00   1.0939e-03   3.6156e+02
20260105_21:00:00   9.8666e-02   2.5616e+01   2.5680e+00   0.0000e+00   1.7849e-03   3.6660e+02
20260106_00:00:00   9.8258e-02   2.5524e+01   2.5426e+00   0.0000e+00   6.7202e-04   3.6841e+02
20260106_03:00:00   9.8805e-02   2.5636e+01   2.6253e+00   0.0000e+00   4.6353e-03   3.7488e+02
20260106_06:00:00   9.8562e-02   2.5580e+01   2.5301e+00   0.0000e+00   1.7140e-05   3.7961e+02
20260106_09:00:00   9.8937e-02   2.5634e+01   2.4716e+00   0.0000e+00   1.2700e-05   3.7819e+02
20260106_12:00:00   9.8514e-02   2.5506e+01   2.3172e+00   0.0000e+00   3.3608e-05   3.8071e+02
20260106_15:00:00   9.7967e-02   2.5350e+01   2.1450e+00   0.0000e+00   1.5835e-03   3.8195e+02
20260106_18:00:00   9.6547e-02   2.5012e+01   1.8802e+00   0.0000e+00   1.7237e-03   3.7689e+02
20260106_21:00:00   9.3249e-02   2.4282e+01   1.4858e+00   0.0000e+00   1.0631e-04   3.7736e+02
20260107_00:00:00   9.1987e-02   2.4024e+01   1.3691e+00   0.0000e+00   1.2195e-05   3.7433e+02
20260107_03:00:00   9.0029e-02   2.3621e+01   1.2701e+00   0.0000e+00   1.5705e-06   3.7196e+02
20260107_06:00:00   8.9308e-02   2.3487e+01   1.3217e+00   0.0000e+00   1.5540e-05   3.7304e+02
20260107_09:00:00   8.8480e-02   2.3342e+01   1.3110e+00   0.0000e+00   0.0000e+00   3.7298e+02
20260107_12:00:00   8.6733e-02   2.2985e+01   1.1524e+00   0.0000e+00   0.0000e+00   3.6934e+02
20260107_15:00:00   8.5488e-02   2.2746e+01   1.0753e+00   0.0000e+00   0.0000e+00   3.6907e+02
20260107_18:00:00   8.4519e-02   2.2566e+01   1.0304e+00   0.0000e+00   0.0000e+00   3.6744e+02
20260107_21:00:00   8.3522e-02   2.2389e+01   9.9098e-01   0.0000e+00   0.0000e+00   3.6739e+02
20260108_00:00:00   8.2735e-02   2.2250e+01   9.5922e-01   0.0000e+00   0.0000e+00   3.6564e+02
20260108_03:00:00   8.1743e-02   2.2065e+01   9.0978e-01   0.0000e+00   0.0000e+00   3.5938e+02
20260108_06:00:00   8.0860e-02   2.1899e+01   8.6741e-01   0.0000e+00   0.0000e+00   3.5833e+02
20260108_09:00:00   8.0101e-02   2.1754e+01   8.2168e-01   0.0000e+00   8.7700e-06   3.5892e+02
20260108_12:00:00   7.9506e-02   2.1640e+01   7.8676e-01   0.0000e+00   1.4439e-04   3.5893e+02
20260108_15:00:00   7.9095e-02   2.1561e+01   7.7345e-01   0.0000e+00   5.5422e-04   3.6248e+02
20260108_18:00:00   7.9049e-02   2.1555e+01   8.0704e-01   0.0000e+00   8.7533e-04   3.6287e+02
20260108_21:00:00   8.0311e-02   2.1823e+01   9.7008e-01   0.0000e+00   7.1561e-04   3.5451e+02
20260109_00:00:00   8.2833e-02   2.2368e+01   1.2605e+00   0.0000e+00   2.2957e-03   3.5114e+02
20260109_03:00:00   8.3895e-02   2.2583e+01   1.3182e+00   0.0000e+00   4.0089e-03   3.5725e+02
20260109_06:00:00   8.5882e-02   2.3008e+01   1.5405e+00   0.0000e+00   6.0582e-03   3.5788e+02
20260109_09:00:00   8.9392e-02   2.3818e+01   1.9956e+00   0.0000e+00   1.2558e-02   3.5733e+02
20260109_12:00:00   9.1771e-02   2.4354e+01   2.2656e+00   0.0000e+00   7.6748e-03   3.5741e+02
20260109_15:00:00   9.1318e-02   2.4260e+01   2.1680e+00   0.0000e+00   1.9024e-02   3.5821e+02
20260109_18:00:00   9.1251e-02   2.4235e+01   2.1020e+00   0.0000e+00   2.3114e-02   3.6067e+02
20260109_21:00:00   8.9831e-02   2.3888e+01   1.8411e+00   0.0000e+00   3.7439e-02   3.6592e+02
20260110_00:00:00   8.8782e-02   2.3629e+01   1.6137e+00   0.0000e+00   3.3083e-02   3.7477e+02
20260110_03:00:00   9.3213e-02   2.4634e+01   2.1377e+00   0.0000e+00   2.5815e-02   3.8033e+02
20260110_06:00:00   1.0104e-01   2.6481e+01   2.9923e+00   0.0000e+00   5.3148e-03   3.8163e+02
20260110_09:00:00   9.9122e-02   2.6061e+01   2.7456e+00   0.0000e+00   1.4484e-03   3.8103e+02
20260110_12:00:00   1.0187e-01   2.6723e+01   3.1424e+00   0.0000e+00   2.7194e-04   3.7773e+02
20260110_15:00:00   1.0782e-01   2.8142e+01   3.9298e+00   0.0000e+00   3.7897e-03   3.7081e+02
20260110_18:00:00   1.0688e-01   2.7966e+01   3.9536e+00   0.0000e+00   1.3405e-03   3.6222e+02
20260110_21:00:00   1.0024e-01   2.6485e+01   3.3757e+00   0.0000e+00   1.1512e-04   3.5423e+02
20260111_00:00:00   9.5096e-02   2.5328e+01   2.9303e+00   0.0000e+00   1.5718e-04   3.4672e+02
20260111_03:00:00   9.1204e-02   2.4468e+01   2.6422e+00   0.0000e+00   8.9441e-04   3.4720e+02
20260111_06:00:00   8.7898e-02   2.3705e+01   2.3916e+00   0.0000e+00   6.8552e-03   3.4893e+02
