#            date       tau255        Tb[K]      pwv[mm] lwp[kg*m^-2] iwp[kg*m^-2]       o3[DU]
20251221_18:00:00   9.4064e-02   2.5147e+01   3.7456e+00   0.0000e+00   1.2961e-02   3.4968e+02
20251221_19:00:00   9.2976e-02   2.4905e+01   3.6011e+00   0.0000e+00   4.1286e-03   3.5516e+02
20251221_20:00:00   9.3719e-02   2.5062e+01   3.7011e+00   0.0000e+00   2.6010e-02   3.5524e+02
20251221_21:00:00   9.3164e-02   2.4941e+01   3.6187e+00   0.0000e+00   7.7242e-03   3.5867e+02
20251221_22:00:00   9.2362e-02   2.4768e+01   3.4933e+00   0.0000e+00   5.5687e-03   3.6101e+02
20251221_23:00:00   9.2374e-02   2.4790e+01   3.5265e+00   0.0000e+00   5.4379e-03   3.6082e+02
20251222_00:00:00   9.4608e-02   2.5322e+01   3.8545e+00   0.0000e+00   1.1350e-02   3.5491e+02
20251222_01:00:00   9.9895e-02   2.6551e+01   4.5428e+00   0.0000e+00   7.4316e-02   3.4821e+02
20251222_02:00:00   1.0518e-01   2.7796e+01   5.1502e+00   0.0000e+00   1.5392e-01   3.4508e+02
20251222_03:00:00   1.1085e-01   2.9135e+01   5.7590e+00   0.0000e+00   2.6905e-01   3.5105e+02
20251222_04:00:00   1.1492e-01   3.0105e+01   6.2681e+00   0.0000e+00   1.4473e-01   3.5446e+02
20251222_05:00:00   1.2068e-01   3.1473e+01   6.8836e+00   0.0000e+00   1.7566e-01   3.4614e+02
20251222_06:00:00   1.2447e-01   3.2375e+01   7.2780e+00   0.0000e+00   1.7968e-01   3.3774e+02
20251222_07:00:00   1.2498e-01   3.2501e+01   7.3308e+00   0.0000e+00   5.7037e-02   3.3162e+02
20251222_08:00:00   1.2660e-01   3.2868e+01   7.4534e+00   0.0000e+00   1.4028e-01   3.2924e+02
20251222_09:00:00   1.2526e-01   3.2558e+01   7.3164e+00   0.0000e+00   6.7754e-02   3.3313e+02
20251222_10:00:00   1.2594e-01   3.2689e+01   7.3483e+00   0.0000e+00   1.3403e-01   3.3835e+02
20251222_11:00:00   1.2631e-01   3.2775e+01   7.3654e+00   0.0000e+00   1.3697e-01   3.3800e+02
20251222_12:00:00   1.2659e-01   3.2848e+01   7.3861e+00   0.0000e+00   9.9269e-02   3.3646e+02
20251222_13:00:00   1.2657e-01   3.2846e+01   7.3269e+00   1.0003e-04   8.2977e-02   3.3450e+02
20251222_14:00:00   1.2692e-01   3.2925e+01   7.3737e+00   7.7224e-05   4.6301e-02   3.3868e+02
20251222_15:00:00   1.2669e-01   3.2880e+01   7.3334e+00   4.3600e-04   2.3443e-02   3.3881e+02
20251222_16:00:00   1.2510e-01   3.2532e+01   7.2069e+00   1.6742e-05   1.0543e-02   3.4055e+02
20251222_17:00:00   1.2358e-01   3.2202e+01   7.0367e+00   0.0000e+00   1.8953e-02   3.4103e+02
20251222_18:00:00   1.2583e-01   3.2701e+01   7.2273e+00   5.0089e-04   3.0903e-02   3.4030e+02
20251222_19:00:00   1.2592e-01   3.2715e+01   7.2871e+00   2.1523e-04   2.2964e-02   3.4515e+02
20251222_20:00:00   1.2432e-01   3.2354e+01   7.1042e+00   2.2113e-05   2.2742e-02   3.4010e+02
20251222_21:00:00   1.1985e-01   3.1359e+01   6.6761e+00   7.8580e-06   5.7530e-03   3.3421e+02
20251222_22:00:00   1.2094e-01   3.1596e+01   6.8588e+00   0.0000e+00   1.1770e-02   3.3201e+02
20251222_23:00:00   1.2303e-01   3.2069e+01   7.0734e+00   0.0000e+00   8.5283e-03   3.3235e+02
20251223_00:00:00   1.2359e-01   3.2167e+01   7.1654e+00   0.0000e+00   2.3776e-02   3.3078e+02
20251223_01:00:00   1.2259e-01   3.1920e+01   7.0508e+00   0.0000e+00   6.4593e-02   3.3149e+02
20251223_02:00:00   1.2139e-01   3.1627e+01   6.8804e+00   0.0000e+00   5.4650e-02   3.3175e+02
20251223_03:00:00   1.1915e-01   3.1110e+01   6.5142e+00   0.0000e+00   2.3135e-02   3.3228e+02
20251223_04:00:00   1.1637e-01   3.0463e+01   6.0818e+00   0.0000e+00   1.2994e-02   3.3397e+02
20251223_05:00:00   1.1629e-01   3.0381e+01   5.9707e+00   0.0000e+00   1.9010e-02   3.3421e+02
20251223_06:00:00   1.1294e-01   2.9538e+01   5.4882e+00   0.0000e+00   6.7927e-03   3.2883e+02
20251223_07:00:00   1.0873e-01   2.8492e+01   4.9356e+00   0.0000e+00   3.7285e-03   3.2689e+02
20251223_08:00:00   1.0648e-01   2.7918e+01   4.5944e+00   0.0000e+00   1.6039e-03   3.2771e+02
20251223_09:00:00   1.0674e-01   2.7936e+01   4.5775e+00   0.0000e+00   5.9745e-03   3.2041e+02
20251223_10:00:00   1.0651e-01   2.7858e+01   4.5544e+00   0.0000e+00   1.1406e-02   3.1896e+02
20251223_11:00:00   1.0784e-01   2.8117e+01   4.7033e+00   0.0000e+00   8.7976e-02   3.2272e+02
20251223_12:00:00   1.0772e-01   2.8074e+01   4.6858e+00   0.0000e+00   6.3519e-02   3.2453e+02
20251223_13:00:00   1.0712e-01   2.7912e+01   4.5664e+00   0.0000e+00   1.0902e-01   3.2644e+02
20251223_14:00:00   1.0617e-01   2.7677e+01   4.4146e+00   0.0000e+00   6.8433e-02   3.2716e+02
20251223_15:00:00   1.0495e-01   2.7377e+01   4.2168e+00   0.0000e+00   5.5210e-02   3.3013e+02
20251223_16:00:00   1.0387e-01   2.7117e+01   4.0631e+00   0.0000e+00   2.7802e-02   3.3388e+02
20251223_17:00:00   1.0254e-01   2.6787e+01   3.8578e+00   0.0000e+00   3.0716e-02   3.3970e+02
20251223_18:00:00   1.0265e-01   2.6788e+01   3.8262e+00   0.0000e+00   2.9196e-02   3.4198e+02
20251223_19:00:00   1.0315e-01   2.6887e+01   3.8601e+00   0.0000e+00   3.1601e-02   3.4275e+02
20251223_20:00:00   1.0392e-01   2.7043e+01   3.9195e+00   0.0000e+00   2.9026e-02   3.4700e+02
20251223_21:00:00   1.0453e-01   2.7177e+01   3.9642e+00   0.0000e+00   6.2985e-02   3.5447e+02
20251223_22:00:00   1.0528e-01   2.7346e+01   4.0270e+00   0.0000e+00   8.1963e-02   3.5919e+02
20251223_23:00:00   1.0584e-01   2.7482e+01   4.0868e+00   0.0000e+00   7.1686e-02   3.5645e+02
20251224_00:00:00   1.0668e-01   2.7674e+01   4.1623e+00   0.0000e+00   6.4159e-02   3.5477e+02
20251224_01:00:00   1.0749e-01   2.7856e+01   4.2263e+00   0.0000e+00   6.9995e-02   3.5221e+02
20251224_02:00:00   1.0849e-01   2.8088e+01   4.3221e+00   0.0000e+00   7.4020e-02   3.4958e+02
20251224_03:00:00   1.0917e-01   2.8244e+01   4.3996e+00   0.0000e+00   5.1285e-02   3.4958e+02
20251224_04:00:00   1.0814e-01   2.8011e+01   4.2903e+00   0.0000e+00   5.2960e-02   3.4920e+02
20251224_05:00:00   1.0560e-01   2.7418e+01   3.9982e+00   0.0000e+00   8.9337e-02   3.4971e+02
20251224_06:00:00   1.0350e-01   2.6933e+01   3.7617e+00   0.0000e+00   7.8470e-02   3.5062e+02
20251224_07:00:00   1.0517e-01   2.7319e+01   3.9523e+00   0.0000e+00   6.5985e-02   3.5293e+02
20251224_08:00:00   1.0664e-01   2.7664e+01   4.1030e+00   0.0000e+00   6.4776e-02   3.5522e+02
20251224_09:00:00   1.0647e-01   2.7605e+01   4.0475e+00   0.0000e+00   7.9259e-02   3.5397e+02
20251224_10:00:00   1.0630e-01   2.7545e+01   3.9714e+00   0.0000e+00   1.0089e-01   3.5345e+02
20251224_11:00:00   1.0686e-01   2.7651e+01   3.9986e+00   0.0000e+00   1.2873e-01   3.5603e+02
20251224_12:00:00   1.0723e-01   2.7721e+01   3.9998e+00   0.0000e+00   1.6088e-01   3.5800e+02
20251224_13:00:00   1.0767e-01   2.7810e+01   4.0093e+00   0.0000e+00   1.9159e-01   3.5609e+02
20251224_14:00:00   1.0766e-01   2.7780e+01   3.9940e+00   0.0000e+00   1.9937e-01   3.5417e+02
20251224_15:00:00   1.0672e-01   2.7553e+01   3.8652e+00   0.0000e+00   1.7007e-01   3.5349e+02
20251224_16:00:00   1.0636e-01   2.7450e+01   3.8040e+00   0.0000e+00   1.6816e-01   3.5228e+02
20251224_17:00:00   1.0593e-01   2.7344e+01   3.7500e+00   0.0000e+00   1.4384e-01   3.5324e+02
20251224_18:00:00   1.0529e-01   2.7194e+01   3.6798e+00   0.0000e+00   1.2041e-01   3.5192e+02
20251224_19:00:00   1.0438e-01   2.6982e+01   3.5739e+00   0.0000e+00   1.1510e-01   3.4891e+02
20251224_20:00:00   1.0352e-01   2.6779e+01   3.4672e+00   0.0000e+00   1.0877e-01   3.5079e+02
20251224_21:00:00   1.0285e-01   2.6622e+01   3.3889e+00   0.0000e+00   1.0403e-01   3.5603e+02
20251224_22:00:00   1.0223e-01   2.6480e+01   3.2956e+00   0.0000e+00   9.9752e-02   3.5678e+02
20251224_23:00:00   1.0207e-01   2.6436e+01   3.2721e+00   0.0000e+00   1.0152e-01   3.6448e+02
20251225_00:00:00   1.0200e-01   2.6415e+01   3.2582e+00   0.0000e+00   1.1146e-01   3.6804e+02
20251225_01:00:00   1.0210e-01   2.6429e+01   3.2685e+00   0.0000e+00   1.0854e-01   3.6856e+02
20251225_02:00:00   1.0227e-01   2.6465e+01   3.2935e+00   0.0000e+00   1.0374e-01   3.7255e+02
20251225_03:00:00   1.0250e-01   2.6518e+01   3.3234e+00   0.0000e+00   1.0569e-01   3.7771e+02
20251225_04:00:00   1.0268e-01   2.6560e+01   3.3530e+00   0.0000e+00   9.4669e-02   3.7230e+02
20251225_05:00:00   1.0286e-01   2.6604e+01   3.3807e+00   0.0000e+00   8.1797e-02   3.7216e+02
20251225_06:00:00   1.0267e-01   2.6565e+01   3.3621e+00   0.0000e+00   7.7327e-02   3.7099e+02
20251225_07:00:00   1.0239e-01   2.6499e+01   3.3300e+00   0.0000e+00   7.6326e-02   3.6726e+02
20251225_08:00:00   1.0209e-01   2.6429e+01   3.2954e+00   0.0000e+00   7.0113e-02   3.6782e+02
20251225_09:00:00   1.0174e-01   2.6346e+01   3.2499e+00   0.0000e+00   7.3273e-02   3.6839e+02
20251225_10:00:00   1.0139e-01   2.6267e+01   3.2150e+00   0.0000e+00   6.7219e-02   3.7409e+02
20251225_11:00:00   1.0124e-01   2.6227e+01   3.1869e+00   0.0000e+00   6.9875e-02   3.7099e+02
20251225_12:00:00   1.0113e-01   2.6196e+01   3.1666e+00   0.0000e+00   6.6480e-02   3.6785e+02
20251225_13:00:00   1.0097e-01   2.6152e+01   3.1398e+00   0.0000e+00   5.7916e-02   3.6906e+02
20251225_14:00:00   1.0080e-01   2.6103e+01   3.1082e+00   0.0000e+00   5.6110e-02   3.7010e+02
20251225_15:00:00   1.0088e-01   2.6108e+01   3.0865e+00   0.0000e+00   7.1896e-02   3.6822e+02
20251225_16:00:00   1.0111e-01   2.6143e+01   3.0536e+00   0.0000e+00   1.2460e-01   3.6534e+02
20251225_17:00:00   1.0085e-01   2.6063e+01   2.9517e+00   0.0000e+00   1.5797e-01   3.6290e+02
20251225_18:00:00   9.9606e-02   2.5732e+01   2.7946e+00   0.0000e+00   8.3323e-02   3.6093e+02
20251225_19:00:00   9.8476e-02   2.5441e+01   2.6494e+00   0.0000e+00   5.1480e-02   3.6491e+02
20251225_20:00:00   9.8881e-02   2.5528e+01   2.6735e+00   0.0000e+00   5.7061e-02   3.6774e+02
20251225_21:00:00   9.9177e-02   2.5588e+01   2.6853e+00   0.0000e+00   5.3584e-02   3.6815e+02
20251225_22:00:00   9.9597e-02   2.5677e+01   2.7025e+00   0.0000e+00   5.3072e-02   3.6870e+02
20251225_23:00:00   1.0019e-01   2.5808e+01   2.7351e+00   0.0000e+00   6.8915e-02   3.6837e+02
20251226_00:00:00   1.0085e-01   2.5964e+01   2.7929e+00   0.0000e+00   6.4397e-02   3.6591e+02
20251226_01:00:00   1.0100e-01   2.6004e+01   2.8035e+00   0.0000e+00   5.3407e-02   3.6415e+02
20251226_02:00:00   1.0124e-01   2.6064e+01   2.8278e+00   0.0000e+00   3.6677e-02   3.6243e+02
20251226_03:00:00   1.0150e-01   2.6128e+01   2.8486e+00   0.0000e+00   3.7240e-02   3.5999e+02
20251226_04:00:00   1.0329e-01   2.6525e+01   2.9612e+00   0.0000e+00   1.2493e-01   3.5914e+02
20251226_05:00:00   1.0142e-01   2.6118e+01   2.8117e+00   0.0000e+00   1.2869e-02   3.6152e+02
20251226_06:00:00   1.0075e-01   2.5956e+01   2.7213e+00   0.0000e+00   3.8832e-03   3.6689e+02
20251226_07:00:00   1.0060e-01   2.5918e+01   2.7022e+00   0.0000e+00   8.2477e-03   3.6989e+02
20251226_08:00:00   1.0048e-01   2.5897e+01   2.6812e+00   0.0000e+00   5.3383e-03   3.7029e+02
20251226_09:00:00   9.9872e-02   2.5762e+01   2.6170e+00   0.0000e+00   6.8704e-03   3.6831e+02
20251226_10:00:00   9.8509e-02   2.5478e+01   2.4574e+00   0.0000e+00   3.9782e-03   3.6548e+02
20251226_11:00:00   1.0020e-01   2.5871e+01   2.6604e+00   0.0000e+00   3.1856e-03   3.6393e+02
20251226_12:00:00   1.0357e-01   2.6654e+01   3.0227e+00   0.0000e+00   3.0366e-02   3.6469e+02
20251226_13:00:00   1.0622e-01   2.7271e+01   3.2699e+00   0.0000e+00   1.5201e-01   3.6540e+02
20251226_14:00:00   1.0537e-01   2.7075e+01   3.1805e+00   0.0000e+00   1.1434e-01   3.6792e+02
20251226_15:00:00   1.0649e-01   2.7298e+01   3.2502e+00   0.0000e+00   1.4578e-01   3.7293e+02
20251226_16:00:00   1.0634e-01   2.7249e+01   3.2062e+00   7.3100e-07   1.6840e-01   3.7395e+02
20251226_17:00:00   1.0615e-01   2.7196e+01   3.1717e+00   0.0000e+00   1.9919e-01   3.7004e+02
20251226_18:00:00   1.0585e-01   2.7123e+01   3.1466e+00   0.0000e+00   1.9139e-01   3.6711e+02
20251226_21:00:00   1.0434e-01   2.6840e+01   3.1433e+00   0.0000e+00   4.8416e-02   3.6791e+02
20251227_00:00:00   9.6085e-02   2.4989e+01   2.3868e+00   0.0000e+00   3.1792e-03   3.5850e+02
20251227_03:00:00   8.8374e-02   2.3262e+01   1.6257e+00   0.0000e+00   4.8244e-04   3.6210e+02
20251227_06:00:00   8.3573e-02   2.2207e+01   1.1682e+00   0.0000e+00   0.0000e+00   3.5363e+02
20251227_09:00:00   7.9977e-02   2.1462e+01   9.0353e-01   0.0000e+00   0.0000e+00   3.5844e+02
20251227_12:00:00   7.8767e-02   2.1224e+01   8.6259e-01   0.0000e+00   0.0000e+00   3.6226e+02
20251227_15:00:00   7.9084e-02   2.1300e+01   9.2437e-01   0.0000e+00   3.2084e-04   3.6414e+02
20251227_18:00:00   8.1403e-02   2.1816e+01   1.2232e+00   0.0000e+00   2.2173e-03   3.6789e+02
20251227_21:00:00   8.6605e-02   2.2973e+01   1.7666e+00   0.0000e+00   5.2362e-03   3.7027e+02
20251228_00:00:00   8.9467e-02   2.3607e+01   2.0294e+00   0.0000e+00   7.1123e-03   3.7718e+02
20251228_03:00:00   9.0502e-02   2.3804e+01   2.0373e+00   0.0000e+00   6.2701e-03   3.7695e+02
20251228_06:00:00   9.0035e-02   2.3628e+01   1.8165e+00   0.0000e+00   5.9607e-03   3.7273e+02
20251228_09:00:00   8.8845e-02   2.3274e+01   1.4894e+00   0.0000e+00   8.3326e-04   3.7086e+02
20251228_12:00:00   8.8969e-02   2.3237e+01   1.3813e+00   0.0000e+00   9.7622e-04   3.6650e+02
20251228_15:00:00   9.0704e-02   2.3582e+01   1.4824e+00   0.0000e+00   1.2183e-03   3.6371e+02
20251228_18:00:00   9.1673e-02   2.3759e+01   1.5034e+00   0.0000e+00   1.3888e-03   3.6129e+02
20251228_21:00:00   9.2287e-02   2.3830e+01   1.4639e+00   0.0000e+00   1.0349e-03   3.6484e+02
20251229_00:00:00   9.3236e-02   2.3976e+01   1.4659e+00   0.0000e+00   1.4022e-03   3.6938e+02
20251229_03:00:00   9.4129e-02   2.4137e+01   1.4962e+00   0.0000e+00   2.1417e-03   3.7322e+02
20251229_06:00:00   9.4428e-02   2.4190e+01   1.4559e+00   0.0000e+00   5.0750e-03   3.7531e+02
20251229_09:00:00   9.4285e-02   2.4151e+01   1.3847e+00   0.0000e+00   3.5792e-03   3.6994e+02
20251229_12:00:00   9.4485e-02   2.4208e+01   1.3987e+00   0.0000e+00   3.2440e-03   3.6972e+02
20251229_15:00:00   9.4525e-02   2.4243e+01   1.4435e+00   0.0000e+00   3.3959e-03   3.6827e+02
20251229_18:00:00   9.3381e-02   2.4041e+01   1.3857e+00   0.0000e+00   2.4893e-04   3.6750e+02
20251229_21:00:00   9.1964e-02   2.3797e+01   1.2970e+00   0.0000e+00   1.4520e-05   3.6855e+02
20251230_00:00:00   9.0602e-02   2.3564e+01   1.2087e+00   0.0000e+00   0.0000e+00   3.6386e+02
20251230_03:00:00   8.9186e-02   2.3329e+01   1.1368e+00   0.0000e+00   0.0000e+00   3.6044e+02
20251230_06:00:00   8.6880e-02   2.2930e+01   1.0251e+00   0.0000e+00   0.0000e+00   3.4085e+02
20251230_09:00:00   8.5657e-02   2.2744e+01   1.0553e+00   0.0000e+00   1.3641e-03   3.2839e+02
20251230_12:00:00   8.5687e-02   2.2851e+01   1.2917e+00   0.0000e+00   6.3384e-03   3.4482e+02
20251230_15:00:00   8.7142e-02   2.3265e+01   1.7000e+00   0.0000e+00   8.5245e-03   3.5493e+02
20251230_18:00:00   8.9984e-02   2.3987e+01   2.2434e+00   0.0000e+00   5.6555e-02   3.6672e+02
20251230_21:00:00   9.4186e-02   2.4976e+01   2.8193e+00   0.0000e+00   8.7111e-02   3.6518e+02
20251231_00:00:00   9.5592e-02   2.5313e+01   2.9587e+00   0.0000e+00   1.0111e-03   3.5943e+02
20251231_03:00:00   9.4479e-02   2.5084e+01   2.7025e+00   0.0000e+00   1.7457e-05   3.5323e+02
20251231_06:00:00   9.7465e-02   2.5761e+01   3.0336e+00   0.0000e+00   4.3858e-03   3.6251e+02
20251231_09:00:00   1.0268e-01   2.6984e+01   3.6492e+00   0.0000e+00   2.2375e-03   3.7630e+02
20251231_12:00:00   1.0946e-01   2.8609e+01   4.6014e+00   0.0000e+00   5.8450e-03   3.7130e+02
20251231_15:00:00   1.2188e-01   3.1544e+01   6.2283e+00   0.0000e+00   1.3823e-01   3.7315e+02
20251231_18:00:00   1.3566e-01   3.4820e+01   8.0056e+00   0.0000e+00   4.0767e-02   3.7411e+02
20251231_21:00:00   1.4567e-01   3.7243e+01   9.3102e+00   0.0000e+00   4.2913e-02   3.7709e+02
20260101_00:00:00   1.5736e-01   4.0038e+01   1.0578e+01   0.0000e+00   4.2772e-01   3.6436e+02
20260101_03:00:00   1.6022e-01   4.0923e+01   1.1037e+01   0.0000e+00   8.8889e-02   3.6741e+02
20260101_06:00:00   1.6644e-01   4.2483e+01   1.1787e+01   1.1505e-04   7.1234e-02   3.4457e+02
20260101_09:00:00   2.0027e-01   5.0169e+01   1.2001e+01   3.5064e-02   7.5874e-02   3.2374e+02
20260101_12:00:00   1.7092e-01   4.3762e+01   1.0967e+01   9.2475e-03   8.5350e-02   3.1202e+02
20260101_15:00:00   1.5736e-01   4.0731e+01   1.0055e+01   2.4339e-03   2.7804e-03   3.0682e+02
20260101_18:00:00   2.4782e-01   6.0304e+01   1.0540e+01   1.0050e-01   2.4054e-02   3.0372e+02
20260101_21:00:00   2.0968e-01   5.2163e+01   1.0797e+01   5.6837e-02   9.1079e-03   3.1629e+02
20260102_00:00:00   1.6702e-01   4.2619e+01   1.0900e+01   6.8309e-03   3.3842e-02   3.3486e+02
20260102_03:00:00   1.4354e-01   3.7067e+01   8.4311e+00   0.0000e+00   3.6670e-01   3.1398e+02
20260102_06:00:00   1.2138e-01   3.1868e+01   5.4876e+00   1.2472e-03   1.5172e-02   3.5080e+02
20260102_09:00:00   1.1995e-01   3.1522e+01   5.4865e+00   1.7663e-03   2.0086e-03   3.6049e+02
20260102_12:00:00   1.1365e-01   3.0311e+01   5.3569e+00   0.0000e+00   1.5245e-04   3.3723e+02
20260102_15:00:00   1.0683e-01   2.8860e+01   4.8283e+00   0.0000e+00   3.5412e-06   3.3455e+02
20260102_18:00:00   1.0599e-01   2.8742e+01   5.1097e+00   0.0000e+00   1.0428e-04   3.1703e+02
20260102_21:00:00   9.9087e-02   2.7232e+01   4.1228e+00   0.0000e+00   4.1628e-04   3.1956e+02
20260103_00:00:00   9.4597e-02   2.6211e+01   3.5732e+00   0.0000e+00   1.5246e-04   3.0633e+02
20260103_03:00:00   9.1826e-02   2.5526e+01   3.2832e+00   0.0000e+00   3.3439e-05   3.1093e+02
20260103_06:00:00   8.8155e-02   2.4592e+01   2.8664e+00   0.0000e+00   2.2773e-04   3.0893e+02
20260103_09:00:00   8.7821e-02   2.4489e+01   2.9315e+00   0.0000e+00   6.3156e-04   3.0933e+02
20260103_12:00:00   8.7590e-02   2.4412e+01   2.9508e+00   0.0000e+00   7.1011e-04   3.1183e+02
20260103_15:00:00   8.9897e-02   2.4965e+01   3.3644e+00   0.0000e+00   3.2995e-04   3.1221e+02
20260103_18:00:00   8.9919e-02   2.4981e+01   3.3704e+00   0.0000e+00   8.7492e-05   3.0886e+02
20260103_21:00:00   8.8936e-02   2.4758e+01   3.2063e+00   0.0000e+00   2.2520e-05   3.1035e+02
20260104_00:00:00   8.9038e-02   2.4785e+01   3.2086e+00   0.0000e+00   1.3257e-04   3.1565e+02
20260104_03:00:00   8.9199e-02   2.4800e+01   3.2107e+00   0.0000e+00   0.0000e+00   3.2222e+02
20260104_06:00:00   9.0996e-02   2.5201e+01   3.5186e+00   0.0000e+00   0.0000e+00   3.1814e+02
20260104_09:00:00   8.9784e-02   2.4922e+01   3.2738e+00   0.0000e+00   4.0780e-05   3.1828e+02
20260104_12:00:00   8.8917e-02   2.4680e+01   3.1130e+00   0.0000e+00   0.0000e+00   3.2273e+02
20260104_15:00:00   8.8583e-02   2.4545e+01   3.0646e+00   0.0000e+00   0.0000e+00   3.2747e+02
20260104_18:00:00   8.6752e-02   2.4062e+01   2.8125e+00   0.0000e+00   0.0000e+00   3.3483e+02
20260104_21:00:00   8.3818e-02   2.3293e+01   2.3698e+00   0.0000e+00   0.0000e+00   3.3448e+02
20260105_00:00:00   8.2363e-02   2.2894e+01   2.1651e+00   0.0000e+00   0.0000e+00   3.3091e+02
20260105_03:00:00   8.0951e-02   2.2504e+01   1.9420e+00   0.0000e+00   0.0000e+00   3.2412e+02
20260105_06:00:00   7.8695e-02   2.1945e+01   1.6277e+00   0.0000e+00   0.0000e+00   3.1725e+02
20260105_09:00:00   7.7408e-02   2.1627e+01   1.4758e+00   0.0000e+00   0.0000e+00   3.1561e+02
20260105_12:00:00   7.5686e-02   2.1230e+01   1.1820e+00   0.0000e+00   1.4276e-06   3.1995e+02
20260105_15:00:00   7.6777e-02   2.1510e+01   1.3707e+00   0.0000e+00   0.0000e+00   3.2198e+02
20260105_18:00:00   7.6459e-02   2.1446e+01   1.3376e+00   0.0000e+00   0.0000e+00   3.2184e+02
20260105_21:00:00   7.6250e-02   2.1411e+01   1.2935e+00   0.0000e+00   0.0000e+00   3.2475e+02
20260106_00:00:00   7.7165e-02   2.1632e+01   1.3993e+00   0.0000e+00   0.0000e+00   3.2946e+02
20260106_03:00:00   7.7849e-02   2.1813e+01   1.4487e+00   0.0000e+00   0.0000e+00   3.2739e+02
20260106_06:00:00   8.1261e-02   2.2615e+01   1.8570e+00   0.0000e+00   0.0000e+00   3.2181e+02
20260106_09:00:00   8.9954e-02   2.4675e+01   2.9293e+00   0.0000e+00   0.0000e+00   3.2428e+02
20260106_12:00:00   9.6029e-02   2.6079e+01   3.6270e+00   0.0000e+00   0.0000e+00   3.2791e+02
20260106_15:00:00   9.6172e-02   2.6051e+01   3.6104e+00   0.0000e+00   0.0000e+00   3.3204e+02
20260106_18:00:00   8.5732e-02   2.3525e+01   2.2245e+00   0.0000e+00   0.0000e+00   3.3464e+02
