#            date       tau255        Tb[K]      pwv[mm] lwp[kg*m^-2] iwp[kg*m^-2]       o3[DU]
20251209_00:00:00   1.0806e-01   2.8718e+01   5.1389e+00   0.0000e+00   4.2217e-05   3.1305e+02
20251209_01:00:00   1.0771e-01   2.8650e+01   5.1197e+00   0.0000e+00   3.5715e-05   3.1215e+02
20251209_02:00:00   1.0711e-01   2.8525e+01   5.0642e+00   0.0000e+00   4.8336e-05   3.1250e+02
20251209_03:00:00   1.0642e-01   2.8377e+01   4.9891e+00   0.0000e+00   2.8654e-04   3.1459e+02
20251209_04:00:00   1.0593e-01   2.8270e+01   4.9427e+00   0.0000e+00   4.9961e-04   3.1748e+02
20251209_05:00:00   1.0568e-01   2.8215e+01   4.9298e+00   0.0000e+00   3.0771e-04   3.2057e+02
20251209_06:00:00   1.0539e-01   2.8149e+01   4.9050e+00   0.0000e+00   5.6128e-05   3.2236e+02
20251209_07:00:00   1.0508e-01   2.8082e+01   4.8761e+00   0.0000e+00   3.1114e-05   3.2351e+02
20251209_08:00:00   1.0445e-01   2.7944e+01   4.8109e+00   0.0000e+00   2.2678e-05   3.2562e+02
20251209_09:00:00   1.0363e-01   2.7762e+01   4.7162e+00   0.0000e+00   1.6608e-05   3.2803e+02
20251209_10:00:00   1.0301e-01   2.7626e+01   4.6475e+00   0.0000e+00   1.6316e-05   3.2988e+02
20251209_11:00:00   1.0219e-01   2.7436e+01   4.5480e+00   0.0000e+00   1.6316e-05   3.3190e+02
20251209_12:00:00   1.0133e-01   2.7242e+01   4.4482e+00   0.0000e+00   1.6316e-05   3.3451e+02
20251209_13:00:00   1.0046e-01   2.7045e+01   4.3489e+00   0.0000e+00   1.6316e-05   3.3638e+02
20251209_14:00:00   9.9630e-02   2.6859e+01   4.2559e+00   0.0000e+00   8.1580e-06   3.3755e+02
20251209_15:00:00   9.8987e-02   2.6710e+01   4.1792e+00   0.0000e+00   1.6316e-05   3.4021e+02
20251209_16:00:00   9.8339e-02   2.6564e+01   4.1069e+00   0.0000e+00   1.6316e-05   3.4215e+02
20251209_17:00:00   9.7729e-02   2.6424e+01   4.0373e+00   0.0000e+00   1.5174e-05   3.4318e+02
20251209_18:00:00   9.7306e-02   2.6322e+01   3.9836e+00   0.0000e+00   8.1580e-06   3.4465e+02
20251209_19:00:00   9.6994e-02   2.6249e+01   3.9447e+00   0.0000e+00   0.0000e+00   3.4582e+02
20251209_20:00:00   9.6472e-02   2.6128e+01   3.8824e+00   0.0000e+00   7.0160e-06   3.4602e+02
20251209_21:00:00   9.5908e-02   2.5999e+01   3.8177e+00   0.0000e+00   0.0000e+00   3.4463e+02
20251209_22:00:00   9.5507e-02   2.5904e+01   3.7704e+00   0.0000e+00   0.0000e+00   3.4317e+02
20251209_23:00:00   9.5516e-02   2.5895e+01   3.7650e+00   0.0000e+00   0.0000e+00   3.4074e+02
20251210_00:00:00   9.5264e-02   2.5837e+01   3.7391e+00   0.0000e+00   0.0000e+00   3.3824e+02
20251210_01:00:00   9.5091e-02   2.5784e+01   3.7060e+00   0.0000e+00   0.0000e+00   3.3669e+02
20251210_02:00:00   9.5119e-02   2.5785e+01   3.7025e+00   0.0000e+00   0.0000e+00   3.3399e+02
20251210_03:00:00   9.5301e-02   2.5816e+01   3.7058e+00   0.0000e+00   0.0000e+00   3.3332e+02
20251210_04:00:00   9.5334e-02   2.5814e+01   3.6988e+00   0.0000e+00   0.0000e+00   3.3475e+02
20251210_05:00:00   9.5747e-02   2.5902e+01   3.7439e+00   0.0000e+00   0.0000e+00   3.3575e+02
20251210_06:00:00   9.5904e-02   2.5932e+01   3.7643e+00   0.0000e+00   0.0000e+00   3.3708e+02
20251210_07:00:00   9.5733e-02   2.5880e+01   3.7381e+00   0.0000e+00   1.1420e-06   3.3729e+02
20251210_08:00:00   9.5631e-02   2.5839e+01   3.7084e+00   0.0000e+00   4.9200e-05   3.3825e+02
20251210_09:00:00   9.6006e-02   2.5919e+01   3.7441e+00   0.0000e+00   2.6100e-05   3.3912e+02
20251210_10:00:00   9.6155e-02   2.5952e+01   3.7522e+00   0.0000e+00   2.8560e-06   3.4215e+02
20251210_11:00:00   9.6684e-02   2.6073e+01   3.8101e+00   0.0000e+00   0.0000e+00   3.4525e+02
20251210_12:00:00   9.7429e-02   2.6246e+01   3.9056e+00   0.0000e+00   0.0000e+00   3.4880e+02
20251210_13:00:00   9.8244e-02   2.6430e+01   4.0100e+00   0.0000e+00   0.0000e+00   3.5017e+02
20251210_14:00:00   9.8910e-02   2.6585e+01   4.0958e+00   0.0000e+00   0.0000e+00   3.5006e+02
20251210_15:00:00   9.9664e-02   2.6750e+01   4.1784e+00   0.0000e+00   0.0000e+00   3.4921e+02
20251210_16:00:00   1.0018e-01   2.6858e+01   4.2260e+00   0.0000e+00   0.0000e+00   3.4913e+02
20251210_17:00:00   1.0054e-01   2.6937e+01   4.2499e+00   0.0000e+00   5.2200e-06   3.4901e+02
20251210_18:00:00   1.0053e-01   2.6925e+01   4.2283e+00   0.0000e+00   7.0160e-06   3.4971e+02
20251210_19:00:00   1.0068e-01   2.6944e+01   4.2317e+00   0.0000e+00   8.1580e-06   3.5111e+02
20251210_20:00:00   1.0099e-01   2.7011e+01   4.2594e+00   0.0000e+00   8.1580e-06   3.5184e+02
20251210_21:00:00   1.0119e-01   2.7050e+01   4.2657e+00   0.0000e+00   8.1580e-06   3.5155e+02
20251210_22:00:00   1.0105e-01   2.7006e+01   4.2353e+00   0.0000e+00   8.1580e-06   3.5203e+02
20251210_23:00:00   1.0096e-01   2.6971e+01   4.1960e+00   0.0000e+00   0.0000e+00   3.5135e+02
20251211_00:00:00   1.0049e-01   2.6845e+01   4.1135e+00   0.0000e+00   0.0000e+00   3.5273e+02
20251211_01:00:00   1.0072e-01   2.6877e+01   4.1172e+00   0.0000e+00   0.0000e+00   3.5403e+02
20251211_02:00:00   1.0093e-01   2.6898e+01   4.1165e+00   0.0000e+00   8.4980e-07   3.5302e+02
20251211_03:00:00   1.0122e-01   2.6941e+01   4.1262e+00   0.0000e+00   0.0000e+00   3.5284e+02
20251211_04:00:00   1.0193e-01   2.7077e+01   4.1852e+00   0.0000e+00   0.0000e+00   3.5364e+02
20251211_05:00:00   1.0323e-01   2.7354e+01   4.3420e+00   0.0000e+00   8.6481e-07   3.5512e+02
20251211_06:00:00   1.0480e-01   2.7688e+01   4.5255e+00   0.0000e+00   2.4581e-06   3.5502e+02
20251211_07:00:00   1.0590e-01   2.7918e+01   4.6235e+00   0.0000e+00   2.8955e-06   3.5523e+02
20251211_08:00:00   1.0705e-01   2.8165e+01   4.7116e+00   0.0000e+00   3.8554e-05   3.5565e+02
20251211_09:00:00   1.0837e-01   2.8443e+01   4.8102e+00   0.0000e+00   3.8668e-04   3.5652e+02
20251211_10:00:00   1.0959e-01   2.8697e+01   4.8852e+00   0.0000e+00   1.1036e-03   3.5592e+02
20251211_11:00:00   1.0972e-01   2.8703e+01   4.8215e+00   0.0000e+00   2.1140e-03   3.4950e+02
20251211_12:00:00   1.0890e-01   2.8493e+01   4.6593e+00   0.0000e+00   2.4056e-03   3.4343e+02
20251211_13:00:00   1.0548e-01   2.7688e+01   4.2139e+00   0.0000e+00   2.7232e-03   3.4114e+02
20251211_14:00:00   1.0084e-01   2.6600e+01   3.6288e+00   0.0000e+00   2.9074e-03   3.4058e+02
20251211_15:00:00   9.7573e-02   2.5818e+01   3.2138e+00   0.0000e+00   3.4509e-03   3.3826e+02
20251211_16:00:00   9.5056e-02   2.5217e+01   2.8574e+00   4.7359e-05   3.9086e-03   3.3750e+02
20251211_17:00:00   9.0836e-02   2.4238e+01   2.2200e+00   4.9136e-05   3.8290e-03   3.3659e+02
20251211_18:00:00   8.9167e-02   2.3842e+01   1.9621e+00   0.0000e+00   3.1100e-03   3.3474e+02
20251211_19:00:00   8.8588e-02   2.3693e+01   1.8702e+00   0.0000e+00   2.2911e-03   3.3470e+02
20251211_20:00:00   8.7904e-02   2.3524e+01   1.7827e+00   0.0000e+00   1.2354e-03   3.3597e+02
20251211_21:00:00   8.7478e-02   2.3414e+01   1.7215e+00   0.0000e+00   7.4966e-04   3.3685e+02
20251211_22:00:00   8.7290e-02   2.3361e+01   1.6876e+00   0.0000e+00   6.0700e-04   3.3787e+02
20251211_23:00:00   8.7125e-02   2.3311e+01   1.6525e+00   0.0000e+00   5.9506e-04   3.4159e+02
20251212_00:00:00   8.6966e-02   2.3267e+01   1.6272e+00   0.0000e+00   6.1489e-04   3.4205e+02
20251212_01:00:00   8.6766e-02   2.3218e+01   1.6063e+00   0.0000e+00   4.6626e-04   3.4260e+02
20251212_02:00:00   8.6434e-02   2.3138e+01   1.5753e+00   0.0000e+00   4.0540e-04   3.4474e+02
20251212_03:00:00   8.6058e-02   2.3047e+01   1.5424e+00   0.0000e+00   2.9448e-04   3.4002e+02
20251212_04:00:00   8.5715e-02   2.2963e+01   1.5116e+00   0.0000e+00   1.7474e-04   3.3645e+02
20251212_05:00:00   8.5453e-02   2.2905e+01   1.4941e+00   0.0000e+00   1.0033e-04   3.3746e+02
20251212_06:00:00   8.5254e-02   2.2860e+01   1.4787e+00   0.0000e+00   1.3397e-04   3.3709e+02
20251212_07:00:00   8.5029e-02   2.2809e+01   1.4604e+00   0.0000e+00   8.9088e-05   3.3366e+02
20251212_08:00:00   8.4720e-02   2.2739e+01   1.4362e+00   0.0000e+00   5.8578e-06   3.3243e+02
20251212_09:00:00   8.4440e-02   2.2675e+01   1.4149e+00   0.0000e+00   9.7920e-07   3.3668e+02
20251212_10:00:00   8.3996e-02   2.2574e+01   1.3736e+00   0.0000e+00   1.2469e-06   3.4259e+02
20251212_11:00:00   8.3691e-02   2.2498e+01   1.3389e+00   0.0000e+00   9.6110e-07   3.4956e+02
20251212_12:00:00   8.3325e-02   2.2415e+01   1.3059e+00   0.0000e+00   7.4240e-07   3.5176e+02
20251212_13:00:00   8.3084e-02   2.2359e+01   1.2834e+00   0.0000e+00   7.4800e-07   3.5149e+02
20251212_14:00:00   8.2867e-02   2.2313e+01   1.2746e+00   0.0000e+00   0.0000e+00   3.4895e+02
20251212_15:00:00   8.2860e-02   2.2308e+01   1.2819e+00   0.0000e+00   0.0000e+00   3.5010e+02
20251212_16:00:00   8.2766e-02   2.2286e+01   1.2801e+00   0.0000e+00   0.0000e+00   3.5162e+02
20251212_17:00:00   8.2702e-02   2.2267e+01   1.2732e+00   0.0000e+00   0.0000e+00   3.5142e+02
20251212_18:00:00   8.2562e-02   2.2230e+01   1.2563e+00   0.0000e+00   0.0000e+00   3.5597e+02
20251212_19:00:00   8.2494e-02   2.2209e+01   1.2534e+00   0.0000e+00   1.7653e-06   3.6319e+02
20251212_20:00:00   8.2372e-02   2.2177e+01   1.2440e+00   0.0000e+00   1.9930e-06   3.6847e+02
20251212_21:00:00   8.2379e-02   2.2169e+01   1.2460e+00   0.0000e+00   3.7852e-07   3.7335e+02
20251212_22:00:00   8.2428e-02   2.2170e+01   1.2494e+00   0.0000e+00   6.0380e-07   3.7691e+02
20251212_23:00:00   8.2465e-02   2.2165e+01   1.2350e+00   0.0000e+00   6.4922e-07   3.7770e+02
20251213_00:00:00   8.2500e-02   2.2162e+01   1.2288e+00   0.0000e+00   6.5072e-07   3.7427e+02
20251213_01:00:00   8.2687e-02   2.2194e+01   1.2450e+00   0.0000e+00   5.7857e-07   3.6923e+02
20251213_02:00:00   8.2799e-02   2.2211e+01   1.2549e+00   0.0000e+00   1.9678e-05   3.6366e+02
20251213_03:00:00   8.2960e-02   2.2240e+01   1.2733e+00   0.0000e+00   6.5227e-05   3.6026e+02
20251213_04:00:00   8.3033e-02   2.2253e+01   1.2839e+00   0.0000e+00   5.2834e-05   3.5872e+02
20251213_05:00:00   8.3148e-02   2.2272e+01   1.2904e+00   0.0000e+00   4.4268e-05   3.5601e+02
20251213_06:00:00   8.3348e-02   2.2309e+01   1.3023e+00   0.0000e+00   8.7491e-05   3.5042e+02
20251213_07:00:00   8.3510e-02   2.2339e+01   1.3155e+00   0.0000e+00   1.0566e-04   3.4840e+02
20251213_08:00:00   8.3757e-02   2.2389e+01   1.3369e+00   0.0000e+00   1.4839e-04   3.4846e+02
20251213_09:00:00   8.4089e-02   2.2462e+01   1.3739e+00   0.0000e+00   2.2475e-04   3.4898e+02
20251213_10:00:00   8.4246e-02   2.2497e+01   1.3948e+00   0.0000e+00   2.0794e-04   3.4968e+02
20251213_11:00:00   8.4184e-02   2.2476e+01   1.3856e+00   0.0000e+00   1.2314e-04   3.5144e+02
20251213_12:00:00   8.4092e-02   2.2446e+01   1.3752e+00   0.0000e+00   9.6756e-05   3.5299e+02
20251213_13:00:00   8.4097e-02   2.2431e+01   1.3671e+00   0.0000e+00   4.8439e-05   3.5293e+02
20251213_14:00:00   8.4052e-02   2.2410e+01   1.3546e+00   0.0000e+00   2.4275e-05   3.5191e+02
20251213_15:00:00   8.4236e-02   2.2442e+01   1.3698e+00   0.0000e+00   7.9624e-05   3.5114e+02
20251213_16:00:00   8.4482e-02   2.2494e+01   1.3971e+00   0.0000e+00   1.1426e-04   3.5086e+02
20251213_17:00:00   8.4541e-02   2.2501e+01   1.3991e+00   0.0000e+00   1.5910e-04   3.5119e+02
20251213_18:00:00   8.4513e-02   2.2487e+01   1.3873e+00   0.0000e+00   1.0472e-04   3.5037e+02
20251213_19:00:00   8.4428e-02   2.2461e+01   1.3693e+00   0.0000e+00   7.0330e-05   3.4675e+02
20251213_20:00:00   8.4455e-02   2.2454e+01   1.3586e+00   0.0000e+00   1.9394e-05   3.4353e+02
20251213_21:00:00   8.4526e-02   2.2460e+01   1.3587e+00   0.0000e+00   5.9510e-06   3.4326e+02
20251213_22:00:00   8.4680e-02   2.2483e+01   1.3619e+00   0.0000e+00   3.4747e-05   3.4561e+02
20251213_23:00:00   8.4983e-02   2.2541e+01   1.3889e+00   0.0000e+00   9.4073e-05   3.4986e+02
20251214_00:00:00   8.5373e-02   2.2612e+01   1.4239e+00   0.0000e+00   1.5248e-04   3.5266e+02
20251214_03:00:00   8.5916e-02   2.2699e+01   1.4544e+00   0.0000e+00   1.8507e-04   3.5683e+02
20251214_06:00:00   8.6018e-02   2.2683e+01   1.4220e+00   0.0000e+00   6.1973e-05   3.6377e+02
20251214_09:00:00   8.6581e-02   2.2787e+01   1.4590e+00   0.0000e+00   1.6992e-04   3.7167e+02
20251214_12:00:00   8.6309e-02   2.2712e+01   1.3829e+00   0.0000e+00   1.8114e-04   3.7921e+02
20251214_15:00:00   8.5823e-02   2.2599e+01   1.3146e+00   0.0000e+00   5.8857e-05   3.8537e+02
20251214_18:00:00   8.5191e-02   2.2465e+01   1.2356e+00   0.0000e+00   6.5240e-07   3.9072e+02
20251214_21:00:00   8.4545e-02   2.2336e+01   1.1637e+00   0.0000e+00   0.0000e+00   4.0061e+02
20251215_00:00:00   8.4052e-02   2.2242e+01   1.1237e+00   0.0000e+00   0.0000e+00   4.0303e+02
20251215_03:00:00   8.3587e-02   2.2157e+01   1.1015e+00   0.0000e+00   0.0000e+00   4.0605e+02
20251215_06:00:00   8.2937e-02   2.2036e+01   1.0535e+00   0.0000e+00   0.0000e+00   3.9259e+02
20251215_09:00:00   8.2270e-02   2.1921e+01   1.0340e+00   0.0000e+00   0.0000e+00   3.8420e+02
20251215_12:00:00   8.1898e-02   2.1866e+01   1.0575e+00   0.0000e+00   0.0000e+00   3.7763e+02
20251215_15:00:00   8.1692e-02   2.1845e+01   1.1104e+00   0.0000e+00   0.0000e+00   3.8310e+02
20251215_18:00:00   8.1587e-02   2.1832e+01   1.1515e+00   0.0000e+00   0.0000e+00   3.6393e+02
20251215_21:00:00   8.1504e-02   2.1821e+01   1.1764e+00   0.0000e+00   0.0000e+00   3.7553e+02
20251216_00:00:00   8.2413e-02   2.2011e+01   1.2731e+00   0.0000e+00   9.0213e-05   3.7031e+02
20251216_03:00:00   8.3861e-02   2.2317e+01   1.4158e+00   0.0000e+00   4.9788e-04   3.7346e+02
20251216_06:00:00   8.5157e-02   2.2574e+01   1.5236e+00   0.0000e+00   1.4634e-03   3.6794e+02
20251216_09:00:00   8.5863e-02   2.2700e+01   1.5645e+00   0.0000e+00   1.7615e-03   3.7246e+02
20251216_12:00:00   8.5909e-02   2.2709e+01   1.5696e+00   0.0000e+00   6.2420e-04   3.7526e+02
20251216_15:00:00   8.4871e-02   2.2488e+01   1.4696e+00   0.0000e+00   1.0920e-04   3.7782e+02
20251216_18:00:00   8.3646e-02   2.2238e+01   1.3713e+00   0.0000e+00   3.6411e-05   3.7924e+02
20251216_21:00:00   8.2229e-02   2.1966e+01   1.2966e+00   0.0000e+00   6.3620e-06   3.9014e+02
20251217_00:00:00   8.0858e-02   2.1721e+01   1.2639e+00   0.0000e+00   0.0000e+00   3.8932e+02
20251217_03:00:00   8.0284e-02   2.1673e+01   1.3652e+00   0.0000e+00   0.0000e+00   3.8703e+02
20251217_06:00:00   7.9232e-02   2.1531e+01   1.4111e+00   0.0000e+00   0.0000e+00   3.8135e+02
20251217_09:00:00   7.7919e-02   2.1317e+01   1.4229e+00   0.0000e+00   8.9395e-04   3.7068e+02
20251217_12:00:00   7.8346e-02   2.1479e+01   1.6766e+00   0.0000e+00   1.3514e-03   3.6979e+02
20251217_15:00:00   8.3692e-02   2.2755e+01   2.5598e+00   0.0000e+00   3.7748e-02   3.7247e+02
20251217_18:00:00   8.9605e-02   2.4121e+01   3.3410e+00   0.0000e+00   1.9143e-02   3.7273e+02
20251217_21:00:00   9.3463e-02   2.4995e+01   3.6422e+00   0.0000e+00   9.4982e-03   3.6836e+02
20251218_00:00:00   9.2297e-02   2.4665e+01   3.2959e+00   0.0000e+00   1.2654e-03   3.4620e+02
20251218_03:00:00   9.5845e-02   2.5375e+01   3.5336e+00   2.2922e-04   6.0973e-03   3.4208e+02
20251218_06:00:00   9.6732e-02   2.5473e+01   3.4745e+00   3.1200e-05   1.6573e-02   3.3842e+02
20251218_09:00:00   9.4715e-02   2.4937e+01   3.0204e+00   0.0000e+00   5.6634e-03   3.3556e+02
20251218_12:00:00   9.2057e-02   2.4346e+01   2.4083e+00   0.0000e+00   5.5533e-03   3.4520e+02
20251218_15:00:00   8.9330e-02   2.3669e+01   2.0015e+00   0.0000e+00   4.7920e-03   3.4184e+02
20251218_18:00:00   8.7769e-02   2.3286e+01   1.8009e+00   0.0000e+00   2.1514e-03   3.4449e+02
20251218_21:00:00   8.6736e-02   2.3059e+01   1.7029e+00   0.0000e+00   3.6987e-04   3.5333e+02
20251219_00:00:00   8.6462e-02   2.3011e+01   1.7044e+00   0.0000e+00   1.0445e-04   3.5125e+02
20251219_03:00:00   8.6176e-02   2.2980e+01   1.7230e+00   0.0000e+00   9.6199e-05   3.5303e+02
20251219_06:00:00   8.6231e-02   2.3021e+01   1.7788e+00   0.0000e+00   3.0542e-03   3.5775e+02
20251219_09:00:00   8.6157e-02   2.3021e+01   1.8273e+00   0.0000e+00   5.7954e-03   3.5889e+02
20251219_12:00:00   8.4709e-02   2.2719e+01   1.7465e+00   0.0000e+00   1.2991e-02   3.5879e+02
20251219_15:00:00   8.3147e-02   2.2377e+01   1.6660e+00   0.0000e+00   3.7820e-03   3.5996e+02
20251219_18:00:00   8.1976e-02   2.2139e+01   1.6534e+00   0.0000e+00   1.1118e-03   3.5761e+02
20251219_21:00:00   8.0359e-02   2.1832e+01   1.5766e+00   0.0000e+00   1.8730e-06   3.4660e+02
20251220_00:00:00   7.8331e-02   2.1417e+01   1.4099e+00   0.0000e+00   0.0000e+00   3.3068e+02
20251220_03:00:00   7.7555e-02   2.1293e+01   1.4352e+00   0.0000e+00   0.0000e+00   3.3488e+02
20251220_06:00:00   7.8334e-02   2.1506e+01   1.5959e+00   0.0000e+00   0.0000e+00   3.4338e+02
20251220_09:00:00   7.8879e-02   2.1641e+01   1.6767e+00   0.0000e+00   0.0000e+00   3.5490e+02
20251220_12:00:00   7.9155e-02   2.1663e+01   1.6318e+00   0.0000e+00   0.0000e+00   3.5733e+02
20251220_15:00:00   8.5683e-02   2.3165e+01   2.2490e+00   0.0000e+00   1.6118e-05   3.5354e+02
20251220_18:00:00   1.0736e-01   2.8257e+01   4.9863e+00   3.2200e-06   1.6960e-03   3.4600e+02
20251220_21:00:00   1.0789e-01   2.8330e+01   4.9519e+00   0.0000e+00   5.0363e-03   3.4796e+02
20251221_00:00:00   9.6818e-02   2.5662e+01   3.7264e+00   0.0000e+00   4.7094e-04   3.4470e+02
20251221_03:00:00   8.2563e-02   2.2331e+01   1.8373e+00   0.0000e+00   0.0000e+00   3.8663e+02
20251221_06:00:00   7.9767e-02   2.1657e+01   1.5119e+00   0.0000e+00   0.0000e+00   3.8127e+02
20251221_09:00:00   8.0532e-02   2.1826e+01   1.6277e+00   0.0000e+00   0.0000e+00   3.6699e+02
20251221_12:00:00   9.8150e-02   2.5860e+01   3.5703e+00   0.0000e+00   9.4471e-02   3.6306e+02
20251221_15:00:00   1.0140e-01   2.6579e+01   3.8792e+00   0.0000e+00   4.4103e-02   3.5721e+02
20251221_18:00:00   9.8703e-02   2.5964e+01   3.5322e+00   0.0000e+00   6.5383e-03   3.5772e+02
20251221_21:00:00   1.0104e-01   2.6515e+01   3.7713e+00   0.0000e+00   3.2581e-02   3.5370e+02
20251222_00:00:00   1.0307e-01   2.7014e+01   3.9923e+00   0.0000e+00   2.5302e-02   3.5129e+02
20251222_03:00:00   1.0396e-01   2.7273e+01   4.1716e+00   0.0000e+00   1.3907e-02   3.5241e+02
20251222_06:00:00   1.0688e-01   2.7959e+01   4.4725e+00   0.0000e+00   3.7797e-02   3.5435e+02
20251222_09:00:00   1.0394e-01   2.7257e+01   4.0859e+00   0.0000e+00   1.9291e-03   3.5194e+02
20251222_12:00:00   1.0130e-01   2.6678e+01   3.8063e+00   0.0000e+00   1.0109e-03   3.5261e+02
20251222_15:00:00   1.0938e-01   2.8479e+01   4.6389e+00   0.0000e+00   1.1349e-02   3.5007e+02
20251222_18:00:00   1.0349e-01   2.7085e+01   3.8499e+00   0.0000e+00   5.8071e-03   3.5051e+02
20251222_21:00:00   1.1054e-01   2.8691e+01   4.5922e+00   0.0000e+00   2.7871e-02   3.5025e+02
20251223_00:00:00   1.1386e-01   2.9476e+01   4.8984e+00   0.0000e+00   8.5439e-02   3.5158e+02
20251223_03:00:00   1.0193e-01   2.6693e+01   3.6400e+00   0.0000e+00   1.8134e-02   3.5982e+02
20251223_06:00:00   9.6016e-02   2.5290e+01   3.0417e+00   0.0000e+00   4.9918e-02   3.6478e+02
20251223_09:00:00   9.4816e-02   2.5013e+01   3.0492e+00   0.0000e+00   4.7121e-02   3.6933e+02
20251223_12:00:00   9.3290e-02   2.4674e+01   3.0722e+00   0.0000e+00   4.2362e-02   3.6862e+02
20251223_15:00:00   9.0146e-02   2.3950e+01   2.7297e+00   0.0000e+00   8.1770e-02   3.6710e+02
20251223_18:00:00   8.7791e-02   2.3384e+01   2.3725e+00   0.0000e+00   2.2737e-03   3.6480e+02
20251223_21:00:00   9.0163e-02   2.3901e+01   2.5008e+00   0.0000e+00   4.3036e-04   3.6683e+02
20251224_00:00:00   1.0129e-01   2.6453e+01   3.6587e+00   0.0000e+00   3.9954e-02   3.7485e+02
20251224_03:00:00   1.0153e-01   2.6515e+01   3.5879e+00   5.3340e-05   1.1021e-02   3.7568e+02
20251224_06:00:00   1.0127e-01   2.6332e+01   3.3687e+00   5.6628e-05   1.7163e-02   3.7361e+02
20251224_09:00:00   1.0095e-01   2.6169e+01   3.1667e+00   0.0000e+00   2.6410e-02   3.7039e+02
20251224_12:00:00   1.0304e-01   2.6597e+01   3.2636e+00   0.0000e+00   7.9687e-02   3.6821e+02
20251224_15:00:00   1.0434e-01   2.6880e+01   3.3725e+00   0.0000e+00   6.4506e-02   3.6711e+02
20251224_18:00:00   1.0438e-01   2.6882e+01   3.3592e+00   0.0000e+00   2.1266e-02   3.7102e+02
20251224_21:00:00   1.0532e-01   2.7074e+01   3.4114e+00   0.0000e+00   3.5839e-02   3.7346e+02
20251225_00:00:00   1.0677e-01   2.7418e+01   3.5411e+00   0.0000e+00   8.3508e-02   3.7046e+02
