#            date       tau255        Tb[K]      pwv[mm] lwp[kg*m^-2] iwp[kg*m^-2]       o3[DU]
20260706_06:00:00   8.1835e-01   1.5387e+02   2.3771e+01   6.4297e-01   6.3649e-01   3.2541e+02
20260706_07:00:00   4.5624e-01   1.0191e+02   2.2917e+01   2.4499e-01   2.4104e-01   3.2857e+02
20260706_08:00:00   6.0131e-01   1.2474e+02   2.2315e+01   4.1231e-01   2.7435e-01   3.2879e+02
20260706_09:00:00   5.5707e-01   1.1827e+02   2.1546e+01   3.7259e-01   1.9302e-01   3.2931e+02
20260706_10:00:00   6.9907e-01   1.3871e+02   2.2566e+01   5.1907e-01   3.3019e-01   3.3092e+02
20260706_11:00:00   7.0748e-01   1.3949e+02   2.3243e+01   5.1782e-01   9.2620e-01   3.3018e+02
20260706_12:00:00   1.0439e+00   1.7763e+02   2.3133e+01   8.9899e-01   6.4393e-01   3.3279e+02
20260706_13:00:00   1.0379e+00   1.7697e+02   2.2503e+01   8.9872e-01   5.6535e-01   3.3344e+02
20260706_14:00:00   5.2146e-01   1.1247e+02   1.9801e+01   3.4166e-01   1.5191e-01   3.3610e+02
20260706_15:00:00   4.2527e-01   9.6638e+01   1.7675e+01   2.5357e-01   5.6116e-02   3.3652e+02
20260706_16:00:00   3.0286e-01   7.3348e+01   1.6843e+01   1.2080e-01   7.9656e-02   3.3707e+02
20260706_17:00:00   3.0758e-01   7.4251e+01   1.7051e+01   1.2503e-01   8.8339e-02   3.3576e+02
20260706_18:00:00   4.7133e-01   1.0420e+02   1.7498e+01   3.0484e-01   7.2600e-02   3.3702e+02
20260706_19:00:00   4.7672e-01   1.0518e+02   1.6911e+01   3.1517e-01   4.6480e-03   3.4406e+02
20260706_20:00:00   4.4685e-01   9.9948e+01   1.6394e+01   2.8537e-01   2.3180e-04   3.4698e+02
20260706_21:00:00   4.5831e-01   1.0163e+02   1.5956e+01   3.0149e-01   4.4113e-03   3.4819e+02
20260706_22:00:00   3.6456e-01   8.4663e+01   1.5695e+01   1.9726e-01   6.2766e-03   3.4616e+02
20260706_23:00:00   3.7172e-01   8.5847e+01   1.5323e+01   2.0899e-01   6.0653e-03   3.4388e+02
20260707_00:00:00   3.6055e-01   8.3606e+01   1.5214e+01   1.9794e-01   3.1554e-03   3.4201e+02
20260707_01:00:00   3.6020e-01   8.3430e+01   1.5058e+01   1.9815e-01   1.1452e-02   3.4145e+02
20260707_02:00:00   3.6076e-01   8.3443e+01   1.4947e+01   1.9829e-01   7.0255e-02   3.4282e+02
20260707_03:00:00   2.9061e-01   6.9895e+01   1.4541e+01   1.2314e-01   1.9456e-02   3.4296e+02
20260707_04:00:00   3.5008e-01   8.1407e+01   1.3246e+01   2.0128e-01   3.3608e-03   3.4308e+02
20260707_05:00:00   3.0685e-01   7.3071e+01   1.1686e+01   1.6546e-01   4.1938e-03   3.4413e+02
20260707_06:00:00   2.5425e-01   6.2464e+01   1.0769e+01   1.1438e-01   2.1638e-03   3.4638e+02
20260707_07:00:00   2.1301e-01   5.3724e+01   1.0339e+01   7.2196e-02   9.5973e-04   3.4593e+02
20260707_08:00:00   2.1033e-01   5.3147e+01   1.0200e+01   7.0886e-02   6.0380e-04   3.4480e+02
20260707_09:00:00   1.7671e-01   4.5723e+01   9.9946e+00   3.5167e-02   3.4270e-04   3.4519e+02
20260707_10:00:00   1.7106e-01   4.4441e+01   9.9780e+00   2.8497e-02   3.8900e-04   3.4437e+02
20260707_11:00:00   1.4965e-01   3.9570e+01   9.8433e+00   6.9376e-03   1.3348e-04   3.4475e+02
20260707_12:00:00   1.5880e-01   4.1667e+01   1.0314e+01   1.4106e-02   1.6920e-04   3.4364e+02
20260707_13:00:00   1.8287e-01   4.7109e+01   1.0888e+01   3.7205e-02   2.9771e-04   3.4228e+02
20260707_14:00:00   1.9030e-01   4.8731e+01   1.1632e+01   4.0564e-02   6.3950e-04   3.4139e+02
20260707_15:00:00   1.9999e-01   5.0832e+01   1.2479e+01   4.4833e-02   4.8265e-04   3.4080e+02
20260707_16:00:00   2.0838e-01   5.2635e+01   1.3383e+01   4.6278e-02   2.9619e-03   3.3904e+02
20260707_17:00:00   1.9396e-01   4.9359e+01   1.5219e+01   1.1949e-02   2.2306e-02   3.3862e+02
20260707_18:00:00   1.9678e-01   4.9988e+01   1.5214e+01   1.3525e-02   6.9825e-02   3.4003e+02
20260707_19:00:00   1.8294e-01   4.6895e+01   1.4192e+01   9.9430e-03   2.0138e-02   3.4030e+02
20260707_20:00:00   1.7250e-01   4.4528e+01   1.3477e+01   4.5634e-03   1.3325e-02   3.4226e+02
20260707_21:00:00   1.6947e-01   4.3823e+01   1.3418e+01   1.3330e-03   4.3326e-03   3.4415e+02
20260707_22:00:00   1.7216e-01   4.4412e+01   1.3647e+01   1.3534e-03   2.2549e-02   3.4525e+02
20260707_23:00:00   1.7263e-01   4.4518e+01   1.3724e+01   3.6174e-04   2.1427e-02   3.4578e+02
20260708_00:00:00   1.7317e-01   4.4651e+01   1.3631e+01   1.1552e-03   2.2888e-02   3.4672e+02
20260708_01:00:00   1.9253e-01   4.8969e+01   1.3761e+01   2.0769e-02   3.6292e-02   3.4696e+02
20260708_02:00:00   2.2438e-01   5.5895e+01   1.4281e+01   5.0781e-02   2.0699e-01   3.4559e+02
20260708_03:00:00   3.5600e-01   8.2592e+01   1.4581e+01   1.9586e-01   2.6414e-01   3.4379e+02
20260708_04:00:00   5.2104e-01   1.1157e+02   1.4046e+01   3.8711e-01   2.1845e-01   3.4335e+02
20260708_05:00:00   6.3494e-01   1.2882e+02   1.3442e+01   5.2052e-01   2.2958e-01   3.4427e+02
20260708_06:00:00   6.5942e-01   1.3203e+02   1.2696e+01   5.5336e-01   2.0704e-01   3.4551e+02
20260708_07:00:00   6.6296e-01   1.3228e+02   1.2504e+01   5.5866e-01   2.2895e-01   3.4660e+02
20260708_08:00:00   6.1460e-01   1.2521e+02   1.2239e+01   5.0606e-01   2.4484e-01   3.4732e+02
20260708_09:00:00   4.2921e-01   9.5650e+01   1.1646e+01   3.0199e-01   2.9060e-01   3.4873e+02
20260708_10:00:00   2.9136e-01   6.9790e+01   1.0873e+01   1.5358e-01   2.0544e-01   3.5115e+02
20260708_11:00:00   1.8323e-01   4.6751e+01   9.9064e+00   4.1684e-02   6.1639e-02   3.5358e+02
20260708_12:00:00   1.4468e-01   3.7921e+01   8.8690e+00   8.8610e-03   5.3713e-03   3.5472e+02
20260708_13:00:00   1.4106e-01   3.7057e+01   8.6895e+00   6.0658e-03   1.7557e-03   3.5525e+02
20260708_14:00:00   1.4767e-01   3.8564e+01   9.0074e+00   1.0209e-02   2.2438e-03   3.5587e+02
20260708_15:00:00   1.5753e-01   4.0795e+01   9.2161e+00   1.9499e-02   1.8790e-03   3.5645e+02
20260708_16:00:00   1.6747e-01   4.3022e+01   9.3543e+00   2.9286e-02   3.6601e-03   3.5774e+02
20260708_17:00:00   1.7599e-01   4.4921e+01   9.4665e+00   3.7465e-02   7.7545e-03   3.5865e+02
20260708_18:00:00   1.8320e-01   4.6504e+01   9.4955e+00   4.4951e-02   9.2655e-03   3.5926e+02
20260708_19:00:00   1.6182e-01   4.1714e+01   9.4787e+00   2.1238e-02   8.8696e-03   3.5921e+02
20260708_20:00:00   1.6447e-01   4.2293e+01   9.8005e+00   2.1032e-02   8.8795e-03   3.5862e+02
20260708_21:00:00   2.2971e-01   5.6635e+01   1.0256e+01   8.9230e-02   4.0771e-02   3.5767e+02
20260708_22:00:00   2.5894e-01   6.2901e+01   1.0343e+01   1.2145e-01   4.2647e-02   3.5756e+02
20260708_23:00:00   2.3432e-01   5.7737e+01   1.0309e+01   9.4455e-02   1.7090e-02   3.5775e+02
20260709_00:00:00   2.0340e-01   5.1024e+01   1.0259e+01   6.0271e-02   1.6673e-02   3.5783e+02
20260709_01:00:00   1.7695e-01   4.5149e+01   1.0196e+01   3.1502e-02   1.7772e-02   3.5849e+02
20260709_02:00:00   1.6790e-01   4.3101e+01   1.0109e+01   2.2557e-02   2.6065e-02   3.5911e+02
20260709_03:00:00   1.5538e-01   4.0227e+01   1.0091e+01   8.7362e-03   3.6103e-02   3.5902e+02
20260709_04:00:00   1.4989e-01   3.8959e+01   1.0093e+01   2.5333e-03   4.6974e-02   3.5854e+02
20260709_05:00:00   1.4749e-01   3.8401e+01   1.0073e+01   1.6843e-06   1.9230e-02   3.5821e+02
20260709_06:00:00   1.4722e-01   3.8340e+01   1.0034e+01   3.3680e-06   9.0875e-03   3.5762e+02
20260709_07:00:00   1.4748e-01   3.8394e+01   1.0070e+01   5.0520e-06   1.1051e-02   3.5732e+02
20260709_08:00:00   1.4787e-01   3.8477e+01   1.0145e+01   0.0000e+00   1.1552e-02   3.5675e+02
20260709_09:00:00   1.5073e-01   3.9127e+01   1.0260e+01   2.1509e-03   3.2202e-02   3.5672e+02
20260709_10:00:00   1.5113e-01   3.9219e+01   1.0397e+01   1.0574e-03   6.6687e-02   3.5676e+02
20260709_11:00:00   1.5591e-01   4.0310e+01   1.0512e+01   4.2820e-03   1.8855e-01   3.5636e+02
20260709_12:00:00   1.7965e-01   4.5702e+01   1.0611e+01   2.9040e-02   2.5492e-01   3.5632e+02
20260709_13:00:00   2.1359e-01   5.3327e+01   1.0587e+01   6.8043e-02   2.2202e-01   3.5630e+02
20260709_14:00:00   2.0759e-01   5.1995e+01   1.0503e+01   6.2049e-02   2.2364e-01   3.5641e+02
20260709_15:00:00   1.9402e-01   4.8988e+01   1.0436e+01   4.7322e-02   2.1668e-01   3.5698e+02
20260709_16:00:00   2.0058e-01   5.0450e+01   1.0393e+01   5.5149e-02   2.1021e-01   3.5732e+02
20260709_17:00:00   2.0389e-01   5.1171e+01   1.0331e+01   5.9675e-02   1.5932e-01   3.5769e+02
20260709_18:00:00   1.9907e-01   5.0096e+01   1.0277e+01   5.5076e-02   1.1260e-01   3.5822e+02
20260709_19:00:00   1.5586e-01   4.0256e+01   1.0166e+01   7.3263e-03   9.9221e-02   3.5834e+02
20260709_20:00:00   1.4904e-01   3.8676e+01   1.0006e+01   1.3319e-03   1.2724e-01   3.5820e+02
20260709_21:00:00   1.4712e-01   3.8228e+01   9.8758e+00   8.4277e-04   9.1196e-02   3.5770e+02
20260709_22:00:00   1.4599e-01   3.7965e+01   9.8016e+00   3.7081e-04   7.8829e-02   3.5752e+02
20260709_23:00:00   1.4577e-01   3.7904e+01   9.7515e+00   3.8411e-04   8.5376e-02   3.5750e+02
20260710_00:00:00   1.4558e-01   3.7853e+01   9.7145e+00   4.1360e-04   8.2550e-02   3.5802e+02
20260710_01:00:00   1.4563e-01   3.7859e+01   9.7210e+00   1.1581e-04   9.3565e-02   3.5943e+02
20260710_02:00:00   1.4553e-01   3.7832e+01   9.6596e+00   1.1226e-06   1.0627e-01   3.6036e+02
20260710_03:00:00   1.4516e-01   3.7746e+01   9.6289e+00   5.9344e-05   5.6822e-02   3.6075e+02
20260710_04:00:00   1.4431e-01   3.7551e+01   9.5443e+00   6.2307e-05   4.6107e-02   3.6072e+02
20260710_05:00:00   1.4349e-01   3.7367e+01   9.4836e+00   0.0000e+00   3.3552e-02   3.6087e+02
20260710_06:00:00   1.4267e-01   3.7181e+01   9.4154e+00   0.0000e+00   1.5531e-02   3.6088e+02
20260710_07:00:00   1.4158e-01   3.6937e+01   9.3081e+00   0.0000e+00   5.3859e-03   3.6040e+02
20260710_08:00:00   1.3978e-01   3.6532e+01   9.1319e+00   0.0000e+00   3.3399e-03   3.5995e+02
20260710_09:00:00   1.3786e-01   3.6099e+01   8.9838e+00   0.0000e+00   2.4256e-03   3.5998e+02
20260710_10:00:00   1.3630e-01   3.5749e+01   8.8449e+00   0.0000e+00   1.4891e-03   3.6058e+02
20260710_11:00:00   1.3528e-01   3.5525e+01   8.7701e+00   0.0000e+00   1.6236e-03   3.6198e+02
20260710_12:00:00   1.3445e-01   3.5342e+01   8.7191e+00   0.0000e+00   2.3538e-03   3.6231e+02
20260710_13:00:00   1.3381e-01   3.5214e+01   8.6888e+00   0.0000e+00   1.6809e-03   3.6195e+02
20260710_14:00:00   1.3274e-01   3.4991e+01   8.6171e+00   0.0000e+00   6.3544e-04   3.6199e+02
20260710_15:00:00   1.3190e-01   3.4819e+01   8.5700e+00   0.0000e+00   3.6468e-04   3.6285e+02
20260710_16:00:00   1.3034e-01   3.4484e+01   8.4243e+00   0.0000e+00   7.7060e-05   3.6428e+02
20260710_17:00:00   1.2908e-01   3.4207e+01   8.3009e+00   0.0000e+00   1.7279e-04   3.6491e+02
20260710_18:00:00   1.2838e-01   3.4053e+01   8.2497e+00   0.0000e+00   3.5676e-04   3.6530e+02
20260710_19:00:00   1.2714e-01   3.3779e+01   8.1416e+00   0.0000e+00   3.9732e-05   3.6572e+02
20260710_20:00:00   1.2647e-01   3.3624e+01   8.0877e+00   0.0000e+00   1.0184e-04   3.6579e+02
20260710_21:00:00   1.2623e-01   3.3580e+01   8.0791e+00   0.0000e+00   1.2119e-04   3.6565e+02
20260710_22:00:00   1.2598e-01   3.3532e+01   8.0430e+00   0.0000e+00   4.1574e-05   3.6561e+02
20260710_23:00:00   1.2605e-01   3.3543e+01   8.0420e+00   0.0000e+00   3.3676e-05   3.6559e+02
20260711_00:00:00   1.2581e-01   3.3479e+01   8.0163e+00   0.0000e+00   4.0356e-04   3.6551e+02
20260711_01:00:00   1.2647e-01   3.3630e+01   8.0773e+00   0.0000e+00   1.9894e-04   3.6474e+02
20260711_02:00:00   1.2797e-01   3.3965e+01   8.2185e+00   0.0000e+00   9.0250e-04   3.6394e+02
20260711_03:00:00   1.2999e-01   3.4417e+01   8.4124e+00   0.0000e+00   4.0790e-03   3.6378e+02
20260711_04:00:00   1.3226e-01   3.4929e+01   8.6155e+00   0.0000e+00   1.3955e-02   3.6368e+02
20260711_05:00:00   1.3479e-01   3.5491e+01   8.7752e+00   4.5752e-04   3.1504e-02   3.6381e+02
20260711_06:00:00   1.4506e-01   3.7856e+01   8.9144e+00   9.8035e-03   3.5283e-02   3.6404e+02
20260711_09:00:00   1.6949e-01   4.3394e+01   9.0377e+00   3.4547e-02   2.2544e-02   3.6465e+02
20260711_12:00:00   1.4662e-01   3.8135e+01   9.6070e+00   2.7712e-03   5.7962e-02   3.6722e+02
20260711_15:00:00   1.5321e-01   3.9632e+01   9.9782e+00   5.9213e-03   1.5070e-01   3.6693e+02
20260711_18:00:00   1.9317e-01   4.8739e+01   1.0288e+01   4.7397e-02   2.3452e-01   3.6519e+02
20260711_21:00:00   2.2333e-01   5.5310e+01   1.0483e+01   7.8433e-02   2.6939e-01   3.6551e+02
20260712_00:00:00   1.8772e-01   4.7481e+01   1.0484e+01   3.8733e-02   2.0154e-01   3.6712e+02
20260712_03:00:00   1.4835e-01   3.8491e+01   1.0100e+01   1.7960e-05   1.1801e-01   3.6495e+02
20260712_06:00:00   1.4856e-01   3.8550e+01   1.0199e+01   0.0000e+00   9.6491e-02   3.6493e+02
20260712_09:00:00   1.4628e-01   3.8055e+01   1.0124e+01   0.0000e+00   4.9675e-02   3.6524e+02
20260712_12:00:00   1.4443e-01   3.7664e+01   1.0052e+01   0.0000e+00   1.6174e-02   3.6492e+02
20260712_15:00:00   1.4675e-01   3.8222e+01   1.0365e+01   0.0000e+00   7.5624e-02   3.6569e+02
20260712_18:00:00   1.5669e-01   4.0525e+01   1.1231e+01   1.5466e-03   1.9050e-01   3.6628e+02
20260712_21:00:00   1.6524e-01   4.2488e+01   1.1957e+01   2.5480e-03   2.1353e-01   3.6605e+02
20260713_00:00:00   1.7251e-01   4.4181e+01   1.2189e+01   7.8777e-03   1.3018e-01   3.6623e+02
20260713_03:00:00   1.5599e-01   4.0443e+01   1.1405e+01   1.0102e-05   2.7101e-02   3.6530e+02
20260713_06:00:00   1.5448e-01   4.0068e+01   1.1312e+01   0.0000e+00   1.1557e-01   3.6456e+02
20260713_09:00:00   1.7762e-01   4.5395e+01   1.2522e+01   1.1559e-02   1.0131e-01   3.6444e+02
20260713_12:00:00   4.1223e-01   9.3033e+01   1.3208e+01   2.7043e-01   7.1690e-02   3.6406e+02
20260713_15:00:00   6.0067e-01   1.2387e+02   1.3416e+01   4.7989e-01   4.3066e-02   3.6756e+02
20260713_18:00:00   1.8887e-01   4.8021e+01   1.1517e+01   3.4538e-02   1.0654e-01   3.6939e+02
20260713_21:00:00   2.3985e-01   5.9082e+01   1.0434e+01   1.0122e-01   1.5256e-01   3.7004e+02
20260714_00:00:00   1.9390e-01   4.9078e+01   1.0420e+01   4.8729e-02   9.3908e-02   3.7048e+02
20260714_03:00:00   1.7397e-01   4.4553e+01   9.8838e+00   3.1517e-02   4.7452e-03   3.7001e+02
20260714_06:00:00   1.5805e-01   4.0921e+01   1.1270e+01   3.5826e-04   5.8604e-02   3.6840e+02
20260714_09:00:00   1.6250e-01   4.1922e+01   1.1701e+01   3.8219e-04   4.6046e-02   3.6619e+02
20260714_12:00:00   1.6234e-01   4.1929e+01   1.1381e+01   2.6455e-03   3.5347e-03   3.6687e+02
20260714_15:00:00   1.6066e-01   4.1621e+01   1.0627e+01   7.2274e-03   2.4677e-03   3.7016e+02
20260714_18:00:00   1.6138e-01   4.1825e+01   1.0467e+01   1.0020e-02   1.3434e-02   3.7056e+02
20260714_21:00:00   1.9800e-01   5.0039e+01   1.0862e+01   4.5817e-02   1.7708e-02   3.7054e+02
20260715_00:00:00   2.5156e-01   6.1587e+01   1.1123e+01   1.0238e-01   9.3176e-03   3.7127e+02
20260715_03:00:00   3.1169e-01   7.3926e+01   1.0903e+01   1.7200e-01   2.5025e-03   3.7247e+02
20260715_06:00:00   1.5675e-01   4.1075e+01   1.0168e+01   6.6147e-03   3.3479e-05   3.7253e+02
20260715_09:00:00   1.7005e-01   4.4264e+01   9.6800e+00   2.8286e-02   1.9928e-05   3.7096e+02
20260715_12:00:00   1.3882e-01   3.7139e+01   9.2220e+00   0.0000e+00   0.0000e+00   3.6327e+02
20260715_15:00:00   1.3467e-01   3.6266e+01   8.8731e+00   0.0000e+00   1.4276e-06   3.5466e+02
20260715_18:00:00   1.4559e-01   3.8829e+01   9.2885e+00   9.9520e-03   2.4298e-03   3.4523e+02
20260715_21:00:00   1.6037e-01   4.2114e+01   1.0605e+01   1.5770e-02   2.8744e-02   3.4902e+02
20260716_00:00:00   1.7072e-01   4.4234e+01   1.2123e+01   1.3961e-02   2.5465e-01   3.4755e+02
20260716_03:00:00   2.1263e-01   5.3516e+01   1.4609e+01   4.0231e-02   1.1089e-01   3.4270e+02
20260716_06:00:00   2.1905e-01   5.4836e+01   1.5650e+01   3.5855e-02   9.2353e-02   3.4435e+02
20260716_09:00:00   5.7730e-01   1.1980e+02   1.7492e+01   4.2175e-01   1.0738e-01   3.3889e+02
20260716_12:00:00   4.8031e-01   1.0471e+02   1.8164e+01   3.0980e-01   4.3189e-02   3.3416e+02
20260716_15:00:00   6.2853e-01   1.2784e+02   1.9629e+01   4.6019e-01   1.7420e-01   3.3449e+02
20260716_18:00:00   7.3861e-01   1.4338e+02   2.0221e+01   5.8214e-01   2.8116e-01   3.3354e+02
20260716_21:00:00   7.0937e-01   1.3949e+02   2.0783e+01   5.4445e-01   3.1522e-01   3.3057e+02
20260717_00:00:00   5.3382e-01   1.1357e+02   1.9572e+01   3.5729e-01   5.3308e-01   3.3004e+02
20260717_03:00:00   4.0235e-01   9.1412e+01   1.9406e+01   2.1270e-01   2.5378e-01   3.3029e+02
20260717_06:00:00   2.2986e-01   5.7490e+01   1.7166e+01   4.3074e-02   2.1129e-01   3.3235e+02
20260717_09:00:00   1.5657e-01   4.1312e+01   1.3090e+01   3.2560e-05   3.9659e-02   3.3064e+02
20260717_12:00:00   1.3841e-01   3.7166e+01   1.0650e+01   7.8580e-06   4.4544e-02   3.3104e+02
20260717_15:00:00   1.2590e-01   3.4284e+01   8.8337e+00   0.0000e+00   1.3284e-02   3.3020e+02
20260717_18:00:00   1.2549e-01   3.4233e+01   8.6694e+00   0.0000e+00   1.3680e-02   3.3084e+02
20260717_21:00:00   1.5370e-01   4.0786e+01   1.1861e+01   2.7396e-03   8.5715e-02   3.2938e+02
20260718_00:00:00   2.3596e-01   5.8917e+01   1.5559e+01   5.7048e-02   1.9958e-01   3.2913e+02
20260718_03:00:00   3.5874e-01   8.3675e+01   1.6775e+01   1.8364e-01   2.0452e-01   3.2896e+02
20260718_06:00:00   7.0252e-01   1.3855e+02   1.5029e+01   5.8541e-01   6.2105e-02   3.3038e+02
20260718_09:00:00   6.3118e-01   1.2913e+02   1.4439e+01   5.1268e-01   6.2858e-03   3.3103e+02
20260718_12:00:00   6.1316e-01   1.2639e+02   1.6574e+01   4.7514e-01   6.0126e-02   3.3317e+02
20260718_15:00:00   7.4421e-01   1.4398e+02   1.8062e+01   6.0942e-01   6.1125e-02   3.3329e+02
20260718_18:00:00   4.8416e-01   1.0560e+02   1.8560e+01   3.0785e-01   3.8234e-01   3.2892e+02
20260718_21:00:00   6.6421e-01   1.3308e+02   1.8315e+01   5.1249e-01   5.4637e-01   3.2850e+02
20260719_00:00:00   5.7102e-01   1.1976e+02   1.8596e+01   4.0478e-01   5.5557e-01   3.2973e+02
20260719_03:00:00   6.2199e-01   1.2749e+02   1.9453e+01   4.5421e-01   6.0168e-01   3.2974e+02
20260719_06:00:00   3.8435e-01   8.8368e+01   1.9408e+01   1.8683e-01   5.7226e-01   3.2969e+02
20260719_09:00:00   9.5609e-01   1.6859e+02   1.8541e+01   8.4329e-01   2.3515e-01   3.3394e+02
20260719_12:00:00   3.1105e-01   7.4082e+01   1.6772e+01   1.3071e-01   1.3786e-01   3.3751e+02
20260719_15:00:00   2.9986e-01   7.1613e+01   1.5860e+01   1.2425e-01   6.3349e-02   3.3840e+02
20260719_18:00:00   3.7861e-01   8.6627e+01   1.4644e+01   2.2010e-01   5.2393e-02   3.4576e+02
20260719_21:00:00   5.6574e-01   1.1840e+02   1.3488e+01   4.3898e-01   3.2074e-02   3.5687e+02
20260720_00:00:00   5.8333e-01   1.2103e+02   1.3084e+01   4.6171e-01   8.2385e-02   3.5945e+02
20260720_03:00:00   5.8934e-01   1.2158e+02   1.3496e+01   4.6639e-01   8.7836e-02   3.5577e+02
20260720_06:00:00   3.4060e-01   7.9612e+01   1.2847e+01   1.9014e-01   2.1598e-01   3.5702e+02
20260720_09:00:00   2.4847e-01   6.1037e+01   1.2025e+01   9.2550e-02   1.1777e-01   3.6422e+02
20260720_12:00:00   2.4679e-01   6.0594e+01   1.2660e+01   8.6407e-02   9.3908e-02   3.6329e+02
20260720_15:00:00   2.5646e-01   6.2641e+01   1.2951e+01   9.4746e-02   2.1605e-01   3.6229e+02
20260720_18:00:00   3.1481e-01   7.4649e+01   1.3321e+01   1.5698e-01   2.1880e-01   3.6269e+02
20260720_21:00:00   3.5954e-01   8.3347e+01   1.3661e+01   2.0327e-01   2.8402e-01   3.6327e+02
20260721_00:00:00   4.5080e-01   9.9933e+01   1.3653e+01   3.0742e-01   2.2293e-01   3.6308e+02
20260721_03:00:00   5.8182e-01   1.2110e+02   1.3583e+01   4.5622e-01   2.2710e-01   3.6260e+02
20260721_06:00:00   5.5838e-01   1.1747e+02   1.3398e+01   4.3097e-01   1.8749e-01   3.6433e+02
20260721_09:00:00   4.9403e-01   1.0710e+02   1.3057e+01   3.6105e-01   1.2220e-01   3.6249e+02
20260721_12:00:00   4.7535e-01   1.0387e+02   1.1948e+01   3.4825e-01   2.7227e-02   3.6071e+02
20260721_15:00:00   4.6514e-01   1.0195e+02   1.1037e+01   3.4439e-01   1.1240e-02   3.5453e+02
20260721_18:00:00   4.1846e-01   9.3913e+01   1.0770e+01   2.9522e-01   5.6645e-03   3.5480e+02
20260721_21:00:00   2.3727e-01   5.8609e+01   1.0827e+01   9.2155e-02   2.9141e-03   3.5542e+02
20260722_00:00:00   2.2031e-01   5.4892e+01   1.1076e+01   7.1188e-02   5.6519e-03   3.5501e+02
20260722_03:00:00   1.9474e-01   4.9357e+01   1.1255e+01   4.1726e-02   1.9105e-03   3.5593e+02
20260722_06:00:00   2.1626e-01   5.4048e+01   1.1654e+01   6.2428e-02   8.1499e-04   3.5564e+02
