#            date       tau255        Tb[K]      pwv[mm] lwp[kg*m^-2] iwp[kg*m^-2]       o3[DU]
20260113_06:00:00   1.1122e-01   2.8933e+01   4.7802e+00   0.0000e+00   6.7296e-02   3.7449e+02
20260113_07:00:00   1.0339e-01   2.7021e+01   3.8721e+00   5.4820e-07   1.4678e-02   3.7548e+02
20260113_08:00:00   1.0091e-01   2.6390e+01   3.4939e+00   8.2220e-05   7.2776e-03   3.7499e+02
20260113_09:00:00   9.9717e-02   2.6082e+01   3.2717e+00   0.0000e+00   7.8578e-03   3.7494e+02
20260113_10:00:00   9.9594e-02   2.6050e+01   3.2115e+00   0.0000e+00   1.0966e-02   3.7646e+02
20260113_11:00:00   9.9153e-02   2.5951e+01   3.1367e+00   0.0000e+00   1.4950e-02   3.7901e+02
20260113_12:00:00   9.9375e-02   2.6000e+01   3.1432e+00   0.0000e+00   2.3553e-02   3.8159e+02
20260113_13:00:00   9.9274e-02   2.5958e+01   3.1380e+00   0.0000e+00   2.1503e-02   3.8191e+02
20260113_14:00:00   9.9594e-02   2.6006e+01   3.1844e+00   0.0000e+00   3.5965e-02   3.8100e+02
20260113_15:00:00   9.9746e-02   2.6027e+01   3.1875e+00   0.0000e+00   3.6236e-02   3.7986e+02
20260113_16:00:00   9.9447e-02   2.5959e+01   3.1460e+00   0.0000e+00   3.2372e-02   3.7838e+02
20260113_17:00:00   9.9013e-02   2.5859e+01   3.0979e+00   0.0000e+00   3.0450e-02   3.7653e+02
20260113_18:00:00   9.8413e-02   2.5720e+01   3.0371e+00   0.0000e+00   2.0138e-02   3.7598e+02
20260113_19:00:00   9.7961e-02   2.5617e+01   2.9893e+00   0.0000e+00   8.5937e-03   3.7582e+02
20260113_20:00:00   9.7532e-02   2.5515e+01   2.9391e+00   0.0000e+00   4.5966e-03   3.7703e+02
20260113_21:00:00   9.7232e-02   2.5440e+01   2.8965e+00   0.0000e+00   4.9116e-03   3.7795e+02
20260113_22:00:00   9.7114e-02   2.5411e+01   2.8768e+00   0.0000e+00   5.4114e-03   3.7882e+02
20260113_23:00:00   9.6767e-02   2.5331e+01   2.8280e+00   0.0000e+00   5.5999e-03   3.8175e+02
20260114_00:00:00   9.6432e-02   2.5245e+01   2.7712e+00   0.0000e+00   8.2066e-03   3.8328e+02
20260114_01:00:00   9.6024e-02   2.5147e+01   2.7130e+00   0.0000e+00   6.1685e-03   3.8565e+02
20260114_02:00:00   9.5263e-02   2.4969e+01   2.6202e+00   0.0000e+00   2.2111e-03   3.8971e+02
20260114_03:00:00   9.4684e-02   2.4832e+01   2.5462e+00   0.0000e+00   1.4408e-03   3.9409e+02
20260114_04:00:00   9.4360e-02   2.4753e+01   2.4993e+00   0.0000e+00   1.2466e-03   3.9872e+02
20260114_05:00:00   9.4228e-02   2.4712e+01   2.4623e+00   0.0000e+00   1.6645e-03   4.0064e+02
20260114_06:00:00   9.4065e-02   2.4670e+01   2.4329e+00   0.0000e+00   1.8285e-03   4.0191e+02
20260114_07:00:00   9.3759e-02   2.4602e+01   2.3975e+00   0.0000e+00   1.9205e-03   4.0244e+02
20260114_08:00:00   9.3586e-02   2.4565e+01   2.3781e+00   0.0000e+00   2.9876e-03   4.0290e+02
20260114_09:00:00   9.3682e-02   2.4586e+01   2.3832e+00   0.0000e+00   5.2778e-03   4.0432e+02
20260114_10:00:00   9.3980e-02   2.4644e+01   2.4008e+00   0.0000e+00   1.0577e-02   4.0333e+02
20260114_11:00:00   9.4219e-02   2.4697e+01   2.4266e+00   0.0000e+00   1.2152e-02   4.0137e+02
20260114_12:00:00   9.4386e-02   2.4733e+01   2.4489e+00   0.0000e+00   1.0286e-02   3.9891e+02
20260114_13:00:00   9.4472e-02   2.4746e+01   2.4568e+00   0.0000e+00   1.0901e-02   3.9760e+02
20260114_14:00:00   9.4520e-02   2.4747e+01   2.4610e+00   0.0000e+00   9.1851e-03   3.9673e+02
20260114_15:00:00   9.4628e-02   2.4762e+01   2.4741e+00   0.0000e+00   8.2475e-03   3.9562e+02
20260114_16:00:00   9.4696e-02   2.4767e+01   2.4784e+00   0.0000e+00   6.1150e-03   3.9656e+02
20260114_17:00:00   9.4633e-02   2.4741e+01   2.4597e+00   0.0000e+00   7.5149e-03   3.9624e+02
20260114_18:00:00   9.4539e-02   2.4712e+01   2.4377e+00   0.0000e+00   6.9862e-03   3.9870e+02
20260114_19:00:00   9.4491e-02   2.4689e+01   2.4175e+00   0.0000e+00   6.7044e-03   4.0146e+02
20260114_20:00:00   9.4776e-02   2.4740e+01   2.4408e+00   0.0000e+00   6.1091e-03   4.0139e+02
20260114_21:00:00   9.5117e-02   2.4801e+01   2.4695e+00   0.0000e+00   5.4022e-03   4.0169e+02
20260114_22:00:00   9.5299e-02   2.4832e+01   2.4713e+00   0.0000e+00   4.7065e-03   4.0869e+02
20260114_23:00:00   9.5515e-02   2.4875e+01   2.4904e+00   0.0000e+00   4.9366e-03   4.1325e+02
20260115_00:00:00   9.6044e-02   2.4984e+01   2.5534e+00   0.0000e+00   7.4021e-03   4.2129e+02
20260115_01:00:00   9.6644e-02   2.5110e+01   2.6280e+00   0.0000e+00   1.1668e-02   4.2257e+02
20260115_02:00:00   9.6993e-02   2.5180e+01   2.6821e+00   0.0000e+00   1.3517e-02   4.1884e+02
20260115_03:00:00   9.6628e-02   2.5095e+01   2.6332e+00   0.0000e+00   2.7006e-02   4.1630e+02
20260115_04:00:00   9.6756e-02   2.5112e+01   2.6402e+00   0.0000e+00   2.7184e-02   4.1530e+02
20260115_05:00:00   9.6099e-02   2.4952e+01   2.5488e+00   0.0000e+00   2.1907e-02   4.1609e+02
20260115_06:00:00   9.5987e-02   2.4907e+01   2.5062e+00   0.0000e+00   2.5718e-02   4.1889e+02
20260115_07:00:00   9.7173e-02   2.5160e+01   2.6293e+00   0.0000e+00   5.2019e-02   4.2306e+02
20260115_08:00:00   9.7302e-02   2.5185e+01   2.6136e+00   0.0000e+00   6.4409e-02   4.2360e+02
20260115_09:00:00   9.7106e-02   2.5132e+01   2.5374e+00   0.0000e+00   7.8668e-02   4.2385e+02
20260115_10:00:00   9.6956e-02   2.5088e+01   2.4633e+00   0.0000e+00   1.0394e-01   4.2618e+02
20260115_11:00:00   9.6571e-02   2.4985e+01   2.3795e+00   0.0000e+00   9.1726e-02   4.2770e+02
20260115_12:00:00   9.6631e-02   2.4988e+01   2.4032e+00   0.0000e+00   4.7570e-02   4.2702e+02
20260115_13:00:00   9.6736e-02   2.4995e+01   2.3916e+00   0.0000e+00   7.7058e-02   4.2723e+02
20260115_14:00:00   9.7051e-02   2.5061e+01   2.4125e+00   0.0000e+00   9.3173e-02   4.2771e+02
20260115_15:00:00   9.7330e-02   2.5124e+01   2.4420e+00   0.0000e+00   1.0314e-01   4.2725e+02
20260115_16:00:00   9.7642e-02   2.5202e+01   2.4893e+00   0.0000e+00   1.0681e-01   4.2641e+02
20260115_17:00:00   9.8161e-02   2.5327e+01   2.5653e+00   0.0000e+00   1.1517e-01   4.2430e+02
20260115_18:00:00   9.8942e-02   2.5515e+01   2.6868e+00   0.0000e+00   1.4427e-01   4.2377e+02
20260115_19:00:00   9.9479e-02   2.5649e+01   2.7641e+00   0.0000e+00   1.6175e-01   4.2413e+02
20260115_20:00:00   9.9935e-02   2.5766e+01   2.8262e+00   0.0000e+00   1.8819e-01   4.2469e+02
20260115_21:00:00   1.0030e-01   2.5861e+01   2.8738e+00   0.0000e+00   2.1471e-01   4.2460e+02
20260115_22:00:00   1.0094e-01   2.6009e+01   2.9566e+00   0.0000e+00   2.4021e-01   4.2403e+02
20260115_23:00:00   1.0099e-01   2.6029e+01   2.9839e+00   0.0000e+00   2.1883e-01   4.2248e+02
20260116_00:00:00   1.0101e-01   2.6035e+01   2.9796e+00   0.0000e+00   2.4108e-01   4.2123e+02
20260116_01:00:00   1.0111e-01   2.6062e+01   2.9869e+00   0.0000e+00   2.5542e-01   4.1966e+02
20260116_02:00:00   1.0121e-01   2.6083e+01   2.9871e+00   0.0000e+00   2.7445e-01   4.2001e+02
20260116_03:00:00   1.0119e-01   2.6086e+01   3.0023e+00   0.0000e+00   2.4741e-01   4.2111e+02
20260116_04:00:00   1.0121e-01   2.6104e+01   3.0360e+00   0.0000e+00   2.1307e-01   4.2117e+02
20260116_05:00:00   1.0145e-01   2.6171e+01   3.0868e+00   0.0000e+00   1.9728e-01   4.2259e+02
20260116_06:00:00   1.0183e-01   2.6272e+01   3.1372e+00   0.0000e+00   2.0272e-01   4.2368e+02
20260116_07:00:00   1.0249e-01   2.6440e+01   3.2330e+00   0.0000e+00   2.1854e-01   4.2276e+02
20260116_08:00:00   1.0330e-01   2.6636e+01   3.3293e+00   0.0000e+00   2.6791e-01   4.2126e+02
20260116_09:00:00   1.0399e-01   2.6809e+01   3.4263e+00   0.0000e+00   2.7332e-01   4.1976e+02
20260116_10:00:00   1.0446e-01   2.6931e+01   3.5633e+00   0.0000e+00   2.0005e-01   4.1753e+02
20260116_11:00:00   1.0455e-01   2.6982e+01   3.6429e+00   0.0000e+00   1.3386e-01   4.1616e+02
20260116_12:00:00   1.0538e-01   2.7189e+01   3.7550e+00   0.0000e+00   1.5637e-01   4.1447e+02
20260116_13:00:00   1.0588e-01   2.7335e+01   3.8456e+00   0.0000e+00   1.9136e-01   4.1294e+02
20260116_14:00:00   1.0672e-01   2.7564e+01   3.9751e+00   0.0000e+00   2.2596e-01   4.1100e+02
20260116_15:00:00   1.0721e-01   2.7684e+01   4.0524e+00   0.0000e+00   2.0693e-01   4.0867e+02
20260116_16:00:00   1.0737e-01   2.7704e+01   4.0604e+00   0.0000e+00   2.1015e-01   4.0582e+02
20260116_17:00:00   1.0755e-01   2.7734e+01   4.0741e+00   0.0000e+00   2.0935e-01   4.0392e+02
20260116_18:00:00   1.0750e-01   2.7722e+01   4.1054e+00   0.0000e+00   1.5007e-01   4.0275e+02
20260116_19:00:00   1.0752e-01   2.7732e+01   4.1430e+00   0.0000e+00   1.1728e-01   4.0176e+02
20260116_20:00:00   1.0761e-01   2.7761e+01   4.1911e+00   0.0000e+00   9.3321e-02   4.0260e+02
20260116_21:00:00   1.0773e-01   2.7799e+01   4.2376e+00   0.0000e+00   6.8773e-02   4.0596e+02
20260116_22:00:00   1.0784e-01   2.7835e+01   4.2828e+00   0.0000e+00   4.5576e-02   4.0874e+02
20260116_23:00:00   1.0793e-01   2.7870e+01   4.3325e+00   0.0000e+00   2.7174e-02   4.1024e+02
20260117_00:00:00   1.0741e-01   2.7767e+01   4.3104e+00   0.0000e+00   9.4148e-03   4.1043e+02
20260117_01:00:00   1.0698e-01   2.7673e+01   4.2887e+00   0.0000e+00   1.0035e-02   4.1344e+02
20260117_02:00:00   1.0633e-01   2.7537e+01   4.2499e+00   0.0000e+00   1.0313e-02   4.1698e+02
20260117_03:00:00   1.0547e-01   2.7359e+01   4.1912e+00   0.0000e+00   8.8987e-03   4.1727e+02
20260117_04:00:00   1.0448e-01   2.7147e+01   4.1111e+00   0.0000e+00   7.3842e-03   4.1611e+02
20260117_05:00:00   1.0365e-01   2.6967e+01   4.0409e+00   0.0000e+00   5.2491e-03   4.1511e+02
20260117_06:00:00   1.0249e-01   2.6714e+01   3.9339e+00   0.0000e+00   2.2951e-03   4.1376e+02
20260117_07:00:00   1.0168e-01   2.6529e+01   3.8532e+00   0.0000e+00   2.1254e-03   4.1652e+02
20260117_08:00:00   1.0097e-01   2.6372e+01   3.7883e+00   3.9140e-05   1.5651e-03   4.1767e+02
20260117_09:00:00   1.0046e-01   2.6258e+01   3.7262e+00   2.6100e-04   1.3687e-03   4.1590e+02
20260117_10:00:00   1.0007e-01   2.6174e+01   3.6881e+00   4.0460e-04   4.9068e-04   4.1615e+02
20260117_11:00:00   9.9466e-02   2.6044e+01   3.6434e+00   3.3600e-04   4.8161e-04   4.1668e+02
20260117_12:00:00   9.8807e-02   2.5900e+01   3.6117e+00   0.0000e+00   2.9389e-04   4.1699e+02
20260117_13:00:00   9.8268e-02   2.5791e+01   3.5707e+00   0.0000e+00   1.9415e-04   4.1676e+02
20260117_14:00:00   9.7627e-02   2.5659e+01   3.5224e+00   0.0000e+00   1.5038e-04   4.1972e+02
20260117_15:00:00   9.6997e-02   2.5530e+01   3.4749e+00   0.0000e+00   1.1038e-04   4.2369e+02
20260117_16:00:00   9.6556e-02   2.5438e+01   3.4471e+00   0.0000e+00   9.1955e-05   4.2858e+02
20260117_17:00:00   9.6010e-02   2.5322e+01   3.3923e+00   0.0000e+00   4.3457e-05   4.3021e+02
20260117_18:00:00   9.5403e-02   2.5200e+01   3.3472e+00   0.0000e+00   4.1670e-05   4.3056e+02
20260117_19:00:00   9.4953e-02   2.5111e+01   3.3162e+00   0.0000e+00   3.4436e-05   4.2982e+02
20260117_20:00:00   9.4428e-02   2.5007e+01   3.2736e+00   0.0000e+00   3.3523e-05   4.3151e+02
20260117_21:00:00   9.3546e-02   2.4831e+01   3.1838e+00   0.0000e+00   2.7312e-05   4.3518e+02
20260117_22:00:00   9.2482e-02   2.4615e+01   3.0681e+00   0.0000e+00   1.8729e-05   4.3570e+02
20260117_23:00:00   9.1797e-02   2.4479e+01   3.0010e+00   0.0000e+00   1.0354e-05   4.3285e+02
20260118_00:00:00   9.1338e-02   2.4391e+01   2.9577e+00   0.0000e+00   9.5525e-06   4.2927e+02
20260118_01:00:00   9.0207e-02   2.4162e+01   2.8249e+00   0.0000e+00   8.7999e-06   4.2747e+02
20260118_02:00:00   8.9508e-02   2.4019e+01   2.7453e+00   0.0000e+00   3.4865e-06   4.2658e+02
20260118_03:00:00   8.8982e-02   2.3912e+01   2.6952e+00   0.0000e+00   2.4348e-05   4.2562e+02
20260118_04:00:00   8.8197e-02   2.3746e+01   2.6211e+00   0.0000e+00   8.5750e-04   4.2365e+02
20260118_05:00:00   8.7566e-02   2.3613e+01   2.5589e+00   0.0000e+00   1.9871e-03   4.2455e+02
20260118_06:00:00   8.6200e-02   2.3318e+01   2.4008e+00   0.0000e+00   1.8892e-03   4.2473e+02
20260118_09:00:00   8.5631e-02   2.3199e+01   2.3806e+00   0.0000e+00   1.4627e-05   4.1470e+02
20260118_12:00:00   8.5329e-02   2.3137e+01   2.4327e+00   0.0000e+00   1.0364e-03   4.1257e+02
20260118_15:00:00   8.5241e-02   2.3107e+01   2.4312e+00   0.0000e+00   3.3388e-03   4.1405e+02
20260118_18:00:00   8.7708e-02   2.3647e+01   2.6960e+00   0.0000e+00   1.1207e-02   4.1841e+02
20260118_21:00:00   9.2476e-02   2.4685e+01   3.1281e+00   0.0000e+00   1.4204e-02   4.1375e+02
20260119_00:00:00   9.3324e-02   2.4801e+01   3.0842e+00   0.0000e+00   1.0679e-02   4.1325e+02
20260119_03:00:00   9.6284e-02   2.5417e+01   3.3487e+00   0.0000e+00   3.3882e-02   4.1571e+02
20260119_06:00:00   9.7243e-02   2.5594e+01   3.3628e+00   0.0000e+00   6.6810e-03   4.1642e+02
20260119_09:00:00   9.7543e-02   2.5599e+01   3.2933e+00   0.0000e+00   6.1118e-03   4.1570e+02
20260119_12:00:00   1.0053e-01   2.6236e+01   3.5781e+00   0.0000e+00   9.3088e-03   4.1923e+02
20260119_15:00:00   1.0539e-01   2.7317e+01   4.0640e+00   0.0000e+00   4.6552e-02   4.2145e+02
20260119_18:00:00   1.0720e-01   2.7652e+01   4.0578e+00   0.0000e+00   1.5452e-01   4.2601e+02
20260119_21:00:00   1.0508e-01   2.7126e+01   3.6553e+00   0.0000e+00   1.4306e-01   4.3548e+02
20260120_00:00:00   1.0275e-01   2.6596e+01   3.2746e+00   0.0000e+00   7.7651e-02   4.3830e+02
20260120_03:00:00   1.0133e-01   2.6284e+01   3.0662e+00   0.0000e+00   2.9556e-02   4.3016e+02
20260120_06:00:00   1.0121e-01   2.6297e+01   3.1271e+00   0.0000e+00   2.4599e-02   4.2665e+02
20260120_09:00:00   1.0430e-01   2.7099e+01   3.6015e+00   0.0000e+00   2.6691e-02   4.2386e+02
20260120_12:00:00   1.0559e-01   2.7500e+01   3.8719e+00   6.1680e-05   2.0933e-02   4.2662e+02
20260120_15:00:00   1.0168e-01   2.6665e+01   3.6989e+00   0.0000e+00   3.1962e-03   4.2168e+02
20260120_18:00:00   9.6955e-02   2.5661e+01   3.2430e+00   0.0000e+00   1.7458e-05   4.2041e+02
20260120_21:00:00   9.2845e-02   2.4820e+01   2.8486e+00   0.0000e+00   0.0000e+00   4.0352e+02
20260121_00:00:00   9.1657e-02   2.4619e+01   2.9229e+00   0.0000e+00   1.4520e-05   3.9749e+02
20260121_03:00:00   8.8783e-02   2.4007e+01   2.5848e+00   0.0000e+00   8.0400e-04   3.9518e+02
20260121_06:00:00   8.8114e-02   2.3893e+01   2.6237e+00   0.0000e+00   5.9763e-03   3.9447e+02
20260121_09:00:00   8.5779e-02   2.3401e+01   2.3287e+00   0.0000e+00   1.4165e-03   3.8387e+02
20260121_12:00:00   8.4690e-02   2.3172e+01   2.1823e+00   0.0000e+00   1.1022e-03   3.6403e+02
20260121_15:00:00   8.4752e-02   2.3215e+01   2.1294e+00   0.0000e+00   0.0000e+00   3.5449e+02
20260121_18:00:00   8.6389e-02   2.3591e+01   2.3390e+00   0.0000e+00   5.9180e-06   3.6238e+02
20260121_21:00:00   8.9674e-02   2.4329e+01   2.7648e+00   0.0000e+00   9.0488e-05   3.6351e+02
20260122_00:00:00   9.1059e-02   2.4645e+01   2.9815e+00   0.0000e+00   2.1040e-04   3.7810e+02
20260122_03:00:00   9.0870e-02   2.4589e+01   2.9290e+00   0.0000e+00   1.6458e-03   3.8220e+02
20260122_06:00:00   9.1609e-02   2.4753e+01   2.9943e+00   0.0000e+00   3.6500e-03   3.8567e+02
20260122_09:00:00   9.3524e-02   2.5190e+01   3.1744e+00   0.0000e+00   9.0147e-03   3.8919e+02
20260122_12:00:00   9.5241e-02   2.5550e+01   3.3541e+00   0.0000e+00   1.4106e-03   3.9034e+02
20260122_15:00:00   9.7732e-02   2.6084e+01   3.7177e+00   0.0000e+00   1.4539e-03   3.9290e+02
20260122_18:00:00   9.8851e-02   2.6338e+01   3.9172e+00   0.0000e+00   5.0552e-04   3.9478e+02
20260122_21:00:00   9.4057e-02   2.5245e+01   3.3205e+00   0.0000e+00   8.1580e-06   3.9594e+02
20260123_00:00:00   9.0595e-02   2.4456e+01   2.9580e+00   0.0000e+00   0.0000e+00   4.0129e+02
20260123_03:00:00   8.7305e-02   2.3711e+01   2.6341e+00   0.0000e+00   0.0000e+00   4.0869e+02
20260123_06:00:00   8.1973e-02   2.2439e+01   1.9685e+00   0.0000e+00   0.0000e+00   4.1157e+02
20260123_09:00:00   8.7310e-02   2.3692e+01   2.5422e+00   0.0000e+00   0.0000e+00   4.1558e+02
20260123_12:00:00   8.7970e-02   2.3768e+01   2.5362e+00   0.0000e+00   0.0000e+00   4.0364e+02
20260123_15:00:00   9.2648e-02   2.4782e+01   3.0101e+00   0.0000e+00   6.7360e-07   3.9568e+02
20260123_18:00:00   9.0701e-02   2.4280e+01   2.7058e+00   0.0000e+00   1.5505e-06   4.0500e+02
20260123_21:00:00   9.1450e-02   2.4433e+01   2.7156e+00   0.0000e+00   4.4900e-07   3.9584e+02
20260124_00:00:00   9.7101e-02   2.5703e+01   3.4003e+00   5.6120e-06   3.1987e-03   3.9788e+02
20260124_03:00:00   1.0603e-01   2.7768e+01   4.5510e+00   0.0000e+00   2.0302e-02   4.0715e+02
20260124_06:00:00   1.0797e-01   2.8180e+01   4.8707e+00   0.0000e+00   4.3449e-02   4.1193e+02
20260124_09:00:00   1.0478e-01   2.7423e+01   4.3875e+00   0.0000e+00   7.1966e-02   4.1751e+02
20260124_12:00:00   1.0612e-01   2.7689e+01   4.3768e+00   0.0000e+00   6.8325e-02   4.2020e+02
20260124_15:00:00   9.9968e-02   2.6151e+01   3.5625e+00   0.0000e+00   1.4465e-02   4.2031e+02
20260124_18:00:00   9.6014e-02   2.5106e+01   2.8949e+00   0.0000e+00   1.3557e-02   4.1496e+02
20260124_21:00:00   1.0027e-01   2.6025e+01   3.2614e+00   0.0000e+00   1.1197e-01   4.1399e+02
20260125_00:00:00   1.0394e-01   2.6853e+01   3.5631e+00   0.0000e+00   7.2670e-02   4.1306e+02
20260125_03:00:00   1.0725e-01   2.7597e+01   3.8452e+00   0.0000e+00   4.0667e-02   4.0560e+02
20260125_06:00:00   1.0795e-01   2.7741e+01   3.7701e+00   0.0000e+00   1.0666e-01   4.0302e+02
20260125_09:00:00   1.0714e-01   2.7614e+01   3.6837e+00   0.0000e+00   9.2733e-03   4.0224e+02
20260125_12:00:00   1.1026e-01   2.8428e+01   4.0346e+00   0.0000e+00   3.0135e-02   4.1517e+02
20260125_15:00:00   1.0980e-01   2.8330e+01   3.9765e+00   0.0000e+00   1.4905e-02   4.1853e+02
20260125_18:00:00   9.8674e-02   2.5757e+01   2.7909e+00   0.0000e+00   2.3553e-02   4.1795e+02
20260125_21:00:00   9.6155e-02   2.5158e+01   2.4758e+00   0.0000e+00   7.7242e-02   4.4100e+02
20260126_00:00:00   1.0675e-01   2.7693e+01   3.6159e+00   0.0000e+00   4.1559e-02   4.4396e+02
20260126_03:00:00   1.0294e-01   2.6973e+01   3.4840e+00   0.0000e+00   1.0226e-03   4.1654e+02
20260126_06:00:00   9.6866e-02   2.5690e+01   3.3165e+00   0.0000e+00   3.9311e-02   3.9559e+02
20260126_09:00:00   1.0172e-01   2.6974e+01   4.4071e+00   0.0000e+00   4.6728e-02   3.9559e+02
20260126_12:00:00   1.1328e-01   2.9859e+01   5.9880e+00   0.0000e+00   1.0335e-01   3.7882e+02
20260126_15:00:00   1.3593e-01   3.5298e+01   8.4162e+00   0.0000e+00   2.6614e-02   3.7432e+02
20260126_18:00:00   1.3639e-01   3.5535e+01   8.4332e+00   4.0568e-04   2.3897e-02   3.7365e+02
20260126_21:00:00   1.2830e-01   3.3676e+01   6.1046e+00   1.0315e-02   4.0261e-02   3.7947e+02
20260127_00:00:00   1.0975e-01   2.9124e+01   4.5858e+00   3.5441e-03   4.9535e-03   3.8929e+02
20260127_03:00:00   9.8597e-02   2.6244e+01   3.5017e+00   0.0000e+00   1.9316e-02   4.0253e+02
20260127_06:00:00   1.0308e-01   2.7065e+01   4.1182e+00   1.9214e-04   5.3022e-02   3.9476e+02
20260127_09:00:00   1.0321e-01   2.6965e+01   3.8955e+00   1.7600e-05   1.2592e-01   3.8553e+02
20260127_12:00:00   1.0113e-01   2.6355e+01   3.4511e+00   0.0000e+00   1.0463e-01   3.6999e+02
20260127_15:00:00   1.0279e-01   2.6724e+01   3.5408e+00   4.6265e-05   1.4578e-01   3.6574e+02
20260127_18:00:00   1.0092e-01   2.6199e+01   3.2375e+00   1.3050e-05   5.0179e-02   3.5579e+02
20260127_21:00:00   1.0209e-01   2.6402e+01   3.1929e+00   0.0000e+00   6.4148e-02   3.5681e+02
20260128_00:00:00   9.8533e-02   2.5597e+01   2.7216e+00   7.4430e-06   1.8496e-02   3.6112e+02
20260128_03:00:00   9.4121e-02   2.4513e+01   1.9147e+00   0.0000e+00   1.8270e-04   3.6642e+02
20260128_06:00:00   9.2226e-02   2.4040e+01   1.5889e+00   0.0000e+00   4.6112e-06   3.7927e+02
20260128_09:00:00   9.4050e-02   2.4460e+01   1.7925e+00   0.0000e+00   6.2575e-06   3.8386e+02
20260128_12:00:00   9.5084e-02   2.4704e+01   1.8812e+00   0.0000e+00   4.3111e-05   3.8516e+02
20260128_15:00:00   9.7349e-02   2.5249e+01   2.1587e+00   0.0000e+00   6.0607e-05   3.9457e+02
20260128_18:00:00   1.0274e-01   2.6487e+01   2.7235e+00   0.0000e+00   1.4534e-02   4.0113e+02
20260128_21:00:00   1.0410e-01   2.6831e+01   2.8844e+00   0.0000e+00   6.7292e-03   3.9510e+02
20260129_00:00:00   1.0266e-01   2.6513e+01   2.6754e+00   0.0000e+00   4.3957e-03   3.8281e+02
20260129_03:00:00   9.8552e-02   2.5541e+01   2.1468e+00   0.0000e+00   6.6717e-05   3.8222e+02
20260129_06:00:00   9.8626e-02   2.5520e+01   2.0936e+00   3.3690e-06   1.0230e-04   3.7742e+02
