#            date       tau255        Tb[K]      pwv[mm] lwp[kg*m^-2] iwp[kg*m^-2]       o3[DU]
20260615_06:00:00   1.7982e-01   4.6475e+01   1.6106e+01   0.0000e+00   2.3095e-03   3.0234e+02
20260615_07:00:00   1.7850e-01   4.6202e+01   1.5893e+01   0.0000e+00   1.5265e-03   3.0234e+02
20260615_08:00:00   1.7529e-01   4.5508e+01   1.5461e+01   0.0000e+00   1.0448e-03   3.0238e+02
20260615_09:00:00   1.6946e-01   4.4224e+01   1.4698e+01   0.0000e+00   2.2094e-03   3.0262e+02
20260615_10:00:00   1.6625e-01   4.3513e+01   1.4280e+01   0.0000e+00   3.2130e-03   3.0374e+02
20260615_11:00:00   1.6300e-01   4.2794e+01   1.3862e+01   0.0000e+00   1.8842e-03   3.0495e+02
20260615_12:00:00   1.5886e-01   4.1886e+01   1.3266e+01   0.0000e+00   1.0059e-03   3.0654e+02
20260615_13:00:00   1.5634e-01   4.1349e+01   1.2827e+01   0.0000e+00   8.2740e-04   3.0855e+02
20260615_14:00:00   1.5595e-01   4.1279e+01   1.2703e+01   0.0000e+00   1.3463e-03   3.0999e+02
20260615_15:00:00   1.5761e-01   4.1665e+01   1.2867e+01   0.0000e+00   1.2110e-03   3.1134e+02
20260615_16:00:00   1.6069e-01   4.2388e+01   1.3270e+01   0.0000e+00   2.0485e-03   3.1250e+02
20260615_17:00:00   1.6448e-01   4.3278e+01   1.3732e+01   0.0000e+00   2.3333e-03   3.1145e+02
20260615_18:00:00   1.6862e-01   4.4235e+01   1.4194e+01   0.0000e+00   1.2833e-03   3.1196e+02
20260615_19:00:00   1.7139e-01   4.4882e+01   1.4468e+01   4.3150e-05   6.3323e-04   3.1196e+02
20260615_20:00:00   1.7230e-01   4.5116e+01   1.4493e+01   1.2910e-04   2.4891e-04   3.1375e+02
20260615_21:00:00   1.7209e-01   4.5080e+01   1.4403e+01   5.1203e-05   2.1637e-04   3.1460e+02
20260615_22:00:00   1.7072e-01   4.4774e+01   1.4212e+01   3.5050e-05   5.5783e-04   3.1503e+02
20260615_23:00:00   1.6569e-01   4.3654e+01   1.3610e+01   0.0000e+00   3.0359e-04   3.1501e+02
20260616_00:00:00   1.5899e-01   4.2135e+01   1.2788e+01   0.0000e+00   4.0317e-04   3.1545e+02
20260616_01:00:00   1.5137e-01   4.0382e+01   1.1862e+01   0.0000e+00   2.0848e-03   3.1585e+02
20260616_02:00:00   1.4475e-01   3.8843e+01   1.1056e+01   0.0000e+00   2.6248e-03   3.1710e+02
20260616_03:00:00   1.4034e-01   3.7803e+01   1.0528e+01   0.0000e+00   3.4578e-03   3.1792e+02
20260616_04:00:00   1.3701e-01   3.7007e+01   1.0148e+01   0.0000e+00   6.2874e-03   3.1757e+02
20260616_05:00:00   1.3509e-01   3.6541e+01   9.9358e+00   0.0000e+00   1.1146e-02   3.1659e+02
20260616_06:00:00   1.3337e-01   3.6117e+01   9.7414e+00   0.0000e+00   1.2856e-02   3.1617e+02
20260616_07:00:00   1.3248e-01   3.5885e+01   9.6594e+00   0.0000e+00   2.2004e-02   3.1549e+02
20260616_08:00:00   1.3313e-01   3.6003e+01   9.7598e+00   0.0000e+00   3.5316e-02   3.1460e+02
20260616_09:00:00   1.3405e-01   3.6197e+01   9.8878e+00   0.0000e+00   5.5706e-02   3.1585e+02
20260616_10:00:00   1.3509e-01   3.6420e+01   1.0019e+01   0.0000e+00   8.8052e-02   3.2069e+02
20260616_11:00:00   1.3689e-01   3.6824e+01   1.0217e+01   0.0000e+00   1.1690e-01   3.2460e+02
20260616_12:00:00   1.3842e-01   3.7162e+01   1.0377e+01   0.0000e+00   1.1124e-01   3.2581e+02
20260616_13:00:00   1.3940e-01   3.7383e+01   1.0491e+01   0.0000e+00   7.7677e-02   3.2734e+02
20260616_14:00:00   1.4004e-01   3.7541e+01   1.0499e+01   0.0000e+00   6.6340e-02   3.2823e+02
20260616_15:00:00   1.4146e-01   3.7864e+01   1.0650e+01   0.0000e+00   4.8767e-02   3.2862e+02
20260616_16:00:00   1.4281e-01   3.8182e+01   1.0782e+01   2.1927e-05   2.0681e-02   3.2973e+02
20260616_17:00:00   1.4406e-01   3.8463e+01   1.0927e+01   8.4800e-05   1.7139e-02   3.3228e+02
20260616_18:00:00   1.4578e-01   3.8852e+01   1.1083e+01   1.6523e-04   2.1925e-02   3.3422e+02
20260616_19:00:00   1.4692e-01   3.9113e+01   1.1183e+01   2.0965e-04   1.3921e-02   3.3521e+02
20260616_20:00:00   1.4748e-01   3.9238e+01   1.1251e+01   1.9242e-04   1.2321e-02   3.3468e+02
20260616_21:00:00   1.4806e-01   3.9364e+01   1.1346e+01   8.5130e-05   1.1496e-02   3.3160e+02
20260616_22:00:00   1.4890e-01   3.9556e+01   1.1478e+01   2.2217e-05   9.2864e-03   3.2875e+02
20260616_23:00:00   1.5085e-01   3.9985e+01   1.1734e+01   0.0000e+00   7.2603e-03   3.2729e+02
20260617_00:00:00   1.5276e-01   4.0404e+01   1.1984e+01   0.0000e+00   4.6310e-03   3.2726e+02
20260617_01:00:00   1.5501e-01   4.0898e+01   1.2267e+01   0.0000e+00   7.3750e-03   3.2789e+02
20260617_02:00:00   1.5705e-01   4.1353e+01   1.2481e+01   0.0000e+00   7.6407e-03   3.2984e+02
20260617_03:00:00   1.5852e-01   4.1681e+01   1.2593e+01   0.0000e+00   4.2233e-03   3.2976e+02
20260617_04:00:00   1.6004e-01   4.2026e+01   1.2688e+01   0.0000e+00   1.0896e-03   3.2840e+02
20260617_05:00:00   1.5954e-01   4.1935e+01   1.2518e+01   0.0000e+00   8.4019e-04   3.2909e+02
20260617_06:00:00   1.5702e-01   4.1388e+01   1.2057e+01   0.0000e+00   2.1907e-03   3.3200e+02
20260617_07:00:00   1.5269e-01   4.0431e+01   1.1357e+01   0.0000e+00   1.9596e-03   3.3743e+02
20260617_08:00:00   1.4735e-01   3.9234e+01   1.0544e+01   0.0000e+00   1.5154e-03   3.4365e+02
20260617_09:00:00   1.4297e-01   3.8245e+01   9.9150e+00   0.0000e+00   5.7922e-04   3.4869e+02
20260617_10:00:00   1.4004e-01   3.7564e+01   9.5066e+00   0.0000e+00   4.1661e-04   3.5396e+02
20260617_11:00:00   1.3832e-01   3.7162e+01   9.2634e+00   0.0000e+00   4.9780e-04   3.6018e+02
20260617_12:00:00   1.3705e-01   3.6875e+01   9.0571e+00   0.0000e+00   2.8560e-05   3.6499e+02
20260617_13:00:00   1.3633e-01   3.6708e+01   8.9798e+00   0.0000e+00   0.0000e+00   3.6711e+02
20260617_14:00:00   1.3666e-01   3.6763e+01   9.1068e+00   0.0000e+00   1.9972e-05   3.6729e+02
20260617_15:00:00   1.3784e-01   3.7027e+01   9.3011e+00   0.0000e+00   1.0621e-04   3.6805e+02
20260617_16:00:00   1.3841e-01   3.7149e+01   9.3906e+00   0.0000e+00   4.2900e-05   3.6823e+02
20260617_17:00:00   1.3754e-01   3.6971e+01   9.2720e+00   0.0000e+00   0.0000e+00   3.6606e+02
20260617_18:00:00   1.3685e-01   3.6837e+01   9.1265e+00   0.0000e+00   0.0000e+00   3.6581e+02
20260617_19:00:00   1.3552e-01   3.6558e+01   8.9149e+00   7.7940e-06   0.0000e+00   3.6552e+02
20260617_20:00:00   1.3463e-01   3.6371e+01   8.7692e+00   5.0980e-05   0.0000e+00   3.6403e+02
20260617_21:00:00   1.3437e-01   3.6326e+01   8.7216e+00   1.1471e-04   0.0000e+00   3.6193e+02
20260617_22:00:00   1.3385e-01   3.6213e+01   8.6510e+00   1.2745e-04   0.0000e+00   3.5714e+02
20260617_23:00:00   1.3220e-01   3.5823e+01   8.4881e+00   6.6513e-05   0.0000e+00   3.5404e+02
20260618_00:00:00   1.3065e-01   3.5464e+01   8.3481e+00   9.0980e-05   0.0000e+00   3.5207e+02
20260618_01:00:00   1.2964e-01   3.5217e+01   8.3479e+00   8.1400e-05   0.0000e+00   3.4930e+02
20260618_02:00:00   1.3127e-01   3.5565e+01   8.7602e+00   0.0000e+00   0.0000e+00   3.4659e+02
20260618_03:00:00   1.3212e-01   3.5744e+01   9.0376e+00   0.0000e+00   2.2263e-05   3.4442e+02
20260618_04:00:00   1.3244e-01   3.5803e+01   9.2109e+00   0.0000e+00   3.2343e-04   3.4409e+02
20260618_05:00:00   1.3263e-01   3.5831e+01   9.3066e+00   0.0000e+00   9.0753e-03   3.4487e+02
20260618_06:00:00   1.3251e-01   3.5790e+01   9.3235e+00   0.0000e+00   1.8581e-02   3.4446e+02
20260618_07:00:00   1.3218e-01   3.5718e+01   9.3333e+00   0.0000e+00   1.5962e-02   3.4579e+02
20260618_08:00:00   1.3348e-01   3.6001e+01   9.5753e+00   0.0000e+00   1.3763e-02   3.4765e+02
20260618_09:00:00   1.3508e-01   3.6359e+01   9.8247e+00   0.0000e+00   1.1063e-02   3.4709e+02
20260618_10:00:00   1.3618e-01   3.6605e+01   1.0010e+01   0.0000e+00   1.2747e-02   3.4444e+02
20260618_11:00:00   1.3728e-01   3.6851e+01   1.0182e+01   0.0000e+00   1.7945e-02   3.4123e+02
20260618_12:00:00   1.3793e-01   3.6995e+01   1.0277e+01   0.0000e+00   2.1796e-02   3.4077e+02
20260618_13:00:00   1.3902e-01   3.7248e+01   1.0409e+01   0.0000e+00   6.2329e-02   3.4203e+02
20260618_14:00:00   1.4017e-01   3.7517e+01   1.0550e+01   0.0000e+00   9.3836e-02   3.4222e+02
20260618_15:00:00   1.4244e-01   3.8042e+01   1.0812e+01   0.0000e+00   8.3609e-02   3.4203e+02
20260618_16:00:00   1.4311e-01   3.8206e+01   1.0885e+01   0.0000e+00   4.3944e-02   3.4318e+02
20260618_17:00:00   1.4358e-01   3.8314e+01   1.0966e+01   0.0000e+00   2.3141e-02   3.4542e+02
20260618_18:00:00   1.4427e-01   3.8466e+01   1.1077e+01   4.8875e-05   1.7233e-02   3.4684e+02
20260618_19:00:00   1.4494e-01   3.8619e+01   1.1153e+01   1.6217e-04   1.2083e-02   3.4702e+02
20260618_20:00:00   1.4544e-01   3.8734e+01   1.1205e+01   4.4600e-04   6.7451e-03   3.4653e+02
20260618_21:00:00   1.4600e-01   3.8846e+01   1.1360e+01   1.3636e-04   6.8652e-03   3.4641e+02
20260618_22:00:00   1.4717e-01   3.9093e+01   1.1553e+01   1.1148e-04   2.6892e-02   3.4796e+02
20260618_23:00:00   1.4828e-01   3.9320e+01   1.1753e+01   9.4325e-05   3.5184e-02   3.4809e+02
20260619_00:00:00   1.4955e-01   3.9592e+01   1.1931e+01   6.3464e-05   7.4709e-02   3.4844e+02
20260619_01:00:00   1.5123e-01   3.9959e+01   1.2108e+01   2.2226e-05   1.2167e-01   3.5107e+02
20260619_02:00:00   1.5209e-01   4.0142e+01   1.2207e+01   0.0000e+00   8.3150e-02   3.5352e+02
20260619_03:00:00   1.5067e-01   3.9816e+01   1.2021e+01   0.0000e+00   3.8089e-02   3.5514e+02
20260619_04:00:00   1.4856e-01   3.9337e+01   1.1774e+01   0.0000e+00   1.8057e-02   3.5573e+02
20260619_05:00:00   1.4502e-01   3.8548e+01   1.1289e+01   0.0000e+00   2.7800e-03   3.5418e+02
20260619_06:00:00   1.3951e-01   3.7318e+01   1.0519e+01   0.0000e+00   1.4137e-04   3.5287e+02
20260619_07:00:00   1.3558e-01   3.6440e+01   9.9280e+00   0.0000e+00   4.9549e-05   3.5407e+02
20260619_08:00:00   1.3224e-01   3.5692e+01   9.4013e+00   0.0000e+00   2.9639e-04   3.5487e+02
20260619_09:00:00   1.3108e-01   3.5433e+01   9.2492e+00   0.0000e+00   1.7339e-03   3.5544e+02
20260619_10:00:00   1.3134e-01   3.5485e+01   9.3626e+00   0.0000e+00   2.5430e-03   3.5533e+02
20260619_11:00:00   1.3196e-01   3.5620e+01   9.5468e+00   0.0000e+00   6.9831e-03   3.5462e+02
20260619_12:00:00   1.3316e-01   3.5894e+01   9.7556e+00   0.0000e+00   1.1490e-02   3.5343e+02
20260619_13:00:00   1.3378e-01   3.6046e+01   9.8503e+00   0.0000e+00   9.5316e-03   3.5326e+02
20260619_14:00:00   1.3351e-01   3.6002e+01   9.8363e+00   0.0000e+00   6.8510e-03   3.5306e+02
20260619_15:00:00   1.3335e-01   3.5987e+01   9.8058e+00   0.0000e+00   4.2051e-03   3.5330e+02
20260619_16:00:00   1.3260e-01   3.5845e+01   9.6774e+00   0.0000e+00   9.0116e-04   3.5482e+02
20260619_17:00:00   1.3189e-01   3.5715e+01   9.5451e+00   0.0000e+00   8.7905e-05   3.5654e+02
20260619_18:00:00   1.3267e-01   3.5912e+01   9.5197e+00   0.0000e+00   0.0000e+00   3.5784e+02
20260619_19:00:00   1.3233e-01   3.5851e+01   9.4426e+00   0.0000e+00   7.3100e-07   3.5783e+02
20260619_20:00:00   1.3080e-01   3.5506e+01   9.2782e+00   0.0000e+00   1.0027e-05   3.5641e+02
20260619_21:00:00   1.2906e-01   3.5120e+01   9.0865e+00   0.0000e+00   1.6637e-04   3.5433e+02
20260619_22:00:00   1.2778e-01   3.4833e+01   8.9279e+00   0.0000e+00   2.3405e-04   3.5169e+02
20260619_23:00:00   1.2717e-01   3.4690e+01   8.8589e+00   0.0000e+00   1.0021e-03   3.4934e+02
20260620_00:00:00   1.2772e-01   3.4800e+01   8.9906e+00   0.0000e+00   2.6009e-03   3.4728e+02
20260620_01:00:00   1.2829e-01   3.4916e+01   9.1379e+00   0.0000e+00   4.9790e-03   3.4581e+02
20260620_02:00:00   1.2916e-01   3.5091e+01   9.3266e+00   0.0000e+00   3.9964e-03   3.4402e+02
20260620_03:00:00   1.3018e-01   3.5312e+01   9.5206e+00   0.0000e+00   1.0943e-03   3.4326e+02
20260620_04:00:00   1.2993e-01   3.5241e+01   9.5401e+00   0.0000e+00   6.1304e-04   3.4270e+02
20260620_05:00:00   1.2906e-01   3.5035e+01   9.4721e+00   0.0000e+00   7.6937e-05   3.4293e+02
20260620_06:00:00   1.2801e-01   3.4786e+01   9.3712e+00   0.0000e+00   0.0000e+00   3.4317e+02
20260620_09:00:00   1.2779e-01   3.4743e+01   9.3047e+00   0.0000e+00   0.0000e+00   3.4206e+02
20260620_12:00:00   1.2988e-01   3.5235e+01   9.4333e+00   0.0000e+00   0.0000e+00   3.4073e+02
20260620_15:00:00   1.3071e-01   3.5430e+01   9.4521e+00   0.0000e+00   0.0000e+00   3.4124e+02
20260620_18:00:00   1.3357e-01   3.6058e+01   9.6889e+00   0.0000e+00   0.0000e+00   3.4369e+02
20260620_21:00:00   1.3340e-01   3.5977e+01   9.4470e+00   0.0000e+00   0.0000e+00   3.4730e+02
20260621_00:00:00   1.2625e-01   3.4261e+01   8.4776e+00   0.0000e+00   0.0000e+00   3.4882e+02
20260621_03:00:00   1.4620e-01   3.8701e+01   1.1194e+01   0.0000e+00   4.2227e-03   3.5342e+02
20260621_06:00:00   1.8208e-01   4.6640e+01   1.5269e+01   0.0000e+00   1.7315e-01   3.5563e+02
20260621_09:00:00   1.9681e-01   4.9877e+01   1.6247e+01   1.7527e-03   3.0124e-01   3.5797e+02
20260621_12:00:00   2.7276e-01   6.6159e+01   1.5761e+01   9.1202e-02   1.4424e-01   3.6006e+02
20260621_15:00:00   4.1150e-01   9.2621e+01   1.5340e+01   2.5072e-01   1.3112e-01   3.5748e+02
20260621_18:00:00   4.3870e-01   9.7469e+01   1.5181e+01   2.8175e-01   1.3349e-01   3.6224e+02
20260621_21:00:00   3.8675e-01   8.8369e+01   1.4837e+01   2.2588e-01   1.5021e-01   3.6948e+02
20260622_00:00:00   3.3757e-01   7.9075e+01   1.4258e+01   1.7454e-01   1.8537e-01   3.6898e+02
20260622_03:00:00   3.5499e-01   8.2343e+01   1.2575e+01   2.1021e-01   3.0831e-02   3.6934e+02
20260622_06:00:00   3.6808e-01   8.4649e+01   1.1423e+01   2.3506e-01   4.3319e-03   3.6499e+02
20260622_09:00:00   2.3965e-01   5.9350e+01   1.0420e+01   1.0203e-01   1.6088e-03   3.5833e+02
20260622_12:00:00   1.8174e-01   4.6795e+01   1.0548e+01   3.7965e-02   1.2814e-03   3.5633e+02
20260622_15:00:00   1.9289e-01   4.9244e+01   1.2256e+01   3.9797e-02   5.2918e-03   3.4793e+02
20260622_18:00:00   2.0003e-01   5.0795e+01   1.5724e+01   1.8423e-02   1.8433e-02   3.4793e+02
20260622_21:00:00   3.4436e-01   8.0484e+01   1.7888e+01   1.5912e-01   7.8277e-02   3.4859e+02
20260623_00:00:00   2.5612e-01   6.2946e+01   1.7141e+01   6.5780e-02   1.0119e-01   3.5007e+02
20260623_03:00:00   2.3331e-01   5.8050e+01   1.6538e+01   4.4396e-02   3.5484e-02   3.4494e+02
20260623_06:00:00   1.8653e-01   4.7875e+01   1.4834e+01   8.3799e-03   2.1797e-03   3.4893e+02
20260623_09:00:00   5.9813e-01   1.2298e+02   1.6725e+01   4.4634e-01   9.2732e-01   3.5375e+02
20260623_12:00:00   5.1479e-01   1.0991e+02   1.0338e+01   4.0704e-01   3.0354e-02   3.6782e+02
20260623_15:00:00   2.9721e-01   7.0800e+01   9.0346e+00   1.7411e-01   9.4757e-03   3.7480e+02
20260623_18:00:00   1.8322e-01   4.6823e+01   8.3734e+00   5.2691e-02   2.7137e-03   3.7807e+02
20260623_21:00:00   1.4947e-01   3.9173e+01   7.4788e+00   2.4825e-02   4.2034e-04   3.7831e+02
20260624_00:00:00   1.2413e-01   3.3168e+01   7.5412e+00   2.0915e-03   1.9874e-03   3.6155e+02
20260624_03:00:00   1.3557e-01   3.5739e+01   9.6490e+00   0.0000e+00   2.4044e-02   3.5554e+02
20260624_06:00:00   1.4658e-01   3.8266e+01   1.1208e+01   0.0000e+00   1.2538e-02   3.5257e+02
20260624_09:00:00   1.5834e-01   4.0971e+01   1.2561e+01   0.0000e+00   8.5489e-03   3.5100e+02
20260624_12:00:00   1.4280e-01   3.7538e+01   1.0515e+01   5.3880e-06   1.1223e-03   3.5218e+02
20260624_15:00:00   1.3893e-01   3.6733e+01   8.8736e+00   7.7551e-03   9.1753e-04   3.5141e+02
20260624_18:00:00   1.2377e-01   3.3257e+01   7.6527e+00   1.6838e-03   1.1868e-04   3.5219e+02
20260624_21:00:00   1.1864e-01   3.2106e+01   7.1997e+00   0.0000e+00   0.0000e+00   3.5406e+02
20260625_00:00:00   1.1844e-01   3.2045e+01   7.1815e+00   0.0000e+00   6.7360e-07   3.5594e+02
20260625_03:00:00   1.2743e-01   3.4079e+01   8.0181e+00   2.1133e-03   1.4943e-02   3.5565e+02
20260625_06:00:00   1.4853e-01   3.8781e+01   1.0817e+01   2.1821e-03   2.3079e-01   3.5315e+02
20260625_09:00:00   1.6559e-01   4.2588e+01   1.1931e+01   6.2818e-03   2.8244e-01   3.6314e+02
20260625_12:00:00   1.4998e-01   3.9095e+01   1.0618e+01   6.8220e-05   1.1869e-01   3.7371e+02
20260625_15:00:00   1.4573e-01   3.8167e+01   9.5885e+00   3.5706e-03   7.6816e-02   3.7264e+02
20260625_18:00:00   1.4143e-01   3.7165e+01   9.5238e+00   1.6478e-03   2.6594e-02   3.7204e+02
20260625_21:00:00   1.3903e-01   3.6587e+01   9.3566e+00   7.0186e-04   3.1612e-02   3.7893e+02
20260626_00:00:00   1.4130e-01   3.7014e+01   9.4426e+00   3.3342e-03   1.7566e-02   3.8182e+02
20260626_03:00:00   1.4311e-01   3.7363e+01   9.7935e+00   1.4025e-03   7.5654e-03   3.7912e+02
20260626_06:00:00   1.4642e-01   3.8048e+01   1.0220e+01   3.2704e-05   4.9243e-02   3.7747e+02
20260626_09:00:00   1.5120e-01   3.9095e+01   1.0563e+01   2.2612e-04   1.7686e-01   3.8132e+02
20260626_12:00:00   1.5436e-01   3.9820e+01   1.0554e+01   3.5404e-03   2.1398e-01   3.8065e+02
20260626_15:00:00   1.5498e-01   4.0009e+01   1.0538e+01   4.8406e-03   7.9466e-02   3.8125e+02
20260626_18:00:00   1.5692e-01   4.0529e+01   1.0434e+01   7.4669e-03   5.7679e-02   3.8430e+02
20260626_21:00:00   1.5613e-01   4.0484e+01   9.8000e+00   1.2057e-02   2.7237e-02   3.8494e+02
20260627_00:00:00   1.5667e-01   4.0618e+01   9.4708e+00   1.7627e-02   3.4323e-02   3.7505e+02
20260627_03:00:00   1.5028e-01   3.9065e+01   1.0903e+01   3.1072e-03   7.3705e-02   3.6902e+02
20260627_06:00:00   1.5427e-01   4.0058e+01   1.1280e+01   2.6895e-06   1.9987e-01   3.6947e+02
20260627_09:00:00   1.5762e-01   4.0880e+01   1.1697e+01   1.9651e-04   2.3065e-01   3.6852e+02
20260627_12:00:00   2.5502e-01   6.2107e+01   1.2628e+01   1.0096e-01   3.6150e-01   3.5978e+02
20260627_15:00:00   3.5974e-01   8.2653e+01   1.3239e+01   2.1301e-01   3.7904e-01   3.5775e+02
20260627_18:00:00   3.3435e-01   7.8032e+01   1.2713e+01   1.8912e-01   1.1638e-01   3.6844e+02
20260627_21:00:00   4.9755e-01   1.0679e+02   1.2340e+01   3.7458e-01   2.4569e-01   3.6540e+02
20260628_00:00:00   4.4833e-01   9.8659e+01   1.2328e+01   3.2412e-01   2.6903e-01   3.5488e+02
20260628_03:00:00   4.1139e-01   9.2329e+01   1.5865e+01   2.4894e-01   7.0700e-01   3.4784e+02
20260628_06:00:00   3.6115e-01   8.3510e+01   1.7143e+01   1.8383e-01   6.4355e-01   3.4293e+02
20260628_09:00:00   4.8718e-01   1.0590e+02   2.0107e+01   3.0231e-01   4.0989e-01   3.4433e+02
20260628_12:00:00   1.0491e+00   1.7819e+02   2.2579e+01   9.1612e-01   4.5153e-01   3.4732e+02
20260628_15:00:00   1.2466e+00   1.9472e+02   2.1392e+01   1.1484e+00   6.9612e-01   3.4488e+02
20260628_18:00:00   9.7424e-01   1.7015e+02   2.1416e+01   8.3891e-01   5.4275e-01   3.4383e+02
20260628_21:00:00   5.5053e-01   1.1701e+02   2.1864e+01   3.5773e-01   3.0406e-01   3.4154e+02
20260629_00:00:00   2.6474e-01   6.5424e+01   1.9240e+01   5.8172e-02   6.4820e-03   3.4170e+02
20260629_03:00:00   2.2249e-01   5.6520e+01   1.5630e+01   4.3947e-02   2.8240e-03   3.4210e+02
20260629_06:00:00   3.5376e-01   8.2241e+01   1.8316e+01   1.6957e-01   2.6505e-01   3.4552e+02
20260629_09:00:00   8.8894e-01   1.6145e+02   1.9215e+01   7.5993e-01   7.6302e-01   3.5268e+02
20260629_12:00:00   2.2198e-01   5.5500e+01   1.4551e+01   4.9577e-02   1.0511e-01   3.7028e+02
20260629_15:00:00   1.6430e-01   4.2699e+01   8.9973e+00   2.8506e-02   2.0956e-03   3.7758e+02
20260629_18:00:00   1.9892e-01   5.0227e+01   7.7232e+00   7.8075e-02   9.6209e-03   3.8323e+02
20260629_21:00:00   1.6984e-01   4.3496e+01   8.1680e+00   3.8816e-02   1.0319e-01   3.9351e+02
20260630_00:00:00   1.5652e-01   4.0471e+01   8.1372e+00   2.5069e-02   1.1373e-02   3.9160e+02
20260630_03:00:00   1.2907e-01   3.4186e+01   7.5507e+00   1.5822e-03   2.0434e-03   3.8710e+02
20260630_06:00:00   1.2438e-01   3.3087e+01   7.2247e+00   0.0000e+00   4.5730e-06   3.8579e+02
20260630_09:00:00   1.2697e-01   3.3729e+01   7.4592e+00   1.2888e-04   5.0787e-05   3.8552e+02
20260630_12:00:00   1.2369e-01   3.3068e+01   7.1447e+00   2.2460e-06   4.1284e-06   3.8308e+02
20260630_15:00:00   1.2050e-01   3.2401e+01   6.9552e+00   0.0000e+00   1.1252e-02   3.7333e+02
20260630_18:00:00   1.2035e-01   3.2404e+01   7.1269e+00   7.5790e-07   3.9506e-02   3.6636e+02
20260630_21:00:00   1.1398e-01   3.1000e+01   6.1675e+00   0.0000e+00   1.3470e-05   3.7209e+02
20260701_00:00:00   1.1114e-01   3.0328e+01   5.8168e+00   0.0000e+00   0.0000e+00   3.7727e+02
20260701_03:00:00   1.1110e-01   3.0291e+01   5.8872e+00   0.0000e+00   2.2115e-02   3.7617e+02
20260701_06:00:00   1.1427e-01   3.1015e+01   6.5248e+00   0.0000e+00   1.0163e-02   3.7542e+02
