#            date       tau255        Tb[K]      pwv[mm] lwp[kg*m^-2] iwp[kg*m^-2]       o3[DU]
20260530_00:00:00   9.2569e-02   2.5908e+01   3.7836e+00   0.0000e+00   1.0540e-03   3.8098e+02
20260530_01:00:00   9.1798e-02   2.5729e+01   3.6768e+00   0.0000e+00   8.5603e-04   3.8182e+02
20260530_02:00:00   9.0835e-02   2.5493e+01   3.5467e+00   0.0000e+00   9.1582e-04   3.8172e+02
20260530_03:00:00   9.0043e-02   2.5292e+01   3.4472e+00   0.0000e+00   9.6838e-04   3.8014e+02
20260530_04:00:00   9.0360e-02   2.5353e+01   3.5251e+00   0.0000e+00   4.0160e-04   3.7884e+02
20260530_05:00:00   9.1628e-02   2.5645e+01   3.7691e+00   0.0000e+00   3.4180e-05   3.7792e+02
20260530_06:00:00   9.3291e-02   2.6040e+01   4.0537e+00   0.0000e+00   2.5280e-05   3.7683e+02
20260530_07:00:00   9.5673e-02   2.6614e+01   4.4184e+00   0.0000e+00   1.3795e-03   3.7538e+02
20260530_08:00:00   9.9624e-02   2.7548e+01   5.0343e+00   0.0000e+00   1.0172e-03   3.7394e+02
20260530_09:00:00   1.0332e-01   2.8436e+01   5.5567e+00   0.0000e+00   1.8230e-03   3.7295e+02
20260530_10:00:00   1.0626e-01   2.9157e+01   5.9061e+00   0.0000e+00   1.5941e-03   3.7229e+02
20260530_11:00:00   1.0871e-01   2.9765e+01   6.1805e+00   0.0000e+00   4.1023e-04   3.7242e+02
20260530_12:00:00   1.1114e-01   3.0358e+01   6.4570e+00   0.0000e+00   7.9180e-05   3.7308e+02
20260530_13:00:00   1.1404e-01   3.1051e+01   6.8177e+00   0.0000e+00   0.0000e+00   3.7494e+02
20260530_14:00:00   1.1821e-01   3.2037e+01   7.3537e+00   0.0000e+00   0.0000e+00   3.7600e+02
20260530_15:00:00   1.2370e-01   3.3309e+01   8.0465e+00   0.0000e+00   0.0000e+00   3.7601e+02
20260530_16:00:00   1.2877e-01   3.4478e+01   8.6485e+00   0.0000e+00   2.5600e-05   3.7179e+02
20260530_17:00:00   1.3297e-01   3.5459e+01   9.1183e+00   0.0000e+00   1.0688e-04   3.6304e+02
20260530_18:00:00   1.3541e-01   3.6024e+01   9.4033e+00   0.0000e+00   1.7728e-03   3.6164e+02
20260530_19:00:00   1.4226e-01   3.7538e+01   1.0402e+01   0.0000e+00   5.8710e-03   3.6499e+02
20260530_20:00:00   1.4977e-01   3.9182e+01   1.1231e+01   0.0000e+00   2.8799e-02   3.7145e+02
20260530_21:00:00   1.5349e-01   4.0040e+01   1.1473e+01   0.0000e+00   3.8967e-02   3.7980e+02
20260530_22:00:00   1.5534e-01   4.0488e+01   1.1529e+01   0.0000e+00   3.2119e-02   3.8622e+02
20260530_23:00:00   1.5523e-01   4.0490e+01   1.1515e+01   0.0000e+00   1.1337e-03   3.9069e+02
20260531_00:00:00   1.5897e-01   4.1295e+01   1.1955e+01   7.9810e-05   5.1445e-03   3.9737e+02
20260531_01:00:00   1.6154e-01   4.1876e+01   1.2187e+01   0.0000e+00   2.1103e-02   3.9187e+02
20260531_02:00:00   1.5895e-01   4.1362e+01   1.1708e+01   0.0000e+00   1.5823e-02   3.9003e+02
20260531_03:00:00   1.5335e-01   4.0140e+01   1.1013e+01   0.0000e+00   6.1209e-03   3.8099e+02
20260531_04:00:00   1.4875e-01   3.9075e+01   1.0532e+01   4.7200e-05   1.7371e-02   3.7300e+02
20260531_05:00:00   1.4986e-01   3.9241e+01   1.1096e+01   0.0000e+00   6.9308e-02   3.6637e+02
20260531_06:00:00   1.5205e-01   3.9700e+01   1.1612e+01   0.0000e+00   2.3749e-01   3.6071e+02
20260531_07:00:00   1.5067e-01   3.9404e+01   1.1583e+01   0.0000e+00   2.7063e-01   3.5543e+02
20260531_08:00:00   1.5308e-01   3.9938e+01   1.2089e+01   0.0000e+00   1.4763e-01   3.5124e+02
20260531_09:00:00   1.5682e-01   4.0779e+01   1.2666e+01   0.0000e+00   2.3040e-01   3.4815e+02
20260531_10:00:00   1.6011e-01   4.1510e+01   1.3132e+01   0.0000e+00   1.7197e-01   3.4642e+02
20260531_11:00:00   1.6519e-01   4.2641e+01   1.3729e+01   0.0000e+00   3.3564e-01   3.4332e+02
20260531_12:00:00   1.7404e-01   4.4616e+01   1.4799e+01   0.0000e+00   3.1076e-01   3.3828e+02
20260531_13:00:00   1.7977e-01   4.5891e+01   1.5359e+01   2.9363e-04   4.3382e-01   3.3194e+02
20260531_14:00:00   1.7555e-01   4.5006e+01   1.4991e+01   1.4588e-04   1.0352e-01   3.2907e+02
20260531_15:00:00   1.7965e-01   4.5947e+01   1.4857e+01   4.5836e-03   4.4374e-02   3.2291e+02
20260531_16:00:00   1.7697e-01   4.5401e+01   1.4549e+01   5.0304e-03   4.5668e-02   3.2198e+02
20260531_17:00:00   1.7647e-01   4.5378e+01   1.4623e+01   3.6546e-04   1.0879e-01   3.3506e+02
20260531_18:00:00   1.8607e-01   4.7530e+01   1.4695e+01   1.0261e-02   1.8652e-02   3.4471e+02
20260531_19:00:00   1.7687e-01   4.5518e+01   1.4695e+01   1.0622e-05   1.6015e-01   3.5088e+02
20260531_20:00:00   1.8234e-01   4.6846e+01   1.5119e+01   8.7832e-05   1.7758e-01   3.5667e+02
20260531_21:00:00   2.2729e-01   5.6535e+01   1.5902e+01   4.1837e-02   4.3679e-01   3.5719e+02
20260531_22:00:00   2.9139e-01   6.9570e+01   1.5057e+01   1.1899e-01   3.4210e-01   3.5858e+02
20260531_23:00:00   3.8003e-01   8.5838e+01   1.3918e+01   2.2782e-01   3.5381e-01   3.6480e+02
20260601_00:00:00   2.8465e-01   6.7785e+01   1.3473e+01   1.2515e-01   3.2898e-01   3.7674e+02
20260601_01:00:00   1.8307e-01   4.6625e+01   1.4326e+01   6.1024e-03   4.5392e-01   3.7461e+02
20260601_02:00:00   1.7660e-01   4.5082e+01   1.3521e+01   5.3451e-03   5.8846e-01   3.7451e+02
20260601_03:00:00   1.6349e-01   4.2181e+01   1.2277e+01   6.6398e-04   3.8281e-01   3.7977e+02
20260601_04:00:00   1.5920e-01   4.1207e+01   1.1734e+01   0.0000e+00   3.7356e-01   3.7872e+02
20260601_05:00:00   1.5523e-01   4.0294e+01   1.1207e+01   0.0000e+00   3.2235e-01   3.7617e+02
20260601_06:00:00   1.5198e-01   3.9553e+01   1.0767e+01   0.0000e+00   3.3023e-01   3.7606e+02
20260601_07:00:00   1.5041e-01   3.9144e+01   1.0605e+01   0.0000e+00   2.2475e-01   3.7543e+02
20260601_08:00:00   1.5158e-01   3.9358e+01   1.0956e+01   0.0000e+00   1.1478e-01   3.7400e+02
20260601_09:00:00   1.5077e-01   3.9143e+01   1.0894e+01   0.0000e+00   1.2263e-01   3.6929e+02
20260601_10:00:00   1.5132e-01   3.9222e+01   1.0932e+01   0.0000e+00   1.4658e-01   3.7115e+02
20260601_11:00:00   1.5185e-01   3.9313e+01   1.1114e+01   1.2746e-05   6.5991e-02   3.7611e+02
20260601_12:00:00   1.5393e-01   3.9753e+01   1.1367e+01   5.8658e-04   4.7237e-02   3.7721e+02
20260601_13:00:00   1.5464e-01   3.9908e+01   1.1447e+01   5.1204e-04   5.9243e-02   3.7693e+02
20260601_14:00:00   1.5620e-01   4.0256e+01   1.1427e+01   1.7152e-03   7.2641e-02   3.7878e+02
20260601_15:00:00   1.5690e-01   4.0461e+01   1.0904e+01   5.8240e-03   2.1214e-02   3.8376e+02
20260601_16:00:00   1.7028e-01   4.3519e+01   1.0205e+01   2.4972e-02   8.2568e-03   3.8888e+02
20260601_17:00:00   1.9006e-01   4.7948e+01   9.8273e+00   4.9311e-02   1.1907e-02   3.9603e+02
20260601_18:00:00   1.8645e-01   4.7168e+01   9.5216e+00   4.7984e-02   5.1539e-03   4.0043e+02
20260601_19:00:00   1.7914e-01   4.5520e+01   9.3228e+00   4.1423e-02   5.6055e-03   4.0146e+02
20260601_20:00:00   1.6429e-01   4.2164e+01   9.2803e+00   2.4865e-02   7.2058e-03   3.9809e+02
20260601_21:00:00   1.4751e-01   3.8332e+01   9.3323e+00   5.3714e-03   7.1450e-03   3.9303e+02
20260601_22:00:00   1.5011e-01   3.8942e+01   9.3015e+00   8.4163e-03   1.8605e-03   3.9258e+02
20260601_23:00:00   1.6473e-01   4.2309e+01   9.1703e+00   2.6033e-02   7.0305e-04   3.9525e+02
20260602_00:00:00   1.6945e-01   4.3389e+01   8.9164e+00   3.3487e-02   5.9113e-04   3.9333e+02
20260602_01:00:00   1.6353e-01   4.2057e+01   8.3901e+00   3.1344e-02   6.6000e-04   3.8366e+02
20260602_02:00:00   1.5403e-01   3.9925e+01   7.7117e+00   2.7046e-02   4.5502e-04   3.8239e+02
20260602_03:00:00   1.3768e-01   3.6178e+01   6.9922e+00   1.5916e-02   2.7884e-04   3.7989e+02
20260602_04:00:00   1.2752e-01   3.3790e+01   6.7811e+00   7.5222e-03   1.8334e-04   3.7834e+02
20260602_05:00:00   1.2604e-01   3.3414e+01   6.9520e+00   5.4842e-03   1.0533e-04   3.8577e+02
20260602_06:00:00   1.2347e-01   3.2783e+01   7.0463e+00   2.2553e-03   7.4371e-05   3.9268e+02
20260602_07:00:00   1.2200e-01   3.2434e+01   7.0309e+00   1.0547e-03   5.2057e-05   3.9132e+02
20260602_08:00:00   1.2045e-01   3.2074e+01   6.9620e+00   1.4932e-04   4.6215e-05   3.8929e+02
20260602_09:00:00   1.1957e-01   3.1876e+01   6.8960e+00   1.1226e-05   5.7163e-06   3.8811e+02
20260602_10:00:00   1.2034e-01   3.2055e+01   7.0489e+00   0.0000e+00   4.2724e-06   3.8544e+02
20260602_11:00:00   1.2100e-01   3.2221e+01   7.1220e+00   1.3470e-05   7.2184e-06   3.8402e+02
20260602_12:00:00   1.2194e-01   3.2448e+01   7.2238e+00   4.8261e-05   1.0668e-04   3.8508e+02
20260602_13:00:00   1.2262e-01   3.2612e+01   7.2996e+00   1.3246e-04   7.1611e-05   3.8283e+02
20260602_14:00:00   1.2404e-01   3.2949e+01   7.3770e+00   1.1230e-03   1.2106e-03   3.8111e+02
20260602_15:00:00   1.2544e-01   3.3272e+01   7.5678e+00   1.4107e-03   1.0189e-03   3.7935e+02
20260602_16:00:00   1.2580e-01   3.3359e+01   7.6383e+00   1.1164e-03   7.5492e-04   3.7700e+02
20260602_17:00:00   1.2659e-01   3.3558e+01   7.6147e+00   2.1969e-03   3.5024e-04   3.7545e+02
20260602_18:00:00   1.3103e-01   3.4593e+01   7.7227e+00   6.3843e-03   3.5121e-04   3.7558e+02
20260602_19:00:00   1.3613e-01   3.5775e+01   7.8246e+00   1.1475e-02   5.0516e-04   3.7585e+02
20260602_20:00:00   1.3518e-01   3.5554e+01   7.9327e+00   9.7787e-03   3.5653e-04   3.7643e+02
20260602_21:00:00   1.3222e-01   3.4871e+01   8.0149e+00   6.0007e-03   3.4398e-04   3.7762e+02
20260602_22:00:00   1.2992e-01   3.4338e+01   8.1060e+00   2.7488e-03   2.9004e-04   3.7826e+02
20260602_23:00:00   1.2829e-01   3.3950e+01   8.1933e+00   2.8933e-04   4.7876e-04   3.7830e+02
20260603_00:00:00   1.2925e-01   3.4146e+01   8.3889e+00   0.0000e+00   5.7763e-04   3.7731e+02
20260603_01:00:00   1.3076e-01   3.4467e+01   8.6120e+00   0.0000e+00   2.9090e-03   3.7652e+02
20260603_02:00:00   1.3222e-01   3.4784e+01   8.8197e+00   0.0000e+00   5.9239e-03   3.7657e+02
20260603_03:00:00   1.3398e-01   3.5169e+01   9.0672e+00   0.0000e+00   2.7784e-02   3.7660e+02
20260603_04:00:00   1.3602e-01   3.5624e+01   9.3194e+00   0.0000e+00   5.9766e-02   3.7663e+02
20260603_05:00:00   1.3867e-01   3.6212e+01   9.6026e+00   0.0000e+00   7.5507e-02   3.7776e+02
20260603_06:00:00   1.4019e-01   3.6550e+01   9.7641e+00   0.0000e+00   7.2710e-02   3.7813e+02
20260603_07:00:00   1.4103e-01   3.6742e+01   9.8580e+00   0.0000e+00   6.4366e-02   3.7863e+02
20260603_08:00:00   1.4166e-01   3.6878e+01   9.9129e+00   0.0000e+00   3.2415e-02   3.7878e+02
20260603_09:00:00   1.4069e-01   3.6662e+01   9.7706e+00   0.0000e+00   5.9498e-03   3.7989e+02
20260603_10:00:00   1.4010e-01   3.6526e+01   9.6773e+00   0.0000e+00   5.8430e-03   3.8104e+02
20260603_11:00:00   1.4070e-01   3.6652e+01   9.7375e+00   0.0000e+00   4.6764e-03   3.7979e+02
20260603_12:00:00   1.4120e-01   3.6762e+01   9.7949e+00   0.0000e+00   3.3697e-03   3.7956e+02
20260603_13:00:00   1.4203e-01   3.6941e+01   9.8768e+00   0.0000e+00   9.4417e-03   3.7865e+02
20260603_14:00:00   1.4383e-01   3.7346e+01   9.9846e+00   7.2163e-04   1.4518e-02   3.7899e+02
20260603_15:00:00   1.4581e-01   3.7789e+01   1.0114e+01   1.1887e-03   4.6419e-02   3.7975e+02
20260603_16:00:00   1.5121e-01   3.9018e+01   1.0120e+01   6.2516e-03   1.1578e-01   3.8002e+02
20260603_17:00:00   1.5409e-01   3.9664e+01   1.0219e+01   7.8947e-03   1.7545e-01   3.7960e+02
20260603_18:00:00   1.5201e-01   3.9180e+01   1.0177e+01   5.3089e-03   2.4885e-01   3.7883e+02
20260603_19:00:00   1.4953e-01   3.8607e+01   1.0087e+01   2.7271e-03   3.1026e-01   3.7915e+02
20260603_20:00:00   1.4746e-01   3.8125e+01   1.0024e+01   1.5572e-04   3.4206e-01   3.8009e+02
20260603_21:00:00   1.4688e-01   3.7981e+01   9.9219e+00   2.2780e-05   3.0015e-01   3.8200e+02
20260603_22:00:00   1.4440e-01   3.7435e+01   9.5652e+00   1.0234e-05   1.8205e-01   3.8511e+02
20260603_23:00:00   1.3883e-01   3.6204e+01   8.8128e+00   3.6540e-06   9.4464e-02   3.8652e+02
20260604_00:00:00   1.3352e-01   3.4999e+01   8.1281e+00   3.6180e-05   6.6725e-02   3.8542e+02
20260604_03:00:00   1.2685e-01   3.3427e+01   7.3503e+00   0.0000e+00   1.8176e-02   3.8323e+02
20260604_06:00:00   1.2488e-01   3.2921e+01   7.1539e+00   0.0000e+00   1.4319e-02   3.8261e+02
20260604_09:00:00   1.2443e-01   3.2798e+01   7.1311e+00   0.0000e+00   8.4347e-03   3.8240e+02
20260604_12:00:00   1.2551e-01   3.3055e+01   7.2786e+00   0.0000e+00   7.6089e-03   3.8072e+02
20260604_15:00:00   1.2713e-01   3.3441e+01   7.4785e+00   2.4948e-04   6.6245e-03   3.7813e+02
20260604_18:00:00   1.3393e-01   3.5032e+01   7.5207e+00   7.7817e-03   5.5941e-03   3.7783e+02
20260604_21:00:00   1.3141e-01   3.4451e+01   7.7743e+00   3.1653e-03   6.0737e-03   3.7695e+02
20260605_00:00:00   1.3018e-01   3.4142e+01   7.8823e+00   1.2848e-03   4.9137e-03   3.7846e+02
20260605_03:00:00   1.2799e-01   3.3586e+01   7.7979e+00   0.0000e+00   4.6426e-03   3.8203e+02
20260605_06:00:00   1.2891e-01   3.3765e+01   7.8900e+00   0.0000e+00   7.8065e-03   3.8279e+02
20260605_09:00:00   1.2799e-01   3.3556e+01   7.7392e+00   0.0000e+00   8.2910e-03   3.8353e+02
20260605_12:00:00   1.2880e-01   3.3756e+01   7.7635e+00   0.0000e+00   4.3102e-03   3.8357e+02
20260605_15:00:00   1.3019e-01   3.4100e+01   7.8712e+00   0.0000e+00   4.3081e-03   3.8275e+02
20260605_18:00:00   1.3023e-01   3.4126e+01   7.8719e+00   0.0000e+00   4.1571e-03   3.8390e+02
20260605_21:00:00   1.2882e-01   3.3821e+01   7.7113e+00   0.0000e+00   8.1793e-04   3.8581e+02
20260606_00:00:00   1.2622e-01   3.3229e+01   7.3922e+00   0.0000e+00   2.4008e-04   3.8764e+02
20260606_03:00:00   1.2664e-01   3.3321e+01   7.0177e+00   4.2343e-03   2.8648e-04   3.9064e+02
20260606_06:00:00   1.2081e-01   3.1948e+01   6.7808e+00   6.4080e-04   6.5267e-04   3.9231e+02
20260606_09:00:00   1.1859e-01   3.1455e+01   6.6665e+00   0.0000e+00   2.3469e-05   3.9305e+02
20260606_12:00:00   1.1783e-01   3.1328e+01   6.6288e+00   0.0000e+00   2.7752e-05   3.9783e+02
20260606_15:00:00   1.1854e-01   3.1545e+01   6.7514e+00   0.0000e+00   2.8855e-05   3.9623e+02
20260606_18:00:00   1.1917e-01   3.1741e+01   6.8508e+00   0.0000e+00   2.7754e-05   3.9732e+02
20260606_21:00:00   1.1923e-01   3.1805e+01   6.8562e+00   0.0000e+00   1.8856e-05   3.9866e+02
20260607_00:00:00   1.1959e-01   3.1910e+01   6.9100e+00   0.0000e+00   2.7636e-05   4.0098e+02
20260607_03:00:00   1.1905e-01   3.1776e+01   6.8698e+00   0.0000e+00   1.8143e-05   4.0157e+02
20260607_06:00:00   1.1818e-01   3.1573e+01   6.7774e+00   0.0000e+00   2.5089e-05   3.9645e+02
20260607_09:00:00   1.1679e-01   3.1265e+01   6.5979e+00   0.0000e+00   1.0205e-05   3.9294e+02
20260607_12:00:00   1.1629e-01   3.1177e+01   6.4615e+00   0.0000e+00   2.4480e-06   3.9298e+02
20260607_15:00:00   1.1682e-01   3.1327e+01   6.4458e+00   0.0000e+00   6.5240e-07   3.9415e+02
20260607_18:00:00   1.1993e-01   3.2043e+01   6.8209e+00   0.0000e+00   0.0000e+00   3.9453e+02
20260607_21:00:00   1.2611e-01   3.3447e+01   7.6208e+00   0.0000e+00   1.4044e-05   3.9388e+02
20260608_00:00:00   1.2882e-01   3.4039e+01   7.9153e+00   0.0000e+00   2.5134e-05   3.9459e+02
20260608_03:00:00   1.2888e-01   3.4006e+01   7.9952e+00   0.0000e+00   1.5466e-05   3.9405e+02
20260608_06:00:00   1.3272e-01   3.4845e+01   8.4280e+00   0.0000e+00   1.7502e-03   3.9354e+02
20260608_09:00:00   1.3524e-01   3.5430e+01   8.6889e+00   0.0000e+00   1.8209e-02   3.9181e+02
20260608_12:00:00   1.3362e-01   3.5113e+01   8.4595e+00   0.0000e+00   8.6537e-04   3.9503e+02
20260608_15:00:00   1.3449e-01   3.5351e+01   8.6190e+00   0.0000e+00   2.7163e-04   3.9058e+02
20260608_18:00:00   1.4107e-01   3.6830e+01   9.6253e+00   1.5716e-05   4.1141e-02   3.8706e+02
20260608_21:00:00   1.5424e-01   3.9821e+01   1.0902e+01   1.3470e-05   3.7616e-01   3.9471e+02
20260609_00:00:00   1.4868e-01   3.8628e+01   1.0308e+01   3.2553e-05   2.0506e-01   3.9843e+02
20260609_03:00:00   1.5055e-01   3.9084e+01   1.0515e+01   0.0000e+00   2.7400e-01   3.9367e+02
20260609_06:00:00   1.4695e-01   3.8310e+01   1.0106e+01   1.3050e-05   1.4088e-01   3.9020e+02
20260609_09:00:00   1.5267e-01   3.9542e+01   1.0937e+01   0.0000e+00   2.5868e-01   3.9083e+02
20260609_12:00:00   1.4434e-01   3.7715e+01   9.7336e+00   0.0000e+00   9.2103e-02   3.9359e+02
20260609_15:00:00   1.3242e-01   3.5046e+01   7.9462e+00   1.2256e-03   2.9295e-02   3.9363e+02
20260609_18:00:00   1.4106e-01   3.7057e+01   6.8192e+00   1.9662e-02   1.8173e-02   3.9832e+02
20260609_21:00:00   1.9870e-01   4.9855e+01   7.0149e+00   8.1063e-02   2.6166e-02   4.0278e+02
20260610_00:00:00   1.8378e-01   4.6502e+01   7.0851e+00   6.3597e-02   2.9826e-02   4.0164e+02
20260610_03:00:00   1.3018e-01   3.4440e+01   6.8889e+00   5.4422e-03   2.1749e-02   4.0067e+02
20260610_06:00:00   1.5769e-01   4.0690e+01   6.6425e+00   3.9136e-02   2.6058e-02   3.9651e+02
20260610_09:00:00   1.2808e-01   3.3954e+01   6.5256e+00   1.0316e-02   2.5228e-02   3.8901e+02
20260610_12:00:00   1.2570e-01   3.3383e+01   7.6443e+00   8.9354e-04   3.9631e-02   3.8952e+02
20260610_15:00:00   1.4896e-01   3.8695e+01   1.0282e+01   4.3407e-03   2.0974e-01   3.8808e+02
20260610_18:00:00   1.6198e-01   4.1623e+01   1.2152e+01   1.8274e-07   5.1523e-01   3.8729e+02
20260610_21:00:00   1.6555e-01   4.2464e+01   1.2571e+01   4.0783e-05   4.7785e-01   3.8767e+02
20260611_00:00:00   1.6472e-01   4.2264e+01   1.2460e+01   1.0250e-04   5.8272e-01   3.8973e+02
20260611_03:00:00   1.7041e-01   4.3567e+01   1.2264e+01   8.6331e-03   5.5379e-01   3.9103e+02
20260611_06:00:00   1.6102e-01   4.1407e+01   1.1931e+01   1.5177e-03   4.1601e-01   3.9412e+02
20260611_09:00:00   1.5829e-01   4.0780e+01   1.1681e+01   6.6747e-04   3.2133e-01   3.9712e+02
20260611_12:00:00   1.5703e-01   4.0496e+01   1.1221e+01   3.4194e-03   1.7848e-01   3.9614e+02
20260611_15:00:00   1.4655e-01   3.8121e+01   1.0031e+01   1.4441e-03   4.9676e-02   4.0107e+02
20260611_18:00:00   1.5731e-01   4.0638e+01   8.3943e+00   2.6672e-02   6.1988e-03   4.0876e+02
20260611_21:00:00   1.4297e-01   3.7311e+01   7.4482e+00   1.7093e-02   5.1882e-03   4.1616e+02
20260612_00:00:00   1.2013e-01   3.1939e+01   6.5430e+00   1.1121e-04   1.4463e-03   4.1840e+02
20260612_03:00:00   1.1510e-01   3.0717e+01   5.8183e+00   9.8914e-05   1.1707e-04   4.1952e+02
20260612_06:00:00   1.1417e-01   3.0466e+01   5.4285e+00   1.3463e-03   1.3074e-04   4.1959e+02
20260612_09:00:00   1.1558e-01   3.0756e+01   5.6166e+00   8.4880e-04   9.3361e-05   4.2105e+02
20260612_12:00:00   1.1580e-01   3.0783e+01   5.7761e+00   0.0000e+00   1.6138e-04   4.1903e+02
20260612_15:00:00   1.1683e-01   3.1038e+01   5.9075e+00   0.0000e+00   1.3995e-03   4.1519e+02
20260612_18:00:00   1.2018e-01   3.1835e+01   6.2443e+00   0.0000e+00   2.4776e-05   4.1441e+02
20260612_21:00:00   1.2169e-01   3.2214e+01   6.3377e+00   0.0000e+00   3.3011e-05   4.1596e+02
20260613_00:00:00   1.2103e-01   3.2072e+01   6.1566e+00   0.0000e+00   8.4712e-05   4.1566e+02
20260613_03:00:00   1.1751e-01   3.1257e+01   5.7345e+00   0.0000e+00   2.4019e-04   4.1587e+02
20260613_06:00:00   1.1202e-01   3.0002e+01   5.1522e+00   0.0000e+00   1.0110e-05   4.1747e+02
20260613_09:00:00   1.0573e-01   2.8591e+01   4.4846e+00   0.0000e+00   3.1445e-06   4.1798e+02
20260613_12:00:00   1.0265e-01   2.7945e+01   4.2107e+00   0.0000e+00   1.0944e-06   4.1725e+02
20260613_15:00:00   1.0101e-01   2.7646e+01   4.1194e+00   0.0000e+00   9.2140e-07   4.1607e+02
20260613_18:00:00   1.0125e-01   2.7799e+01   4.2024e+00   0.0000e+00   0.0000e+00   4.1350e+02
20260613_21:00:00   1.0115e-01   2.7849e+01   4.3793e+00   0.0000e+00   0.0000e+00   3.9763e+02
20260614_00:00:00   1.0171e-01   2.7990e+01   4.6503e+00   0.0000e+00   1.0032e-04   3.9147e+02
20260614_03:00:00   1.0245e-01   2.8120e+01   5.0601e+00   0.0000e+00   7.1015e-03   3.8058e+02
20260614_06:00:00   1.0657e-01   2.9038e+01   5.9161e+00   0.0000e+00   3.0848e-02   3.7543e+02
20260614_09:00:00   1.2382e-01   3.3015e+01   8.3542e+00   0.0000e+00   1.5622e-01   3.6779e+02
20260614_12:00:00   1.4134e-01   3.7022e+01   1.0573e+01   0.0000e+00   2.9787e-01   3.6106e+02
20260614_15:00:00   1.5844e-01   4.0922e+01   1.2784e+01   2.6940e-05   2.9830e-01   3.5679e+02
20260614_18:00:00   1.7408e-01   4.4498e+01   1.4778e+01   0.0000e+00   2.9067e-01   3.5068e+02
20260614_21:00:00   1.8911e-01   4.7927e+01   1.6531e+01   0.0000e+00   4.5968e-01   3.4633e+02
20260615_00:00:00   1.9437e-01   4.9295e+01   1.7488e+01   0.0000e+00   1.4034e-01   3.4901e+02
