#            date       tau255        Tb[K]      pwv[mm] lwp[kg*m^-2] iwp[kg*m^-2]       o3[DU]
20260326_18:00:00   8.7285e-02   2.3073e+01   1.6264e+00   0.0000e+00   0.0000e+00   4.8636e+02
20260326_19:00:00   8.7287e-02   2.3081e+01   1.6222e+00   0.0000e+00   0.0000e+00   4.9163e+02
20260326_20:00:00   8.6931e-02   2.3004e+01   1.5770e+00   0.0000e+00   0.0000e+00   4.9280e+02
20260326_21:00:00   8.6563e-02   2.2922e+01   1.5318e+00   0.0000e+00   0.0000e+00   4.8739e+02
20260326_22:00:00   8.6323e-02   2.2868e+01   1.4983e+00   0.0000e+00   0.0000e+00   4.8842e+02
20260326_23:00:00   8.6183e-02   2.2834e+01   1.4718e+00   0.0000e+00   0.0000e+00   4.9060e+02
20260327_00:00:00   8.6119e-02   2.2816e+01   1.4494e+00   0.0000e+00   1.5294e-05   4.8912e+02
20260327_01:00:00   8.6114e-02   2.2810e+01   1.4325e+00   0.0000e+00   0.0000e+00   4.8655e+02
20260327_02:00:00   8.6210e-02   2.2827e+01   1.4288e+00   0.0000e+00   0.0000e+00   4.8924e+02
20260327_03:00:00   8.6489e-02   2.2881e+01   1.4464e+00   0.0000e+00   0.0000e+00   4.9183e+02
20260327_04:00:00   8.6879e-02   2.2958e+01   1.4781e+00   0.0000e+00   0.0000e+00   4.9061e+02
20260327_05:00:00   8.7253e-02   2.3033e+01   1.5087e+00   0.0000e+00   0.0000e+00   4.8831e+02
20260327_06:00:00   8.7680e-02   2.3115e+01   1.5420e+00   0.0000e+00   0.0000e+00   4.8388e+02
20260327_07:00:00   8.8272e-02   2.3231e+01   1.5910e+00   0.0000e+00   7.0160e-06   4.7754e+02
20260327_08:00:00   8.8909e-02   2.3357e+01   1.6445e+00   0.0000e+00   1.5466e-05   4.7597e+02
20260327_09:00:00   8.9601e-02   2.3494e+01   1.7023e+00   0.0000e+00   2.3332e-05   4.7674e+02
20260327_10:00:00   9.0291e-02   2.3632e+01   1.7640e+00   0.0000e+00   2.9450e-05   4.7651e+02
20260327_11:00:00   9.0928e-02   2.3758e+01   1.8170e+00   0.0000e+00   4.7124e-04   4.7627e+02
20260327_12:00:00   9.1571e-02   2.3894e+01   1.8709e+00   0.0000e+00   1.3553e-03   4.7962e+02
20260327_13:00:00   9.2332e-02   2.4061e+01   1.9413e+00   0.0000e+00   2.4188e-03   4.8613e+02
20260327_14:00:00   9.2968e-02   2.4210e+01   2.0116e+00   0.0000e+00   2.2649e-03   4.8663e+02
20260327_15:00:00   9.3645e-02   2.4367e+01   2.0902e+00   0.0000e+00   1.4619e-03   4.8149e+02
20260327_16:00:00   9.4470e-02   2.4553e+01   2.1765e+00   0.0000e+00   1.9787e-03   4.8388e+02
20260327_17:00:00   9.5453e-02   2.4771e+01   2.2738e+00   0.0000e+00   3.6250e-03   4.8527e+02
20260327_18:00:00   9.6150e-02   2.4928e+01   2.3447e+00   0.0000e+00   6.1330e-03   4.8546e+02
20260327_19:00:00   9.6529e-02   2.5015e+01   2.3824e+00   0.0000e+00   6.4279e-03   4.8239e+02
20260327_20:00:00   9.6501e-02   2.5010e+01   2.3843e+00   0.0000e+00   4.9120e-03   4.8309e+02
20260327_21:00:00   9.6188e-02   2.4940e+01   2.3549e+00   0.0000e+00   2.6249e-03   4.8691e+02
20260327_22:00:00   9.5407e-02   2.4761e+01   2.2718e+00   0.0000e+00   1.2191e-03   4.9125e+02
20260327_23:00:00   9.4654e-02   2.4589e+01   2.1882e+00   0.0000e+00   3.0934e-04   4.9316e+02
20260328_00:00:00   9.4119e-02   2.4468e+01   2.1337e+00   0.0000e+00   3.7608e-05   4.9636e+02
20260328_01:00:00   9.3831e-02   2.4403e+01   2.1106e+00   0.0000e+00   2.7802e-04   4.9780e+02
20260328_02:00:00   9.3689e-02   2.4374e+01   2.1064e+00   0.0000e+00   6.2089e-04   4.9608e+02
20260328_03:00:00   9.3680e-02   2.4371e+01   2.1148e+00   0.0000e+00   2.2552e-03   4.8986e+02
20260328_04:00:00   9.3859e-02   2.4413e+01   2.1421e+00   0.0000e+00   3.8876e-03   4.8756e+02
20260328_05:00:00   9.4066e-02   2.4458e+01   2.1701e+00   0.0000e+00   5.0128e-03   4.8576e+02
20260328_06:00:00   9.4133e-02   2.4476e+01   2.1898e+00   0.0000e+00   5.3357e-03   4.8723e+02
20260328_07:00:00   9.3987e-02   2.4448e+01   2.1892e+00   0.0000e+00   3.5733e-03   4.8848e+02
20260328_08:00:00   9.3703e-02   2.4388e+01   2.1767e+00   0.0000e+00   3.1369e-03   4.8505e+02
20260328_09:00:00   9.3246e-02   2.4290e+01   2.1439e+00   0.0000e+00   2.8550e-03   4.8304e+02
20260328_10:00:00   9.2691e-02   2.4170e+01   2.0926e+00   0.0000e+00   3.1785e-03   4.8364e+02
20260328_11:00:00   9.2230e-02   2.4083e+01   2.0674e+00   0.0000e+00   1.6948e-03   4.8516e+02
20260328_12:00:00   9.1896e-02   2.4025e+01   2.0572e+00   0.0000e+00   3.2405e-04   4.8516e+02
20260328_13:00:00   9.1402e-02   2.3927e+01   2.0222e+00   0.0000e+00   6.6144e-06   4.8539e+02
20260328_14:00:00   9.0464e-02   2.3731e+01   1.9368e+00   0.0000e+00   0.0000e+00   4.8787e+02
20260328_15:00:00   8.8897e-02   2.3396e+01   1.7721e+00   0.0000e+00   0.0000e+00   4.9691e+02
20260328_16:00:00   8.7119e-02   2.3011e+01   1.5861e+00   0.0000e+00   0.0000e+00   5.0942e+02
20260328_17:00:00   8.5656e-02   2.2693e+01   1.4447e+00   0.0000e+00   0.0000e+00   5.1291e+02
20260328_18:00:00   8.4865e-02   2.2525e+01   1.3888e+00   0.0000e+00   0.0000e+00   5.2179e+02
20260328_19:00:00   8.4328e-02   2.2420e+01   1.3616e+00   0.0000e+00   0.0000e+00   5.2818e+02
20260328_20:00:00   8.4101e-02   2.2384e+01   1.3620e+00   0.0000e+00   0.0000e+00   5.3035e+02
20260328_21:00:00   8.3868e-02   2.2345e+01   1.3612e+00   0.0000e+00   0.0000e+00   5.2836e+02
20260328_22:00:00   8.3599e-02   2.2298e+01   1.3599e+00   0.0000e+00   0.0000e+00   5.2667e+02
20260328_23:00:00   8.3431e-02   2.2267e+01   1.3612e+00   0.0000e+00   0.0000e+00   5.2977e+02
20260329_00:00:00   8.3305e-02   2.2242e+01   1.3597e+00   0.0000e+00   0.0000e+00   5.2993e+02
20260329_01:00:00   8.3040e-02   2.2187e+01   1.3486e+00   0.0000e+00   0.0000e+00   5.2795e+02
20260329_02:00:00   8.2749e-02   2.2124e+01   1.3281e+00   0.0000e+00   0.0000e+00   5.2332e+02
20260329_03:00:00   8.2612e-02   2.2097e+01   1.3206e+00   0.0000e+00   0.0000e+00   5.2138e+02
20260329_04:00:00   8.2626e-02   2.2097e+01   1.3195e+00   0.0000e+00   0.0000e+00   5.1825e+02
20260329_05:00:00   8.2788e-02   2.2128e+01   1.3302e+00   0.0000e+00   0.0000e+00   5.1468e+02
20260329_06:00:00   8.2937e-02   2.2156e+01   1.3364e+00   0.0000e+00   0.0000e+00   5.1298e+02
20260329_07:00:00   8.2940e-02   2.2157e+01   1.3302e+00   0.0000e+00   0.0000e+00   5.1227e+02
20260329_08:00:00   8.2740e-02   2.2114e+01   1.3045e+00   0.0000e+00   0.0000e+00   5.1431e+02
20260329_09:00:00   8.2592e-02   2.2083e+01   1.2856e+00   0.0000e+00   0.0000e+00   5.1564e+02
20260329_10:00:00   8.2465e-02   2.2055e+01   1.2678e+00   0.0000e+00   0.0000e+00   5.2101e+02
20260329_11:00:00   8.2345e-02   2.2034e+01   1.2530e+00   0.0000e+00   0.0000e+00   5.2682e+02
20260329_12:00:00   8.2124e-02   2.1993e+01   1.2321e+00   0.0000e+00   0.0000e+00   5.2951e+02
20260329_13:00:00   8.1947e-02   2.1962e+01   1.2152e+00   0.0000e+00   0.0000e+00   5.3155e+02
20260329_14:00:00   8.1773e-02   2.1933e+01   1.2012e+00   0.0000e+00   0.0000e+00   5.3054e+02
20260329_15:00:00   8.1627e-02   2.1909e+01   1.1879e+00   0.0000e+00   0.0000e+00   5.2870e+02
20260329_16:00:00   8.1545e-02   2.1899e+01   1.1811e+00   0.0000e+00   0.0000e+00   5.2388e+02
20260329_17:00:00   8.1572e-02   2.1911e+01   1.1815e+00   0.0000e+00   0.0000e+00   5.1825e+02
20260329_18:00:00   8.1572e-02   2.1915e+01   1.1763e+00   0.0000e+00   0.0000e+00   5.1375e+02
20260329_19:00:00   8.1636e-02   2.1933e+01   1.1791e+00   0.0000e+00   0.0000e+00   5.1251e+02
20260329_20:00:00   8.1618e-02   2.1934e+01   1.1720e+00   0.0000e+00   0.0000e+00   5.1343e+02
20260329_21:00:00   8.1676e-02   2.1946e+01   1.1726e+00   0.0000e+00   0.0000e+00   5.1453e+02
20260329_22:00:00   8.1942e-02   2.2002e+01   1.1946e+00   0.0000e+00   0.0000e+00   5.1381e+02
20260329_23:00:00   8.2186e-02   2.2055e+01   1.2181e+00   0.0000e+00   0.0000e+00   5.1189e+02
20260330_00:00:00   8.2480e-02   2.2115e+01   1.2465e+00   0.0000e+00   0.0000e+00   5.1070e+02
20260330_01:00:00   8.2729e-02   2.2167e+01   1.2676e+00   0.0000e+00   0.0000e+00   5.0874e+02
20260330_02:00:00   8.2918e-02   2.2208e+01   1.2815e+00   0.0000e+00   0.0000e+00   5.0618e+02
20260330_03:00:00   8.3046e-02   2.2233e+01   1.2847e+00   0.0000e+00   0.0000e+00   5.0515e+02
20260330_04:00:00   8.3017e-02   2.2222e+01   1.2652e+00   0.0000e+00   0.0000e+00   5.0501e+02
20260330_05:00:00   8.2929e-02   2.2199e+01   1.2344e+00   0.0000e+00   0.0000e+00   5.0537e+02
20260330_06:00:00   8.3057e-02   2.2215e+01   1.2170e+00   0.0000e+00   0.0000e+00   5.0514e+02
20260330_07:00:00   8.3633e-02   2.2334e+01   1.2481e+00   0.0000e+00   0.0000e+00   5.0457e+02
20260330_08:00:00   8.4538e-02   2.2522e+01   1.3108e+00   0.0000e+00   0.0000e+00   5.0474e+02
20260330_09:00:00   8.5400e-02   2.2693e+01   1.3617e+00   0.0000e+00   0.0000e+00   5.0429e+02
20260330_10:00:00   8.5851e-02   2.2765e+01   1.3618e+00   0.0000e+00   7.3080e-06   5.0436e+02
20260330_11:00:00   8.5896e-02   2.2756e+01   1.3371e+00   0.0000e+00   3.9960e-05   5.0495e+02
20260330_12:00:00   8.6049e-02   2.2786e+01   1.3430e+00   0.0000e+00   0.0000e+00   5.0536e+02
20260330_13:00:00   8.6348e-02   2.2852e+01   1.3687e+00   0.0000e+00   3.2930e-07   5.0658e+02
20260330_14:00:00   8.6600e-02   2.2907e+01   1.3911e+00   0.0000e+00   3.0800e-05   5.0733e+02
20260330_15:00:00   8.7154e-02   2.3024e+01   1.4431e+00   0.0000e+00   4.1118e-04   5.0615e+02
20260330_16:00:00   8.7757e-02   2.3156e+01   1.5054e+00   0.0000e+00   6.9383e-04   5.0537e+02
20260330_17:00:00   8.8348e-02   2.3289e+01   1.5685e+00   0.0000e+00   1.5300e-04   5.0302e+02
20260330_18:00:00   8.8867e-02   2.3402e+01   1.6199e+00   0.0000e+00   4.8541e-04   5.0275e+02
20260330_19:00:00   8.9205e-02   2.3475e+01   1.6534e+00   0.0000e+00   2.3115e-03   5.0195e+02
20260330_20:00:00   8.9349e-02   2.3502e+01   1.6601e+00   0.0000e+00   4.2954e-03   5.0102e+02
20260330_21:00:00   8.9419e-02   2.3515e+01   1.6622e+00   0.0000e+00   5.7210e-03   5.0226e+02
20260330_22:00:00   8.9340e-02   2.3490e+01   1.6476e+00   0.0000e+00   5.2516e-03   5.0426e+02
20260330_23:00:00   8.9334e-02   2.3481e+01   1.6470e+00   0.0000e+00   3.9516e-03   5.0677e+02
20260331_00:00:00   8.9194e-02   2.3444e+01   1.6367e+00   0.0000e+00   2.3304e-03   5.0762e+02
20260331_01:00:00   8.9123e-02   2.3421e+01   1.6303e+00   0.0000e+00   2.9539e-03   5.0753e+02
20260331_02:00:00   8.8951e-02   2.3386e+01   1.6289e+00   0.0000e+00   3.3397e-03   5.0653e+02
20260331_03:00:00   8.8876e-02   2.3371e+01   1.6388e+00   0.0000e+00   2.5364e-03   5.0710e+02
20260331_04:00:00   8.8726e-02   2.3338e+01   1.6355e+00   0.0000e+00   9.6009e-04   5.0735e+02
20260331_05:00:00   8.8384e-02   2.3265e+01   1.6149e+00   0.0000e+00   6.4714e-04   5.0966e+02
20260331_06:00:00   8.8011e-02   2.3186e+01   1.5904e+00   0.0000e+00   1.1624e-03   5.1162e+02
20260331_07:00:00   8.7696e-02   2.3119e+01   1.5666e+00   0.0000e+00   2.0960e-03   5.1337e+02
20260331_08:00:00   8.7445e-02   2.3070e+01   1.5525e+00   0.0000e+00   1.7955e-03   5.1461e+02
20260331_09:00:00   8.7258e-02   2.3029e+01   1.5403e+00   0.0000e+00   1.6223e-03   5.1564e+02
20260331_10:00:00   8.7189e-02   2.3015e+01   1.5395e+00   0.0000e+00   1.3516e-03   5.1689e+02
20260331_11:00:00   8.7210e-02   2.3017e+01   1.5439e+00   0.0000e+00   1.0548e-03   5.1797e+02
20260331_12:00:00   8.7265e-02   2.3026e+01   1.5469e+00   0.0000e+00   7.3699e-04   5.1768e+02
20260331_13:00:00   8.7268e-02   2.3026e+01   1.5449e+00   0.0000e+00   8.5479e-04   5.1740e+02
20260331_14:00:00   8.7243e-02   2.3018e+01   1.5378e+00   0.0000e+00   2.1132e-03   5.1786e+02
20260331_15:00:00   8.7077e-02   2.2980e+01   1.5187e+00   0.0000e+00   1.7176e-03   5.2027e+02
20260331_16:00:00   8.6976e-02   2.2955e+01   1.5008e+00   0.0000e+00   2.3397e-03   5.2294e+02
20260331_17:00:00   8.7009e-02   2.2958e+01   1.4932e+00   0.0000e+00   2.1492e-03   5.2432e+02
20260331_18:00:00   8.7133e-02   2.2980e+01   1.4973e+00   0.0000e+00   1.6469e-03   5.2408e+02
20260331_21:00:00   8.7338e-02   2.3014e+01   1.5113e+00   0.0000e+00   6.4236e-04   5.2346e+02
20260401_00:00:00   8.7221e-02   2.2965e+01   1.4723e+00   0.0000e+00   9.3301e-04   5.2637e+02
20260401_03:00:00   8.7381e-02   2.2978e+01   1.4659e+00   0.0000e+00   4.8402e-04   5.2521e+02
20260401_06:00:00   8.8117e-02   2.3113e+01   1.5121e+00   0.0000e+00   6.8423e-04   5.2658e+02
20260401_09:00:00   8.8244e-02   2.3127e+01   1.5181e+00   0.0000e+00   7.8874e-04   5.2916e+02
20260401_12:00:00   8.7762e-02   2.3024e+01   1.4698e+00   0.0000e+00   6.9367e-04   5.3308e+02
20260401_15:00:00   8.7698e-02   2.3018e+01   1.4920e+00   0.0000e+00   1.4244e-03   5.3422e+02
20260401_18:00:00   8.7571e-02   2.2998e+01   1.4993e+00   0.0000e+00   1.3855e-03   5.3889e+02
20260401_21:00:00   8.7199e-02   2.2907e+01   1.4640e+00   0.0000e+00   5.5054e-04   5.3996e+02
20260402_00:00:00   8.6372e-02   2.2726e+01   1.3926e+00   0.0000e+00   4.4592e-04   5.4373e+02
20260402_03:00:00   8.5482e-02   2.2546e+01   1.3417e+00   0.0000e+00   1.8700e-04   5.4420e+02
20260402_06:00:00   8.4963e-02   2.2442e+01   1.3187e+00   0.0000e+00   3.2840e-05   5.4449e+02
20260402_09:00:00   8.4185e-02   2.2277e+01   1.2635e+00   0.0000e+00   1.6316e-05   5.4678e+02
20260402_12:00:00   8.3673e-02   2.2173e+01   1.2274e+00   0.0000e+00   1.6316e-05   5.4851e+02
20260402_15:00:00   8.3942e-02   2.2231e+01   1.2420e+00   0.0000e+00   2.4474e-05   5.4616e+02
20260402_18:00:00   8.5253e-02   2.2505e+01   1.3266e+00   0.0000e+00   2.2840e-06   5.4181e+02
20260402_21:00:00   8.7074e-02   2.2873e+01   1.4339e+00   0.0000e+00   2.4977e-06   5.3920e+02
20260403_00:00:00   8.7022e-02   2.2834e+01   1.3902e+00   0.0000e+00   2.7423e-06   5.4134e+02
20260403_03:00:00   8.6275e-02   2.2688e+01   1.3516e+00   0.0000e+00   9.9868e-06   5.4047e+02
20260403_06:00:00   8.5181e-02   2.2485e+01   1.3091e+00   0.0000e+00   1.6642e-06   5.4724e+02
20260403_09:00:00   8.3815e-02   2.2208e+01   1.2089e+00   0.0000e+00   1.4738e-05   5.5714e+02
20260403_12:00:00   8.2701e-02   2.2005e+01   1.1517e+00   0.0000e+00   8.3470e-07   5.5703e+02
20260403_15:00:00   8.2199e-02   2.1923e+01   1.1219e+00   0.0000e+00   4.3343e-06   5.5605e+02
20260403_18:00:00   8.4413e-02   2.2361e+01   1.2502e+00   0.0000e+00   2.7199e-05   5.5048e+02
20260403_21:00:00   8.6394e-02   2.2692e+01   1.2923e+00   0.0000e+00   1.4649e-04   5.4339e+02
20260404_00:00:00   8.6406e-02   2.2705e+01   1.3171e+00   0.0000e+00   3.0489e-04   5.3490e+02
20260404_03:00:00   8.6734e-02   2.2806e+01   1.4327e+00   0.0000e+00   2.5760e-03   5.3796e+02
20260404_06:00:00   8.7330e-02   2.2956e+01   1.5383e+00   0.0000e+00   2.0483e-03   5.3885e+02
20260404_09:00:00   8.9110e-02   2.3322e+01   1.6471e+00   0.0000e+00   2.4462e-03   5.2918e+02
20260404_12:00:00   9.0664e-02   2.3599e+01   1.6867e+00   0.0000e+00   2.9182e-03   5.3563e+02
20260404_15:00:00   9.1179e-02   2.3703e+01   1.6900e+00   0.0000e+00   4.7984e-03   5.3989e+02
20260404_18:00:00   9.2213e-02   2.3935e+01   1.7711e+00   0.0000e+00   6.7747e-03   5.3945e+02
20260404_21:00:00   9.2797e-02   2.4065e+01   1.7986e+00   0.0000e+00   8.3005e-03   5.3430e+02
20260405_00:00:00   9.2284e-02   2.3964e+01   1.7269e+00   0.0000e+00   1.5261e-03   5.3710e+02
20260405_03:00:00   9.1191e-02   2.3744e+01   1.6070e+00   0.0000e+00   4.2399e-05   5.3609e+02
20260405_06:00:00   8.9517e-02   2.3441e+01   1.4716e+00   0.0000e+00   6.3068e-06   5.3569e+02
20260405_09:00:00   8.8593e-02   2.3300e+01   1.4703e+00   0.0000e+00   1.5263e-05   5.3442e+02
20260405_12:00:00   8.6978e-02   2.3024e+01   1.3835e+00   0.0000e+00   6.7180e-07   5.3940e+02
20260405_15:00:00   8.6295e-02   2.2920e+01   1.3753e+00   0.0000e+00   0.0000e+00   5.3949e+02
20260405_18:00:00   8.6493e-02   2.2962e+01   1.3721e+00   0.0000e+00   0.0000e+00   5.3714e+02
20260405_21:00:00   8.6671e-02   2.2994e+01   1.3700e+00   0.0000e+00   1.5884e-05   5.3904e+02
20260406_00:00:00   8.6049e-02   2.2859e+01   1.3084e+00   0.0000e+00   2.1617e-05   5.3451e+02
20260406_03:00:00   8.5253e-02   2.2702e+01   1.2640e+00   0.0000e+00   2.8720e-06   5.3026e+02
20260406_06:00:00   8.5414e-02   2.2738e+01   1.2897e+00   0.0000e+00   3.6845e-06   5.3754e+02
20260406_09:00:00   8.5544e-02   2.2768e+01   1.2956e+00   0.0000e+00   6.3720e-07   5.2856e+02
20260406_12:00:00   8.5614e-02   2.2798e+01   1.3223e+00   0.0000e+00   0.0000e+00   5.2944e+02
20260406_15:00:00   8.5592e-02   2.2819e+01   1.3520e+00   0.0000e+00   0.0000e+00   5.2709e+02
20260406_18:00:00   8.5375e-02   2.2779e+01   1.3217e+00   0.0000e+00   0.0000e+00   5.2980e+02
20260406_21:00:00   8.5155e-02   2.2735e+01   1.2897e+00   0.0000e+00   0.0000e+00   5.1978e+02
20260407_00:00:00   8.4686e-02   2.2639e+01   1.2552e+00   0.0000e+00   0.0000e+00   5.0978e+02
20260407_03:00:00   8.4485e-02   2.2613e+01   1.2656e+00   0.0000e+00   0.0000e+00   5.0076e+02
20260407_06:00:00   8.4162e-02   2.2554e+01   1.2401e+00   0.0000e+00   0.0000e+00   4.9629e+02
20260407_09:00:00   8.4064e-02   2.2542e+01   1.2505e+00   0.0000e+00   0.0000e+00   5.0267e+02
20260407_12:00:00   8.4269e-02   2.2605e+01   1.3048e+00   0.0000e+00   8.1580e-06   5.0510e+02
20260407_15:00:00   8.4811e-02   2.2730e+01   1.3675e+00   0.0000e+00   0.0000e+00   4.9494e+02
20260407_18:00:00   8.6024e-02   2.2991e+01   1.5165e+00   0.0000e+00   4.9111e-05   4.8625e+02
20260407_21:00:00   8.7346e-02   2.3256e+01   1.6370e+00   0.0000e+00   7.0698e-04   4.8817e+02
20260408_00:00:00   8.8233e-02   2.3429e+01   1.7201e+00   0.0000e+00   9.7037e-04   4.8572e+02
20260408_03:00:00   8.9197e-02   2.3626e+01   1.8300e+00   0.0000e+00   2.0185e-03   4.8300e+02
20260408_06:00:00   8.9896e-02   2.3771e+01   1.9058e+00   0.0000e+00   4.0144e-03   4.8627e+02
20260408_09:00:00   9.0190e-02   2.3824e+01   1.9201e+00   0.0000e+00   2.7086e-03   4.9395e+02
20260408_12:00:00   9.0615e-02   2.3910e+01   1.9574e+00   0.0000e+00   1.4402e-03   4.9648e+02
20260408_15:00:00   9.1294e-02   2.4066e+01   2.0418e+00   0.0000e+00   2.1358e-03   5.0086e+02
20260408_18:00:00   9.1565e-02   2.4121e+01   2.0543e+00   0.0000e+00   5.1037e-03   5.0695e+02
20260408_21:00:00   9.2177e-02   2.4257e+01   2.1299e+00   0.0000e+00   8.3853e-03   5.1153e+02
20260409_00:00:00   9.3086e-02   2.4456e+01   2.2319e+00   0.0000e+00   1.0252e-02   5.1523e+02
20260409_03:00:00   9.5062e-02   2.4911e+01   2.4661e+00   0.0000e+00   1.1649e-02   5.2523e+02
20260409_06:00:00   9.7158e-02   2.5365e+01   2.6738e+00   0.0000e+00   2.0502e-02   5.2244e+02
20260409_09:00:00   9.9539e-02   2.5894e+01   2.9162e+00   0.0000e+00   3.8767e-02   5.1526e+02
20260409_12:00:00   1.0303e-01   2.6669e+01   3.2445e+00   0.0000e+00   6.1070e-02   5.1508e+02
20260409_15:00:00   1.0493e-01   2.7082e+01   3.3801e+00   0.0000e+00   5.8127e-02   5.1964e+02
20260409_18:00:00   1.0463e-01   2.7007e+01   3.3291e+00   0.0000e+00   3.2820e-02   5.1896e+02
20260409_21:00:00   1.0453e-01   2.6968e+01   3.2805e+00   0.0000e+00   1.6544e-02   5.1722e+02
20260410_00:00:00   1.0389e-01   2.6802e+01   3.1742e+00   0.0000e+00   6.0101e-03   5.1100e+02
20260410_03:00:00   1.0255e-01   2.6498e+01   2.9954e+00   0.0000e+00   3.2448e-03   5.1635e+02
20260410_06:00:00   1.0041e-01   2.6031e+01   2.7431e+00   0.0000e+00   6.6675e-04   5.2435e+02
20260410_09:00:00   9.9088e-02   2.5755e+01   2.6008e+00   0.0000e+00   6.5498e-05   5.3409e+02
20260410_12:00:00   9.8568e-02   2.5680e+01   2.5797e+00   0.0000e+00   3.2822e-05   5.2437e+02
20260410_15:00:00   9.7756e-02   2.5560e+01   2.5755e+00   0.0000e+00   1.3867e-05   5.3165e+02
20260410_18:00:00   9.7281e-02   2.5515e+01   2.6101e+00   0.0000e+00   2.1865e-05   5.3049e+02
20260410_21:00:00   9.5211e-02   2.5107e+01   2.4962e+00   0.0000e+00   3.4973e-04   5.2565e+02
20260411_00:00:00   9.2688e-02   2.4582e+01   2.3199e+00   0.0000e+00   1.4616e-02   5.0274e+02
20260411_03:00:00   8.9828e-02   2.3991e+01   2.1299e+00   0.0000e+00   2.1242e-02   5.1156e+02
20260411_06:00:00   8.8768e-02   2.3794e+01   2.1240e+00   0.0000e+00   3.3360e-02   5.0162e+02
20260411_09:00:00   9.0978e-02   2.4306e+01   2.4472e+00   0.0000e+00   4.7588e-02   5.0648e+02
20260411_12:00:00   9.5889e-02   2.5399e+01   2.9973e+00   0.0000e+00   6.9067e-02   5.0324e+02
20260411_15:00:00   1.0178e-01   2.6711e+01   3.6188e+00   0.0000e+00   6.9718e-02   5.0621e+02
20260411_18:00:00   1.0487e-01   2.7425e+01   3.9305e+00   0.0000e+00   8.8648e-03   5.0024e+02
