#            date       tau255        Tb[K]      pwv[mm] lwp[kg*m^-2] iwp[kg*m^-2]       o3[DU]
20260429_12:00:00   1.0643e-01   2.7814e+01   4.1294e+00   0.0000e+00   7.7897e-02   4.6146e+02
20260429_13:00:00   1.0678e-01   2.7889e+01   4.1695e+00   0.0000e+00   8.8293e-02   4.6186e+02
20260429_14:00:00   1.0742e-01   2.8027e+01   4.2325e+00   0.0000e+00   1.1223e-01   4.6237e+02
20260429_15:00:00   1.0772e-01   2.8090e+01   4.2487e+00   0.0000e+00   1.2689e-01   4.6268e+02
20260429_16:00:00   1.0781e-01   2.8109e+01   4.2470e+00   0.0000e+00   1.3965e-01   4.6084e+02
20260429_17:00:00   1.0777e-01   2.8099e+01   4.2287e+00   0.0000e+00   1.5066e-01   4.5973e+02
20260429_18:00:00   1.0794e-01   2.8141e+01   4.2402e+00   0.0000e+00   1.5824e-01   4.6094e+02
20260429_19:00:00   1.0806e-01   2.8173e+01   4.2487e+00   0.0000e+00   1.6282e-01   4.6234e+02
20260429_20:00:00   1.0828e-01   2.8231e+01   4.2660e+00   0.0000e+00   1.5486e-01   4.6401e+02
20260429_21:00:00   1.0866e-01   2.8318e+01   4.2897e+00   0.0000e+00   1.5814e-01   4.6745e+02
20260429_22:00:00   1.0902e-01   2.8402e+01   4.3172e+00   0.0000e+00   1.4869e-01   4.7143e+02
20260429_23:00:00   1.0899e-01   2.8390e+01   4.3010e+00   0.0000e+00   1.3773e-01   4.7348e+02
20260430_00:00:00   1.0879e-01   2.8335e+01   4.2650e+00   0.0000e+00   1.3421e-01   4.7272e+02
20260430_01:00:00   1.0851e-01   2.8264e+01   4.2185e+00   0.0000e+00   1.4395e-01   4.7114e+02
20260430_02:00:00   1.0816e-01   2.8175e+01   4.1589e+00   0.0000e+00   1.6234e-01   4.7002e+02
20260430_03:00:00   1.0783e-01   2.8090e+01   4.1031e+00   0.0000e+00   1.7280e-01   4.7075e+02
20260430_04:00:00   1.0789e-01   2.8100e+01   4.0963e+00   0.0000e+00   1.7940e-01   4.7143e+02
20260430_05:00:00   1.0814e-01   2.8158e+01   4.1155e+00   0.0000e+00   1.9174e-01   4.7089e+02
20260430_06:00:00   1.0830e-01   2.8195e+01   4.1275e+00   0.0000e+00   2.0525e-01   4.6964e+02
20260430_07:00:00   1.0843e-01   2.8228e+01   4.1442e+00   0.0000e+00   2.0464e-01   4.6913e+02
20260430_08:00:00   1.0840e-01   2.8224e+01   4.1459e+00   0.0000e+00   1.9769e-01   4.7057e+02
20260430_09:00:00   1.0845e-01   2.8234e+01   4.1558e+00   0.0000e+00   1.8562e-01   4.7287e+02
20260430_10:00:00   1.0855e-01   2.8262e+01   4.1728e+00   0.0000e+00   1.7287e-01   4.7394e+02
20260430_11:00:00   1.0865e-01   2.8288e+01   4.1896e+00   0.0000e+00   1.6425e-01   4.7437e+02
20260430_12:00:00   1.0875e-01   2.8314e+01   4.2121e+00   0.0000e+00   1.5267e-01   4.7596e+02
20260430_13:00:00   1.0888e-01   2.8348e+01   4.2447e+00   0.0000e+00   1.4585e-01   4.7619e+02
20260430_14:00:00   1.0909e-01   2.8400e+01   4.2794e+00   0.0000e+00   1.3912e-01   4.7515e+02
20260430_15:00:00   1.0917e-01   2.8425e+01   4.2991e+00   0.0000e+00   1.3305e-01   4.7488e+02
20260430_16:00:00   1.0916e-01   2.8426e+01   4.3001e+00   0.0000e+00   1.3794e-01   4.7629e+02
20260430_17:00:00   1.0917e-01   2.8432e+01   4.3034e+00   0.0000e+00   1.4019e-01   4.7708e+02
20260430_18:00:00   1.0922e-01   2.8447e+01   4.3142e+00   0.0000e+00   1.3376e-01   4.7782e+02
20260430_19:00:00   1.0917e-01   2.8437e+01   4.3007e+00   0.0000e+00   1.3106e-01   4.7664e+02
20260430_20:00:00   1.0923e-01   2.8457e+01   4.3078e+00   0.0000e+00   1.1936e-01   4.7428e+02
20260430_21:00:00   1.0927e-01   2.8470e+01   4.3080e+00   0.0000e+00   1.1287e-01   4.6948e+02
20260430_22:00:00   1.0921e-01   2.8461e+01   4.3012e+00   0.0000e+00   1.0720e-01   4.6577e+02
20260430_23:00:00   1.0916e-01   2.8449e+01   4.2960e+00   0.0000e+00   1.0385e-01   4.6374e+02
20260501_00:00:00   1.0917e-01   2.8450e+01   4.2969e+00   0.0000e+00   1.0057e-01   4.6283e+02
20260501_01:00:00   1.0905e-01   2.8421e+01   4.2816e+00   0.0000e+00   1.0210e-01   4.6295e+02
20260501_02:00:00   1.0898e-01   2.8398e+01   4.2684e+00   0.0000e+00   1.0271e-01   4.6310e+02
20260501_03:00:00   1.0896e-01   2.8387e+01   4.2608e+00   0.0000e+00   1.0825e-01   4.6369e+02
20260501_04:00:00   1.0901e-01   2.8395e+01   4.2620e+00   0.0000e+00   1.0973e-01   4.6457e+02
20260501_05:00:00   1.0891e-01   2.8367e+01   4.2548e+00   0.0000e+00   1.0176e-01   4.6528e+02
20260501_06:00:00   1.0860e-01   2.8290e+01   4.2230e+00   0.0000e+00   9.4774e-02   4.6574e+02
20260501_07:00:00   1.0856e-01   2.8278e+01   4.2131e+00   0.0000e+00   9.6326e-02   4.6390e+02
20260501_08:00:00   1.0847e-01   2.8255e+01   4.1968e+00   0.0000e+00   8.9242e-02   4.6181e+02
20260501_09:00:00   1.0859e-01   2.8278e+01   4.1991e+00   0.0000e+00   8.6768e-02   4.6032e+02
20260501_10:00:00   1.0846e-01   2.8253e+01   4.1866e+00   0.0000e+00   7.5865e-02   4.6037e+02
20260501_11:00:00   1.0836e-01   2.8233e+01   4.1639e+00   0.0000e+00   7.5818e-02   4.5981e+02
20260501_12:00:00   1.0834e-01   2.8234e+01   4.1545e+00   0.0000e+00   7.7722e-02   4.5742e+02
20260501_13:00:00   1.0834e-01   2.8239e+01   4.1507e+00   0.0000e+00   7.4282e-02   4.5387e+02
20260501_14:00:00   1.0822e-01   2.8216e+01   4.1317e+00   0.0000e+00   7.0616e-02   4.5229e+02
20260501_15:00:00   1.0813e-01   2.8204e+01   4.1263e+00   0.0000e+00   6.4400e-02   4.5417e+02
20260501_16:00:00   1.0820e-01   2.8225e+01   4.1337e+00   0.0000e+00   6.4138e-02   4.5568e+02
20260501_17:00:00   1.0822e-01   2.8237e+01   4.1385e+00   0.0000e+00   6.0114e-02   4.5515e+02
20260501_18:00:00   1.0833e-01   2.8269e+01   4.1535e+00   0.0000e+00   5.9314e-02   4.5186e+02
20260501_19:00:00   1.0853e-01   2.8321e+01   4.1692e+00   0.0000e+00   7.4442e-02   4.4737e+02
20260501_20:00:00   1.0897e-01   2.8429e+01   4.2161e+00   0.0000e+00   7.0732e-02   4.4446e+02
20260501_21:00:00   1.0960e-01   2.8575e+01   4.2787e+00   0.0000e+00   6.3325e-02   4.4256e+02
20260501_22:00:00   1.1057e-01   2.8796e+01   4.3538e+00   0.0000e+00   8.9338e-02   4.4246e+02
20260501_23:00:00   1.1122e-01   2.8942e+01   4.3855e+00   0.0000e+00   1.3210e-01   4.4503e+02
20260502_00:00:00   1.1131e-01   2.8947e+01   4.3621e+00   0.0000e+00   1.4859e-01   4.4904e+02
20260502_01:00:00   1.1121e-01   2.8910e+01   4.3227e+00   0.0000e+00   1.6562e-01   4.5026e+02
20260502_02:00:00   1.1099e-01   2.8843e+01   4.2771e+00   0.0000e+00   1.8005e-01   4.4941e+02
20260502_03:00:00   1.1036e-01   2.8683e+01   4.1843e+00   0.0000e+00   1.8488e-01   4.4546e+02
20260502_04:00:00   1.0974e-01   2.8529e+01   4.1001e+00   0.0000e+00   1.6235e-01   4.4289e+02
20260502_05:00:00   1.0928e-01   2.8414e+01   4.0552e+00   0.0000e+00   1.1315e-01   4.4258e+02
20260502_06:00:00   1.0859e-01   2.8247e+01   3.9646e+00   0.0000e+00   8.4730e-02   4.4324e+02
20260502_07:00:00   1.0781e-01   2.8058e+01   3.8671e+00   0.0000e+00   5.8316e-02   4.4493e+02
20260502_08:00:00   1.0715e-01   2.7902e+01   3.7800e+00   0.0000e+00   3.9711e-02   4.4615e+02
20260502_09:00:00   1.0650e-01   2.7746e+01   3.6885e+00   0.0000e+00   2.6445e-02   4.4698e+02
20260502_10:00:00   1.0559e-01   2.7536e+01   3.5701e+00   0.0000e+00   1.8579e-02   4.4704e+02
20260502_11:00:00   1.0452e-01   2.7293e+01   3.4346e+00   0.0000e+00   1.3394e-02   4.4625e+02
20260502_12:00:00   1.0337e-01   2.7029e+01   3.2949e+00   0.0000e+00   4.4166e-03   4.4554e+02
20260502_13:00:00   1.0197e-01   2.6706e+01   3.1347e+00   0.0000e+00   9.1448e-04   4.4569e+02
20260502_14:00:00   1.0090e-01   2.6458e+01   3.0137e+00   0.0000e+00   3.2765e-04   4.4883e+02
20260502_15:00:00   1.0049e-01   2.6355e+01   2.9588e+00   0.0000e+00   2.3620e-04   4.5235e+02
20260502_16:00:00   1.0067e-01   2.6396e+01   2.9703e+00   0.0000e+00   1.0635e-04   4.5533e+02
20260502_17:00:00   1.0116e-01   2.6504e+01   3.0134e+00   0.0000e+00   1.9753e-04   4.6035e+02
20260502_18:00:00   1.0140e-01   2.6553e+01   3.0276e+00   0.0000e+00   4.2469e-04   4.6409e+02
20260502_19:00:00   1.0155e-01   2.6582e+01   3.0382e+00   0.0000e+00   2.3166e-04   4.6429e+02
20260502_20:00:00   1.0181e-01   2.6636e+01   3.0558e+00   0.0000e+00   8.3431e-05   4.6458e+02
20260502_21:00:00   1.0211e-01   2.6700e+01   3.0767e+00   0.0000e+00   4.2652e-04   4.6600e+02
20260502_22:00:00   1.0208e-01   2.6686e+01   3.0625e+00   0.0000e+00   3.6706e-04   4.6766e+02
20260502_23:00:00   1.0165e-01   2.6585e+01   3.0104e+00   0.0000e+00   1.9847e-04   4.6859e+02
20260503_00:00:00   1.0138e-01   2.6512e+01   2.9637e+00   0.0000e+00   2.2977e-04   4.7090e+02
20260503_01:00:00   1.0099e-01   2.6418e+01   2.9100e+00   0.0000e+00   1.8591e-04   4.7295e+02
20260503_02:00:00   1.0051e-01   2.6305e+01   2.8470e+00   0.0000e+00   2.8977e-05   4.7075e+02
20260503_03:00:00   1.0022e-01   2.6231e+01   2.8060e+00   0.0000e+00   3.5804e-05   4.6977e+02
20260503_04:00:00   9.9862e-02   2.6145e+01   2.7579e+00   0.0000e+00   2.8669e-05   4.6987e+02
20260503_05:00:00   9.9477e-02   2.6056e+01   2.7093e+00   0.0000e+00   2.0327e-05   4.7040e+02
20260503_06:00:00   9.8959e-02   2.5939e+01   2.6440e+00   0.0000e+00   2.4123e-05   4.7052e+02
20260503_07:00:00   9.8753e-02   2.5897e+01   2.6143e+00   0.0000e+00   1.4061e-05   4.6927e+02
20260503_08:00:00   9.8825e-02   2.5923e+01   2.6170e+00   0.0000e+00   1.4443e-05   4.6699e+02
20260503_09:00:00   9.9103e-02   2.5998e+01   2.6450e+00   0.0000e+00   1.3959e-05   4.6391e+02
20260503_10:00:00   9.9126e-02   2.6022e+01   2.6481e+00   0.0000e+00   1.2966e-05   4.6019e+02
20260503_11:00:00   9.8995e-02   2.6008e+01   2.6367e+00   0.0000e+00   1.2177e-05   4.5755e+02
20260503_12:00:00   9.8626e-02   2.5938e+01   2.6005e+00   0.0000e+00   1.2177e-05   4.5692e+02
20260503_13:00:00   9.8486e-02   2.5919e+01   2.5865e+00   0.0000e+00   7.2861e-06   4.5732e+02
20260503_14:00:00   9.8326e-02   2.5896e+01   2.5764e+00   0.0000e+00   6.4091e-06   4.5821e+02
20260503_15:00:00   9.8330e-02   2.5910e+01   2.5987e+00   0.0000e+00   5.7561e-06   4.5910e+02
20260503_16:00:00   9.8261e-02   2.5907e+01   2.5988e+00   0.0000e+00   5.4191e-06   4.6039e+02
20260503_17:00:00   9.7753e-02   2.5801e+01   2.5519e+00   0.0000e+00   3.8983e-07   4.6228e+02
20260503_18:00:00   9.7047e-02   2.5655e+01   2.4912e+00   0.0000e+00   0.0000e+00   4.6435e+02
20260503_19:00:00   9.6387e-02   2.5513e+01   2.4318e+00   0.0000e+00   0.0000e+00   4.6738e+02
20260503_20:00:00   9.6011e-02   2.5438e+01   2.4067e+00   0.0000e+00   0.0000e+00   4.6703e+02
20260503_21:00:00   9.6056e-02   2.5458e+01   2.4260e+00   0.0000e+00   0.0000e+00   4.6235e+02
20260503_22:00:00   9.6313e-02   2.5525e+01   2.4716e+00   0.0000e+00   0.0000e+00   4.5984e+02
20260503_23:00:00   9.6392e-02   2.5547e+01   2.5049e+00   0.0000e+00   0.0000e+00   4.5941e+02
20260504_00:00:00   9.6102e-02   2.5483e+01   2.4971e+00   0.0000e+00   0.0000e+00   4.5894e+02
20260504_01:00:00   9.5749e-02   2.5409e+01   2.4822e+00   0.0000e+00   0.0000e+00   4.5788e+02
20260504_02:00:00   9.5354e-02   2.5321e+01   2.4606e+00   0.0000e+00   0.0000e+00   4.5513e+02
20260504_03:00:00   9.4796e-02   2.5200e+01   2.4227e+00   0.0000e+00   1.1420e-06   4.5326e+02
20260504_04:00:00   9.4220e-02   2.5067e+01   2.3790e+00   0.0000e+00   8.1580e-06   4.5198e+02
20260504_05:00:00   9.3690e-02   2.4951e+01   2.3438e+00   0.0000e+00   8.1580e-06   4.5141e+02
20260504_06:00:00   9.3071e-02   2.4817e+01   2.2969e+00   0.0000e+00   2.9240e-07   4.5222e+02
20260504_07:00:00   9.2584e-02   2.4711e+01   2.2635e+00   0.0000e+00   8.1580e-06   4.5374e+02
20260504_08:00:00   9.2196e-02   2.4628e+01   2.2393e+00   0.0000e+00   8.1580e-06   4.5470e+02
20260504_09:00:00   9.1890e-02   2.4564e+01   2.2251e+00   0.0000e+00   1.6316e-05   4.5572e+02
20260504_10:00:00   9.1619e-02   2.4510e+01   2.2095e+00   0.0000e+00   8.1580e-06   4.5430e+02
20260504_11:00:00   9.1355e-02   2.4460e+01   2.1951e+00   0.0000e+00   1.6316e-05   4.5272e+02
20260504_12:00:00   9.1217e-02   2.4440e+01   2.1985e+00   0.0000e+00   1.6316e-05   4.5085e+02
20260504_15:00:00   9.2093e-02   2.4666e+01   2.3200e+00   0.0000e+00   1.9918e-06   4.5089e+02
20260504_18:00:00   9.4020e-02   2.5120e+01   2.5521e+00   0.0000e+00   0.0000e+00   4.5531e+02
20260504_21:00:00   9.4520e-02   2.5222e+01   2.6046e+00   0.0000e+00   0.0000e+00   4.5002e+02
20260505_00:00:00   9.3838e-02   2.5032e+01   2.5178e+00   0.0000e+00   0.0000e+00   4.5144e+02
20260505_03:00:00   9.4536e-02   2.5139e+01   2.5395e+00   0.0000e+00   0.0000e+00   4.5192e+02
20260505_06:00:00   9.6588e-02   2.5586e+01   2.7407e+00   0.0000e+00   3.2514e-04   4.4891e+02
20260505_09:00:00   9.9387e-02   2.6236e+01   3.0309e+00   0.0000e+00   2.7354e-03   4.5303e+02
20260505_12:00:00   1.0074e-01   2.6576e+01   3.1744e+00   0.0000e+00   2.2736e-03   4.5595e+02
20260505_15:00:00   1.0101e-01   2.6686e+01   3.2346e+00   0.0000e+00   5.8422e-04   4.6287e+02
20260505_18:00:00   1.0004e-01   2.6544e+01   3.1889e+00   0.0000e+00   8.0860e-06   4.5993e+02
20260505_21:00:00   9.7246e-02   2.5978e+01   2.9249e+00   0.0000e+00   2.6605e-06   4.5464e+02
20260506_00:00:00   9.4431e-02   2.5381e+01   2.6627e+00   0.0000e+00   0.0000e+00   4.5433e+02
20260506_03:00:00   9.1601e-02   2.4779e+01   2.4335e+00   0.0000e+00   0.0000e+00   4.4780e+02
20260506_06:00:00   8.9177e-02   2.4267e+01   2.2696e+00   0.0000e+00   0.0000e+00   4.3246e+02
20260506_09:00:00   8.8978e-02   2.4291e+01   2.4053e+00   0.0000e+00   0.0000e+00   4.2441e+02
20260506_12:00:00   8.9418e-02   2.4446e+01   2.5958e+00   0.0000e+00   0.0000e+00   4.1866e+02
20260506_15:00:00   8.8065e-02   2.4169e+01   2.5743e+00   0.0000e+00   0.0000e+00   4.1300e+02
20260506_18:00:00   8.7070e-02   2.3966e+01   2.6090e+00   0.0000e+00   5.7756e-04   4.1638e+02
20260506_21:00:00   8.8298e-02   2.4268e+01   2.9057e+00   0.0000e+00   2.1371e-03   4.2043e+02
20260507_00:00:00   9.0095e-02   2.4693e+01   3.2385e+00   0.0000e+00   7.2473e-03   4.2094e+02
20260507_03:00:00   9.1107e-02   2.4939e+01   3.4350e+00   0.0000e+00   7.5618e-03   4.1798e+02
20260507_06:00:00   9.5017e-02   2.5845e+01   4.0928e+00   0.0000e+00   1.4020e-02   4.1532e+02
20260507_09:00:00   9.8595e-02   2.6716e+01   4.6643e+00   0.0000e+00   2.9856e-02   4.1015e+02
20260507_12:00:00   1.0266e-01   2.7707e+01   5.2582e+00   0.0000e+00   9.9229e-03   4.0224e+02
20260507_15:00:00   1.0581e-01   2.8486e+01   5.7186e+00   0.0000e+00   1.5367e-03   3.9378e+02
20260507_18:00:00   1.1099e-01   2.9724e+01   6.4488e+00   0.0000e+00   6.6310e-03   3.8921e+02
20260507_21:00:00   1.1670e-01   3.1074e+01   7.1710e+00   0.0000e+00   3.4775e-02   3.8643e+02
20260508_00:00:00   1.2222e-01   3.2379e+01   7.8043e+00   0.0000e+00   3.8433e-02   3.7878e+02
20260508_03:00:00   1.2725e-01   3.3545e+01   8.3760e+00   0.0000e+00   3.3735e-02   3.8031e+02
20260508_06:00:00   1.3035e-01   3.4243e+01   8.6933e+00   0.0000e+00   6.6602e-02   3.7795e+02
20260508_09:00:00   1.2914e-01   3.3953e+01   8.4068e+00   0.0000e+00   1.2232e-01   3.7230e+02
20260508_12:00:00   1.3330e-01   3.4914e+01   8.7990e+00   0.0000e+00   8.3533e-02   3.6611e+02
20260508_15:00:00   1.3466e-01   3.5197e+01   8.9102e+00   0.0000e+00   7.3252e-02   3.6118e+02
20260508_18:00:00   1.3474e-01   3.5209e+01   8.7766e+00   0.0000e+00   1.9214e-01   3.6793e+02
20260508_21:00:00   1.4886e-01   3.8415e+01   1.0136e+01   0.0000e+00   1.8616e-01   3.7231e+02
20260509_00:00:00   1.5619e-01   4.0087e+01   1.0748e+01   0.0000e+00   1.6624e-01   3.7804e+02
20260509_03:00:00   1.5303e-01   3.9401e+01   1.0506e+01   0.0000e+00   4.5563e-02   3.8406e+02
20260509_06:00:00   1.5112e-01   3.8978e+01   1.0242e+01   0.0000e+00   5.0602e-02   3.9654e+02
20260509_09:00:00   1.4860e-01   3.8456e+01   9.9340e+00   2.2460e-06   3.6632e-02   3.8501e+02
20260509_12:00:00   1.4545e-01   3.7959e+01   9.6513e+00   4.0577e-04   1.9800e-03   3.8125e+02
20260509_15:00:00   1.6181e-01   4.1776e+01   1.1749e+01   7.0325e-05   4.7075e-02   3.7002e+02
20260509_18:00:00   2.0025e-01   5.0559e+01   1.2591e+01   3.6207e-02   1.0698e-02   3.6970e+02
20260509_21:00:00   2.1750e-01   5.4429e+01   1.4662e+01   4.0354e-02   3.9449e-02   3.6289e+02
20260510_00:00:00   1.8585e-01   4.7450e+01   1.5492e+01   0.0000e+00   1.5014e-01   3.5189e+02
20260510_03:00:00   3.4891e-01   8.1431e+01   1.7363e+01   1.6879e-01   1.3040e-01   3.3975e+02
20260510_06:00:00   4.5077e-01   9.9768e+01   1.9185e+01   2.6672e-01   7.5836e-01   3.3458e+02
20260510_09:00:00   4.2896e-01   9.6403e+01   2.2041e+01   2.1584e-01   1.0133e+00   3.3389e+02
20260510_12:00:00   6.3655e-01   1.2933e+02   2.0428e+01   4.6644e-01   1.6269e-01   3.3990e+02
20260510_15:00:00   5.1620e-01   1.1033e+02   1.3825e+01   3.8591e-01   7.7271e-02   3.3993e+02
20260510_18:00:00   3.8748e-01   8.8404e+01   1.2747e+01   2.4965e-01   1.0931e-02   3.4548e+02
20260510_21:00:00   2.5900e-01   6.3349e+01   1.2441e+01   1.0878e-01   2.0314e-03   3.4847e+02
20260511_00:00:00   1.8814e-01   4.7987e+01   1.1494e+01   3.1591e-02   9.2698e-02   3.5566e+02
20260511_03:00:00   2.5015e-01   6.1309e+01   1.1240e+01   1.0237e-01   7.0849e-02   3.5602e+02
20260511_06:00:00   2.8659e-01   6.8900e+01   1.0739e+01   1.4980e-01   1.8724e-02   3.5601e+02
20260511_09:00:00   3.0157e-01   7.1834e+01   1.1026e+01   1.6504e-01   1.1887e-01   3.5625e+02
20260511_12:00:00   3.6955e-01   8.4867e+01   1.0669e+01   2.4356e-01   4.7445e-02   3.5239e+02
20260511_15:00:00   3.3166e-01   7.7736e+01   1.1235e+01   1.9762e-01   1.4107e-01   3.5221e+02
20260511_18:00:00   2.1287e-01   5.3293e+01   1.1383e+01   6.2227e-02   5.6399e-02   3.5544e+02
20260511_21:00:00   1.8346e-01   4.6834e+01   9.5523e+00   4.1065e-02   1.7088e-02   3.6083e+02
20260512_00:00:00   1.6475e-01   4.2651e+01   8.0054e+00   3.2482e-02   1.1463e-03   3.7509e+02
20260512_03:00:00   1.6049e-01   4.1544e+01   8.0196e+00   2.8157e-02   4.8556e-04   3.9809e+02
20260512_06:00:00   1.3817e-01   3.6331e+01   8.2033e+00   3.1701e-03   6.0511e-05   3.9233e+02
20260512_09:00:00   1.3627e-01   3.5826e+01   8.3296e+00   1.2290e-04   1.0184e-03   3.9578e+02
20260512_12:00:00   1.4385e-01   3.7560e+01   8.7015e+00   4.4528e-03   1.8434e-03   4.0176e+02
20260512_15:00:00   1.6584e-01   4.2610e+01   9.2217e+00   2.3951e-02   5.1403e-02   4.0427e+02
20260512_18:00:00   1.7772e-01   4.5341e+01   8.8564e+00   4.0584e-02   6.8029e-02   4.0131e+02
20260512_21:00:00   1.8402e-01   4.6726e+01   9.0107e+00   4.5874e-02   1.5954e-02   3.8672e+02
20260513_00:00:00   1.4787e-01   3.8474e+01   8.5994e+00   9.7348e-03   3.3263e-03   3.8781e+02
20260513_03:00:00   1.3858e-01   3.6323e+01   8.3260e+00   3.0381e-03   6.1745e-03   3.9105e+02
20260513_06:00:00   1.5164e-01   3.9244e+01   9.4853e+00   7.3250e-03   7.7098e-02   3.9169e+02
20260513_09:00:00   1.5915e-01   4.0846e+01   1.0689e+01   0.0000e+00   4.2035e-01   3.9406e+02
20260513_12:00:00   1.5733e-01   4.0416e+01   1.0396e+01   1.0077e-04   3.7013e-01   4.0315e+02
20260513_15:00:00   1.5517e-01   3.9910e+01   9.5715e+00   4.7018e-03   1.5504e-01   4.1382e+02
20260513_18:00:00   1.3778e-01   3.5941e+01   7.7387e+00   3.6106e-03   6.1610e-04   4.1895e+02
20260513_21:00:00   1.5456e-01   3.9808e+01   7.0345e+00   2.7440e-02   1.2478e-03   4.2417e+02
20260514_00:00:00   2.5971e-01   6.2219e+01   6.9917e+00   1.4444e-01   8.9462e-03   4.2722e+02
20260514_03:00:00   1.3520e-01   3.5160e+01   7.4504e+00   1.1226e-05   1.0705e-01   4.2308e+02
20260514_06:00:00   1.3257e-01   3.4516e+01   7.2432e+00   0.0000e+00   2.6597e-02   4.1941e+02
20260514_09:00:00   1.3371e-01   3.4749e+01   7.5402e+00   0.0000e+00   1.1621e-02   4.1312e+02
20260514_12:00:00   1.3388e-01   3.4819e+01   7.6918e+00   0.0000e+00   2.1593e-03   4.1427e+02
20260514_15:00:00   1.3521e-01   3.5159e+01   7.9473e+00   0.0000e+00   3.7336e-04   4.0876e+02
20260514_18:00:00   1.3749e-01   3.5709e+01   8.2782e+00   0.0000e+00   1.8791e-04   4.0422e+02
20260514_21:00:00   1.3997e-01   3.6292e+01   8.5560e+00   0.0000e+00   3.2371e-04   4.0221e+02
20260515_00:00:00   1.3788e-01   3.5797e+01   8.3243e+00   4.7440e-05   8.5291e-04   4.0583e+02
20260515_03:00:00   1.3303e-01   3.4704e+01   7.7109e+00   1.5882e-04   6.5311e-04   4.0186e+02
20260515_06:00:00   1.3729e-01   3.5626e+01   8.3473e+00   4.3279e-04   9.8928e-03   3.9711e+02
20260515_09:00:00   1.3815e-01   3.5817e+01   8.5094e+00   0.0000e+00   8.3741e-02   4.0310e+02
20260515_12:00:00   1.3962e-01   3.6155e+01   8.8110e+00   0.0000e+00   1.7927e-02   3.9852e+02
