#            date       tau255        Tb[K]      pwv[mm] lwp[kg*m^-2] iwp[kg*m^-2]       o3[DU]
20260329_00:00:00   8.5498e-02   2.2721e+01   1.5840e+00   0.0000e+00   0.0000e+00   5.3126e+02
20260329_01:00:00   8.4887e-02   2.2585e+01   1.5179e+00   0.0000e+00   0.0000e+00   5.3222e+02
20260329_02:00:00   8.4436e-02   2.2483e+01   1.4666e+00   0.0000e+00   0.0000e+00   5.3172e+02
20260329_03:00:00   8.4050e-02   2.2392e+01   1.4170e+00   0.0000e+00   0.0000e+00   5.2665e+02
20260329_04:00:00   8.3752e-02   2.2323e+01   1.3813e+00   0.0000e+00   0.0000e+00   5.2565e+02
20260329_05:00:00   8.3525e-02   2.2270e+01   1.3527e+00   0.0000e+00   0.0000e+00   5.2481e+02
20260329_06:00:00   8.3493e-02   2.2258e+01   1.3381e+00   0.0000e+00   0.0000e+00   5.2604e+02
20260329_07:00:00   8.3942e-02   2.2354e+01   1.3707e+00   0.0000e+00   0.0000e+00   5.2664e+02
20260329_08:00:00   8.4694e-02   2.2517e+01   1.4310e+00   0.0000e+00   0.0000e+00   5.2839e+02
20260329_09:00:00   8.5111e-02   2.2607e+01   1.4565e+00   0.0000e+00   0.0000e+00   5.3405e+02
20260329_10:00:00   8.5058e-02   2.2590e+01   1.4292e+00   0.0000e+00   0.0000e+00   5.3886e+02
20260329_11:00:00   8.4972e-02   2.2567e+01   1.3993e+00   0.0000e+00   0.0000e+00   5.3998e+02
20260329_12:00:00   8.4879e-02   2.2544e+01   1.3721e+00   0.0000e+00   0.0000e+00   5.3870e+02
20260329_13:00:00   8.4784e-02   2.2521e+01   1.3506e+00   0.0000e+00   0.0000e+00   5.3725e+02
20260329_14:00:00   8.4690e-02   2.2502e+01   1.3346e+00   0.0000e+00   0.0000e+00   5.3753e+02
20260329_15:00:00   8.4560e-02   2.2478e+01   1.3190e+00   0.0000e+00   0.0000e+00   5.3627e+02
20260329_16:00:00   8.4486e-02   2.2466e+01   1.3083e+00   0.0000e+00   0.0000e+00   5.3054e+02
20260329_17:00:00   8.4488e-02   2.2472e+01   1.3085e+00   0.0000e+00   0.0000e+00   5.2706e+02
20260329_18:00:00   8.4472e-02   2.2474e+01   1.3076e+00   0.0000e+00   0.0000e+00   5.2396e+02
20260329_19:00:00   8.4570e-02   2.2501e+01   1.3164e+00   0.0000e+00   0.0000e+00   5.1947e+02
20260329_20:00:00   8.4576e-02   2.2505e+01   1.3102e+00   0.0000e+00   0.0000e+00   5.1707e+02
20260329_21:00:00   8.4429e-02   2.2472e+01   1.2820e+00   0.0000e+00   0.0000e+00   5.1648e+02
20260329_22:00:00   8.4025e-02   2.2385e+01   1.2225e+00   0.0000e+00   0.0000e+00   5.1492e+02
20260329_23:00:00   8.3590e-02   2.2290e+01   1.1618e+00   0.0000e+00   0.0000e+00   5.1198e+02
20260330_00:00:00   8.3271e-02   2.2221e+01   1.1189e+00   0.0000e+00   0.0000e+00   5.1010e+02
20260330_01:00:00   8.3168e-02   2.2203e+01   1.1073e+00   0.0000e+00   0.0000e+00   5.1002e+02
20260330_02:00:00   8.3137e-02   2.2200e+01   1.1051e+00   0.0000e+00   0.0000e+00   5.0903e+02
20260330_03:00:00   8.3100e-02   2.2194e+01   1.1016e+00   0.0000e+00   0.0000e+00   5.0655e+02
20260330_04:00:00   8.2961e-02   2.2168e+01   1.0936e+00   0.0000e+00   1.1014e-05   5.0467e+02
20260330_05:00:00   8.2883e-02   2.2157e+01   1.0928e+00   0.0000e+00   2.2460e-06   5.0618e+02
20260330_06:00:00   8.2799e-02   2.2144e+01   1.0913e+00   0.0000e+00   8.7700e-06   5.0772e+02
20260330_07:00:00   8.2730e-02   2.2134e+01   1.0831e+00   0.0000e+00   0.0000e+00   5.0622e+02
20260330_08:00:00   8.2691e-02   2.2127e+01   1.0769e+00   0.0000e+00   0.0000e+00   5.0286e+02
20260330_09:00:00   8.2721e-02   2.2134e+01   1.0820e+00   0.0000e+00   0.0000e+00   5.0059e+02
20260330_10:00:00   8.2997e-02   2.2190e+01   1.1082e+00   0.0000e+00   1.1014e-05   4.9931e+02
20260330_11:00:00   8.3296e-02   2.2255e+01   1.1431e+00   0.0000e+00   1.4276e-06   4.9789e+02
20260330_12:00:00   8.3613e-02   2.2329e+01   1.1798e+00   0.0000e+00   5.4860e-05   4.9768e+02
20260330_13:00:00   8.4162e-02   2.2451e+01   1.2404e+00   0.0000e+00   1.3252e-04   4.9844e+02
20260330_14:00:00   8.4884e-02   2.2604e+01   1.3093e+00   0.0000e+00   9.8948e-05   4.9629e+02
20260330_15:00:00   8.5397e-02   2.2714e+01   1.3582e+00   0.0000e+00   4.0999e-05   4.9394e+02
20260330_16:00:00   8.5740e-02   2.2785e+01   1.3920e+00   0.0000e+00   8.1580e-06   4.9063e+02
20260330_17:00:00   8.5950e-02   2.2828e+01   1.4150e+00   0.0000e+00   5.1793e-05   4.8855e+02
20260330_18:00:00   8.6083e-02   2.2858e+01   1.4333e+00   0.0000e+00   5.6655e-05   4.8838e+02
20260330_19:00:00   8.6115e-02   2.2867e+01   1.4462e+00   0.0000e+00   6.5042e-04   4.8897e+02
20260330_20:00:00   8.6021e-02   2.2849e+01   1.4445e+00   0.0000e+00   9.1569e-04   4.9080e+02
20260330_21:00:00   8.5863e-02   2.2816e+01   1.4394e+00   0.0000e+00   1.3064e-03   4.9332e+02
20260330_22:00:00   8.5679e-02   2.2779e+01   1.4331e+00   0.0000e+00   8.8135e-04   4.9662e+02
20260330_23:00:00   8.5497e-02   2.2740e+01   1.4245e+00   0.0000e+00   1.1772e-04   4.9958e+02
20260331_00:00:00   8.5219e-02   2.2684e+01   1.4138e+00   0.0000e+00   4.3443e-05   5.0213e+02
20260331_01:00:00   8.4924e-02   2.2624e+01   1.4017e+00   0.0000e+00   4.8752e-05   5.0545e+02
20260331_02:00:00   8.4627e-02   2.2562e+01   1.3873e+00   0.0000e+00   5.9932e-05   5.0719e+02
20260331_03:00:00   8.4284e-02   2.2491e+01   1.3700e+00   0.0000e+00   3.5040e-05   5.0942e+02
20260331_04:00:00   8.3961e-02   2.2425e+01   1.3555e+00   0.0000e+00   5.2536e-05   5.1089e+02
20260331_05:00:00   8.3687e-02   2.2371e+01   1.3453e+00   0.0000e+00   3.2632e-05   5.1027e+02
20260331_06:00:00   8.3445e-02   2.2322e+01   1.3348e+00   0.0000e+00   3.9608e-05   5.0848e+02
20260331_07:00:00   8.3251e-02   2.2284e+01   1.3264e+00   0.0000e+00   1.2012e-04   5.0732e+02
20260331_08:00:00   8.3195e-02   2.2271e+01   1.3208e+00   0.0000e+00   5.0535e-04   5.0665e+02
20260331_09:00:00   8.3062e-02   2.2241e+01   1.3122e+00   0.0000e+00   8.2443e-04   5.0726e+02
20260331_10:00:00   8.3013e-02   2.2230e+01   1.3095e+00   0.0000e+00   7.8221e-04   5.0818e+02
20260331_11:00:00   8.3020e-02   2.2233e+01   1.3094e+00   0.0000e+00   6.8823e-04   5.0922e+02
20260331_12:00:00   8.3289e-02   2.2285e+01   1.3250e+00   0.0000e+00   4.1292e-04   5.1189e+02
20260331_13:00:00   8.3922e-02   2.2404e+01   1.3545e+00   0.0000e+00   1.1046e-04   5.1441e+02
20260331_14:00:00   8.4699e-02   2.2553e+01   1.3980e+00   0.0000e+00   8.7844e-04   5.1543e+02
20260331_15:00:00   8.5558e-02   2.2721e+01   1.4493e+00   0.0000e+00   2.2352e-03   5.1495e+02
20260331_16:00:00   8.6467e-02   2.2901e+01   1.5048e+00   0.0000e+00   1.9526e-03   5.1374e+02
20260331_17:00:00   8.7308e-02   2.3077e+01   1.5661e+00   0.0000e+00   1.5055e-03   5.1306e+02
20260331_18:00:00   8.8153e-02   2.3259e+01   1.6342e+00   0.0000e+00   6.5828e-04   5.1407e+02
20260331_19:00:00   8.8805e-02   2.3402e+01   1.6900e+00   0.0000e+00   1.6775e-04   5.1465e+02
20260331_20:00:00   8.9252e-02   2.3492e+01   1.7157e+00   0.0000e+00   4.0385e-05   5.1493e+02
20260331_21:00:00   8.9511e-02   2.3540e+01   1.7233e+00   0.0000e+00   3.4395e-05   5.1408e+02
20260331_22:00:00   8.9671e-02   2.3565e+01   1.7223e+00   0.0000e+00   3.6657e-05   5.1268e+02
20260331_23:00:00   8.9820e-02   2.3589e+01   1.7253e+00   0.0000e+00   2.7416e-05   5.1252e+02
20260401_00:00:00   9.0089e-02   2.3637e+01   1.7387e+00   0.0000e+00   2.4065e-05   5.1321e+02
20260401_01:00:00   9.0213e-02   2.3662e+01   1.7513e+00   0.0000e+00   3.5815e-05   5.1434e+02
20260401_02:00:00   9.0259e-02   2.3670e+01   1.7553e+00   0.0000e+00   3.8630e-05   5.1642e+02
20260401_03:00:00   9.0232e-02   2.3665e+01   1.7585e+00   0.0000e+00   3.5246e-05   5.2007e+02
20260401_04:00:00   9.0302e-02   2.3677e+01   1.7670e+00   0.0000e+00   1.7711e-05   5.2333e+02
20260401_05:00:00   9.0128e-02   2.3641e+01   1.7585e+00   0.0000e+00   2.0136e-05   5.2507e+02
20260401_06:00:00   8.9857e-02   2.3582e+01   1.7390e+00   0.0000e+00   7.8930e-06   5.2557e+02
20260401_07:00:00   8.9538e-02   2.3519e+01   1.7253e+00   0.0000e+00   1.0181e-05   5.2572e+02
20260401_08:00:00   8.9116e-02   2.3432e+01   1.6985e+00   0.0000e+00   4.8278e-05   5.2506e+02
20260401_09:00:00   8.8684e-02   2.3341e+01   1.6684e+00   0.0000e+00   4.3134e-04   5.2457e+02
20260401_10:00:00   8.8262e-02   2.3255e+01   1.6447e+00   0.0000e+00   7.7465e-04   5.2383e+02
20260401_11:00:00   8.7957e-02   2.3196e+01   1.6416e+00   0.0000e+00   1.3046e-03   5.2295e+02
20260401_12:00:00   8.7836e-02   2.3185e+01   1.6700e+00   0.0000e+00   1.3155e-03   5.2257e+02
20260401_13:00:00   8.7989e-02   2.3229e+01   1.7233e+00   0.0000e+00   1.5965e-03   5.2325e+02
20260401_14:00:00   8.8410e-02   2.3339e+01   1.8105e+00   0.0000e+00   1.0921e-03   5.2375e+02
20260401_15:00:00   8.9345e-02   2.3555e+01   1.9510e+00   0.0000e+00   9.7632e-04   5.2410e+02
20260401_16:00:00   9.0610e-02   2.3849e+01   2.1414e+00   0.0000e+00   1.5926e-03   5.2510e+02
20260401_17:00:00   9.1840e-02   2.4134e+01   2.3205e+00   0.0000e+00   1.8029e-03   5.2515e+02
20260401_18:00:00   9.2648e-02   2.4314e+01   2.4281e+00   0.0000e+00   1.9785e-03   5.2477e+02
20260401_19:00:00   9.2978e-02   2.4388e+01   2.4639e+00   0.0000e+00   2.1586e-03   5.2483e+02
20260401_20:00:00   9.3104e-02   2.4416e+01   2.4671e+00   0.0000e+00   1.6572e-03   5.2572e+02
20260401_21:00:00   9.3189e-02   2.4424e+01   2.4498e+00   0.0000e+00   1.0867e-03   5.2567e+02
20260401_22:00:00   9.3187e-02   2.4416e+01   2.4216e+00   0.0000e+00   1.0719e-03   5.2435e+02
20260401_23:00:00   9.2915e-02   2.4349e+01   2.3681e+00   0.0000e+00   1.3440e-03   5.2411e+02
20260402_00:00:00   9.2262e-02   2.4201e+01   2.2763e+00   0.0000e+00   1.2044e-03   5.2338e+02
20260402_01:00:00   9.1421e-02   2.4008e+01   2.1627e+00   0.0000e+00   1.1566e-03   5.2295e+02
20260402_02:00:00   9.0349e-02   2.3763e+01   2.0244e+00   0.0000e+00   7.4058e-04   5.2149e+02
20260402_03:00:00   8.9126e-02   2.3486e+01   1.8702e+00   0.0000e+00   2.0547e-04   5.2034e+02
20260402_04:00:00   8.8163e-02   2.3269e+01   1.7475e+00   0.0000e+00   4.3053e-05   5.1944e+02
20260402_05:00:00   8.7548e-02   2.3131e+01   1.6671e+00   0.0000e+00   2.6964e-05   5.1808e+02
20260402_06:00:00   8.6984e-02   2.3007e+01   1.5963e+00   0.0000e+00   2.6640e-05   5.1670e+02
20260402_07:00:00   8.6540e-02   2.2912e+01   1.5423e+00   0.0000e+00   2.8392e-05   5.1608e+02
20260402_08:00:00   8.6240e-02   2.2845e+01   1.5041e+00   0.0000e+00   2.4474e-05   5.1565e+02
20260402_09:00:00   8.5974e-02   2.2791e+01   1.4730e+00   0.0000e+00   1.6316e-05   5.1496e+02
20260402_10:00:00   8.5794e-02   2.2754e+01   1.4510e+00   0.0000e+00   2.2386e-05   5.1490e+02
20260402_11:00:00   8.5719e-02   2.2742e+01   1.4373e+00   0.0000e+00   1.4520e-05   5.1763e+02
20260402_12:00:00   8.5601e-02   2.2724e+01   1.4259e+00   0.0000e+00   7.2119e-06   5.2105e+02
20260402_13:00:00   8.5467e-02   2.2704e+01   1.4157e+00   0.0000e+00   6.0700e-06   5.2330e+02
20260402_14:00:00   8.5301e-02   2.2680e+01   1.4046e+00   0.0000e+00   8.4980e-07   5.2564e+02
20260402_15:00:00   8.5280e-02   2.2685e+01   1.4053e+00   0.0000e+00   0.0000e+00   5.2566e+02
20260402_16:00:00   8.5428e-02   2.2724e+01   1.4180e+00   0.0000e+00   0.0000e+00   5.2353e+02
20260402_17:00:00   8.5615e-02   2.2771e+01   1.4340e+00   0.0000e+00   0.0000e+00   5.2120e+02
20260402_18:00:00   8.5787e-02   2.2812e+01   1.4478e+00   0.0000e+00   0.0000e+00   5.1934e+02
20260402_19:00:00   8.5972e-02   2.2854e+01   1.4575e+00   0.0000e+00   7.0160e-06   5.1755e+02
20260402_20:00:00   8.6045e-02   2.2871e+01   1.4606e+00   0.0000e+00   1.2236e-05   5.1498e+02
20260402_21:00:00   8.6179e-02   2.2900e+01   1.4754e+00   0.0000e+00   1.2236e-05   5.1381e+02
20260402_22:00:00   8.6404e-02   2.2950e+01   1.5070e+00   0.0000e+00   1.3378e-05   5.1337e+02
20260402_23:00:00   8.6689e-02   2.3014e+01   1.5462e+00   0.0000e+00   8.1580e-06   5.1093e+02
20260403_00:00:00   8.6898e-02   2.3061e+01   1.5733e+00   0.0000e+00   1.3378e-05   5.0927e+02
20260403_03:00:00   8.7040e-02   2.3105e+01   1.6264e+00   0.0000e+00   8.1580e-06   5.1136e+02
20260403_06:00:00   8.7242e-02   2.3157e+01   1.6772e+00   0.0000e+00   1.6316e-05   5.1376e+02
20260403_09:00:00   8.6669e-02   2.3028e+01   1.5896e+00   0.0000e+00   2.9240e-07   5.1400e+02
20260403_12:00:00   8.5824e-02   2.2846e+01   1.4717e+00   0.0000e+00   0.0000e+00   5.1434e+02
20260403_15:00:00   8.5756e-02   2.2820e+01   1.4186e+00   0.0000e+00   0.0000e+00   5.1386e+02
20260403_18:00:00   8.5731e-02   2.2812e+01   1.3889e+00   0.0000e+00   0.0000e+00   5.1909e+02
20260403_21:00:00   8.5229e-02   2.2694e+01   1.2892e+00   0.0000e+00   0.0000e+00   5.1987e+02
20260404_00:00:00   8.4747e-02   2.2575e+01   1.1970e+00   0.0000e+00   0.0000e+00   5.1432e+02
20260404_03:00:00   8.4939e-02   2.2613e+01   1.2200e+00   0.0000e+00   0.0000e+00   5.1393e+02
20260404_06:00:00   8.4960e-02   2.2619e+01   1.2213e+00   0.0000e+00   0.0000e+00   5.1010e+02
20260404_09:00:00   8.5072e-02   2.2630e+01   1.2340e+00   0.0000e+00   0.0000e+00   5.0960e+02
20260404_12:00:00   8.5333e-02   2.2683e+01   1.2670e+00   0.0000e+00   0.0000e+00   5.0995e+02
20260404_15:00:00   8.5425e-02   2.2708e+01   1.2878e+00   0.0000e+00   0.0000e+00   5.0640e+02
20260404_18:00:00   8.5800e-02   2.2779e+01   1.3176e+00   0.0000e+00   0.0000e+00   5.0663e+02
20260404_21:00:00   8.6563e-02   2.2918e+01   1.3939e+00   0.0000e+00   0.0000e+00   5.1038e+02
20260405_00:00:00   8.6948e-02   2.2976e+01   1.4251e+00   0.0000e+00   0.0000e+00   5.0789e+02
20260405_03:00:00   8.7612e-02   2.3106e+01   1.5055e+00   0.0000e+00   0.0000e+00   5.0285e+02
20260405_06:00:00   8.9259e-02   2.3457e+01   1.7219e+00   0.0000e+00   1.1420e-06   5.0193e+02
20260405_09:00:00   8.9778e-02   2.3548e+01   1.7735e+00   0.0000e+00   4.3787e-05   5.0271e+02
20260405_12:00:00   8.9367e-02   2.3451e+01   1.7295e+00   0.0000e+00   0.0000e+00   5.0147e+02
20260405_15:00:00   8.9477e-02   2.3467e+01   1.7382e+00   0.0000e+00   7.3080e-06   5.0208e+02
20260405_18:00:00   8.9205e-02   2.3378e+01   1.6932e+00   0.0000e+00   1.7176e-04   5.0182e+02
20260405_21:00:00   8.8274e-02   2.3123e+01   1.5467e+00   0.0000e+00   2.6166e-04   5.0434e+02
20260406_00:00:00   8.7567e-02   2.2896e+01   1.3998e+00   0.0000e+00   8.7339e-05   5.1012e+02
20260406_03:00:00   8.7496e-02   2.2826e+01   1.3008e+00   0.0000e+00   1.4129e-03   5.1286e+02
20260406_06:00:00   8.6669e-02   2.2588e+01   1.1190e+00   2.2460e-06   3.2570e-03   5.1693e+02
20260406_09:00:00   8.7308e-02   2.2689e+01   1.1469e+00   0.0000e+00   3.6703e-03   5.1963e+02
20260406_12:00:00   8.8180e-02   2.2828e+01   1.1761e+00   0.0000e+00   5.2828e-03   5.2072e+02
20260406_15:00:00   8.8500e-02   2.2846e+01   1.1290e+00   0.0000e+00   1.6878e-03   5.2569e+02
20260406_18:00:00   8.8708e-02   2.2856e+01   1.1061e+00   0.0000e+00   1.6534e-04   5.2882e+02
20260406_21:00:00   8.8641e-02   2.2826e+01   1.0911e+00   0.0000e+00   5.1747e-05   5.2919e+02
20260407_00:00:00   8.8439e-02   2.2770e+01   1.0772e+00   0.0000e+00   3.7920e-03   5.2852e+02
20260407_03:00:00   8.9595e-02   2.3040e+01   1.2267e+00   0.0000e+00   3.9114e-02   5.3010e+02
20260407_06:00:00   9.1265e-02   2.3409e+01   1.4135e+00   0.0000e+00   4.3082e-02   5.2870e+02
20260407_09:00:00   9.1743e-02   2.3525e+01   1.4749e+00   0.0000e+00   6.8823e-02   5.2924e+02
20260407_12:00:00   9.2488e-02   2.3714e+01   1.5642e+00   0.0000e+00   9.7905e-02   5.3240e+02
20260407_15:00:00   9.2559e-02   2.3753e+01   1.5986e+00   0.0000e+00   1.0825e-01   5.3084e+02
20260407_18:00:00   9.2388e-02   2.3723e+01   1.5881e+00   0.0000e+00   1.1632e-01   5.2960e+02
20260407_21:00:00   9.2314e-02   2.3707e+01   1.5671e+00   0.0000e+00   1.2519e-01   5.2623e+02
20260408_00:00:00   9.1709e-02   2.3567e+01   1.4832e+00   0.0000e+00   9.9853e-02   5.2394e+02
20260408_03:00:00   9.1195e-02   2.3439e+01   1.4144e+00   0.0000e+00   6.3832e-02   5.2021e+02
20260408_06:00:00   9.0815e-02   2.3340e+01   1.3532e+00   0.0000e+00   3.3131e-02   5.1706e+02
20260408_09:00:00   9.0527e-02   2.3275e+01   1.3126e+00   0.0000e+00   6.6718e-03   5.1878e+02
20260408_12:00:00   9.0123e-02   2.3204e+01   1.2782e+00   0.0000e+00   4.2028e-04   5.1726e+02
20260408_15:00:00   9.0513e-02   2.3331e+01   1.3730e+00   0.0000e+00   1.3148e-04   5.1613e+02
20260408_18:00:00   9.1184e-02   2.3514e+01   1.4854e+00   0.0000e+00   8.1477e-05   5.1372e+02
20260408_21:00:00   9.1478e-02   2.3610e+01   1.5452e+00   0.0000e+00   1.0111e-04   5.1077e+02
20260409_00:00:00   9.2316e-02   2.3806e+01   1.6696e+00   0.0000e+00   5.9201e-05   5.1060e+02
20260409_03:00:00   9.3225e-02   2.4039e+01   1.8245e+00   0.0000e+00   1.0856e-04   5.1059e+02
20260409_06:00:00   9.3929e-02   2.4233e+01   1.9652e+00   0.0000e+00   1.5761e-04   5.0943e+02
20260409_09:00:00   9.3783e-02   2.4245e+01   1.9882e+00   0.0000e+00   6.5203e-05   5.0896e+02
20260409_12:00:00   9.3693e-02   2.4271e+01   2.0045e+00   0.0000e+00   6.7385e-05   5.0519e+02
20260409_15:00:00   9.4783e-02   2.4557e+01   2.1540e+00   0.0000e+00   5.5433e-05   4.9670e+02
20260409_18:00:00   9.5921e-02   2.4833e+01   2.2939e+00   0.0000e+00   5.8749e-05   4.9528e+02
20260409_21:00:00   9.6567e-02   2.4987e+01   2.3500e+00   0.0000e+00   5.4923e-05   4.9461e+02
20260410_00:00:00   9.5959e-02   2.4852e+01   2.2726e+00   0.0000e+00   7.3020e-05   4.9310e+02
20260410_03:00:00   9.5055e-02   2.4662e+01   2.1788e+00   0.0000e+00   6.6876e-05   4.9324e+02
20260410_06:00:00   9.3794e-02   2.4400e+01   2.0486e+00   0.0000e+00   4.1932e-05   4.9522e+02
20260410_09:00:00   9.3288e-02   2.4292e+01   1.9747e+00   0.0000e+00   2.2678e-05   4.9278e+02
20260410_12:00:00   9.4086e-02   2.4472e+01   2.0492e+00   0.0000e+00   3.5080e-06   4.9085e+02
20260410_15:00:00   9.6641e-02   2.5061e+01   2.3424e+00   0.0000e+00   3.4100e-05   4.8892e+02
20260410_18:00:00   9.8766e-02   2.5550e+01   2.5740e+00   0.0000e+00   7.4903e-05   4.9071e+02
20260410_21:00:00   9.8596e-02   2.5523e+01   2.5491e+00   0.0000e+00   3.2405e-05   4.9070e+02
20260411_00:00:00   9.7548e-02   2.5296e+01   2.4106e+00   0.0000e+00   3.4395e-05   4.8998e+02
20260411_03:00:00   9.7096e-02   2.5195e+01   2.3506e+00   0.0000e+00   2.6982e-05   4.8962e+02
20260411_06:00:00   9.7711e-02   2.5325e+01   2.4102e+00   0.0000e+00   2.0486e-04   4.8942e+02
20260411_09:00:00   9.9764e-02   2.5759e+01   2.6164e+00   0.0000e+00   2.1068e-03   4.9145e+02
20260411_12:00:00   1.0374e-01   2.6625e+01   2.9824e+00   0.0000e+00   1.2535e-02   4.8860e+02
20260411_15:00:00   1.0519e-01   2.6971e+01   3.0953e+00   0.0000e+00   5.4827e-02   4.8571e+02
20260411_18:00:00   1.0546e-01   2.7048e+01   3.1190e+00   0.0000e+00   3.9606e-02   4.8265e+02
20260411_21:00:00   1.0557e-01   2.7082e+01   3.1210e+00   0.0000e+00   3.0087e-02   4.8152e+02
20260412_00:00:00   1.0547e-01   2.7053e+01   3.0866e+00   0.0000e+00   2.8443e-02   4.8741e+02
20260412_03:00:00   1.0516e-01   2.6971e+01   3.0250e+00   0.0000e+00   3.3926e-02   4.8873e+02
20260412_06:00:00   1.0471e-01   2.6872e+01   2.9723e+00   0.0000e+00   2.8122e-02   4.8978e+02
20260412_09:00:00   1.0435e-01   2.6810e+01   2.9371e+00   0.0000e+00   1.3980e-02   4.9174e+02
20260412_12:00:00   1.0423e-01   2.6806e+01   2.9090e+00   0.0000e+00   6.4129e-03   4.9183e+02
20260412_15:00:00   1.0360e-01   2.6702e+01   2.8532e+00   0.0000e+00   1.2829e-04   4.8693e+02
20260412_18:00:00   1.0286e-01   2.6579e+01   2.8199e+00   0.0000e+00   3.6074e-05   4.8149e+02
20260412_21:00:00   1.0195e-01   2.6403e+01   2.7713e+00   0.0000e+00   4.0157e-05   4.7879e+02
20260413_00:00:00   1.0073e-01   2.6137e+01   2.6923e+00   0.0000e+00   6.1729e-05   4.7997e+02
20260413_03:00:00   9.9203e-02   2.5818e+01   2.5898e+00   0.0000e+00   4.2106e-05   4.8176e+02
20260413_06:00:00   9.7162e-02   2.5394e+01   2.4419e+00   0.0000e+00   1.0144e-05   4.8149e+02
20260413_09:00:00   9.5086e-02   2.4963e+01   2.2792e+00   0.0000e+00   1.0622e-07   4.8309e+02
20260413_12:00:00   9.3166e-02   2.4574e+01   2.1285e+00   0.0000e+00   0.0000e+00   4.8379e+02
20260413_15:00:00   9.1277e-02   2.4180e+01   1.9643e+00   0.0000e+00   0.0000e+00   4.8486e+02
20260413_18:00:00   8.8953e-02   2.3675e+01   1.6989e+00   0.0000e+00   0.0000e+00   4.8878e+02
20260413_21:00:00   8.6780e-02   2.3195e+01   1.4364e+00   0.0000e+00   0.0000e+00   4.9503e+02
20260414_00:00:00   8.5490e-02   2.2905e+01   1.3333e+00   0.0000e+00   0.0000e+00   4.9747e+02
