#            date       tau255        Tb[K]      pwv[mm] lwp[kg*m^-2] iwp[kg*m^-2]       o3[DU]
20260119_00:00:00   1.1868e-01   3.1304e+01   7.0882e+00   0.0000e+00   1.6375e-01   3.7888e+02
20260119_01:00:00   1.1746e-01   3.0971e+01   6.8351e+00   0.0000e+00   1.9407e-01   3.7891e+02
20260119_02:00:00   1.1122e-01   2.9425e+01   5.9644e+00   0.0000e+00   2.3709e-01   3.7533e+02
20260119_03:00:00   1.1712e-01   3.0741e+01   6.4722e+00   0.0000e+00   2.8919e-01   3.7688e+02
20260119_04:00:00   1.2598e-01   3.2755e+01   7.2744e+00   2.0967e-04   2.6634e-01   3.7885e+02
20260119_05:00:00   1.1915e-01   3.1238e+01   6.5281e+00   8.5907e-04   8.5716e-02   3.8144e+02
20260119_06:00:00   1.1292e-01   2.9748e+01   5.8417e+00   0.0000e+00   6.3876e-02   3.7736e+02
20260119_07:00:00   1.0926e-01   2.8854e+01   5.3448e+00   0.0000e+00   8.9471e-02   3.7510e+02
20260119_08:00:00   1.0953e-01   2.8800e+01   5.2287e+00   7.4433e-05   1.0515e-01   3.8257e+02
20260119_09:00:00   1.0570e-01   2.7830e+01   4.6671e+00   0.0000e+00   1.1908e-01   3.8789e+02
20260119_10:00:00   9.3556e-02   2.5027e+01   2.9788e+00   0.0000e+00   4.0814e-02   3.8783e+02
20260119_11:00:00   8.8072e-02   2.3786e+01   2.1066e+00   0.0000e+00   1.2680e-03   3.8468e+02
20260119_12:00:00   8.8493e-02   2.3887e+01   2.1525e+00   0.0000e+00   1.2467e-03   3.8020e+02
20260119_13:00:00   8.9083e-02   2.4030e+01   2.2339e+00   0.0000e+00   1.1951e-03   3.7878e+02
20260119_14:00:00   8.9484e-02   2.4098e+01   2.2650e+00   0.0000e+00   1.0677e-03   3.8292e+02
20260119_15:00:00   8.9893e-02   2.4155e+01   2.2926e+00   0.0000e+00   4.4501e-04   3.8088e+02
20260119_16:00:00   9.0619e-02   2.4291e+01   2.3464e+00   0.0000e+00   3.3540e-04   3.7083e+02
20260119_17:00:00   9.0836e-02   2.4330e+01   2.3663e+00   0.0000e+00   1.1949e-04   3.7502e+02
20260119_18:00:00   9.1372e-02   2.4433e+01   2.4043e+00   2.2460e-06   3.0830e-04   3.6640e+02
20260119_19:00:00   9.2510e-02   2.4668e+01   2.5011e+00   5.3880e-06   7.8866e-03   3.6482e+02
20260119_20:00:00   9.3309e-02   2.4832e+01   2.5923e+00   0.0000e+00   5.3164e-03   3.6797e+02
20260119_21:00:00   9.3094e-02   2.4776e+01   2.5731e+00   0.0000e+00   3.9800e-03   3.7238e+02
20260119_22:00:00   9.3786e-02   2.4921e+01   2.7301e+00   1.4726e-04   4.7651e-03   3.7337e+02
20260119_23:00:00   9.6035e-02   2.5434e+01   2.9145e+00   1.6174e-03   1.3856e-03   3.7384e+02
20260120_00:00:00   9.6728e-02   2.5598e+01   3.1719e+00   5.7720e-04   1.3470e-03   3.6952e+02
20260120_01:00:00   9.8198e-02   2.5929e+01   3.4580e+00   5.8280e-05   1.3434e-03   3.6706e+02
20260120_02:00:00   9.9855e-02   2.6312e+01   3.7049e+00   0.0000e+00   1.0049e-03   3.6570e+02
20260120_03:00:00   1.0114e-01   2.6622e+01   3.9052e+00   0.0000e+00   5.0736e-03   3.6463e+02
20260120_04:00:00   1.0213e-01   2.6859e+01   4.0431e+00   0.0000e+00   3.2417e-03   3.6044e+02
20260120_05:00:00   1.0229e-01   2.6903e+01   4.0524e+00   0.0000e+00   4.3778e-03   3.5466e+02
20260120_06:00:00   1.0227e-01   2.6914e+01   4.0338e+00   0.0000e+00   1.0114e-03   3.5235e+02
20260120_07:00:00   1.0324e-01   2.7148e+01   4.1737e+00   0.0000e+00   5.9614e-04   3.5216e+02
20260120_08:00:00   1.0587e-01   2.7752e+01   4.5534e+00   0.0000e+00   2.5918e-03   3.5053e+02
20260120_09:00:00   1.0687e-01   2.7997e+01   4.6971e+00   0.0000e+00   1.5266e-03   3.5171e+02
20260120_10:00:00   1.0686e-01   2.8016e+01   4.6970e+00   0.0000e+00   3.1681e-04   3.5437e+02
20260120_11:00:00   1.0720e-01   2.8095e+01   4.7391e+00   0.0000e+00   3.7693e-04   3.5552e+02
20260120_12:00:00   1.0768e-01   2.8196e+01   4.8153e+00   0.0000e+00   4.8709e-03   3.5768e+02
20260120_13:00:00   1.0940e-01   2.8556e+01   5.0037e+00   0.0000e+00   1.3200e-02   3.5925e+02
20260120_14:00:00   1.0930e-01   2.8494e+01   4.9110e+00   0.0000e+00   9.4969e-03   3.5921e+02
20260120_15:00:00   1.0842e-01   2.8265e+01   4.7104e+00   0.0000e+00   7.4024e-03   3.5783e+02
20260120_16:00:00   1.0743e-01   2.7993e+01   4.4940e+00   0.0000e+00   8.1537e-03   3.5503e+02
20260120_17:00:00   1.0604e-01   2.7626e+01   4.2466e+00   0.0000e+00   4.9308e-03   3.5374e+02
20260120_18:00:00   1.0534e-01   2.7411e+01   4.0779e+00   0.0000e+00   7.5524e-03   3.5578e+02
20260120_19:00:00   1.0617e-01   2.7563e+01   4.1082e+00   0.0000e+00   1.3560e-02   3.5700e+02
20260120_20:00:00   1.0671e-01   2.7673e+01   4.0729e+00   0.0000e+00   3.0293e-02   3.6361e+02
20260120_21:00:00   1.0639e-01   2.7607e+01   3.9532e+00   0.0000e+00   6.5339e-03   3.7376e+02
20260120_22:00:00   1.0534e-01   2.7354e+01   3.7685e+00   0.0000e+00   6.0361e-03   3.8494e+02
20260120_23:00:00   1.0598e-01   2.7474e+01   3.8451e+00   0.0000e+00   4.4367e-03   3.9237e+02
20260121_00:00:00   1.0639e-01   2.7555e+01   3.8914e+00   0.0000e+00   2.5328e-03   3.9569e+02
20260121_01:00:00   1.0639e-01   2.7545e+01   3.8877e+00   0.0000e+00   6.0721e-03   3.9425e+02
20260121_02:00:00   1.0618e-01   2.7497e+01   3.8523e+00   0.0000e+00   1.9895e-02   3.9388e+02
20260121_03:00:00   1.0651e-01   2.7572e+01   3.8888e+00   0.0000e+00   2.9857e-02   3.9975e+02
20260121_04:00:00   1.0632e-01   2.7528e+01   3.8176e+00   0.0000e+00   4.2087e-02   4.0885e+02
20260121_05:00:00   1.0595e-01   2.7454e+01   3.7552e+00   0.0000e+00   1.5696e-02   4.1251e+02
20260121_06:00:00   1.0491e-01   2.7227e+01   3.6240e+00   0.0000e+00   1.2443e-03   4.1149e+02
20260121_07:00:00   1.0385e-01   2.6988e+01   3.4866e+00   0.0000e+00   1.2981e-03   4.1291e+02
20260121_08:00:00   1.0263e-01   2.6723e+01   3.3425e+00   0.0000e+00   7.8602e-04   4.1429e+02
20260121_09:00:00   1.0120e-01   2.6411e+01   3.1853e+00   0.0000e+00   4.9496e-04   4.1306e+02
20260121_10:00:00   9.9876e-02   2.6121e+01   3.0428e+00   0.0000e+00   4.3366e-04   4.1198e+02
20260121_11:00:00   9.8623e-02   2.5852e+01   2.9184e+00   0.0000e+00   2.9432e-04   4.1057e+02
20260121_12:00:00   9.7530e-02   2.5612e+01   2.7905e+00   0.0000e+00   3.8481e-04   4.0824e+02
20260121_13:00:00   9.6634e-02   2.5420e+01   2.6887e+00   0.0000e+00   4.6348e-04   4.0695e+02
20260121_14:00:00   9.5718e-02   2.5227e+01   2.5983e+00   0.0000e+00   3.1922e-04   4.0471e+02
20260121_15:00:00   9.4999e-02   2.5079e+01   2.5373e+00   0.0000e+00   2.4811e-04   4.0320e+02
20260121_16:00:00   9.4507e-02   2.4973e+01   2.4944e+00   0.0000e+00   3.2530e-04   4.0093e+02
20260121_17:00:00   9.4214e-02   2.4906e+01   2.4645e+00   0.0000e+00   4.0928e-04   4.0050e+02
20260121_18:00:00   9.3949e-02   2.4850e+01   2.4431e+00   0.0000e+00   4.2768e-04   4.0198e+02
20260121_19:00:00   9.3475e-02   2.4750e+01   2.3962e+00   0.0000e+00   2.9032e-04   4.0330e+02
20260121_20:00:00   9.3008e-02   2.4654e+01   2.3475e+00   0.0000e+00   2.4966e-04   4.0058e+02
20260121_21:00:00   9.2554e-02   2.4561e+01   2.3031e+00   0.0000e+00   2.2658e-04   3.9877e+02
20260121_22:00:00   9.2144e-02   2.4478e+01   2.2671e+00   0.0000e+00   1.9949e-04   3.9636e+02
20260121_23:00:00   9.1978e-02   2.4447e+01   2.2565e+00   0.0000e+00   2.0062e-04   3.9398e+02
20260122_00:00:00   9.1702e-02   2.4388e+01   2.2372e+00   0.0000e+00   1.9818e-04   3.9231e+02
20260122_01:00:00   9.1394e-02   2.4324e+01   2.2124e+00   0.0000e+00   8.0830e-06   3.9055e+02
20260122_02:00:00   9.0870e-02   2.4216e+01   2.1738e+00   0.0000e+00   2.6685e-06   3.9034e+02
20260122_03:00:00   9.0555e-02   2.4157e+01   2.1658e+00   0.0000e+00   1.6312e-06   3.9080e+02
20260122_04:00:00   9.0251e-02   2.4099e+01   2.1541e+00   0.0000e+00   9.7860e-07   3.9490e+02
20260122_05:00:00   8.9752e-02   2.3997e+01   2.1135e+00   0.0000e+00   0.0000e+00   3.9582e+02
20260122_06:00:00   8.9202e-02   2.3881e+01   2.0526e+00   0.0000e+00   0.0000e+00   3.9767e+02
20260122_07:00:00   8.8510e-02   2.3733e+01   1.9701e+00   0.0000e+00   0.0000e+00   3.9705e+02
20260122_08:00:00   8.7824e-02   2.3588e+01   1.8867e+00   0.0000e+00   0.0000e+00   3.9637e+02
20260122_09:00:00   8.7193e-02   2.3457e+01   1.8149e+00   0.0000e+00   0.0000e+00   3.9743e+02
20260122_10:00:00   8.6717e-02   2.3356e+01   1.7633e+00   0.0000e+00   0.0000e+00   3.9637e+02
20260122_11:00:00   8.6332e-02   2.3277e+01   1.7273e+00   0.0000e+00   0.0000e+00   3.9733e+02
20260122_12:00:00   8.5995e-02   2.3205e+01   1.6945e+00   0.0000e+00   0.0000e+00   3.9891e+02
20260122_13:00:00   8.5759e-02   2.3155e+01   1.6736e+00   0.0000e+00   0.0000e+00   3.9611e+02
20260122_14:00:00   8.5599e-02   2.3120e+01   1.6552e+00   0.0000e+00   0.0000e+00   3.8649e+02
20260122_15:00:00   8.5374e-02   2.3078e+01   1.6399e+00   0.0000e+00   0.0000e+00   3.8505e+02
20260122_16:00:00   8.5174e-02   2.3038e+01   1.6220e+00   0.0000e+00   0.0000e+00   3.8794e+02
20260122_17:00:00   8.5002e-02   2.3002e+01   1.5964e+00   0.0000e+00   0.0000e+00   3.9462e+02
20260122_18:00:00   8.4843e-02   2.2971e+01   1.5759e+00   0.0000e+00   0.0000e+00   4.0319e+02
20260122_19:00:00   8.4602e-02   2.2924e+01   1.5537e+00   0.0000e+00   0.0000e+00   4.0581e+02
20260122_20:00:00   8.4477e-02   2.2908e+01   1.5488e+00   0.0000e+00   0.0000e+00   4.0672e+02
20260122_21:00:00   8.4184e-02   2.2860e+01   1.5380e+00   0.0000e+00   0.0000e+00   4.0674e+02
20260122_22:00:00   8.3839e-02   2.2794e+01   1.5049e+00   0.0000e+00   0.0000e+00   4.0140e+02
20260122_23:00:00   8.3516e-02   2.2727e+01   1.4630e+00   0.0000e+00   0.0000e+00   3.9489e+02
20260123_00:00:00   8.3015e-02   2.2624e+01   1.4062e+00   0.0000e+00   0.0000e+00   3.9038e+02
20260123_01:00:00   8.2305e-02   2.2478e+01   1.3281e+00   0.0000e+00   0.0000e+00   3.8890e+02
20260123_02:00:00   8.1816e-02   2.2380e+01   1.2956e+00   0.0000e+00   0.0000e+00   3.9189e+02
20260123_03:00:00   8.1534e-02   2.2320e+01   1.2723e+00   0.0000e+00   0.0000e+00   3.9705e+02
20260123_04:00:00   8.1113e-02   2.2235e+01   1.2327e+00   0.0000e+00   0.0000e+00   4.0178e+02
20260123_05:00:00   8.0594e-02   2.2127e+01   1.1762e+00   0.0000e+00   0.0000e+00   4.0087e+02
20260123_06:00:00   8.0269e-02   2.2065e+01   1.1794e+00   0.0000e+00   0.0000e+00   3.9810e+02
20260123_07:00:00   7.9831e-02   2.1989e+01   1.1867e+00   0.0000e+00   0.0000e+00   3.9864e+02
20260123_08:00:00   7.9606e-02   2.1951e+01   1.2015e+00   0.0000e+00   0.0000e+00   3.9813e+02
20260123_09:00:00   7.9517e-02   2.1939e+01   1.2181e+00   0.0000e+00   0.0000e+00   3.9473e+02
20260123_10:00:00   7.8985e-02   2.1828e+01   1.1544e+00   0.0000e+00   0.0000e+00   3.9171e+02
20260123_11:00:00   7.9181e-02   2.1878e+01   1.2036e+00   0.0000e+00   0.0000e+00   3.9077e+02
20260123_12:00:00   7.9950e-02   2.2066e+01   1.3741e+00   0.0000e+00   2.2460e-06   3.8699e+02
20260123_13:00:00   8.0420e-02   2.2179e+01   1.4702e+00   0.0000e+00   1.1438e-04   3.8285e+02
20260123_14:00:00   8.0828e-02   2.2270e+01   1.5133e+00   0.0000e+00   1.5032e-03   3.7905e+02
20260123_15:00:00   8.1120e-02   2.2349e+01   1.5520e+00   0.0000e+00   9.0006e-03   3.7881e+02
20260123_16:00:00   8.2509e-02   2.2682e+01   1.7235e+00   0.0000e+00   3.3022e-02   3.7791e+02
20260123_17:00:00   8.6786e-02   2.3719e+01   2.2749e+00   0.0000e+00   7.0617e-02   3.7571e+02
20260123_18:00:00   9.4321e-02   2.5511e+01   3.3242e+00   0.0000e+00   4.5597e-02   3.7567e+02
20260123_19:00:00   9.9555e-02   2.6764e+01   3.9375e+00   0.0000e+00   3.7860e-03   3.7873e+02
20260123_20:00:00   1.0149e-01   2.7209e+01   4.1484e+00   0.0000e+00   4.2557e-04   3.8237e+02
20260123_21:00:00   1.0336e-01   2.7631e+01   4.4099e+00   0.0000e+00   5.7042e-04   3.8191e+02
20260123_22:00:00   1.0437e-01   2.7862e+01   4.5643e+00   0.0000e+00   1.0592e-03   3.8028e+02
20260123_23:00:00   1.0384e-01   2.7730e+01   4.5173e+00   0.0000e+00   3.6753e-03   3.8109e+02
20260124_00:00:00   1.0438e-01   2.7836e+01   4.5713e+00   0.0000e+00   2.3381e-03   3.8242e+02
20260124_03:00:00   1.0342e-01   2.7569e+01   4.4828e+00   0.0000e+00   1.6538e-03   3.8465e+02
20260124_06:00:00   9.8725e-02   2.6520e+01   3.8455e+00   0.0000e+00   0.0000e+00   3.8785e+02
20260124_09:00:00   9.5297e-02   2.5778e+01   3.4018e+00   0.0000e+00   3.7320e-05   3.7926e+02
20260124_12:00:00   9.4763e-02   2.5729e+01   3.4129e+00   0.0000e+00   2.2900e-03   3.8360e+02
20260124_15:00:00   9.4748e-02   2.5813e+01   3.4432e+00   0.0000e+00   1.4494e-03   3.8275e+02
20260124_18:00:00   9.2524e-02   2.5378e+01   3.1647e+00   0.0000e+00   0.0000e+00   3.7541e+02
20260124_21:00:00   8.8826e-02   2.4554e+01   2.7468e+00   0.0000e+00   0.0000e+00   3.7216e+02
20260125_00:00:00   8.4916e-02   2.3653e+01   2.2957e+00   0.0000e+00   0.0000e+00   3.7710e+02
20260125_03:00:00   8.1574e-02   2.2813e+01   1.8258e+00   0.0000e+00   0.0000e+00   3.6659e+02
20260125_06:00:00   8.1476e-02   2.2767e+01   1.7635e+00   0.0000e+00   0.0000e+00   3.5597e+02
20260125_09:00:00   8.1295e-02   2.2689e+01   1.7493e+00   0.0000e+00   0.0000e+00   3.4263e+02
20260125_12:00:00   8.8954e-02   2.4458e+01   2.8945e+00   0.0000e+00   0.0000e+00   3.4395e+02
20260125_15:00:00   9.1055e-02   2.4938e+01   3.0247e+00   0.0000e+00   0.0000e+00   3.4270e+02
20260125_18:00:00   9.2316e-02   2.5205e+01   3.1579e+00   0.0000e+00   0.0000e+00   3.4434e+02
20260125_21:00:00   9.3908e-02   2.5562e+01   3.3521e+00   0.0000e+00   0.0000e+00   3.4123e+02
20260126_00:00:00   9.4392e-02   2.5640e+01   3.3766e+00   0.0000e+00   0.0000e+00   3.4696e+02
20260126_03:00:00   9.3879e-02   2.5499e+01   3.2713e+00   0.0000e+00   0.0000e+00   3.4845e+02
20260126_06:00:00   9.3663e-02   2.5451e+01   3.2297e+00   0.0000e+00   0.0000e+00   3.5571e+02
20260126_09:00:00   9.3262e-02   2.5349e+01   3.1421e+00   0.0000e+00   0.0000e+00   3.6855e+02
20260126_12:00:00   9.1390e-02   2.4907e+01   2.9125e+00   0.0000e+00   0.0000e+00   3.6486e+02
20260126_15:00:00   8.9135e-02   2.4373e+01   2.6517e+00   0.0000e+00   0.0000e+00   3.5991e+02
20260126_18:00:00   8.7360e-02   2.3959e+01   2.4102e+00   0.0000e+00   0.0000e+00   3.5259e+02
20260126_21:00:00   8.6762e-02   2.3816e+01   2.3457e+00   0.0000e+00   0.0000e+00   3.5077e+02
20260127_00:00:00   8.6903e-02   2.3849e+01   2.4114e+00   0.0000e+00   0.0000e+00   3.5062e+02
20260127_03:00:00   8.6568e-02   2.3767e+01   2.3751e+00   0.0000e+00   0.0000e+00   3.4658e+02
20260127_06:00:00   8.5923e-02   2.3622e+01   2.3133e+00   0.0000e+00   0.0000e+00   3.3683e+02
20260127_09:00:00   8.5840e-02   2.3591e+01   2.3062e+00   0.0000e+00   0.0000e+00   3.3519e+02
20260127_12:00:00   8.5637e-02   2.3538e+01   2.2848e+00   0.0000e+00   0.0000e+00   3.2439e+02
20260127_15:00:00   8.6203e-02   2.3639e+01   2.3422e+00   0.0000e+00   0.0000e+00   3.1156e+02
20260127_18:00:00   8.5921e-02   2.3520e+01   2.2240e+00   0.0000e+00   7.8210e-07   3.3720e+02
20260127_21:00:00   8.4379e-02   2.3093e+01   1.9290e+00   0.0000e+00   1.6439e-04   3.4221e+02
20260128_00:00:00   8.3449e-02   2.2813e+01   1.7489e+00   0.0000e+00   2.1411e-04   3.5193e+02
20260128_03:00:00   8.2809e-02   2.2586e+01   1.5973e+00   3.1720e-05   3.5343e-04   3.7549e+02
20260128_06:00:00   8.2259e-02   2.2413e+01   1.4834e+00   0.0000e+00   1.7442e-04   3.8152e+02
20260128_09:00:00   8.3237e-02   2.2604e+01   1.5324e+00   0.0000e+00   4.5081e-06   3.8751e+02
20260128_12:00:00   8.5880e-02   2.3173e+01   1.7750e+00   0.0000e+00   1.6405e-04   3.6782e+02
20260128_15:00:00   9.0123e-02   2.4091e+01   2.3082e+00   0.0000e+00   1.3177e-03   3.7651e+02
20260128_18:00:00   9.5876e-02   2.5393e+01   3.0852e+00   0.0000e+00   1.4336e-03   3.8230e+02
20260128_21:00:00   9.9091e-02   2.6154e+01   3.5128e+00   1.1226e-06   2.6417e-03   3.9437e+02
20260129_00:00:00   1.0152e-01   2.6751e+01   3.8273e+00   0.0000e+00   6.0722e-03   3.9181e+02
20260129_03:00:00   1.0777e-01   2.8222e+01   4.6873e+00   0.0000e+00   8.9634e-03   3.9200e+02
20260129_06:00:00   1.0683e-01   2.8046e+01   4.5536e+00   0.0000e+00   6.3749e-03   3.9108e+02
20260129_09:00:00   1.0231e-01   2.7007e+01   3.9344e+00   0.0000e+00   7.4801e-03   3.9729e+02
20260129_12:00:00   9.2880e-02   2.4848e+01   2.5199e+00   0.0000e+00   1.3711e-03   4.0187e+02
20260129_15:00:00   9.0631e-02   2.4306e+01   2.2467e+00   0.0000e+00   1.6771e-04   4.1476e+02
20260129_18:00:00   8.8147e-02   2.3738e+01   2.0722e+00   0.0000e+00   2.8560e-06   4.1290e+02
20260129_21:00:00   8.6328e-02   2.3310e+01   1.9264e+00   0.0000e+00   0.0000e+00   4.1643e+02
20260130_00:00:00   8.3107e-02   2.2594e+01   1.6554e+00   0.0000e+00   5.7865e-03   4.1223e+02
20260130_03:00:00   8.0587e-02   2.2060e+01   1.3992e+00   0.0000e+00   2.6152e-03   4.1170e+02
20260130_06:00:00   9.8768e-02   2.6457e+01   3.6221e+00   0.0000e+00   1.2183e-03   4.0423e+02
20260130_09:00:00   1.0393e-01   2.7509e+01   4.4461e+00   0.0000e+00   7.1860e-03   3.9762e+02
20260130_12:00:00   1.0574e-01   2.7882e+01   4.4964e+00   0.0000e+00   1.1055e-01   4.0137e+02
20260130_15:00:00   9.7622e-02   2.5853e+01   3.2699e+00   0.0000e+00   2.6098e-03   4.0755e+02
20260130_18:00:00   9.7177e-02   2.5692e+01   3.0580e+00   0.0000e+00   3.4288e-03   4.0649e+02
20260130_21:00:00   1.0014e-01   2.6279e+01   3.2133e+00   0.0000e+00   7.3519e-04   4.1469e+02
20260131_00:00:00   1.0524e-01   2.7349e+01   3.7098e+00   0.0000e+00   5.2541e-03   4.2387e+02
20260131_03:00:00   1.1166e-01   2.8813e+01   4.3835e+00   0.0000e+00   3.0025e-02   4.2399e+02
20260131_06:00:00   1.1031e-01   2.8412e+01   4.0986e+00   0.0000e+00   4.5188e-03   4.2524e+02
20260131_09:00:00   1.1252e-01   2.8897e+01   4.2985e+00   0.0000e+00   5.6997e-02   4.2522e+02
20260131_12:00:00   1.1504e-01   2.9450e+01   4.4443e+00   0.0000e+00   2.3229e-01   4.2256e+02
20260131_15:00:00   1.1532e-01   2.9501e+01   4.4127e+00   0.0000e+00   2.7467e-01   4.2616e+02
20260131_18:00:00   1.1534e-01   2.9500e+01   4.3945e+00   0.0000e+00   2.4915e-01   4.2517e+02
20260131_21:00:00   1.1669e-01   2.9844e+01   4.5653e+00   0.0000e+00   2.0684e-01   4.2649e+02
20260201_00:00:00   1.1829e-01   3.0283e+01   4.7935e+00   0.0000e+00   1.3949e-01   4.2331e+02
20260201_03:00:00   1.1600e-01   2.9821e+01   4.6847e+00   0.0000e+00   4.6114e-02   4.2196e+02
20260201_06:00:00   1.1510e-01   2.9672e+01   4.6563e+00   0.0000e+00   1.0014e-01   4.2321e+02
20260201_09:00:00   1.1375e-01   2.9352e+01   4.5298e+00   0.0000e+00   5.2677e-02   4.1903e+02
20260201_12:00:00   1.1447e-01   2.9546e+01   4.6636e+00   0.0000e+00   7.2496e-02   4.1307e+02
20260201_15:00:00   1.1272e-01   2.9150e+01   4.4686e+00   0.0000e+00   9.8440e-02   4.1483e+02
20260201_18:00:00   1.1037e-01   2.8612e+01   4.2704e+00   0.0000e+00   3.7008e-02   4.0695e+02
20260201_21:00:00   1.0912e-01   2.8343e+01   4.1500e+00   0.0000e+00   4.9364e-03   3.8789e+02
20260202_00:00:00   1.0772e-01   2.8055e+01   3.9834e+00   0.0000e+00   1.8182e-03   3.7902e+02
20260202_03:00:00   1.0549e-01   2.7579e+01   3.7241e+00   0.0000e+00   8.1178e-04   3.8402e+02
20260202_06:00:00   1.0376e-01   2.7219e+01   3.5339e+00   0.0000e+00   6.2558e-04   3.9116e+02
20260202_09:00:00   1.0096e-01   2.6613e+01   3.4017e+00   0.0000e+00   1.8995e-05   3.7941e+02
20260202_12:00:00   1.0184e-01   2.6824e+01   3.6503e+00   0.0000e+00   3.2513e-05   3.6506e+02
20260202_15:00:00   9.7551e-02   2.5891e+01   3.2874e+00   0.0000e+00   1.0102e-03   3.6501e+02
20260202_18:00:00   9.1949e-02   2.4666e+01   2.6441e+00   0.0000e+00   6.9428e-03   3.7243e+02
20260202_21:00:00   9.4027e-02   2.5129e+01   3.1355e+00   0.0000e+00   1.6743e-02   3.7914e+02
20260203_00:00:00   1.0066e-01   2.6644e+01   4.1057e+00   0.0000e+00   7.1142e-02   3.8529e+02
20260203_03:00:00   1.0348e-01   2.7292e+01   4.4095e+00   0.0000e+00   3.3369e-02   3.9172e+02
20260203_06:00:00   1.0334e-01   2.7282e+01   4.2735e+00   0.0000e+00   2.1411e-02   3.9946e+02
20260203_09:00:00   1.0862e-01   2.8481e+01   4.9353e+00   0.0000e+00   4.8965e-02   4.0581e+02
20260203_12:00:00   1.2538e-01   3.2395e+01   6.6896e+00   0.0000e+00   1.9576e-01   4.1609e+02
20260203_15:00:00   1.2848e-01   3.3158e+01   7.0417e+00   0.0000e+00   2.4259e-01   4.2177e+02
20260203_18:00:00   1.2986e-01   3.3524e+01   7.2777e+00   0.0000e+00   1.5863e-01   4.1447e+02
20260203_21:00:00   1.2612e-01   3.2754e+01   6.3861e+00   4.1966e-03   6.6615e-02   4.0522e+02
20260204_00:00:00   1.2189e-01   3.1768e+01   6.1415e+00   2.9588e-03   1.4294e-02   3.9765e+02
