#            date       tau255        Tb[K]      pwv[mm] lwp[kg*m^-2] iwp[kg*m^-2]       o3[DU]
20260427_06:00:00   8.8828e-02   2.3896e+01   2.2756e+00   0.0000e+00   3.5630e-05   4.2601e+02
20260427_07:00:00   8.9339e-02   2.4005e+01   2.3463e+00   0.0000e+00   2.1897e-05   4.2591e+02
20260427_08:00:00   8.9917e-02   2.4135e+01   2.4253e+00   0.0000e+00   1.8116e-05   4.2622e+02
20260427_09:00:00   9.0403e-02   2.4246e+01   2.4900e+00   0.0000e+00   1.6316e-05   4.2512e+02
20260427_10:00:00   9.0900e-02   2.4357e+01   2.5507e+00   0.0000e+00   1.6316e-05   4.2474e+02
20260427_11:00:00   9.1379e-02   2.4465e+01   2.6069e+00   0.0000e+00   8.5234e-06   4.2456e+02
20260427_12:00:00   9.1684e-02   2.4534e+01   2.6435e+00   0.0000e+00   1.5539e-05   4.2349e+02
20260427_13:00:00   9.1886e-02   2.4585e+01   2.6731e+00   0.0000e+00   1.5509e-05   4.2267e+02
20260427_14:00:00   9.2113e-02   2.4640e+01   2.7061e+00   0.0000e+00   2.4515e-05   4.2236e+02
20260427_15:00:00   9.2493e-02   2.4728e+01   2.7525e+00   0.0000e+00   2.4807e-05   4.2290e+02
20260427_16:00:00   9.2923e-02   2.4828e+01   2.8107e+00   0.0000e+00   3.5102e-05   4.2348e+02
20260427_17:00:00   9.3425e-02   2.4947e+01   2.8787e+00   0.0000e+00   2.7579e-05   4.2319e+02
20260427_18:00:00   9.3976e-02   2.5078e+01   2.9483e+00   0.0000e+00   3.5755e-05   4.2484e+02
20260427_19:00:00   9.4576e-02   2.5215e+01   3.0102e+00   0.0000e+00   2.9366e-05   4.2579e+02
20260427_20:00:00   9.4870e-02   2.5287e+01   3.0375e+00   0.0000e+00   1.4482e-05   4.2722e+02
20260427_21:00:00   9.4807e-02   2.5278e+01   3.0243e+00   0.0000e+00   1.0679e-05   4.2905e+02
20260427_22:00:00   9.4530e-02   2.5215e+01   2.9953e+00   0.0000e+00   1.0679e-05   4.2987e+02
20260427_23:00:00   9.4272e-02   2.5152e+01   2.9755e+00   0.0000e+00   9.0585e-06   4.3037e+02
20260428_00:00:00   9.4275e-02   2.5148e+01   2.9980e+00   0.0000e+00   9.7911e-06   4.3161e+02
20260428_01:00:00   9.4443e-02   2.5172e+01   3.0289e+00   0.0000e+00   1.5507e-05   4.3488e+02
20260428_02:00:00   9.4712e-02   2.5222e+01   3.0778e+00   0.0000e+00   2.4864e-05   4.3877e+02
20260428_03:00:00   9.5363e-02   2.5357e+01   3.1639e+00   0.0000e+00   8.8986e-05   4.4052e+02
20260428_04:00:00   9.6346e-02   2.5568e+01   3.2795e+00   0.0000e+00   2.0306e-04   4.3907e+02
20260428_05:00:00   9.7289e-02   2.5771e+01   3.3892e+00   0.0000e+00   1.3441e-04   4.3819e+02
20260428_06:00:00   9.8000e-02   2.5923e+01   3.4667e+00   0.0000e+00   4.7831e-04   4.3778e+02
20260428_07:00:00   9.8790e-02   2.6095e+01   3.5588e+00   0.0000e+00   1.9445e-03   4.3886e+02
20260428_08:00:00   9.9536e-02   2.6261e+01   3.6437e+00   0.0000e+00   4.5099e-03   4.4158e+02
20260428_09:00:00   1.0036e-01   2.6451e+01   3.7438e+00   0.0000e+00   5.1242e-03   4.4550e+02
20260428_10:00:00   1.0115e-01   2.6631e+01   3.8459e+00   0.0000e+00   4.7392e-03   4.5037e+02
20260428_11:00:00   1.0204e-01   2.6838e+01   3.9655e+00   0.0000e+00   3.1482e-03   4.5341e+02
20260428_12:00:00   1.0279e-01   2.7015e+01   4.0639e+00   0.0000e+00   2.7443e-03   4.5497e+02
20260428_13:00:00   1.0345e-01   2.7177e+01   4.1639e+00   0.0000e+00   1.7768e-03   4.5657e+02
20260428_14:00:00   1.0392e-01   2.7297e+01   4.2365e+00   0.0000e+00   3.6443e-04   4.5788e+02
20260428_15:00:00   1.0473e-01   2.7485e+01   4.3454e+00   0.0000e+00   8.6509e-04   4.5810e+02
20260428_16:00:00   1.0555e-01   2.7682e+01   4.4560e+00   0.0000e+00   3.0133e-03   4.5695e+02
20260428_17:00:00   1.0619e-01   2.7842e+01   4.5429e+00   0.0000e+00   4.8854e-03   4.5579e+02
20260428_18:00:00   1.0692e-01   2.8012e+01   4.6377e+00   0.0000e+00   7.5752e-03   4.5488e+02
20260428_19:00:00   1.0755e-01   2.8165e+01   4.7089e+00   0.0000e+00   1.2581e-02   4.5318e+02
20260428_20:00:00   1.0820e-01   2.8317e+01   4.7763e+00   0.0000e+00   1.7997e-02   4.5067e+02
20260428_21:00:00   1.0891e-01   2.8480e+01   4.8386e+00   0.0000e+00   2.8060e-02   4.4786e+02
20260428_22:00:00   1.0968e-01   2.8648e+01   4.8874e+00   0.0000e+00   5.4863e-02   4.4648e+02
20260428_23:00:00   1.1086e-01   2.8904e+01   4.9681e+00   0.0000e+00   8.6640e-02   4.4602e+02
20260429_00:00:00   1.1251e-01   2.9260e+01   5.0764e+00   0.0000e+00   1.2305e-01   4.4530e+02
20260429_01:00:00   1.1261e-01   2.9255e+01   5.0374e+00   0.0000e+00   1.1986e-01   4.4606e+02
20260429_02:00:00   1.1140e-01   2.8955e+01   4.8902e+00   0.0000e+00   7.6099e-02   4.4742e+02
20260429_03:00:00   1.1013e-01   2.8640e+01   4.7235e+00   0.0000e+00   6.4834e-02   4.4810e+02
20260429_04:00:00   1.0976e-01   2.8537e+01   4.6457e+00   0.0000e+00   8.0017e-02   4.4839e+02
20260429_05:00:00   1.0925e-01   2.8413e+01   4.5684e+00   0.0000e+00   9.0012e-02   4.4949e+02
20260429_06:00:00   1.0893e-01   2.8332e+01   4.5131e+00   0.0000e+00   9.8943e-02   4.5316e+02
20260429_07:00:00   1.0879e-01   2.8297e+01   4.4792e+00   0.0000e+00   1.0368e-01   4.5576e+02
20260429_08:00:00   1.0865e-01   2.8257e+01   4.4341e+00   0.0000e+00   1.0971e-01   4.5558e+02
20260429_09:00:00   1.0858e-01   2.8240e+01   4.4115e+00   0.0000e+00   1.0597e-01   4.5398e+02
20260429_10:00:00   1.0851e-01   2.8226e+01   4.3872e+00   0.0000e+00   1.0610e-01   4.5161e+02
20260429_11:00:00   1.0805e-01   2.8130e+01   4.3117e+00   0.0000e+00   9.2933e-02   4.4760e+02
20260429_12:00:00   1.0802e-01   2.8125e+01   4.2994e+00   0.0000e+00   8.8365e-02   4.4318e+02
20260429_13:00:00   1.0788e-01   2.8096e+01   4.2824e+00   0.0000e+00   8.0644e-02   4.4368e+02
20260429_14:00:00   1.0803e-01   2.8134e+01   4.2931e+00   0.0000e+00   8.4445e-02   4.4486e+02
20260429_15:00:00   1.0820e-01   2.8175e+01   4.3044e+00   0.0000e+00   8.7154e-02   4.4475e+02
20260429_16:00:00   1.0846e-01   2.8238e+01   4.3314e+00   0.0000e+00   8.9038e-02   4.4281e+02
20260429_17:00:00   1.0873e-01   2.8306e+01   4.3628e+00   0.0000e+00   8.7228e-02   4.4215e+02
20260429_18:00:00   1.0898e-01   2.8365e+01   4.3823e+00   0.0000e+00   9.7009e-02   4.4219e+02
20260429_19:00:00   1.0927e-01   2.8436e+01   4.4109e+00   0.0000e+00   1.0022e-01   4.4275e+02
20260429_20:00:00   1.0960e-01   2.8512e+01   4.4347e+00   0.0000e+00   1.0243e-01   4.4357e+02
20260429_21:00:00   1.0977e-01   2.8557e+01   4.4533e+00   0.0000e+00   1.0043e-01   4.4390e+02
20260429_22:00:00   1.0989e-01   2.8589e+01   4.4607e+00   0.0000e+00   1.1079e-01   4.4350e+02
20260429_23:00:00   1.0992e-01   2.8597e+01   4.4600e+00   0.0000e+00   1.1397e-01   4.4228e+02
20260430_00:00:00   1.0998e-01   2.8613e+01   4.4630e+00   0.0000e+00   1.1514e-01   4.4045e+02
20260430_01:00:00   1.1005e-01   2.8629e+01   4.4666e+00   0.0000e+00   1.1859e-01   4.3973e+02
20260430_02:00:00   1.1001e-01   2.8616e+01   4.4535e+00   0.0000e+00   1.2537e-01   4.4076e+02
20260430_03:00:00   1.0998e-01   2.8606e+01   4.4413e+00   0.0000e+00   1.3467e-01   4.4195e+02
20260430_04:00:00   1.1003e-01   2.8618e+01   4.4467e+00   0.0000e+00   1.3830e-01   4.4282e+02
20260430_05:00:00   1.1016e-01   2.8648e+01   4.4526e+00   0.0000e+00   1.4960e-01   4.4402e+02
20260430_06:00:00   1.1037e-01   2.8701e+01   4.4738e+00   0.0000e+00   1.6322e-01   4.4488e+02
20260430_07:00:00   1.1038e-01   2.8708e+01   4.4823e+00   0.0000e+00   1.5961e-01   4.4608e+02
20260430_08:00:00   1.1055e-01   2.8748e+01   4.4926e+00   0.0000e+00   1.7139e-01   4.4642e+02
20260430_09:00:00   1.1080e-01   2.8806e+01   4.5141e+00   0.0000e+00   1.7964e-01   4.4595e+02
20260430_10:00:00   1.1106e-01   2.8872e+01   4.5469e+00   0.0000e+00   1.8347e-01   4.4616e+02
20260430_11:00:00   1.1125e-01   2.8916e+01   4.5626e+00   0.0000e+00   1.9100e-01   4.4653e+02
20260430_12:00:00   1.1151e-01   2.8980e+01   4.5949e+00   0.0000e+00   1.8844e-01   4.4836e+02
20260430_13:00:00   1.1183e-01   2.9056e+01   4.6306e+00   0.0000e+00   1.9611e-01   4.5178e+02
20260430_14:00:00   1.1221e-01   2.9150e+01   4.6766e+00   0.0000e+00   2.0425e-01   4.5567e+02
20260430_15:00:00   1.1258e-01   2.9242e+01   4.7201e+00   0.0000e+00   2.0624e-01   4.5886e+02
20260430_16:00:00   1.1294e-01   2.9334e+01   4.7663e+00   0.0000e+00   2.0742e-01   4.6139e+02
20260430_17:00:00   1.1321e-01   2.9406e+01   4.8144e+00   0.0000e+00   1.8851e-01   4.6217e+02
20260430_18:00:00   1.1353e-01   2.9489e+01   4.8645e+00   0.0000e+00   1.6964e-01   4.6227e+02
20260430_19:00:00   1.1374e-01   2.9547e+01   4.9059e+00   0.0000e+00   1.4133e-01   4.6279e+02
20260430_20:00:00   1.1398e-01   2.9604e+01   4.9327e+00   0.0000e+00   1.3135e-01   4.6275e+02
20260430_21:00:00   1.1411e-01   2.9642e+01   4.9595e+00   0.0000e+00   1.0714e-01   4.6173e+02
20260430_22:00:00   1.1414e-01   2.9648e+01   4.9544e+00   0.0000e+00   1.0868e-01   4.6051e+02
20260430_23:00:00   1.1416e-01   2.9652e+01   4.9511e+00   0.0000e+00   1.0153e-01   4.5802e+02
20260501_00:00:00   1.1398e-01   2.9607e+01   4.9281e+00   0.0000e+00   9.1031e-02   4.5521e+02
20260501_01:00:00   1.1367e-01   2.9529e+01   4.8879e+00   0.0000e+00   8.4536e-02   4.5416e+02
20260501_02:00:00   1.1336e-01   2.9450e+01   4.8498e+00   0.0000e+00   8.3888e-02   4.5486e+02
20260501_03:00:00   1.1298e-01   2.9358e+01   4.8018e+00   0.0000e+00   8.0178e-02   4.5475e+02
20260501_04:00:00   1.1265e-01   2.9271e+01   4.7435e+00   0.0000e+00   9.0929e-02   4.5414e+02
20260501_05:00:00   1.1223e-01   2.9169e+01   4.6840e+00   0.0000e+00   9.1780e-02   4.5421e+02
20260501_06:00:00   1.1185e-01   2.9079e+01   4.6215e+00   0.0000e+00   8.2232e-02   4.5379e+02
20260501_07:00:00   1.1138e-01   2.8967e+01   4.5466e+00   0.0000e+00   7.3829e-02   4.5347e+02
20260501_08:00:00   1.1099e-01   2.8879e+01   4.4839e+00   0.0000e+00   5.5802e-02   4.5169e+02
20260501_09:00:00   1.1072e-01   2.8815e+01   4.4279e+00   0.0000e+00   4.6651e-02   4.4861e+02
20260501_10:00:00   1.1043e-01   2.8743e+01   4.3796e+00   0.0000e+00   3.4303e-02   4.4684e+02
20260501_11:00:00   1.1009e-01   2.8667e+01   4.3307e+00   0.0000e+00   2.1095e-02   4.4525e+02
20260501_12:00:00   1.0991e-01   2.8623e+01   4.2945e+00   0.0000e+00   1.7005e-02   4.4326e+02
20260501_13:00:00   1.1023e-01   2.8694e+01   4.2391e+00   8.4490e-04   1.2371e-02   4.4291e+02
20260501_14:00:00   1.1072e-01   2.8792e+01   4.1527e+00   2.1150e-03   1.1039e-02   4.4498e+02
20260501_15:00:00   1.1278e-01   2.9252e+01   4.0788e+00   5.0291e-03   1.3208e-02   4.5066e+02
20260501_16:00:00   1.1183e-01   2.9028e+01   4.0311e+00   4.2890e-03   1.6393e-02   4.5559e+02
20260501_17:00:00   1.0926e-01   2.8436e+01   3.9396e+00   1.9852e-03   2.1662e-02   4.5775e+02
20260501_18:00:00   1.1011e-01   2.8622e+01   3.9085e+00   2.9933e-03   2.6521e-02   4.5913e+02
20260501_19:00:00   1.1044e-01   2.8696e+01   3.8634e+00   3.6157e-03   2.3368e-02   4.6043e+02
20260501_20:00:00   1.0967e-01   2.8512e+01   3.8105e+00   3.0759e-03   1.8079e-02   4.6068e+02
20260501_21:00:00   1.0692e-01   2.7888e+01   3.7624e+00   2.0499e-04   1.2612e-02   4.5965e+02
20260501_22:00:00   1.0718e-01   2.7939e+01   3.7696e+00   8.2411e-05   1.3572e-02   4.5699e+02
20260501_23:00:00   1.0743e-01   2.7992e+01   3.7564e+00   2.0920e-04   1.4019e-02   4.5668e+02
20260502_00:00:00   1.0693e-01   2.7871e+01   3.6989e+00   8.5460e-05   1.0303e-02   4.5817e+02
20260502_01:00:00   1.0631e-01   2.7710e+01   3.6251e+00   0.0000e+00   1.0013e-02   4.6215e+02
20260502_02:00:00   1.0556e-01   2.7518e+01   3.5343e+00   0.0000e+00   8.4005e-03   4.6222e+02
20260502_03:00:00   1.0504e-01   2.7384e+01   3.4754e+00   0.0000e+00   6.7186e-03   4.6079e+02
20260502_04:00:00   1.0471e-01   2.7292e+01   3.4376e+00   0.0000e+00   4.2091e-03   4.5645e+02
20260502_05:00:00   1.0397e-01   2.7110e+01   3.3582e+00   1.1226e-05   3.1508e-03   4.5472e+02
20260502_06:00:00   1.0354e-01   2.6993e+01   3.3086e+00   0.0000e+00   5.0223e-03   4.5418e+02
20260502_09:00:00   1.0330e-01   2.6926e+01   3.2645e+00   0.0000e+00   1.5336e-02   4.5495e+02
20260502_12:00:00   1.0503e-01   2.7328e+01   3.4127e+00   0.0000e+00   2.2837e-02   4.5807e+02
20260502_15:00:00   1.0568e-01   2.7502e+01   3.4494e+00   0.0000e+00   3.2189e-03   4.5923e+02
20260502_18:00:00   1.0468e-01   2.7324e+01   3.3090e+00   0.0000e+00   6.1390e-04   4.5664e+02
20260502_21:00:00   1.0411e-01   2.7225e+01   3.2319e+00   0.0000e+00   2.6628e-04   4.5105e+02
20260503_00:00:00   1.0327e-01   2.7032e+01   3.1516e+00   0.0000e+00   1.6705e-04   4.4844e+02
20260503_03:00:00   1.0262e-01   2.6870e+01   3.0710e+00   0.0000e+00   4.4159e-05   4.4904e+02
20260503_06:00:00   1.0165e-01   2.6658e+01   2.9627e+00   0.0000e+00   1.0650e-04   4.4376e+02
20260503_09:00:00   1.0025e-01   2.6372e+01   2.8385e+00   0.0000e+00   9.5081e-06   4.4259e+02
20260503_12:00:00   9.9356e-02   2.6214e+01   2.7724e+00   0.0000e+00   5.0506e-06   4.3683e+02
20260503_15:00:00   9.8335e-02   2.6029e+01   2.7076e+00   0.0000e+00   9.7860e-07   4.3706e+02
20260503_18:00:00   9.6919e-02   2.5753e+01   2.6058e+00   0.0000e+00   0.0000e+00   4.3921e+02
20260503_21:00:00   9.5816e-02   2.5538e+01   2.5617e+00   0.0000e+00   6.2000e-05   4.2942e+02
20260504_00:00:00   9.4607e-02   2.5246e+01   2.5436e+00   0.0000e+00   2.2942e-03   4.3059e+02
20260504_03:00:00   9.5463e-02   2.5428e+01   2.7543e+00   0.0000e+00   1.9498e-02   4.2452e+02
20260504_06:00:00   9.9002e-02   2.6229e+01   3.2658e+00   0.0000e+00   4.2830e-02   4.2005e+02
20260504_09:00:00   1.0222e-01   2.6975e+01   3.6705e+00   0.0000e+00   4.8327e-02   4.2674e+02
20260504_12:00:00   1.0399e-01   2.7385e+01   3.8968e+00   0.0000e+00   4.1299e-02   4.2715e+02
20260504_15:00:00   1.0391e-01   2.7388e+01   3.9499e+00   0.0000e+00   1.7732e-02   4.2889e+02
20260504_18:00:00   1.0401e-01   2.7435e+01   4.0143e+00   0.0000e+00   1.6826e-02   4.2614e+02
20260504_21:00:00   1.0451e-01   2.7589e+01   4.1282e+00   0.0000e+00   1.2255e-02   4.1957e+02
20260505_00:00:00   1.0415e-01   2.7519e+01   4.1193e+00   0.0000e+00   1.6125e-03   4.0690e+02
20260505_03:00:00   1.0393e-01   2.7472e+01   4.0993e+00   0.0000e+00   7.6499e-05   4.0366e+02
20260505_06:00:00   1.0400e-01   2.7506e+01   4.1444e+00   0.0000e+00   5.1558e-05   4.1050e+02
20260505_09:00:00   1.0415e-01   2.7562e+01   4.2038e+00   0.0000e+00   4.4298e-05   4.2190e+02
20260505_12:00:00   1.0439e-01   2.7648e+01   4.2315e+00   0.0000e+00   1.3151e-04   4.2014e+02
20260505_15:00:00   1.0464e-01   2.7744e+01   4.3126e+00   0.0000e+00   4.1114e-05   4.1708e+02
20260505_18:00:00   1.0535e-01   2.7939e+01   4.4385e+00   0.0000e+00   4.1601e-05   4.1325e+02
20260505_21:00:00   1.0490e-01   2.7852e+01   4.4234e+00   0.0000e+00   4.0948e-04   4.0817e+02
20260506_00:00:00   1.0354e-01   2.7541e+01   4.2917e+00   0.0000e+00   3.2982e-04   4.0188e+02
20260506_03:00:00   1.0146e-01   2.7071e+01   4.0876e+00   0.0000e+00   4.4386e-04   4.0129e+02
20260506_06:00:00   9.9396e-02   2.6595e+01   3.8819e+00   0.0000e+00   1.7656e-03   4.0842e+02
20260506_09:00:00   9.7957e-02   2.6267e+01   3.7353e+00   0.0000e+00   6.9531e-04   4.0626e+02
20260506_12:00:00   9.7751e-02   2.6232e+01   3.7336e+00   0.0000e+00   1.0613e-03   4.0688e+02
20260506_15:00:00   9.7962e-02   2.6290e+01   3.7927e+00   0.0000e+00   3.1189e-03   4.1510e+02
20260506_18:00:00   9.9100e-02   2.6555e+01   3.9382e+00   0.0000e+00   3.6242e-03   4.2205e+02
20260506_21:00:00   9.9566e-02   2.6660e+01   3.9401e+00   0.0000e+00   2.1388e-03   4.2215e+02
20260507_00:00:00   9.8845e-02   2.6469e+01   3.8504e+00   0.0000e+00   4.0790e-04   4.2126e+02
20260507_03:00:00   9.8412e-02   2.6346e+01   3.7947e+00   0.0000e+00   1.3319e-03   4.2370e+02
20260507_06:00:00   9.7350e-02   2.6087e+01   3.6702e+00   0.0000e+00   5.6345e-04   4.2649e+02
20260507_09:00:00   9.6188e-02   2.5835e+01   3.5192e+00   0.0000e+00   6.0700e-06   4.2908e+02
20260507_12:00:00   9.8611e-02   2.6435e+01   3.8741e+00   0.0000e+00   4.3704e-06   4.2982e+02
20260507_15:00:00   9.8817e-02   2.6536e+01   3.9646e+00   0.0000e+00   0.0000e+00   4.2888e+02
20260507_18:00:00   9.7762e-02   2.6353e+01   3.8908e+00   0.0000e+00   7.3080e-06   4.3225e+02
20260507_21:00:00   9.6216e-02   2.6071e+01   3.7096e+00   0.0000e+00   7.0160e-06   4.3690e+02
20260508_00:00:00   9.6026e-02   2.6092e+01   3.6886e+00   0.0000e+00   0.0000e+00   4.4366e+02
20260508_03:00:00   9.7803e-02   2.6502e+01   3.9863e+00   0.0000e+00   1.1740e-03   4.4532e+02
20260508_06:00:00   9.7650e-02   2.6459e+01   3.9650e+00   0.0000e+00   1.6904e-04   4.4838e+02
20260508_09:00:00   9.5768e-02   2.6030e+01   3.6513e+00   0.0000e+00   0.0000e+00   4.5448e+02
20260508_12:00:00   9.5112e-02   2.5896e+01   3.5117e+00   0.0000e+00   0.0000e+00   4.5683e+02
20260508_15:00:00   9.8526e-02   2.6688e+01   4.0031e+00   0.0000e+00   0.0000e+00   4.5440e+02
20260508_18:00:00   1.0711e-01   2.8635e+01   5.1584e+00   0.0000e+00   0.0000e+00   4.4930e+02
20260508_21:00:00   1.1831e-01   3.1183e+01   6.5700e+00   0.0000e+00   6.8445e-03   4.4619e+02
20260509_00:00:00   1.1395e-01   3.0142e+01   6.0570e+00   0.0000e+00   1.4604e-03   4.4389e+02
20260509_03:00:00   1.1019e-01   2.9227e+01   5.5473e+00   0.0000e+00   3.3248e-03   4.4191e+02
20260509_06:00:00   1.0529e-01   2.8090e+01   4.9031e+00   0.0000e+00   2.4304e-03   4.4118e+02
20260509_09:00:00   1.0556e-01   2.8172e+01   4.9104e+00   0.0000e+00   4.0439e-04   4.4754e+02
20260509_12:00:00   1.0404e-01   2.7879e+01   4.6455e+00   0.0000e+00   0.0000e+00   4.5601e+02
20260509_15:00:00   1.0117e-01   2.7231e+01   4.2897e+00   0.0000e+00   0.0000e+00   4.5798e+02
20260509_18:00:00   1.0089e-01   2.7168e+01   4.3024e+00   0.0000e+00   0.0000e+00   4.5755e+02
20260509_21:00:00   1.0132e-01   2.7259e+01   4.4076e+00   0.0000e+00   0.0000e+00   4.5383e+02
20260510_00:00:00   1.0182e-01   2.7349e+01   4.4823e+00   0.0000e+00   0.0000e+00   4.4934e+02
20260510_03:00:00   1.0291e-01   2.7552e+01   4.5509e+00   0.0000e+00   0.0000e+00   4.4942e+02
20260510_06:00:00   1.0524e-01   2.7993e+01   4.7091e+00   0.0000e+00   6.9896e-06   4.4910e+02
20260510_09:00:00   1.0559e-01   2.8015e+01   4.7093e+00   0.0000e+00   8.1112e-06   4.4739e+02
20260510_12:00:00   1.0580e-01   2.8033e+01   4.6994e+00   0.0000e+00   8.4946e-06   4.4533e+02
20260510_15:00:00   1.0518e-01   2.7877e+01   4.6068e+00   0.0000e+00   9.3810e-05   4.4263e+02
20260510_18:00:00   1.0591e-01   2.8037e+01   4.6547e+00   0.0000e+00   1.6481e-05   4.4129e+02
20260510_21:00:00   1.0985e-01   2.8928e+01   5.0585e+00   0.0000e+00   9.2638e-04   4.3849e+02
20260511_00:00:00   1.1223e-01   2.9430e+01   5.2826e+00   0.0000e+00   5.0425e-03   4.3522e+02
20260511_03:00:00   1.1101e-01   2.9118e+01   5.1338e+00   0.0000e+00   5.7584e-03   4.3346e+02
20260511_06:00:00   1.1025e-01   2.8921e+01   5.0205e+00   0.0000e+00   3.8916e-03   4.3393e+02
20260511_09:00:00   1.1020e-01   2.8917e+01   4.9920e+00   0.0000e+00   5.6607e-03   4.3433e+02
20260511_12:00:00   1.1136e-01   2.9221e+01   5.1282e+00   0.0000e+00   3.1304e-03   4.3366e+02
20260511_15:00:00   1.1434e-01   2.9939e+01   5.4548e+00   2.1391e-04   1.7239e-03   4.3605e+02
20260511_18:00:00   1.1634e-01   3.0434e+01   5.7212e+00   0.0000e+00   4.3342e-03   4.3914e+02
20260511_21:00:00   1.1803e-01   3.0836e+01   5.9180e+00   0.0000e+00   4.5226e-03   4.3962e+02
20260512_00:00:00   1.1709e-01   3.0635e+01   5.8440e+00   0.0000e+00   1.3594e-03   4.3706e+02
20260512_03:00:00   1.1475e-01   3.0107e+01   5.6362e+00   0.0000e+00   6.3421e-05   4.3784e+02
20260512_06:00:00   1.1177e-01   2.9437e+01   5.3646e+00   0.0000e+00   1.3004e-04   4.4429e+02
20260512_09:00:00   1.1049e-01   2.9136e+01   5.2659e+00   0.0000e+00   4.0668e-03   4.4154e+02
20260512_12:00:00   1.1054e-01   2.9147e+01   5.2730e+00   0.0000e+00   1.9860e-03   4.3839e+02
20260512_15:00:00   1.1349e-01   2.9831e+01   5.5338e+00   0.0000e+00   3.4336e-03   4.3665e+02
20260512_18:00:00   1.1486e-01   3.0164e+01   5.6119e+00   0.0000e+00   9.4021e-04   4.3837e+02
20260512_21:00:00   1.1488e-01   3.0189e+01   5.5507e+00   0.0000e+00   1.3712e-04   4.3762e+02
20260513_00:00:00   1.1312e-01   2.9778e+01   5.3168e+00   0.0000e+00   2.3789e-05   4.3480e+02
20260513_03:00:00   1.1277e-01   2.9646e+01   5.2325e+00   0.0000e+00   5.0737e-04   4.3154e+02
20260513_06:00:00   1.1456e-01   3.0001e+01   5.3695e+00   0.0000e+00   6.7144e-03   4.1970e+02
