#            date       tau255        Tb[K]      pwv[mm] lwp[kg*m^-2] iwp[kg*m^-2]       o3[DU]
20260704_18:00:00   6.6652e-01   1.3356e+02   2.0856e+01   4.9834e-01   6.0961e-02   3.3910e+02
20260704_19:00:00   4.5903e-01   1.0170e+02   1.9187e+01   2.7586e-01   3.6084e-02   3.3924e+02
20260704_20:00:00   3.2349e-01   7.7011e+01   1.8941e+01   1.2657e-01   2.7484e-02   3.3901e+02
20260704_21:00:00   2.6740e-01   6.5723e+01   1.9159e+01   6.4645e-02   1.2496e-02   3.4040e+02
20260704_22:00:00   2.5670e-01   6.3520e+01   1.8151e+01   6.4394e-02   2.8389e-03   3.3958e+02
20260704_23:00:00   3.2911e-01   7.7958e+01   1.9993e+01   1.2988e-01   3.5441e-02   3.3542e+02
20260705_00:00:00   2.6648e-01   6.5488e+01   2.0261e+01   5.8433e-02   2.1242e-02   3.3414e+02
20260705_01:00:00   2.8755e-01   6.9834e+01   2.0243e+01   8.0933e-02   2.3562e-02   3.3298e+02
20260705_02:00:00   2.9990e-01   7.2353e+01   1.9855e+01   9.7268e-02   1.1804e-02   3.2977e+02
20260705_03:00:00   3.6376e-01   8.4725e+01   1.9840e+01   1.6880e-01   2.8382e-02   3.2833e+02
20260705_04:00:00   3.9439e-01   9.0514e+01   1.9928e+01   2.0324e-01   3.7725e-02   3.2845e+02
20260705_05:00:00   2.1740e-01   5.5158e+01   1.9278e+01   8.6156e-03   7.8601e-04   3.2873e+02
20260705_06:00:00   7.3098e-01   1.4254e+02   2.0668e+01   5.7411e-01   2.5556e-01   3.2835e+02
20260705_07:00:00   4.1191e-01   9.3763e+01   2.0638e+01   2.1325e-01   6.5337e-02   3.3108e+02
20260705_08:00:00   4.8383e-01   1.0584e+02   2.0494e+01   2.9569e-01   2.1918e-02   3.3176e+02
20260705_09:00:00   4.4836e-01   9.9734e+01   2.0544e+01   2.5632e-01   6.2753e-02   3.3225e+02
20260705_10:00:00   2.7974e-01   6.8333e+01   2.0409e+01   6.8256e-02   3.3713e-02   3.3341e+02
20260705_11:00:00   2.5853e-01   6.4085e+01   2.0429e+01   4.3098e-02   4.5863e-03   3.3183e+02
20260705_12:00:00   2.2803e-01   5.7572e+01   2.1053e+01   4.1841e-03   3.1216e-03   3.3120e+02
20260705_13:00:00   2.3989e-01   6.0114e+01   2.1737e+01   1.1491e-02   1.4127e-02   3.2918e+02
20260705_14:00:00   3.2277e-01   7.6968e+01   2.1217e+01   1.1005e-01   1.4124e-02   3.2884e+02
20260705_15:00:00   2.2160e-01   5.6180e+01   2.0217e+01   6.9742e-03   2.0090e-02   3.2903e+02
20260705_16:00:00   2.0515e-01   5.2649e+01   1.9030e+01   0.0000e+00   5.2172e-04   3.3141e+02
20260705_17:00:00   2.5447e-01   6.3303e+01   1.9857e+01   4.5023e-02   9.5938e-03   3.3072e+02
20260705_18:00:00   3.1622e-01   7.5851e+01   1.9688e+01   1.1448e-01   6.3230e-03   3.3386e+02
20260705_19:00:00   2.3182e-01   5.8581e+01   1.8546e+01   2.8077e-02   2.3798e-03   3.3394e+02
20260705_20:00:00   2.3592e-01   5.9447e+01   1.8604e+01   3.2408e-02   5.6462e-03   3.3271e+02
20260705_21:00:00   3.4121e-01   8.0500e+01   1.8675e+01   1.5014e-01   2.4008e-02   3.3273e+02
20260705_22:00:00   2.2644e-01   5.7386e+01   1.8264e+01   2.6737e-02   3.5175e-03   3.3218e+02
20260705_23:00:00   3.1967e-01   7.6416e+01   2.0300e+01   1.1652e-01   2.8755e-02   3.3049e+02
20260706_00:00:00   2.9753e-01   7.2192e+01   2.1134e+01   8.4437e-02   9.0428e-02   3.3011e+02
20260706_01:00:00   4.4738e-01   9.9580e+01   2.0102e+01   2.6421e-01   8.0768e-02   3.2949e+02
20260706_02:00:00   3.2095e-01   7.6537e+01   2.0491e+01   1.1922e-01   7.4754e-02   3.2886e+02
20260706_03:00:00   5.0378e-01   1.0955e+02   2.1951e+01   3.1057e-01   2.7720e-01   3.2774e+02
20260706_04:00:00   6.6460e-01   1.3391e+02   2.2654e+01   4.8233e-01   3.7680e-01   3.2928e+02
20260706_05:00:00   6.4948e-01   1.3201e+02   2.3030e+01   4.6230e-01   2.6088e-01   3.2933e+02
20260706_06:00:00   8.4505e-01   1.5706e+02   2.3899e+01   6.7203e-01   5.2744e-01   3.2784e+02
20260706_07:00:00   9.9299e-01   1.7307e+02   2.3593e+01   8.4170e-01   6.4875e-01   3.2560e+02
20260706_08:00:00   9.3883e-01   1.6709e+02   2.3000e+01   7.8622e-01   5.5304e-01   3.2411e+02
20260706_09:00:00   5.9635e-01   1.2391e+02   2.1613e+01   4.1632e-01   5.1595e-01   3.2552e+02
20260706_10:00:00   5.2219e-01   1.1238e+02   2.1378e+01   3.3353e-01   7.6224e-01   3.2691e+02
20260706_11:00:00   4.8184e-01   1.0592e+02   2.0999e+01   2.9177e-01   1.4330e-01   3.3125e+02
20260706_12:00:00   5.1165e-01   1.1101e+02   2.0863e+01   3.2611e-01   1.8398e-01   3.3105e+02
20260706_13:00:00   4.7762e-01   1.0524e+02   1.9991e+01   2.9382e-01   5.4173e-02   3.3213e+02
20260706_14:00:00   4.3954e-01   9.9129e+01   1.9132e+01   2.5870e-01   8.1414e-02   3.3267e+02
20260706_15:00:00   7.1663e-01   1.4144e+02   2.0407e+01   5.6010e-01   3.0321e-01   3.3071e+02
20260706_16:00:00   5.0647e-01   1.1046e+02   2.0089e+01   3.2357e-01   1.2718e-01   3.3150e+02
20260706_17:00:00   3.4752e-01   8.2076e+01   1.7473e+01   1.6442e-01   6.7659e-03   3.3299e+02
20260706_18:00:00   1.9432e-01   5.0176e+01   1.6405e+01   2.6316e-03   3.0860e-02   3.3502e+02
20260706_19:00:00   1.9564e-01   5.0551e+01   1.5293e+01   1.3202e-02   1.7459e-04   3.3898e+02
20260706_20:00:00   2.2472e-01   5.6921e+01   1.5862e+01   3.8706e-02   0.0000e+00   3.4469e+02
20260706_21:00:00   3.2992e-01   7.8410e+01   1.6795e+01   1.5022e-01   2.7046e-03   3.4440e+02
20260706_22:00:00   4.4252e-01   9.9055e+01   1.7070e+01   2.7546e-01   7.9073e-02   3.4362e+02
20260706_23:00:00   5.3289e-01   1.1404e+02   1.6887e+01   3.7871e-01   3.1329e-02   3.4434e+02
20260707_00:00:00   4.7653e-01   1.0487e+02   1.7064e+01   3.1360e-01   5.1446e-02   3.4345e+02
20260707_01:00:00   4.3876e-01   9.8270e+01   1.7657e+01   2.6428e-01   1.3893e-01   3.4222e+02
20260707_02:00:00   3.9055e-01   8.9664e+01   1.5473e+01   2.2919e-01   1.1756e-03   3.4186e+02
20260707_03:00:00   4.2379e-01   9.5519e+01   1.4828e+01   2.7209e-01   5.8054e-04   3.4252e+02
20260707_04:00:00   3.8715e-01   8.8890e+01   1.3912e+01   2.3957e-01   6.7649e-04   3.4264e+02
20260707_05:00:00   3.3746e-01   7.9541e+01   1.3508e+01   1.8759e-01   6.3681e-04   3.4307e+02
20260707_06:00:00   2.8631e-01   6.9418e+01   1.2757e+01   1.3586e-01   4.9186e-04   3.4429e+02
20260707_07:00:00   2.6103e-01   6.4213e+01   1.2490e+01   1.0901e-01   4.3078e-04   3.4338e+02
20260707_08:00:00   1.8248e-01   4.7271e+01   1.2264e+01   2.2483e-02   1.8515e-04   3.4262e+02
20260707_09:00:00   1.8655e-01   4.8207e+01   1.2277e+01   2.7624e-02   1.2049e-04   3.4233e+02
20260707_10:00:00   1.9078e-01   4.9145e+01   1.2539e+01   3.0443e-02   9.9486e-05   3.4280e+02
20260707_11:00:00   1.8225e-01   4.7222e+01   1.2765e+01   1.9430e-02   4.9445e-05   3.4199e+02
20260707_12:00:00   1.7881e-01   4.6439e+01   1.2883e+01   1.4695e-02   5.0912e-05   3.4091e+02
20260707_13:00:00   1.9045e-01   4.9067e+01   1.3070e+01   2.6689e-02   3.8604e-05   3.4050e+02
20260707_14:00:00   2.0087e-01   5.1373e+01   1.3446e+01   3.5666e-02   2.5158e-05   3.3952e+02
20260707_15:00:00   2.3382e-01   5.8553e+01   1.3818e+01   6.9286e-02   4.0988e-05   3.3840e+02
20260707_16:00:00   2.6288e-01   6.4706e+01   1.3854e+01   1.0134e-01   5.7105e-05   3.3938e+02
20260707_17:00:00   2.7105e-01   6.6389e+01   1.3866e+01   1.1022e-01   6.8505e-05   3.4080e+02
20260707_18:00:00   2.6369e-01   6.4872e+01   1.3674e+01   1.0338e-01   7.1769e-05   3.4191e+02
20260707_19:00:00   2.5202e-01   6.2457e+01   1.3318e+01   9.3005e-02   6.1861e-05   3.4229e+02
20260707_20:00:00   2.4442e-01   6.0875e+01   1.3004e+01   8.7597e-02   6.5879e-05   3.4233e+02
20260707_21:00:00   2.6817e-01   6.5870e+01   1.2838e+01   1.1596e-01   9.6130e-05   3.4276e+02
20260707_22:00:00   3.0429e-01   7.3143e+01   1.2599e+01   1.5880e-01   1.1498e-04   3.4237e+02
20260707_23:00:00   2.9704e-01   7.1647e+01   1.2544e+01   1.5156e-01   1.4238e-04   3.4294e+02
20260708_00:00:00   2.9939e-01   7.2053e+01   1.2926e+01   1.5084e-01   1.9964e-04   3.4340e+02
20260708_01:00:00   3.3386e-01   7.8662e+01   1.3300e+01   1.8537e-01   4.0756e-04   3.4414e+02
20260708_02:00:00   3.0168e-01   7.2257e+01   1.3215e+01   1.4997e-01   5.4638e-04   3.4462e+02
20260708_03:00:00   2.6512e-01   6.4731e+01   1.3354e+01   1.0709e-01   7.0562e-04   3.4360e+02
20260708_04:00:00   2.6901e-01   6.5492e+01   1.4125e+01   1.0294e-01   1.0620e-03   3.4261e+02
20260708_05:00:00   3.1468e-01   7.4618e+01   1.4274e+01   1.5262e-01   2.3577e-03   3.4173e+02
20260708_06:00:00   2.7854e-01   6.7395e+01   1.4193e+01   1.1247e-01   1.2240e-02   3.4155e+02
20260708_07:00:00   2.2789e-01   5.6852e+01   1.4251e+01   5.4122e-02   1.6821e-01   3.4295e+02
20260708_08:00:00   2.8690e-01   6.9217e+01   1.4377e+01   1.1874e-01   2.9569e-01   3.4438e+02
20260708_09:00:00   3.3045e-01   7.7886e+01   1.4342e+01   1.6833e-01   2.9095e-01   3.4553e+02
20260708_10:00:00   3.7978e-01   8.7289e+01   1.3885e+01   2.2795e-01   2.9890e-01   3.4651e+02
20260708_11:00:00   4.0905e-01   9.2647e+01   1.3319e+01   2.6630e-01   2.6598e-01   3.4622e+02
20260708_12:00:00   4.1590e-01   9.3816e+01   1.2517e+01   2.8048e-01   1.7512e-01   3.4680e+02
20260708_13:00:00   4.6069e-01   1.0154e+02   1.1943e+01   3.3613e-01   1.0905e-01   3.4788e+02
20260708_14:00:00   4.3392e-01   9.6835e+01   1.1355e+01   3.1150e-01   6.2310e-02   3.4972e+02
20260708_15:00:00   2.8447e-01   6.8605e+01   1.0510e+01   1.5105e-01   6.1058e-03   3.5207e+02
20260708_16:00:00   1.8624e-01   4.7631e+01   9.5364e+00   5.0283e-02   7.6511e-04   3.5281e+02
20260708_17:00:00   1.4735e-01   3.8716e+01   8.9304e+00   1.2173e-02   9.0203e-04   3.5436e+02
20260708_18:00:00   1.4077e-01   3.7164e+01   8.7762e+00   5.9812e-03   2.3723e-04   3.5652e+02
20260708_19:00:00   1.4501e-01   3.8126e+01   8.8913e+00   9.5556e-03   3.0665e-04   3.5812e+02
20260708_20:00:00   1.4932e-01   3.9110e+01   9.0443e+00   1.3007e-02   5.8972e-05   3.5934e+02
20260708_21:00:00   1.5339e-01   4.0017e+01   9.1873e+00   1.5852e-02   9.9024e-05   3.6055e+02
20260708_22:00:00   1.6752e-01   4.3205e+01   9.3124e+00   3.0035e-02   3.7932e-04   3.6164e+02
20260708_23:00:00   1.7212e-01   4.4203e+01   9.3983e+00   3.4227e-02   1.3676e-03   3.6124e+02
20260709_00:00:00   1.6854e-01   4.3369e+01   9.4681e+00   2.9396e-02   1.0137e-03   3.6023e+02
20260709_01:00:00   1.6450e-01   4.2383e+01   9.6080e+00   2.3417e-02   1.2715e-03   3.6000e+02
20260709_02:00:00   1.6018e-01   4.1365e+01   9.6740e+00   1.8065e-02   2.3275e-03   3.5989e+02
20260709_03:00:00   1.6259e-01   4.1895e+01   9.7646e+00   2.0050e-02   4.3221e-03   3.5997e+02
20260709_04:00:00   1.5648e-01   4.0478e+01   9.8537e+00   1.2300e-02   9.1126e-03   3.5986e+02
20260709_05:00:00   1.5216e-01   3.9478e+01   9.8926e+00   7.0806e-03   1.3029e-02   3.5976e+02
20260709_06:00:00   1.4822e-01   3.8555e+01   9.8791e+00   2.8256e-03   1.3999e-02   3.5961e+02
20260709_07:00:00   1.5124e-01   3.9254e+01   9.8775e+00   6.3106e-03   1.1906e-02   3.5936e+02
20260709_08:00:00   1.6200e-01   4.1713e+01   9.8700e+00   1.8310e-02   4.4723e-03   3.5896e+02
20260709_09:00:00   1.7583e-01   4.4828e+01   9.9488e+00   3.2765e-02   4.3587e-03   3.5887e+02
20260709_10:00:00   1.6481e-01   4.2368e+01   1.0056e+01   1.9058e-02   7.9164e-03   3.5899e+02
20260709_11:00:00   1.8647e-01   4.7237e+01   1.0131e+01   4.2534e-02   1.7000e-02   3.5936e+02
20260709_12:00:00   1.9981e-01   5.0191e+01   1.0143e+01   5.7111e-02   3.5479e-02   3.5959e+02
20260709_13:00:00   1.8933e-01   4.7869e+01   1.0152e+01   4.4861e-02   3.9484e-02   3.5940e+02
20260709_14:00:00   1.7313e-01   4.4256e+01   1.0114e+01   2.6962e-02   2.8902e-02   3.5936e+02
20260709_15:00:00   1.5004e-01   3.8982e+01   1.0012e+01   2.1405e-03   1.5313e-02   3.5903e+02
20260709_16:00:00   1.5103e-01   3.9212e+01   9.8297e+00   5.4162e-03   1.0320e-02   3.5920e+02
20260709_17:00:00   1.5194e-01   3.9427e+01   9.7419e+00   7.3025e-03   1.0351e-02   3.5909e+02
20260709_18:00:00   1.5444e-01   4.0003e+01   9.6886e+00   1.0510e-02   1.2954e-02   3.5851e+02
20260709_21:00:00   1.5659e-01   4.0498e+01   9.7088e+00   1.2926e-02   5.6938e-03   3.5599e+02
20260710_00:00:00   1.6648e-01   4.2803e+01   9.8049e+00   2.3087e-02   5.5790e-03   3.5402e+02
20260710_03:00:00   1.8203e-01   4.6266e+01   9.7301e+00   4.0790e-02   1.6441e-03   3.5332e+02
20260710_06:00:00   1.7282e-01   4.4169e+01   9.5119e+00   3.2593e-02   5.5950e-04   3.5428e+02
20260710_09:00:00   1.5209e-01   3.9447e+01   9.3088e+00   1.1817e-02   9.4301e-04   3.5619e+02
20260710_12:00:00   1.3871e-01   3.6370e+01   9.0704e+00   0.0000e+00   9.4354e-04   3.5842e+02
20260710_15:00:00   1.3708e-01   3.6014e+01   8.9489e+00   0.0000e+00   1.3279e-04   3.5757e+02
20260710_18:00:00   1.4674e-01   3.8306e+01   9.0983e+00   9.6621e-03   7.7009e-04   3.6093e+02
20260710_21:00:00   1.6643e-01   4.2891e+01   9.3498e+00   2.9434e-02   2.6758e-03   3.6187e+02
20260711_00:00:00   1.5577e-01   4.0332e+01   9.7531e+00   1.2193e-02   1.5096e-02   3.6214e+02
20260711_03:00:00   1.5265e-01   3.9545e+01   1.0229e+01   1.9797e-03   1.0442e-01   3.6399e+02
20260711_06:00:00   1.4552e-01   3.7835e+01   9.6637e+00   3.0449e-04   9.7569e-02   3.6927e+02
20260711_09:00:00   1.4414e-01   3.7506e+01   9.5535e+00   0.0000e+00   8.2214e-02   3.7114e+02
20260711_12:00:00   1.4433e-01   3.7570e+01   9.4782e+00   1.4723e-03   2.5553e-02   3.6829e+02
20260711_15:00:00   1.4494e-01   3.7773e+01   9.4477e+00   3.0841e-03   2.2698e-02   3.6755e+02
20260711_18:00:00   1.5611e-01   4.0317e+01   1.0257e+01   7.4223e-03   5.6742e-02   3.6511e+02
20260711_21:00:00   1.5101e-01   3.9191e+01   1.0126e+01   2.8238e-03   1.6428e-02   3.6136e+02
20260712_00:00:00   1.4189e-01   3.7154e+01   9.4986e+00   1.0842e-03   4.5670e-03   3.6053e+02
20260712_03:00:00   1.4547e-01   3.7953e+01   1.0225e+01   0.0000e+00   5.9971e-02   3.6442e+02
20260712_06:00:00   1.5210e-01   3.9493e+01   1.0954e+01   0.0000e+00   1.1186e-01   3.6420e+02
20260712_09:00:00   1.5838e-01   4.0981e+01   1.1628e+01   0.0000e+00   7.6586e-02   3.6216e+02
20260712_12:00:00   1.5435e-01   4.0257e+01   1.1192e+01   0.0000e+00   1.8553e-03   3.6110e+02
20260712_15:00:00   1.4924e-01   3.9145e+01   1.1109e+01   0.0000e+00   1.1716e-02   3.5865e+02
20260712_18:00:00   1.6221e-01   4.2201e+01   1.2718e+01   0.0000e+00   2.2813e-01   3.5650e+02
20260712_21:00:00   1.6739e-01   4.3430e+01   1.3337e+01   0.0000e+00   3.5905e-01   3.5732e+02
20260713_00:00:00   1.6681e-01   4.3344e+01   1.3358e+01   0.0000e+00   3.5536e-01   3.6023e+02
20260713_03:00:00   1.7238e-01   4.4598e+01   1.3855e+01   4.2660e-05   4.1678e-01   3.6216e+02
20260713_06:00:00   2.2013e-01   5.5323e+01   1.4342e+01   4.9173e-02   3.4391e-01   3.6216e+02
20260713_09:00:00   6.0844e-01   1.2544e+02   1.5507e+01   4.7588e-01   5.0442e-02   3.6313e+02
20260713_12:00:00   6.4461e-01   1.3106e+02   1.6103e+01   5.1185e-01   2.3062e-01   3.5996e+02
20260713_15:00:00   1.8932e-01   4.8603e+01   1.5879e+01   2.3536e-04   2.3002e-01   3.5910e+02
20260713_18:00:00   1.8750e-01   4.8230e+01   1.5927e+01   7.8580e-06   2.4644e-01   3.6067e+02
20260713_21:00:00   3.3055e-01   7.8231e+01   1.6586e+01   1.5231e-01   2.4100e-01   3.5998e+02
20260714_00:00:00   4.0847e-01   9.3047e+01   1.6410e+01   2.4287e-01   1.9263e-01   3.6132e+02
20260714_03:00:00   2.7902e-01   6.7834e+01   1.5550e+01   1.0147e-01   5.3305e-01   3.6263e+02
20260714_06:00:00   7.1351e-01   1.4007e+02   1.5460e+01   5.9283e-01   7.2690e-02   3.6516e+02
20260714_09:00:00   6.7690e-01   1.3517e+02   1.4467e+01   5.5997e-01   2.7351e-02   3.6620e+02
20260714_12:00:00   6.8620e-01   1.3635e+02   1.1842e+01   5.9180e-01   5.7856e-03   3.6931e+02
20260714_15:00:00   3.5743e-01   8.2832e+01   1.1622e+01   2.2143e-01   1.7870e-02   3.6939e+02
20260714_18:00:00   4.9328e-01   1.0720e+02   1.2687e+01   3.6606e-01   4.9582e-02   3.7290e+02
20260714_21:00:00   7.2331e-01   1.4105e+02   1.2280e+01   6.2687e-01   2.4133e-01   3.7596e+02
20260715_00:00:00   7.4166e-01   1.4233e+02   1.1151e+01   6.5487e-01   3.0338e-02   3.7680e+02
20260715_03:00:00   4.9660e-01   1.0741e+02   1.0773e+01   3.8494e-01   1.6655e-02   3.7706e+02
20260715_06:00:00   4.0827e-01   9.1763e+01   1.0598e+01   2.8622e-01   2.1296e-02   3.7640e+02
20260715_09:00:00   3.3785e-01   7.8832e+01   1.0646e+01   2.0691e-01   2.6187e-02   3.7658e+02
20260715_12:00:00   2.5991e-01   6.3142e+01   1.0696e+01   1.1817e-01   8.9627e-03   3.7726e+02
20260715_15:00:00   1.8974e-01   4.8070e+01   1.0447e+01   4.1296e-02   3.8248e-03   3.7569e+02
20260715_18:00:00   1.9856e-01   5.0185e+01   1.0172e+01   5.3355e-02   1.6303e-02   3.7358e+02
20260715_21:00:00   1.6737e-01   4.3248e+01   9.8874e+00   2.2434e-02   5.5902e-03   3.6384e+02
20260716_00:00:00   1.6886e-01   4.3664e+01   9.7918e+00   2.6939e-02   1.0418e-03   3.5619e+02
20260716_03:00:00   1.5715e-01   4.1012e+01   1.0551e+01   9.2375e-03   7.3024e-04   3.5267e+02
20260716_06:00:00   1.5999e-01   4.1621e+01   1.2125e+01   7.7600e-04   3.9282e-04   3.5051e+02
20260716_09:00:00   1.5503e-01   4.0573e+01   1.1627e+01   1.2380e-04   6.0067e-04   3.4644e+02
20260716_12:00:00   1.5247e-01   4.0039e+01   1.1482e+01   0.0000e+00   5.2066e-03   3.4582e+02
20260716_15:00:00   1.5124e-01   3.9800e+01   1.1512e+01   0.0000e+00   1.0710e-02   3.4635e+02
20260716_18:00:00   1.5342e-01   4.0332e+01   1.1842e+01   0.0000e+00   1.3990e-02   3.4854e+02
20260716_21:00:00   1.5665e-01   4.1085e+01   1.2283e+01   0.0000e+00   8.7568e-03   3.4944e+02
20260717_00:00:00   1.6091e-01   4.2073e+01   1.2203e+01   4.4633e-03   5.0163e-03   3.5219e+02
20260717_03:00:00   1.6829e-01   4.3767e+01   1.2084e+01   1.4473e-02   2.5697e-04   3.5329e+02
20260717_06:00:00   1.4784e-01   3.9149e+01   1.0742e+01   1.4409e-03   9.4213e-06   3.5461e+02
20260717_09:00:00   1.4171e-01   3.7772e+01   1.0179e+01   0.0000e+00   1.1260e-05   3.5214e+02
20260717_12:00:00   1.4092e-01   3.7584e+01   1.0241e+01   0.0000e+00   4.8836e-03   3.4918e+02
20260717_15:00:00   1.4177e-01   3.7801e+01   1.0449e+01   0.0000e+00   1.5243e-02   3.4693e+02
20260717_18:00:00   1.4384e-01   3.8300e+01   1.0754e+01   0.0000e+00   3.3880e-03   3.4709e+02
20260717_21:00:00   1.4394e-01   3.8382e+01   1.0603e+01   9.7512e-04   2.2577e-05   3.4616e+02
20260718_00:00:00   1.5189e-01   4.0263e+01   1.0541e+01   9.8405e-03   1.5266e-05   3.4813e+02
20260718_03:00:00   1.4906e-01   3.9568e+01   1.0535e+01   6.1633e-03   1.5345e-05   3.4938e+02
20260718_06:00:00   1.4363e-01   3.8254e+01   1.0545e+01   0.0000e+00   1.1972e-03   3.4983e+02
20260718_09:00:00   1.4244e-01   3.7956e+01   1.0424e+01   0.0000e+00   2.1580e-06   3.4538e+02
20260718_12:00:00   1.4290e-01   3.8063e+01   1.0511e+01   0.0000e+00   2.6846e-03   3.4376e+02
20260718_15:00:00   1.4357e-01   3.8227e+01   1.0586e+01   0.0000e+00   4.4799e-03   3.4573e+02
20260718_18:00:00   1.4294e-01   3.8117e+01   1.0506e+01   0.0000e+00   6.5403e-04   3.4813e+02
20260718_21:00:00   1.3960e-01   3.7379e+01   9.9830e+00   7.0420e-04   6.0330e-07   3.4641e+02
20260719_00:00:00   1.3710e-01   3.6792e+01   9.5860e+00   2.1720e-03   3.4633e-04   3.4161e+02
20260719_03:00:00   1.3965e-01   3.7310e+01   1.0293e+01   4.9740e-04   1.5828e-03   3.4163e+02
20260719_06:00:00   1.4410e-01   3.8283e+01   1.1038e+01   0.0000e+00   2.6194e-03   3.4135e+02
20260719_09:00:00   1.5013e-01   3.9607e+01   1.1833e+01   0.0000e+00   1.0798e-02   3.4035e+02
20260719_12:00:00   1.5480e-01   4.0618e+01   1.2342e+01   0.0000e+00   7.4278e-02   3.4261e+02
20260719_15:00:00   1.5698e-01   4.1106e+01   1.2468e+01   0.0000e+00   2.4762e-02   3.4381e+02
20260719_18:00:00   1.5968e-01   4.1712e+01   1.2655e+01   0.0000e+00   4.3233e-02   3.4520e+02
20260719_21:00:00   1.6157e-01   4.2124e+01   1.2828e+01   0.0000e+00   3.8266e-02   3.4623e+02
20260720_00:00:00   1.6054e-01   4.1872e+01   1.2727e+01   0.0000e+00   1.5970e-02   3.4600e+02
20260720_03:00:00   1.5798e-01   4.1309e+01   1.2432e+01   0.0000e+00   3.1985e-04   3.4490e+02
20260720_06:00:00   1.5412e-01   4.0486e+01   1.1934e+01   0.0000e+00   4.0790e-05   3.4313e+02
20260720_09:00:00   1.5146e-01   3.9941e+01   1.1615e+01   0.0000e+00   1.6316e-05   3.3870e+02
20260720_12:00:00   1.4762e-01   3.9127e+01   1.1115e+01   0.0000e+00   5.2136e-05   3.3694e+02
20260720_15:00:00   1.4714e-01   3.9012e+01   1.1127e+01   0.0000e+00   4.3187e-03   3.3136e+02
20260720_18:00:00   1.5003e-01   3.9649e+01   1.1597e+01   0.0000e+00   6.2359e-03   3.2790e+02
