#            date       tau255        Tb[K]      pwv[mm] lwp[kg*m^-2] iwp[kg*m^-2]       o3[DU]
20260213_12:00:00   9.8366e-02   2.5694e+01   2.9754e+00   0.0000e+00   7.0084e-02   4.7370e+02
20260213_13:00:00   9.6886e-02   2.5343e+01   2.7951e+00   0.0000e+00   3.4178e-02   4.7429e+02
20260213_14:00:00   9.5520e-02   2.5013e+01   2.6109e+00   0.0000e+00   1.3946e-02   4.8017e+02
20260213_15:00:00   9.3197e-02   2.4460e+01   2.3190e+00   0.0000e+00   6.3547e-03   4.8287e+02
20260213_16:00:00   9.1642e-02   2.4064e+01   2.0522e+00   0.0000e+00   5.3269e-03   4.8149e+02
20260213_17:00:00   9.0328e-02   2.3707e+01   1.7484e+00   2.8560e-06   7.1550e-03   4.8560e+02
20260213_18:00:00   8.9154e-02   2.3379e+01   1.5415e+00   0.0000e+00   5.4652e-03   4.9125e+02
20260213_19:00:00   8.8603e-02   2.3207e+01   1.4142e+00   0.0000e+00   1.2034e-03   4.9473e+02
20260213_20:00:00   8.9274e-02   2.3308e+01   1.4411e+00   0.0000e+00   5.8815e-04   4.9202e+02
20260213_21:00:00   8.9139e-02   2.3246e+01   1.3876e+00   0.0000e+00   6.4970e-04   4.9112e+02
20260213_22:00:00   8.8693e-02   2.3124e+01   1.3032e+00   0.0000e+00   4.9764e-04   4.9694e+02
20260213_23:00:00   8.8136e-02   2.2984e+01   1.2290e+00   0.0000e+00   1.9210e-04   5.0638e+02
20260214_00:00:00   8.7264e-02   2.2783e+01   1.1314e+00   0.0000e+00   9.7982e-05   5.1320e+02
20260214_01:00:00   8.6770e-02   2.2665e+01   1.0911e+00   0.0000e+00   1.3686e-04   5.1441e+02
20260214_02:00:00   8.6835e-02   2.2668e+01   1.1118e+00   0.0000e+00   3.0744e-03   5.0848e+02
20260214_03:00:00   8.7146e-02   2.2732e+01   1.1664e+00   0.0000e+00   6.8803e-03   5.0192e+02
20260214_04:00:00   8.7560e-02   2.2828e+01   1.2470e+00   0.0000e+00   8.2754e-03   4.9993e+02
20260214_05:00:00   8.7744e-02   2.2875e+01   1.2950e+00   0.0000e+00   8.3092e-03   5.0297e+02
20260214_06:00:00   8.8016e-02   2.2940e+01   1.3457e+00   0.0000e+00   6.1844e-03   5.0561e+02
20260214_07:00:00   8.8400e-02   2.3022e+01   1.3954e+00   0.0000e+00   1.1724e-03   5.0877e+02
20260214_08:00:00   8.8749e-02   2.3100e+01   1.4442e+00   0.0000e+00   7.2818e-05   5.0696e+02
20260214_09:00:00   8.9282e-02   2.3220e+01   1.5270e+00   0.0000e+00   4.8911e-05   5.1001e+02
20260214_10:00:00   8.9201e-02   2.3211e+01   1.5311e+00   0.0000e+00   6.7711e-05   5.0619e+02
20260214_11:00:00   8.8928e-02   2.3158e+01   1.5071e+00   0.0000e+00   3.9648e-05   5.0085e+02
20260214_12:00:00   8.8730e-02   2.3120e+01   1.4953e+00   0.0000e+00   6.2572e-05   4.9697e+02
20260214_13:00:00   8.8681e-02   2.3119e+01   1.5067e+00   0.0000e+00   6.7582e-05   4.9525e+02
20260214_14:00:00   8.8489e-02   2.3083e+01   1.4828e+00   0.0000e+00   7.3853e-04   4.9686e+02
20260214_15:00:00   8.8395e-02   2.3068e+01   1.4776e+00   0.0000e+00   1.1566e-03   5.0004e+02
20260214_16:00:00   8.8328e-02   2.3059e+01   1.4726e+00   0.0000e+00   1.0217e-03   5.0789e+02
20260214_17:00:00   8.8450e-02   2.3086e+01   1.4868e+00   0.0000e+00   9.5594e-04   5.0657e+02
20260214_18:00:00   8.8688e-02   2.3143e+01   1.5247e+00   0.0000e+00   1.4039e-03   5.0418e+02
20260214_19:00:00   8.8981e-02   2.3216e+01   1.5732e+00   0.0000e+00   1.0128e-03   5.0616e+02
20260214_20:00:00   8.9472e-02   2.3332e+01   1.6466e+00   0.0000e+00   1.5449e-03   5.0674e+02
20260214_21:00:00   8.9797e-02   2.3418e+01   1.7076e+00   0.0000e+00   1.8650e-03   5.0691e+02
20260214_22:00:00   9.0248e-02   2.3528e+01   1.7731e+00   0.0000e+00   2.5794e-03   5.0462e+02
20260214_23:00:00   9.0914e-02   2.3684e+01   1.8582e+00   0.0000e+00   4.5426e-03   5.0512e+02
20260215_00:00:00   9.1380e-02   2.3804e+01   1.9264e+00   0.0000e+00   6.5783e-03   5.0349e+02
20260215_01:00:00   9.1813e-02   2.3903e+01   1.9768e+00   0.0000e+00   9.4549e-03   5.0175e+02
20260215_02:00:00   9.2360e-02   2.4030e+01   2.0423e+00   0.0000e+00   1.5578e-02   4.9860e+02
20260215_03:00:00   9.2951e-02   2.4164e+01   2.1096e+00   0.0000e+00   1.7587e-02   4.9996e+02
20260215_04:00:00   9.3367e-02   2.4258e+01   2.1600e+00   0.0000e+00   2.0950e-02   5.0212e+02
20260215_05:00:00   9.3790e-02   2.4355e+01   2.2088e+00   0.0000e+00   2.5144e-02   5.0248e+02
20260215_06:00:00   9.4131e-02   2.4425e+01   2.2348e+00   0.0000e+00   3.1534e-02   4.9691e+02
20260215_07:00:00   9.2770e-02   2.4116e+01   2.0768e+00   0.0000e+00   1.6042e-02   4.9275e+02
20260215_08:00:00   9.1309e-02   2.3781e+01   1.8971e+00   0.0000e+00   8.7003e-03   4.9091e+02
20260215_09:00:00   9.0915e-02   2.3689e+01   1.8338e+00   0.0000e+00   5.4616e-03   4.9158e+02
20260215_10:00:00   9.1243e-02   2.3760e+01   1.8624e+00   0.0000e+00   6.4877e-03   4.8994e+02
20260215_11:00:00   9.1920e-02   2.3908e+01   1.9395e+00   0.0000e+00   6.5541e-03   4.8886e+02
20260215_12:00:00   9.2697e-02   2.4075e+01   2.0212e+00   0.0000e+00   1.1199e-02   4.8873e+02
20260215_13:00:00   9.3571e-02   2.4267e+01   2.1143e+00   0.0000e+00   1.6735e-02   4.9033e+02
20260215_14:00:00   9.4635e-02   2.4507e+01   2.2276e+00   0.0000e+00   2.4294e-02   4.9819e+02
20260215_15:00:00   9.5669e-02   2.4739e+01   2.3346e+00   0.0000e+00   3.2328e-02   5.0185e+02
20260215_16:00:00   9.6466e-02   2.4913e+01   2.3992e+00   0.0000e+00   5.7151e-02   5.0282e+02
20260215_17:00:00   9.6925e-02   2.5016e+01   2.4388e+00   0.0000e+00   7.4474e-02   5.0083e+02
20260215_18:00:00   9.6983e-02   2.5026e+01   2.4377e+00   0.0000e+00   7.9449e-02   5.0210e+02
20260215_19:00:00   9.6918e-02   2.5006e+01   2.4168e+00   0.0000e+00   8.7543e-02   5.0447e+02
20260215_20:00:00   9.6718e-02   2.4955e+01   2.3875e+00   0.0000e+00   7.2136e-02   5.0890e+02
20260215_21:00:00   9.6650e-02   2.4934e+01   2.3588e+00   0.0000e+00   8.7960e-02   5.1490e+02
20260215_22:00:00   9.6240e-02   2.4842e+01   2.2901e+00   0.0000e+00   9.3666e-02   5.1838e+02
20260215_23:00:00   9.6284e-02   2.4854e+01   2.2842e+00   0.0000e+00   1.0077e-01   5.2052e+02
20260216_00:00:00   9.6386e-02   2.4880e+01   2.2831e+00   0.0000e+00   1.1145e-01   5.2361e+02
20260216_01:00:00   9.6418e-02   2.4886e+01   2.2748e+00   0.0000e+00   1.2037e-01   5.2466e+02
20260216_02:00:00   9.6490e-02   2.4907e+01   2.2799e+00   0.0000e+00   1.4878e-01   5.2509e+02
20260216_03:00:00   9.6411e-02   2.4884e+01   2.2478e+00   0.0000e+00   1.9216e-01   5.2592e+02
20260216_04:00:00   9.6107e-02   2.4804e+01   2.1911e+00   0.0000e+00   2.1156e-01   5.2606e+02
20260216_05:00:00   9.5311e-02   2.4585e+01   2.0430e+00   0.0000e+00   2.2362e-01   5.2706e+02
20260216_06:00:00   9.3949e-02   2.4225e+01   1.8159e+00   0.0000e+00   1.8447e-01   5.2547e+02
20260216_07:00:00   9.2989e-02   2.3958e+01   1.6768e+00   0.0000e+00   9.1060e-02   5.2523e+02
20260216_08:00:00   9.2304e-02   2.3747e+01   1.5242e+00   0.0000e+00   7.6379e-02   5.2565e+02
20260216_09:00:00   9.1950e-02   2.3642e+01   1.4565e+00   0.0000e+00   3.6577e-02   5.2483e+02
20260216_10:00:00   9.1224e-02   2.3477e+01   1.3682e+00   0.0000e+00   1.4632e-02   5.2333e+02
20260216_11:00:00   9.1175e-02   2.3452e+01   1.3432e+00   0.0000e+00   1.3224e-02   5.2091e+02
20260216_12:00:00   9.1198e-02   2.3454e+01   1.3412e+00   0.0000e+00   1.2970e-02   5.1977e+02
20260216_13:00:00   9.1234e-02   2.3458e+01   1.3415e+00   0.0000e+00   1.3108e-02   5.1995e+02
20260216_14:00:00   9.1215e-02   2.3453e+01   1.3376e+00   0.0000e+00   1.3262e-02   5.1907e+02
20260216_15:00:00   9.1139e-02   2.3433e+01   1.3232e+00   0.0000e+00   1.5743e-02   5.1860e+02
20260216_16:00:00   9.0954e-02   2.3395e+01   1.3027e+00   0.0000e+00   1.5497e-02   5.1588e+02
20260216_17:00:00   9.1103e-02   2.3429e+01   1.3213e+00   0.0000e+00   1.2446e-02   5.1658e+02
20260216_18:00:00   9.0994e-02   2.3412e+01   1.3144e+00   0.0000e+00   9.1641e-03   5.1869e+02
20260216_19:00:00   9.0836e-02   2.3376e+01   1.2946e+00   0.0000e+00   8.1259e-03   5.1852e+02
20260216_20:00:00   9.0632e-02   2.3326e+01   1.2644e+00   0.0000e+00   7.4264e-03   5.1584e+02
20260216_21:00:00   9.0444e-02   2.3272e+01   1.2219e+00   0.0000e+00   6.9022e-03   5.1278e+02
20260216_22:00:00   9.0199e-02   2.3201e+01   1.1681e+00   0.0000e+00   6.8596e-03   5.1074e+02
20260216_23:00:00   8.9760e-02   2.3090e+01   1.0924e+00   0.0000e+00   5.8691e-03   5.1089e+02
20260217_00:00:00   8.9578e-02   2.3040e+01   1.0573e+00   0.0000e+00   4.5927e-03   5.1049e+02
20260217_01:00:00   8.9432e-02   2.2995e+01   1.0193e+00   0.0000e+00   3.8657e-03   5.0838e+02
20260217_02:00:00   8.9261e-02   2.2949e+01   9.8342e-01   0.0000e+00   2.8673e-03   5.0738e+02
20260217_03:00:00   8.9122e-02   2.2906e+01   9.4444e-01   0.0000e+00   2.2642e-03   5.0601e+02
20260217_04:00:00   8.8901e-02   2.2852e+01   9.0790e-01   0.0000e+00   1.5419e-03   5.0740e+02
20260217_05:00:00   8.8693e-02   2.2802e+01   8.7228e-01   0.0000e+00   8.4731e-04   5.0691e+02
20260217_06:00:00   8.8469e-02   2.2746e+01   8.3461e-01   0.0000e+00   6.2460e-04   5.0445e+02
20260217_07:00:00   8.8282e-02   2.2700e+01   8.0882e-01   0.0000e+00   1.2766e-04   5.0236e+02
20260217_08:00:00   8.8005e-02   2.2637e+01   7.7056e-01   0.0000e+00   1.3610e-05   5.0056e+02
20260217_09:00:00   8.7811e-02   2.2597e+01   7.5150e-01   0.0000e+00   5.5629e-06   4.9883e+02
20260217_10:00:00   8.7729e-02   2.2575e+01   7.3539e-01   0.0000e+00   5.5547e-06   4.9617e+02
20260217_11:00:00   8.7759e-02   2.2586e+01   7.4385e-01   0.0000e+00   4.2460e-06   4.9606e+02
20260217_12:00:00   8.7707e-02   2.2577e+01   7.4011e-01   0.0000e+00   4.2414e-06   4.9545e+02
20260217_13:00:00   8.7763e-02   2.2585e+01   7.4097e-01   0.0000e+00   4.3158e-06   5.0067e+02
20260217_14:00:00   8.7914e-02   2.2617e+01   7.6507e-01   0.0000e+00   2.8752e-05   5.0204e+02
20260217_15:00:00   8.7890e-02   2.2615e+01   7.7411e-01   0.0000e+00   3.4005e-04   5.0305e+02
20260217_16:00:00   8.7912e-02   2.2622e+01   7.8582e-01   0.0000e+00   1.0477e-03   5.0241e+02
20260217_17:00:00   8.7909e-02   2.2627e+01   7.9442e-01   0.0000e+00   2.0111e-03   5.0236e+02
20260217_18:00:00   8.7891e-02   2.2632e+01   8.0235e-01   0.0000e+00   2.5769e-03   5.0307e+02
20260217_19:00:00   8.7900e-02   2.2638e+01   8.0448e-01   0.0000e+00   2.7328e-03   5.0670e+02
20260217_20:00:00   8.7844e-02   2.2632e+01   8.0165e-01   0.0000e+00   2.1231e-03   5.0974e+02
20260217_21:00:00   8.7825e-02   2.2631e+01   8.0593e-01   0.0000e+00   4.1505e-04   5.0919e+02
20260217_22:00:00   8.7886e-02   2.2645e+01   8.2149e-01   0.0000e+00   1.0382e-04   5.0615e+02
20260217_23:00:00   8.7923e-02   2.2655e+01   8.2795e-01   0.0000e+00   4.5569e-05   5.0564e+02
20260218_00:00:00   8.7938e-02   2.2664e+01   8.3926e-01   0.0000e+00   1.9884e-05   5.0175e+02
20260218_01:00:00   8.7972e-02   2.2676e+01   8.5202e-01   0.0000e+00   6.7310e-05   5.0078e+02
20260218_02:00:00   8.8001e-02   2.2690e+01   8.6637e-01   0.0000e+00   2.7186e-04   4.9986e+02
20260218_03:00:00   8.8013e-02   2.2701e+01   8.8667e-01   0.0000e+00   3.3216e-04   4.9721e+02
20260218_04:00:00   8.8068e-02   2.2725e+01   9.1932e-01   0.0000e+00   2.2595e-03   4.9473e+02
20260218_05:00:00   8.7998e-02   2.2727e+01   9.2943e-01   0.0000e+00   1.6576e-03   4.9431e+02
20260218_06:00:00   8.8158e-02   2.2775e+01   9.6694e-01   0.0000e+00   2.1384e-03   4.9539e+02
20260218_07:00:00   8.8240e-02   2.2804e+01   9.8854e-01   0.0000e+00   3.1479e-03   4.9543e+02
20260218_08:00:00   8.8328e-02   2.2838e+01   1.0183e+00   0.0000e+00   3.2966e-03   4.9379e+02
20260218_09:00:00   8.8505e-02   2.2887e+01   1.0546e+00   0.0000e+00   3.0800e-03   4.9242e+02
20260218_10:00:00   8.8658e-02   2.2934e+01   1.0914e+00   0.0000e+00   2.6383e-03   4.9238e+02
20260218_11:00:00   8.8870e-02   2.2993e+01   1.1320e+00   0.0000e+00   1.8891e-03   4.9342e+02
20260218_12:00:00   8.9018e-02   2.3038e+01   1.1659e+00   0.0000e+00   1.7402e-03   4.9577e+02
20260218_15:00:00   8.8880e-02   2.3057e+01   1.2125e+00   0.0000e+00   2.7947e-03   4.9539e+02
20260218_18:00:00   8.9233e-02   2.3192e+01   1.3252e+00   0.0000e+00   1.0129e-02   4.8762e+02
20260218_21:00:00   8.7755e-02   2.2912e+01   1.1948e+00   0.0000e+00   6.8310e-03   4.9481e+02
20260219_00:00:00   8.8240e-02   2.3046e+01   1.2849e+00   0.0000e+00   4.4563e-03   5.0234e+02
20260219_03:00:00   8.9796e-02   2.3409e+01   1.4845e+00   0.0000e+00   5.0372e-03   5.0648e+02
20260219_06:00:00   9.5206e-02   2.4653e+01   2.1283e+00   0.0000e+00   2.3332e-02   5.0192e+02
20260219_09:00:00   9.9510e-02   2.5658e+01   2.5958e+00   0.0000e+00   7.4707e-02   4.9191e+02
20260219_12:00:00   1.0226e-01   2.6316e+01   2.8995e+00   0.0000e+00   1.5330e-01   4.8785e+02
20260219_15:00:00   1.0276e-01   2.6448e+01   2.9856e+00   0.0000e+00   1.4911e-01   4.9128e+02
20260219_18:00:00   1.0254e-01   2.6388e+01   2.9469e+00   0.0000e+00   1.4758e-01   4.9054e+02
20260219_21:00:00   1.0203e-01   2.6243e+01   2.8219e+00   0.0000e+00   2.0765e-01   4.9167e+02
20260220_00:00:00   1.0094e-01   2.5947e+01   2.6380e+00   0.0000e+00   2.0452e-01   4.8861e+02
20260220_03:00:00   9.9790e-02   2.5631e+01   2.4391e+00   0.0000e+00   2.0697e-01   4.8373e+02
20260220_06:00:00   9.7694e-02   2.5084e+01   2.1089e+00   0.0000e+00   1.3531e-01   4.8628e+02
20260220_09:00:00   9.3897e-02   2.4192e+01   1.5609e+00   0.0000e+00   1.0430e-02   4.8405e+02
20260220_12:00:00   9.0701e-02   2.3471e+01   1.1541e+00   0.0000e+00   1.4189e-03   4.8060e+02
20260220_15:00:00   8.9768e-02   2.3287e+01   1.0803e+00   0.0000e+00   6.2004e-04   4.8445e+02
20260220_18:00:00   8.9804e-02   2.3323e+01   1.1226e+00   0.0000e+00   3.8077e-04   4.8523e+02
20260220_21:00:00   8.9993e-02   2.3396e+01   1.2128e+00   0.0000e+00   3.9795e-04   4.7967e+02
20260221_00:00:00   8.9646e-02   2.3371e+01   1.2682e+00   0.0000e+00   3.5186e-03   4.8345e+02
20260221_03:00:00   8.9712e-02   2.3436e+01   1.3439e+00   0.0000e+00   5.5593e-03   4.8329e+02
20260221_06:00:00   9.0810e-02   2.3731e+01   1.5527e+00   0.0000e+00   1.1787e-02   4.8410e+02
20260221_09:00:00   9.3637e-02   2.4395e+01   1.9503e+00   0.0000e+00   1.6556e-02   4.8488e+02
20260221_12:00:00   9.7590e-02   2.5286e+01   2.4214e+00   0.0000e+00   2.3680e-02   4.8460e+02
20260221_15:00:00   9.9826e-02   2.5788e+01   2.6643e+00   0.0000e+00   4.9310e-02   4.7364e+02
20260221_18:00:00   1.0101e-01   2.6038e+01   2.7575e+00   0.0000e+00   9.8793e-02   4.6736e+02
20260221_21:00:00   1.0023e-01   2.5842e+01   2.6487e+00   0.0000e+00   1.0323e-01   4.5809e+02
20260222_00:00:00   9.8973e-02   2.5528e+01   2.4759e+00   0.0000e+00   8.8471e-02   4.5186e+02
20260222_03:00:00   9.8185e-02   2.5301e+01   2.3548e+00   0.0000e+00   9.2324e-02   4.5513e+02
20260222_06:00:00   9.7170e-02   2.5053e+01   2.2067e+00   0.0000e+00   6.7947e-02   4.5999e+02
20260222_09:00:00   9.6609e-02   2.4904e+01   2.1349e+00   0.0000e+00   4.8232e-02   4.6555e+02
20260222_12:00:00   9.6022e-02   2.4750e+01   2.0560e+00   0.0000e+00   4.8983e-02   4.7413e+02
20260222_15:00:00   9.5290e-02   2.4558e+01   1.9175e+00   0.0000e+00   5.4884e-02   4.5954e+02
20260222_18:00:00   9.4527e-02   2.4330e+01   1.7851e+00   0.0000e+00   5.2437e-02   4.8957e+02
20260222_21:00:00   9.3194e-02   2.3972e+01   1.5579e+00   0.0000e+00   5.0764e-02   5.2203e+02
20260223_00:00:00   9.2065e-02   2.3648e+01   1.3609e+00   0.0000e+00   3.9972e-02   5.2461e+02
20260223_03:00:00   9.0373e-02   2.3152e+01   1.0371e+00   0.0000e+00   2.1608e-02   5.2125e+02
20260223_06:00:00   8.9993e-02   2.2939e+01   8.5515e-01   0.0000e+00   1.2467e-02   5.3113e+02
20260223_09:00:00   8.8480e-02   2.2493e+01   5.6023e-01   0.0000e+00   6.5606e-04   5.3248e+02
20260223_12:00:00   8.8358e-02   2.2372e+01   4.4236e-01   0.0000e+00   3.5135e-04   5.2334e+02
20260223_15:00:00   8.8247e-02   2.2308e+01   4.0147e-01   0.0000e+00   2.7631e-05   5.1790e+02
20260223_18:00:00   8.8242e-02   2.2263e+01   3.7174e-01   0.0000e+00   3.0456e-05   5.1840e+02
20260223_21:00:00   8.8461e-02   2.2261e+01   3.5894e-01   0.0000e+00   3.4892e-05   5.1593e+02
20260224_00:00:00   8.8764e-02   2.2286e+01   3.6529e-01   0.0000e+00   4.6131e-05   5.1366e+02
20260224_03:00:00   8.9120e-02   2.2322e+01   3.7316e-01   0.0000e+00   5.1537e-04   5.0534e+02
20260224_06:00:00   8.9687e-02   2.2399e+01   3.8310e-01   0.0000e+00   2.1159e-03   4.9829e+02
20260224_09:00:00   9.0446e-02   2.2519e+01   3.9206e-01   0.0000e+00   5.0573e-03   4.9097e+02
20260224_12:00:00   9.0970e-02   2.2598e+01   3.8797e-01   0.0000e+00   9.0890e-03   4.7894e+02
20260224_15:00:00   9.1315e-02   2.2646e+01   3.7706e-01   0.0000e+00   1.0362e-02   4.7283e+02
20260224_18:00:00   9.1564e-02   2.2686e+01   3.7289e-01   0.0000e+00   9.1731e-03   4.7320e+02
20260224_21:00:00   9.1697e-02   2.2706e+01   3.7118e-01   0.0000e+00   6.1864e-03   4.7216e+02
20260225_00:00:00   9.1765e-02   2.2721e+01   3.7420e-01   0.0000e+00   5.4588e-03   4.7388e+02
20260225_03:00:00   9.1705e-02   2.2715e+01   3.7998e-01   0.0000e+00   4.9763e-03   4.6835e+02
20260225_06:00:00   9.1723e-02   2.2719e+01   3.8235e-01   0.0000e+00   5.4474e-03   4.6125e+02
20260225_09:00:00   9.1709e-02   2.2725e+01   3.8646e-01   0.0000e+00   5.2765e-03   4.5916e+02
20260225_12:00:00   9.1737e-02   2.2735e+01   3.8746e-01   0.0000e+00   5.9740e-03   4.6163e+02
20260225_15:00:00   9.1752e-02   2.2746e+01   3.9146e-01   0.0000e+00   5.1746e-03   4.5803e+02
20260225_18:00:00   9.1589e-02   2.2731e+01   3.9224e-01   0.0000e+00   4.3430e-03   4.5327e+02
20260225_21:00:00   9.1465e-02   2.2723e+01   3.9007e-01   0.0000e+00   1.5982e-03   4.5067e+02
20260226_00:00:00   9.1099e-02   2.2669e+01   3.7854e-01   0.0000e+00   5.5543e-05   4.4606e+02
20260226_03:00:00   9.0386e-02   2.2554e+01   3.5751e-01   0.0000e+00   4.1811e-05   4.4306e+02
20260226_06:00:00   8.9511e-02   2.2409e+01   3.3004e-01   0.0000e+00   1.4431e-05   4.4052e+02
20260226_09:00:00   8.8683e-02   2.2274e+01   3.0674e-01   0.0000e+00   0.0000e+00   4.3706e+02
20260226_12:00:00   8.7895e-02   2.2154e+01   2.9476e-01   0.0000e+00   0.0000e+00   4.4107e+02
20260226_15:00:00   8.7190e-02   2.2044e+01   2.8396e-01   0.0000e+00   0.0000e+00   4.4385e+02
20260226_18:00:00   8.6646e-02   2.1964e+01   2.7787e-01   0.0000e+00   0.0000e+00   4.4119e+02
20260226_21:00:00   8.6305e-02   2.1911e+01   2.7047e-01   0.0000e+00   0.0000e+00   4.3962e+02
20260227_00:00:00   8.6132e-02   2.1895e+01   2.8548e-01   0.0000e+00   0.0000e+00   4.3914e+02
20260227_03:00:00   8.5889e-02   2.1864e+01   3.0748e-01   0.0000e+00   0.0000e+00   4.3877e+02
20260227_06:00:00   8.5893e-02   2.1878e+01   3.3978e-01   0.0000e+00   0.0000e+00   4.3355e+02
20260227_09:00:00   8.5706e-02   2.1856e+01   3.5359e-01   0.0000e+00   0.0000e+00   4.2980e+02
20260227_12:00:00   8.5501e-02   2.1835e+01   3.7210e-01   0.0000e+00   0.0000e+00   4.2591e+02
20260227_15:00:00   8.5047e-02   2.1774e+01   3.8868e-01   0.0000e+00   7.0160e-06   4.2416e+02
20260227_18:00:00   8.4364e-02   2.1668e+01   3.8349e-01   0.0000e+00   0.0000e+00   4.2241e+02
20260227_21:00:00   8.3779e-02   2.1576e+01   3.7352e-01   0.0000e+00   0.0000e+00   4.2164e+02
20260228_00:00:00   8.3288e-02   2.1497e+01   3.5591e-01   0.0000e+00   1.7960e-06   4.1850e+02
20260228_03:00:00   8.3149e-02   2.1482e+01   3.6476e-01   0.0000e+00   1.5466e-05   4.1709e+02
20260228_06:00:00   8.3456e-02   2.1552e+01   3.9750e-01   0.0000e+00   3.8016e-05   4.1568e+02
20260228_09:00:00   8.5142e-02   2.1900e+01   5.3571e-01   0.0000e+00   9.9544e-04   4.1500e+02
20260228_12:00:00   8.6656e-02   2.2195e+01   6.3063e-01   0.0000e+00   1.1886e-03   4.1535e+02
20260228_15:00:00   8.6780e-02   2.2212e+01   6.3432e-01   0.0000e+00   3.4191e-03   4.1695e+02
20260228_18:00:00   9.0083e-02   2.2941e+01   1.0103e+00   0.0000e+00   1.2521e-02   4.1967e+02
20260228_21:00:00   9.2790e-02   2.3548e+01   1.2988e+00   0.0000e+00   6.5989e-03   4.1935e+02
20260301_00:00:00   9.3701e-02   2.3772e+01   1.4048e+00   0.0000e+00   8.1705e-03   4.1982e+02
20260301_03:00:00   9.2813e-02   2.3592e+01   1.3518e+00   0.0000e+00   3.2633e-03   4.2007e+02
20260301_06:00:00   9.2065e-02   2.3431e+01   1.2954e+00   0.0000e+00   3.7100e-03   4.2233e+02
20260301_09:00:00   9.1153e-02   2.3228e+01   1.2237e+00   0.0000e+00   1.2304e-03   4.2282e+02
20260301_12:00:00   9.0637e-02   2.3102e+01   1.1686e+00   0.0000e+00   3.1063e-03   4.2285e+02
