#            date       tau255        Tb[K]      pwv[mm] lwp[kg*m^-2] iwp[kg*m^-2]       o3[DU]
20260328_00:00:00   9.6208e-02   2.4958e+01   2.3273e+00   0.0000e+00   3.5779e-03   4.8686e+02
20260328_01:00:00   9.5451e-02   2.4784e+01   2.2415e+00   0.0000e+00   7.0571e-04   4.8830e+02
20260328_02:00:00   9.4986e-02   2.4676e+01   2.1921e+00   0.0000e+00   2.3362e-04   4.8992e+02
20260328_03:00:00   9.4943e-02   2.4666e+01   2.1968e+00   0.0000e+00   4.1558e-04   4.8761e+02
20260328_04:00:00   9.5127e-02   2.4709e+01   2.2296e+00   0.0000e+00   7.3128e-04   4.8755e+02
20260328_05:00:00   9.5483e-02   2.4788e+01   2.2791e+00   0.0000e+00   2.1830e-03   4.9053e+02
20260328_06:00:00   9.5750e-02   2.4852e+01   2.3220e+00   0.0000e+00   2.2863e-03   4.9401e+02
20260328_07:00:00   9.5718e-02   2.4848e+01   2.3360e+00   0.0000e+00   7.1895e-04   4.9274e+02
20260328_08:00:00   9.5409e-02   2.4779e+01   2.3144e+00   0.0000e+00   2.9924e-05   4.8946e+02
20260328_09:00:00   9.5161e-02   2.4728e+01   2.3080e+00   0.0000e+00   4.4375e-05   4.9248e+02
20260328_10:00:00   9.4853e-02   2.4668e+01   2.3026e+00   0.0000e+00   4.8244e-05   4.9358e+02
20260328_11:00:00   9.4414e-02   2.4582e+01   2.2819e+00   0.0000e+00   5.1684e-05   4.9241e+02
20260328_12:00:00   9.3849e-02   2.4469e+01   2.2483e+00   0.0000e+00   3.4980e-05   4.8974e+02
20260328_13:00:00   9.3179e-02   2.4333e+01   2.2033e+00   0.0000e+00   4.2506e-05   4.8704e+02
20260328_14:00:00   9.2354e-02   2.4169e+01   2.1510e+00   0.0000e+00   3.2371e-05   4.8978e+02
20260328_15:00:00   9.1526e-02   2.4000e+01   2.0976e+00   0.0000e+00   1.3484e-05   4.9885e+02
20260328_16:00:00   9.0869e-02   2.3866e+01   2.0564e+00   0.0000e+00   2.1536e-05   5.1259e+02
20260328_17:00:00   9.0121e-02   2.3716e+01   2.0103e+00   0.0000e+00   1.6594e-05   5.1832e+02
20260328_18:00:00   8.9451e-02   2.3578e+01   1.9641e+00   0.0000e+00   7.0160e-06   5.1933e+02
20260328_19:00:00   8.8807e-02   2.3443e+01   1.9125e+00   0.0000e+00   5.2200e-06   5.2052e+02
20260328_20:00:00   8.8123e-02   2.3297e+01   1.8507e+00   0.0000e+00   0.0000e+00   5.2823e+02
20260328_21:00:00   8.7266e-02   2.3111e+01   1.7676e+00   0.0000e+00   0.0000e+00   5.2819e+02
20260328_22:00:00   8.6348e-02   2.2909e+01   1.6744e+00   0.0000e+00   0.0000e+00   5.2889e+02
20260328_23:00:00   8.5568e-02   2.2733e+01   1.5919e+00   0.0000e+00   0.0000e+00   5.2844e+02
20260329_00:00:00   8.5022e-02   2.2611e+01   1.5379e+00   0.0000e+00   0.0000e+00   5.2812e+02
20260329_01:00:00   8.4749e-02   2.2549e+01   1.5130e+00   0.0000e+00   0.0000e+00   5.3066e+02
20260329_02:00:00   8.4474e-02   2.2487e+01   1.4865e+00   0.0000e+00   0.0000e+00   5.3144e+02
20260329_03:00:00   8.4231e-02   2.2430e+01   1.4606e+00   0.0000e+00   0.0000e+00   5.2687e+02
20260329_04:00:00   8.4191e-02   2.2420e+01   1.4629e+00   0.0000e+00   0.0000e+00   5.2589e+02
20260329_05:00:00   8.4277e-02   2.2434e+01   1.4632e+00   0.0000e+00   0.0000e+00   5.2606e+02
20260329_06:00:00   8.4760e-02   2.2534e+01   1.4865e+00   0.0000e+00   0.0000e+00   5.2912e+02
20260329_07:00:00   8.5589e-02   2.2709e+01   1.5528e+00   0.0000e+00   0.0000e+00   5.2728e+02
20260329_08:00:00   8.5992e-02   2.2790e+01   1.5742e+00   0.0000e+00   0.0000e+00   5.2453e+02
20260329_09:00:00   8.6075e-02   2.2797e+01   1.5610e+00   0.0000e+00   0.0000e+00   5.2399e+02
20260329_10:00:00   8.5960e-02   2.2762e+01   1.5275e+00   0.0000e+00   0.0000e+00   5.2276e+02
20260329_11:00:00   8.5854e-02   2.2737e+01   1.5132e+00   0.0000e+00   0.0000e+00   5.2266e+02
20260329_12:00:00   8.5827e-02   2.2729e+01   1.4964e+00   0.0000e+00   0.0000e+00   5.2265e+02
20260329_13:00:00   8.5776e-02   2.2719e+01   1.4824e+00   0.0000e+00   0.0000e+00   5.2194e+02
20260329_14:00:00   8.5756e-02   2.2720e+01   1.4746e+00   0.0000e+00   0.0000e+00   5.2107e+02
20260329_15:00:00   8.5778e-02   2.2729e+01   1.4759e+00   0.0000e+00   0.0000e+00   5.1826e+02
20260329_16:00:00   8.5809e-02   2.2740e+01   1.4796e+00   0.0000e+00   0.0000e+00   5.1431e+02
20260329_17:00:00   8.5854e-02   2.2754e+01   1.4811e+00   0.0000e+00   0.0000e+00   5.1255e+02
20260329_18:00:00   8.5951e-02   2.2780e+01   1.4890e+00   0.0000e+00   0.0000e+00   5.1379e+02
20260329_19:00:00   8.6236e-02   2.2846e+01   1.5166e+00   0.0000e+00   0.0000e+00   5.1487e+02
20260329_20:00:00   8.6486e-02   2.2908e+01   1.5461e+00   0.0000e+00   0.0000e+00   5.1561e+02
20260329_21:00:00   8.6741e-02   2.2968e+01   1.5764e+00   0.0000e+00   0.0000e+00   5.1650e+02
20260329_22:00:00   8.6826e-02   2.2993e+01   1.5872e+00   0.0000e+00   0.0000e+00   5.1603e+02
20260329_23:00:00   8.6640e-02   2.2961e+01   1.5684e+00   0.0000e+00   0.0000e+00   5.1600e+02
20260330_00:00:00   8.6199e-02   2.2866e+01   1.5120e+00   0.0000e+00   0.0000e+00   5.1654e+02
20260330_01:00:00   8.5212e-02   2.2645e+01   1.3797e+00   0.0000e+00   0.0000e+00   5.1621e+02
20260330_02:00:00   8.4471e-02   2.2476e+01   1.2764e+00   0.0000e+00   0.0000e+00   5.1436e+02
20260330_03:00:00   8.4020e-02   2.2375e+01   1.2186e+00   0.0000e+00   0.0000e+00   5.1161e+02
20260330_04:00:00   8.3812e-02   2.2334e+01   1.1986e+00   0.0000e+00   0.0000e+00   5.0981e+02
20260330_05:00:00   8.3855e-02   2.2350e+01   1.2051e+00   0.0000e+00   0.0000e+00   5.0888e+02
20260330_06:00:00   8.3865e-02   2.2354e+01   1.1990e+00   0.0000e+00   0.0000e+00   5.0914e+02
20260330_07:00:00   8.3983e-02   2.2380e+01   1.2033e+00   0.0000e+00   0.0000e+00   5.0959e+02
20260330_08:00:00   8.3997e-02   2.2388e+01   1.2054e+00   0.0000e+00   0.0000e+00   5.0961e+02
20260330_09:00:00   8.3993e-02   2.2388e+01   1.1986e+00   0.0000e+00   0.0000e+00   5.0896e+02
20260330_10:00:00   8.4180e-02   2.2432e+01   1.2126e+00   0.0000e+00   2.8560e-05   5.0790e+02
20260330_11:00:00   8.4621e-02   2.2528e+01   1.2502e+00   0.0000e+00   1.0198e-05   5.0732e+02
20260330_12:00:00   8.5033e-02   2.2619e+01   1.2855e+00   0.0000e+00   0.0000e+00   5.0669e+02
20260330_13:00:00   8.5511e-02   2.2719e+01   1.3244e+00   0.0000e+00   0.0000e+00   5.0625e+02
20260330_14:00:00   8.5782e-02   2.2781e+01   1.3499e+00   0.0000e+00   0.0000e+00   5.0618e+02
20260330_15:00:00   8.5976e-02   2.2821e+01   1.3672e+00   0.0000e+00   0.0000e+00   5.0472e+02
20260330_16:00:00   8.6169e-02   2.2863e+01   1.3961e+00   0.0000e+00   1.8030e-05   5.0216e+02
20260330_17:00:00   8.6146e-02   2.2861e+01   1.4061e+00   0.0000e+00   2.2460e-06   5.0092e+02
20260330_18:00:00   8.6030e-02   2.2840e+01   1.4050e+00   0.0000e+00   8.1580e-06   4.9997e+02
20260330_19:00:00   8.5841e-02   2.2806e+01   1.4003e+00   0.0000e+00   3.7198e-05   5.0016e+02
20260330_20:00:00   8.5785e-02   2.2796e+01   1.4090e+00   0.0000e+00   2.7626e-04   5.0093e+02
20260330_21:00:00   8.5773e-02   2.2789e+01   1.4177e+00   0.0000e+00   9.9029e-04   5.0198e+02
20260330_22:00:00   8.5452e-02   2.2721e+01   1.3919e+00   0.0000e+00   4.6411e-04   5.0327e+02
20260330_23:00:00   8.5063e-02   2.2642e+01   1.3671e+00   0.0000e+00   4.8613e-05   5.0629e+02
20260331_00:00:00   8.4724e-02   2.2571e+01   1.3489e+00   0.0000e+00   1.6316e-05   5.0862e+02
20260331_01:00:00   8.4504e-02   2.2527e+01   1.3465e+00   0.0000e+00   2.5128e-05   5.0946e+02
20260331_02:00:00   8.4305e-02   2.2486e+01   1.3486e+00   0.0000e+00   6.1824e-04   5.0962e+02
20260331_03:00:00   8.4089e-02   2.2442e+01   1.3470e+00   0.0000e+00   9.8664e-05   5.0989e+02
20260331_04:00:00   8.3792e-02   2.2382e+01   1.3356e+00   0.0000e+00   3.5736e-05   5.1055e+02
20260331_05:00:00   8.3529e-02   2.2328e+01   1.3253e+00   0.0000e+00   4.1700e-05   5.1221e+02
20260331_06:00:00   8.3303e-02   2.2282e+01   1.3150e+00   0.0000e+00   1.0344e-04   5.1362e+02
20260331_07:00:00   8.3075e-02   2.2233e+01   1.3050e+00   0.0000e+00   9.1199e-05   5.1426e+02
20260331_08:00:00   8.3024e-02   2.2222e+01   1.3080e+00   0.0000e+00   3.7477e-04   5.1420e+02
20260331_09:00:00   8.2973e-02   2.2212e+01   1.3115e+00   0.0000e+00   1.4618e-04   5.1485e+02
20260331_10:00:00   8.2956e-02   2.2210e+01   1.3175e+00   0.0000e+00   9.6680e-05   5.1773e+02
20260331_11:00:00   8.2906e-02   2.2204e+01   1.3230e+00   0.0000e+00   1.6316e-05   5.2059e+02
20260331_12:00:00   8.2974e-02   2.2220e+01   1.3346e+00   0.0000e+00   1.6316e-05   5.2091e+02
20260331_13:00:00   8.3114e-02   2.2246e+01   1.3465e+00   0.0000e+00   1.8112e-05   5.1917e+02
20260331_14:00:00   8.3423e-02   2.2308e+01   1.3771e+00   0.0000e+00   2.8066e-05   5.1656e+02
20260331_15:00:00   8.3983e-02   2.2424e+01   1.4312e+00   0.0000e+00   5.4371e-05   5.1639e+02
20260331_16:00:00   8.4662e-02   2.2558e+01   1.4824e+00   0.0000e+00   8.1753e-05   5.1789e+02
20260331_17:00:00   8.5442e-02   2.2713e+01   1.5393e+00   0.0000e+00   8.4268e-05   5.1984e+02
20260331_18:00:00   8.6092e-02   2.2843e+01   1.5877e+00   0.0000e+00   5.5848e-05   5.2063e+02
20260331_19:00:00   8.6609e-02   2.2946e+01   1.6251e+00   0.0000e+00   1.5014e-04   5.2019e+02
20260331_20:00:00   8.6951e-02   2.3013e+01   1.6437e+00   0.0000e+00   6.2060e-04   5.1820e+02
20260331_21:00:00   8.7172e-02   2.3055e+01   1.6582e+00   0.0000e+00   2.1432e-03   5.1599e+02
20260331_22:00:00   8.7568e-02   2.3135e+01   1.6862e+00   0.0000e+00   5.2222e-03   5.1638e+02
20260331_23:00:00   8.8056e-02   2.3242e+01   1.7334e+00   0.0000e+00   9.0305e-03   5.1635e+02
20260401_00:00:00   8.8639e-02   2.3376e+01   1.8031e+00   0.0000e+00   1.2697e-02   5.1658e+02
20260401_01:00:00   8.9187e-02   2.3501e+01   1.8664e+00   0.0000e+00   1.5129e-02   5.1635e+02
20260401_02:00:00   8.9449e-02   2.3557e+01   1.8965e+00   0.0000e+00   1.7023e-02   5.1622e+02
20260401_03:00:00   8.9438e-02   2.3553e+01   1.9024e+00   0.0000e+00   1.7447e-02   5.1525e+02
20260401_04:00:00   8.9435e-02   2.3555e+01   1.9186e+00   0.0000e+00   1.5717e-02   5.1767e+02
20260401_05:00:00   8.9248e-02   2.3515e+01   1.9158e+00   0.0000e+00   1.2792e-02   5.2233e+02
20260401_06:00:00   8.8887e-02   2.3433e+01   1.8857e+00   0.0000e+00   1.0893e-02   5.2672e+02
20260401_07:00:00   8.9097e-02   2.3480e+01   1.9193e+00   0.0000e+00   1.2582e-02   5.2800e+02
20260401_08:00:00   9.1280e-02   2.3980e+01   2.2251e+00   0.0000e+00   1.7428e-02   5.3220e+02
20260401_09:00:00   9.5017e-02   2.4827e+01   2.7222e+00   0.0000e+00   2.8035e-02   5.3340e+02
20260401_10:00:00   9.5599e-02   2.4966e+01   2.8111e+00   0.0000e+00   2.8801e-02   5.3283e+02
20260401_11:00:00   9.3794e-02   2.4566e+01   2.5939e+00   0.0000e+00   1.0508e-02   5.3444e+02
20260401_12:00:00   9.0999e-02   2.3940e+01   2.2101e+00   0.0000e+00   3.2052e-03   5.3724e+02
20260401_13:00:00   8.9806e-02   2.3672e+01   2.0260e+00   0.0000e+00   1.1771e-03   5.3890e+02
20260401_14:00:00   8.9518e-02   2.3608e+01   1.9595e+00   0.0000e+00   8.5777e-04   5.3800e+02
20260401_15:00:00   8.9523e-02   2.3610e+01   1.9317e+00   0.0000e+00   4.2656e-04   5.3902e+02
20260401_16:00:00   9.0144e-02   2.3746e+01   1.9860e+00   0.0000e+00   1.1869e-04   5.4010e+02
20260401_17:00:00   9.1331e-02   2.4003e+01   2.1326e+00   0.0000e+00   2.2777e-06   5.4015e+02
20260401_18:00:00   9.2139e-02   2.4175e+01   2.2407e+00   0.0000e+00   6.5240e-07   5.4037e+02
20260401_19:00:00   9.2774e-02   2.4308e+01   2.3358e+00   0.0000e+00   1.3712e-04   5.4188e+02
20260401_20:00:00   9.3660e-02   2.4493e+01   2.4553e+00   0.0000e+00   3.2839e-03   5.4173e+02
20260401_21:00:00   9.4369e-02   2.4641e+01   2.5376e+00   0.0000e+00   4.9821e-03   5.4170e+02
20260401_22:00:00   9.5069e-02   2.4795e+01   2.6176e+00   0.0000e+00   5.1066e-03   5.4099e+02
20260401_23:00:00   9.5403e-02   2.4868e+01   2.6552e+00   0.0000e+00   7.0331e-03   5.4172e+02
20260402_00:00:00   9.4722e-02   2.4718e+01   2.5775e+00   0.0000e+00   7.9085e-03   5.4259e+02
20260402_03:00:00   9.2661e-02   2.4233e+01   2.2659e+00   0.0000e+00   6.0590e-03   5.4662e+02
20260402_06:00:00   9.2456e-02   2.4154e+01   2.1588e+00   0.0000e+00   2.0158e-03   5.5244e+02
20260402_09:00:00   9.2481e-02   2.4126e+01   2.0669e+00   0.0000e+00   1.8205e-06   5.5604e+02
20260402_12:00:00   9.3173e-02   2.4252e+01   2.0805e+00   0.0000e+00   1.7887e-06   5.5206e+02
20260402_15:00:00   9.4038e-02   2.4435e+01   2.1177e+00   0.0000e+00   6.7233e-06   5.4791e+02
20260402_18:00:00   9.4435e-02   2.4504e+01   2.1315e+00   0.0000e+00   1.7575e-04   5.4713e+02
20260402_21:00:00   9.4304e-02   2.4463e+01   2.0950e+00   0.0000e+00   1.4623e-04   5.4851e+02
20260403_00:00:00   9.3928e-02   2.4370e+01   2.0529e+00   0.0000e+00   4.7922e-04   5.4734e+02
20260403_03:00:00   9.3002e-02   2.4184e+01   1.9700e+00   0.0000e+00   1.6484e-04   5.4920e+02
20260403_06:00:00   9.2385e-02   2.4070e+01   1.9188e+00   0.0000e+00   3.3985e-06   5.4382e+02
20260403_09:00:00   9.1351e-02   2.3874e+01   1.8434e+00   0.0000e+00   1.5249e-06   5.3886e+02
20260403_12:00:00   8.9948e-02   2.3615e+01   1.7609e+00   0.0000e+00   0.0000e+00   5.3535e+02
20260403_15:00:00   8.7920e-02   2.3220e+01   1.5824e+00   0.0000e+00   0.0000e+00   5.3369e+02
20260403_18:00:00   8.6986e-02   2.3061e+01   1.5685e+00   0.0000e+00   1.5052e-05   5.3141e+02
20260403_21:00:00   8.6137e-02   2.2912e+01   1.5468e+00   0.0000e+00   1.5436e-03   5.3555e+02
20260404_00:00:00   8.5492e-02   2.2791e+01   1.5097e+00   0.0000e+00   8.5335e-05   5.3953e+02
20260404_03:00:00   8.5110e-02   2.2720e+01   1.5074e+00   0.0000e+00   2.5870e-04   5.3638e+02
20260404_06:00:00   8.5285e-02   2.2771e+01   1.5957e+00   0.0000e+00   1.1055e-03   5.3483e+02
20260404_09:00:00   8.6639e-02   2.3038e+01   1.7030e+00   0.0000e+00   3.9292e-03   5.3639e+02
20260404_12:00:00   8.9508e-02   2.3651e+01   1.9998e+00   0.0000e+00   2.9259e-03   5.3172e+02
20260404_15:00:00   9.1452e-02   2.4075e+01   2.1711e+00   0.0000e+00   3.6187e-04   5.2514e+02
20260404_18:00:00   9.4101e-02   2.4647e+01   2.4371e+00   0.0000e+00   2.4139e-04   5.1826e+02
20260404_21:00:00   9.5938e-02   2.5026e+01   2.6049e+00   0.0000e+00   9.5546e-04   5.1549e+02
20260405_00:00:00   9.6992e-02   2.5232e+01   2.6995e+00   0.0000e+00   3.3043e-03   5.0754e+02
20260405_03:00:00   9.7987e-02   2.5439e+01   2.8286e+00   0.0000e+00   8.7039e-03   5.0851e+02
20260405_06:00:00   9.9154e-02   2.5680e+01   2.9408e+00   0.0000e+00   3.6852e-02   5.0958e+02
20260405_09:00:00   9.9402e-02   2.5703e+01   2.9296e+00   0.0000e+00   3.3331e-02   5.1164e+02
20260405_12:00:00   9.7396e-02   2.5244e+01   2.6205e+00   0.0000e+00   1.8465e-03   5.1996e+02
20260405_15:00:00   9.5898e-02   2.4913e+01   2.4465e+00   0.0000e+00   3.2435e-03   5.2698e+02
20260405_18:00:00   9.5189e-02   2.4772e+01   2.4131e+00   0.0000e+00   1.4932e-02   5.2698e+02
20260405_21:00:00   9.7586e-02   2.5322e+01   2.6860e+00   0.0000e+00   1.1962e-02   5.2218e+02
20260406_00:00:00   9.5910e-02   2.4907e+01   2.4861e+00   0.0000e+00   2.5120e-03   5.2380e+02
20260406_03:00:00   9.5476e-02   2.4756e+01   2.4670e+00   0.0000e+00   5.4106e-03   5.3210e+02
20260406_06:00:00   9.5518e-02   2.4746e+01   2.4886e+00   0.0000e+00   1.1124e-02   5.3065e+02
20260406_09:00:00   9.5628e-02   2.4763e+01   2.5191e+00   0.0000e+00   2.4416e-02   5.3095e+02
20260406_12:00:00   9.5303e-02   2.4708e+01   2.4632e+00   0.0000e+00   4.0865e-02   5.2222e+02
20260406_15:00:00   9.2831e-02   2.4178e+01   2.1397e+00   0.0000e+00   1.5390e-03   5.3048e+02
20260406_18:00:00   9.0893e-02   2.3766e+01   1.9210e+00   0.0000e+00   8.6114e-05   5.4331e+02
20260406_21:00:00   9.0216e-02   2.3638e+01   1.8638e+00   0.0000e+00   6.1525e-04   5.3103e+02
20260407_00:00:00   8.9218e-02   2.3445e+01   1.8174e+00   0.0000e+00   3.6287e-04   5.2099e+02
20260407_03:00:00   8.7864e-02   2.3176e+01   1.7302e+00   0.0000e+00   7.4331e-04   5.2802e+02
20260407_06:00:00   8.6728e-02   2.2942e+01   1.6317e+00   0.0000e+00   3.4555e-04   5.2061e+02
20260407_09:00:00   8.6456e-02   2.2892e+01   1.6124e+00   0.0000e+00   1.2069e-05   5.1218e+02
20260407_12:00:00   8.6775e-02   2.2969e+01   1.6427e+00   0.0000e+00   5.8061e-06   4.9678e+02
20260407_15:00:00   8.6885e-02   2.3023e+01   1.6836e+00   0.0000e+00   2.0934e-05   4.8196e+02
20260407_18:00:00   8.7348e-02   2.3147e+01   1.7537e+00   0.0000e+00   1.0679e-05   4.5509e+02
20260407_21:00:00   8.7551e-02   2.3207e+01   1.7890e+00   0.0000e+00   9.7898e-06   4.3857e+02
20260408_00:00:00   8.6989e-02   2.3101e+01   1.7377e+00   0.0000e+00   1.6255e-06   4.3650e+02
20260408_03:00:00   8.5879e-02   2.2895e+01   1.6560e+00   0.0000e+00   3.7840e-07   4.5856e+02
20260408_06:00:00   8.4612e-02   2.2656e+01   1.5618e+00   0.0000e+00   0.0000e+00   4.7356e+02
20260408_09:00:00   8.4060e-02   2.2565e+01   1.5467e+00   0.0000e+00   2.2840e-06   4.7800e+02
20260408_12:00:00   8.4155e-02   2.2644e+01   1.6142e+00   0.0000e+00   7.0160e-06   4.7907e+02
20260408_15:00:00   8.7466e-02   2.3407e+01   2.0883e+00   0.0000e+00   1.3915e-02   4.8398e+02
20260408_18:00:00   9.2958e-02   2.4601e+01   2.5869e+00   0.0000e+00   8.9790e-03   4.8056e+02
20260408_21:00:00   9.7486e-02   2.5621e+01   3.0318e+00   0.0000e+00   9.6933e-03   4.9668e+02
20260409_00:00:00   9.7792e-02   2.5695e+01   3.0480e+00   0.0000e+00   8.2681e-03   4.9322e+02
20260409_03:00:00   9.9814e-02   2.6112e+01   3.2594e+00   0.0000e+00   7.9663e-03   4.7651e+02
20260409_06:00:00   1.0542e-01   2.7360e+01   4.0155e+00   0.0000e+00   1.9219e-02   4.8538e+02
20260409_09:00:00   1.0358e-01   2.6944e+01   3.8007e+00   0.0000e+00   1.2467e-02   4.8345e+02
20260409_12:00:00   1.0359e-01   2.6894e+01   3.6991e+00   0.0000e+00   5.2530e-02   4.7200e+02
20260409_15:00:00   1.0406e-01   2.6942e+01   3.6659e+00   1.0986e-05   6.5283e-02   4.7244e+02
20260409_18:00:00   1.0501e-01   2.7128e+01   3.6661e+00   0.0000e+00   1.3481e-01   4.8875e+02
20260409_21:00:00   1.0366e-01   2.6820e+01   3.4932e+00   0.0000e+00   2.4837e-02   5.0313e+02
20260410_00:00:00   1.0403e-01   2.6843e+01   3.4415e+00   0.0000e+00   1.0975e-01   5.1225e+02
20260410_03:00:00   1.0191e-01   2.6306e+01   3.0933e+00   0.0000e+00   5.6704e-02   5.0914e+02
20260410_06:00:00   1.0004e-01   2.5847e+01   2.8106e+00   0.0000e+00   1.8159e-02   5.0003e+02
20260410_09:00:00   9.9591e-02   2.5714e+01   2.7133e+00   0.0000e+00   1.0699e-02   4.8790e+02
20260410_12:00:00   9.9358e-02   2.5636e+01   2.6341e+00   0.0000e+00   7.6562e-03   4.7328e+02
20260410_15:00:00   9.9406e-02   2.5642e+01   2.6073e+00   0.0000e+00   8.5998e-03   4.6811e+02
20260410_18:00:00   9.8063e-02   2.5355e+01   2.3830e+00   0.0000e+00   2.2984e-03   4.7371e+02
20260410_21:00:00   9.6609e-02   2.5030e+01   2.1616e+00   0.0000e+00   2.6305e-05   4.9402e+02
20260411_00:00:00   9.5474e-02   2.4765e+01   1.9934e+00   0.0000e+00   2.6588e-05   4.9587e+02
20260411_03:00:00   9.4262e-02   2.4483e+01   1.8210e+00   0.0000e+00   2.9304e-05   4.9516e+02
20260411_06:00:00   9.2791e-02   2.4158e+01   1.6397e+00   0.0000e+00   1.5387e-05   5.0395e+02
20260411_09:00:00   9.1128e-02   2.3806e+01   1.4712e+00   0.0000e+00   3.5080e-06   5.0836e+02
20260411_12:00:00   8.9943e-02   2.3590e+01   1.3979e+00   0.0000e+00   0.0000e+00   5.0830e+02
20260411_15:00:00   8.8854e-02   2.3398e+01   1.3509e+00   0.0000e+00   0.0000e+00   5.1560e+02
20260411_18:00:00   8.7529e-02   2.3144e+01   1.2745e+00   0.0000e+00   0.0000e+00   5.1163e+02
20260411_21:00:00   8.6629e-02   2.2977e+01   1.2649e+00   0.0000e+00   1.7384e-05   4.9552e+02
20260412_00:00:00   8.5738e-02   2.2792e+01   1.2281e+00   0.0000e+00   1.5889e-03   4.9524e+02
20260412_03:00:00   8.9308e-02   2.3604e+01   1.7731e+00   0.0000e+00   0.0000e+00   4.8811e+02
20260412_06:00:00   8.7745e-02   2.3306e+01   1.6339e+00   0.0000e+00   0.0000e+00   4.7950e+02
20260412_09:00:00   8.8761e-02   2.3583e+01   1.8395e+00   0.0000e+00   0.0000e+00   4.6778e+02
20260412_12:00:00   8.8893e-02   2.3614e+01   1.8691e+00   0.0000e+00   0.0000e+00   4.6237e+02
20260412_15:00:00   8.7718e-02   2.3325e+01   1.6244e+00   0.0000e+00   0.0000e+00   4.6626e+02
20260412_18:00:00   8.6889e-02   2.3109e+01   1.4366e+00   0.0000e+00   0.0000e+00   4.6766e+02
20260412_21:00:00   8.6263e-02   2.2933e+01   1.3152e+00   0.0000e+00   0.0000e+00   4.6835e+02
20260413_00:00:00   8.4801e-02   2.2570e+01   1.1190e+00   0.0000e+00   0.0000e+00   4.6846e+02
