#            date       tau255        Tb[K]      pwv[mm] lwp[kg*m^-2] iwp[kg*m^-2]       o3[DU]
20260503_00:00:00   1.1149e-01   2.8972e+01   4.2844e+00   0.0000e+00   1.2930e-02   4.7298e+02
20260503_01:00:00   1.1109e-01   2.8874e+01   4.2215e+00   0.0000e+00   8.9075e-03   4.7250e+02
20260503_02:00:00   1.1045e-01   2.8723e+01   4.1343e+00   0.0000e+00   6.3110e-03   4.7169e+02
20260503_03:00:00   1.0943e-01   2.8484e+01   4.0054e+00   0.0000e+00   4.2711e-03   4.7014e+02
20260503_04:00:00   1.0833e-01   2.8222e+01   3.8684e+00   0.0000e+00   5.7657e-03   4.6913e+02
20260503_05:00:00   1.0759e-01   2.8048e+01   3.7685e+00   0.0000e+00   6.4582e-03   4.6877e+02
20260503_06:00:00   1.0697e-01   2.7906e+01   3.6919e+00   0.0000e+00   4.3038e-03   4.6927e+02
20260503_07:00:00   1.0650e-01   2.7806e+01   3.6409e+00   0.0000e+00   2.1484e-03   4.6932e+02
20260503_08:00:00   1.0588e-01   2.7672e+01   3.5787e+00   0.0000e+00   1.2415e-03   4.6782e+02
20260503_09:00:00   1.0524e-01   2.7539e+01   3.5230e+00   0.0000e+00   6.9171e-04   4.6519e+02
20260503_10:00:00   1.0476e-01   2.7444e+01   3.4828e+00   0.0000e+00   3.9187e-04   4.6319e+02
20260503_11:00:00   1.0422e-01   2.7336e+01   3.4344e+00   0.0000e+00   1.2886e-04   4.6284e+02
20260503_12:00:00   1.0368e-01   2.7233e+01   3.3899e+00   0.0000e+00   1.3316e-04   4.6167e+02
20260503_13:00:00   1.0319e-01   2.7138e+01   3.3498e+00   0.0000e+00   6.7239e-05   4.6128e+02
20260503_14:00:00   1.0263e-01   2.7029e+01   3.3030e+00   0.0000e+00   1.4054e-05   4.6178e+02
20260503_15:00:00   1.0196e-01   2.6888e+01   3.2378e+00   0.0000e+00   1.2142e-05   4.6237e+02
20260503_16:00:00   1.0153e-01   2.6803e+01   3.1974e+00   0.0000e+00   1.9604e-05   4.6322e+02
20260503_17:00:00   1.0098e-01   2.6689e+01   3.1400e+00   0.0000e+00   2.4119e-06   4.6622e+02
20260503_18:00:00   1.0060e-01   2.6614e+01   3.1014e+00   0.0000e+00   2.4122e-06   4.6952e+02
20260503_19:00:00   1.0031e-01   2.6562e+01   3.0730e+00   0.0000e+00   1.6331e-06   4.7267e+02
20260503_20:00:00   1.0011e-01   2.6528e+01   3.0541e+00   0.0000e+00   9.4980e-07   4.7488e+02
20260503_21:00:00   9.9952e-02   2.6498e+01   3.0490e+00   0.0000e+00   9.5130e-07   4.7601e+02
20260503_22:00:00   9.9231e-02   2.6336e+01   2.9758e+00   0.0000e+00   6.4220e-07   4.7583e+02
20260503_23:00:00   9.8262e-02   2.6116e+01   2.8794e+00   0.0000e+00   6.4220e-07   4.7544e+02
20260504_00:00:00   9.7426e-02   2.5926e+01   2.7990e+00   0.0000e+00   6.4130e-07   4.7591e+02
20260504_01:00:00   9.6699e-02   2.5759e+01   2.7236e+00   0.0000e+00   6.4130e-07   4.7684e+02
20260504_02:00:00   9.6188e-02   2.5643e+01   2.6701e+00   0.0000e+00   4.7680e-07   4.7636e+02
20260504_03:00:00   9.5729e-02   2.5541e+01   2.6257e+00   0.0000e+00   0.0000e+00   4.7457e+02
20260504_04:00:00   9.5202e-02   2.5419e+01   2.5740e+00   0.0000e+00   0.0000e+00   4.7251e+02
20260504_05:00:00   9.4774e-02   2.5320e+01   2.5347e+00   0.0000e+00   0.0000e+00   4.7052e+02
20260504_06:00:00   9.4267e-02   2.5206e+01   2.4882e+00   0.0000e+00   0.0000e+00   4.6929e+02
20260504_07:00:00   9.3862e-02   2.5114e+01   2.4503e+00   0.0000e+00   0.0000e+00   4.6855e+02
20260504_08:00:00   9.3287e-02   2.4985e+01   2.3941e+00   0.0000e+00   0.0000e+00   4.6750e+02
20260504_09:00:00   9.2525e-02   2.4820e+01   2.3230e+00   0.0000e+00   0.0000e+00   4.6704e+02
20260504_10:00:00   9.1749e-02   2.4649e+01   2.2496e+00   0.0000e+00   2.9240e-07   4.6762e+02
20260504_11:00:00   9.1148e-02   2.4522e+01   2.1996e+00   0.0000e+00   1.1420e-06   4.6721e+02
20260504_12:00:00   9.0678e-02   2.4424e+01   2.1601e+00   0.0000e+00   1.1420e-06   4.6451e+02
20260504_13:00:00   9.0375e-02   2.4367e+01   2.1393e+00   0.0000e+00   1.1420e-06   4.6088e+02
20260504_14:00:00   9.0287e-02   2.4361e+01   2.1442e+00   0.0000e+00   1.1420e-06   4.5842e+02
20260504_15:00:00   9.0362e-02   2.4392e+01   2.1657e+00   0.0000e+00   0.0000e+00   4.5759e+02
20260504_16:00:00   9.0606e-02   2.4458e+01   2.2004e+00   0.0000e+00   0.0000e+00   4.5618e+02
20260504_17:00:00   9.0691e-02   2.4487e+01   2.2166e+00   0.0000e+00   0.0000e+00   4.5444e+02
20260504_18:00:00   9.0681e-02   2.4498e+01   2.2224e+00   0.0000e+00   0.0000e+00   4.5374e+02
20260504_19:00:00   9.0922e-02   2.4563e+01   2.2519e+00   0.0000e+00   0.0000e+00   4.5328e+02
20260504_20:00:00   9.1275e-02   2.4654e+01   2.2932e+00   0.0000e+00   0.0000e+00   4.4991e+02
20260504_21:00:00   9.1674e-02   2.4754e+01   2.3433e+00   0.0000e+00   0.0000e+00   4.4635e+02
20260504_22:00:00   9.1930e-02   2.4818e+01   2.3775e+00   0.0000e+00   0.0000e+00   4.4579e+02
20260504_23:00:00   9.2247e-02   2.4898e+01   2.4187e+00   0.0000e+00   0.0000e+00   4.4682e+02
20260505_00:00:00   9.2470e-02   2.4956e+01   2.4487e+00   0.0000e+00   0.0000e+00   4.4824e+02
20260505_01:00:00   9.2509e-02   2.4969e+01   2.4587e+00   0.0000e+00   0.0000e+00   4.5020e+02
20260505_02:00:00   9.2340e-02   2.4927e+01   2.4364e+00   0.0000e+00   0.0000e+00   4.5213e+02
20260505_03:00:00   9.1871e-02   2.4817e+01   2.3747e+00   0.0000e+00   0.0000e+00   4.5383e+02
20260505_04:00:00   9.1191e-02   2.4656e+01   2.2875e+00   0.0000e+00   0.0000e+00   4.5468e+02
20260505_05:00:00   9.0455e-02   2.4484e+01   2.1968e+00   0.0000e+00   0.0000e+00   4.5354e+02
20260505_06:00:00   9.0121e-02   2.4406e+01   2.1530e+00   0.0000e+00   0.0000e+00   4.5003e+02
20260505_07:00:00   9.0161e-02   2.4419e+01   2.1566e+00   0.0000e+00   0.0000e+00   4.3987e+02
20260505_08:00:00   9.0575e-02   2.4520e+01   2.2068e+00   0.0000e+00   0.0000e+00   4.2970e+02
20260505_09:00:00   9.1025e-02   2.4637e+01   2.2683e+00   0.0000e+00   0.0000e+00   4.2685e+02
20260505_10:00:00   9.1701e-02   2.4809e+01   2.3598e+00   0.0000e+00   0.0000e+00   4.2618e+02
20260505_11:00:00   9.2782e-02   2.5067e+01   2.5189e+00   0.0000e+00   0.0000e+00   4.3186e+02
20260505_12:00:00   9.4170e-02   2.5392e+01   2.7491e+00   0.0000e+00   0.0000e+00   4.3410e+02
20260505_13:00:00   9.5321e-02   2.5664e+01   2.9604e+00   0.0000e+00   6.1209e-04   4.2977e+02
20260505_14:00:00   9.6185e-02   2.5872e+01   3.1478e+00   0.0000e+00   2.5370e-03   4.2462e+02
20260505_15:00:00   9.6590e-02   2.5984e+01   3.2500e+00   0.0000e+00   3.8416e-03   4.1938e+02
20260505_16:00:00   9.6846e-02   2.6058e+01   3.3406e+00   0.0000e+00   5.1377e-03   4.1718e+02
20260505_17:00:00   9.7340e-02   2.6188e+01   3.4647e+00   0.0000e+00   7.2432e-03   4.1810e+02
20260505_18:00:00   9.7830e-02   2.6317e+01   3.5801e+00   0.0000e+00   6.6579e-03   4.1990e+02
20260505_19:00:00   9.8713e-02   2.6535e+01   3.7297e+00   0.0000e+00   6.8612e-03   4.2013e+02
20260505_20:00:00   9.9348e-02   2.6689e+01   3.8408e+00   0.0000e+00   7.4323e-03   4.1772e+02
20260505_21:00:00   9.9790e-02   2.6799e+01   3.9397e+00   0.0000e+00   6.9131e-03   4.1551e+02
20260505_22:00:00   1.0007e-01   2.6866e+01   4.0096e+00   0.0000e+00   9.0203e-03   4.1408e+02
20260505_23:00:00   1.0008e-01   2.6870e+01   4.0380e+00   0.0000e+00   1.8580e-02   4.1726e+02
20260506_00:00:00   9.9899e-02   2.6840e+01   4.0442e+00   0.0000e+00   2.6228e-02   4.2865e+02
20260506_01:00:00   9.9316e-02   2.6710e+01   3.9867e+00   0.0000e+00   3.4611e-02   4.3518e+02
20260506_02:00:00   9.9168e-02   2.6680e+01   3.9784e+00   0.0000e+00   3.9857e-02   4.3386e+02
20260506_03:00:00   9.8778e-02   2.6592e+01   3.9314e+00   0.0000e+00   4.7006e-02   4.3258e+02
20260506_04:00:00   9.7708e-02   2.6347e+01   3.7887e+00   0.0000e+00   4.0124e-02   4.3112e+02
20260506_05:00:00   9.6852e-02   2.6156e+01   3.6862e+00   0.0000e+00   2.3088e-02   4.2202e+02
20260506_06:00:00   9.8117e-02   2.6444e+01   3.8661e+00   0.0000e+00   1.7662e-02   4.1647e+02
20260506_07:00:00   1.0080e-01   2.7058e+01   4.2176e+00   0.0000e+00   2.5770e-02   4.1551e+02
20260506_08:00:00   1.0415e-01   2.7834e+01   4.6549e+00   0.0000e+00   4.4007e-02   4.1638e+02
20260506_09:00:00   1.0752e-01   2.8612e+01   5.0471e+00   0.0000e+00   7.8937e-02   4.1564e+02
20260506_10:00:00   1.1051e-01   2.9319e+01   5.3972e+00   0.0000e+00   4.5017e-02   4.1358e+02
20260506_11:00:00   1.1249e-01   2.9790e+01   5.6165e+00   0.0000e+00   1.7304e-02   4.1131e+02
20260506_12:00:00   1.1387e-01   3.0116e+01   5.7745e+00   0.0000e+00   4.8669e-03   4.0917e+02
20260506_13:00:00   1.1448e-01   3.0265e+01   5.8353e+00   0.0000e+00   6.1813e-03   4.1279e+02
20260506_14:00:00   1.1410e-01   3.0189e+01   5.7811e+00   0.0000e+00   4.9938e-03   4.1776e+02
20260506_15:00:00   1.1436e-01   3.0246e+01   5.7938e+00   0.0000e+00   6.3988e-03   4.2087e+02
20260506_16:00:00   1.1469e-01   3.0325e+01   5.7913e+00   0.0000e+00   1.9791e-02   4.2291e+02
20260506_17:00:00   1.1538e-01   3.0477e+01   5.8608e+00   0.0000e+00   1.6823e-02   4.2404e+02
20260506_18:00:00   1.1594e-01   3.0595e+01   5.9238e+00   0.0000e+00   2.7502e-02   4.2163e+02
20260506_19:00:00   1.1489e-01   3.0353e+01   5.7764e+00   0.0000e+00   2.6779e-02   4.2086e+02
20260506_20:00:00   1.1361e-01   3.0064e+01   5.5930e+00   0.0000e+00   2.1894e-02   4.2382e+02
20260506_21:00:00   1.1255e-01   2.9818e+01   5.4244e+00   0.0000e+00   1.0701e-02   4.2797e+02
20260506_22:00:00   1.1195e-01   2.9662e+01   5.3248e+00   0.0000e+00   6.7566e-03   4.2977e+02
20260506_23:00:00   1.1118e-01   2.9469e+01   5.1816e+00   0.0000e+00   8.7784e-03   4.3204e+02
20260507_00:00:00   1.1056e-01   2.9305e+01   5.0859e+00   0.0000e+00   1.4463e-02   4.3483e+02
20260507_01:00:00   1.0882e-01   2.8898e+01   4.8464e+00   0.0000e+00   2.6139e-02   4.3721e+02
20260507_02:00:00   1.0687e-01   2.8444e+01   4.6015e+00   0.0000e+00   1.8744e-02   4.3777e+02
20260507_03:00:00   1.0467e-01   2.7928e+01   4.3355e+00   0.0000e+00   1.2106e-02   4.3891e+02
20260507_04:00:00   1.0273e-01   2.7471e+01   4.0897e+00   0.0000e+00   7.3794e-03   4.3967e+02
20260507_05:00:00   1.0133e-01   2.7142e+01   3.9220e+00   0.0000e+00   4.3930e-03   4.4010e+02
20260507_06:00:00   1.0032e-01   2.6902e+01   3.7999e+00   0.0000e+00   3.5122e-03   4.4217e+02
20260507_07:00:00   9.9731e-02   2.6761e+01   3.7236e+00   0.0000e+00   2.4975e-03   4.4490e+02
20260507_08:00:00   9.9294e-02   2.6659e+01   3.6695e+00   0.0000e+00   1.8723e-03   4.4711e+02
20260507_09:00:00   9.9055e-02   2.6602e+01   3.6356e+00   0.0000e+00   1.6750e-03   4.4843e+02
20260507_10:00:00   9.8935e-02   2.6584e+01   3.6212e+00   0.0000e+00   7.7015e-04   4.4858e+02
20260507_11:00:00   9.8820e-02   2.6564e+01   3.6046e+00   0.0000e+00   4.3115e-04   4.4852e+02
20260507_12:00:00   9.9230e-02   2.6657e+01   3.6451e+00   0.0000e+00   4.3857e-04   4.4838e+02
20260507_13:00:00   9.9841e-02   2.6801e+01   3.7163e+00   0.0000e+00   2.8857e-04   4.4704e+02
20260507_14:00:00   1.0039e-01   2.6936e+01   3.7928e+00   0.0000e+00   5.1821e-05   4.4553e+02
20260507_15:00:00   1.0105e-01   2.7089e+01   3.8765e+00   0.0000e+00   8.1570e-06   4.4372e+02
20260507_16:00:00   1.0118e-01   2.7124e+01   3.9025e+00   0.0000e+00   8.1570e-06   4.4136e+02
20260507_17:00:00   1.0136e-01   2.7172e+01   3.9315e+00   0.0000e+00   8.1570e-06   4.3790e+02
20260507_18:00:00   1.0215e-01   2.7359e+01   4.0310e+00   0.0000e+00   4.6495e-06   4.3445e+02
20260507_19:00:00   1.0355e-01   2.7696e+01   4.2049e+00   0.0000e+00   4.6495e-06   4.3285e+02
20260507_20:00:00   1.0531e-01   2.8116e+01   4.4118e+00   0.0000e+00   7.2595e-06   4.3323e+02
20260507_21:00:00   1.0683e-01   2.8486e+01   4.5841e+00   0.0000e+00   8.5825e-06   4.3457e+02
20260507_22:00:00   1.0750e-01   2.8651e+01   4.6525e+00   0.0000e+00   8.5825e-06   4.3590e+02
20260507_23:00:00   1.0712e-01   2.8565e+01   4.6045e+00   0.0000e+00   6.1185e-06   4.3665e+02
20260508_00:00:00   1.0613e-01   2.8340e+01   4.5016e+00   0.0000e+00   5.0218e-05   4.3721e+02
20260508_03:00:00   1.0303e-01   2.7608e+01   4.1982e+00   0.0000e+00   7.1719e-07   4.3578e+02
20260508_06:00:00   1.0032e-01   2.6981e+01   3.8865e+00   0.0000e+00   0.0000e+00   4.3453e+02
20260508_09:00:00   1.0213e-01   2.7415e+01   4.0809e+00   0.0000e+00   0.0000e+00   4.3291e+02
20260508_12:00:00   1.0646e-01   2.8450e+01   4.5615e+00   0.0000e+00   2.0266e-06   4.3103e+02
20260508_15:00:00   1.0840e-01   2.8930e+01   4.7700e+00   0.0000e+00   4.3473e-06   4.2823e+02
20260508_18:00:00   1.0898e-01   2.9098e+01   4.8356e+00   0.0000e+00   3.2507e-06   4.2715e+02
20260508_21:00:00   1.0751e-01   2.8785e+01   4.7038e+00   0.0000e+00   2.3797e-06   4.1930e+02
20260509_00:00:00   1.0554e-01   2.8314e+01   4.5834e+00   0.0000e+00   9.1467e-06   4.1108e+02
20260509_03:00:00   1.0408e-01   2.7946e+01   4.5429e+00   0.0000e+00   5.1382e-04   4.0902e+02
20260509_06:00:00   1.0374e-01   2.7845e+01   4.6541e+00   0.0000e+00   1.6078e-03   4.1172e+02
20260509_09:00:00   1.0475e-01   2.8060e+01   4.9075e+00   0.0000e+00   1.0387e-02   4.1392e+02
20260509_12:00:00   1.0810e-01   2.8822e+01   5.3671e+00   0.0000e+00   5.0518e-02   4.0795e+02
20260509_15:00:00   1.1054e-01   2.9390e+01   5.5375e+00   0.0000e+00   1.8337e-02   4.0499e+02
20260509_18:00:00   1.1360e-01   3.0108e+01   5.6200e+00   0.0000e+00   1.0246e-02   4.0273e+02
20260509_21:00:00   1.1948e-01   3.1450e+01   6.1523e+00   0.0000e+00   1.3185e-02   4.0865e+02
20260510_00:00:00   1.1788e-01   3.1020e+01   5.8840e+00   0.0000e+00   4.8585e-04   4.0973e+02
20260510_03:00:00   1.1893e-01   3.1188e+01   6.0858e+00   0.0000e+00   8.7790e-04   4.1408e+02
20260510_06:00:00   1.1818e-01   3.1000e+01   6.0322e+00   0.0000e+00   2.0398e-03   4.2122e+02
20260510_09:00:00   1.1679e-01   3.0712e+01   5.8877e+00   0.0000e+00   3.8146e-05   4.2273e+02
20260510_12:00:00   1.1320e-01   2.9953e+01   5.4912e+00   0.0000e+00   3.5472e-05   4.2219e+02
20260510_15:00:00   1.1204e-01   2.9729e+01   5.3010e+00   0.0000e+00   1.5182e-05   4.2231e+02
20260510_18:00:00   1.1059e-01   2.9446e+01   5.1160e+00   0.0000e+00   9.7296e-06   4.2589e+02
20260510_21:00:00   1.0900e-01   2.9122e+01   4.9192e+00   0.0000e+00   7.1958e-06   4.2623e+02
20260511_00:00:00   1.0763e-01   2.8790e+01   4.7785e+00   0.0000e+00   4.8605e-06   4.2409e+02
20260511_03:00:00   1.0630e-01   2.8436e+01   4.7116e+00   0.0000e+00   2.5714e-06   4.2498e+02
20260511_06:00:00   1.0537e-01   2.8197e+01   4.6656e+00   0.0000e+00   7.0160e-06   4.2629e+02
20260511_09:00:00   1.0559e-01   2.8258e+01   4.7340e+00   0.0000e+00   0.0000e+00   4.2917e+02
20260511_12:00:00   1.0652e-01   2.8516e+01   4.8643e+00   0.0000e+00   0.0000e+00   4.3038e+02
20260511_15:00:00   1.0971e-01   2.9277e+01   5.3635e+00   0.0000e+00   2.9655e-05   4.2904e+02
20260511_18:00:00   1.1487e-01   3.0482e+01   6.0542e+00   0.0000e+00   1.6242e-02   4.2623e+02
20260511_21:00:00   1.1893e-01   3.1438e+01   6.5423e+00   0.0000e+00   5.7566e-02   4.2801e+02
20260512_00:00:00   1.1527e-01   3.0582e+01   6.0895e+00   0.0000e+00   2.4656e-02   4.3096e+02
20260512_03:00:00   1.1297e-01   3.0003e+01   5.7664e+00   0.0000e+00   5.4804e-02   4.2884e+02
20260512_06:00:00   1.2202e-01   3.2082e+01   6.8828e+00   0.0000e+00   5.8655e-02   4.2738e+02
20260512_09:00:00   1.3917e-01   3.6073e+01   8.6836e+00   0.0000e+00   1.5968e-01   4.2762e+02
20260512_12:00:00   1.5126e-01   3.8924e+01   9.8139e+00   0.0000e+00   3.0633e-01   4.1939e+02
20260512_15:00:00   1.5592e-01   4.0065e+01   1.0328e+01   0.0000e+00   3.6785e-01   4.1391e+02
20260512_18:00:00   1.6247e-01   4.1643e+01   1.0596e+01   5.1668e-03   3.3855e-01   4.1397e+02
20260512_21:00:00   1.9068e-01   4.8123e+01   1.0688e+01   3.6469e-02   2.9158e-01   4.1397e+02
20260513_00:00:00   1.5844e-01   4.0695e+01   1.0250e+01   4.7321e-03   2.5333e-01   4.1590e+02
20260513_03:00:00   1.5051e-01   3.8831e+01   9.8259e+00   5.6124e-05   2.4147e-01   4.1510e+02
20260513_06:00:00   1.4749e-01   3.8096e+01   9.4911e+00   0.0000e+00   1.9509e-01   4.1466e+02
20260513_09:00:00   1.4292e-01   3.7068e+01   8.8361e+00   0.0000e+00   1.6765e-01   4.2323e+02
20260513_12:00:00   1.4219e-01   3.6901e+01   8.7015e+00   0.0000e+00   1.1883e-01   4.2897e+02
20260513_15:00:00   1.4253e-01   3.6993e+01   8.7490e+00   7.3981e-05   7.3321e-02   4.2290e+02
20260513_18:00:00   1.4288e-01   3.7102e+01   8.7706e+00   8.8980e-04   5.0955e-02   4.1733e+02
20260513_21:00:00   1.4161e-01   3.6873e+01   8.5359e+00   2.1707e-03   1.4120e-02   4.1589e+02
20260514_00:00:00   1.3387e-01   3.5143e+01   7.9729e+00   0.0000e+00   1.7251e-04   4.1691e+02
20260514_03:00:00   1.2745e-01   3.3705e+01   7.3851e+00   0.0000e+00   1.2665e-05   4.1101e+02
20260514_06:00:00   1.2815e-01   3.3846e+01   7.9289e+00   0.0000e+00   2.1724e-03   4.0416e+02
20260514_09:00:00   1.2889e-01   3.4040e+01   8.3620e+00   0.0000e+00   3.3980e-02   4.0329e+02
20260514_12:00:00   1.6092e-01   4.1413e+01   1.1876e+01   0.0000e+00   1.5553e-01   3.9910e+02
20260514_15:00:00   2.1063e-01   5.2677e+01   1.2722e+01   4.4422e-02   3.1495e-01   3.9494e+02
20260514_18:00:00   1.9988e-01   5.0277e+01   1.2556e+01   3.4282e-02   1.4542e-01   4.0664e+02
20260514_21:00:00   1.9980e-01   5.0279e+01   1.2630e+01   3.3606e-02   1.6160e-01   4.0286e+02
20260515_00:00:00   1.8899e-01   4.7894e+01   1.2747e+01   2.0177e-02   2.5531e-01   3.9743e+02
20260515_03:00:00   1.9263e-01   4.8744e+01   1.2261e+01   2.9816e-02   1.0838e-01   3.9996e+02
20260515_06:00:00   2.0097e-01   5.0577e+01   1.1168e+01   4.9465e-02   5.5114e-02   3.9812e+02
20260515_09:00:00   3.7503e-01   8.5749e+01   1.1465e+01   2.4197e-01   4.1273e-02   4.0002e+02
20260515_12:00:00   3.3310e-01   7.7879e+01   1.1198e+01   1.9630e-01   1.1970e-02   4.0290e+02
20260515_15:00:00   2.4890e-01   6.1008e+01   1.1889e+01   9.6343e-02   5.9946e-02   4.0209e+02
20260515_18:00:00   3.2953e-01   7.7348e+01   1.1677e+01   1.8846e-01   1.9868e-01   4.0174e+02
20260515_21:00:00   2.3537e-01   5.7935e+01   1.1139e+01   8.7802e-02   6.6238e-02   4.0229e+02
20260516_00:00:00   1.7945e-01   4.5678e+01   1.0605e+01   3.0484e-02   1.3295e-02   4.0152e+02
20260516_03:00:00   1.5801e-01   4.0751e+01   1.0430e+01   8.4904e-03   3.1859e-02   4.0077e+02
20260516_06:00:00   1.4756e-01   3.8310e+01   1.0162e+01   1.8274e-07   1.7397e-02   4.0168e+02
20260516_09:00:00   1.4752e-01   3.8249e+01   1.0229e+01   0.0000e+00   1.3512e-02   3.9867e+02
20260516_12:00:00   1.4723e-01   3.8173e+01   1.0259e+01   0.0000e+00   8.6358e-03   3.9632e+02
20260516_15:00:00   1.4741e-01   3.8229e+01   1.0306e+01   1.9995e-05   3.5726e-03   3.9439e+02
20260516_18:00:00   1.5612e-01   4.0231e+01   1.0464e+01   8.0413e-03   1.0599e-02   3.9572e+02
20260516_21:00:00   1.5043e-01   3.8941e+01   1.0473e+01   1.5001e-03   7.4695e-03   3.9972e+02
20260517_00:00:00   1.5153e-01   3.9175e+01   1.0478e+01   2.1569e-03   2.0905e-02   4.0093e+02
20260517_03:00:00   1.5059e-01   3.8945e+01   1.0267e+01   2.8898e-03   3.6332e-02   4.0335e+02
20260517_06:00:00   1.5088e-01   3.9020e+01   9.9792e+00   6.0822e-03   5.5952e-03   4.0685e+02
20260517_09:00:00   1.5934e-01   4.0982e+01   9.6420e+00   1.8614e-02   3.4543e-03   4.0546e+02
20260517_12:00:00   1.6262e-01   4.1742e+01   9.7223e+00   2.2151e-02   3.2607e-03   4.0273e+02
20260517_15:00:00   1.8575e-01   4.6885e+01   1.0205e+01   4.4361e-02   1.4288e-02   4.0281e+02
20260517_18:00:00   1.6784e-01   4.2870e+01   1.0725e+01   1.9101e-02   7.1858e-02   4.0512e+02
20260517_21:00:00   1.6842e-01   4.3014e+01   1.1049e+01   1.6607e-02   5.9989e-02   4.0416e+02
20260518_00:00:00   1.6101e-01   4.1313e+01   1.1172e+01   6.5794e-03   1.7652e-01   3.9913e+02
20260518_03:00:00   1.5790e-01   4.0643e+01   1.0841e+01   7.4791e-03   2.8927e-02   4.0147e+02
20260518_06:00:00   1.7360e-01   4.4352e+01   9.1420e+00   4.1842e-02   6.7817e-04   4.1288e+02
20260518_09:00:00   1.3222e-01   3.4957e+01   8.0339e+00   5.6421e-03   1.1693e-04   4.1997e+02
20260518_12:00:00   1.2195e-01   3.2582e+01   7.4203e+00   0.0000e+00   3.5080e-06   4.1189e+02
20260518_15:00:00   1.3189e-01   3.4789e+01   8.3672e+00   0.0000e+00   5.6519e-05   3.9900e+02
20260518_18:00:00   1.3981e-01   3.6489e+01   9.0810e+00   0.0000e+00   8.6877e-02   3.9702e+02
20260518_21:00:00   1.4178e-01   3.6880e+01   9.3784e+00   0.0000e+00   8.4615e-02   3.9507e+02
20260519_00:00:00   1.4374e-01   3.7274e+01   9.5625e+00   0.0000e+00   6.6598e-02   3.9453e+02
